itNSIMax: 5, itMosseTSMax: 50.
##########################################################################################
s: 1
dictSolutions[1]:
0 -> costo: 42412.7, rotte: {2: [(1, 5), (5, 6), (6, 2)], 3: [(1, 3), (3, 7), (7, 4)]}, padri: [-1], figli: [1, 3, 3, 3, 6, 6, 6], mosse: [-1]
1 -> costo: 37815.899999999994, rotte: {2: [(1, 2), (2, 5), (5, 6)], 3: [(1, 3), (3, 7), (7, 4)]}, padri: [0, 7, 7, 7], figli: [2, 2, 2, 4, 4, 4], mosse: [(2, 2, 1, 2, 6), (2, 2, 6, 5), (2, 2, 2, 5, 20), (2, 2, 5, 6, 5)]
2 -> costo: 35077.0, rotte: {2: [(1, 2), (2, 5), (5, 6)], 3: [(1, 3), (3, 4), (4, 7)]}, padri: [1, 1, 1, 3, 5, 5, 5], figli: [], mosse: [(3, 3, 7, 4), (3, 3, 3, 4, 17), (3, 3, 4, 7, 11), (2, 2, 1, 2, 6), (2, 2, 6, 5), (2, 2, 2, 5, 20), (2, 2, 5, 6, 5)]
3 -> costo: 39673.8, rotte: {2: [(1, 5), (5, 6), (6, 2)], 3: [(1, 3), (3, 4), (4, 7)]}, padri: [0, 0, 0], figli: [2, 4, 7], mosse: [(3, 3, 7, 4), (3, 3, 3, 4, 17), (3, 3, 4, 7, 11)]
4 -> costo: 38828.1, rotte: {2: [(1, 6), (6, 5), (5, 2)], 3: [(1, 3), (3, 4), (4, 7)]}, padri: [3, 6, 6, 6], figli: [5], mosse: [(2, 2, 6, 5, 20), (3, 3, 7, 4), (3, 3, 3, 4, 17), (3, 3, 4, 7, 11)]
5 -> costo: 37033.899999999994, rotte: {2: [(1, 2), (2, 6), (6, 5)], 3: [(1, 3), (3, 4), (4, 7)]}, padri: [4, 7, 7, 7], figli: [2, 2, 2], mosse: [(2, 2, 1, 2, 6), (3, 3, 7, 4), (3, 3, 3, 4, 17), (3, 3, 4, 7, 11)]
6 -> costo: 41566.99999999999, rotte: {2: [(1, 6), (6, 5), (5, 2)], 3: [(1, 3), (3, 7), (7, 4)]}, padri: [0], figli: [4, 4, 4, 7, 7, 7], mosse: [(2, 2, 6, 5, 20)]
7 -> costo: 39772.799999999996, rotte: {2: [(1, 2), (2, 6), (6, 5)], 3: [(1, 3), (3, 7), (7, 4)]}, padri: [6], figli: [5, 5, 5, 1, 1, 1], mosse: [(2, 2, 1, 2, 6)]
bestSolutionIndice: 2
2 -> costo: 35077.0, rotte: {2: [(1, 2), (2, 5), (5, 6)], 3: [(1, 3), (3, 4), (4, 7)]}, padri: [1, 1, 1, 3, 5, 5, 5], figli: [], mosse: [(3, 3, 7, 4), (3, 3, 3, 4, 17), (3, 3, 4, 7, 11), (2, 2, 1, 2, 6), (2, 2, 6, 5), (2, 2, 2, 5, 20), (2, 2, 5, 6, 5)]
trasportoPalletDiGamma: {2: [(2, 6), (5, 20), (6, 5)], 3: [(3, 11), (4, 17), (7, 11)]}
itMosseLS: 24, itMosseTS: 24
time elapsed: 3.93s.


##########################################################################################
s: 1
dictSolutions[1]:
0 -> costo: 43877.9, rotte: {3: [(1, 6), (6, 4), (4, 7)], 2: [(1, 5), (5, 2), (2, 3)]}, padri: [-1], figli: [1, 7, 8, 13, 14], mosse: [-1]
1 -> costo: 37835.1, rotte: {3: [(1, 4), (4, 7), (7, 6)], 2: [(1, 5), (5, 2), (2, 3)]}, padri: [0, 7, 7, 7, 13], figli: [2, 6, 11, 16], mosse: [(3, 3, 7, 6, 5), (3, 3, 6, 7), (3, 3, 4, 7, 11), (3, 3, 7, 6, 5), (3, 3, 1, 4, 17)]
2 -> costo: 37588.1, rotte: {3: [(1, 4), (4, 7), (7, 6)], 2: [(1, 2), (2, 3), (3, 5)]}, padri: [1, 6, 8, 8, 8, 14], figli: [3, 4, 5], mosse: [(2, 2, 3, 5, 20), (2, 2, 1, 2, 6), (3, 3, 6, 7), (3, 3, 4, 7, 11), (3, 3, 7, 6, 5), (3, 3, 1, 4, 17)]
3 -> costo: 33277.7, rotte: {3: [(1, 4), (4, 7), (7, 6)], 2: [(1, 3), (3, 2), (2, 5)]}, padri: [2, 4, 6, 6, 6, 9, 9, 9, 15], figli: [], mosse: [(2, 2, 3, 2, 6), (2, 3, 3, 2, 6), (2, 2, 3, 2, 6), (2, 2, 2, 5, 20), (2, 2, 5, 2), (3, 3, 6, 7), (3, 3, 4, 7, 11), (3, 3, 7, 6, 5), (3, 3, 1, 4, 17)]
4 -> costo: 34037.899999999994, rotte: {3: [(1, 2), (2, 4), (4, 7), (7, 6)], 2: [(1, 3), (3, 5)]}, padri: [2, 5, 10, 10, 10, 17], figli: [3], mosse: [(3, 2, 1, 2, 6), (3, 3, 2, 4, 17), (3, 3, 6, 7), (3, 3, 4, 7, 11), (3, 3, 7, 6, 5), (3, 3, 2, 4, 17)]
5 -> costo: 37244.2, rotte: {3: [(1, 4), (4, 2), (2, 7), (7, 6)], 2: [(1, 3), (3, 5)]}, padri: [2, 11, 11, 11, 17], figli: [4], mosse: [(3, 2, 4, 2, 6), (3, 3, 6, 7), (3, 3, 2, 7, 11), (3, 3, 7, 6, 5), (3, 3, 1, 4, 17)]
6 -> costo: 37693.9, rotte: {3: [(1, 4), (4, 7), (7, 6)], 2: [(1, 3), (3, 5), (5, 2)]}, padri: [1, 12, 12, 12], figli: [3, 3, 3, 2, 11, 16], mosse: [(2, 2, 1, 3, 11), (3, 3, 6, 7), (3, 3, 4, 7, 11), (3, 3, 7, 6, 5)]
7 -> costo: 38497.799999999996, rotte: {3: [(1, 4), (4, 6), (6, 7)], 2: [(1, 5), (5, 2), (2, 3)]}, padri: [0], figli: [1, 1, 1, 8, 8, 8, 12, 14, 14, 14], mosse: [(3, 3, 4, 6, 5)]
8 -> costo: 38250.799999999996, rotte: {3: [(1, 4), (4, 6), (6, 7)], 2: [(1, 2), (2, 3), (3, 5)]}, padri: [7, 12], figli: [9, 10, 2, 2, 2, 11, 11, 11, 16, 16, 16], mosse: [(2, 2, 3, 5, 20), (2, 2, 1, 2, 6)]
9 -> costo: 33940.399999999994, rotte: {3: [(1, 4), (4, 6), (6, 7)], 2: [(1, 3), (3, 2), (2, 5)]}, padri: [8, 10, 12, 12, 12], figli: [3, 3, 3], mosse: [(2, 2, 3, 2, 6), (2, 3, 3, 2, 6), (2, 2, 3, 2, 6), (2, 2, 2, 5, 20), (2, 2, 5, 2)]
10 -> costo: 34700.6, rotte: {3: [(1, 2), (2, 4), (4, 6), (6, 7)], 2: [(1, 3), (3, 5)]}, padri: [8, 11], figli: [9, 4, 4, 4], mosse: [(3, 2, 1, 2, 6), (3, 3, 2, 4, 17)]
11 -> costo: 38034.2, rotte: {3: [(1, 4), (4, 2), (2, 6), (6, 7)], 2: [(1, 3), (3, 5)]}, padri: [8], figli: [10, 5, 5, 5], mosse: [(3, 2, 4, 2, 6)]
12 -> costo: 38356.6, rotte: {3: [(1, 4), (4, 6), (6, 7)], 2: [(1, 3), (3, 5), (5, 2)]}, padri: [7], figli: [9, 9, 9, 6, 6, 6, 8], mosse: [(2, 2, 1, 3, 11)]
13 -> costo: 40185.9, rotte: {3: [(1, 7), (7, 6), (6, 4)], 2: [(1, 5), (5, 2), (2, 3)]}, padri: [0], figli: [1, 14], mosse: [(3, 3, 1, 7, 11)]
14 -> costo: 39938.9, rotte: {3: [(1, 7), (7, 6), (6, 4)], 2: [(1, 2), (2, 3), (3, 5)]}, padri: [13], figli: [15, 2, 16, 17], mosse: [(2, 2, 3, 5, 20)]
15 -> costo: 35628.5, rotte: {3: [(1, 7), (7, 6), (6, 4)], 2: [(1, 3), (3, 2), (2, 5)]}, padri: [14, 17], figli: [3], mosse: [(2, 2, 3, 2, 6), (2, 3, 3, 2, 6)]
16 -> costo: 37658.899999999994, rotte: {3: [(1, 7), (7, 6), (6, 4), (4, 2)], 2: [(1, 3), (3, 5)]}, padri: [14, 17], figli: [], mosse: [(3, 2, 4, 2, 6), (3, 3, 4, 2, 6)]
17 -> costo: 38250.5, rotte: {3: [(1, 2), (2, 7), (7, 6), (6, 4)], 2: [(1, 3), (3, 5)]}, padri: [14], figli: [4, 15, 5, 16], mosse: [(3, 2, 1, 2, 6)]
bestSolutionIndice: 3
3 -> costo: 33277.7, rotte: {3: [(1, 4), (4, 7), (7, 6)], 2: [(1, 3), (3, 2), (2, 5)]}, padri: [2, 4, 6, 6, 6, 9, 9, 9, 15], figli: [], mosse: [(2, 2, 3, 2, 6), (2, 3, 3, 2, 6), (2, 2, 3, 2, 6), (2, 2, 2, 5, 20), (2, 2, 5, 2), (3, 3, 6, 7), (3, 3, 4, 7, 11), (3, 3, 7, 6, 5), (3, 3, 1, 4, 17)]
trasportoPalletDiGamma: {3: [(4, 17), (7, 11), (6, 5)], 2: [(3, 11), (2, 6), (5, 20)]}
itMosseLS: 54, itMosseTS: 50
time elapsed: 6.80s.


##########################################################################################
s: 1
dictSolutions[1]:
0 -> costo: 49967.90000000001, rotte: {3: [(1, 2), (2, 6), (6, 4), (4, 3)], 2: [(1, 5), (5, 7), (7, 3)]}, padri: [-1], figli: [1], mosse: [-1]
1 -> costo: 42327.600000000006, rotte: {3: [(1, 2), (2, 6), (6, 4), (4, 3)], 2: [(1, 5), (5, 7)]}, padri: [0], figli: [2, 5], mosse: [(3, 2, 1, 3, 9)]
2 -> costo: 38321.8, rotte: {3: [(1, 3), (3, 2), (2, 6), (6, 4)], 2: [(1, 5), (5, 7)]}, padri: [1], figli: [3, 3, 3, 4, 4, 4], mosse: [(3, 3, 1, 3, 11)]
3 -> costo: 33981.9, rotte: {3: [(1, 3), (3, 2), (2, 4), (4, 6)], 2: [(1, 5), (5, 7)]}, padri: [2, 2, 2, 4], figli: [], mosse: [(3, 3, 2, 4, 17), (3, 3, 4, 6, 5), (3, 3, 6, 4), (3, 3, 2, 4, 17)]
4 -> costo: 38075.7, rotte: {3: [(1, 3), (3, 4), (4, 2), (2, 6)], 2: [(1, 5), (5, 7)]}, padri: [2], figli: [3], mosse: [(3, 3, 3, 4, 17)]
5 -> costo: 39634.3, rotte: {3: [(1, 6), (6, 4), (4, 2), (2, 3)], 2: [(1, 5), (5, 7)]}, padri: [1], figli: [6, 9, 12, 13], mosse: [(3, 3, 4, 2, 6)]
6 -> costo: 33586.4, rotte: {3: [(1, 4), (4, 2), (2, 3)], 2: [(1, 5), (5, 6), (6, 7)]}, padri: [5, 9, 9, 9, 12], figli: [7], mosse: [(2, 3, 5, 6, 5), (2, 2, 5, 6, 5), (2, 2, 6, 7, 11), (2, 2, 7, 6), (2, 2, 5, 6, 5)]
7 -> costo: 32442.5, rotte: {3: [(1, 3), (3, 4), (4, 2)], 2: [(1, 5), (5, 6), (6, 7)]}, padri: [6, 10, 10, 10, 16], figli: [8, 8, 8], mosse: [(3, 3, 1, 3, 11), (2, 2, 5, 6, 5), (2, 2, 6, 7, 11), (2, 2, 7, 6), (2, 2, 5, 6, 5)]
8 -> costo: 30412.1, rotte: {3: [(1, 3), (3, 2), (2, 4)], 2: [(1, 5), (5, 6), (6, 7)]}, padri: [7, 7, 7, 11, 11, 11, 17, 18], figli: [], mosse: [(3, 3, 3, 2, 6), (3, 3, 2, 4, 17), (3, 3, 4, 2), (2, 2, 5, 6, 5), (2, 2, 6, 7, 11), (2, 2, 7, 6), (2, 2, 5, 6, 5), (2, 2, 1, 5, 20)]
9 -> costo: 33591.5, rotte: {3: [(1, 4), (4, 2), (2, 3)], 2: [(1, 5), (5, 7), (7, 6)]}, padri: [5, 12, 13], figli: [10, 6, 6, 6, 17], mosse: [(2, 3, 7, 6, 5), (2, 2, 7, 6, 5), (2, 2, 1, 5, 20)]
10 -> costo: 32447.6, rotte: {3: [(1, 3), (3, 4), (4, 2)], 2: [(1, 5), (5, 7), (7, 6)]}, padri: [9, 14, 16], figli: [11, 11, 11, 7, 7, 7], mosse: [(3, 3, 1, 3, 11), (2, 2, 1, 5, 20), (2, 2, 7, 6, 5)]
11 -> costo: 30417.199999999997, rotte: {3: [(1, 3), (3, 2), (2, 4)], 2: [(1, 5), (5, 7), (7, 6)]}, padri: [10, 10, 10, 15, 17], figli: [8, 8, 8], mosse: [(3, 3, 3, 2, 6), (3, 3, 2, 4, 17), (3, 3, 4, 2), (2, 2, 1, 5, 20), (2, 2, 7, 6, 5)]
12 -> costo: 35728.4, rotte: {3: [(1, 4), (4, 2), (2, 3)], 2: [(1, 6), (6, 5), (5, 7)]}, padri: [5], figli: [6, 9, 13, 16], mosse: [(2, 3, 1, 6, 5)]
13 -> costo: 33894.2, rotte: {3: [(1, 4), (4, 2), (2, 3)], 2: [(1, 7), (7, 6), (6, 5)]}, padri: [12], figli: [14, 9, 19], mosse: [(2, 2, 1, 7, 11)]
14 -> costo: 32750.299999999996, rotte: {3: [(1, 3), (3, 4), (4, 2)], 2: [(1, 7), (7, 6), (6, 5)]}, padri: [13, 16], figli: [15, 15, 15, 10, 17, 18, 18, 18], mosse: [(3, 3, 1, 3, 11), (2, 2, 1, 7, 11)]
15 -> costo: 30719.899999999994, rotte: {3: [(1, 3), (3, 2), (2, 4)], 2: [(1, 7), (7, 6), (6, 5)]}, padri: [14, 14, 14, 17, 18], figli: [11], mosse: [(3, 3, 3, 2, 6), (3, 3, 2, 4, 17), (3, 3, 4, 2), (2, 2, 1, 7, 11), (2, 2, 7, 6, 5)]
16 -> costo: 34584.5, rotte: {3: [(1, 3), (3, 4), (4, 2)], 2: [(1, 6), (6, 5), (5, 7)]}, padri: [12], figli: [7, 10, 17, 17, 17, 14, 19], mosse: [(3, 3, 1, 3, 11)]
17 -> costo: 32554.099999999995, rotte: {3: [(1, 3), (3, 2), (2, 4)], 2: [(1, 6), (6, 5), (5, 7)]}, padri: [16, 16, 16], figli: [8, 11, 15, 18, 18, 18], mosse: [(3, 3, 3, 2, 6), (3, 3, 2, 4, 17), (3, 3, 4, 2)]
18 -> costo: 31514.999999999996, rotte: {3: [(1, 3), (3, 2), (2, 4)], 2: [(1, 6), (6, 7), (7, 5)]}, padri: [17, 17, 17, 19, 19], figli: [8, 15], mosse: [(2, 2, 5, 7), (2, 2, 6, 7, 11), (2, 2, 7, 5, 20), (3, 3, 3, 2, 6), (3, 3, 2, 4, 17)]
19 -> costo: 33545.399999999994, rotte: {3: [(1, 3), (3, 4), (4, 2)], 2: [(1, 6), (6, 7), (7, 5)]}, padri: [16], figli: [18, 18], mosse: [(2, 2, 5, 7)]
bestSolutionIndice: 8
8 -> costo: 30412.1, rotte: {3: [(1, 3), (3, 2), (2, 4)], 2: [(1, 5), (5, 6), (6, 7)]}, padri: [7, 7, 7, 11, 11, 11, 17, 18], figli: [], mosse: [(3, 3, 3, 2, 6), (3, 3, 2, 4, 17), (3, 3, 4, 2), (2, 2, 5, 6, 5), (2, 2, 6, 7, 11), (2, 2, 7, 6), (2, 2, 5, 6, 5), (2, 2, 1, 5, 20)]
trasportoPalletDiGamma: {3: [(3, 11), (2, 6), (4, 17)], 2: [(5, 20), (6, 5), (7, 11)]}
itMosseLS: 56, itMosseTS: 50
time elapsed: 3.68s.


##########################################################################################
s: 1
dictSolutions[1]:
0 -> costo: 42982.299999999996, rotte: {3: [(1, 3), (3, 7), (7, 6), (6, 2)], 2: [(1, 5), (5, 4), (4, 2)]}, padri: [-1], figli: [1, 6], mosse: [-1]
1 -> costo: 37426.2, rotte: {3: [(1, 3), (3, 2), (2, 7), (7, 6)], 2: [(1, 5), (5, 4), (4, 2)]}, padri: [0], figli: [2, 2, 2, 2, 4, 4, 4, 4, 5, 5, 5, 5, 7, 7, 7, 7, 8, 8, 8, 8], mosse: [(3, 3, 3, 2, 3)]
2 -> costo: 34526.9, rotte: {3: [(1, 3), (3, 2), (2, 7), (7, 6)], 2: [(1, 5), (5, 4)]}, padri: [1, 1, 1, 1, 4, 4, 4, 4, 6, 7, 14, 14, 14], figli: [3, 3, 3], mosse: [(3, 2, 1, 2, 3), (3, 2, 3, 2, 3), (3, 2, 7, 2, 3), (3, 2, 6, 2, 3), (3, 2, 1, 2, 3), (3, 2, 3, 2, 3), (3, 2, 7, 2, 3), (3, 2, 6, 2, 3), (3, 3, 3, 2, 6), (3, 3, 3, 2, 6), (3, 3, 6, 7), (3, 3, 2, 7, 11), (3, 3, 7, 6, 5)]
3 -> costo: 33146.6, rotte: {3: [(1, 3), (3, 2), (2, 7), (7, 6)], 2: [(1, 4), (4, 5)]}, padri: [2, 2, 2, 5, 5, 5, 5, 8, 9, 11, 11, 11], figli: [], mosse: [(2, 2, 1, 4, 17), (2, 2, 4, 5, 20), (2, 2, 5, 4), (3, 2, 1, 2, 3), (3, 2, 3, 2, 3), (3, 2, 7, 2, 3), (3, 2, 6, 2, 3), (3, 3, 3, 2, 6), (3, 3, 3, 2, 6), (3, 3, 6, 7), (3, 3, 2, 7, 11), (3, 3, 7, 6, 5)]
4 -> costo: 37158.7, rotte: {3: [(1, 3), (3, 2), (2, 7), (7, 6)], 2: [(1, 2), (2, 5), (5, 4)]}, padri: [1], figli: [2, 2, 2, 2, 5, 5, 5, 5, 5, 5, 7, 7, 7, 7, 8, 8, 8, 8], mosse: [(2, 2, 1, 2, 3)]
5 -> costo: 34775.7, rotte: {3: [(1, 3), (3, 2), (2, 7), (7, 6)], 2: [(1, 2), (2, 4), (4, 5)]}, padri: [4, 4, 4], figli: [3, 3, 3, 3], mosse: [(2, 2, 5, 4), (2, 2, 2, 4, 17), (2, 2, 4, 5, 20)]
6 -> costo: 40082.99999999999, rotte: {3: [(1, 3), (3, 7), (7, 6), (6, 2)], 2: [(1, 5), (5, 4)]}, padri: [0], figli: [2, 7, 8, 9, 9, 9, 13, 13, 13], mosse: [(3, 2, 1, 2, 3)]
7 -> costo: 38033.7, rotte: {3: [(1, 2), (2, 3), (3, 7), (7, 6)], 2: [(1, 5), (5, 4)]}, padri: [6], figli: [2, 8, 8, 8, 10, 10, 10], mosse: [(3, 3, 1, 2, 6)]
8 -> costo: 36653.399999999994, rotte: {3: [(1, 2), (2, 3), (3, 7), (7, 6)], 2: [(1, 4), (4, 5)]}, padri: [7, 7, 7, 9, 12, 12, 12], figli: [3], mosse: [(2, 2, 1, 4, 17), (2, 2, 4, 5, 20), (2, 2, 5, 4), (3, 3, 1, 2, 6), (3, 3, 3, 7, 11), (3, 3, 7, 6, 5), (3, 3, 6, 7)]
9 -> costo: 38702.7, rotte: {3: [(1, 3), (3, 7), (7, 6), (6, 2)], 2: [(1, 4), (4, 5)]}, padri: [6, 6, 6], figli: [3, 8, 10], mosse: [(2, 2, 1, 4, 17), (2, 2, 4, 5, 20), (2, 2, 5, 4)]
10 -> costo: 38695.09999999999, rotte: {3: [(1, 3), (3, 6), (6, 7), (7, 2)], 2: [(1, 4), (4, 5)]}, padri: [9, 13, 13], figli: [11, 12], mosse: [(3, 3, 6, 7, 11), (2, 2, 1, 4, 17), (2, 2, 4, 5, 20)]
11 -> costo: 33936.6, rotte: {3: [(1, 3), (3, 2), (2, 6), (6, 7)], 2: [(1, 4), (4, 5)]}, padri: [10, 12, 14, 14, 14], figli: [3, 3, 3], mosse: [(3, 3, 3, 2, 6), (3, 3, 3, 2, 6), (2, 2, 1, 4, 17), (2, 2, 4, 5, 20), (2, 2, 5, 4)]
12 -> costo: 37443.399999999994, rotte: {3: [(1, 2), (2, 3), (3, 6), (6, 7)], 2: [(1, 4), (4, 5)]}, padri: [10], figli: [11, 8, 8, 8], mosse: [(3, 3, 1, 2, 6)]
13 -> costo: 40075.399999999994, rotte: {3: [(1, 3), (3, 6), (6, 7), (7, 2)], 2: [(1, 5), (5, 4)]}, padri: [6], figli: [14, 10, 10], mosse: [(3, 3, 6, 7, 11)]
14 -> costo: 35316.9, rotte: {3: [(1, 3), (3, 2), (2, 6), (6, 7)], 2: [(1, 5), (5, 4)]}, padri: [13], figli: [11, 11, 11, 2, 2, 2], mosse: [(3, 3, 3, 2, 6)]
bestSolutionIndice: 3
3 -> costo: 33146.6, rotte: {3: [(1, 3), (3, 2), (2, 7), (7, 6)], 2: [(1, 4), (4, 5)]}, padri: [2, 2, 2, 5, 5, 5, 5, 8, 9, 11, 11, 11], figli: [], mosse: [(2, 2, 1, 4, 17), (2, 2, 4, 5, 20), (2, 2, 5, 4), (3, 2, 1, 2, 3), (3, 2, 3, 2, 3), (3, 2, 7, 2, 3), (3, 2, 6, 2, 3), (3, 3, 3, 2, 6), (3, 3, 3, 2, 6), (3, 3, 6, 7), (3, 3, 2, 7, 11), (3, 3, 7, 6, 5)]
trasportoPalletDiGamma: {3: [(3, 11), (2, 6), (7, 11), (6, 5)], 2: [(4, 17), (5, 20)]}
itMosseLS: 53, itMosseTS: 50
time elapsed: 5.54s.


##########################################################################################
s: 1
dictSolutions[1]:
0 -> costo: 48476.799999999996, rotte: {3: [(1, 4), (4, 7), (7, 5)], 2: [(1, 6), (6, 3), (3, 2), (2, 5)]}, padri: [-1], figli: [1, 5, 15], mosse: [-1]
1 -> costo: 38524.899999999994, rotte: {3: [(1, 4), (4, 7), (7, 5)], 2: [(1, 3), (3, 2), (2, 6), (6, 5)]}, padri: [0, 11, 12], figli: [2, 2, 2, 4, 4, 4, 4, 9, 9, 10, 10], mosse: [(2, 2, 2, 6, 5), (2, 2, 3, 2, 6), (2, 2, 3, 2, 6)]
2 -> costo: 36567.99999999999, rotte: {3: [(1, 4), (4, 7), (7, 5)], 2: [(1, 3), (3, 2), (2, 5), (5, 6)]}, padri: [1, 1, 1, 13], figli: [3, 3, 3], mosse: [(2, 2, 6, 5), (2, 2, 2, 5, 8), (2, 2, 5, 6, 5), (2, 2, 3, 2, 6)]
3 -> costo: 35269.99999999999, rotte: {3: [(1, 4), (4, 5), (5, 7)], 2: [(1, 3), (3, 2), (2, 5), (5, 6)]}, padri: [2, 2, 2, 4, 4, 4, 10, 18], figli: [], mosse: [(3, 3, 7, 5), (3, 3, 4, 5, 12), (3, 3, 5, 7, 11), (2, 2, 6, 5), (2, 2, 2, 5, 8), (2, 2, 5, 6, 5), (2, 2, 3, 2, 6), (2, 2, 3, 2, 6)]
4 -> costo: 37226.899999999994, rotte: {3: [(1, 4), (4, 5), (5, 7)], 2: [(1, 3), (3, 2), (2, 6), (6, 5)]}, padri: [1, 1, 8, 9], figli: [3, 3, 3], mosse: [(3, 3, 4, 5, 12), (3, 3, 5, 7, 11), (2, 2, 3, 2, 6), (2, 2, 3, 2, 6)]
5 -> costo: 44700.799999999996, rotte: {3: [(1, 4), (4, 7), (7, 5)], 2: [(1, 6), (6, 5), (5, 3), (3, 2)]}, padri: [0], figli: [6, 6, 6, 14, 14, 14, 14, 14], mosse: [(2, 2, 6, 5, 8)]
6 -> costo: 42223.2, rotte: {3: [(1, 4), (4, 7), (7, 5)], 2: [(1, 6), (6, 5), (5, 2), (2, 3)]}, padri: [5, 5, 5], figli: [7, 7, 7, 11, 11, 11, 18, 18, 18], mosse: [(2, 2, 5, 2, 6), (2, 2, 2, 3, 11), (2, 2, 3, 2)]
7 -> costo: 40925.2, rotte: {3: [(1, 4), (4, 5), (5, 7)], 2: [(1, 6), (6, 5), (5, 2), (2, 3)]}, padri: [6, 6, 6, 14, 14, 14, 17], figli: [8, 12], mosse: [(3, 3, 7, 5), (3, 3, 4, 5, 12), (3, 3, 5, 7, 11), (2, 2, 5, 2, 6), (2, 2, 2, 3, 11), (2, 2, 3, 2), (2, 2, 6, 5, 8)]
8 -> costo: 40839.49999999999, rotte: {3: [(1, 4), (4, 5), (5, 7)], 2: [(1, 3), (3, 6), (6, 5), (5, 2)]}, padri: [7, 11, 11, 11], figli: [4, 9, 10, 13], mosse: [(2, 2, 1, 3, 11), (3, 3, 7, 5), (3, 3, 4, 5, 12), (3, 3, 5, 7, 11)]
9 -> costo: 40733.7, rotte: {3: [(1, 4), (4, 5), (5, 7)], 2: [(1, 2), (2, 3), (3, 6), (6, 5)]}, padri: [8, 12, 12], figli: [4, 10, 10, 10], mosse: [(2, 2, 1, 2, 6), (3, 3, 4, 5, 12), (3, 3, 5, 7, 11)]
10 -> costo: 39580.399999999994, rotte: {3: [(1, 4), (4, 5), (5, 7)], 2: [(1, 2), (2, 3), (3, 5), (5, 6)]}, padri: [9, 9, 9, 13, 13, 13], figli: [3], mosse: [(2, 2, 3, 5, 8), (2, 2, 5, 6, 5), (2, 2, 6, 5), (3, 3, 7, 5), (3, 3, 4, 5, 12), (3, 3, 5, 7, 11)]
11 -> costo: 42137.49999999999, rotte: {3: [(1, 4), (4, 7), (7, 5)], 2: [(1, 3), (3, 6), (6, 5), (5, 2)]}, padri: [6], figli: [1, 8, 8, 8, 12, 12, 12], mosse: [(2, 2, 1, 3, 11)]
12 -> costo: 42031.7, rotte: {3: [(1, 4), (4, 7), (7, 5)], 2: [(1, 2), (2, 3), (3, 6), (6, 5)]}, padri: [11], figli: [1, 9, 9, 13, 13, 13, 13], mosse: [(2, 2, 1, 2, 6)]
13 -> costo: 40878.399999999994, rotte: {3: [(1, 4), (4, 7), (7, 5)], 2: [(1, 2), (2, 3), (3, 5), (5, 6)]}, padri: [12, 12, 12], figli: [2, 10, 10, 10], mosse: [(2, 2, 3, 5, 8), (2, 2, 5, 6, 5), (2, 2, 6, 5)]
14 -> costo: 43402.799999999996, rotte: {3: [(1, 4), (4, 5), (5, 7)], 2: [(1, 6), (6, 5), (5, 3), (3, 2)]}, padri: [5, 5, 5], figli: [7, 7, 7, 18, 18, 18], mosse: [(3, 3, 7, 5), (3, 3, 4, 5, 12), (3, 3, 5, 7, 11)]
15 -> costo: 44746.899999999994, rotte: {3: [(1, 4), (4, 7), (7, 5)], 2: [(1, 5), (5, 6), (6, 3), (3, 2)]}, padri: [0], figli: [16], mosse: [(2, 2, 1, 5, 8)]
16 -> costo: 43068.899999999994, rotte: {3: [(1, 4), (4, 7), (7, 5)], 2: [(1, 5), (5, 6), (6, 2), (2, 3)]}, padri: [15], figli: [17], mosse: [(2, 2, 3, 2)]
17 -> costo: 41770.899999999994, rotte: {3: [(1, 4), (4, 5), (5, 7)], 2: [(1, 5), (5, 6), (6, 2), (2, 3)]}, padri: [16], figli: [7, 18], mosse: [(3, 3, 7, 5)]
18 -> costo: 41629.7, rotte: {3: [(1, 4), (4, 5), (5, 7)], 2: [(1, 3), (3, 5), (5, 6), (6, 2)]}, padri: [17], figli: [3], mosse: [(2, 2, 1, 3, 11)]
bestSolutionIndice: 3
3 -> costo: 35269.99999999999, rotte: {3: [(1, 4), (4, 5), (5, 7)], 2: [(1, 3), (3, 2), (2, 5), (5, 6)]}, padri: [2, 2, 2, 4, 4, 4, 10, 18], figli: [], mosse: [(3, 3, 7, 5), (3, 3, 4, 5, 12), (3, 3, 5, 7, 11), (2, 2, 6, 5), (2, 2, 2, 5, 8), (2, 2, 5, 6, 5), (2, 2, 3, 2, 6), (2, 2, 3, 2, 6)]
trasportoPalletDiGamma: {3: [(4, 17), (5, 12), (7, 11)], 2: [(3, 11), (2, 6), (5, 8), (6, 5)]}
itMosseLS: 55, itMosseTS: 50
time elapsed: 11.81s.


