itNSIMax: 3, itMosseTSMax: 150.
##########################################################################################
s: 1
dictSolutions[1]:
0 -> costo: 45612.49999999999, rotte: {3: [(1, 6), (6, 5), (5, 2)], 2: [(1, 4), (4, 3), (3, 7)]}, padri: [-1], figli: [1, 4, 5, 7, 8, 10, 14, 14, 14], mosse: [-1]
1 -> costo: 38828.1, rotte: {3: [(1, 6), (6, 5), (5, 2)], 2: [(1, 3), (3, 4), (4, 7)]}, padri: [0, 4, 4, 4, 14], figli: [2, 6], mosse: [(2, 2, 3, 4, 17), (2, 2, 7, 4), (2, 2, 3, 4, 17), (2, 2, 4, 7, 11), (2, 2, 1, 3, 11)]
2 -> costo: 37033.899999999994, rotte: {3: [(1, 2), (2, 6), (6, 5)], 2: [(1, 3), (3, 4), (4, 7)]}, padri: [1, 5, 5, 5, 10, 13], figli: [3, 3, 3], mosse: [(3, 3, 1, 2, 6), (2, 2, 7, 4), (2, 2, 3, 4, 17), (2, 2, 4, 7, 11), (2, 2, 3, 4, 17), (2, 2, 1, 3, 11)]
3 -> costo: 35077.0, rotte: {3: [(1, 2), (2, 5), (5, 6)], 2: [(1, 3), (3, 4), (4, 7)]}, padri: [2, 2, 2, 6, 6, 6, 11, 12], figli: [], mosse: [(3, 3, 6, 5), (3, 3, 2, 5, 20), (3, 3, 5, 6, 5), (2, 2, 7, 4), (2, 2, 3, 4, 17), (2, 2, 4, 7, 11), (2, 2, 3, 4, 17), (2, 2, 1, 3, 11)]
4 -> costo: 41566.99999999999, rotte: {3: [(1, 6), (6, 5), (5, 2)], 2: [(1, 3), (3, 7), (7, 4)]}, padri: [0, 7], figli: [1, 1, 1, 5, 5, 5, 9, 11], mosse: [(2, 2, 7, 4, 17), (2, 2, 1, 3, 11)]
5 -> costo: 39772.799999999996, rotte: {3: [(1, 2), (2, 6), (6, 5)], 2: [(1, 3), (3, 7), (7, 4)]}, padri: [4, 8, 10], figli: [2, 2, 2, 6, 6, 6, 6, 6], mosse: [(3, 3, 1, 2, 6), (2, 2, 1, 3, 11), (2, 2, 7, 4, 17)]
6 -> costo: 37815.899999999994, rotte: {3: [(1, 2), (2, 5), (5, 6)], 2: [(1, 3), (3, 7), (7, 4)]}, padri: [5, 5, 5, 9, 11], figli: [3, 3, 3], mosse: [(3, 3, 6, 5), (3, 3, 2, 5, 20), (3, 3, 5, 6, 5), (2, 2, 1, 3, 11), (2, 2, 7, 4, 17)]
7 -> costo: 43754.399999999994, rotte: {3: [(1, 6), (6, 5), (5, 2)], 2: [(1, 7), (7, 4), (4, 3)]}, padri: [0, 14], figli: [4, 8, 13], mosse: [(2, 2, 1, 7, 11), (2, 2, 7, 4, 17)]
8 -> costo: 41960.19999999999, rotte: {3: [(1, 2), (2, 6), (6, 5)], 2: [(1, 7), (7, 4), (4, 3)]}, padri: [7, 10, 13], figli: [5, 9, 9, 9, 11, 12, 12, 12], mosse: [(3, 3, 1, 2, 6), (2, 2, 1, 7, 11), (2, 2, 7, 4, 17)]
9 -> costo: 40003.299999999996, rotte: {3: [(1, 2), (2, 5), (5, 6)], 2: [(1, 7), (7, 4), (4, 3)]}, padri: [8, 8, 8, 11, 12], figli: [6], mosse: [(3, 3, 6, 5), (3, 3, 2, 5, 20), (3, 3, 5, 6, 5), (2, 2, 1, 7, 11), (2, 2, 7, 4, 17)]
10 -> costo: 43818.299999999996, rotte: {3: [(1, 2), (2, 6), (6, 5)], 2: [(1, 4), (4, 3), (3, 7)]}, padri: [0], figli: [2, 5, 11, 11, 11, 8, 13, 13, 13], mosse: [(3, 3, 1, 2, 6)]
11 -> costo: 41861.399999999994, rotte: {3: [(1, 2), (2, 5), (5, 6)], 2: [(1, 4), (4, 3), (3, 7)]}, padri: [10, 10, 10], figli: [3, 6, 9, 12, 12, 12], mosse: [(3, 3, 6, 5), (3, 3, 2, 5, 20), (3, 3, 5, 6, 5)]
12 -> costo: 41054.700000000004, rotte: {3: [(1, 2), (2, 5), (5, 6)], 2: [(1, 4), (4, 7), (7, 3)]}, padri: [11, 11, 11, 13, 13, 13], figli: [3, 9], mosse: [(2, 2, 3, 7), (2, 2, 4, 7, 11), (2, 2, 7, 3, 11), (3, 3, 6, 5), (3, 3, 2, 5, 20), (3, 3, 5, 6, 5)]
13 -> costo: 43011.6, rotte: {3: [(1, 2), (2, 6), (6, 5)], 2: [(1, 4), (4, 7), (7, 3)]}, padri: [10, 10, 10, 14], figli: [2, 12, 12, 12, 8], mosse: [(2, 2, 3, 7), (2, 2, 4, 7, 11), (2, 2, 7, 3, 11), (3, 3, 1, 2, 6)]
14 -> costo: 44805.799999999996, rotte: {3: [(1, 6), (6, 5), (5, 2)], 2: [(1, 4), (4, 7), (7, 3)]}, padri: [0, 0, 0], figli: [1, 13, 7], mosse: [(2, 2, 3, 7), (2, 2, 4, 7, 11), (2, 2, 7, 3, 11)]
bestSolutionIndice: 3
3 -> costo: 35077.0, rotte: {3: [(1, 2), (2, 5), (5, 6)], 2: [(1, 3), (3, 4), (4, 7)]}, padri: [2, 2, 2, 6, 6, 6, 11, 12], figli: [], mosse: [(3, 3, 6, 5), (3, 3, 2, 5, 20), (3, 3, 5, 6, 5), (2, 2, 7, 4), (2, 2, 3, 4, 17), (2, 2, 4, 7, 11), (2, 2, 3, 4, 17), (2, 2, 1, 3, 11)]
trasportoPalletDiGamma: {3: [(2, 6), (5, 20), (6, 5)], 2: [(3, 11), (4, 17), (7, 11)]}
itMosseLS: 56, itMosseTS: 56
time elapsed: 12.64s.


##########################################################################################
s: 1
dictSolutions[1]:
0 -> costo: 49103.700000000004, rotte: {3: [(1, 5), (5, 2), (2, 6)], 2: [(1, 4), (4, 3), (3, 7)]}, padri: [-1], figli: [1, 6, 10, 12, 14, 16, 17, 19, 20, 22, 20, 20, 23, 23, 23, 24, 24, 24], mosse: [-1]
1 -> costo: 41861.399999999994, rotte: {3: [(1, 2), (2, 5), (5, 6)], 2: [(1, 4), (4, 3), (3, 7)]}, padri: [0, 10, 10, 10, 20], figli: [2, 3, 4, 5, 5, 5, 7], mosse: [(3, 3, 2, 5, 20), (3, 3, 6, 5), (3, 3, 2, 5, 20), (3, 3, 5, 6, 5), (3, 3, 1, 2, 6)]
2 -> costo: 35077.0, rotte: {3: [(1, 2), (2, 5), (5, 6)], 2: [(1, 3), (3, 4), (4, 7)]}, padri: [1, 3, 3, 3, 5, 6, 7, 7, 7, 9], figli: [], mosse: [(2, 2, 3, 4, 17), (2, 2, 7, 4), (2, 2, 3, 4, 17), (2, 2, 4, 7, 11), (2, 2, 1, 3, 11), (3, 3, 2, 5, 20), (3, 3, 6, 5), (3, 3, 2, 5, 20), (3, 3, 5, 6, 5), (3, 3, 1, 2, 6)]
3 -> costo: 37815.899999999994, rotte: {3: [(1, 2), (2, 5), (5, 6)], 2: [(1, 3), (3, 7), (7, 4)]}, padri: [1, 4, 11, 11, 11, 14, 16], figli: [2, 2, 2, 7, 7, 7], mosse: [(2, 2, 7, 4, 17), (2, 2, 1, 3, 11), (3, 3, 6, 5), (3, 3, 2, 5, 20), (3, 3, 5, 6, 5), (3, 3, 2, 5, 20), (3, 3, 1, 2, 6)]
4 -> costo: 40003.299999999996, rotte: {3: [(1, 2), (2, 5), (5, 6)], 2: [(1, 7), (7, 4), (4, 3)]}, padri: [1, 5, 12, 12, 12, 21, 23], figli: [3], mosse: [(2, 2, 1, 7, 11), (2, 2, 7, 4, 17), (3, 3, 6, 5), (3, 3, 2, 5, 20), (3, 3, 5, 6, 5), (3, 3, 1, 2, 6), (3, 3, 2, 5, 20)]
5 -> costo: 41054.700000000004, rotte: {3: [(1, 2), (2, 5), (5, 6)], 2: [(1, 4), (4, 7), (7, 3)]}, padri: [1, 1, 1, 13, 13, 13, 22, 24], figli: [2, 4, 7], mosse: [(2, 2, 3, 7), (2, 2, 4, 7, 11), (2, 2, 7, 3, 11), (3, 3, 6, 5), (3, 3, 2, 5, 20), (3, 3, 5, 6, 5), (3, 3, 1, 2, 6), (3, 3, 2, 5, 20)]
6 -> costo: 42319.3, rotte: {3: [(1, 5), (5, 2), (2, 6)], 2: [(1, 3), (3, 4), (4, 7)]}, padri: [0, 14, 14, 14, 24], figli: [2, 7, 8, 9, 9, 9, 11], mosse: [(2, 2, 3, 4, 17), (2, 2, 7, 4), (2, 2, 3, 4, 17), (2, 2, 4, 7, 11), (2, 2, 1, 3, 11)]
7 -> costo: 37033.899999999994, rotte: {3: [(1, 2), (2, 6), (6, 5)], 2: [(1, 3), (3, 4), (4, 7)]}, padri: [6, 8, 10, 11, 11, 11, 13], figli: [2, 2, 2], mosse: [(3, 3, 6, 5, 20), (3, 3, 1, 2, 6), (2, 2, 3, 4, 17), (2, 2, 7, 4), (2, 2, 3, 4, 17), (2, 2, 4, 7, 11), (2, 2, 1, 3, 11)]
8 -> costo: 38828.1, rotte: {3: [(1, 6), (6, 5), (5, 2)], 2: [(1, 3), (3, 4), (4, 7)]}, padri: [6, 9, 15, 15, 15, 17, 19], figli: [7, 11], mosse: [(3, 3, 1, 6, 5), (3, 3, 6, 5, 20), (2, 2, 7, 4), (2, 2, 3, 4, 17), (2, 2, 4, 7, 11), (2, 2, 3, 4, 17), (2, 2, 1, 3, 11)]
9 -> costo: 39673.8, rotte: {3: [(1, 5), (5, 6), (6, 2)], 2: [(1, 3), (3, 4), (4, 7)]}, padri: [6, 6, 6, 16, 16, 16, 20, 22], figli: [2, 8], mosse: [(3, 3, 2, 6), (3, 3, 5, 6, 5), (3, 3, 6, 2, 6), (2, 2, 7, 4), (2, 2, 3, 4, 17), (2, 2, 4, 7, 11), (2, 2, 3, 4, 17), (2, 2, 1, 3, 11)]
10 -> costo: 43818.299999999996, rotte: {3: [(1, 2), (2, 6), (6, 5)], 2: [(1, 4), (4, 3), (3, 7)]}, padri: [0, 17], figli: [7, 11, 1, 1, 1, 12, 12, 12, 13, 13, 13, 15], mosse: [(3, 3, 6, 5, 20), (3, 3, 1, 2, 6)]
11 -> costo: 39772.799999999996, rotte: {3: [(1, 2), (2, 6), (6, 5)], 2: [(1, 3), (3, 7), (7, 4)]}, padri: [10, 12, 14, 15], figli: [7, 7, 7, 3, 3, 3], mosse: [(2, 2, 7, 4, 17), (2, 2, 1, 3, 11), (3, 3, 6, 5, 20), (3, 3, 1, 2, 6)]
12 -> costo: 41960.19999999999, rotte: {3: [(1, 2), (2, 6), (6, 5)], 2: [(1, 7), (7, 4), (4, 3)]}, padri: [10, 13, 18, 23], figli: [11, 4, 4, 4, 15], mosse: [(2, 2, 1, 7, 11), (2, 2, 7, 4, 17), (3, 3, 1, 2, 6), (3, 3, 6, 5, 20)]
13 -> costo: 43011.6, rotte: {3: [(1, 2), (2, 6), (6, 5)], 2: [(1, 4), (4, 7), (7, 3)]}, padri: [10, 10, 10, 19, 24], figli: [7, 5, 5, 5, 12], mosse: [(2, 2, 3, 7), (2, 2, 4, 7, 11), (2, 2, 7, 3, 11), (3, 3, 1, 2, 6), (3, 3, 6, 5, 20)]
14 -> costo: 45058.200000000004, rotte: {3: [(1, 5), (5, 2), (2, 6)], 2: [(1, 3), (3, 7), (7, 4)]}, padri: [0, 23], figli: [3, 11, 15, 6, 6, 6, 16, 16, 16, 16, 16, 18, 21, 21, 21], mosse: [(2, 2, 7, 4, 17), (2, 2, 1, 3, 11)]
15 -> costo: 41566.99999999999, rotte: {3: [(1, 6), (6, 5), (5, 2)], 2: [(1, 3), (3, 7), (7, 4)]}, padri: [14, 16, 17, 18], figli: [8, 8, 8, 11], mosse: [(3, 3, 1, 6, 5), (3, 3, 6, 5, 20), (2, 2, 7, 4, 17), (2, 2, 1, 3, 11)]
16 -> costo: 42412.7, rotte: {3: [(1, 5), (5, 6), (6, 2)], 2: [(1, 3), (3, 7), (7, 4)]}, padri: [14, 14, 14, 20, 21], figli: [3, 9, 9, 9, 15, 18], mosse: [(3, 3, 2, 6), (3, 3, 5, 6, 5), (3, 3, 6, 2, 6), (2, 2, 7, 4, 17), (2, 2, 1, 3, 11)]
17 -> costo: 45612.49999999999, rotte: {3: [(1, 6), (6, 5), (5, 2)], 2: [(1, 4), (4, 3), (3, 7)]}, padri: [0, 20], figli: [8, 15, 18, 10, 19, 19, 19], mosse: [(3, 3, 1, 6, 5), (3, 3, 6, 5, 20)]
18 -> costo: 43754.399999999994, rotte: {3: [(1, 6), (6, 5), (5, 2)], 2: [(1, 7), (7, 4), (4, 3)]}, padri: [17, 19, 21, 23], figli: [15, 12], mosse: [(2, 2, 1, 7, 11), (2, 2, 7, 4, 17), (3, 3, 6, 5, 20), (3, 3, 1, 6, 5)]
19 -> costo: 44805.799999999996, rotte: {3: [(1, 6), (6, 5), (5, 2)], 2: [(1, 4), (4, 7), (7, 3)]}, padri: [17, 17, 17, 22, 24], figli: [8, 13, 18], mosse: [(2, 2, 3, 7), (2, 2, 4, 7, 11), (2, 2, 7, 3, 11), (3, 3, 6, 5, 20), (3, 3, 1, 6, 5)]
20 -> costo: 46458.200000000004, rotte: {3: [(1, 5), (5, 6), (6, 2)], 2: [(1, 4), (4, 3), (3, 7)]}, padri: [0, 0, 0], figli: [9, 1, 16, 21, 17, 22, 22, 22], mosse: [(3, 3, 2, 6), (3, 3, 5, 6, 5), (3, 3, 6, 2, 6)]
21 -> costo: 44600.1, rotte: {3: [(1, 5), (5, 6), (6, 2)], 2: [(1, 7), (7, 4), (4, 3)]}, padri: [20, 22, 23, 23, 23], figli: [4, 16, 18], mosse: [(2, 2, 1, 7, 11), (2, 2, 7, 4, 17), (3, 3, 2, 6), (3, 3, 5, 6, 5), (3, 3, 6, 2, 6)]
22 -> costo: 45651.50000000001, rotte: {3: [(1, 5), (5, 6), (6, 2)], 2: [(1, 4), (4, 7), (7, 3)]}, padri: [20, 20, 20, 24, 24, 24], figli: [9, 5, 21, 19], mosse: [(2, 2, 3, 7), (2, 2, 4, 7, 11), (2, 2, 7, 3, 11), (3, 3, 2, 6), (3, 3, 5, 6, 5), (3, 3, 6, 2, 6)]
23 -> costo: 47245.6, rotte: {3: [(1, 5), (5, 2), (2, 6)], 2: [(1, 7), (7, 4), (4, 3)]}, padri: [0, 24], figli: [4, 12, 18, 21, 21, 21, 14], mosse: [(2, 2, 1, 7, 11), (2, 2, 7, 4, 17)]
24 -> costo: 48297.00000000001, rotte: {3: [(1, 5), (5, 2), (2, 6)], 2: [(1, 4), (4, 7), (7, 3)]}, padri: [0, 0, 0], figli: [5, 6, 13, 19, 22, 22, 22, 23], mosse: [(2, 2, 3, 7), (2, 2, 4, 7, 11), (2, 2, 7, 3, 11)]
bestSolutionIndice: 2
2 -> costo: 35077.0, rotte: {3: [(1, 2), (2, 5), (5, 6)], 2: [(1, 3), (3, 4), (4, 7)]}, padri: [1, 3, 3, 3, 5, 6, 7, 7, 7, 9], figli: [], mosse: [(2, 2, 3, 4, 17), (2, 2, 7, 4), (2, 2, 3, 4, 17), (2, 2, 4, 7, 11), (2, 2, 1, 3, 11), (3, 3, 2, 5, 20), (3, 3, 6, 5), (3, 3, 2, 5, 20), (3, 3, 5, 6, 5), (3, 3, 1, 2, 6)]
trasportoPalletDiGamma: {3: [(2, 6), (5, 20), (6, 5)], 2: [(3, 11), (4, 17), (7, 11)]}
itMosseLS: 120, itMosseTS: 120
time elapsed: 25.74s.


##########################################################################################
s: 1
dictSolutions[1]:
0 -> costo: 47499.6, rotte: {2: [(1, 7), (7, 3), (3, 6), (6, 5)], 3: [(1, 2), (2, 4), (4, 5)]}, padri: [-1], figli: [1, 8, 9, 10, 11, 34, 35, 37, 38, 39], mosse: [-1]
1 -> costo: 35349.3, rotte: {2: [(1, 3), (3, 7), (7, 6), (6, 5)], 3: [(1, 2), (2, 4), (4, 5)]}, padri: [0, 8, 9, 10, 20, 33, 34, 34, 34], figli: [2, 23, 24], mosse: [(2, 2, 3, 7, 11), (2, 2, 7, 6, 5), (2, 2, 3, 7, 11), (2, 2, 1, 3, 11), (3, 2, 1, 2, 6), (3, 3, 2, 4, 17), (3, 3, 5, 4), (3, 3, 2, 4, 17), (3, 3, 4, 5, 17)]
2 -> costo: 34991.09999999999, rotte: {2: [(1, 3), (3, 5), (5, 7), (7, 6)], 3: [(1, 2), (2, 4), (4, 5)]}, padri: [1, 9, 21, 22, 23, 23, 38], figli: [3, 7, 7, 7, 25, 40, 40, 40], mosse: [(2, 2, 3, 5, 3), (2, 2, 7, 6, 5), (3, 2, 1, 2, 6), (3, 3, 2, 4, 17), (3, 3, 2, 4, 17), (3, 3, 4, 5, 17), (2, 2, 1, 3, 11)]
3 -> costo: 34230.899999999994, rotte: {2: [(1, 3), (3, 2), (2, 5), (5, 7), (7, 6)], 3: [(1, 4), (4, 5)]}, padri: [2, 19, 21, 24, 24, 24], figli: [4, 4, 5, 5, 5, 5, 14, 14, 27, 27, 27], mosse: [(2, 3, 3, 2, 6), (2, 2, 2, 5, 3), (2, 2, 3, 2, 6), (3, 3, 1, 4, 17), (3, 3, 4, 5, 17), (3, 3, 5, 4)]
4 -> costo: 33146.6, rotte: {2: [(1, 3), (3, 2), (2, 7), (7, 6)], 3: [(1, 4), (4, 5)]}, padri: [3, 3, 6, 6, 6, 13, 14, 19, 19, 25, 25, 25], figli: [], mosse: [(3, 2, 1, 5, 3), (3, 2, 4, 5, 3), (2, 2, 6, 7), (2, 2, 2, 7, 11), (2, 2, 7, 6, 5), (2, 2, 3, 2, 6), (2, 2, 3, 2, 6), (3, 2, 1, 5, 3), (3, 2, 4, 5, 3), (3, 3, 1, 4, 17), (3, 3, 4, 5, 20), (3, 3, 5, 4)]
5 -> costo: 34225.8, rotte: {2: [(1, 3), (3, 2), (2, 5), (5, 6), (6, 7)], 3: [(1, 4), (4, 5)]}, padri: [3, 3, 3, 7, 26, 26, 26, 32, 41], figli: [6, 6, 16, 16], mosse: [(2, 2, 5, 6, 5), (2, 2, 6, 7, 11), (2, 2, 7, 6), (2, 3, 3, 2, 6), (3, 3, 1, 4, 17), (3, 3, 4, 5, 17), (3, 3, 5, 4), (2, 2, 3, 2, 6), (2, 2, 3, 2, 6)]
6 -> costo: 33936.6, rotte: {2: [(1, 3), (3, 2), (2, 6), (6, 7)], 3: [(1, 4), (4, 5)]}, padri: [5, 5, 15, 16, 27, 27, 27, 44, 44], figli: [4, 4, 4, 14, 14, 14], mosse: [(3, 2, 1, 5, 3), (3, 2, 4, 5, 3), (2, 2, 3, 2, 6), (2, 2, 3, 2, 6), (3, 3, 1, 4, 17), (3, 3, 4, 5, 20), (3, 3, 5, 4), (3, 2, 1, 5, 3), (3, 2, 4, 5, 3)]
7 -> costo: 34986.0, rotte: {2: [(1, 3), (3, 5), (5, 6), (6, 7)], 3: [(1, 2), (2, 4), (4, 5)]}, padri: [2, 2, 2, 8, 9, 28, 28, 31, 32, 39], figli: [5, 27], mosse: [(2, 2, 5, 6, 5), (2, 2, 6, 7, 11), (2, 2, 7, 6), (2, 2, 3, 5, 3), (2, 2, 5, 6, 5), (3, 3, 2, 4, 17), (3, 3, 4, 5, 17), (3, 3, 2, 4, 17), (3, 2, 1, 2, 6), (2, 2, 1, 3, 11)]
8 -> costo: 36144.4, rotte: {2: [(1, 3), (3, 6), (6, 7), (7, 5)], 3: [(1, 2), (2, 4), (4, 5)]}, padri: [0, 9, 9, 9], figli: [7, 1, 11, 34, 35, 40], mosse: [(2, 2, 6, 7, 11), (2, 2, 5, 7), (2, 2, 6, 7, 11), (2, 2, 7, 5, 3)]
9 -> costo: 37183.5, rotte: {2: [(1, 3), (3, 6), (6, 5), (5, 7)], 3: [(1, 2), (2, 4), (4, 5)]}, padri: [0], figli: [7, 2, 1, 8, 8, 8, 11, 23, 24, 34, 35, 40], mosse: [(2, 2, 5, 7, 11)]
10 -> costo: 39922.5, rotte: {2: [(1, 7), (7, 6), (6, 5), (5, 3)], 3: [(1, 2), (2, 4), (4, 5)]}, padri: [0, 37, 37, 38], figli: [1, 11, 34, 35, 43], mosse: [(2, 2, 5, 3, 11), (2, 2, 6, 5, 3), (2, 2, 5, 3, 11), (2, 2, 6, 5, 3)]
11 -> costo: 39091.0, rotte: {2: [(1, 7), (7, 6), (6, 5), (5, 2), (2, 3)], 3: [(1, 4), (4, 5)]}, padri: [10, 42], figli: [12, 12, 18, 18], mosse: [(2, 3, 5, 2, 6), (2, 2, 7, 6, 5)]
12 -> costo: 38788.399999999994, rotte: {2: [(1, 7), (7, 6), (6, 2), (2, 3)], 3: [(1, 4), (4, 5)]}, padri: [11, 11], figli: [13, 17, 20, 41], mosse: [(3, 2, 1, 5, 3), (3, 2, 4, 5, 3)]
13 -> costo: 38702.7, rotte: {2: [(1, 3), (3, 7), (7, 6), (6, 2)], 3: [(1, 4), (4, 5)]}, padri: [12, 18, 18], figli: [4, 14, 15, 21, 22], mosse: [(2, 2, 1, 3, 11), (3, 2, 1, 5, 3), (3, 2, 4, 5, 3)]
14 -> costo: 36653.399999999994, rotte: {2: [(1, 2), (2, 3), (3, 7), (7, 6)], 3: [(1, 4), (4, 5)]}, padri: [13, 16, 16, 16, 20, 20, 21, 21], figli: [4], mosse: [(2, 2, 1, 2, 6), (2, 2, 3, 7, 11), (2, 2, 7, 6, 5), (2, 2, 6, 7), (3, 2, 1, 5, 3), (3, 2, 4, 5, 3), (3, 2, 1, 5, 3), (3, 2, 4, 5, 3)]
15 -> costo: 38695.09999999999, rotte: {2: [(1, 3), (3, 6), (6, 7), (7, 2)], 3: [(1, 4), (4, 5)]}, padri: [13, 17, 41, 41], figli: [6, 16], mosse: [(2, 2, 6, 7, 11), (2, 2, 1, 3, 11), (3, 2, 1, 5, 3), (3, 2, 4, 5, 3)]
16 -> costo: 37443.399999999994, rotte: {2: [(1, 2), (2, 3), (3, 6), (6, 7)], 3: [(1, 4), (4, 5)]}, padri: [15, 32, 32], figli: [6, 14, 14, 14, 21, 21, 21, 22, 22, 22], mosse: [(2, 2, 1, 2, 6), (3, 2, 1, 5, 3), (3, 2, 4, 5, 3)]
17 -> costo: 38780.8, rotte: {2: [(1, 6), (6, 7), (7, 2), (2, 3)], 3: [(1, 4), (4, 5)]}, padri: [12, 40, 40, 42, 42], figli: [15], mosse: [(2, 2, 6, 7, 11), (3, 2, 1, 5, 3), (3, 2, 4, 5, 3), (3, 2, 1, 5, 3), (3, 2, 4, 5, 3)]
18 -> costo: 39005.299999999996, rotte: {2: [(1, 3), (3, 7), (7, 6), (6, 5), (5, 2)], 3: [(1, 4), (4, 5)]}, padri: [11], figli: [19, 13, 13, 20, 20], mosse: [(2, 2, 1, 3, 11)]
19 -> costo: 35392.7, rotte: {2: [(1, 3), (3, 2), (2, 7), (7, 6), (6, 5)], 3: [(1, 4), (4, 5)]}, padri: [18, 20, 35, 35, 35], figli: [4, 4, 3, 25], mosse: [(2, 2, 3, 2, 6), (2, 2, 3, 2, 6), (3, 3, 1, 4, 17), (3, 3, 4, 5, 17), (3, 3, 5, 4)]
20 -> costo: 38899.5, rotte: {2: [(1, 2), (2, 3), (3, 7), (7, 6), (6, 5)], 3: [(1, 4), (4, 5)]}, padri: [18], figli: [1, 19, 14, 14, 21, 21, 22, 22, 33, 34, 35], mosse: [(2, 2, 1, 2, 6)]
21 -> costo: 38541.299999999996, rotte: {2: [(1, 2), (2, 3), (3, 5), (5, 7), (7, 6)], 3: [(1, 4), (4, 5)]}, padri: [20], figli: [3, 2, 14, 14, 22, 22, 23, 24, 25, 32, 32, 32], mosse: [(2, 2, 3, 5, 3)]
22 -> costo: 38328.5, rotte: {2: [(1, 3), (3, 5), (5, 7), (7, 6)], 3: [(1, 4), (4, 2), (2, 5)]}, padri: [21, 33], figli: [2, 23, 24, 29, 30, 31, 31, 31], mosse: [(3, 2, 4, 2, 6), (2, 2, 3, 5, 3)]
23 -> costo: 37374.09999999999, rotte: {2: [(1, 3), (3, 5), (5, 7), (7, 6)], 3: [(1, 2), (2, 5), (5, 4)]}, padri: [22, 29, 34], figli: [2, 2, 24, 24, 28, 28, 28], mosse: [(3, 3, 5, 4, 17), (3, 3, 1, 2, 6), (2, 2, 3, 5, 3)]
24 -> costo: 35611.2, rotte: {2: [(1, 3), (3, 2), (2, 5), (5, 7), (7, 6)], 3: [(1, 5), (5, 4)]}, padri: [23, 35], figli: [3, 3, 3, 25, 25, 25, 25, 26, 26, 26, 26], mosse: [(2, 3, 3, 2, 6), (2, 2, 2, 5, 3)]
25 -> costo: 34526.9, rotte: {2: [(1, 3), (3, 2), (2, 7), (7, 6)], 3: [(1, 5), (5, 4)]}, padri: [24, 24, 27, 27, 27, 35, 35], figli: [4, 4, 4], mosse: [(3, 2, 1, 5, 3), (3, 2, 4, 5, 3), (2, 2, 6, 7), (2, 2, 2, 7, 11), (2, 2, 7, 6, 5), (3, 2, 1, 5, 3), (3, 2, 4, 5, 3)]
26 -> costo: 35606.1, rotte: {2: [(1, 3), (3, 2), (2, 5), (5, 6), (6, 7)], 3: [(1, 5), (5, 4)]}, padri: [24, 24, 24, 28], figli: [5, 5, 5, 27, 27, 27, 27], mosse: [(2, 2, 5, 6, 5), (2, 2, 6, 7, 11), (2, 2, 7, 6), (2, 3, 3, 2, 6)]
27 -> costo: 35316.9, rotte: {2: [(1, 3), (3, 2), (2, 6), (6, 7)], 3: [(1, 5), (5, 4)]}, padri: [26, 26], figli: [6, 6, 6, 25, 25, 25], mosse: [(3, 2, 1, 5, 3), (3, 2, 4, 5, 3)]
28 -> costo: 37368.99999999999, rotte: {2: [(1, 3), (3, 5), (5, 6), (6, 7)], 3: [(1, 2), (2, 5), (5, 4)]}, padri: [23, 23, 23, 30, 31], figli: [7, 7, 26, 40, 40], mosse: [(2, 2, 5, 6, 5), (2, 2, 6, 7, 11), (2, 2, 7, 6), (3, 3, 1, 2, 6), (3, 3, 5, 4, 17)]
29 -> costo: 37641.6, rotte: {2: [(1, 3), (3, 5), (5, 7), (7, 6)], 3: [(1, 5), (5, 4), (4, 2)]}, padri: [22, 36], figli: [23, 30, 30, 30], mosse: [(3, 3, 1, 5, 17), (2, 2, 3, 5, 3)]
30 -> costo: 37636.5, rotte: {2: [(1, 3), (3, 5), (5, 6), (6, 7)], 3: [(1, 5), (5, 4), (4, 2)]}, padri: [29, 29, 29, 31], figli: [28], mosse: [(2, 2, 5, 6, 5), (2, 2, 6, 7, 11), (2, 2, 7, 6), (3, 3, 1, 5, 17)]
31 -> costo: 38323.4, rotte: {2: [(1, 3), (3, 5), (5, 6), (6, 7)], 3: [(1, 4), (4, 2), (2, 5)]}, padri: [22, 22, 22, 32], figli: [7, 28, 30, 40], mosse: [(2, 2, 5, 6, 5), (2, 2, 6, 7, 11), (2, 2, 7, 6), (3, 2, 4, 2, 6)]
32 -> costo: 38536.2, rotte: {2: [(1, 2), (2, 3), (3, 5), (5, 6), (6, 7)], 3: [(1, 4), (4, 5)]}, padri: [21, 21, 21, 41], figli: [5, 7, 16, 16, 31, 40], mosse: [(2, 2, 5, 6, 5), (2, 2, 6, 7, 11), (2, 2, 7, 6), (2, 2, 1, 2, 6)]
33 -> costo: 38686.7, rotte: {2: [(1, 3), (3, 7), (7, 6), (6, 5)], 3: [(1, 4), (4, 2), (2, 5)]}, padri: [20], figli: [1, 34, 35, 36, 22], mosse: [(3, 2, 4, 2, 6)]
34 -> costo: 37732.299999999996, rotte: {2: [(1, 3), (3, 7), (7, 6), (6, 5)], 3: [(1, 2), (2, 5), (5, 4)]}, padri: [33, 36], figli: [1, 1, 1, 35, 35, 35, 23], mosse: [(3, 3, 5, 4, 17), (3, 3, 1, 2, 6)]
35 -> costo: 36772.99999999999, rotte: {2: [(1, 3), (3, 2), (2, 7), (7, 6), (6, 5)], 3: [(1, 5), (5, 4)]}, padri: [34], figli: [25, 25, 19, 19, 19, 24], mosse: [(2, 3, 3, 2, 6)]
36 -> costo: 37999.799999999996, rotte: {2: [(1, 3), (3, 7), (7, 6), (6, 5)], 3: [(1, 5), (5, 4), (4, 2)]}, padri: [33], figli: [29, 34], mosse: [(3, 3, 1, 5, 17)]
37 -> costo: 46104.8, rotte: {2: [(1, 7), (7, 6), (6, 3), (3, 5)], 3: [(1, 2), (2, 4), (4, 5)]}, padri: [0], figli: [10, 10, 38, 38, 39, 39], mosse: [(2, 2, 6, 3, 11)]
38 -> costo: 40763.7, rotte: {2: [(1, 5), (5, 7), (7, 6), (6, 3)], 3: [(1, 2), (2, 4), (4, 5)]}, padri: [37], figli: [2, 10, 39], mosse: [(2, 2, 1, 5, 3)]
39 -> costo: 39961.00000000001, rotte: {2: [(1, 5), (5, 6), (6, 7), (7, 3)], 3: [(1, 2), (2, 4), (4, 5)]}, padri: [38], figli: [7, 40], mosse: [(2, 2, 6, 7, 11)]
40 -> costo: 39929.1, rotte: {2: [(1, 5), (5, 6), (6, 7), (7, 2), (2, 3)], 3: [(1, 4), (4, 5)]}, padri: [39], figli: [17, 17, 41, 41, 42], mosse: [(2, 3, 7, 2, 6)]
41 -> costo: 39787.899999999994, rotte: {2: [(1, 3), (3, 5), (5, 6), (6, 7), (7, 2)], 3: [(1, 4), (4, 5)]}, padri: [40], figli: [5, 32, 15, 15], mosse: [(2, 2, 1, 3, 11)]
42 -> costo: 39886.1, rotte: {2: [(1, 6), (6, 7), (7, 5), (5, 2), (2, 3)], 3: [(1, 4), (4, 5)]}, padri: [40], figli: [17, 17, 11, 43], mosse: [(2, 2, 7, 5, 3)]
43 -> costo: 39800.399999999994, rotte: {2: [(1, 3), (3, 6), (6, 7), (7, 5), (5, 2)], 3: [(1, 4), (4, 5)]}, padri: [42], figli: [44], mosse: [(2, 2, 1, 3, 11)]
44 -> costo: 36187.8, rotte: {2: [(1, 3), (3, 2), (2, 6), (6, 7), (7, 5)], 3: [(1, 4), (4, 5)]}, padri: [43], figli: [6, 6], mosse: [(2, 2, 3, 2, 6)]
bestSolutionIndice: 4
4 -> costo: 33146.6, rotte: {2: [(1, 3), (3, 2), (2, 7), (7, 6)], 3: [(1, 4), (4, 5)]}, padri: [3, 3, 6, 6, 6, 13, 14, 19, 19, 25, 25, 25], figli: [], mosse: [(3, 2, 1, 5, 3), (3, 2, 4, 5, 3), (2, 2, 6, 7), (2, 2, 2, 7, 11), (2, 2, 7, 6, 5), (2, 2, 3, 2, 6), (2, 2, 3, 2, 6), (3, 2, 1, 5, 3), (3, 2, 4, 5, 3), (3, 3, 1, 4, 17), (3, 3, 4, 5, 20), (3, 3, 5, 4)]
trasportoPalletDiGamma: {2: [(3, 11), (2, 6), (7, 11), (6, 5)], 3: [(4, 17), (5, 20)]}
itMosseLS: 158, itMosseTS: 150
time elapsed: 22.32s.


