itNSIMax: 1, itMosseTSMax: 5.
##########################################################################################
s: 1
dictSolutions[1]:
0 -> costo: 75643.3, rotte: {4: [(1, 5), (5, 7)], 6: [(1, 6), (6, 3), (3, 7)], 5: [(1, 2), (2, 4), (4, 7)], 3: [(1, 4)], 2: [(1, 8), (8, 7)]}, padri: [-1], figli: [1], mosse: [-1]
1 -> costo: 72343.1, rotte: {4: [(1, 5), (5, 7)], 6: [(1, 6), (6, 3), (3, 7)], 5: [(1, 4), (4, 2), (2, 7)], 3: [(1, 4)], 2: [(1, 8), (8, 7)]}, padri: [0], figli: [2], mosse: [(5, 5, 4, 2, 5)]
2 -> costo: 69653.5, rotte: {4: [(1, 5), (5, 7)], 6: [(1, 3), (3, 6), (6, 7)], 5: [(1, 4), (4, 2), (2, 7)], 3: [(1, 4)], 2: [(1, 8), (8, 7)]}, padri: [1], figli: [3], mosse: [(6, 6, 3, 6, 17)]
3 -> costo: 67908.1, rotte: {4: [(1, 5), (5, 7)], 6: [(1, 3), (3, 6), (6, 7)], 5: [(1, 4), (4, 2), (2, 7)], 3: [(1, 4)], 2: [(1, 7), (7, 8)]}, padri: [2], figli: [4], mosse: [(2, 2, 1, 7, 9)]
4 -> costo: 66735.7, rotte: {4: [(1, 7), (7, 5)], 6: [(1, 3), (3, 6), (6, 7)], 5: [(1, 4), (4, 2), (2, 7)], 3: [(1, 4)], 2: [(1, 7), (7, 8)]}, padri: [3], figli: [5], mosse: [(4, 4, 5, 7)]
5 -> costo: 66300.5, rotte: {4: [(1, 7), (7, 5)], 6: [(1, 6), (6, 7)], 5: [(1, 4), (4, 2), (2, 3), (3, 7)], 3: [(1, 4)], 2: [(1, 7), (7, 8)]}, padri: [4], figli: [6, 6, 8, 8], mosse: [(5, 6, 2, 3, 7)]
6 -> costo: 64652.2, rotte: {4: [(1, 5)], 6: [(1, 6), (6, 7)], 5: [(1, 4), (4, 2), (2, 3), (3, 7)], 3: [(1, 4)], 2: [(1, 7), (7, 8)]}, padri: [5, 5], figli: [7, 7], mosse: [(6, 4, 1, 7, 1), (6, 4, 6, 7, 1)]
7 -> costo: 62392.7, rotte: {4: [(1, 5)], 6: [(1, 6), (6, 7)], 5: [(1, 4), (4, 2), (2, 3)], 3: [(1, 4)], 2: [(1, 7), (7, 8)]}, padri: [6, 6, 8, 8], figli: [], mosse: [(6, 5, 1, 7, 3), (6, 5, 6, 7, 3), (6, 5, 1, 7, 4), (6, 5, 6, 7, 4)]
8 -> costo: 64652.2, rotte: {4: [(1, 5)], 6: [(1, 6), (6, 7)], 5: [(1, 4), (4, 2), (2, 3), (3, 7)], 3: [(1, 4)], 2: [(1, 7), (7, 8)]}, padri: [5, 5], figli: [7, 7], mosse: [(5, 4, 1, 7, 1)]
bestSolutionIndice: 7
7 -> costo: 62392.7, rotte: {4: [(1, 5)], 6: [(1, 6), (6, 7)], 5: [(1, 4), (4, 2), (2, 3)], 3: [(1, 4)], 2: [(1, 7), (7, 8)]}, padri: [6, 6, 8, 8], figli: [], mosse: [(6, 5, 1, 7, 3), (6, 5, 6, 7, 3), (6, 5, 1, 7, 4), (6, 5, 6, 7, 4)]
trasportoPalletDiGamma: {4: [(5, 14)], 6: [(6, 17), (7, 10)], 5: [(4, 1), (2, 5), (3, 7)], 3: [(4, 10)], 2: [(7, 9), (8, 1)]}
itMosseLS: 12, itMosseTS: 5
time elapsed: 8.92s.


