itNSIMax: 5, itMosseTSMax: 100.
##########################################################################################
s: 1
dictSolutions[1]:
0 -> costo: 69767.9, rotte: {5: [(1, 4), (4, 8)], 3: [(1, 6)], 6: [(1, 5), (5, 7)], 4: [(1, 2), (2, 6)], 2: [(1, 3), (3, 7)]}, padri: [-1], figli: [1, 1, 1], mosse: [-1]
1 -> costo: 68595.5, rotte: {5: [(1, 4), (4, 8)], 3: [(1, 6)], 6: [(1, 7), (7, 5)], 4: [(1, 2), (2, 6)], 2: [(1, 3), (3, 7)]}, padri: [0, 0, 0], figli: [], mosse: [(6, 6, 5, 7), (6, 6, 1, 7, 16), (6, 6, 7, 5, 14)]
bestSolutionIndice: 1
1 -> costo: 68595.5, rotte: {5: [(1, 4), (4, 8)], 3: [(1, 6)], 6: [(1, 7), (7, 5)], 4: [(1, 2), (2, 6)], 2: [(1, 3), (3, 7)]}, padri: [0, 0, 0], figli: [], mosse: [(6, 6, 5, 7), (6, 6, 1, 7, 16), (6, 6, 7, 5, 14)]
trasportoPalletDiGamma: {5: [(4, 11), (8, 1)], 3: [(6, 10)], 6: [(7, 16), (5, 14)], 4: [(2, 5), (6, 7)], 2: [(3, 7), (7, 3)]}
itMosseLS: 3, itMosseTS: 3
time elapsed: 8.41s.


##########################################################################################
s: 1
dictSolutions[1]:
0 -> costo: 77625.40000000001, rotte: {4: [(1, 2), (2, 6)], 6: [(1, 7), (7, 5)], 2: [(1, 8), (8, 4), (4, 5)], 3: [(1, 4)], 5: [(1, 3), (3, 6)]}, padri: [-1], figli: [1, 9, 13, 18], mosse: [-1]
1 -> costo: 69593.1, rotte: {4: [(1, 2), (2, 6)], 6: [(1, 7), (7, 5)], 2: [(1, 4), (4, 5), (5, 8)], 3: [(1, 4)], 5: [(1, 3), (3, 6)]}, padri: [0], figli: [2, 7, 11], mosse: [(2, 2, 5, 8, 1)]
2 -> costo: 69206.5, rotte: {4: [(1, 6)], 6: [(1, 7), (7, 5)], 2: [(1, 4), (4, 2), (2, 5), (5, 8)], 3: [(1, 4)], 5: [(1, 3), (3, 6)]}, padri: [1], figli: [3], mosse: [(2, 4, 4, 2, 5)]
3 -> costo: 69157.9, rotte: {4: [(1, 6)], 6: [(1, 7), (7, 5)], 2: [(1, 2), (2, 5), (5, 8)], 3: [(1, 4)], 5: [(1, 4), (4, 3), (3, 6)]}, padri: [2, 7], figli: [4, 50], mosse: [(5, 2, 1, 4, 1), (2, 4, 1, 2, 5)]
4 -> costo: 68821.5, rotte: {4: [(1, 6)], 6: [(1, 7), (7, 5)], 2: [(1, 5), (5, 8)], 3: [(1, 4)], 5: [(1, 4), (4, 2), (2, 3), (3, 6)]}, padri: [3, 7, 11, 11, 11, 47], figli: [5, 6, 49], mosse: [(5, 2, 4, 2, 5), (5, 4, 4, 2, 5), (2, 2, 1, 5, 3), (2, 2, 5, 8, 1), (2, 2, 8, 5), (5, 5, 2, 3, 7)]
5 -> costo: 66221.2, rotte: {4: [(1, 6), (6, 5)], 6: [(1, 7), (7, 5)], 2: [(1, 8)], 3: [(1, 4)], 5: [(1, 4), (4, 2), (2, 3), (3, 6)]}, padri: [4, 6, 6, 6, 48, 49, 49, 49], figli: [], mosse: [(4, 2, 6, 5, 3), (4, 4, 1, 6, 10), (4, 4, 6, 5, 3), (4, 4, 5, 6), (5, 5, 2, 3, 7), (5, 5, 2, 3, 7), (5, 5, 3, 6, 7), (5, 5, 6, 3)]
6 -> costo: 68006.40000000001, rotte: {4: [(1, 5), (5, 6)], 6: [(1, 7), (7, 5)], 2: [(1, 8)], 3: [(1, 4)], 5: [(1, 4), (4, 2), (2, 3), (3, 6)]}, padri: [4, 50], figli: [5, 5, 5, 49, 49, 49], mosse: [(4, 2, 1, 5, 3), (5, 5, 2, 3, 7)]
7 -> costo: 69208.09999999999, rotte: {4: [(1, 2), (2, 6)], 6: [(1, 7), (7, 5)], 2: [(1, 5), (5, 8)], 3: [(1, 4)], 5: [(1, 4), (4, 3), (3, 6)]}, padri: [1, 10, 10, 10], figli: [8, 4, 3, 50], mosse: [(5, 2, 1, 4, 1), (2, 2, 1, 5, 3), (2, 2, 5, 8, 1), (2, 2, 8, 5)]
8 -> costo: 68318.2, rotte: {4: [(1, 2), (2, 6)], 6: [(1, 7), (7, 5)], 2: [(1, 8)], 3: [(1, 4)], 5: [(1, 4), (4, 3), (3, 5), (5, 6)]}, padri: [7], figli: [], mosse: [(5, 2, 3, 5, 3)]
9 -> costo: 71268.5, rotte: {4: [(1, 2), (2, 6)], 6: [(1, 7), (7, 5)], 2: [(1, 4), (4, 8), (8, 5)], 3: [(1, 4)], 5: [(1, 3), (3, 6)]}, padri: [0, 13], figli: [10, 44], mosse: [(2, 2, 4, 8, 1), (2, 5, 4, 8, 1)]
10 -> costo: 69775.09999999999, rotte: {4: [(1, 2), (2, 6)], 6: [(1, 7), (7, 5)], 2: [(1, 8), (8, 5)], 3: [(1, 4)], 5: [(1, 4), (4, 3), (3, 6)]}, padri: [9, 43], figli: [7, 7, 7, 11, 11, 11, 47], mosse: [(5, 2, 1, 4, 1), (4, 2, 1, 2, 5)]
11 -> costo: 69388.5, rotte: {4: [(1, 6)], 6: [(1, 7), (7, 5)], 2: [(1, 8), (8, 5)], 3: [(1, 4)], 5: [(1, 4), (4, 2), (2, 3), (3, 6)]}, padri: [10, 41, 43, 44], figli: [12, 4, 4, 4, 46, 50, 50, 50], mosse: [(5, 4, 4, 2, 5), (2, 4, 1, 8, 1), (5, 2, 4, 2, 5), (5, 5, 2, 3, 7)]
12 -> costo: 67231.0, rotte: {4: [(1, 6), (6, 8)], 6: [(1, 7), (7, 5)], 2: [(1, 5)], 3: [(1, 4)], 5: [(1, 4), (4, 2), (2, 3), (3, 6)]}, padri: [11, 24, 26, 29, 32, 34, 36, 38, 39, 40, 41, 41, 45, 46, 46, 46], figli: [], mosse: [(4, 2, 6, 8, 1), (5, 2, 4, 2, 5), (5, 2, 4, 2, 5), (5, 2, 4, 2, 5), (5, 2, 4, 2, 5), (5, 2, 4, 2, 5), (5, 2, 4, 2, 5), (5, 2, 4, 2, 5), (5, 2, 4, 2, 5), (5, 2, 4, 2, 5), (4, 4, 1, 6, 10), (4, 4, 6, 8, 1), (5, 5, 2, 3, 7), (5, 5, 2, 3, 7), (5, 5, 3, 6, 7), (5, 5, 6, 3)]
13 -> costo: 72997.50000000001, rotte: {4: [(1, 2), (2, 6)], 6: [(1, 7), (7, 5)], 2: [(1, 4), (4, 5)], 3: [(1, 4)], 5: [(1, 8), (8, 3), (3, 6)]}, padri: [0], figli: [14, 9, 18, 20, 18, 27, 27], mosse: [(5, 2, 1, 8, 1)]
14 -> costo: 68002.6, rotte: {4: [(1, 2), (2, 6)], 6: [(1, 7), (7, 5)], 2: [(1, 4), (4, 5)], 3: [(1, 4)], 5: [(1, 3), (3, 6), (6, 8)]}, padri: [13, 19], figli: [15, 17, 28, 30, 35, 37], mosse: [(5, 5, 6, 8, 1), (5, 5, 3, 6, 7)]
15 -> costo: 67616.0, rotte: {4: [(1, 6)], 6: [(1, 7), (7, 5)], 2: [(1, 4), (4, 2), (2, 5)], 3: [(1, 4)], 5: [(1, 3), (3, 6), (6, 8)]}, padri: [14, 20, 27, 30], figli: [16, 40, 41], mosse: [(2, 4, 4, 2, 5), (5, 5, 3, 6, 7), (5, 5, 6, 8, 1), (5, 4, 6, 8, 1)]
16 -> costo: 67567.4, rotte: {4: [(1, 6)], 6: [(1, 7), (7, 5)], 2: [(1, 2), (2, 5)], 3: [(1, 4)], 5: [(1, 4), (4, 3), (3, 6), (6, 8)]}, padri: [15, 17, 37], figli: [], mosse: [(5, 2, 1, 4, 1), (2, 4, 1, 2, 5), (5, 4, 6, 8, 1)]
17 -> costo: 67617.6, rotte: {4: [(1, 2), (2, 6)], 6: [(1, 7), (7, 5)], 2: [(1, 5)], 3: [(1, 4)], 5: [(1, 4), (4, 3), (3, 6), (6, 8)]}, padri: [14], figli: [16, 40, 41], mosse: [(5, 2, 1, 4, 1)]
18 -> costo: 71597.8, rotte: {4: [(1, 2), (2, 6)], 6: [(1, 7), (7, 5)], 2: [(1, 4), (4, 5)], 3: [(1, 4)], 5: [(1, 8), (8, 6), (6, 3)]}, padri: [13, 13], figli: [19, 21, 42], mosse: [(5, 5, 8, 6, 7), (5, 5, 6, 3, 7)]
19 -> costo: 70650.6, rotte: {4: [(1, 2), (2, 6)], 6: [(1, 7), (7, 5)], 2: [(1, 4), (4, 5)], 3: [(1, 4)], 5: [(1, 6), (6, 3), (3, 8)]}, padri: [18], figli: [14, 20], mosse: [(5, 5, 3, 8, 1)]
20 -> costo: 70264.0, rotte: {4: [(1, 6)], 6: [(1, 7), (7, 5)], 2: [(1, 4), (4, 2), (2, 5)], 3: [(1, 4)], 5: [(1, 6), (6, 3), (3, 8)]}, padri: [19, 21, 51], figli: [15, 28, 30, 35, 37], mosse: [(2, 4, 4, 2, 5), (5, 5, 3, 8, 1), (5, 5, 1, 6, 7)]
21 -> costo: 71211.2, rotte: {4: [(1, 6)], 6: [(1, 7), (7, 5)], 2: [(1, 4), (4, 2), (2, 5)], 3: [(1, 4)], 5: [(1, 8), (8, 6), (6, 3)]}, padri: [18, 27, 27], figli: [22, 20], mosse: [(2, 4, 4, 2, 5), (5, 5, 8, 6, 7), (5, 5, 6, 3, 7)]
22 -> costo: 68867.1, rotte: {4: [(1, 6), (6, 8)], 6: [(1, 7), (7, 5)], 2: [(1, 4), (4, 2), (2, 5)], 3: [(1, 4)], 5: [(1, 6), (6, 3)]}, padri: [21], figli: [23, 25], mosse: [(4, 5, 6, 8, 1)]
23 -> costo: 67616.0, rotte: {4: [(1, 6), (6, 8)], 6: [(1, 7), (7, 5)], 2: [(1, 4), (4, 2), (2, 5)], 3: [(1, 4)], 5: [(1, 3), (3, 6)]}, padri: [22], figli: [24], mosse: [(5, 5, 1, 3, 7)]
24 -> costo: 67567.4, rotte: {4: [(1, 6), (6, 8)], 6: [(1, 7), (7, 5)], 2: [(1, 2), (2, 5)], 3: [(1, 4)], 5: [(1, 4), (4, 3), (3, 6)]}, padri: [23], figli: [12, 46], mosse: [(5, 2, 1, 4, 1)]
25 -> costo: 67616.0, rotte: {4: [(1, 6), (6, 8)], 6: [(1, 7), (7, 5)], 2: [(1, 4), (4, 2), (2, 5)], 3: [(1, 4)], 5: [(1, 3), (3, 6)]}, padri: [22], figli: [26], mosse: [(5, 5, 3, 6, 7)]
26 -> costo: 67567.4, rotte: {4: [(1, 6), (6, 8)], 6: [(1, 7), (7, 5)], 2: [(1, 2), (2, 5)], 3: [(1, 4)], 5: [(1, 4), (4, 3), (3, 6)]}, padri: [25], figli: [12, 46], mosse: [(5, 2, 1, 4, 1)]
27 -> costo: 72610.90000000001, rotte: {4: [(1, 6)], 6: [(1, 7), (7, 5)], 2: [(1, 4), (4, 2), (2, 5)], 3: [(1, 4)], 5: [(1, 8), (8, 3), (3, 6)]}, padri: [13], figli: [15, 28, 30, 35, 37, 21, 21, 42, 42, 51], mosse: [(2, 4, 4, 2, 5)]
28 -> costo: 67616.0, rotte: {4: [(1, 6), (6, 8)], 6: [(1, 7), (7, 5)], 2: [(1, 4), (4, 2), (2, 5)], 3: [(1, 4)], 5: [(1, 3), (3, 6)]}, padri: [14, 20, 27], figli: [29], mosse: [(4, 5, 6, 8, 1)]
29 -> costo: 67567.4, rotte: {4: [(1, 6), (6, 8)], 6: [(1, 7), (7, 5)], 2: [(1, 2), (2, 5)], 3: [(1, 4)], 5: [(1, 4), (4, 3), (3, 6)]}, padri: [28], figli: [12, 46], mosse: [(5, 2, 1, 4, 1)]
30 -> costo: 69960.09999999999, rotte: {4: [(1, 8), (8, 6)], 6: [(1, 7), (7, 5)], 2: [(1, 4), (4, 2), (2, 5)], 3: [(1, 4)], 5: [(1, 3), (3, 6)]}, padri: [27], figli: [31, 33, 15, 35, 37], mosse: [(4, 5, 1, 8, 1)]
31 -> costo: 67616.0, rotte: {4: [(1, 6), (6, 8)], 6: [(1, 7), (7, 5)], 2: [(1, 4), (4, 2), (2, 5)], 3: [(1, 4)], 5: [(1, 3), (3, 6)]}, padri: [30], figli: [32], mosse: [(4, 4, 1, 6, 10)]
32 -> costo: 67567.4, rotte: {4: [(1, 6), (6, 8)], 6: [(1, 7), (7, 5)], 2: [(1, 2), (2, 5)], 3: [(1, 4)], 5: [(1, 4), (4, 3), (3, 6)]}, padri: [31], figli: [12, 46], mosse: [(5, 2, 1, 4, 1)]
33 -> costo: 67616.0, rotte: {4: [(1, 6), (6, 8)], 6: [(1, 7), (7, 5)], 2: [(1, 4), (4, 2), (2, 5)], 3: [(1, 4)], 5: [(1, 3), (3, 6)]}, padri: [30], figli: [34], mosse: [(4, 4, 6, 8, 1)]
34 -> costo: 67567.4, rotte: {4: [(1, 6), (6, 8)], 6: [(1, 7), (7, 5)], 2: [(1, 2), (2, 5)], 3: [(1, 4)], 5: [(1, 4), (4, 3), (3, 6)]}, padri: [33], figli: [12, 46], mosse: [(5, 2, 1, 4, 1)]
35 -> costo: 67616.0, rotte: {4: [(1, 6), (6, 8)], 6: [(1, 7), (7, 5)], 2: [(1, 4), (4, 2), (2, 5)], 3: [(1, 4)], 5: [(1, 3), (3, 6)]}, padri: [14, 20, 27, 30], figli: [36], mosse: [(4, 4, 8, 6)]
36 -> costo: 67567.4, rotte: {4: [(1, 6), (6, 8)], 6: [(1, 7), (7, 5)], 2: [(1, 2), (2, 5)], 3: [(1, 4)], 5: [(1, 4), (4, 3), (3, 6)]}, padri: [35], figli: [12, 46], mosse: [(5, 2, 1, 4, 1)]
37 -> costo: 69911.5, rotte: {4: [(1, 8), (8, 6)], 6: [(1, 7), (7, 5)], 2: [(1, 2), (2, 5)], 3: [(1, 4)], 5: [(1, 4), (4, 3), (3, 6)]}, padri: [30], figli: [38, 39, 16, 40, 41], mosse: [(5, 2, 1, 4, 1)]
38 -> costo: 67567.4, rotte: {4: [(1, 6), (6, 8)], 6: [(1, 7), (7, 5)], 2: [(1, 2), (2, 5)], 3: [(1, 4)], 5: [(1, 4), (4, 3), (3, 6)]}, padri: [37], figli: [12, 46], mosse: [(4, 4, 1, 6, 10)]
39 -> costo: 67567.4, rotte: {4: [(1, 6), (6, 8)], 6: [(1, 7), (7, 5)], 2: [(1, 2), (2, 5)], 3: [(1, 4)], 5: [(1, 4), (4, 3), (3, 6)]}, padri: [37], figli: [12, 46], mosse: [(4, 4, 6, 8, 1)]
40 -> costo: 67567.4, rotte: {4: [(1, 6), (6, 8)], 6: [(1, 7), (7, 5)], 2: [(1, 2), (2, 5)], 3: [(1, 4)], 5: [(1, 4), (4, 3), (3, 6)]}, padri: [15, 17, 37], figli: [12, 46], mosse: [(4, 4, 8, 6)]
41 -> costo: 69575.1, rotte: {4: [(1, 8), (8, 6)], 6: [(1, 7), (7, 5)], 2: [(1, 5)], 3: [(1, 4)], 5: [(1, 4), (4, 2), (2, 3), (3, 6)]}, padri: [37], figli: [12, 12, 11, 46, 46, 47], mosse: [(5, 2, 4, 2, 5)]
42 -> costo: 71316.5, rotte: {4: [(1, 6)], 6: [(1, 7), (7, 5)], 2: [(1, 4), (4, 2), (2, 8), (8, 5)], 3: [(1, 4)], 5: [(1, 3), (3, 6)]}, padri: [27], figli: [43], mosse: [(2, 5, 2, 8, 1)]
43 -> costo: 71267.9, rotte: {4: [(1, 6)], 6: [(1, 7), (7, 5)], 2: [(1, 2), (2, 8), (8, 5)], 3: [(1, 4)], 5: [(1, 4), (4, 3), (3, 6)]}, padri: [42], figli: [11, 10, 44, 47], mosse: [(5, 2, 1, 4, 1)]
44 -> costo: 71110.79999999999, rotte: {4: [(1, 6)], 6: [(1, 7), (7, 5)], 2: [(1, 8), (8, 5)], 3: [(1, 4)], 5: [(1, 4), (4, 3), (3, 2), (2, 6)]}, padri: [43], figli: [45, 11, 47, 47, 47], mosse: [(5, 2, 3, 2, 5)]
45 -> costo: 68953.29999999999, rotte: {4: [(1, 6), (6, 8)], 6: [(1, 7), (7, 5)], 2: [(1, 5)], 3: [(1, 4)], 5: [(1, 4), (4, 3), (3, 2), (2, 6)]}, padri: [44], figli: [12, 46], mosse: [(4, 2, 6, 8, 1)]
46 -> costo: 68917.3, rotte: {4: [(1, 6), (6, 8)], 6: [(1, 7), (7, 5)], 2: [(1, 5)], 3: [(1, 4)], 5: [(1, 4), (4, 2), (2, 6), (6, 3)]}, padri: [45], figli: [12, 12, 12], mosse: [(5, 5, 6, 3, 7)]
47 -> costo: 70543.79999999999, rotte: {4: [(1, 6)], 6: [(1, 7), (7, 5)], 2: [(1, 5), (5, 8)], 3: [(1, 4)], 5: [(1, 4), (4, 3), (3, 2), (2, 6)]}, padri: [44, 44, 44], figli: [48, 4, 50], mosse: [(2, 2, 1, 5, 3), (2, 2, 5, 8, 1), (2, 2, 8, 5)]
48 -> costo: 67943.5, rotte: {4: [(1, 6), (6, 5)], 6: [(1, 7), (7, 5)], 2: [(1, 8)], 3: [(1, 4)], 5: [(1, 4), (4, 3), (3, 2), (2, 6)]}, padri: [47, 50, 50, 50], figli: [5, 49], mosse: [(4, 2, 6, 5, 3), (4, 4, 1, 6, 10), (4, 4, 6, 5, 3), (4, 4, 5, 6)]
49 -> costo: 67907.5, rotte: {4: [(1, 6), (6, 5)], 6: [(1, 7), (7, 5)], 2: [(1, 8)], 3: [(1, 4)], 5: [(1, 4), (4, 2), (2, 6), (6, 3)]}, padri: [48], figli: [5, 5, 5], mosse: [(5, 5, 6, 3, 7)]
50 -> costo: 69728.7, rotte: {4: [(1, 5), (5, 6)], 6: [(1, 7), (7, 5)], 2: [(1, 8)], 3: [(1, 4)], 5: [(1, 4), (4, 3), (3, 2), (2, 6)]}, padri: [47], figli: [48, 48, 48, 6], mosse: [(4, 2, 1, 5, 3)]
51 -> costo: 71452.9, rotte: {4: [(1, 6)], 6: [(1, 7), (7, 5)], 2: [(1, 4), (4, 2), (2, 5)], 3: [(1, 4)], 5: [(1, 3), (3, 8), (8, 6)]}, padri: [27], figli: [20], mosse: [(5, 5, 3, 8, 1)]
bestSolutionIndice: 5
5 -> costo: 66221.2, rotte: {4: [(1, 6), (6, 5)], 6: [(1, 7), (7, 5)], 2: [(1, 8)], 3: [(1, 4)], 5: [(1, 4), (4, 2), (2, 3), (3, 6)]}, padri: [4, 6, 6, 6, 48, 49, 49, 49], figli: [], mosse: [(4, 2, 6, 5, 3), (4, 4, 1, 6, 10), (4, 4, 6, 5, 3), (4, 4, 5, 6), (5, 5, 2, 3, 7), (5, 5, 2, 3, 7), (5, 5, 3, 6, 7), (5, 5, 6, 3)]
trasportoPalletDiGamma: {4: [(6, 10), (5, 3)], 6: [(7, 19), (5, 11)], 2: [(8, 1)], 3: [(4, 10)], 5: [(4, 1), (2, 5), (3, 7), (6, 7)]}
itMosseLS: 104, itMosseTS: 100
time elapsed: 195.67s.


##########################################################################################
s: 1
dictSolutions[1]:
0 -> costo: 82905.09999999998, rotte: {2: [(1, 4)], 4: [(1, 8), (8, 3), (3, 7)], 5: [(1, 6), (6, 2)], 3: [(1, 7)], 6: [(1, 5), (5, 4), (4, 2), (2, 7)]}, padri: [-1], figli: [1], mosse: [-1]
1 -> costo: 75354.39999999998, rotte: {2: [(1, 4)], 4: [(1, 8), (8, 3), (3, 7)], 5: [(1, 6), (6, 2)], 3: [(1, 7)], 6: [(1, 4), (4, 2), (2, 5), (5, 7)]}, padri: [0], figli: [2], mosse: [(6, 6, 2, 5, 14)]
2 -> costo: 69847.6, rotte: {2: [(1, 4)], 4: [(1, 3), (3, 7), (7, 8)], 5: [(1, 6), (6, 2)], 3: [(1, 7)], 6: [(1, 4), (4, 2), (2, 5), (5, 7)]}, padri: [1], figli: [3, 3, 3, 17, 17, 17, 18], mosse: [(4, 4, 7, 8, 1)]
3 -> costo: 67472.1, rotte: {2: [(1, 4)], 4: [(1, 3), (3, 7), (7, 8)], 5: [(1, 2), (2, 6)], 3: [(1, 7)], 6: [(1, 4), (4, 2), (2, 5), (5, 7)]}, padri: [2, 2, 2], figli: [4, 5, 20], mosse: [(5, 5, 1, 2, 3), (5, 5, 2, 6, 17), (5, 5, 6, 2)]
4 -> costo: 66311.9, rotte: {2: [(1, 4)], 4: [(1, 3), (3, 7), (7, 8)], 5: [(1, 2), (2, 6)], 3: [(1, 7)], 6: [(1, 4), (4, 2), (2, 7), (7, 5)]}, padri: [3, 17, 17, 17], figli: [], mosse: [(6, 6, 5, 7), (5, 5, 1, 2, 3), (5, 5, 2, 6, 17), (5, 5, 6, 2)]
5 -> costo: 67050.3, rotte: {2: [(1, 4)], 4: [(1, 7), (7, 8)], 5: [(1, 2), (2, 6)], 3: [(1, 7)], 6: [(1, 4), (4, 2), (2, 3), (3, 5), (5, 7)]}, padri: [3, 18, 18, 18], figli: [6, 6, 10, 10, 11, 11, 14, 14, 14, 14, 14, 15, 15, 15, 15, 15, 16, 16, 16, 16, 16], mosse: [(6, 4, 2, 3, 7), (5, 5, 1, 2, 3), (5, 5, 2, 6, 17), (5, 5, 6, 2)]
6 -> costo: 64229.600000000006, rotte: {2: [(1, 4)], 4: [(1, 7), (7, 8)], 5: [(1, 2), (2, 6)], 3: [(1, 7)], 6: [(1, 4), (4, 2), (2, 3), (3, 5)]}, padri: [5, 5, 10, 10, 19, 19, 19], figli: [7, 7, 7, 7, 8, 8, 8, 8, 9, 9, 9, 9], mosse: [(4, 6, 1, 7, 2), (4, 6, 8, 7, 2), (4, 6, 1, 7, 2), (4, 6, 8, 7, 2), (5, 5, 1, 2, 3), (5, 5, 2, 6, 17), (5, 5, 6, 2)]
7 -> costo: 63794.40000000001, rotte: {2: [(1, 4)], 4: [(1, 7), (7, 8)], 5: [(1, 6)], 3: [(1, 7)], 6: [(1, 4), (4, 2), (2, 3), (3, 5)]}, padri: [6, 6, 6, 6, 8, 8, 8, 8, 9, 11, 11, 12, 14, 14, 15, 19, 19, 19, 19], figli: [], mosse: [(6, 5, 1, 2, 3), (6, 5, 4, 2, 3), (6, 5, 3, 2, 3), (6, 5, 5, 2, 3), (6, 4, 1, 2, 3), (6, 4, 4, 2, 3), (6, 4, 3, 2, 3), (6, 4, 5, 2, 3), (6, 4, 4, 2, 5), (4, 6, 1, 7, 2), (4, 6, 8, 7, 2), (4, 6, 2, 7), (4, 6, 1, 7, 2), (4, 6, 8, 7, 2), (4, 6, 2, 7), (6, 5, 1, 2, 3), (6, 5, 4, 2, 3), (6, 5, 3, 2, 3), (6, 5, 5, 2, 3)]
8 -> costo: 64191.600000000006, rotte: {2: [(1, 4)], 4: [(1, 2), (2, 7), (7, 8)], 5: [(1, 6)], 3: [(1, 7)], 6: [(1, 4), (4, 2), (2, 3), (3, 5)]}, padri: [6, 12, 12, 12, 15, 15, 15], figli: [7, 7, 7, 7, 9, 9, 9, 9, 9, 9], mosse: [(4, 5, 1, 2, 3), (4, 6, 1, 7, 2), (4, 6, 2, 7, 2), (4, 6, 8, 7, 2), (4, 6, 1, 7, 2), (4, 6, 2, 7, 2), (4, 6, 8, 7, 2)]
9 -> costo: 64143.00000000001, rotte: {2: [(1, 4)], 4: [(1, 2), (2, 7), (7, 8)], 5: [(1, 6)], 3: [(1, 7)], 6: [(1, 4), (4, 3), (3, 5)]}, padri: [8, 8, 8, 13, 13, 13, 16, 16, 16], figli: [7], mosse: [(4, 6, 1, 2, 2), (4, 6, 7, 2, 2), (4, 6, 8, 2, 2), (4, 6, 1, 7, 2), (4, 6, 2, 7, 2), (4, 6, 8, 7, 2), (4, 6, 1, 7, 2), (4, 6, 2, 7, 2), (4, 6, 8, 7, 2)]
10 -> costo: 65914.7, rotte: {2: [(1, 4)], 4: [(1, 7), (7, 8)], 5: [(1, 2), (2, 6)], 3: [(1, 7)], 6: [(1, 4), (4, 2), (2, 3), (3, 7), (7, 5)]}, padri: [5, 20], figli: [6, 6, 11, 11, 11, 11, 11, 11, 12, 12, 12, 12, 12, 13, 13, 13, 13, 13], mosse: [(6, 6, 5, 7), (5, 5, 1, 2, 3)]
11 -> costo: 65479.50000000001, rotte: {2: [(1, 4)], 4: [(1, 7), (7, 8)], 5: [(1, 6)], 3: [(1, 7)], 6: [(1, 4), (4, 2), (2, 3), (3, 7), (7, 5)]}, padri: [10, 10, 10, 10, 10, 12, 12, 12, 12, 12, 13, 14, 20, 20, 20, 20, 20], figli: [7, 7], mosse: [(6, 5, 1, 2, 3), (6, 5, 4, 2, 3), (6, 5, 3, 2, 3), (6, 5, 7, 2, 3), (6, 5, 5, 2, 3), (6, 4, 1, 2, 3), (6, 4, 4, 2, 3), (6, 4, 3, 2, 3), (6, 4, 7, 2, 3), (6, 4, 5, 2, 3), (6, 4, 4, 2, 5), (6, 6, 5, 7), (6, 5, 1, 2, 3), (6, 5, 4, 2, 3), (6, 5, 3, 2, 3), (6, 5, 7, 2, 3), (6, 5, 5, 2, 3)]
12 -> costo: 65876.7, rotte: {2: [(1, 4)], 4: [(1, 2), (2, 7), (7, 8)], 5: [(1, 6)], 3: [(1, 7)], 6: [(1, 4), (4, 2), (2, 3), (3, 7), (7, 5)]}, padri: [10, 15], figli: [7, 8, 8, 8, 11, 11, 11, 11, 11, 13, 13, 13, 13, 13, 13, 13], mosse: [(4, 5, 1, 2, 3), (6, 6, 5, 7)]
13 -> costo: 65828.1, rotte: {2: [(1, 4)], 4: [(1, 2), (2, 7), (7, 8)], 5: [(1, 6)], 3: [(1, 7)], 6: [(1, 4), (4, 3), (3, 7), (7, 5)]}, padri: [12, 12, 12, 16], figli: [9, 9, 9, 11], mosse: [(4, 6, 1, 2, 2), (4, 6, 7, 2, 2), (4, 6, 8, 2, 2), (6, 6, 5, 7)]
14 -> costo: 66615.1, rotte: {2: [(1, 4)], 4: [(1, 7), (7, 8)], 5: [(1, 6)], 3: [(1, 7)], 6: [(1, 4), (4, 2), (2, 3), (3, 5), (5, 7)]}, padri: [5, 5, 5, 5, 5, 15, 15, 15, 15, 15, 16, 18, 18, 18, 18, 18], figli: [7, 7, 11], mosse: [(6, 5, 1, 2, 3), (6, 5, 4, 2, 3), (6, 5, 3, 2, 3), (6, 5, 5, 2, 3), (6, 5, 7, 2, 3), (6, 4, 1, 2, 3), (6, 4, 4, 2, 3), (6, 4, 3, 2, 3), (6, 4, 5, 2, 3), (6, 4, 7, 2, 3), (6, 4, 4, 2, 5), (6, 5, 1, 2, 3), (6, 5, 4, 2, 3), (6, 5, 3, 2, 3), (6, 5, 5, 2, 3), (6, 5, 7, 2, 3)]
15 -> costo: 67012.3, rotte: {2: [(1, 4)], 4: [(1, 2), (2, 7), (7, 8)], 5: [(1, 6)], 3: [(1, 7)], 6: [(1, 4), (4, 2), (2, 3), (3, 5), (5, 7)]}, padri: [5], figli: [7, 8, 8, 8, 12, 14, 14, 14, 14, 14, 16, 16, 16, 16, 16, 16, 16], mosse: [(4, 5, 1, 2, 3)]
16 -> costo: 66963.70000000001, rotte: {2: [(1, 4)], 4: [(1, 2), (2, 7), (7, 8)], 5: [(1, 6)], 3: [(1, 7)], 6: [(1, 4), (4, 3), (3, 5), (5, 7)]}, padri: [15, 15, 15], figli: [9, 9, 9, 13, 14], mosse: [(4, 6, 1, 2, 2), (4, 6, 7, 2, 2), (4, 6, 8, 2, 2)]
17 -> costo: 68687.4, rotte: {2: [(1, 4)], 4: [(1, 3), (3, 7), (7, 8)], 5: [(1, 6), (6, 2)], 3: [(1, 7)], 6: [(1, 4), (4, 2), (2, 7), (7, 5)]}, padri: [2], figli: [4, 4, 4], mosse: [(6, 6, 5, 7)]
18 -> costo: 69425.8, rotte: {2: [(1, 4)], 4: [(1, 7), (7, 8)], 5: [(1, 6), (6, 2)], 3: [(1, 7)], 6: [(1, 4), (4, 2), (2, 3), (3, 5), (5, 7)]}, padri: [2], figli: [19, 19, 14, 14, 14, 14, 14, 5, 5, 5, 20, 20, 20], mosse: [(6, 4, 2, 3, 7)]
19 -> costo: 66605.1, rotte: {2: [(1, 4)], 4: [(1, 7), (7, 8)], 5: [(1, 6), (6, 2)], 3: [(1, 7)], 6: [(1, 4), (4, 2), (2, 3), (3, 5)]}, padri: [18, 18], figli: [7, 7, 7, 7, 6, 6, 6], mosse: [(4, 6, 1, 7, 2), (4, 6, 8, 7, 2)]
20 -> costo: 68290.2, rotte: {2: [(1, 4)], 4: [(1, 7), (7, 8)], 5: [(1, 6), (6, 2)], 3: [(1, 7)], 6: [(1, 4), (4, 2), (2, 3), (3, 7), (7, 5)]}, padri: [18], figli: [11, 11, 11, 11, 11, 10], mosse: [(6, 6, 5, 7)]
bestSolutionIndice: 7
7 -> costo: 63794.40000000001, rotte: {2: [(1, 4)], 4: [(1, 7), (7, 8)], 5: [(1, 6)], 3: [(1, 7)], 6: [(1, 4), (4, 2), (2, 3), (3, 5)]}, padri: [6, 6, 6, 6, 8, 8, 8, 8, 9, 11, 11, 12, 14, 14, 15, 19, 19, 19, 19], figli: [], mosse: [(6, 5, 1, 2, 3), (6, 5, 4, 2, 3), (6, 5, 3, 2, 3), (6, 5, 5, 2, 3), (6, 4, 1, 2, 3), (6, 4, 4, 2, 3), (6, 4, 3, 2, 3), (6, 4, 5, 2, 3), (6, 4, 4, 2, 5), (4, 6, 1, 7, 2), (4, 6, 8, 7, 2), (4, 6, 2, 7), (4, 6, 1, 7, 2), (4, 6, 8, 7, 2), (4, 6, 2, 7), (6, 5, 1, 2, 3), (6, 5, 4, 2, 3), (6, 5, 3, 2, 3), (6, 5, 5, 2, 3)]
trasportoPalletDiGamma: {2: [(4, 10)], 4: [(7, 9), (8, 1)], 5: [(6, 17)], 3: [(7, 10)], 6: [(4, 1), (2, 5), (3, 7), (5, 14)]}
itMosseLS: 105, itMosseTS: 100
time elapsed: 200.55s.


##########################################################################################
s: 1
dictSolutions[1]:
0 -> costo: 81414.1, rotte: {4: [(1, 7)], 3: [(1, 2), (2, 4)], 5: [(1, 8), (8, 5), (5, 6)], 2: [(1, 6)], 6: [(1, 3), (3, 7), (7, 4), (4, 6)]}, padri: [-1], figli: [1], mosse: [-1]
1 -> costo: 76894.4, rotte: {4: [(1, 7)], 3: [(1, 2), (2, 4)], 5: [(1, 8), (8, 5), (5, 6)], 2: [(1, 6)], 6: [(1, 3), (3, 7), (7, 6), (6, 4)]}, padri: [0], figli: [2], mosse: [(6, 6, 7, 6, 2)]
2 -> costo: 73213.59999999999, rotte: {4: [(1, 7)], 3: [(1, 2), (2, 4)], 5: [(1, 8), (8, 5), (5, 6)], 2: [(1, 6)], 6: [(1, 4), (4, 3), (3, 7), (7, 6)]}, padri: [1], figli: [3, 8, 16, 16, 16, 16, 25, 25, 25, 25, 25, 28, 28], mosse: [(6, 6, 1, 4, 6)]
3 -> costo: 69913.40000000001, rotte: {4: [(1, 7)], 3: [(1, 4)], 5: [(1, 8), (8, 5), (5, 6)], 2: [(1, 6)], 6: [(1, 4), (4, 2), (2, 3), (3, 7), (7, 6)]}, padri: [2, 28], figli: [4, 6, 6, 7, 7, 9, 12], mosse: [(6, 3, 4, 2, 5), (6, 6, 2, 3, 7)]
4 -> costo: 67755.90000000001, rotte: {4: [(1, 7)], 3: [(1, 4)], 5: [(1, 5), (5, 6), (6, 8)], 2: [(1, 6)], 6: [(1, 4), (4, 2), (2, 3), (3, 7), (7, 6)]}, padri: [3, 7, 8, 11], figli: [5], mosse: [(5, 5, 6, 8, 1), (5, 5, 1, 5, 14), (6, 3, 4, 2, 5), (6, 6, 2, 3, 7)]
5 -> costo: 67561.2, rotte: {4: [(1, 7)], 3: [(1, 4)], 5: [(1, 6), (6, 5), (5, 8)], 2: [(1, 6)], 6: [(1, 4), (4, 2), (2, 3), (3, 7), (7, 6)]}, padri: [4, 6, 7, 7, 7, 12, 15], figli: [], mosse: [(5, 5, 6, 5, 14), (5, 5, 5, 8, 1), (5, 5, 6, 5, 14), (5, 5, 5, 8, 1), (5, 5, 8, 5), (6, 6, 2, 3, 7), (6, 3, 4, 2, 5)]
6 -> costo: 68314.8, rotte: {4: [(1, 7)], 3: [(1, 4)], 5: [(1, 8), (8, 6), (6, 5)], 2: [(1, 6)], 6: [(1, 4), (4, 2), (2, 3), (3, 7), (7, 6)]}, padri: [3, 3, 7, 25, 26], figli: [5], mosse: [(5, 5, 8, 6, 5), (5, 5, 6, 5, 14), (5, 5, 8, 6, 5), (6, 3, 4, 2, 5), (6, 6, 2, 3, 7)]
7 -> costo: 69138.0, rotte: {4: [(1, 7)], 3: [(1, 4)], 5: [(1, 6), (6, 8), (8, 5)], 2: [(1, 6)], 6: [(1, 4), (4, 2), (2, 3), (3, 7), (7, 6)]}, padri: [3, 29], figli: [5, 5, 5, 4, 6, 9, 12], mosse: [(5, 5, 1, 6, 5), (6, 6, 2, 3, 7)]
8 -> costo: 71056.09999999999, rotte: {4: [(1, 7)], 3: [(1, 2), (2, 4)], 5: [(1, 5), (5, 6), (6, 8)], 2: [(1, 6)], 6: [(1, 4), (4, 3), (3, 7), (7, 6)]}, padri: [2], figli: [4, 9, 9, 9, 9, 11, 11, 11, 11, 12, 13, 14, 14, 14, 14, 13, 13, 15, 15, 15, 17, 17, 17, 17], mosse: [(5, 5, 6, 8, 1)]
9 -> costo: 68910.0, rotte: {4: [(1, 7)], 3: [(1, 2)], 5: [(1, 5), (5, 6), (6, 8)], 2: [(1, 6)], 6: [(1, 4), (4, 3), (3, 7), (7, 6)]}, padri: [8, 8, 8, 8, 13, 13, 13, 13, 16, 21], figli: [10, 18], mosse: [(6, 3, 1, 4, 5), (6, 3, 3, 4, 5), (6, 3, 7, 4, 5), (6, 3, 6, 4, 5), (6, 3, 1, 4, 5), (6, 3, 3, 4, 5), (6, 3, 7, 4, 5), (6, 3, 6, 4, 5), (5, 5, 6, 8, 1), (5, 5, 1, 5, 14)]
10 -> costo: 68715.29999999999, rotte: {4: [(1, 7)], 3: [(1, 2)], 5: [(1, 6), (6, 5), (5, 8)], 2: [(1, 6)], 6: [(1, 4), (4, 3), (3, 7), (7, 6)]}, padri: [9, 14, 14, 14, 14, 15, 15, 15, 15, 17, 21, 21, 21], figli: [], mosse: [(5, 5, 6, 5, 14), (6, 3, 1, 4, 5), (6, 3, 3, 4, 5), (6, 3, 7, 4, 5), (6, 3, 6, 4, 5), (6, 3, 1, 4, 5), (6, 3, 3, 4, 5), (6, 3, 7, 4, 5), (6, 3, 6, 4, 5), (5, 5, 5, 8, 1), (5, 5, 6, 5, 14), (5, 5, 5, 8, 1), (5, 5, 8, 5)]
11 -> costo: 69478.20000000001, rotte: {4: [(1, 7)], 3: [(1, 4)], 5: [(1, 5), (5, 6), (6, 8)], 2: [(1, 6)], 6: [(1, 4), (4, 3), (3, 2), (2, 7), (7, 6)]}, padri: [8, 28], figli: [4, 12], mosse: [(6, 3, 3, 2, 5), (5, 5, 6, 8, 1)]
12 -> costo: 69283.5, rotte: {4: [(1, 7)], 3: [(1, 4)], 5: [(1, 6), (6, 5), (5, 8)], 2: [(1, 6)], 6: [(1, 4), (4, 3), (3, 2), (2, 7), (7, 6)]}, padri: [11, 15, 26, 29], figli: [5], mosse: [(5, 5, 6, 5, 14), (6, 3, 3, 2, 5), (5, 5, 5, 8, 1), (5, 5, 6, 5, 14)]
13 -> costo: 70186.0, rotte: {4: [(1, 7)], 3: [(1, 4), (4, 2)], 5: [(1, 5), (5, 6), (6, 8)], 2: [(1, 6)], 6: [(1, 4), (4, 3), (3, 7), (7, 6)]}, padri: [8, 8, 8], figli: [9, 9, 9, 9, 14, 14, 14, 14, 17, 17, 17, 17], mosse: [(3, 3, 1, 4, 5), (3, 3, 4, 2, 5), (3, 3, 2, 4)]
14 -> costo: 69991.29999999999, rotte: {4: [(1, 7)], 3: [(1, 4), (4, 2)], 5: [(1, 6), (6, 5), (5, 8)], 2: [(1, 6)], 6: [(1, 4), (4, 3), (3, 7), (7, 6)]}, padri: [13, 15, 15, 15, 27], figli: [10, 10, 10, 10, 18, 18, 18, 18], mosse: [(5, 5, 6, 5, 14), (3, 3, 1, 4, 5), (3, 3, 4, 2, 5), (3, 3, 2, 4), (5, 5, 5, 8, 1)]
15 -> costo: 70861.4, rotte: {4: [(1, 7)], 3: [(1, 2), (2, 4)], 5: [(1, 6), (6, 5), (5, 8)], 2: [(1, 6)], 6: [(1, 4), (4, 3), (3, 7), (7, 6)]}, padri: [8, 25], figli: [5, 10, 10, 10, 10, 12, 14, 14, 14, 18, 18, 18, 18], mosse: [(5, 5, 6, 5, 14), (5, 5, 5, 8, 1)]
16 -> costo: 71067.5, rotte: {4: [(1, 7)], 3: [(1, 2)], 5: [(1, 8), (8, 5), (5, 6)], 2: [(1, 6)], 6: [(1, 4), (4, 3), (3, 7), (7, 6)]}, padri: [2, 2, 2, 2], figli: [9, 17, 17, 21, 21, 22, 26, 26], mosse: [(6, 3, 1, 4, 5), (6, 3, 3, 4, 5), (6, 3, 7, 4, 5), (6, 3, 6, 4, 5)]
17 -> costo: 69468.9, rotte: {4: [(1, 7)], 3: [(1, 2)], 5: [(1, 8), (8, 6), (6, 5)], 2: [(1, 6)], 6: [(1, 4), (4, 3), (3, 7), (7, 6)]}, padri: [16, 16, 21, 25, 25, 25, 25, 27, 27, 27, 27], figli: [10, 18, 24], mosse: [(5, 5, 8, 6, 5), (5, 5, 6, 5, 14), (5, 5, 8, 6, 5), (6, 3, 1, 4, 5), (6, 3, 3, 4, 5), (6, 3, 7, 4, 5), (6, 3, 6, 4, 5), (6, 3, 1, 4, 5), (6, 3, 3, 4, 5), (6, 3, 7, 4, 5), (6, 3, 6, 4, 5)]
18 -> costo: 69168.2, rotte: {4: [(1, 7)], 3: [(1, 2), (2, 8)], 5: [(1, 6), (6, 5)], 2: [(1, 6)], 6: [(1, 4), (4, 3), (3, 7), (7, 6)]}, padri: [17, 22, 22, 22], figli: [19, 20], mosse: [(3, 5, 2, 8, 1), (5, 5, 1, 6, 5), (5, 5, 6, 5, 14), (5, 5, 5, 6)]
19 -> costo: 67288.8, rotte: {4: [(1, 7)], 3: [(1, 8)], 5: [(1, 6), (6, 5)], 2: [(1, 6)], 6: [(1, 4), (4, 2), (2, 3), (3, 7), (7, 6)]}, padri: [18, 20, 23, 23, 23], figli: [], mosse: [(6, 3, 4, 2, 5), (6, 6, 2, 3, 7), (5, 5, 1, 6, 5), (5, 5, 6, 5, 14), (5, 5, 5, 6)]
20 -> costo: 69011.1, rotte: {4: [(1, 7)], 3: [(1, 8)], 5: [(1, 6), (6, 5)], 2: [(1, 6)], 6: [(1, 4), (4, 3), (3, 2), (2, 7), (7, 6)]}, padri: [18, 24, 24, 24], figli: [19], mosse: [(6, 3, 3, 2, 5), (5, 5, 1, 6, 5), (5, 5, 6, 5, 14), (5, 5, 5, 6)]
21 -> costo: 70292.09999999999, rotte: {4: [(1, 7)], 3: [(1, 2)], 5: [(1, 6), (6, 8), (8, 5)], 2: [(1, 6)], 6: [(1, 4), (4, 3), (3, 7), (7, 6)]}, padri: [16], figli: [10, 10, 10, 9, 17, 26], mosse: [(5, 5, 1, 6, 5)]
22 -> costo: 70953.4, rotte: {4: [(1, 7)], 3: [(1, 2), (2, 8)], 5: [(1, 5), (5, 6)], 2: [(1, 6)], 6: [(1, 4), (4, 3), (3, 7), (7, 6)]}, padri: [16], figli: [23, 18, 18, 18, 24, 24, 24], mosse: [(3, 5, 2, 8, 1)]
23 -> costo: 69074.0, rotte: {4: [(1, 7)], 3: [(1, 8)], 5: [(1, 5), (5, 6)], 2: [(1, 6)], 6: [(1, 4), (4, 2), (2, 3), (3, 7), (7, 6)]}, padri: [22, 24], figli: [19, 19, 19], mosse: [(6, 3, 4, 2, 5), (6, 6, 2, 3, 7)]
24 -> costo: 70796.29999999999, rotte: {4: [(1, 7)], 3: [(1, 8)], 5: [(1, 5), (5, 6)], 2: [(1, 6)], 6: [(1, 4), (4, 3), (3, 2), (2, 7), (7, 6)]}, padri: [22], figli: [20, 20, 20, 23], mosse: [(6, 3, 3, 2, 5)]
25 -> costo: 71614.99999999999, rotte: {4: [(1, 7)], 3: [(1, 2), (2, 4)], 5: [(1, 8), (8, 6), (6, 5)], 2: [(1, 6)], 6: [(1, 4), (4, 3), (3, 7), (7, 6)]}, padri: [2, 2], figli: [6, 17, 17, 17, 17, 26, 26, 26, 26, 27, 27, 27, 15, 29], mosse: [(5, 5, 8, 6, 5), (5, 5, 6, 5, 14)]
26 -> costo: 70037.09999999999, rotte: {4: [(1, 7)], 3: [(1, 4)], 5: [(1, 8), (8, 6), (6, 5)], 2: [(1, 6)], 6: [(1, 4), (4, 3), (3, 2), (2, 7), (7, 6)]}, padri: [25, 28, 28], figli: [6, 12], mosse: [(6, 3, 3, 2, 5), (5, 5, 8, 6, 5), (5, 5, 6, 5, 14)]
27 -> costo: 70744.9, rotte: {4: [(1, 7)], 3: [(1, 4), (4, 2)], 5: [(1, 8), (8, 6), (6, 5)], 2: [(1, 6)], 6: [(1, 4), (4, 3), (3, 7), (7, 6)]}, padri: [25, 25, 25], figli: [17, 17, 17, 17, 14], mosse: [(3, 3, 1, 4, 5), (3, 3, 4, 2, 5), (3, 3, 2, 4)]
28 -> costo: 71635.7, rotte: {4: [(1, 7)], 3: [(1, 4)], 5: [(1, 8), (8, 5), (5, 6)], 2: [(1, 6)], 6: [(1, 4), (4, 3), (3, 2), (2, 7), (7, 6)]}, padri: [2], figli: [11, 3, 26, 26, 29, 29], mosse: [(6, 3, 3, 2, 5)]
29 -> costo: 70860.29999999999, rotte: {4: [(1, 7)], 3: [(1, 4)], 5: [(1, 6), (6, 8), (8, 5)], 2: [(1, 6)], 6: [(1, 4), (4, 3), (3, 2), (2, 7), (7, 6)]}, padri: [28], figli: [7, 12], mosse: [(5, 5, 1, 6, 5)]
bestSolutionIndice: 19
19 -> costo: 67288.8, rotte: {4: [(1, 7)], 3: [(1, 8)], 5: [(1, 6), (6, 5)], 2: [(1, 6)], 6: [(1, 4), (4, 2), (2, 3), (3, 7), (7, 6)]}, padri: [18, 20, 23, 23, 23], figli: [], mosse: [(6, 3, 4, 2, 5), (6, 6, 2, 3, 7), (5, 5, 1, 6, 5), (5, 5, 6, 5, 14), (5, 5, 5, 6)]
trasportoPalletDiGamma: {4: [(7, 15)], 3: [(8, 1)], 5: [(6, 5), (5, 14)], 2: [(6, 10)], 6: [(4, 11), (2, 5), (3, 7), (7, 4), (6, 2)]}
itMosseLS: 105, itMosseTS: 100
time elapsed: 266.49s.


##########################################################################################
s: 1
dictSolutions[1]:
0 -> costo: 81667.59999999999, rotte: {6: [(1, 3), (3, 8), (8, 4), (4, 7)], 5: [(1, 6), (6, 7)], 2: [(1, 5)], 3: [(1, 4)], 4: [(1, 2), (2, 5), (5, 7)]}, padri: [-1], figli: [1], mosse: [-1]
1 -> costo: 74675.99999999999, rotte: {6: [(1, 3), (3, 4), (4, 7), (7, 8)], 5: [(1, 6), (6, 7)], 2: [(1, 5)], 3: [(1, 4)], 4: [(1, 2), (2, 5), (5, 7)]}, padri: [0], figli: [2, 23], mosse: [(6, 6, 7, 8, 1)]
2 -> costo: 69604.9, rotte: {6: [(1, 4), (4, 3), (3, 7), (7, 8)], 5: [(1, 6), (6, 7)], 2: [(1, 5)], 3: [(1, 4)], 4: [(1, 2), (2, 5), (5, 7)]}, padri: [1], figli: [3, 3, 3, 3, 6, 6, 6, 6, 7, 7, 7, 7, 12, 12, 12, 12, 14, 14, 14, 14, 24, 24, 24, 24, 25, 25, 25, 25, 26, 26, 26, 26], mosse: [(6, 6, 4, 3, 7)]
3 -> costo: 66784.2, rotte: {6: [(1, 4), (4, 3), (3, 7), (7, 8)], 5: [(1, 6), (6, 7)], 2: [(1, 5)], 3: [(1, 4)], 4: [(1, 2), (2, 5)]}, padri: [2, 2, 2, 2, 6, 6, 6, 6, 23, 24, 25, 25, 25], figli: [4, 4, 4, 4, 5, 5, 5, 5, 8, 8, 8, 8], mosse: [(6, 4, 1, 7, 6), (6, 4, 4, 7, 6), (6, 4, 3, 7, 6), (6, 4, 8, 7, 6), (6, 4, 1, 7, 6), (6, 4, 4, 7, 6), (6, 4, 3, 7, 6), (6, 4, 8, 7, 6), (6, 6, 4, 3, 7), (6, 6, 3, 7, 16), (6, 6, 3, 7, 16), (6, 6, 7, 8, 1), (6, 6, 8, 7)]
4 -> costo: 65963.2, rotte: {6: [(1, 4), (4, 3), (3, 7), (7, 8)], 5: [(1, 6)], 2: [(1, 5)], 3: [(1, 4)], 4: [(1, 2), (2, 5)]}, padri: [3, 3, 3, 3, 7, 7, 7, 7, 12, 12, 12, 12, 26, 26, 26, 28, 30], figli: [], mosse: [(6, 5, 1, 7, 3), (6, 5, 4, 7, 3), (6, 5, 3, 7, 3), (6, 5, 8, 7, 3), (6, 4, 1, 7, 6), (6, 4, 4, 7, 6), (6, 4, 3, 7, 6), (6, 4, 8, 7, 6), (6, 4, 1, 7, 6), (6, 4, 4, 7, 6), (6, 4, 3, 7, 6), (6, 4, 8, 7, 6), (6, 6, 3, 7, 19), (6, 6, 7, 8, 1), (6, 6, 8, 7), (6, 6, 3, 7, 19), (6, 4, 1, 4, 1)]
5 -> costo: 66447.79999999999, rotte: {6: [(1, 4), (4, 2), (2, 3), (3, 7), (7, 8)], 5: [(1, 6), (6, 7)], 2: [(1, 5)], 3: [(1, 4)], 4: [(1, 5)]}, padri: [3, 9, 9, 9, 9, 9, 14, 14, 14, 14, 14, 27, 27, 27], figli: [], mosse: [(6, 4, 4, 2, 5), (6, 4, 1, 7, 6), (6, 4, 4, 7, 6), (6, 4, 2, 7, 6), (6, 4, 3, 7, 6), (6, 4, 8, 7, 6), (6, 4, 1, 7, 6), (6, 4, 4, 7, 6), (6, 4, 2, 7, 6), (6, 4, 3, 7, 6), (6, 4, 8, 7, 6), (6, 6, 3, 7, 16), (6, 6, 7, 8, 1), (6, 6, 8, 7)]
6 -> costo: 68444.7, rotte: {6: [(1, 4), (4, 3), (3, 7), (7, 8)], 5: [(1, 6), (6, 7)], 2: [(1, 5)], 3: [(1, 4)], 4: [(1, 2), (2, 7), (7, 5)]}, padri: [2], figli: [3, 3, 3, 3, 7, 7, 7, 7, 7, 7, 7, 9, 9, 9, 9, 13, 13, 13, 13, 24, 24, 24, 24, 25, 25, 25, 25, 26, 26, 26, 26], mosse: [(4, 4, 5, 7)]
7 -> costo: 67623.7, rotte: {6: [(1, 4), (4, 3), (3, 7), (7, 8)], 5: [(1, 6)], 2: [(1, 5)], 3: [(1, 4)], 4: [(1, 2), (2, 7), (7, 5)]}, padri: [6, 6, 6, 6, 12, 12, 12], figli: [4, 4, 4, 4, 8, 8, 8, 8], mosse: [(6, 5, 1, 7, 3), (6, 5, 4, 7, 3), (6, 5, 3, 7, 3), (6, 5, 8, 7, 3), (4, 4, 5, 7), (4, 4, 2, 7, 6), (4, 4, 7, 5, 4)]
8 -> costo: 67275.09999999999, rotte: {6: [(1, 4), (4, 2), (2, 3), (3, 7), (7, 8)], 5: [(1, 6)], 2: [(1, 5)], 3: [(1, 4)], 4: [(1, 7), (7, 5)]}, padri: [7, 9, 9, 9, 9, 9, 13, 13], figli: [], mosse: [(6, 4, 4, 2, 5), (6, 5, 1, 7, 3), (6, 5, 4, 7, 3), (6, 5, 2, 7, 3), (6, 5, 3, 7, 3), (6, 5, 8, 7, 3), (4, 4, 1, 7, 6), (4, 4, 7, 5, 4)]
9 -> costo: 68096.09999999999, rotte: {6: [(1, 4), (4, 2), (2, 3), (3, 7), (7, 8)], 5: [(1, 6), (6, 7)], 2: [(1, 5)], 3: [(1, 4)], 4: [(1, 7), (7, 5)]}, padri: [6, 14, 14], figli: [5, 5, 5, 5, 5, 8, 8, 8, 8, 8], mosse: [(6, 4, 4, 2, 5), (4, 4, 1, 7, 6), (4, 4, 7, 5, 4)]
10 -> costo: 67275.09999999999, rotte: {6: [(1, 4), (4, 2), (2, 3), (3, 7), (7, 8)], 5: [(1, 6)], 2: [(1, 5)], 3: [(1, 4)], 4: [(1, 7), (7, 5)]}, padri: [9], figli: [], mosse: [(4, 5, 1, 7, 3)]
11 -> costo: 67275.09999999999, rotte: {6: [(1, 4), (4, 2), (2, 3), (3, 7), (7, 8)], 5: [(1, 6)], 2: [(1, 5)], 3: [(1, 4)], 4: [(1, 7), (7, 5)]}, padri: [9], figli: [], mosse: [(4, 5, 5, 7, 3)]
12 -> costo: 68783.9, rotte: {6: [(1, 4), (4, 3), (3, 7), (7, 8)], 5: [(1, 6)], 2: [(1, 5)], 3: [(1, 4)], 4: [(1, 2), (2, 5), (5, 7)]}, padri: [2, 2, 2, 2], figli: [4, 4, 4, 4, 7, 7, 7, 13, 13, 13], mosse: [(6, 5, 1, 7, 3), (6, 5, 4, 7, 3), (6, 5, 3, 7, 3), (6, 5, 8, 7, 3)]
13 -> costo: 68447.49999999999, rotte: {6: [(1, 4), (4, 2), (2, 3), (3, 7), (7, 8)], 5: [(1, 6)], 2: [(1, 5)], 3: [(1, 4)], 4: [(1, 5), (5, 7)]}, padri: [12, 14, 14, 14, 14, 14], figli: [8, 8], mosse: [(6, 4, 4, 2, 5), (6, 5, 1, 7, 3), (6, 5, 4, 7, 3), (6, 5, 2, 7, 3), (6, 5, 3, 7, 3), (6, 5, 8, 7, 3)]
14 -> costo: 69268.49999999999, rotte: {6: [(1, 4), (4, 2), (2, 3), (3, 7), (7, 8)], 5: [(1, 6), (6, 7)], 2: [(1, 5)], 3: [(1, 4)], 4: [(1, 5), (5, 7)]}, padri: [2], figli: [5, 5, 5, 5, 5, 9, 9, 13, 13, 13, 13, 13, 22], mosse: [(6, 4, 4, 2, 5)]
15 -> costo: 68447.49999999999, rotte: {6: [(1, 4), (4, 2), (2, 3), (3, 7), (7, 8)], 5: [(1, 6)], 2: [(1, 5)], 3: [(1, 4)], 4: [(1, 5), (5, 7)]}, padri: [14], figli: [18], mosse: [(4, 5, 1, 7, 3)]
16 -> costo: 67275.09999999999, rotte: {6: [(1, 4), (4, 2), (2, 3), (3, 7), (7, 8)], 5: [(1, 6)], 2: [(1, 5)], 3: [(1, 4)], 4: [(1, 7), (7, 5)]}, padri: [15], figli: [], mosse: [(4, 4, 1, 7, 9)]
17 -> costo: 67275.09999999999, rotte: {6: [(1, 4), (4, 2), (2, 3), (3, 7), (7, 8)], 5: [(1, 6)], 2: [(1, 5)], 3: [(1, 4)], 4: [(1, 7), (7, 5)]}, padri: [15], figli: [], mosse: [(4, 4, 7, 5, 4)]
18 -> costo: 68410.7, rotte: {6: [(1, 4), (4, 2), (2, 3), (3, 5), (5, 7), (7, 8)], 5: [(1, 6)], 2: [(1, 5)], 3: [(1, 4)], 4: [(1, 7)]}, padri: [15, 19], figli: [], mosse: [(6, 4, 3, 5, 4), (6, 4, 3, 5, 4)]
19 -> costo: 68447.49999999999, rotte: {6: [(1, 4), (4, 2), (2, 3), (3, 7), (7, 8)], 5: [(1, 6)], 2: [(1, 5)], 3: [(1, 4)], 4: [(1, 5), (5, 7)]}, padri: [14], figli: [18], mosse: [(4, 5, 5, 7, 3)]
20 -> costo: 67275.09999999999, rotte: {6: [(1, 4), (4, 2), (2, 3), (3, 7), (7, 8)], 5: [(1, 6)], 2: [(1, 5)], 3: [(1, 4)], 4: [(1, 7), (7, 5)]}, padri: [19], figli: [], mosse: [(4, 4, 1, 7, 9)]
21 -> costo: 67275.09999999999, rotte: {6: [(1, 4), (4, 2), (2, 3), (3, 7), (7, 8)], 5: [(1, 6)], 2: [(1, 5)], 3: [(1, 4)], 4: [(1, 7), (7, 5)]}, padri: [19], figli: [], mosse: [(4, 4, 7, 5, 4)]
22 -> costo: 69231.7, rotte: {6: [(1, 4), (4, 2), (2, 3), (3, 5), (5, 7), (7, 8)], 5: [(1, 6), (6, 7)], 2: [(1, 5)], 3: [(1, 4)], 4: [(1, 7)]}, padri: [14], figli: [], mosse: [(6, 4, 3, 5, 4)]
23 -> costo: 71855.29999999999, rotte: {6: [(1, 3), (3, 4), (4, 7), (7, 8)], 5: [(1, 6), (6, 7)], 2: [(1, 5)], 3: [(1, 4)], 4: [(1, 2), (2, 5)]}, padri: [1], figli: [3, 24, 25, 26], mosse: [(6, 4, 1, 7, 6)]
24 -> costo: 70956.9, rotte: {6: [(1, 4), (4, 7), (7, 3), (3, 8)], 5: [(1, 6), (6, 7)], 2: [(1, 5)], 3: [(1, 4)], 4: [(1, 2), (2, 5)]}, padri: [23], figli: [3, 25, 26, 28], mosse: [(6, 6, 7, 3, 7)]
25 -> costo: 70060.4, rotte: {6: [(1, 4), (4, 3), (3, 8), (8, 7)], 5: [(1, 6), (6, 7)], 2: [(1, 5)], 3: [(1, 4)], 4: [(1, 2), (2, 5)]}, padri: [24], figli: [3, 3, 3, 26, 26, 26, 26, 26, 26, 27, 27, 27, 27, 29, 29, 29, 29], mosse: [(6, 6, 8, 7, 16)]
26 -> costo: 69239.4, rotte: {6: [(1, 4), (4, 3), (3, 8), (8, 7)], 5: [(1, 6)], 2: [(1, 5)], 3: [(1, 4)], 4: [(1, 2), (2, 5)]}, padri: [25, 25, 25, 25, 28, 31], figli: [4, 4, 4], mosse: [(6, 5, 1, 7, 3), (6, 5, 4, 7, 3), (6, 5, 3, 7, 3), (6, 5, 8, 7, 3), (6, 6, 8, 7, 19), (6, 4, 1, 4, 1)]
27 -> costo: 69723.99999999999, rotte: {6: [(1, 4), (4, 2), (2, 3), (3, 8), (8, 7)], 5: [(1, 6), (6, 7)], 2: [(1, 5)], 3: [(1, 4)], 4: [(1, 5)]}, padri: [25], figli: [5, 5, 5], mosse: [(6, 4, 4, 2, 5)]
28 -> costo: 70135.9, rotte: {6: [(1, 4), (4, 7), (7, 3), (3, 8)], 5: [(1, 6)], 2: [(1, 5)], 3: [(1, 4)], 4: [(1, 2), (2, 5)]}, padri: [24], figli: [4, 26, 29], mosse: [(6, 5, 1, 7, 3)]
29 -> costo: 69787.29999999999, rotte: {6: [(1, 7), (7, 3), (3, 8)], 5: [(1, 6)], 2: [(1, 5)], 3: [(1, 4)], 4: [(1, 4), (4, 2), (2, 5)]}, padri: [28], figli: [30, 31, 32], mosse: [(4, 6, 1, 4, 1)]
30 -> costo: 66011.8, rotte: {6: [(1, 3), (3, 7), (7, 8)], 5: [(1, 6)], 2: [(1, 5)], 3: [(1, 4)], 4: [(1, 4), (4, 2), (2, 5)]}, padri: [29, 31, 31, 31], figli: [4], mosse: [(6, 6, 3, 7, 19), (6, 6, 3, 7, 19), (6, 6, 7, 8, 1), (6, 6, 8, 7)]
31 -> costo: 69287.99999999999, rotte: {6: [(1, 3), (3, 8), (8, 7)], 5: [(1, 6)], 2: [(1, 5)], 3: [(1, 4)], 4: [(1, 4), (4, 2), (2, 5)]}, padri: [29], figli: [30, 30, 30, 26], mosse: [(6, 6, 8, 7, 19)]
32 -> costo: 69623.9, rotte: {6: [(1, 8), (8, 7), (7, 3)], 5: [(1, 6)], 2: [(1, 5)], 3: [(1, 4)], 4: [(1, 4), (4, 2), (2, 5)]}, padri: [29], figli: [33], mosse: [(6, 6, 1, 8, 1)]
33 -> costo: 68390.4, rotte: {6: [(1, 7), (7, 3)], 5: [(1, 6), (6, 8)], 2: [(1, 5)], 3: [(1, 4)], 4: [(1, 4), (4, 2), (2, 5)]}, padri: [32], figli: [34], mosse: [(5, 6, 6, 8, 1)]
34 -> costo: 66523.70000000001, rotte: {6: [(1, 3), (3, 7)], 5: [(1, 6), (6, 8)], 2: [(1, 5)], 3: [(1, 4)], 4: [(1, 4), (4, 2), (2, 5)]}, padri: [33], figli: [35], mosse: [(6, 6, 1, 3, 7)]
35 -> costo: 66475.09999999999, rotte: {6: [(1, 4), (4, 3), (3, 7)], 5: [(1, 6), (6, 8)], 2: [(1, 5)], 3: [(1, 4)], 4: [(1, 2), (2, 5)]}, padri: [34], figli: [], mosse: [(6, 4, 1, 4, 1)]
bestSolutionIndice: 4
4 -> costo: 65963.2, rotte: {6: [(1, 4), (4, 3), (3, 7), (7, 8)], 5: [(1, 6)], 2: [(1, 5)], 3: [(1, 4)], 4: [(1, 2), (2, 5)]}, padri: [3, 3, 3, 3, 7, 7, 7, 7, 12, 12, 12, 12, 26, 26, 26, 28, 30], figli: [], mosse: [(6, 5, 1, 7, 3), (6, 5, 4, 7, 3), (6, 5, 3, 7, 3), (6, 5, 8, 7, 3), (6, 4, 1, 7, 6), (6, 4, 4, 7, 6), (6, 4, 3, 7, 6), (6, 4, 8, 7, 6), (6, 4, 1, 7, 6), (6, 4, 4, 7, 6), (6, 4, 3, 7, 6), (6, 4, 8, 7, 6), (6, 6, 3, 7, 19), (6, 6, 7, 8, 1), (6, 6, 8, 7), (6, 6, 3, 7, 19), (6, 4, 1, 4, 1)]
trasportoPalletDiGamma: {6: [(4, 1), (3, 7), (7, 19), (8, 1)], 5: [(6, 17)], 2: [(5, 10)], 3: [(4, 10)], 4: [(2, 5), (5, 4)]}
itMosseLS: 108, itMosseTS: 100
time elapsed: 175.63s.


