itNSIMax: 10, itMosseTSMax: 30.
##########################################################################################
s: 1
dictSolutions[1]:
0 -> costo: 139338.0, rotte: {10: [(1, 8), (8, 6)], 6: [(1, 2)], 3: [(1, 3)], 8: [(1, 6)], 9: [(1, 4)], 11: [(1, 7), (7, 4), (4, 9)], 2: [(1, 9)], 7: [(1, 5)], 4: [(1, 2), (2, 3)], 5: [(1, 3)]}, padri: [-1], figli: [1], mosse: [-1]
1 -> costo: 135472.6, rotte: {10: [(1, 8), (8, 6)], 6: [(1, 2)], 3: [(1, 3)], 8: [(1, 6)], 9: [(1, 4)], 11: [(1, 4), (4, 9), (9, 7)], 2: [(1, 9)], 7: [(1, 5)], 4: [(1, 2), (2, 3)], 5: [(1, 3)]}, padri: [0], figli: [2], mosse: [(11, 11, 9, 7, 3)]
2 -> costo: 132611.4, rotte: {10: [(1, 6)], 6: [(1, 2)], 3: [(1, 3)], 8: [(1, 6)], 9: [(1, 4)], 11: [(1, 4), (4, 9), (9, 7)], 2: [(1, 9)], 7: [(1, 5)], 4: [(1, 2), (2, 8), (8, 3)], 5: [(1, 3)]}, padri: [1], figli: [3, 12, 14, 15, 16], mosse: [(4, 10, 2, 8, 1)]
3 -> costo: 129780.49999999999, rotte: {10: [(1, 6)], 6: [(1, 2)], 3: [(1, 3)], 8: [(1, 6)], 9: [(1, 4)], 11: [(1, 9), (9, 4), (4, 7)], 2: [(1, 9)], 7: [(1, 5)], 4: [(1, 2), (2, 8), (8, 3)], 5: [(1, 3)]}, padri: [2], figli: [4, 5, 6, 7, 7, 7, 11, 11, 11, 13, 17, 17, 17], mosse: [(11, 11, 9, 4, 8)]
4 -> costo: 127443.5, rotte: {10: [(1, 6)], 6: [(1, 2)], 3: [(1, 3)], 8: [(1, 6)], 9: [(1, 4)], 11: [(1, 2), (2, 9), (9, 4), (4, 7)], 2: [(1, 9)], 7: [(1, 5)], 4: [(1, 8), (8, 3)], 5: [(1, 3)]}, padri: [3, 5, 8, 8, 11, 12, 13], figli: [], mosse: [(11, 4, 1, 2, 1), (11, 11, 2, 9, 3), (4, 4, 1, 8, 1), (4, 4, 8, 3, 2), (11, 10, 1, 2, 1), (11, 11, 9, 4, 8), (11, 11, 9, 4, 8)]
5 -> costo: 128142.0, rotte: {10: [(1, 6)], 6: [(1, 2)], 3: [(1, 3)], 8: [(1, 6)], 9: [(1, 4)], 11: [(1, 9), (9, 2), (2, 4), (4, 7)], 2: [(1, 9)], 7: [(1, 5)], 4: [(1, 8), (8, 3)], 5: [(1, 3)]}, padri: [3, 9, 9, 11, 14], figli: [4, 13], mosse: [(11, 4, 9, 2, 1), (4, 4, 1, 8, 1), (4, 4, 8, 3, 2), (11, 10, 9, 2, 1), (11, 11, 2, 4, 8)]
6 -> costo: 128527.4, rotte: {10: [(1, 6)], 6: [(1, 2)], 3: [(1, 3)], 8: [(1, 6)], 9: [(1, 4)], 11: [(1, 9), (9, 4), (4, 7)], 2: [(1, 9)], 7: [(1, 5)], 4: [(1, 8), (8, 3), (3, 2)], 5: [(1, 3)]}, padri: [3, 10, 15], figli: [], mosse: [(4, 4, 3, 2, 1), (4, 4, 8, 3, 2), (11, 11, 9, 4, 8)]
7 -> costo: 129374.39999999998, rotte: {10: [(1, 6)], 6: [(1, 2)], 3: [(1, 3)], 8: [(1, 6)], 9: [(1, 4)], 11: [(1, 9), (9, 4), (4, 7)], 2: [(1, 9)], 7: [(1, 5)], 4: [(1, 2), (2, 3), (3, 8)], 5: [(1, 3)]}, padri: [3, 3, 3, 16], figli: [8, 9, 10, 18], mosse: [(4, 4, 8, 3), (4, 4, 2, 3, 2), (4, 4, 3, 8, 1), (11, 11, 9, 4, 8)]
8 -> costo: 127678.89999999998, rotte: {10: [(1, 6)], 6: [(1, 2)], 3: [(1, 3)], 8: [(1, 6)], 9: [(1, 4)], 11: [(1, 2), (2, 9), (9, 4), (4, 7)], 2: [(1, 9)], 7: [(1, 5)], 4: [(1, 3), (3, 8)], 5: [(1, 3)]}, padri: [7, 9, 17, 18], figli: [4, 4, 13, 13], mosse: [(11, 4, 1, 2, 1), (11, 11, 2, 9, 3), (11, 11, 9, 4, 8), (11, 11, 9, 4, 8)]
9 -> costo: 128377.39999999998, rotte: {10: [(1, 6)], 6: [(1, 2)], 3: [(1, 3)], 8: [(1, 6)], 9: [(1, 4)], 11: [(1, 9), (9, 2), (2, 4), (4, 7)], 2: [(1, 9)], 7: [(1, 5)], 4: [(1, 3), (3, 8)], 5: [(1, 3)]}, padri: [7], figli: [8, 5, 5, 18], mosse: [(11, 4, 9, 2, 1)]
10 -> costo: 129168.89999999997, rotte: {10: [(1, 6)], 6: [(1, 2)], 3: [(1, 3)], 8: [(1, 6)], 9: [(1, 4)], 11: [(1, 9), (9, 4), (4, 7)], 2: [(1, 9)], 7: [(1, 5)], 4: [(1, 3), (3, 8), (8, 2)], 5: [(1, 3)]}, padri: [7], figli: [6], mosse: [(4, 4, 8, 2, 1)]
11 -> costo: 129740.49999999999, rotte: {10: [(1, 2), (2, 6)], 6: [(1, 2)], 3: [(1, 3)], 8: [(1, 6)], 9: [(1, 4)], 11: [(1, 9), (9, 4), (4, 7)], 2: [(1, 9)], 7: [(1, 5)], 4: [(1, 8), (8, 3)], 5: [(1, 3)]}, padri: [3], figli: [4, 5, 13], mosse: [(10, 4, 1, 2, 1)]
12 -> costo: 130972.90000000001, rotte: {10: [(1, 6)], 6: [(1, 2)], 3: [(1, 3)], 8: [(1, 6)], 9: [(1, 4)], 11: [(1, 4), (4, 2), (2, 9), (9, 7)], 2: [(1, 9)], 7: [(1, 5)], 4: [(1, 8), (8, 3)], 5: [(1, 3)]}, padri: [2], figli: [4, 13], mosse: [(11, 4, 4, 2, 1)]
13 -> costo: 130709.6, rotte: {10: [(1, 6)], 6: [(1, 2)], 3: [(1, 3)], 8: [(1, 6)], 9: [(1, 4)], 11: [(1, 2), (2, 4), (4, 9), (9, 7)], 2: [(1, 9)], 7: [(1, 5)], 4: [(1, 8), (8, 3)], 5: [(1, 3)]}, padri: [12], figli: [4], mosse: [(11, 11, 2, 4, 8)]
14 -> costo: 130972.90000000001, rotte: {10: [(1, 6)], 6: [(1, 2)], 3: [(1, 3)], 8: [(1, 6)], 9: [(1, 4)], 11: [(1, 4), (4, 9), (9, 2), (2, 7)], 2: [(1, 9)], 7: [(1, 5)], 4: [(1, 8), (8, 3)], 5: [(1, 3)]}, padri: [2], figli: [5], mosse: [(11, 4, 9, 2, 1)]
15 -> costo: 131358.30000000002, rotte: {10: [(1, 6)], 6: [(1, 2)], 3: [(1, 3)], 8: [(1, 6)], 9: [(1, 4)], 11: [(1, 4), (4, 9), (9, 7)], 2: [(1, 9)], 7: [(1, 5)], 4: [(1, 8), (8, 3), (3, 2)], 5: [(1, 3)]}, padri: [2], figli: [6], mosse: [(4, 4, 3, 2, 1)]
16 -> costo: 132205.3, rotte: {10: [(1, 6)], 6: [(1, 2)], 3: [(1, 3)], 8: [(1, 6)], 9: [(1, 4)], 11: [(1, 4), (4, 9), (9, 7)], 2: [(1, 9)], 7: [(1, 5)], 4: [(1, 2), (2, 3), (3, 8)], 5: [(1, 3)]}, padri: [2], figli: [7, 17], mosse: [(4, 4, 8, 3)]
17 -> costo: 131208.3, rotte: {10: [(1, 6)], 6: [(1, 2)], 3: [(1, 3)], 8: [(1, 6)], 9: [(1, 4)], 11: [(1, 4), (4, 2), (2, 9), (9, 7)], 2: [(1, 9)], 7: [(1, 5)], 4: [(1, 3), (3, 8)], 5: [(1, 3)]}, padri: [16], figli: [8, 18], mosse: [(11, 4, 4, 2, 1)]
18 -> costo: 130944.99999999999, rotte: {10: [(1, 6)], 6: [(1, 2)], 3: [(1, 3)], 8: [(1, 6)], 9: [(1, 4)], 11: [(1, 2), (2, 4), (4, 9), (9, 7)], 2: [(1, 9)], 7: [(1, 5)], 4: [(1, 3), (3, 8)], 5: [(1, 3)]}, padri: [17], figli: [8], mosse: [(11, 11, 2, 4, 8)]
bestSolutionIndice: 4
4 -> costo: 127443.5, rotte: {10: [(1, 6)], 6: [(1, 2)], 3: [(1, 3)], 8: [(1, 6)], 9: [(1, 4)], 11: [(1, 2), (2, 9), (9, 4), (4, 7)], 2: [(1, 9)], 7: [(1, 5)], 4: [(1, 8), (8, 3)], 5: [(1, 3)]}, padri: [3, 5, 8, 8, 11, 12, 13], figli: [], mosse: [(11, 4, 1, 2, 1), (11, 11, 2, 9, 3), (4, 4, 1, 8, 1), (4, 4, 8, 3, 2), (11, 10, 1, 2, 1), (11, 11, 9, 4, 8), (11, 11, 9, 4, 8)]
trasportoPalletDiGamma: {10: [(6, 9)], 6: [(2, 5)], 3: [(3, 5)], 8: [(6, 5)], 9: [(4, 10)], 11: [(2, 1), (9, 3), (4, 8), (7, 3)], 2: [(9, 5)], 7: [(5, 5)], 4: [(8, 1), (3, 2)], 5: [(3, 5)]}
itMosseLS: 36, itMosseTS: 30
time elapsed: 637.31s.


##########################################################################################
s: 1
dictSolutions[1]:
0 -> costo: 146107.19999999998, rotte: {7: [(1, 5)], 9: [(1, 2), (2, 6)], 11: [(1, 4)], 8: [(1, 9)], 10: [(1, 3)], 3: [(1, 8), (8, 3)], 4: [(1, 6)], 6: [(1, 7), (7, 6)], 5: [(1, 4), (4, 6)], 2: [(1, 9), (9, 6)]}, padri: [-1], figli: [1, 1], mosse: [-1]
1 -> costo: 142983.4, rotte: {7: [(1, 5)], 9: [(1, 2), (2, 6)], 11: [(1, 4)], 8: [(1, 9)], 10: [(1, 3)], 3: [(1, 8), (8, 3)], 4: [(1, 6)], 6: [(1, 6), (6, 7)], 5: [(1, 4), (4, 6)], 2: [(1, 9), (9, 6)]}, padri: [0, 0], figli: [], mosse: [(6, 6, 1, 6, 2), (6, 6, 6, 7, 3)]
bestSolutionIndice: 1
1 -> costo: 142983.4, rotte: {7: [(1, 5)], 9: [(1, 2), (2, 6)], 11: [(1, 4)], 8: [(1, 9)], 10: [(1, 3)], 3: [(1, 8), (8, 3)], 4: [(1, 6)], 6: [(1, 6), (6, 7)], 5: [(1, 4), (4, 6)], 2: [(1, 9), (9, 6)]}, padri: [0, 0], figli: [], mosse: [(6, 6, 1, 6, 2), (6, 6, 6, 7, 3)]
trasportoPalletDiGamma: {7: [(5, 5)], 9: [(2, 6), (6, 4)], 11: [(4, 15)], 8: [(9, 5)], 10: [(3, 10)], 3: [(8, 1), (3, 2)], 4: [(6, 5)], 6: [(6, 2), (7, 3)], 5: [(4, 3), (6, 2)], 2: [(9, 3), (6, 1)]}
itMosseLS: 2, itMosseTS: 2
time elapsed: 51.11s.


##########################################################################################
s: 1
dictSolutions[1]:
0 -> costo: 144627.0, rotte: {2: [(1, 8), (8, 3), (3, 4)], 9: [(1, 7), (7, 9), (9, 4)], 7: [(1, 4)], 5: [(1, 5)], 3: [(1, 2)], 10: [(1, 3)], 8: [(1, 9)], 11: [(1, 6), (6, 4)], 6: [(1, 4)], 4: [(1, 2), (2, 4)]}, padri: [-1], figli: [1], mosse: [-1]
1 -> costo: 140407.8, rotte: {2: [(1, 8), (8, 3)], 9: [(1, 7), (7, 9), (9, 4)], 7: [(1, 4)], 5: [(1, 5)], 3: [(1, 2)], 10: [(1, 3)], 8: [(1, 9)], 11: [(1, 6), (6, 4)], 6: [(1, 4)], 4: [(1, 2), (2, 4)]}, padri: [0], figli: [2, 7], mosse: [(9, 2, 1, 4, 2)]
2 -> costo: 132598.6, rotte: {2: [(1, 8), (8, 3)], 9: [(1, 9), (9, 4), (4, 7)], 7: [(1, 4)], 5: [(1, 5)], 3: [(1, 2)], 10: [(1, 3)], 8: [(1, 9)], 11: [(1, 6), (6, 4)], 6: [(1, 4)], 4: [(1, 2), (2, 4)]}, padri: [1], figli: [3, 3, 3, 4, 4, 4, 5, 5, 5, 4, 4, 6, 6, 6, 8, 8, 8, 9, 9, 9], mosse: [(9, 9, 4, 7, 3)]
3 -> costo: 127881.80000000002, rotte: {2: [(1, 8), (8, 3)], 9: [(1, 9), (9, 4), (4, 7)], 7: [(1, 4)], 5: [(1, 5)], 3: [(1, 2)], 10: [(1, 3)], 8: [(1, 9)], 11: [(1, 6)], 6: [(1, 4)], 4: [(1, 2), (2, 4)]}, padri: [2, 2, 2, 4, 4, 4, 7, 8, 8, 9, 11], figli: [], mosse: [(9, 11, 1, 4, 1), (9, 11, 9, 4, 1), (9, 11, 7, 4, 1), (9, 11, 1, 4, 1), (9, 11, 9, 4, 1), (9, 11, 7, 4, 1), (9, 9, 4, 7, 3), (9, 9, 9, 4, 4), (9, 9, 4, 7, 3), (9, 9, 9, 4, 4), (9, 9, 1, 9, 3)]
4 -> costo: 130757.80000000002, rotte: {2: [(1, 8), (8, 3)], 9: [(1, 9), (9, 4), (4, 7)], 7: [(1, 4)], 5: [(1, 5)], 3: [(1, 2)], 10: [(1, 3)], 8: [(1, 9)], 11: [(1, 4), (4, 6)], 6: [(1, 4)], 4: [(1, 2), (2, 4)]}, padri: [2, 2, 2], figli: [3, 3, 3, 5, 5, 5, 8, 8, 8, 9, 9, 9], mosse: [(11, 11, 1, 4, 1), (11, 11, 4, 6, 14), (11, 11, 6, 4)]
5 -> costo: 130322.6, rotte: {2: [(1, 8), (8, 3)], 9: [(1, 2), (2, 9), (9, 4), (4, 7)], 7: [(1, 4)], 5: [(1, 5)], 3: [(1, 2)], 10: [(1, 3)], 8: [(1, 9)], 11: [(1, 4), (4, 6)], 6: [(1, 4)], 4: [(1, 4)]}, padri: [4, 6, 6, 6], figli: [], mosse: [(9, 4, 1, 2, 1), (11, 11, 1, 4, 1), (11, 11, 4, 6, 14), (11, 11, 6, 4)]
6 -> costo: 132163.4, rotte: {2: [(1, 8), (8, 3)], 9: [(1, 2), (2, 9), (9, 4), (4, 7)], 7: [(1, 4)], 5: [(1, 5)], 3: [(1, 2)], 10: [(1, 3)], 8: [(1, 9)], 11: [(1, 6), (6, 4)], 6: [(1, 4)], 4: [(1, 4)]}, padri: [2], figli: [5, 5, 5], mosse: [(9, 4, 1, 2, 1)]
7 -> costo: 135691.0, rotte: {2: [(1, 8), (8, 3)], 9: [(1, 7), (7, 9), (9, 4)], 7: [(1, 4)], 5: [(1, 5)], 3: [(1, 2)], 10: [(1, 3)], 8: [(1, 9)], 11: [(1, 6)], 6: [(1, 4)], 4: [(1, 2), (2, 4)]}, padri: [1], figli: [3, 8, 9, 10, 10, 10, 11, 11, 11], mosse: [(9, 11, 1, 4, 1)]
8 -> costo: 133727.9, rotte: {2: [(1, 8), (8, 3)], 9: [(1, 9), (9, 7), (7, 4)], 7: [(1, 4)], 5: [(1, 5)], 3: [(1, 2)], 10: [(1, 3)], 8: [(1, 9)], 11: [(1, 6)], 6: [(1, 4)], 4: [(1, 2), (2, 4)]}, padri: [7, 10], figli: [3, 3, 9, 9], mosse: [(9, 9, 9, 7, 3), (9, 9, 1, 9, 3)]
9 -> costo: 130712.70000000001, rotte: {2: [(1, 8), (8, 3)], 9: [(1, 4), (4, 9), (9, 7)], 7: [(1, 4)], 5: [(1, 5)], 3: [(1, 2)], 10: [(1, 3)], 8: [(1, 9)], 11: [(1, 6)], 6: [(1, 4)], 4: [(1, 2), (2, 4)]}, padri: [8, 10, 11, 11, 11], figli: [3], mosse: [(9, 9, 1, 4, 4), (9, 9, 9, 7, 3), (9, 9, 4, 9, 3), (9, 9, 9, 7, 3), (9, 9, 7, 9)]
10 -> costo: 134578.1, rotte: {2: [(1, 8), (8, 3)], 9: [(1, 7), (7, 4), (4, 9)], 7: [(1, 4)], 5: [(1, 5)], 3: [(1, 2)], 10: [(1, 3)], 8: [(1, 9)], 11: [(1, 6)], 6: [(1, 4)], 4: [(1, 2), (2, 4)]}, padri: [7, 7, 7, 11], figli: [9, 8], mosse: [(9, 9, 9, 4), (9, 9, 7, 4, 4), (9, 9, 4, 9, 3), (9, 9, 7, 4, 4)]
11 -> costo: 135439.69999999998, rotte: {2: [(1, 8), (8, 3)], 9: [(1, 4), (4, 7), (7, 9)], 7: [(1, 4)], 5: [(1, 5)], 3: [(1, 2)], 10: [(1, 3)], 8: [(1, 9)], 11: [(1, 6)], 6: [(1, 4)], 4: [(1, 2), (2, 4)]}, padri: [7], figli: [3, 9, 9, 9, 10], mosse: [(9, 9, 1, 4, 4)]
bestSolutionIndice: 3
3 -> costo: 127881.80000000002, rotte: {2: [(1, 8), (8, 3)], 9: [(1, 9), (9, 4), (4, 7)], 7: [(1, 4)], 5: [(1, 5)], 3: [(1, 2)], 10: [(1, 3)], 8: [(1, 9)], 11: [(1, 6)], 6: [(1, 4)], 4: [(1, 2), (2, 4)]}, padri: [2, 2, 2, 4, 4, 4, 7, 8, 8, 9, 11], figli: [], mosse: [(9, 11, 1, 4, 1), (9, 11, 9, 4, 1), (9, 11, 7, 4, 1), (9, 11, 1, 4, 1), (9, 11, 9, 4, 1), (9, 11, 7, 4, 1), (9, 9, 4, 7, 3), (9, 9, 9, 4, 4), (9, 9, 4, 7, 3), (9, 9, 9, 4, 4), (9, 9, 1, 9, 3)]
trasportoPalletDiGamma: {2: [(8, 1), (3, 2)], 9: [(9, 3), (4, 4), (7, 3)], 7: [(4, 5)], 5: [(5, 5)], 3: [(2, 5)], 10: [(3, 10)], 8: [(9, 5)], 11: [(6, 14)], 6: [(4, 5)], 4: [(2, 1), (4, 4)]}
itMosseLS: 34, itMosseTS: 30
time elapsed: 592.30s.


##########################################################################################
s: 1
dictSolutions[1]:
0 -> costo: 148298.1, rotte: {3: [(1, 3)], 2: [(1, 8), (8, 6)], 9: [(1, 7), (7, 4), (4, 6)], 6: [(1, 9)], 7: [(1, 6)], 11: [(1, 4)], 4: [(1, 2)], 8: [(1, 5)], 10: [(1, 3), (3, 6)], 5: [(1, 9), (9, 2)]}, padri: [-1], figli: [1, 2, 3, 5, 6, 7], mosse: [-1]
1 -> costo: 142869.5, rotte: {3: [(1, 3)], 2: [(1, 8), (8, 6)], 9: [(1, 4), (4, 6), (6, 7)], 6: [(1, 9)], 7: [(1, 6)], 11: [(1, 4)], 4: [(1, 2)], 8: [(1, 5)], 10: [(1, 3), (3, 6)], 5: [(1, 9), (9, 2)]}, padri: [0, 2, 2, 5, 6], figli: [], mosse: [(9, 9, 6, 7, 3), (9, 9, 4, 6, 2), (9, 9, 6, 7, 3), (9, 9, 1, 4, 3), (9, 9, 4, 6, 2)]
2 -> costo: 144911.4, rotte: {3: [(1, 3)], 2: [(1, 8), (8, 6)], 9: [(1, 4), (4, 7), (7, 6)], 6: [(1, 9)], 7: [(1, 6)], 11: [(1, 4)], 4: [(1, 2)], 8: [(1, 5)], 10: [(1, 3), (3, 6)], 5: [(1, 9), (9, 2)]}, padri: [0, 6], figli: [1, 1, 3, 3, 6, 6, 8, 13], mosse: [(9, 9, 4, 7, 3), (9, 9, 7, 6, 2)]
3 -> costo: 143357.8, rotte: {3: [(1, 3)], 2: [(1, 6)], 9: [(1, 8), (8, 4), (4, 7), (7, 6)], 6: [(1, 9)], 7: [(1, 6)], 11: [(1, 4)], 4: [(1, 2)], 8: [(1, 5)], 10: [(1, 3), (3, 6)], 5: [(1, 9), (9, 2)]}, padri: [2, 7, 9, 10, 11, 12, 13], figli: [4, 4, 9, 9, 10, 10, 11, 11], mosse: [(9, 2, 1, 8, 1), (9, 9, 4, 7, 3), (9, 9, 7, 6, 2), (9, 9, 7, 6, 2), (9, 9, 7, 6, 2), (9, 9, 8, 4, 3), (9, 9, 7, 6, 2)]
4 -> costo: 141315.9, rotte: {3: [(1, 3)], 2: [(1, 6)], 9: [(1, 8), (8, 4), (4, 6), (6, 7)], 6: [(1, 9)], 7: [(1, 6)], 11: [(1, 4)], 4: [(1, 2)], 8: [(1, 5)], 10: [(1, 3), (3, 6)], 5: [(1, 9), (9, 2)]}, padri: [3, 3, 7, 8, 9, 10, 11, 13], figli: [], mosse: [(9, 9, 4, 6, 2), (9, 9, 6, 7, 3), (9, 9, 6, 7, 3), (9, 9, 8, 4, 3), (9, 9, 4, 6, 2), (9, 9, 4, 6, 2), (9, 9, 4, 6, 2), (9, 9, 4, 6, 2)]
5 -> costo: 146769.0, rotte: {3: [(1, 3)], 2: [(1, 8), (8, 6)], 9: [(1, 6), (6, 7), (7, 4)], 6: [(1, 9)], 7: [(1, 6)], 11: [(1, 4)], 4: [(1, 2)], 8: [(1, 5)], 10: [(1, 3), (3, 6)], 5: [(1, 9), (9, 2)]}, padri: [0], figli: [1, 6, 6, 6], mosse: [(9, 9, 1, 6, 2)]
6 -> costo: 145157.5, rotte: {3: [(1, 3)], 2: [(1, 8), (8, 6)], 9: [(1, 6), (6, 4), (4, 7)], 6: [(1, 9)], 7: [(1, 6)], 11: [(1, 4)], 4: [(1, 2)], 8: [(1, 5)], 10: [(1, 3), (3, 6)], 5: [(1, 9), (9, 2)]}, padri: [5, 5, 5], figli: [1, 2], mosse: [(9, 9, 6, 4, 3), (9, 9, 4, 7, 3), (9, 9, 7, 4)]
7 -> costo: 147609.19999999998, rotte: {3: [(1, 3)], 2: [(1, 6)], 9: [(1, 8), (8, 7), (7, 4), (4, 6)], 6: [(1, 9)], 7: [(1, 6)], 11: [(1, 4)], 4: [(1, 2)], 8: [(1, 5)], 10: [(1, 3), (3, 6)], 5: [(1, 9), (9, 2)]}, padri: [0], figli: [4, 3, 8, 9, 10, 11, 12, 13], mosse: [(9, 2, 1, 8, 1)]
8 -> costo: 146768.99999999997, rotte: {3: [(1, 3)], 2: [(1, 6)], 9: [(1, 8), (8, 6), (6, 7), (7, 4)], 6: [(1, 9)], 7: [(1, 6)], 11: [(1, 4)], 4: [(1, 2)], 8: [(1, 5)], 10: [(1, 3), (3, 6)], 5: [(1, 9), (9, 2)]}, padri: [7], figli: [4, 9, 10, 11], mosse: [(9, 9, 8, 6, 2)]
9 -> costo: 145157.5, rotte: {3: [(1, 3)], 2: [(1, 6)], 9: [(1, 8), (8, 6), (6, 4), (4, 7)], 6: [(1, 9)], 7: [(1, 6)], 11: [(1, 4)], 4: [(1, 2)], 8: [(1, 5)], 10: [(1, 3), (3, 6)], 5: [(1, 9), (9, 2)]}, padri: [3, 3, 7, 8], figli: [4, 3, 13], mosse: [(9, 9, 6, 4, 3)]
10 -> costo: 145157.5, rotte: {3: [(1, 3)], 2: [(1, 6)], 9: [(1, 8), (8, 6), (6, 4), (4, 7)], 6: [(1, 9)], 7: [(1, 6)], 11: [(1, 4)], 4: [(1, 2)], 8: [(1, 5)], 10: [(1, 3), (3, 6)], 5: [(1, 9), (9, 2)]}, padri: [3, 3, 7, 8], figli: [4, 3, 13], mosse: [(9, 9, 4, 7, 3)]
11 -> costo: 145157.5, rotte: {3: [(1, 3)], 2: [(1, 6)], 9: [(1, 8), (8, 6), (6, 4), (4, 7)], 6: [(1, 9)], 7: [(1, 6)], 11: [(1, 4)], 4: [(1, 2)], 8: [(1, 5)], 10: [(1, 3), (3, 6)], 5: [(1, 9), (9, 2)]}, padri: [3, 3, 7, 8], figli: [4, 3, 13], mosse: [(9, 9, 7, 4)]
12 -> costo: 147145.19999999998, rotte: {3: [(1, 3)], 2: [(1, 6)], 9: [(1, 8), (8, 7), (7, 6), (6, 4)], 6: [(1, 9)], 7: [(1, 6)], 11: [(1, 4)], 4: [(1, 2)], 8: [(1, 5)], 10: [(1, 3), (3, 6)], 5: [(1, 9), (9, 2)]}, padri: [7], figli: [3, 13], mosse: [(9, 9, 4, 6)]
13 -> costo: 145157.5, rotte: {3: [(1, 3)], 2: [(1, 6)], 9: [(1, 8), (8, 6), (6, 4), (4, 7)], 6: [(1, 9)], 7: [(1, 6)], 11: [(1, 4)], 4: [(1, 2)], 8: [(1, 5)], 10: [(1, 3), (3, 6)], 5: [(1, 9), (9, 2)]}, padri: [2, 7, 9, 10, 11, 12], figli: [4, 3], mosse: [(9, 9, 4, 7, 3)]
bestSolutionIndice: 4
4 -> costo: 141315.9, rotte: {3: [(1, 3)], 2: [(1, 6)], 9: [(1, 8), (8, 4), (4, 6), (6, 7)], 6: [(1, 9)], 7: [(1, 6)], 11: [(1, 4)], 4: [(1, 2)], 8: [(1, 5)], 10: [(1, 3), (3, 6)], 5: [(1, 9), (9, 2)]}, padri: [3, 3, 7, 8, 9, 10, 11, 13], figli: [], mosse: [(9, 9, 4, 6, 2), (9, 9, 6, 7, 3), (9, 9, 6, 7, 3), (9, 9, 8, 4, 3), (9, 9, 4, 6, 2), (9, 9, 4, 6, 2), (9, 9, 4, 6, 2), (9, 9, 4, 6, 2)]
trasportoPalletDiGamma: {3: [(3, 5)], 2: [(6, 4)], 9: [(8, 1), (4, 3), (6, 2), (7, 3)], 6: [(9, 5)], 7: [(6, 5)], 11: [(4, 15)], 4: [(2, 5)], 8: [(5, 5)], 10: [(3, 7), (6, 3)], 5: [(9, 3), (2, 1)]}
itMosseLS: 33, itMosseTS: 30
time elapsed: 808.14s.


##########################################################################################
s: 1
dictSolutions[1]:
0 -> costo: 142881.1, rotte: {9: [(1, 4)], 5: [(1, 8), (8, 3)], 11: [(1, 2), (2, 6)], 10: [(1, 7), (7, 4), (4, 3)], 2: [(1, 5)], 6: [(1, 9)], 8: [(1, 3)], 3: [(1, 6)], 4: [(1, 4)], 7: [(1, 9), (9, 3)]}, padri: [-1], figli: [1, 2, 7, 13, 14], mosse: [-1]
1 -> costo: 140062.2, rotte: {9: [(1, 4)], 5: [(1, 8), (8, 3)], 11: [(1, 2), (2, 6)], 10: [(1, 7), (7, 4), (4, 9), (9, 3)], 2: [(1, 5)], 6: [(1, 9)], 8: [(1, 3)], 3: [(1, 6)], 4: [(1, 4)], 7: [(1, 3)]}, padri: [0, 2, 11], figli: [], mosse: [(10, 7, 4, 9, 3), (10, 10, 4, 9, 3), (10, 10, 7, 4, 3)]
2 -> costo: 141362.09999999998, rotte: {9: [(1, 4)], 5: [(1, 8), (8, 3)], 11: [(1, 2), (2, 6)], 10: [(1, 9), (9, 7), (7, 4), (4, 3)], 2: [(1, 5)], 6: [(1, 9)], 8: [(1, 3)], 3: [(1, 6)], 4: [(1, 4)], 7: [(1, 3)]}, padri: [0], figli: [3, 1, 7, 13], mosse: [(10, 7, 1, 9, 3)]
3 -> costo: 138566.9, rotte: {9: [(1, 4)], 5: [(1, 8), (8, 3)], 11: [(1, 2), (2, 6)], 10: [(1, 3), (3, 9), (9, 7), (7, 4)], 2: [(1, 5)], 6: [(1, 9)], 8: [(1, 3)], 3: [(1, 6)], 4: [(1, 4)], 7: [(1, 3)]}, padri: [2], figli: [4, 6, 10], mosse: [(10, 10, 1, 3, 1)]
4 -> costo: 135986.9, rotte: {9: [(1, 4)], 5: [(1, 8), (8, 3)], 11: [(1, 2), (2, 6)], 10: [(1, 3), (3, 4), (4, 9), (9, 7)], 2: [(1, 5)], 6: [(1, 9)], 8: [(1, 3)], 3: [(1, 6)], 4: [(1, 4)], 7: [(1, 3)]}, padri: [3, 6, 13, 13, 13], figli: [5, 8], mosse: [(10, 10, 3, 4, 3), (10, 10, 3, 4, 3), (10, 10, 4, 9, 3), (10, 10, 9, 7, 3), (10, 10, 7, 9)]
5 -> costo: 132720.80000000002, rotte: {9: [(1, 4)], 5: [(1, 8), (8, 3)], 11: [(1, 2), (2, 6)], 10: [(1, 3), (3, 9), (9, 4), (4, 7)], 2: [(1, 5)], 6: [(1, 9)], 8: [(1, 3)], 3: [(1, 6)], 4: [(1, 4)], 7: [(1, 3)]}, padri: [4, 6, 7, 8, 13, 15], figli: [], mosse: [(10, 10, 9, 4, 3), (10, 10, 9, 4, 3), (10, 10, 1, 3, 1), (10, 10, 3, 9, 3), (10, 10, 3, 9, 3), (10, 7, 3, 9, 3)]
6 -> costo: 138370.6, rotte: {9: [(1, 4)], 5: [(1, 8), (8, 3)], 11: [(1, 2), (2, 6)], 10: [(1, 4), (4, 3), (3, 9), (9, 7)], 2: [(1, 5)], 6: [(1, 9)], 8: [(1, 3)], 3: [(1, 6)], 4: [(1, 4)], 7: [(1, 3)]}, padri: [3, 9], figli: [5, 4, 8], mosse: [(10, 10, 1, 4, 3), (10, 10, 3, 9, 3)]
7 -> costo: 141358.99999999997, rotte: {9: [(1, 4)], 5: [(1, 8), (8, 3)], 11: [(1, 2), (2, 6)], 10: [(1, 9), (9, 4), (4, 7), (7, 3)], 2: [(1, 5)], 6: [(1, 9)], 8: [(1, 3)], 3: [(1, 6)], 4: [(1, 4)], 7: [(1, 3)]}, padri: [2], figli: [5, 8, 9, 9, 9, 11, 11, 11], mosse: [(10, 10, 4, 7, 3)]
8 -> costo: 135539.7, rotte: {9: [(1, 4)], 5: [(1, 8), (8, 3)], 11: [(1, 2), (2, 6)], 10: [(1, 9), (9, 3), (3, 4), (4, 7)], 2: [(1, 5)], 6: [(1, 9)], 8: [(1, 3)], 3: [(1, 6)], 4: [(1, 4)], 7: [(1, 3)]}, padri: [7, 9, 10, 12, 13], figli: [5], mosse: [(10, 10, 9, 3, 1), (10, 10, 3, 4, 3), (10, 10, 3, 4, 3), (10, 10, 3, 4, 3), (10, 10, 1, 9, 3)]
9 -> costo: 138805.8, rotte: {9: [(1, 4)], 5: [(1, 8), (8, 3)], 11: [(1, 2), (2, 6)], 10: [(1, 9), (9, 4), (4, 3), (3, 7)], 2: [(1, 5)], 6: [(1, 9)], 8: [(1, 3)], 3: [(1, 6)], 4: [(1, 4)], 7: [(1, 3)]}, padri: [7, 7, 7], figli: [8, 6, 10], mosse: [(10, 10, 7, 3), (10, 10, 4, 3, 1), (10, 10, 3, 7, 3)]
10 -> costo: 138370.6, rotte: {9: [(1, 4)], 5: [(1, 8), (8, 3)], 11: [(1, 2), (2, 6)], 10: [(1, 4), (4, 9), (9, 3), (3, 7)], 2: [(1, 5)], 6: [(1, 9)], 8: [(1, 3)], 3: [(1, 6)], 4: [(1, 4)], 7: [(1, 3)]}, padri: [3, 9], figli: [8], mosse: [(10, 10, 4, 9, 3)]
11 -> costo: 140923.8, rotte: {9: [(1, 4)], 5: [(1, 8), (8, 3)], 11: [(1, 2), (2, 6)], 10: [(1, 4), (4, 7), (7, 9), (9, 3)], 2: [(1, 5)], 6: [(1, 9)], 8: [(1, 3)], 3: [(1, 6)], 4: [(1, 4)], 7: [(1, 3)]}, padri: [7], figli: [12, 1, 13], mosse: [(10, 10, 7, 9, 3)]
12 -> costo: 138370.6, rotte: {9: [(1, 4)], 5: [(1, 8), (8, 3)], 11: [(1, 2), (2, 6)], 10: [(1, 4), (4, 9), (9, 3), (3, 7)], 2: [(1, 5)], 6: [(1, 9)], 8: [(1, 3)], 3: [(1, 6)], 4: [(1, 4)], 7: [(1, 3)]}, padri: [11], figli: [8], mosse: [(10, 10, 3, 7, 3)]
13 -> costo: 140713.9, rotte: {9: [(1, 4)], 5: [(1, 8), (8, 3)], 11: [(1, 2), (2, 6)], 10: [(1, 3), (3, 4), (4, 7), (7, 9)], 2: [(1, 5)], 6: [(1, 9)], 8: [(1, 3)], 3: [(1, 6)], 4: [(1, 4)], 7: [(1, 3)]}, padri: [11], figli: [5, 8, 4, 4, 4], mosse: [(10, 10, 1, 3, 1)]
14 -> costo: 141385.80000000002, rotte: {9: [(1, 4)], 5: [(1, 8), (8, 3)], 11: [(1, 2), (2, 6)], 10: [(1, 3), (3, 7), (7, 4)], 2: [(1, 5)], 6: [(1, 9)], 8: [(1, 3)], 3: [(1, 6)], 4: [(1, 4)], 7: [(1, 9), (9, 3)]}, padri: [0], figli: [15], mosse: [(10, 10, 1, 3, 1)]
15 -> costo: 135539.7, rotte: {9: [(1, 4)], 5: [(1, 8), (8, 3)], 11: [(1, 2), (2, 6)], 10: [(1, 3), (3, 4), (4, 7)], 2: [(1, 5)], 6: [(1, 9)], 8: [(1, 3)], 3: [(1, 6)], 4: [(1, 4)], 7: [(1, 9), (9, 3)]}, padri: [14], figli: [5], mosse: [(10, 10, 7, 4)]
bestSolutionIndice: 5
5 -> costo: 132720.80000000002, rotte: {9: [(1, 4)], 5: [(1, 8), (8, 3)], 11: [(1, 2), (2, 6)], 10: [(1, 3), (3, 9), (9, 4), (4, 7)], 2: [(1, 5)], 6: [(1, 9)], 8: [(1, 3)], 3: [(1, 6)], 4: [(1, 4)], 7: [(1, 3)]}, padri: [4, 6, 7, 8, 13, 15], figli: [], mosse: [(10, 10, 9, 4, 3), (10, 10, 9, 4, 3), (10, 10, 1, 3, 1), (10, 10, 3, 9, 3), (10, 10, 3, 9, 3), (10, 7, 3, 9, 3)]
trasportoPalletDiGamma: {9: [(4, 10)], 5: [(8, 1), (3, 4)], 11: [(2, 6), (6, 9)], 10: [(3, 1), (9, 3), (4, 3), (7, 3)], 2: [(5, 5)], 6: [(9, 5)], 8: [(3, 5)], 3: [(6, 5)], 4: [(4, 5)], 7: [(3, 2)]}
itMosseLS: 33, itMosseTS: 30
time elapsed: 780.78s.


##########################################################################################
s: 1
dictSolutions[1]:
0 -> costo: 152869.60000000003, rotte: {3: [(1, 2)], 8: [(1, 6)], 7: [(1, 3)], 10: [(1, 5), (5, 3)], 9: [(1, 4)], 11: [(1, 7), (7, 4), (4, 3)], 2: [(1, 9)], 5: [(1, 8), (8, 9)], 6: [(1, 2), (2, 6)], 4: [(1, 6)]}, padri: [-1], figli: [1], mosse: [-1]
1 -> costo: 148466.7, rotte: {3: [(1, 2)], 8: [(1, 6)], 7: [(1, 3)], 10: [(1, 3), (3, 5)], 9: [(1, 4)], 11: [(1, 7), (7, 4), (4, 3)], 2: [(1, 9)], 5: [(1, 8), (8, 9)], 6: [(1, 2), (2, 6)], 4: [(1, 6)]}, padri: [0], figli: [2, 9], mosse: [(10, 10, 1, 3, 5)]
2 -> costo: 145744.80000000002, rotte: {3: [(1, 2)], 8: [(1, 6)], 7: [(1, 3)], 10: [(1, 3), (3, 5)], 9: [(1, 4)], 11: [(1, 7), (7, 4), (4, 2), (2, 3)], 2: [(1, 9)], 5: [(1, 8), (8, 9)], 6: [(1, 6)], 4: [(1, 6)]}, padri: [1], figli: [3], mosse: [(11, 6, 4, 2, 1)]
3 -> costo: 144872.4, rotte: {3: [(1, 2)], 8: [(1, 6)], 7: [(1, 3)], 10: [(1, 3), (3, 5)], 9: [(1, 4)], 11: [(1, 7), (7, 4), (4, 2), (2, 8), (8, 3)], 2: [(1, 9)], 5: [(1, 9)], 6: [(1, 6)], 4: [(1, 6)]}, padri: [2], figli: [4, 4, 4], mosse: [(11, 5, 2, 8, 1)]
4 -> costo: 144466.3, rotte: {3: [(1, 2)], 8: [(1, 6)], 7: [(1, 3)], 10: [(1, 3), (3, 5)], 9: [(1, 4)], 11: [(1, 7), (7, 4), (4, 2), (2, 3), (3, 8)], 2: [(1, 9)], 5: [(1, 9)], 6: [(1, 6)], 4: [(1, 6)]}, padri: [3, 3, 3], figli: [5], mosse: [(11, 11, 8, 3), (11, 11, 2, 3, 2), (11, 11, 3, 8, 1)]
5 -> costo: 143180.80000000002, rotte: {3: [(1, 2)], 8: [(1, 6)], 7: [(1, 3)], 10: [(1, 3), (3, 5)], 9: [(1, 4)], 11: [(1, 4), (4, 2), (2, 3), (3, 8), (8, 7)], 2: [(1, 9)], 5: [(1, 9)], 6: [(1, 6)], 4: [(1, 6)]}, padri: [4], figli: [6], mosse: [(11, 11, 8, 7, 3)]
6 -> costo: 139651.4, rotte: {3: [(1, 2)], 8: [(1, 6)], 7: [(1, 3)], 10: [(1, 3), (3, 5)], 9: [(1, 4)], 11: [(1, 2), (2, 3), (3, 8), (8, 4), (4, 7)], 2: [(1, 9)], 5: [(1, 9)], 6: [(1, 6)], 4: [(1, 6)]}, padri: [5], figli: [7], mosse: [(11, 11, 8, 4, 8)]
7 -> costo: 137573.4, rotte: {3: [(1, 2)], 8: [(1, 6)], 7: [(1, 3)], 10: [(1, 3), (3, 5)], 9: [(1, 4)], 11: [(1, 3), (3, 8), (8, 2), (2, 4), (4, 7)], 2: [(1, 9)], 5: [(1, 9)], 6: [(1, 6)], 4: [(1, 6)]}, padri: [6, 13], figli: [8, 17], mosse: [(11, 11, 8, 2, 1), (11, 5, 8, 2, 1)]
8 -> costo: 136931.90000000002, rotte: {3: [(1, 2)], 8: [(1, 6)], 7: [(1, 3)], 10: [(1, 3), (3, 5)], 9: [(1, 4)], 11: [(1, 8), (8, 3), (3, 2), (2, 4), (4, 7)], 2: [(1, 9)], 5: [(1, 9)], 6: [(1, 6)], 4: [(1, 6)]}, padri: [7, 14, 16, 16, 16, 17], figli: [], mosse: [(11, 11, 8, 3, 2), (11, 5, 3, 2, 1), (11, 11, 2, 4, 8), (11, 11, 4, 7, 3), (11, 11, 7, 4), (11, 11, 2, 4, 8)]
9 -> costo: 145787.2, rotte: {3: [(1, 2)], 8: [(1, 6)], 7: [(1, 3)], 10: [(1, 3), (3, 5)], 9: [(1, 4)], 11: [(1, 7), (7, 4), (4, 3)], 2: [(1, 9)], 5: [(1, 8), (8, 2), (2, 9)], 6: [(1, 6)], 4: [(1, 6)]}, padri: [1], figli: [10], mosse: [(5, 6, 8, 2, 1)]
10 -> costo: 144291.9, rotte: {3: [(1, 2)], 8: [(1, 6)], 7: [(1, 3)], 10: [(1, 3), (3, 5)], 9: [(1, 4)], 11: [(1, 3), (3, 7), (7, 4)], 2: [(1, 9)], 5: [(1, 8), (8, 2), (2, 9)], 6: [(1, 6)], 4: [(1, 6)]}, padri: [9], figli: [11, 11, 11, 12, 12, 12], mosse: [(11, 11, 1, 3, 2)]
11 -> costo: 138445.8, rotte: {3: [(1, 2)], 8: [(1, 6)], 7: [(1, 3)], 10: [(1, 3), (3, 5)], 9: [(1, 4)], 11: [(1, 3), (3, 4), (4, 7)], 2: [(1, 9)], 5: [(1, 8), (8, 2), (2, 9)], 6: [(1, 6)], 4: [(1, 6)]}, padri: [10, 10, 10], figli: [], mosse: [(11, 11, 7, 4), (11, 11, 3, 4, 8), (11, 11, 4, 7, 3)]
12 -> costo: 143802.0, rotte: {3: [(1, 2)], 8: [(1, 6)], 7: [(1, 3)], 10: [(1, 3), (3, 5)], 9: [(1, 4)], 11: [(1, 3), (3, 8), (8, 7), (7, 4)], 2: [(1, 9)], 5: [(1, 2), (2, 9)], 6: [(1, 6)], 4: [(1, 6)]}, padri: [10], figli: [13, 13, 13, 15, 15, 15], mosse: [(11, 5, 3, 8, 1)]
13 -> costo: 137955.9, rotte: {3: [(1, 2)], 8: [(1, 6)], 7: [(1, 3)], 10: [(1, 3), (3, 5)], 9: [(1, 4)], 11: [(1, 3), (3, 8), (8, 4), (4, 7)], 2: [(1, 9)], 5: [(1, 2), (2, 9)], 6: [(1, 6)], 4: [(1, 6)]}, padri: [12, 12, 12], figli: [14, 7, 16], mosse: [(11, 11, 8, 4, 8), (11, 11, 4, 7, 3), (11, 11, 7, 4)]
14 -> costo: 137314.40000000002, rotte: {3: [(1, 2)], 8: [(1, 6)], 7: [(1, 3)], 10: [(1, 3), (3, 5)], 9: [(1, 4)], 11: [(1, 8), (8, 3), (3, 4), (4, 7)], 2: [(1, 9)], 5: [(1, 2), (2, 9)], 6: [(1, 6)], 4: [(1, 6)]}, padri: [13, 15, 15, 15], figli: [8, 17], mosse: [(11, 11, 8, 3, 2), (11, 11, 7, 4), (11, 11, 3, 4, 8), (11, 11, 4, 7, 3)]
15 -> costo: 143160.50000000003, rotte: {3: [(1, 2)], 8: [(1, 6)], 7: [(1, 3)], 10: [(1, 3), (3, 5)], 9: [(1, 4)], 11: [(1, 8), (8, 3), (3, 7), (7, 4)], 2: [(1, 9)], 5: [(1, 2), (2, 9)], 6: [(1, 6)], 4: [(1, 6)]}, padri: [12], figli: [14, 14, 14, 16, 16, 16], mosse: [(11, 11, 8, 3, 2)]
16 -> costo: 142778.00000000003, rotte: {3: [(1, 2)], 8: [(1, 6)], 7: [(1, 3)], 10: [(1, 3), (3, 5)], 9: [(1, 4)], 11: [(1, 8), (8, 3), (3, 2), (2, 7), (7, 4)], 2: [(1, 9)], 5: [(1, 9)], 6: [(1, 6)], 4: [(1, 6)]}, padri: [15], figli: [8, 8, 8, 17, 17, 17], mosse: [(11, 5, 3, 2, 1)]
17 -> costo: 141279.00000000003, rotte: {3: [(1, 2)], 8: [(1, 6)], 7: [(1, 3)], 10: [(1, 3), (3, 5)], 9: [(1, 4)], 11: [(1, 8), (8, 3), (3, 4), (4, 2), (2, 7)], 2: [(1, 9)], 5: [(1, 9)], 6: [(1, 6)], 4: [(1, 6)]}, padri: [16], figli: [8], mosse: [(11, 11, 3, 4, 8)]
bestSolutionIndice: 8
8 -> costo: 136931.90000000002, rotte: {3: [(1, 2)], 8: [(1, 6)], 7: [(1, 3)], 10: [(1, 3), (3, 5)], 9: [(1, 4)], 11: [(1, 8), (8, 3), (3, 2), (2, 4), (4, 7)], 2: [(1, 9)], 5: [(1, 9)], 6: [(1, 6)], 4: [(1, 6)]}, padri: [7, 14, 16, 16, 16, 17], figli: [], mosse: [(11, 11, 8, 3, 2), (11, 5, 3, 2, 1), (11, 11, 2, 4, 8), (11, 11, 4, 7, 3), (11, 11, 7, 4), (11, 11, 2, 4, 8)]
trasportoPalletDiGamma: {3: [(2, 5)], 8: [(6, 5)], 7: [(3, 5)], 10: [(3, 5), (5, 5)], 9: [(4, 10)], 11: [(8, 1), (3, 2), (2, 1), (4, 8), (7, 3)], 2: [(9, 5)], 5: [(9, 3)], 6: [(6, 4)], 4: [(6, 5)]}
itMosseLS: 32, itMosseTS: 26
time elapsed: 742.15s.


##########################################################################################
##########################################################################################
##########################################################################################
##########################################################################################
