itNSIMax: 5, itMosseTSMax: 50.
##########################################################################################
s: 1
dictSolutions[1]:
0 -> costo: 156403.9, rotte: {4: [(1, 2)], 9: [(1, 5), (5, 3), (3, 4)], 7: [(1, 6)], 6: [(1, 7), (7, 4)], 11: [(1, 9), (9, 6)], 2: [(1, 8), (8, 4)], 10: [(1, 3)], 8: [(1, 4)], 3: [(1, 2), (2, 4)], 5: [(1, 6)]}, padri: [-1], figli: [1], mosse: [-1]
1 -> costo: 148976.9, rotte: {4: [(1, 2)], 9: [(1, 3), (3, 4), (4, 5)], 7: [(1, 6)], 6: [(1, 7), (7, 4)], 11: [(1, 9), (9, 6)], 2: [(1, 8), (8, 4)], 10: [(1, 3)], 8: [(1, 4)], 3: [(1, 2), (2, 4)], 5: [(1, 6)]}, padri: [0], figli: [2, 2, 2, 16, 16, 16], mosse: [(9, 9, 4, 5, 5)]
2 -> costo: 143995.5, rotte: {4: [(1, 2)], 9: [(1, 3), (3, 4), (4, 5)], 7: [(1, 6)], 6: [(1, 4), (4, 7)], 11: [(1, 9), (9, 6)], 2: [(1, 8), (8, 4)], 10: [(1, 3)], 8: [(1, 4)], 3: [(1, 2), (2, 4)], 5: [(1, 6)]}, padri: [1, 1, 1], figli: [3, 4, 12, 14], mosse: [(6, 6, 7, 4), (6, 6, 1, 4, 2), (6, 6, 4, 7, 3)]
3 -> costo: 143087.30000000002, rotte: {4: [(1, 2)], 9: [(1, 3), (3, 4), (4, 5)], 7: [(1, 6)], 6: [(1, 7)], 11: [(1, 9), (9, 4), (4, 6)], 2: [(1, 8), (8, 4)], 10: [(1, 3)], 8: [(1, 4)], 3: [(1, 2), (2, 4)], 5: [(1, 6)]}, padri: [2], figli: [], mosse: [(11, 6, 9, 4, 2)]
4 -> costo: 143560.30000000002, rotte: {4: [(1, 2)], 9: [(1, 4), (4, 5)], 7: [(1, 6)], 6: [(1, 4), (4, 7)], 11: [(1, 3), (3, 9), (9, 6)], 2: [(1, 8), (8, 4)], 10: [(1, 3)], 8: [(1, 4)], 3: [(1, 2), (2, 4)], 5: [(1, 6)]}, padri: [2], figli: [5, 7, 7, 10, 10, 11, 13], mosse: [(11, 9, 1, 3, 2)]
5 -> costo: 141611.2, rotte: {4: [(1, 2)], 9: [(1, 4), (4, 5)], 7: [(1, 6)], 6: [(1, 4), (4, 7)], 11: [(1, 8), (8, 3), (3, 9), (9, 6)], 2: [(1, 4)], 10: [(1, 3)], 8: [(1, 4)], 3: [(1, 2), (2, 4)], 5: [(1, 6)]}, padri: [4, 10, 12], figli: [6, 6, 8, 8], mosse: [(11, 2, 1, 8, 1), (11, 11, 8, 3, 2), (11, 9, 8, 3, 2)]
6 -> costo: 139817.1, rotte: {4: [(1, 2)], 9: [(1, 4), (4, 5)], 7: [(1, 6)], 6: [(1, 7)], 11: [(1, 8), (8, 3), (3, 9), (9, 6)], 2: [(1, 4)], 10: [(1, 3)], 8: [(1, 4)], 3: [(1, 2), (2, 4)], 5: [(1, 6)]}, padri: [5, 5, 7, 8], figli: [], mosse: [(9, 6, 1, 4, 2), (9, 6, 5, 4, 2), (11, 2, 1, 8, 1), (11, 11, 8, 3, 2)]
7 -> costo: 141766.2, rotte: {4: [(1, 2)], 9: [(1, 4), (4, 5)], 7: [(1, 6)], 6: [(1, 7)], 11: [(1, 3), (3, 9), (9, 6)], 2: [(1, 8), (8, 4)], 10: [(1, 3)], 8: [(1, 4)], 3: [(1, 2), (2, 4)], 5: [(1, 6)]}, padri: [4, 4], figli: [6, 8, 9], mosse: [(9, 6, 1, 4, 2), (9, 6, 5, 4, 2)]
8 -> costo: 140458.6, rotte: {4: [(1, 2)], 9: [(1, 4), (4, 5)], 7: [(1, 6)], 6: [(1, 7)], 11: [(1, 3), (3, 8), (8, 9), (9, 6)], 2: [(1, 4)], 10: [(1, 3)], 8: [(1, 4)], 3: [(1, 2), (2, 4)], 5: [(1, 6)]}, padri: [7, 10, 10], figli: [6], mosse: [(11, 2, 3, 8, 1), (9, 6, 1, 4, 2), (9, 6, 5, 4, 2)]
9 -> costo: 140948.50000000003, rotte: {4: [(1, 2)], 9: [(1, 4), (4, 5)], 7: [(1, 6)], 6: [(1, 7)], 11: [(1, 3), (3, 2), (2, 9), (9, 6)], 2: [(1, 8), (8, 4)], 10: [(1, 3)], 8: [(1, 4)], 3: [(1, 4)], 5: [(1, 6)]}, padri: [7, 11, 11], figli: [], mosse: [(11, 3, 3, 2, 1), (9, 6, 1, 4, 2), (9, 6, 5, 4, 2)]
10 -> costo: 142252.7, rotte: {4: [(1, 2)], 9: [(1, 4), (4, 5)], 7: [(1, 6)], 6: [(1, 4), (4, 7)], 11: [(1, 3), (3, 8), (8, 9), (9, 6)], 2: [(1, 4)], 10: [(1, 3)], 8: [(1, 4)], 3: [(1, 2), (2, 4)], 5: [(1, 6)]}, padri: [4, 12], figli: [8, 8, 5], mosse: [(11, 2, 3, 8, 1), (11, 9, 1, 3, 2)]
11 -> costo: 142742.60000000003, rotte: {4: [(1, 2)], 9: [(1, 4), (4, 5)], 7: [(1, 6)], 6: [(1, 4), (4, 7)], 11: [(1, 3), (3, 2), (2, 9), (9, 6)], 2: [(1, 8), (8, 4)], 10: [(1, 3)], 8: [(1, 4)], 3: [(1, 4)], 5: [(1, 6)]}, padri: [4], figli: [9, 9], mosse: [(11, 3, 3, 2, 1)]
12 -> costo: 143560.30000000002, rotte: {4: [(1, 2)], 9: [(1, 3), (3, 4), (4, 5)], 7: [(1, 6)], 6: [(1, 4), (4, 7)], 11: [(1, 8), (8, 9), (9, 6)], 2: [(1, 4)], 10: [(1, 3)], 8: [(1, 4)], 3: [(1, 2), (2, 4)], 5: [(1, 6)]}, padri: [2], figli: [5, 10, 13], mosse: [(11, 2, 1, 8, 1)]
13 -> costo: 142652.1, rotte: {4: [(1, 2)], 9: [(1, 3), (3, 4), (4, 5)], 7: [(1, 6)], 6: [(1, 7)], 11: [(1, 8), (8, 9), (9, 4), (4, 6)], 2: [(1, 4)], 10: [(1, 3)], 8: [(1, 4)], 3: [(1, 2), (2, 4)], 5: [(1, 6)]}, padri: [12], figli: [], mosse: [(11, 6, 9, 4, 2)]
14 -> costo: 143560.30000000002, rotte: {4: [(1, 2)], 9: [(1, 3), (3, 4), (4, 5)], 7: [(1, 6)], 6: [(1, 4), (4, 7)], 11: [(1, 2), (2, 9), (9, 6)], 2: [(1, 8), (8, 4)], 10: [(1, 3)], 8: [(1, 4)], 3: [(1, 4)], 5: [(1, 6)]}, padri: [2], figli: [15], mosse: [(11, 3, 1, 2, 1)]
15 -> costo: 142652.1, rotte: {4: [(1, 2)], 9: [(1, 3), (3, 4), (4, 5)], 7: [(1, 6)], 6: [(1, 7)], 11: [(1, 2), (2, 9), (9, 4), (4, 6)], 2: [(1, 8), (8, 4)], 10: [(1, 3)], 8: [(1, 4)], 3: [(1, 4)], 5: [(1, 6)]}, padri: [14], figli: [], mosse: [(11, 6, 9, 4, 2)]
16 -> costo: 145546.7, rotte: {4: [(1, 2)], 9: [(1, 3), (3, 4), (4, 5)], 7: [(1, 6)], 6: [(1, 4)], 11: [(1, 9), (9, 7), (7, 6)], 2: [(1, 8), (8, 4)], 10: [(1, 3)], 8: [(1, 4)], 3: [(1, 2), (2, 4)], 5: [(1, 6)]}, padri: [1], figli: [17, 17, 24, 24], mosse: [(11, 6, 9, 7, 3)]
17 -> costo: 143548.30000000002, rotte: {4: [(1, 2)], 9: [(1, 3), (3, 4), (4, 5)], 7: [(1, 6)], 6: [(1, 4)], 11: [(1, 9), (9, 6), (6, 7)], 2: [(1, 8), (8, 4)], 10: [(1, 3)], 8: [(1, 4)], 3: [(1, 2), (2, 4)], 5: [(1, 6)]}, padri: [16, 16], figli: [18, 25], mosse: [(11, 11, 9, 6, 4), (11, 11, 6, 7, 3)]
18 -> costo: 142353.2, rotte: {4: [(1, 2)], 9: [(1, 3), (3, 5)], 7: [(1, 6)], 6: [(1, 4)], 11: [(1, 9), (9, 6), (6, 7)], 2: [(1, 8), (8, 4)], 10: [(1, 3)], 8: [(1, 4)], 3: [(1, 2), (2, 4)], 5: [(1, 6)]}, padri: [17, 24, 24], figli: [19, 21, 22, 23, 26], mosse: [(6, 9, 1, 4, 3), (11, 11, 9, 6, 4), (11, 11, 6, 7, 3)]
19 -> costo: 140404.1, rotte: {4: [(1, 2)], 9: [(1, 8), (8, 3), (3, 5)], 7: [(1, 6)], 6: [(1, 4)], 11: [(1, 9), (9, 6), (6, 7)], 2: [(1, 4)], 10: [(1, 3)], 8: [(1, 4)], 3: [(1, 2), (2, 4)], 5: [(1, 6)]}, padri: [18, 21, 25, 25], figli: [20], mosse: [(9, 2, 1, 8, 1), (9, 9, 8, 3, 2), (11, 11, 9, 6, 4), (11, 11, 6, 7, 3)]
20 -> costo: 139894.6, rotte: {4: [(1, 2)], 9: [(1, 8), (8, 3), (3, 2), (2, 5)], 7: [(1, 6)], 6: [(1, 4)], 11: [(1, 9), (9, 6), (6, 7)], 2: [(1, 4)], 10: [(1, 3)], 8: [(1, 4)], 3: [(1, 4)], 5: [(1, 6)]}, padri: [19, 22, 23, 26, 26], figli: [], mosse: [(9, 3, 3, 2, 1), (9, 9, 8, 3, 2), (9, 2, 1, 8, 1), (11, 11, 9, 6, 4), (11, 11, 6, 7, 3)]
21 -> costo: 141045.6, rotte: {4: [(1, 2)], 9: [(1, 3), (3, 8), (8, 5)], 7: [(1, 6)], 6: [(1, 4)], 11: [(1, 9), (9, 6), (6, 7)], 2: [(1, 4)], 10: [(1, 3)], 8: [(1, 4)], 3: [(1, 2), (2, 4)], 5: [(1, 6)]}, padri: [18, 27, 27], figli: [19, 22, 26], mosse: [(9, 2, 3, 8, 1), (11, 11, 9, 6, 4), (11, 11, 6, 7, 3)]
22 -> costo: 140536.1, rotte: {4: [(1, 2)], 9: [(1, 3), (3, 8), (8, 2), (2, 5)], 7: [(1, 6)], 6: [(1, 4)], 11: [(1, 9), (9, 6), (6, 7)], 2: [(1, 4)], 10: [(1, 3)], 8: [(1, 4)], 3: [(1, 4)], 5: [(1, 6)]}, padri: [21, 23, 28], figli: [20], mosse: [(9, 3, 8, 2, 1), (9, 2, 3, 8, 1), (11, 11, 9, 6, 4)]
23 -> costo: 141843.7, rotte: {4: [(1, 2)], 9: [(1, 3), (3, 2), (2, 5)], 7: [(1, 6)], 6: [(1, 4)], 11: [(1, 9), (9, 6), (6, 7)], 2: [(1, 8), (8, 4)], 10: [(1, 3)], 8: [(1, 4)], 3: [(1, 4)], 5: [(1, 6)]}, padri: [18], figli: [20, 22], mosse: [(9, 3, 3, 2, 1)]
24 -> costo: 144351.6, rotte: {4: [(1, 2)], 9: [(1, 3), (3, 5)], 7: [(1, 6)], 6: [(1, 4)], 11: [(1, 9), (9, 7), (7, 6)], 2: [(1, 8), (8, 4)], 10: [(1, 3)], 8: [(1, 4)], 3: [(1, 2), (2, 4)], 5: [(1, 6)]}, padri: [16], figli: [18, 18, 25, 25, 27, 28], mosse: [(6, 9, 1, 4, 3)]
25 -> costo: 142402.5, rotte: {4: [(1, 2)], 9: [(1, 8), (8, 3), (3, 5)], 7: [(1, 6)], 6: [(1, 4)], 11: [(1, 9), (9, 7), (7, 6)], 2: [(1, 4)], 10: [(1, 3)], 8: [(1, 4)], 3: [(1, 2), (2, 4)], 5: [(1, 6)]}, padri: [24, 27], figli: [19, 19, 26, 26], mosse: [(9, 2, 1, 8, 1), (9, 9, 8, 3, 2)]
26 -> costo: 141893.0, rotte: {4: [(1, 2)], 9: [(1, 8), (8, 3), (3, 2), (2, 5)], 7: [(1, 6)], 6: [(1, 4)], 11: [(1, 9), (9, 7), (7, 6)], 2: [(1, 4)], 10: [(1, 3)], 8: [(1, 4)], 3: [(1, 4)], 5: [(1, 6)]}, padri: [25], figli: [20, 20], mosse: [(9, 3, 3, 2, 1)]
27 -> costo: 143044.0, rotte: {4: [(1, 2)], 9: [(1, 3), (3, 8), (8, 5)], 7: [(1, 6)], 6: [(1, 4)], 11: [(1, 9), (9, 7), (7, 6)], 2: [(1, 4)], 10: [(1, 3)], 8: [(1, 4)], 3: [(1, 2), (2, 4)], 5: [(1, 6)]}, padri: [24], figli: [21, 21, 25, 28], mosse: [(9, 2, 3, 8, 1)]
28 -> costo: 142534.5, rotte: {4: [(1, 2)], 9: [(1, 3), (3, 8), (8, 2), (2, 5)], 7: [(1, 6)], 6: [(1, 4)], 11: [(1, 9), (9, 7), (7, 6)], 2: [(1, 4)], 10: [(1, 3)], 8: [(1, 4)], 3: [(1, 4)], 5: [(1, 6)]}, padri: [27], figli: [22], mosse: [(9, 3, 8, 2, 1)]
bestSolutionIndice: 6
6 -> costo: 139817.1, rotte: {4: [(1, 2)], 9: [(1, 4), (4, 5)], 7: [(1, 6)], 6: [(1, 7)], 11: [(1, 8), (8, 3), (3, 9), (9, 6)], 2: [(1, 4)], 10: [(1, 3)], 8: [(1, 4)], 3: [(1, 2), (2, 4)], 5: [(1, 6)]}, padri: [5, 5, 7, 8], figli: [], mosse: [(9, 6, 1, 4, 2), (9, 6, 5, 4, 2), (11, 2, 1, 8, 1), (11, 11, 8, 3, 2)]
trasportoPalletDiGamma: {4: [(2, 5)], 9: [(4, 5), (5, 5)], 7: [(6, 5)], 6: [(7, 3)], 11: [(8, 1), (3, 2), (9, 8), (6, 4)], 2: [(4, 4)], 10: [(3, 10)], 8: [(4, 5)], 3: [(2, 1), (4, 4)], 5: [(6, 5)]}
itMosseLS: 56, itMosseTS: 50
time elapsed: 1218.05s.


##########################################################################################
s: 1
dictSolutions[1]:
0 -> costo: 145781.80000000002, rotte: {8: [(1, 9)], 9: [(1, 4)], 3: [(1, 5)], 2: [(1, 8), (8, 3)], 11: [(1, 6), (6, 4)], 4: [(1, 2)], 6: [(1, 3)], 5: [(1, 7), (7, 2), (2, 4)], 10: [(1, 9), (9, 3), (3, 4)], 7: [(1, 4)]}, padri: [-1], figli: [1], mosse: [-1]
1 -> costo: 142962.9, rotte: {8: [(1, 9)], 9: [(1, 4)], 3: [(1, 5)], 2: [(1, 8), (8, 3)], 11: [(1, 6), (6, 4)], 4: [(1, 2)], 6: [(1, 3)], 5: [(1, 7), (7, 2), (2, 4)], 10: [(1, 3), (3, 9), (9, 4)], 7: [(1, 4)]}, padri: [0], figli: [2, 16], mosse: [(10, 10, 3, 9, 3)]
2 -> costo: 140301.3, rotte: {8: [(1, 9)], 9: [(1, 4)], 3: [(1, 5)], 2: [(1, 8), (8, 3)], 11: [(1, 6), (6, 4)], 4: [(1, 2)], 6: [(1, 3)], 5: [(1, 2), (2, 7), (7, 4)], 10: [(1, 3), (3, 9), (9, 4)], 7: [(1, 4)]}, padri: [1], figli: [3, 3, 3, 7, 7, 7, 8, 8, 8, 9, 9, 9, 13, 13, 13, 14], mosse: [(5, 5, 2, 7, 3)]
3 -> costo: 134455.19999999998, rotte: {8: [(1, 9)], 9: [(1, 4)], 3: [(1, 5)], 2: [(1, 8), (8, 3)], 11: [(1, 6), (6, 4)], 4: [(1, 2)], 6: [(1, 3)], 5: [(1, 2), (2, 4), (4, 7)], 10: [(1, 3), (3, 9), (9, 4)], 7: [(1, 4)]}, padri: [2, 2, 2, 7], figli: [4, 4, 4, 6, 6, 6], mosse: [(5, 5, 2, 4, 1), (5, 5, 4, 7, 3), (5, 5, 7, 4), (5, 5, 2, 4, 1)]
4 -> costo: 132614.4, rotte: {8: [(1, 9)], 9: [(1, 4)], 3: [(1, 5)], 2: [(1, 8), (8, 3)], 11: [(1, 4), (4, 6)], 4: [(1, 2)], 6: [(1, 3)], 5: [(1, 2), (2, 4), (4, 7)], 10: [(1, 3), (3, 9), (9, 4)], 7: [(1, 4)]}, padri: [3, 3, 3, 8, 9, 9, 9], figli: [5], mosse: [(11, 11, 1, 4, 1), (11, 11, 4, 6, 14), (11, 11, 6, 4), (5, 5, 2, 4, 1), (5, 5, 2, 4, 1), (5, 5, 4, 7, 3), (5, 5, 7, 4)]
5 -> costo: 131796.69999999998, rotte: {8: [(1, 9)], 9: [(1, 4)], 3: [(1, 5)], 2: [(1, 8), (8, 3)], 11: [(1, 4), (4, 6)], 4: [(1, 2)], 6: [(1, 3)], 5: [(1, 4), (4, 7)], 10: [(1, 3), (3, 2), (2, 9), (9, 4)], 7: [(1, 4)]}, padri: [4, 6, 6, 6, 10, 12], figli: [], mosse: [(10, 5, 3, 2, 1), (11, 11, 1, 4, 1), (11, 11, 4, 6, 14), (11, 11, 6, 4), (5, 5, 7, 4), (10, 10, 2, 9, 3)]
6 -> costo: 133637.5, rotte: {8: [(1, 9)], 9: [(1, 4)], 3: [(1, 5)], 2: [(1, 8), (8, 3)], 11: [(1, 6), (6, 4)], 4: [(1, 2)], 6: [(1, 3)], 5: [(1, 4), (4, 7)], 10: [(1, 3), (3, 2), (2, 9), (9, 4)], 7: [(1, 4)]}, padri: [3, 13, 15], figli: [5, 5, 5], mosse: [(10, 5, 3, 2, 1), (5, 5, 7, 4), (10, 10, 2, 9, 3)]
7 -> costo: 137984.6, rotte: {8: [(1, 9)], 9: [(1, 4)], 3: [(1, 5)], 2: [(1, 8), (8, 3)], 11: [(1, 6), (6, 4)], 4: [(1, 2)], 6: [(1, 3)], 5: [(1, 4), (4, 2), (2, 7)], 10: [(1, 3), (3, 9), (9, 4)], 7: [(1, 4)]}, padri: [2], figli: [3, 8, 8, 8, 10, 10, 10], mosse: [(5, 5, 1, 4, 1)]
8 -> costo: 136143.8, rotte: {8: [(1, 9)], 9: [(1, 4)], 3: [(1, 5)], 2: [(1, 8), (8, 3)], 11: [(1, 4), (4, 6)], 4: [(1, 2)], 6: [(1, 3)], 5: [(1, 4), (4, 2), (2, 7)], 10: [(1, 3), (3, 9), (9, 4)], 7: [(1, 4)]}, padri: [7, 7, 7, 9], figli: [4], mosse: [(11, 11, 1, 4, 1), (11, 11, 4, 6, 14), (11, 11, 6, 4), (5, 5, 1, 4, 1)]
9 -> costo: 138460.5, rotte: {8: [(1, 9)], 9: [(1, 4)], 3: [(1, 5)], 2: [(1, 8), (8, 3)], 11: [(1, 4), (4, 6)], 4: [(1, 2)], 6: [(1, 3)], 5: [(1, 2), (2, 7), (7, 4)], 10: [(1, 3), (3, 9), (9, 4)], 7: [(1, 4)]}, padri: [2, 2, 2], figli: [4, 4, 4, 8, 10, 11], mosse: [(11, 11, 1, 4, 1), (11, 11, 4, 6, 14), (11, 11, 6, 4)]
10 -> costo: 136778.1, rotte: {8: [(1, 9)], 9: [(1, 4)], 3: [(1, 5)], 2: [(1, 8), (8, 3)], 11: [(1, 4), (4, 6)], 4: [(1, 2)], 6: [(1, 3)], 5: [(1, 7), (7, 4)], 10: [(1, 3), (3, 2), (2, 9), (9, 4)], 7: [(1, 4)]}, padri: [9, 11, 13, 13, 13], figli: [5], mosse: [(10, 5, 3, 2, 1), (10, 10, 2, 9, 3), (11, 11, 1, 4, 1), (11, 11, 4, 6, 14), (11, 11, 6, 4)]
11 -> costo: 137859.1, rotte: {8: [(1, 9)], 9: [(1, 4)], 3: [(1, 5)], 2: [(1, 8), (8, 3)], 11: [(1, 4), (4, 6)], 4: [(1, 2)], 6: [(1, 3)], 5: [(1, 7), (7, 4)], 10: [(1, 3), (3, 9), (9, 2), (2, 4)], 7: [(1, 4)]}, padri: [9, 14, 14, 14], figli: [12, 10], mosse: [(10, 5, 9, 2, 1), (11, 11, 1, 4, 1), (11, 11, 4, 6, 14), (11, 11, 6, 4)]
12 -> costo: 132877.69999999998, rotte: {8: [(1, 9)], 9: [(1, 4)], 3: [(1, 5)], 2: [(1, 8), (8, 3)], 11: [(1, 4), (4, 6)], 4: [(1, 2)], 6: [(1, 3)], 5: [(1, 4), (4, 7)], 10: [(1, 3), (3, 9), (9, 2), (2, 4)], 7: [(1, 4)]}, padri: [11, 15, 15, 15], figli: [5], mosse: [(5, 5, 7, 4), (11, 11, 1, 4, 1), (11, 11, 4, 6, 14), (11, 11, 6, 4)]
13 -> costo: 138618.9, rotte: {8: [(1, 9)], 9: [(1, 4)], 3: [(1, 5)], 2: [(1, 8), (8, 3)], 11: [(1, 6), (6, 4)], 4: [(1, 2)], 6: [(1, 3)], 5: [(1, 7), (7, 4)], 10: [(1, 3), (3, 2), (2, 9), (9, 4)], 7: [(1, 4)]}, padri: [2, 14], figli: [6, 10, 10, 10], mosse: [(10, 5, 3, 2, 1), (10, 10, 2, 9, 3)]
14 -> costo: 139699.9, rotte: {8: [(1, 9)], 9: [(1, 4)], 3: [(1, 5)], 2: [(1, 8), (8, 3)], 11: [(1, 6), (6, 4)], 4: [(1, 2)], 6: [(1, 3)], 5: [(1, 7), (7, 4)], 10: [(1, 3), (3, 9), (9, 2), (2, 4)], 7: [(1, 4)]}, padri: [2], figli: [15, 11, 11, 11, 13], mosse: [(10, 5, 9, 2, 1)]
15 -> costo: 134718.5, rotte: {8: [(1, 9)], 9: [(1, 4)], 3: [(1, 5)], 2: [(1, 8), (8, 3)], 11: [(1, 6), (6, 4)], 4: [(1, 2)], 6: [(1, 3)], 5: [(1, 4), (4, 7)], 10: [(1, 3), (3, 9), (9, 2), (2, 4)], 7: [(1, 4)]}, padri: [14], figli: [12, 12, 12, 6], mosse: [(5, 5, 7, 4)]
16 -> costo: 140301.3, rotte: {8: [(1, 9)], 9: [(1, 4)], 3: [(1, 5)], 2: [(1, 8), (8, 3)], 11: [(1, 6), (6, 4)], 4: [(1, 2)], 6: [(1, 3)], 5: [(1, 2), (2, 4)], 10: [(1, 3), (3, 9), (9, 7), (7, 4)], 7: [(1, 4)]}, padri: [1], figli: [17], mosse: [(10, 5, 9, 7, 3)]
17 -> costo: 137721.3, rotte: {8: [(1, 9)], 9: [(1, 4)], 3: [(1, 5)], 2: [(1, 8), (8, 3)], 11: [(1, 6), (6, 4)], 4: [(1, 2)], 6: [(1, 3)], 5: [(1, 2), (2, 4)], 10: [(1, 3), (3, 4), (4, 9), (9, 7)], 7: [(1, 4)]}, padri: [16], figli: [18, 22], mosse: [(10, 10, 3, 4, 1)]
18 -> costo: 134455.19999999998, rotte: {8: [(1, 9)], 9: [(1, 4)], 3: [(1, 5)], 2: [(1, 8), (8, 3)], 11: [(1, 6), (6, 4)], 4: [(1, 2)], 6: [(1, 3)], 5: [(1, 2), (2, 4)], 10: [(1, 3), (3, 9), (9, 4), (4, 7)], 7: [(1, 4)]}, padri: [17], figli: [19, 20, 21], mosse: [(10, 10, 9, 4, 1)]
19 -> costo: 132614.4, rotte: {8: [(1, 9)], 9: [(1, 4)], 3: [(1, 5)], 2: [(1, 8), (8, 3)], 11: [(1, 4), (4, 6)], 4: [(1, 2)], 6: [(1, 3)], 5: [(1, 2), (2, 4)], 10: [(1, 3), (3, 9), (9, 4), (4, 7)], 7: [(1, 4)]}, padri: [18], figli: [], mosse: [(11, 11, 1, 4, 1)]
20 -> costo: 132614.4, rotte: {8: [(1, 9)], 9: [(1, 4)], 3: [(1, 5)], 2: [(1, 8), (8, 3)], 11: [(1, 4), (4, 6)], 4: [(1, 2)], 6: [(1, 3)], 5: [(1, 2), (2, 4)], 10: [(1, 3), (3, 9), (9, 4), (4, 7)], 7: [(1, 4)]}, padri: [18], figli: [], mosse: [(11, 11, 4, 6, 14)]
21 -> costo: 132614.4, rotte: {8: [(1, 9)], 9: [(1, 4)], 3: [(1, 5)], 2: [(1, 8), (8, 3)], 11: [(1, 4), (4, 6)], 4: [(1, 2)], 6: [(1, 3)], 5: [(1, 2), (2, 4)], 10: [(1, 3), (3, 9), (9, 4), (4, 7)], 7: [(1, 4)]}, padri: [18], figli: [], mosse: [(11, 11, 6, 4)]
22 -> costo: 135880.5, rotte: {8: [(1, 9)], 9: [(1, 4)], 3: [(1, 5)], 2: [(1, 8), (8, 3)], 11: [(1, 4), (4, 6)], 4: [(1, 2)], 6: [(1, 3)], 5: [(1, 2), (2, 4)], 10: [(1, 3), (3, 4), (4, 9), (9, 7)], 7: [(1, 4)]}, padri: [17], figli: [23], mosse: [(11, 11, 1, 4, 1)]
23 -> costo: 132614.4, rotte: {8: [(1, 9)], 9: [(1, 4)], 3: [(1, 5)], 2: [(1, 8), (8, 3)], 11: [(1, 4), (4, 6)], 4: [(1, 2)], 6: [(1, 3)], 5: [(1, 2), (2, 4)], 10: [(1, 3), (3, 9), (9, 4), (4, 7)], 7: [(1, 4)]}, padri: [22], figli: [], mosse: [(10, 10, 9, 4, 1)]
bestSolutionIndice: 5
5 -> costo: 131796.69999999998, rotte: {8: [(1, 9)], 9: [(1, 4)], 3: [(1, 5)], 2: [(1, 8), (8, 3)], 11: [(1, 4), (4, 6)], 4: [(1, 2)], 6: [(1, 3)], 5: [(1, 4), (4, 7)], 10: [(1, 3), (3, 2), (2, 9), (9, 4)], 7: [(1, 4)]}, padri: [4, 6, 6, 6, 10, 12], figli: [], mosse: [(10, 5, 3, 2, 1), (11, 11, 1, 4, 1), (11, 11, 4, 6, 14), (11, 11, 6, 4), (5, 5, 7, 4), (10, 10, 2, 9, 3)]
trasportoPalletDiGamma: {8: [(9, 5)], 9: [(4, 10)], 3: [(5, 5)], 2: [(8, 1), (3, 4)], 11: [(4, 1), (6, 14)], 4: [(2, 5)], 6: [(3, 5)], 5: [(4, 1), (7, 3)], 10: [(3, 3), (2, 1), (9, 3), (4, 1)], 7: [(4, 5)]}
itMosseLS: 55, itMosseTS: 50
time elapsed: 1129.92s.


##########################################################################################
s: 1
dictSolutions[1]:
0 -> costo: 146247.7, rotte: {4: [(1, 7), (7, 2)], 10: [(1, 4)], 6: [(1, 9)], 3: [(1, 8), (8, 6)], 8: [(1, 2)], 7: [(1, 6)], 5: [(1, 5)], 9: [(1, 3)], 11: [(1, 4), (4, 6)], 2: [(1, 9), (9, 3)]}, padri: [-1], figli: [1, 1, 1, 5, 5, 5, 11, 12, 13, 13], mosse: [-1]
1 -> costo: 139563.4, rotte: {4: [(1, 2), (2, 7)], 10: [(1, 4)], 6: [(1, 9)], 3: [(1, 8), (8, 6)], 8: [(1, 2)], 7: [(1, 6)], 5: [(1, 5)], 9: [(1, 3)], 11: [(1, 4), (4, 6)], 2: [(1, 9), (9, 3)]}, padri: [0, 0, 0], figli: [2, 4, 4, 7], mosse: [(4, 4, 1, 2, 1), (4, 4, 2, 7, 3), (4, 4, 7, 2)]
2 -> costo: 137192.1, rotte: {4: [(1, 8), (8, 2), (2, 7)], 10: [(1, 4)], 6: [(1, 9)], 3: [(1, 6)], 8: [(1, 2)], 7: [(1, 6)], 5: [(1, 5)], 9: [(1, 3)], 11: [(1, 4), (4, 6)], 2: [(1, 9), (9, 3)]}, padri: [1, 6, 9, 11, 11], figli: [3, 3, 8, 8], mosse: [(4, 3, 1, 8, 1), (4, 4, 8, 2, 1), (4, 3, 8, 2, 1), (4, 4, 8, 2, 1), (4, 4, 2, 7, 3)]
3 -> costo: 136547.0, rotte: {4: [(1, 8), (8, 2), (2, 7)], 10: [(1, 4)], 6: [(1, 9)], 3: [(1, 6)], 8: [(1, 2)], 7: [(1, 6)], 5: [(1, 5)], 9: [(1, 3)], 11: [(1, 4), (4, 6)], 2: [(1, 3), (3, 9)]}, padri: [2, 2, 4, 7, 8, 12, 12], figli: [], mosse: [(2, 2, 1, 3, 2), (2, 2, 3, 9, 3), (4, 3, 1, 8, 1), (4, 4, 8, 2, 1), (4, 3, 8, 2, 1), (4, 4, 8, 2, 1), (4, 4, 2, 7, 3)]
4 -> costo: 138918.3, rotte: {4: [(1, 2), (2, 7)], 10: [(1, 4)], 6: [(1, 9)], 3: [(1, 8), (8, 6)], 8: [(1, 2)], 7: [(1, 6)], 5: [(1, 5)], 9: [(1, 3)], 11: [(1, 4), (4, 6)], 2: [(1, 3), (3, 9)]}, padri: [1, 1, 13, 13, 13], figli: [3, 8], mosse: [(2, 2, 1, 3, 2), (2, 2, 3, 9, 3), (4, 4, 1, 2, 1), (4, 4, 2, 7, 3), (4, 4, 7, 2)]
5 -> costo: 144723.4, rotte: {4: [(1, 7), (7, 2), (2, 8)], 10: [(1, 4)], 6: [(1, 9)], 3: [(1, 6)], 8: [(1, 2)], 7: [(1, 6)], 5: [(1, 5)], 9: [(1, 3)], 11: [(1, 4), (4, 6)], 2: [(1, 9), (9, 3)]}, padri: [0, 11], figli: [6, 10, 10], mosse: [(4, 3, 2, 8, 1), (4, 4, 2, 8, 1)]
6 -> costo: 139911.6, rotte: {4: [(1, 2), (2, 8), (8, 7)], 10: [(1, 4)], 6: [(1, 9)], 3: [(1, 6)], 8: [(1, 2)], 7: [(1, 6)], 5: [(1, 5)], 9: [(1, 3)], 11: [(1, 4), (4, 6)], 2: [(1, 9), (9, 3)]}, padri: [5, 11], figli: [2, 7, 7, 9, 9], mosse: [(4, 4, 8, 7, 3), (4, 4, 1, 2, 1)]
7 -> costo: 139266.5, rotte: {4: [(1, 2), (2, 8), (8, 7)], 10: [(1, 4)], 6: [(1, 9)], 3: [(1, 6)], 8: [(1, 2)], 7: [(1, 6)], 5: [(1, 5)], 9: [(1, 3)], 11: [(1, 4), (4, 6)], 2: [(1, 3), (3, 9)]}, padri: [6, 6, 10, 12], figli: [3, 8], mosse: [(2, 2, 1, 3, 2), (2, 2, 3, 9, 3), (4, 4, 8, 7, 3), (4, 4, 1, 2, 1)]
8 -> costo: 139226.5, rotte: {4: [(1, 8), (8, 7)], 10: [(1, 4)], 6: [(1, 9)], 3: [(1, 2), (2, 6)], 8: [(1, 2)], 7: [(1, 6)], 5: [(1, 5)], 9: [(1, 3)], 11: [(1, 4), (4, 6)], 2: [(1, 3), (3, 9)]}, padri: [7, 9, 9], figli: [3], mosse: [(3, 4, 1, 2, 1), (2, 2, 1, 3, 2), (2, 2, 3, 9, 3)]
9 -> costo: 139871.6, rotte: {4: [(1, 8), (8, 7)], 10: [(1, 4)], 6: [(1, 9)], 3: [(1, 2), (2, 6)], 8: [(1, 2)], 7: [(1, 6)], 5: [(1, 5)], 9: [(1, 3)], 11: [(1, 4), (4, 6)], 2: [(1, 9), (9, 3)]}, padri: [6], figli: [2, 8, 8], mosse: [(3, 4, 1, 2, 1)]
10 -> costo: 144078.3, rotte: {4: [(1, 7), (7, 2), (2, 8)], 10: [(1, 4)], 6: [(1, 9)], 3: [(1, 6)], 8: [(1, 2)], 7: [(1, 6)], 5: [(1, 5)], 9: [(1, 3)], 11: [(1, 4), (4, 6)], 2: [(1, 3), (3, 9)]}, padri: [5, 5, 12, 13], figli: [7], mosse: [(2, 2, 1, 3, 2), (2, 2, 3, 9, 3), (4, 4, 2, 8, 1), (4, 3, 2, 8, 1)]
11 -> costo: 145558.80000000002, rotte: {4: [(1, 8), (8, 7), (7, 2)], 10: [(1, 4)], 6: [(1, 9)], 3: [(1, 6)], 8: [(1, 2)], 7: [(1, 6)], 5: [(1, 5)], 9: [(1, 3)], 11: [(1, 4), (4, 6)], 2: [(1, 9), (9, 3)]}, padri: [0], figli: [2, 2, 6, 5, 12, 12], mosse: [(4, 3, 1, 8, 1)]
12 -> costo: 144913.7, rotte: {4: [(1, 8), (8, 7), (7, 2)], 10: [(1, 4)], 6: [(1, 9)], 3: [(1, 6)], 8: [(1, 2)], 7: [(1, 6)], 5: [(1, 5)], 9: [(1, 3)], 11: [(1, 4), (4, 6)], 2: [(1, 3), (3, 9)]}, padri: [11, 11, 13], figli: [3, 3, 7, 10], mosse: [(2, 2, 1, 3, 2), (2, 2, 3, 9, 3), (4, 3, 1, 8, 1)]
13 -> costo: 145602.6, rotte: {4: [(1, 7), (7, 2)], 10: [(1, 4)], 6: [(1, 9)], 3: [(1, 8), (8, 6)], 8: [(1, 2)], 7: [(1, 6)], 5: [(1, 5)], 9: [(1, 3)], 11: [(1, 4), (4, 6)], 2: [(1, 3), (3, 9)]}, padri: [0, 0], figli: [4, 4, 4, 10, 12], mosse: [(2, 2, 1, 3, 2), (2, 2, 3, 9, 3)]
bestSolutionIndice: 3
3 -> costo: 136547.0, rotte: {4: [(1, 8), (8, 2), (2, 7)], 10: [(1, 4)], 6: [(1, 9)], 3: [(1, 6)], 8: [(1, 2)], 7: [(1, 6)], 5: [(1, 5)], 9: [(1, 3)], 11: [(1, 4), (4, 6)], 2: [(1, 3), (3, 9)]}, padri: [2, 2, 4, 7, 8, 12, 12], figli: [], mosse: [(2, 2, 1, 3, 2), (2, 2, 3, 9, 3), (4, 3, 1, 8, 1), (4, 4, 8, 2, 1), (4, 3, 8, 2, 1), (4, 4, 8, 2, 1), (4, 4, 2, 7, 3)]
trasportoPalletDiGamma: {4: [(8, 1), (2, 1), (7, 3)], 10: [(4, 10)], 6: [(9, 5)], 3: [(6, 4)], 8: [(2, 5)], 7: [(6, 5)], 5: [(5, 5)], 9: [(3, 10)], 11: [(4, 8), (6, 5)], 2: [(3, 2), (9, 3)]}
itMosseLS: 42, itMosseTS: 42
time elapsed: 949.82s.


##########################################################################################
s: 1
dictSolutions[1]:
0 -> costo: 141587.7, rotte: {3: [(1, 8), (8, 6)], 10: [(1, 3)], 7: [(1, 5)], 11: [(1, 2), (2, 4)], 8: [(1, 9)], 9: [(1, 6)], 6: [(1, 4)], 5: [(1, 7), (7, 4)], 4: [(1, 3), (3, 4)], 2: [(1, 9)]}, padri: [-1], figli: [1, 4], mosse: [-1]
1 -> costo: 136606.3, rotte: {3: [(1, 8), (8, 6)], 10: [(1, 3)], 7: [(1, 5)], 11: [(1, 2), (2, 4)], 8: [(1, 9)], 9: [(1, 6)], 6: [(1, 4)], 5: [(1, 4), (4, 7)], 4: [(1, 3), (3, 4)], 2: [(1, 9)]}, padri: [0], figli: [2, 5], mosse: [(5, 5, 7, 4)]
2 -> costo: 133745.1, rotte: {3: [(1, 6)], 10: [(1, 3)], 7: [(1, 5)], 11: [(1, 2), (2, 4)], 8: [(1, 9)], 9: [(1, 6)], 6: [(1, 4)], 5: [(1, 4), (4, 7)], 4: [(1, 3), (3, 8), (8, 4)], 2: [(1, 9)]}, padri: [1, 4], figli: [3], mosse: [(4, 3, 3, 8, 1), (5, 5, 7, 4)]
3 -> costo: 133103.6, rotte: {3: [(1, 6)], 10: [(1, 3)], 7: [(1, 5)], 11: [(1, 2), (2, 4)], 8: [(1, 9)], 9: [(1, 6)], 6: [(1, 4)], 5: [(1, 4), (4, 7)], 4: [(1, 8), (8, 3), (3, 4)], 2: [(1, 9)]}, padri: [2, 5], figli: [], mosse: [(4, 4, 8, 3, 2), (5, 5, 7, 4)]
4 -> costo: 138726.5, rotte: {3: [(1, 6)], 10: [(1, 3)], 7: [(1, 5)], 11: [(1, 2), (2, 4)], 8: [(1, 9)], 9: [(1, 6)], 6: [(1, 4)], 5: [(1, 7), (7, 4)], 4: [(1, 3), (3, 8), (8, 4)], 2: [(1, 9)]}, padri: [0], figli: [2, 5], mosse: [(4, 3, 3, 8, 1)]
5 -> costo: 138085.0, rotte: {3: [(1, 6)], 10: [(1, 3)], 7: [(1, 5)], 11: [(1, 2), (2, 4)], 8: [(1, 9)], 9: [(1, 6)], 6: [(1, 4)], 5: [(1, 7), (7, 4)], 4: [(1, 8), (8, 3), (3, 4)], 2: [(1, 9)]}, padri: [4], figli: [3], mosse: [(4, 4, 8, 3, 2)]
bestSolutionIndice: 3
3 -> costo: 133103.6, rotte: {3: [(1, 6)], 10: [(1, 3)], 7: [(1, 5)], 11: [(1, 2), (2, 4)], 8: [(1, 9)], 9: [(1, 6)], 6: [(1, 4)], 5: [(1, 4), (4, 7)], 4: [(1, 8), (8, 3), (3, 4)], 2: [(1, 9)]}, padri: [2, 5], figli: [], mosse: [(4, 4, 8, 3, 2), (5, 5, 7, 4)]
trasportoPalletDiGamma: {3: [(6, 4)], 10: [(3, 10)], 7: [(5, 5)], 11: [(2, 6), (4, 9)], 8: [(9, 5)], 9: [(6, 10)], 6: [(4, 5)], 5: [(4, 2), (7, 3)], 4: [(8, 1), (3, 2), (4, 2)], 2: [(9, 3)]}
itMosseLS: 7, itMosseTS: 7
time elapsed: 154.16s.


##########################################################################################
s: 1
dictSolutions[1]:
0 -> costo: 133921.3, rotte: {5: [(1, 9)], 2: [(1, 2)], 11: [(1, 5), (5, 6)], 3: [(1, 6)], 4: [(1, 8), (8, 3)], 9: [(1, 3)], 8: [(1, 7), (7, 4)], 6: [(1, 4)], 7: [(1, 9), (9, 4)], 10: [(1, 2), (2, 4)]}, padri: [-1], figli: [1, 1, 1, 3, 3, 3, 3], mosse: [-1]
1 -> costo: 128939.90000000001, rotte: {5: [(1, 9)], 2: [(1, 2)], 11: [(1, 5), (5, 6)], 3: [(1, 6)], 4: [(1, 8), (8, 3)], 9: [(1, 3)], 8: [(1, 4), (4, 7)], 6: [(1, 4)], 7: [(1, 9), (9, 4)], 10: [(1, 2), (2, 4)]}, padri: [0, 0, 0], figli: [2, 2, 2], mosse: [(8, 8, 7, 4), (8, 8, 1, 4, 2), (8, 8, 4, 7, 3)]
2 -> costo: 128743.2, rotte: {5: [(1, 9)], 2: [(1, 2)], 11: [(1, 6), (6, 5)], 3: [(1, 6)], 4: [(1, 8), (8, 3)], 9: [(1, 3)], 8: [(1, 4), (4, 7)], 6: [(1, 4)], 7: [(1, 9), (9, 4)], 10: [(1, 2), (2, 4)]}, padri: [1, 1, 1, 3, 3, 3], figli: [], mosse: [(11, 11, 1, 6, 9), (11, 11, 6, 5, 5), (11, 11, 5, 6), (8, 8, 7, 4), (8, 8, 1, 4, 2), (8, 8, 4, 7, 3)]
3 -> costo: 133724.59999999998, rotte: {5: [(1, 9)], 2: [(1, 2)], 11: [(1, 6), (6, 5)], 3: [(1, 6)], 4: [(1, 8), (8, 3)], 9: [(1, 3)], 8: [(1, 7), (7, 4)], 6: [(1, 4)], 7: [(1, 9), (9, 4)], 10: [(1, 2), (2, 4)]}, padri: [0, 0], figli: [2, 2, 2], mosse: [(11, 11, 1, 6, 9), (11, 11, 6, 5, 5)]
bestSolutionIndice: 2
2 -> costo: 128743.2, rotte: {5: [(1, 9)], 2: [(1, 2)], 11: [(1, 6), (6, 5)], 3: [(1, 6)], 4: [(1, 8), (8, 3)], 9: [(1, 3)], 8: [(1, 4), (4, 7)], 6: [(1, 4)], 7: [(1, 9), (9, 4)], 10: [(1, 2), (2, 4)]}, padri: [1, 1, 1, 3, 3, 3], figli: [], mosse: [(11, 11, 1, 6, 9), (11, 11, 6, 5, 5), (11, 11, 5, 6), (8, 8, 7, 4), (8, 8, 1, 4, 2), (8, 8, 4, 7, 3)]
trasportoPalletDiGamma: {5: [(9, 5)], 2: [(2, 5)], 11: [(6, 9), (5, 5)], 3: [(6, 5)], 4: [(8, 1), (3, 2)], 9: [(3, 10)], 8: [(4, 2), (7, 3)], 6: [(4, 5)], 7: [(9, 3), (4, 2)], 10: [(2, 1), (4, 9)]}
itMosseLS: 11, itMosseTS: 10
time elapsed: 153.82s.


