itNSIMax: 5, itMosseTSMax: 50.
##########################################################################################
s: 1
dictSolutions[1]:
0 -> costo: 80131.3, rotte: {2: [(1, 8)], 3: [(1, 9), (9, 4), (4, 7)], 5: [(1, 6), (6, 10), (10, 3), (3, 7)], 4: [(1, 2), (2, 5), (5, 8)]}, padri: [-1], figli: [1], mosse: [-1]
1 -> costo: 75960.1, rotte: {2: [(1, 8)], 3: [(1, 9), (9, 4), (4, 7)], 5: [(1, 6), (6, 3), (3, 7), (7, 10)], 4: [(1, 2), (2, 5), (5, 8)]}, padri: [0], figli: [2, 12, 18, 20], mosse: [(5, 5, 7, 10, 2)]
2 -> costo: 73008.70000000001, rotte: {2: [(1, 8)], 3: [(1, 4), (4, 7), (7, 9)], 5: [(1, 6), (6, 3), (3, 7), (7, 10)], 4: [(1, 2), (2, 5), (5, 8)]}, padri: [1], figli: [3, 5, 7, 8, 9, 10, 9, 9, 11, 11, 11, 17, 19], mosse: [(3, 3, 7, 9, 1)]
3 -> costo: 71646.8, rotte: {2: [(1, 8)], 3: [(1, 4), (4, 7), (7, 9)], 5: [(1, 6), (6, 3), (3, 7), (7, 10)], 4: [(1, 5), (5, 8), (8, 2)]}, padri: [2, 5, 5, 7, 12], figli: [4], mosse: [(4, 4, 8, 2, 3), (4, 4, 5, 8, 4), (4, 4, 8, 2, 3), (4, 4, 1, 5, 11), (3, 3, 7, 9, 1)]
4 -> costo: 71221.2, rotte: {2: [(1, 8)], 3: [(1, 4), (4, 7), (7, 9)], 5: [(1, 6), (6, 7), (7, 3), (3, 10)], 4: [(1, 5), (5, 8), (8, 2)]}, padri: [3, 6, 6, 8, 11, 17], figli: [], mosse: [(5, 5, 7, 3, 6), (4, 4, 5, 8, 4), (4, 4, 8, 2, 3), (4, 4, 1, 5, 11), (4, 4, 8, 2, 3), (3, 3, 7, 9, 1)]
5 -> costo: 71796.10000000002, rotte: {2: [(1, 8)], 3: [(1, 4), (4, 7), (7, 9)], 5: [(1, 6), (6, 3), (3, 7), (7, 10)], 4: [(1, 5), (5, 2), (2, 8)]}, padri: [2, 9, 18], figli: [6, 3, 3, 8, 8, 17, 17], mosse: [(4, 4, 5, 2, 3), (4, 4, 1, 5, 11), (3, 3, 7, 9, 1)]
6 -> costo: 71370.50000000001, rotte: {2: [(1, 8)], 3: [(1, 4), (4, 7), (7, 9)], 5: [(1, 6), (6, 7), (7, 3), (3, 10)], 4: [(1, 5), (5, 2), (2, 8)]}, padri: [5, 10, 11, 19], figli: [4, 4], mosse: [(5, 5, 7, 3, 6), (4, 4, 1, 5, 11), (4, 4, 5, 2, 3), (3, 3, 7, 9, 1)]
7 -> costo: 72367.90000000001, rotte: {2: [(1, 8)], 3: [(1, 4), (4, 7), (7, 9)], 5: [(1, 6), (6, 3), (3, 7), (7, 10)], 4: [(1, 8), (8, 2), (2, 5)]}, padri: [2, 9], figli: [3, 8, 17], mosse: [(4, 4, 1, 8, 4), (4, 4, 8, 2, 3)]
8 -> costo: 71942.30000000002, rotte: {2: [(1, 8)], 3: [(1, 4), (4, 7), (7, 9)], 5: [(1, 6), (6, 7), (7, 3), (3, 10)], 4: [(1, 8), (8, 2), (2, 5)]}, padri: [7, 10, 11], figli: [4], mosse: [(5, 5, 7, 3, 6), (4, 4, 8, 2, 3), (4, 4, 1, 8, 4)]
9 -> costo: 72388.80000000002, rotte: {2: [(1, 8)], 3: [(1, 4), (4, 7), (7, 9)], 5: [(1, 6), (6, 3), (3, 7), (7, 10)], 4: [(1, 2), (2, 8), (8, 5)]}, padri: [2, 2, 2], figli: [5, 10, 7, 19], mosse: [(4, 4, 2, 8, 4), (4, 4, 8, 5, 11), (4, 4, 5, 8)]
10 -> costo: 71963.20000000001, rotte: {2: [(1, 8)], 3: [(1, 4), (4, 7), (7, 9)], 5: [(1, 6), (6, 7), (7, 3), (3, 10)], 4: [(1, 2), (2, 8), (8, 5)]}, padri: [9, 11, 11, 11], figli: [6, 8], mosse: [(5, 5, 7, 3, 6), (4, 4, 2, 8, 4), (4, 4, 8, 5, 11), (4, 4, 5, 8)]
11 -> costo: 72583.1, rotte: {2: [(1, 8)], 3: [(1, 4), (4, 7), (7, 9)], 5: [(1, 6), (6, 7), (7, 3), (3, 10)], 4: [(1, 2), (2, 5), (5, 8)]}, padri: [2], figli: [4, 6, 8, 10, 10, 10], mosse: [(5, 5, 7, 3, 6)]
12 -> costo: 74598.2, rotte: {2: [(1, 8)], 3: [(1, 9), (9, 4), (4, 7)], 5: [(1, 6), (6, 3), (3, 7), (7, 10)], 4: [(1, 5), (5, 8), (8, 2)]}, padri: [1, 18, 18], figli: [13, 3, 17, 22], mosse: [(4, 4, 8, 2, 3), (4, 4, 5, 8, 4), (4, 4, 8, 2, 3)]
13 -> costo: 70983.1, rotte: {2: [(1, 8)], 3: [(1, 4), (4, 7)], 5: [(1, 6), (6, 3), (3, 7), (7, 10)], 4: [(1, 5), (5, 8), (8, 2), (2, 9)]}, padri: [12, 21], figli: [14, 16], mosse: [(4, 3, 2, 9, 1), (4, 4, 8, 2, 3)]
14 -> costo: 70557.5, rotte: {2: [(1, 8)], 3: [(1, 4), (4, 7)], 5: [(1, 6), (6, 7), (7, 3), (3, 10)], 4: [(1, 5), (5, 8), (8, 2), (2, 9)]}, padri: [13, 17, 22], figli: [15], mosse: [(5, 5, 7, 3, 6), (4, 3, 2, 9, 1), (4, 4, 8, 2, 3)]
15 -> costo: 70252.1, rotte: {2: [(1, 8)], 3: [(1, 4), (4, 7)], 5: [(1, 6), (6, 7), (7, 3), (3, 10)], 4: [(1, 5), (5, 2), (2, 8), (8, 9)]}, padri: [14, 16, 22], figli: [], mosse: [(4, 4, 2, 8, 4), (5, 5, 7, 3, 6), (4, 4, 5, 2, 3)]
16 -> costo: 70677.7, rotte: {2: [(1, 8)], 3: [(1, 4), (4, 7)], 5: [(1, 6), (6, 3), (3, 7), (7, 10)], 4: [(1, 5), (5, 2), (2, 8), (8, 9)]}, padri: [13, 21], figli: [15], mosse: [(4, 4, 2, 8, 4), (4, 4, 5, 2, 3)]
17 -> costo: 74172.59999999999, rotte: {2: [(1, 8)], 3: [(1, 9), (9, 4), (4, 7)], 5: [(1, 6), (6, 7), (7, 3), (3, 10)], 4: [(1, 5), (5, 8), (8, 2)]}, padri: [12, 19, 19], figli: [14, 4], mosse: [(5, 5, 7, 3, 6), (4, 4, 5, 8, 4), (4, 4, 8, 2, 3)]
18 -> costo: 74747.50000000001, rotte: {2: [(1, 8)], 3: [(1, 9), (9, 4), (4, 7)], 5: [(1, 6), (6, 3), (3, 7), (7, 10)], 4: [(1, 5), (5, 2), (2, 8)]}, padri: [1], figli: [5, 19, 12, 12], mosse: [(4, 4, 5, 2, 3)]
19 -> costo: 74321.90000000001, rotte: {2: [(1, 8)], 3: [(1, 9), (9, 4), (4, 7)], 5: [(1, 6), (6, 7), (7, 3), (3, 10)], 4: [(1, 5), (5, 2), (2, 8)]}, padri: [18], figli: [6, 17, 17], mosse: [(5, 5, 7, 3, 6)]
20 -> costo: 74980.40000000001, rotte: {2: [(1, 8)], 3: [(1, 4), (4, 7)], 5: [(1, 6), (6, 3), (3, 7), (7, 10)], 4: [(1, 9), (9, 2), (2, 5), (5, 8)]}, padri: [1], figli: [21], mosse: [(4, 3, 1, 9, 1)]
21 -> costo: 71890.3, rotte: {2: [(1, 8)], 3: [(1, 4), (4, 7)], 5: [(1, 6), (6, 3), (3, 7), (7, 10)], 4: [(1, 2), (2, 5), (5, 8), (8, 9)]}, padri: [20], figli: [16, 13, 22], mosse: [(4, 4, 8, 9, 1)]
22 -> costo: 71464.7, rotte: {2: [(1, 8)], 3: [(1, 4), (4, 7)], 5: [(1, 6), (6, 7), (7, 3), (3, 10)], 4: [(1, 2), (2, 5), (5, 8), (8, 9)]}, padri: [21], figli: [15, 14], mosse: [(5, 5, 7, 3, 6)]
bestSolutionIndice: 15
15 -> costo: 70252.1, rotte: {2: [(1, 8)], 3: [(1, 4), (4, 7)], 5: [(1, 6), (6, 7), (7, 3), (3, 10)], 4: [(1, 5), (5, 2), (2, 8), (8, 9)]}, padri: [14, 16, 22], figli: [], mosse: [(4, 4, 2, 8, 4), (5, 5, 7, 3, 6), (4, 4, 5, 2, 3)]
trasportoPalletDiGamma: {2: [(8, 15)], 3: [(4, 8), (7, 11)], 5: [(6, 13), (7, 4), (3, 6), (10, 2)], 4: [(5, 11), (2, 3), (8, 4), (9, 1)]}
itMosseLS: 54, itMosseTS: 50
time elapsed: 124.48s.


##########################################################################################
s: 1
dictSolutions[1]:
0 -> costo: 73728.2, rotte: {5: [(1, 9), (9, 8), (8, 4)], 2: [(1, 6), (6, 10)], 3: [(1, 5), (5, 3), (3, 4)], 4: [(1, 7), (7, 2)]}, padri: [-1], figli: [1, 9, 17, 17, 17], mosse: [-1]
1 -> costo: 71377.3, rotte: {5: [(1, 8), (8, 4)], 2: [(1, 6), (6, 10)], 3: [(1, 5), (5, 3), (3, 4)], 4: [(1, 7), (7, 2), (2, 9)]}, padri: [0], figli: [2, 2, 2, 4, 4, 4, 4, 4, 7, 7, 7, 8], mosse: [(4, 5, 2, 9, 1)]
2 -> costo: 70631.9, rotte: {5: [(1, 8), (8, 4)], 2: [(1, 6), (6, 10)], 3: [(1, 5), (5, 4), (4, 3)], 4: [(1, 7), (7, 2), (2, 9)]}, padri: [1, 1, 1, 7, 17], figli: [3, 3, 3, 5, 5, 5], mosse: [(3, 3, 5, 4, 3), (3, 3, 4, 3, 6), (3, 3, 3, 4), (3, 3, 5, 4, 3), (4, 5, 2, 9, 1)]
3 -> costo: 70015.7, rotte: {5: [(1, 4), (4, 8)], 2: [(1, 6), (6, 10)], 3: [(1, 5), (5, 4), (4, 3)], 4: [(1, 7), (7, 2), (2, 9)]}, padri: [2, 2, 2, 4, 4, 4, 5], figli: [], mosse: [(5, 5, 1, 4, 5), (5, 5, 4, 8, 19), (5, 5, 8, 4), (3, 3, 5, 4, 3), (3, 3, 4, 3, 6), (3, 3, 3, 4), (3, 3, 5, 4, 3)]
4 -> costo: 70761.1, rotte: {5: [(1, 4), (4, 8)], 2: [(1, 6), (6, 10)], 3: [(1, 5), (5, 3), (3, 4)], 4: [(1, 7), (7, 2), (2, 9)]}, padri: [1, 1, 1], figli: [3, 3, 3, 5, 5, 5, 6], mosse: [(5, 5, 1, 4, 5), (5, 5, 4, 8, 19), (5, 5, 8, 4)]
5 -> costo: 70227.5, rotte: {5: [(1, 4), (4, 8)], 2: [(1, 6), (6, 10)], 3: [(1, 4), (4, 5), (5, 3)], 4: [(1, 7), (7, 2), (2, 9)]}, padri: [4, 6, 7, 7, 7], figli: [3], mosse: [(3, 3, 1, 4, 3), (3, 3, 5, 3, 6), (5, 5, 1, 4, 5), (5, 5, 4, 8, 19), (5, 5, 8, 4)]
6 -> costo: 70709.09999999999, rotte: {5: [(1, 4), (4, 8)], 2: [(1, 6), (6, 10)], 3: [(1, 3), (3, 4), (4, 5)], 4: [(1, 7), (7, 2), (2, 9)]}, padri: [4, 8, 8, 8], figli: [5], mosse: [(3, 3, 4, 5, 11), (5, 5, 1, 4, 5), (5, 5, 4, 8, 19), (5, 5, 8, 4)]
7 -> costo: 70843.7, rotte: {5: [(1, 8), (8, 4)], 2: [(1, 6), (6, 10)], 3: [(1, 4), (4, 5), (5, 3)], 4: [(1, 7), (7, 2), (2, 9)]}, padri: [1, 8], figli: [5, 5, 5, 2], mosse: [(3, 3, 1, 4, 3), (3, 3, 5, 3, 6)]
8 -> costo: 71325.29999999999, rotte: {5: [(1, 8), (8, 4)], 2: [(1, 6), (6, 10)], 3: [(1, 3), (3, 4), (4, 5)], 4: [(1, 7), (7, 2), (2, 9)]}, padri: [1], figli: [6, 6, 6, 7], mosse: [(3, 3, 4, 5, 11)]
9 -> costo: 71574.6, rotte: {5: [(1, 8), (8, 4), (4, 9)], 2: [(1, 6), (6, 10)], 3: [(1, 5), (5, 3), (3, 4)], 4: [(1, 7), (7, 2)]}, padri: [0], figli: [10, 14, 14, 14, 15, 15, 15, 16], mosse: [(5, 5, 4, 9, 1)]
10 -> costo: 70306.4, rotte: {5: [(1, 4), (4, 8), (8, 9)], 2: [(1, 6), (6, 10)], 3: [(1, 5), (5, 3), (3, 4)], 4: [(1, 7), (7, 2)]}, padri: [9], figli: [11, 11, 11, 12, 12, 12, 13], mosse: [(5, 5, 4, 8, 19)]
11 -> costo: 69561.0, rotte: {5: [(1, 4), (4, 8), (8, 9)], 2: [(1, 6), (6, 10)], 3: [(1, 5), (5, 4), (4, 3)], 4: [(1, 7), (7, 2)]}, padri: [10, 10, 10, 12, 14], figli: [], mosse: [(3, 3, 5, 4, 3), (3, 3, 4, 3, 6), (3, 3, 3, 4), (3, 3, 5, 4, 3), (5, 5, 4, 8, 19)]
12 -> costo: 69772.79999999999, rotte: {5: [(1, 4), (4, 8), (8, 9)], 2: [(1, 6), (6, 10)], 3: [(1, 4), (4, 5), (5, 3)], 4: [(1, 7), (7, 2)]}, padri: [10, 13, 15], figli: [11], mosse: [(3, 3, 1, 4, 3), (3, 3, 5, 3, 6), (5, 5, 4, 8, 19)]
13 -> costo: 70254.4, rotte: {5: [(1, 4), (4, 8), (8, 9)], 2: [(1, 6), (6, 10)], 3: [(1, 3), (3, 4), (4, 5)], 4: [(1, 7), (7, 2)]}, padri: [10, 16], figli: [12], mosse: [(3, 3, 4, 5, 11), (5, 5, 4, 8, 19)]
14 -> costo: 70829.2, rotte: {5: [(1, 8), (8, 4), (4, 9)], 2: [(1, 6), (6, 10)], 3: [(1, 5), (5, 4), (4, 3)], 4: [(1, 7), (7, 2)]}, padri: [9, 9, 9, 15, 17], figli: [11], mosse: [(3, 3, 5, 4, 3), (3, 3, 4, 3, 6), (3, 3, 3, 4), (3, 3, 5, 4, 3), (5, 5, 4, 9, 1)]
15 -> costo: 71041.0, rotte: {5: [(1, 8), (8, 4), (4, 9)], 2: [(1, 6), (6, 10)], 3: [(1, 4), (4, 5), (5, 3)], 4: [(1, 7), (7, 2)]}, padri: [9, 16], figli: [12, 14], mosse: [(3, 3, 1, 4, 3), (3, 3, 5, 3, 6)]
16 -> costo: 71522.6, rotte: {5: [(1, 8), (8, 4), (4, 9)], 2: [(1, 6), (6, 10)], 3: [(1, 3), (3, 4), (4, 5)], 4: [(1, 7), (7, 2)]}, padri: [9], figli: [13, 15], mosse: [(3, 3, 4, 5, 11)]
17 -> costo: 72982.79999999999, rotte: {5: [(1, 9), (9, 8), (8, 4)], 2: [(1, 6), (6, 10)], 3: [(1, 5), (5, 4), (4, 3)], 4: [(1, 7), (7, 2)]}, padri: [0, 0, 0], figli: [2, 14], mosse: [(3, 3, 5, 4, 3), (3, 3, 4, 3, 6), (3, 3, 3, 4)]
bestSolutionIndice: 11
11 -> costo: 69561.0, rotte: {5: [(1, 4), (4, 8), (8, 9)], 2: [(1, 6), (6, 10)], 3: [(1, 5), (5, 4), (4, 3)], 4: [(1, 7), (7, 2)]}, padri: [10, 10, 10, 12, 14], figli: [], mosse: [(3, 3, 5, 4, 3), (3, 3, 4, 3, 6), (3, 3, 3, 4), (3, 3, 5, 4, 3), (5, 5, 4, 8, 19)]
trasportoPalletDiGamma: {5: [(4, 5), (8, 19), (9, 1)], 2: [(6, 13), (10, 2)], 3: [(5, 11), (4, 3), (3, 6)], 4: [(7, 15), (2, 3)]}
itMosseLS: 51, itMosseTS: 50
time elapsed: 102.55s.


##########################################################################################
s: 1
dictSolutions[1]:
0 -> costo: 80570.5, rotte: {3: [(1, 7), (7, 2), (2, 8)], 2: [(1, 4), (4, 5)], 4: [(1, 3), (3, 10), (10, 5), (5, 8)], 5: [(1, 9), (9, 6), (6, 8)]}, padri: [-1], figli: [1], mosse: [-1]
1 -> costo: 70985.09999999999, rotte: {3: [(1, 7), (7, 2), (2, 8)], 2: [(1, 4), (4, 5)], 4: [(1, 3), (3, 9), (9, 10), (10, 5), (5, 8)], 5: [(1, 6), (6, 8)]}, padri: [0], figli: [2, 5, 7, 8, 19], mosse: [(4, 5, 3, 9, 1)]
2 -> costo: 68881.79999999999, rotte: {3: [(1, 7), (7, 2), (2, 8)], 2: [(1, 4), (4, 5)], 4: [(1, 9), (9, 10), (10, 5), (5, 8), (8, 3)], 5: [(1, 6), (6, 8)]}, padri: [1, 7], figli: [3, 4, 6], mosse: [(4, 4, 8, 3, 6), (4, 4, 8, 3, 6)]
3 -> costo: 68078.29999999999, rotte: {3: [(1, 7), (7, 2), (2, 8)], 2: [(1, 4), (4, 5)], 4: [(1, 9), (9, 10), (10, 8), (8, 3), (3, 5)], 5: [(1, 6), (6, 8)]}, padri: [2, 4, 4, 4, 6, 7, 19], figli: [], mosse: [(4, 4, 3, 5, 4), (4, 4, 8, 3, 6), (4, 4, 3, 5, 4), (4, 4, 5, 3), (4, 4, 8, 3, 6), (4, 4, 10, 8, 6), (4, 4, 8, 3, 6)]
4 -> costo: 68236.29999999999, rotte: {3: [(1, 7), (7, 2), (2, 8)], 2: [(1, 4), (4, 5)], 4: [(1, 9), (9, 10), (10, 8), (8, 5), (5, 3)], 5: [(1, 6), (6, 8)]}, padri: [2, 5], figli: [3, 3, 3], mosse: [(4, 4, 8, 5, 4), (4, 4, 10, 8, 6)]
5 -> costo: 68982.49999999999, rotte: {3: [(1, 7), (7, 2), (2, 8)], 2: [(1, 4), (4, 5)], 4: [(1, 9), (9, 10), (10, 5), (5, 3), (3, 8)], 5: [(1, 6), (6, 8)]}, padri: [1, 7], figli: [4, 6, 20], mosse: [(4, 4, 5, 3, 6), (4, 4, 5, 3, 6)]
6 -> costo: 68780.09999999999, rotte: {3: [(1, 7), (7, 2), (2, 8)], 2: [(1, 4), (4, 5)], 4: [(1, 9), (9, 10), (10, 3), (3, 8), (8, 5)], 5: [(1, 6), (6, 8)]}, padri: [5, 19], figli: [3], mosse: [(4, 4, 8, 5, 4), (4, 4, 10, 3, 6)]
7 -> costo: 69038.79999999999, rotte: {3: [(1, 7), (7, 2), (2, 8)], 2: [(1, 4), (4, 5)], 4: [(1, 9), (9, 10), (10, 3), (3, 5), (5, 8)], 5: [(1, 6), (6, 8)]}, padri: [1], figli: [3, 2, 5], mosse: [(4, 4, 10, 3, 6)]
8 -> costo: 70022.69999999998, rotte: {3: [(1, 7), (7, 2), (2, 8)], 2: [(1, 4), (4, 5)], 4: [(1, 3), (3, 8), (8, 9), (9, 10), (10, 5)], 5: [(1, 6), (6, 8)]}, padri: [1], figli: [9, 11, 12, 15, 16], mosse: [(4, 4, 3, 8, 6)]
9 -> costo: 64935.9, rotte: {3: [(1, 7), (7, 2), (2, 8)], 2: [(1, 4), (4, 5)], 4: [(1, 5), (5, 3), (3, 8), (8, 9), (9, 10)], 5: [(1, 6), (6, 8)]}, padri: [8, 11, 14, 20, 21], figli: [10, 10, 10, 13, 13, 13], mosse: [(4, 4, 1, 5, 4), (4, 4, 5, 3, 6), (4, 4, 3, 8, 6), (4, 4, 3, 8, 6), (4, 4, 3, 8, 6)]
10 -> costo: 64700.9, rotte: {3: [(1, 7), (7, 2), (2, 8)], 2: [(1, 4), (4, 5)], 4: [(1, 5), (5, 3), (3, 8), (8, 10), (10, 9)], 5: [(1, 6), (6, 8)]}, padri: [9, 9, 9, 12, 13], figli: [], mosse: [(4, 4, 8, 10, 2), (4, 4, 10, 9, 1), (4, 4, 9, 10), (4, 4, 5, 3, 6), (4, 4, 3, 8, 6)]
11 -> costo: 65787.29999999999, rotte: {3: [(1, 7), (7, 2), (2, 8)], 2: [(1, 4), (4, 5)], 4: [(1, 3), (3, 5), (5, 8), (8, 9), (9, 10)], 5: [(1, 6), (6, 8)]}, padri: [8, 15, 18], figli: [9, 12, 12, 12, 14, 14, 14, 17, 17, 17, 21], mosse: [(4, 4, 3, 5, 4), (4, 4, 5, 8, 6), (4, 4, 5, 8, 6)]
12 -> costo: 65552.29999999999, rotte: {3: [(1, 7), (7, 2), (2, 8)], 2: [(1, 4), (4, 5)], 4: [(1, 3), (3, 5), (5, 8), (8, 10), (10, 9)], 5: [(1, 6), (6, 8)]}, padri: [11, 11, 11, 16, 17], figli: [10, 13], mosse: [(4, 4, 8, 10, 2), (4, 4, 10, 9, 1), (4, 4, 9, 10), (4, 4, 5, 8, 6), (4, 4, 5, 8, 6)]
13 -> costo: 65404.600000000006, rotte: {3: [(1, 7), (7, 2), (2, 8)], 2: [(1, 4), (4, 5)], 4: [(1, 5), (5, 8), (8, 3), (3, 10), (10, 9)], 5: [(1, 6), (6, 8)]}, padri: [12, 14, 14, 14], figli: [10], mosse: [(4, 4, 8, 3, 6), (4, 4, 3, 10, 2), (4, 4, 10, 9, 1), (4, 4, 9, 10)]
14 -> costo: 65639.6, rotte: {3: [(1, 7), (7, 2), (2, 8)], 2: [(1, 4), (4, 5)], 4: [(1, 5), (5, 8), (8, 3), (3, 9), (9, 10)], 5: [(1, 6), (6, 8)]}, padri: [11, 20, 21], figli: [9, 13, 13, 13], mosse: [(4, 4, 8, 3, 6), (4, 4, 5, 8, 6), (4, 4, 5, 8, 6)]
15 -> costo: 66436.79999999999, rotte: {3: [(1, 7), (7, 2), (2, 8)], 2: [(1, 4), (4, 5)], 4: [(1, 3), (3, 8), (8, 5), (5, 9), (9, 10)], 5: [(1, 6), (6, 8)]}, padri: [8], figli: [11, 16, 16, 16, 18, 18, 18], mosse: [(4, 4, 8, 5, 4)]
16 -> costo: 66201.8, rotte: {3: [(1, 7), (7, 2), (2, 8)], 2: [(1, 4), (4, 5)], 4: [(1, 3), (3, 8), (8, 5), (5, 10), (10, 9)], 5: [(1, 6), (6, 8)]}, padri: [15, 15, 15], figli: [12, 17], mosse: [(4, 4, 5, 10, 2), (4, 4, 10, 9, 1), (4, 4, 9, 10)]
17 -> costo: 66180.90000000001, rotte: {3: [(1, 7), (7, 2), (2, 8)], 2: [(1, 4), (4, 5)], 4: [(1, 8), (8, 3), (3, 5), (5, 10), (10, 9)], 5: [(1, 6), (6, 8)]}, padri: [16, 18, 18, 18], figli: [12], mosse: [(4, 4, 8, 3, 6), (4, 4, 5, 10, 2), (4, 4, 10, 9, 1), (4, 4, 9, 10)]
18 -> costo: 66415.9, rotte: {3: [(1, 7), (7, 2), (2, 8)], 2: [(1, 4), (4, 5)], 4: [(1, 8), (8, 3), (3, 5), (5, 9), (9, 10)], 5: [(1, 6), (6, 8)]}, padri: [15], figli: [11, 17, 17, 17], mosse: [(4, 4, 8, 3, 6)]
19 -> costo: 70080.9, rotte: {3: [(1, 7), (7, 2), (2, 8)], 2: [(1, 4), (4, 5)], 4: [(1, 3), (3, 9), (9, 10), (10, 8), (8, 5)], 5: [(1, 6), (6, 8)]}, padri: [1], figli: [3, 6, 20], mosse: [(4, 4, 10, 8, 6)]
20 -> costo: 69488.2, rotte: {3: [(1, 7), (7, 2), (2, 8)], 2: [(1, 4), (4, 5)], 4: [(1, 5), (5, 3), (3, 9), (9, 10), (10, 8)], 5: [(1, 6), (6, 8)]}, padri: [19], figli: [9, 14, 21], mosse: [(4, 4, 1, 5, 4)]
21 -> costo: 66470.1, rotte: {3: [(1, 7), (7, 2), (2, 8)], 2: [(1, 4), (4, 5)], 4: [(1, 8), (8, 5), (5, 3), (3, 9), (9, 10)], 5: [(1, 6), (6, 8)]}, padri: [20], figli: [9, 14], mosse: [(4, 4, 1, 8, 6)]
bestSolutionIndice: 10
10 -> costo: 64700.9, rotte: {3: [(1, 7), (7, 2), (2, 8)], 2: [(1, 4), (4, 5)], 4: [(1, 5), (5, 3), (3, 8), (8, 10), (10, 9)], 5: [(1, 6), (6, 8)]}, padri: [9, 9, 9, 12, 13], figli: [], mosse: [(4, 4, 8, 10, 2), (4, 4, 10, 9, 1), (4, 4, 9, 10), (4, 4, 5, 3, 6), (4, 4, 3, 8, 6)]
trasportoPalletDiGamma: {3: [(7, 15), (2, 3), (8, 2)], 2: [(4, 8), (5, 7)], 4: [(5, 4), (3, 6), (8, 6), (10, 2), (9, 1)], 5: [(6, 13), (8, 11)]}
itMosseLS: 55, itMosseTS: 50
time elapsed: 129.87s.


##########################################################################################
s: 1
dictSolutions[1]:
0 -> costo: 81445.9, rotte: {5: [(1, 2), (2, 3), (3, 9), (9, 7)], 4: [(1, 8), (8, 10)], 3: [(1, 5), (5, 4), (4, 10)], 2: [(1, 6), (6, 7)]}, padri: [-1], figli: [1, 1, 7, 7, 12, 12, 20, 21, 21], mosse: [-1]
1 -> costo: 76197.99999999999, rotte: {5: [(1, 2), (2, 3), (3, 7), (7, 9)], 4: [(1, 8), (8, 10)], 3: [(1, 5), (5, 4), (4, 10)], 2: [(1, 6), (6, 7)]}, padri: [0, 0, 12, 20, 21], figli: [2, 2, 2, 2, 5, 5, 5, 5], mosse: [(5, 5, 3, 7, 13), (5, 5, 7, 9, 1), (5, 5, 3, 7, 13), (5, 5, 7, 9, 1), (5, 5, 7, 9, 1)]
2 -> costo: 75335.59999999999, rotte: {5: [(1, 2), (2, 3), (3, 7), (7, 9)], 4: [(1, 8), (8, 10)], 3: [(1, 5), (5, 4), (4, 10)], 2: [(1, 6)]}, padri: [1, 1, 1, 1, 13], figli: [3, 6], mosse: [(5, 2, 1, 7, 2), (5, 2, 2, 7, 2), (5, 2, 3, 7, 2), (5, 2, 9, 7, 2), (5, 5, 3, 7, 15)]
3 -> costo: 74937.3, rotte: {5: [(1, 3), (3, 7), (7, 2), (2, 9)], 4: [(1, 8), (8, 10)], 3: [(1, 5), (5, 4), (4, 10)], 2: [(1, 6)]}, padri: [2, 5, 5, 5, 5], figli: [4, 14], mosse: [(5, 5, 7, 2, 3), (5, 2, 1, 7, 2), (5, 2, 3, 7, 2), (5, 2, 2, 7, 2), (5, 2, 9, 7, 2)]
4 -> costo: 74609.0, rotte: {5: [(1, 7), (7, 3), (3, 2), (2, 9)], 4: [(1, 8), (8, 10)], 3: [(1, 5), (5, 4), (4, 10)], 2: [(1, 6)]}, padri: [3, 6, 6, 6, 6, 8, 9, 10, 11, 13, 14, 16, 17, 18, 19], figli: [], mosse: [(5, 5, 7, 3, 6), (5, 2, 1, 7, 2), (5, 2, 3, 7, 2), (5, 2, 2, 7, 2), (5, 2, 9, 7, 2), (5, 5, 3, 2, 3), (5, 5, 3, 2, 3), (5, 5, 3, 2, 3), (5, 5, 3, 2, 3), (5, 5, 3, 2, 3), (5, 5, 3, 2, 3), (5, 5, 3, 2, 3), (5, 5, 3, 2, 3), (5, 5, 3, 2, 3), (5, 5, 3, 2, 3)]
5 -> costo: 75799.7, rotte: {5: [(1, 3), (3, 7), (7, 2), (2, 9)], 4: [(1, 8), (8, 10)], 3: [(1, 5), (5, 4), (4, 10)], 2: [(1, 6), (6, 7)]}, padri: [1], figli: [3, 3, 3, 3, 6, 6, 6, 6, 13], mosse: [(5, 5, 7, 2, 3)]
6 -> costo: 75471.4, rotte: {5: [(1, 7), (7, 3), (3, 2), (2, 9)], 4: [(1, 8), (8, 10)], 3: [(1, 5), (5, 4), (4, 10)], 2: [(1, 6), (6, 7)]}, padri: [5, 7, 12, 15], figli: [4, 4, 4, 4, 14, 14, 14, 14], mosse: [(5, 5, 7, 3, 6), (5, 5, 3, 2, 3), (5, 5, 3, 2, 3), (5, 5, 3, 2, 3)]
7 -> costo: 76197.99999999999, rotte: {5: [(1, 2), (2, 7), (7, 3), (3, 9)], 4: [(1, 8), (8, 10)], 3: [(1, 5), (5, 4), (4, 10)], 2: [(1, 6), (6, 7)]}, padri: [0, 0], figli: [8, 9, 10, 11, 6, 13], mosse: [(5, 5, 2, 7, 13)]
8 -> costo: 75335.59999999999, rotte: {5: [(1, 2), (2, 7), (7, 3), (3, 9)], 4: [(1, 8), (8, 10)], 3: [(1, 5), (5, 4), (4, 10)], 2: [(1, 6)]}, padri: [7], figli: [4, 14], mosse: [(5, 2, 1, 7, 2)]
9 -> costo: 75335.59999999999, rotte: {5: [(1, 2), (2, 7), (7, 3), (3, 9)], 4: [(1, 8), (8, 10)], 3: [(1, 5), (5, 4), (4, 10)], 2: [(1, 6)]}, padri: [7], figli: [4, 14], mosse: [(5, 2, 2, 7, 2)]
10 -> costo: 75335.59999999999, rotte: {5: [(1, 2), (2, 7), (7, 3), (3, 9)], 4: [(1, 8), (8, 10)], 3: [(1, 5), (5, 4), (4, 10)], 2: [(1, 6)]}, padri: [7], figli: [4, 14], mosse: [(5, 2, 3, 7, 2)]
11 -> costo: 75335.59999999999, rotte: {5: [(1, 2), (2, 7), (7, 3), (3, 9)], 4: [(1, 8), (8, 10)], 3: [(1, 5), (5, 4), (4, 10)], 2: [(1, 6)]}, padri: [7], figli: [4, 14], mosse: [(5, 2, 9, 7, 2)]
12 -> costo: 76349.7, rotte: {5: [(1, 7), (7, 2), (2, 3), (3, 9)], 4: [(1, 8), (8, 10)], 3: [(1, 5), (5, 4), (4, 10)], 2: [(1, 6), (6, 7)]}, padri: [0], figli: [6, 13, 13, 13, 13, 15, 15, 15, 15, 1, 21], mosse: [(5, 5, 1, 7, 13)]
13 -> costo: 75487.3, rotte: {5: [(1, 7), (7, 2), (2, 3), (3, 9)], 4: [(1, 8), (8, 10)], 3: [(1, 5), (5, 4), (4, 10)], 2: [(1, 6)]}, padri: [12, 12, 12, 12], figli: [4, 14, 2], mosse: [(5, 2, 1, 7, 2), (5, 2, 2, 7, 2), (5, 2, 3, 7, 2), (5, 2, 9, 7, 2)]
14 -> costo: 75335.59999999999, rotte: {5: [(1, 2), (2, 7), (7, 3), (3, 9)], 4: [(1, 8), (8, 10)], 3: [(1, 5), (5, 4), (4, 10)], 2: [(1, 6)]}, padri: [3, 6, 6, 6, 6, 8, 9, 10, 11, 13], figli: [4], mosse: [(5, 5, 2, 7, 15)]
15 -> costo: 76197.99999999999, rotte: {5: [(1, 2), (2, 7), (7, 3), (3, 9)], 4: [(1, 8), (8, 10)], 3: [(1, 5), (5, 4), (4, 10)], 2: [(1, 6), (6, 7)]}, padri: [12, 12, 12, 12], figli: [16, 17, 18, 19, 6], mosse: [(5, 5, 2, 7, 13)]
16 -> costo: 75335.59999999999, rotte: {5: [(1, 2), (2, 7), (7, 3), (3, 9)], 4: [(1, 8), (8, 10)], 3: [(1, 5), (5, 4), (4, 10)], 2: [(1, 6)]}, padri: [15], figli: [4], mosse: [(5, 2, 1, 7, 2)]
17 -> costo: 75335.59999999999, rotte: {5: [(1, 2), (2, 7), (7, 3), (3, 9)], 4: [(1, 8), (8, 10)], 3: [(1, 5), (5, 4), (4, 10)], 2: [(1, 6)]}, padri: [15], figli: [4], mosse: [(5, 2, 2, 7, 2)]
18 -> costo: 75335.59999999999, rotte: {5: [(1, 2), (2, 7), (7, 3), (3, 9)], 4: [(1, 8), (8, 10)], 3: [(1, 5), (5, 4), (4, 10)], 2: [(1, 6)]}, padri: [15], figli: [4], mosse: [(5, 2, 3, 7, 2)]
19 -> costo: 75335.59999999999, rotte: {5: [(1, 2), (2, 7), (7, 3), (3, 9)], 4: [(1, 8), (8, 10)], 3: [(1, 5), (5, 4), (4, 10)], 2: [(1, 6)]}, padri: [15], figli: [4], mosse: [(5, 2, 9, 7, 2)]
20 -> costo: 80567.59999999999, rotte: {5: [(1, 2), (2, 9), (9, 3), (3, 7)], 4: [(1, 8), (8, 10)], 3: [(1, 5), (5, 4), (4, 10)], 2: [(1, 6), (6, 7)]}, padri: [0], figli: [1, 21], mosse: [(5, 5, 9, 3, 6)]
21 -> costo: 78169.69999999998, rotte: {5: [(1, 9), (9, 2), (2, 3), (3, 7)], 4: [(1, 8), (8, 10)], 3: [(1, 5), (5, 4), (4, 10)], 2: [(1, 6), (6, 7)]}, padri: [20], figli: [1], mosse: [(5, 5, 9, 2, 3)]
bestSolutionIndice: 4
4 -> costo: 74609.0, rotte: {5: [(1, 7), (7, 3), (3, 2), (2, 9)], 4: [(1, 8), (8, 10)], 3: [(1, 5), (5, 4), (4, 10)], 2: [(1, 6)]}, padri: [3, 6, 6, 6, 6, 8, 9, 10, 11, 13, 14, 16, 17, 18, 19], figli: [], mosse: [(5, 5, 7, 3, 6), (5, 2, 1, 7, 2), (5, 2, 3, 7, 2), (5, 2, 2, 7, 2), (5, 2, 9, 7, 2), (5, 5, 3, 2, 3), (5, 5, 3, 2, 3), (5, 5, 3, 2, 3), (5, 5, 3, 2, 3), (5, 5, 3, 2, 3), (5, 5, 3, 2, 3), (5, 5, 3, 2, 3), (5, 5, 3, 2, 3), (5, 5, 3, 2, 3), (5, 5, 3, 2, 3)]
trasportoPalletDiGamma: {5: [(7, 15), (3, 6), (2, 3), (9, 1)], 4: [(8, 19), (10, 1)], 3: [(5, 11), (4, 8), (10, 1)], 2: [(6, 13)]}
itMosseLS: 53, itMosseTS: 50
time elapsed: 97.44s.


##########################################################################################
s: 1
dictSolutions[1]:
0 -> costo: 67117.4, rotte: {5: [(1, 4), (4, 5), (5, 6)], 4: [(1, 2), (2, 8)], 3: [(1, 9), (9, 10), (10, 8), (8, 6), (6, 3)], 2: [(1, 7)]}, padri: [-1], figli: [1, 1, 1, 9, 9, 9], mosse: [-1]
1 -> costo: 66947.20000000001, rotte: {5: [(1, 4), (4, 5), (5, 6)], 4: [(1, 8), (8, 2)], 3: [(1, 9), (9, 10), (10, 8), (8, 6), (6, 3)], 2: [(1, 7)]}, padri: [0, 0, 0], figli: [2, 2, 2, 6, 6, 6, 6, 6, 7, 7, 7, 8, 10, 10, 10], mosse: [(4, 4, 1, 8, 17), (4, 4, 8, 2, 3), (4, 4, 2, 8)]
2 -> costo: 66796.5, rotte: {5: [(1, 4), (4, 5), (5, 6)], 4: [(1, 8), (8, 2)], 3: [(1, 9), (9, 10), (10, 8), (8, 3), (3, 6)], 2: [(1, 7)]}, padri: [1, 1, 1, 9, 9, 9], figli: [3, 3, 3, 4, 4, 4, 5], mosse: [(3, 3, 8, 3, 6), (3, 3, 3, 6, 7), (3, 3, 6, 3), (4, 4, 1, 8, 17), (4, 4, 8, 2, 3), (4, 4, 2, 8)]
3 -> costo: 66697.3, rotte: {5: [(1, 4), (4, 6), (6, 5)], 4: [(1, 8), (8, 2)], 3: [(1, 9), (9, 10), (10, 8), (8, 3), (3, 6)], 2: [(1, 7)]}, padri: [2, 2, 2, 5, 6, 6, 6, 10, 10, 10], figli: [], mosse: [(5, 5, 4, 6, 6), (5, 5, 6, 5, 11), (5, 5, 5, 6), (5, 5, 6, 5, 11), (3, 3, 8, 3, 6), (3, 3, 3, 6, 7), (3, 3, 6, 3), (4, 4, 1, 8, 17), (4, 4, 8, 2, 3), (4, 4, 2, 8)]
4 -> costo: 66741.70000000001, rotte: {5: [(1, 5), (5, 6), (6, 4)], 4: [(1, 8), (8, 2)], 3: [(1, 9), (9, 10), (10, 8), (8, 3), (3, 6)], 2: [(1, 7)]}, padri: [2, 5, 5, 5, 7, 7, 7, 11, 11, 11], figli: [], mosse: [(5, 5, 6, 4, 8), (5, 5, 5, 6, 6), (5, 5, 6, 4, 8), (5, 5, 4, 6), (3, 3, 8, 3, 6), (3, 3, 3, 6, 7), (3, 3, 6, 3), (4, 4, 1, 8, 17), (4, 4, 8, 2, 3), (4, 4, 2, 8)]
5 -> costo: 66783.1, rotte: {5: [(1, 5), (5, 4), (4, 6)], 4: [(1, 8), (8, 2)], 3: [(1, 9), (9, 10), (10, 8), (8, 3), (3, 6)], 2: [(1, 7)]}, padri: [2, 8, 8, 8, 12, 12, 12], figli: [3, 4, 4, 4], mosse: [(5, 5, 5, 4, 8), (3, 3, 8, 3, 6), (3, 3, 3, 6, 7), (3, 3, 6, 3), (4, 4, 1, 8, 17), (4, 4, 8, 2, 3), (4, 4, 2, 8)]
6 -> costo: 66848.0, rotte: {5: [(1, 4), (4, 6), (6, 5)], 4: [(1, 8), (8, 2)], 3: [(1, 9), (9, 10), (10, 8), (8, 6), (6, 3)], 2: [(1, 7)]}, padri: [1, 1, 1, 8], figli: [3, 3, 3], mosse: [(5, 5, 4, 6, 6), (5, 5, 6, 5, 11), (5, 5, 5, 6), (5, 5, 6, 5, 11)]
7 -> costo: 66892.4, rotte: {5: [(1, 5), (5, 6), (6, 4)], 4: [(1, 8), (8, 2)], 3: [(1, 9), (9, 10), (10, 8), (8, 6), (6, 3)], 2: [(1, 7)]}, padri: [1, 8, 8, 8], figli: [4, 4, 4], mosse: [(5, 5, 6, 4, 8), (5, 5, 5, 6, 6), (5, 5, 6, 4, 8), (5, 5, 4, 6)]
8 -> costo: 66933.79999999999, rotte: {5: [(1, 5), (5, 4), (4, 6)], 4: [(1, 8), (8, 2)], 3: [(1, 9), (9, 10), (10, 8), (8, 6), (6, 3)], 2: [(1, 7)]}, padri: [1], figli: [5, 5, 5, 6, 7, 7, 7], mosse: [(5, 5, 5, 4, 8)]
9 -> costo: 66966.70000000001, rotte: {5: [(1, 4), (4, 5), (5, 6)], 4: [(1, 2), (2, 8)], 3: [(1, 9), (9, 10), (10, 8), (8, 3), (3, 6)], 2: [(1, 7)]}, padri: [0], figli: [2, 2, 2, 10, 10, 10, 10, 10, 11, 11, 11, 12], mosse: [(3, 3, 8, 3, 6)]
10 -> costo: 66867.5, rotte: {5: [(1, 4), (4, 6), (6, 5)], 4: [(1, 2), (2, 8)], 3: [(1, 9), (9, 10), (10, 8), (8, 3), (3, 6)], 2: [(1, 7)]}, padri: [9, 9, 9, 12], figli: [3, 3, 3], mosse: [(5, 5, 4, 6, 6), (5, 5, 6, 5, 11), (5, 5, 5, 6), (5, 5, 6, 5, 11)]
11 -> costo: 66911.9, rotte: {5: [(1, 5), (5, 6), (6, 4)], 4: [(1, 2), (2, 8)], 3: [(1, 9), (9, 10), (10, 8), (8, 3), (3, 6)], 2: [(1, 7)]}, padri: [9, 12], figli: [4, 4, 4], mosse: [(5, 5, 6, 4, 8), (5, 5, 5, 6, 6)]
12 -> costo: 66953.29999999999, rotte: {5: [(1, 5), (5, 4), (4, 6)], 4: [(1, 2), (2, 8)], 3: [(1, 9), (9, 10), (10, 8), (8, 3), (3, 6)], 2: [(1, 7)]}, padri: [9], figli: [5, 5, 5, 10, 11], mosse: [(5, 5, 5, 4, 8)]
bestSolutionIndice: 3
3 -> costo: 66697.3, rotte: {5: [(1, 4), (4, 6), (6, 5)], 4: [(1, 8), (8, 2)], 3: [(1, 9), (9, 10), (10, 8), (8, 3), (3, 6)], 2: [(1, 7)]}, padri: [2, 2, 2, 5, 6, 6, 6, 10, 10, 10], figli: [], mosse: [(5, 5, 4, 6, 6), (5, 5, 6, 5, 11), (5, 5, 5, 6), (5, 5, 6, 5, 11), (3, 3, 8, 3, 6), (3, 3, 3, 6, 7), (3, 3, 6, 3), (4, 4, 1, 8, 17), (4, 4, 8, 2, 3), (4, 4, 2, 8)]
trasportoPalletDiGamma: {5: [(4, 8), (6, 6), (5, 11)], 4: [(8, 17), (2, 3)], 3: [(9, 1), (10, 2), (8, 2), (3, 6), (6, 7)], 2: [(7, 15)]}
itMosseLS: 53, itMosseTS: 50
time elapsed: 100.26s.


