itNSIMax: 5, itMosseTSMax: 50.
##########################################################################################
s: 1, itNSI: 1.
soluzione iniziale: 0
0 -> 
costo: 110304.20000000004, 
rotte: {3: [(1, 3), (3, 14), (14, 12), (12, 15), (15, 11), (11, 7), (7, 4), (4, 5), (5, 13)], 2: [(1, 6), (6, 16), (16, 8), (8, 10), (10, 9), (9, 2), (2, 13)]}
trasportoPalletDiGamma: {3: [(3, 1), (14, 12), (12, 10), (15, 13), (11, 9), (7, 5), (4, 2), (5, 3), (13, 2)], 2: [(6, 4), (16, 14), (8, 6), (10, 8), (9, 7), (2, 12), (13, 9)]}
bestSolutionIndice: 15
15 -> 
costo: 66642.2, 
rotte: {3: [(1, 14), (14, 15), (15, 12), (12, 7), (7, 3), (3, 5), (5, 4), (4, 13), (13, 11)], 2: [(1, 2), (2, 10), (10, 13), (13, 6), (6, 8), (8, 9), (9, 16)]}
trasportoPalletDiGamma: {3: [(14, 12), (15, 13), (12, 10), (7, 5), (3, 1), (5, 3), (4, 2), (13, 2), (11, 9)], 2: [(2, 12), (10, 8), (13, 9), (6, 4), (8, 6), (9, 7), (16, 14)]}
itMosseLS: 62, itMosseTS: 50
numero di soluzioni totali trovati: 40.
time elapsed: 455.52s.


##########################################################################################
s: 1, itNSI: 2.
soluzione iniziale: 0
0 -> 
costo: 110947.5, 
rotte: {2: [(1, 15), (15, 10), (10, 8), (8, 3), (3, 7), (7, 4), (4, 6), (6, 2), (2, 5), (5, 11)], 3: [(1, 13), (13, 16), (16, 12), (12, 9), (9, 14), (14, 11)]}
trasportoPalletDiGamma: {2: [(15, 13), (10, 8), (8, 6), (3, 1), (7, 5), (4, 2), (6, 4), (2, 12), (5, 3), (11, 3)], 3: [(13, 11), (16, 14), (12, 10), (9, 7), (14, 12), (11, 6)]}
bestSolutionIndice: 5
5 -> 
costo: 97780.20000000001, 
rotte: {2: [(1, 15), (15, 8), (8, 7), (7, 6), (6, 3), (3, 2), (2, 5), (5, 4), (4, 10), (10, 11)], 3: [(1, 16), (16, 9), (9, 12), (12, 14), (14, 13), (13, 11)]}
trasportoPalletDiGamma: {2: [(15, 13), (8, 6), (7, 5), (6, 4), (3, 1), (2, 12), (5, 3), (4, 2), (10, 8), (11, 3)], 3: [(16, 14), (9, 7), (12, 10), (14, 12), (13, 11), (11, 6)]}
itMosseLS: 56, itMosseTS: 50
numero di soluzioni totali trovati: 29.
time elapsed: 679.03s.


##########################################################################################
s: 1, itNSI: 3.
soluzione iniziale: 0
0 -> 
costo: 108854.30000000002, 
rotte: {3: [(1, 7), (7, 3), (3, 10), (10, 9), (9, 12), (12, 8), (8, 6), (6, 11), (11, 4), (4, 13)], 2: [(1, 14), (14, 5), (5, 16), (16, 15), (15, 2), (2, 13)]}
trasportoPalletDiGamma: {3: [(7, 5), (3, 1), (10, 8), (9, 7), (12, 10), (8, 6), (6, 4), (11, 9), (4, 2), (13, 5)], 2: [(14, 12), (5, 3), (16, 14), (15, 13), (2, 12), (13, 6)]}
bestSolutionIndice: 26
26 -> 
costo: 65329.29999999999, 
rotte: {3: [(1, 7), (7, 9), (9, 12), (12, 8), (8, 6), (6, 5), (5, 4), (4, 10), (10, 13), (13, 11)], 2: [(1, 2), (2, 3), (3, 13), (13, 14), (14, 15), (15, 16)]}
trasportoPalletDiGamma: {3: [(7, 5), (9, 7), (12, 10), (8, 6), (6, 4), (5, 3), (4, 2), (10, 8), (13, 5), (11, 9)], 2: [(2, 12), (3, 1), (13, 6), (14, 12), (15, 13), (16, 14)]}
itMosseLS: 62, itMosseTS: 50
numero di soluzioni totali trovati: 44.
time elapsed: 487.85s.


##########################################################################################
s: 1, itNSI: 4.
soluzione iniziale: 0
0 -> 
costo: 111688.5, 
rotte: {2: [(1, 13), (13, 10), (10, 9), (9, 14), (14, 15), (15, 5), (5, 7), (7, 4)], 3: [(1, 8), (8, 2), (2, 11), (11, 12), (12, 16), (16, 6), (6, 3), (3, 4)]}
trasportoPalletDiGamma: {2: [(13, 11), (10, 8), (9, 7), (14, 12), (15, 13), (5, 3), (7, 5), (4, 1)], 3: [(8, 6), (2, 12), (11, 9), (12, 10), (16, 14), (6, 4), (3, 1), (4, 1)]}
bestSolutionIndice: 9
9 -> 
costo: 70775.09999999999, 
rotte: {2: [(1, 5), (5, 10), (10, 13), (13, 14), (14, 7), (7, 9), (9, 15)], 3: [(1, 8), (8, 12), (12, 16), (16, 6), (6, 3), (3, 2), (2, 4), (4, 11)]}
trasportoPalletDiGamma: {2: [(5, 3), (10, 8), (13, 11), (14, 12), (7, 5), (9, 7), (15, 13)], 3: [(8, 6), (12, 10), (16, 14), (6, 4), (3, 1), (2, 12), (4, 2), (11, 9)]}
itMosseLS: 55, itMosseTS: 50
numero di soluzioni totali trovati: 19.
time elapsed: 405.28s.


##########################################################################################
s: 1, itNSI: 5.
soluzione iniziale: 0
0 -> 
costo: 102255.10000000002, 
rotte: {3: [(1, 10), (10, 13), (13, 15), (15, 16), (16, 12), (12, 9)], 2: [(1, 4), (4, 8), (8, 6), (6, 5), (5, 11), (11, 2), (2, 3), (3, 14), (14, 7), (7, 9)]}
trasportoPalletDiGamma: {3: [(10, 8), (13, 11), (15, 13), (16, 14), (12, 10), (9, 4)], 2: [(4, 2), (8, 6), (6, 4), (5, 3), (11, 9), (2, 12), (3, 1), (14, 12), (7, 5), (9, 3)]}
bestSolutionIndice: 6
6 -> 
costo: 63198.8, 
rotte: {3: [(1, 10), (10, 13), (13, 15), (15, 12), (12, 9), (9, 16)], 2: [(1, 4), (4, 5), (5, 2), (2, 3), (3, 7), (7, 9), (9, 8), (8, 6), (6, 14), (14, 11)]}
trasportoPalletDiGamma: {3: [(10, 8), (13, 11), (15, 13), (12, 10), (9, 4), (16, 14)], 2: [(4, 2), (5, 3), (2, 12), (3, 1), (7, 5), (9, 3), (8, 6), (6, 4), (14, 12), (11, 9)]}
itMosseLS: 57, itMosseTS: 50
numero di soluzioni totali trovati: 30.
time elapsed: 391.65s.


##########################################################################################
##########################################################################################
##########################################################################################
Soluzione migliore in assoluto trovata:

s: 1
itNSI: 5, 
costo: 63198.8, 
rotte: {3: [(1, 10), (10, 13), (13, 15), (15, 12), (12, 9), (9, 16)], 2: [(1, 4), (4, 5), (5, 2), (2, 3), (3, 7), (7, 9), (9, 8), (8, 6), (6, 14), (14, 11)]}
trasportoPalletDiGamma: {3: [(10, 8), (13, 11), (15, 13), (12, 10), (9, 4), (16, 14)], 2: [(4, 2), (5, 3), (2, 12), (3, 1), (7, 5), (9, 3), (8, 6), (6, 4), (14, 12), (11, 9)]}

Total time elapsed: 2419.38s.