itNSIMax: 5, itMosseTSMax: 50.
##########################################################################################
s: 1
dictSolutions[1]:
0 -> costo: 110304.20000000004, rotte: {3: [(1, 3), (3, 14), (14, 12), (12, 15), (15, 11), (11, 7), (7, 4), (4, 5), (5, 13)], 2: [(1, 6), (6, 16), (16, 8), (8, 10), (10, 9), (9, 2), (2, 13)]}, padri: [-1], figli: [1], mosse: [-1]
1 -> costo: 80948.1, rotte: {3: [(1, 3), (3, 14), (14, 12), (12, 15), (15, 7), (7, 4), (4, 5), (5, 13), (13, 11)], 2: [(1, 6), (6, 16), (16, 8), (8, 10), (10, 9), (9, 2), (2, 13)]}, padri: [0], figli: [2], mosse: [(3, 3, 13, 11, 9)]
2 -> costo: 75719.70000000001, rotte: {3: [(1, 3), (3, 14), (14, 12), (12, 15), (15, 7), (7, 4), (4, 5), (5, 13), (13, 11)], 2: [(1, 6), (6, 16), (16, 8), (8, 9), (9, 2), (2, 10), (10, 13)]}, padri: [1], figli: [3], mosse: [(2, 2, 2, 10, 8)]
3 -> costo: 74256.90000000001, rotte: {3: [(1, 3), (3, 14), (14, 15), (15, 12), (12, 7), (7, 4), (4, 5), (5, 13), (13, 11)], 2: [(1, 6), (6, 16), (16, 8), (8, 9), (9, 2), (2, 10), (10, 13)]}, padri: [2], figli: [4, 10], mosse: [(3, 3, 15, 12, 10)]
4 -> costo: 73021.9, rotte: {3: [(1, 3), (3, 14), (14, 15), (15, 12), (12, 7), (7, 4), (4, 5), (5, 13), (13, 11)], 2: [(1, 6), (6, 8), (8, 9), (9, 16), (16, 2), (2, 10), (10, 13)]}, padri: [3], figli: [5, 7, 9], mosse: [(2, 2, 9, 16, 14)]
5 -> costo: 72309.4, rotte: {3: [(1, 3), (3, 14), (14, 15), (15, 12), (12, 7), (7, 5), (5, 4), (4, 13), (13, 11)], 2: [(1, 6), (6, 8), (8, 9), (9, 16), (16, 2), (2, 10), (10, 13)]}, padri: [4], figli: [6], mosse: [(3, 3, 5, 4, 2)]
6 -> costo: 72199.7, rotte: {3: [(1, 14), (14, 15), (15, 12), (12, 7), (7, 3), (3, 5), (5, 4), (4, 13), (13, 11)], 2: [(1, 6), (6, 8), (8, 9), (9, 16), (16, 2), (2, 10), (10, 13)]}, padri: [5, 9], figli: [], mosse: [(3, 3, 7, 3, 1), (3, 3, 5, 4, 2)]
7 -> costo: 72471.1, rotte: {3: [(1, 14), (14, 15), (15, 12), (12, 7), (7, 4), (4, 5), (5, 3), (3, 13), (13, 11)], 2: [(1, 6), (6, 8), (8, 9), (9, 16), (16, 2), (2, 10), (10, 13)]}, padri: [4, 9], figli: [8], mosse: [(3, 3, 5, 3, 1), (3, 3, 5, 3, 1)]
8 -> costo: 72457.2, rotte: {3: [(1, 14), (14, 15), (15, 12), (12, 7), (7, 5), (5, 4), (4, 3), (3, 13), (13, 11)], 2: [(1, 6), (6, 8), (8, 9), (9, 16), (16, 2), (2, 10), (10, 13)]}, padri: [7], figli: [], mosse: [(3, 3, 5, 4, 2)]
9 -> costo: 72904.3, rotte: {3: [(1, 14), (14, 15), (15, 12), (12, 7), (7, 3), (3, 4), (4, 5), (5, 13), (13, 11)], 2: [(1, 6), (6, 8), (8, 9), (9, 16), (16, 2), (2, 10), (10, 13)]}, padri: [4], figli: [6, 7], mosse: [(3, 3, 7, 3, 1)]
10 -> costo: 73102.0, rotte: {3: [(1, 3), (3, 14), (14, 15), (15, 12), (12, 7), (7, 4), (4, 5), (5, 13), (13, 11)], 2: [(1, 6), (6, 8), (8, 9), (9, 2), (2, 10), (10, 13), (13, 16)]}, padri: [3], figli: [11], mosse: [(2, 2, 13, 16, 14)]
11 -> costo: 72389.5, rotte: {3: [(1, 3), (3, 14), (14, 15), (15, 12), (12, 7), (7, 5), (5, 4), (4, 13), (13, 11)], 2: [(1, 6), (6, 8), (8, 9), (9, 2), (2, 10), (10, 13), (13, 16)]}, padri: [10], figli: [12], mosse: [(3, 3, 5, 4, 2)]
12 -> costo: 71811.0, rotte: {3: [(1, 3), (3, 14), (14, 15), (15, 12), (12, 7), (7, 5), (5, 4), (4, 13), (13, 11)], 2: [(1, 6), (6, 8), (8, 2), (2, 10), (10, 13), (13, 9), (9, 16)]}, padri: [11], figli: [13], mosse: [(2, 2, 13, 9, 7)]
13 -> costo: 69976.09999999999, rotte: {3: [(1, 3), (3, 14), (14, 15), (15, 12), (12, 7), (7, 5), (5, 4), (4, 13), (13, 11)], 2: [(1, 6), (6, 2), (2, 10), (10, 13), (13, 8), (8, 9), (9, 16)]}, padri: [12], figli: [14, 16, 17, 22, 23, 24, 26, 27, 28], mosse: [(2, 2, 13, 8, 6)]
14 -> costo: 66751.9, rotte: {3: [(1, 3), (3, 14), (14, 15), (15, 12), (12, 7), (7, 5), (5, 4), (4, 13), (13, 11)], 2: [(1, 2), (2, 10), (10, 13), (13, 6), (6, 8), (8, 9), (9, 16)]}, padri: [13, 16, 21, 22, 23], figli: [15, 18], mosse: [(2, 2, 13, 6, 4), (2, 2, 13, 6, 4), (2, 2, 10, 13, 9), (2, 2, 6, 8, 6), (2, 2, 8, 9, 7)]
15 -> costo: 66642.2, rotte: {3: [(1, 14), (14, 15), (15, 12), (12, 7), (7, 3), (3, 5), (5, 4), (4, 13), (13, 11)], 2: [(1, 2), (2, 10), (10, 13), (13, 6), (6, 8), (8, 9), (9, 16)]}, padri: [14, 17, 19, 24, 25], figli: [], mosse: [(3, 3, 7, 3, 1), (2, 2, 13, 6, 4), (2, 2, 10, 13, 9), (2, 2, 8, 9, 7), (2, 2, 6, 8, 6)]
16 -> costo: 67883.2, rotte: {3: [(1, 3), (3, 14), (14, 15), (15, 12), (12, 7), (7, 5), (5, 4), (4, 13), (13, 11)], 2: [(1, 2), (2, 6), (6, 10), (10, 13), (13, 8), (8, 9), (9, 16)]}, padri: [13], figli: [14, 17, 20, 23, 24], mosse: [(2, 2, 2, 6, 4)]
17 -> costo: 67773.5, rotte: {3: [(1, 14), (14, 15), (15, 12), (12, 7), (7, 3), (3, 5), (5, 4), (4, 13), (13, 11)], 2: [(1, 2), (2, 6), (6, 10), (10, 13), (13, 8), (8, 9), (9, 16)]}, padri: [16], figli: [15, 18], mosse: [(3, 3, 7, 3, 1)]
18 -> costo: 67772.5, rotte: {3: [(1, 14), (14, 15), (15, 12), (12, 7), (7, 3), (3, 5), (5, 4), (4, 13), (13, 11)], 2: [(1, 2), (2, 6), (6, 13), (13, 10), (10, 8), (8, 9), (9, 16)]}, padri: [17, 20], figli: [19], mosse: [(2, 2, 13, 10, 8), (3, 3, 7, 3, 1)]
19 -> costo: 66657.2, rotte: {3: [(1, 14), (14, 15), (15, 12), (12, 7), (7, 3), (3, 5), (5, 4), (4, 13), (13, 11)], 2: [(1, 2), (2, 13), (13, 10), (10, 6), (6, 8), (8, 9), (9, 16)]}, padri: [18, 21], figli: [15], mosse: [(2, 2, 10, 6, 4), (3, 3, 7, 3, 1)]
20 -> costo: 67882.2, rotte: {3: [(1, 3), (3, 14), (14, 15), (15, 12), (12, 7), (7, 5), (5, 4), (4, 13), (13, 11)], 2: [(1, 2), (2, 6), (6, 13), (13, 10), (10, 8), (8, 9), (9, 16)]}, padri: [16], figli: [21, 18], mosse: [(2, 2, 13, 10, 8)]
21 -> costo: 66766.9, rotte: {3: [(1, 3), (3, 14), (14, 15), (15, 12), (12, 7), (7, 5), (5, 4), (4, 13), (13, 11)], 2: [(1, 2), (2, 13), (13, 10), (10, 6), (6, 8), (8, 9), (9, 16)]}, padri: [20], figli: [19, 14, 23, 24], mosse: [(2, 2, 10, 6, 4)]
22 -> costo: 68673.5, rotte: {3: [(1, 3), (3, 14), (14, 15), (15, 12), (12, 7), (7, 5), (5, 4), (4, 13), (13, 11)], 2: [(1, 2), (2, 10), (10, 13), (13, 8), (8, 6), (6, 9), (9, 16)]}, padri: [13, 26], figli: [14, 23, 24, 25], mosse: [(2, 2, 8, 6, 4), (2, 2, 6, 9, 7)]
23 -> costo: 67582.2, rotte: {3: [(1, 3), (3, 14), (14, 15), (15, 12), (12, 7), (7, 5), (5, 4), (4, 13), (13, 11)], 2: [(1, 2), (2, 10), (10, 13), (13, 6), (6, 9), (9, 8), (8, 16)]}, padri: [22], figli: [14, 24], mosse: [(2, 2, 9, 8, 6)]
24 -> costo: 67472.5, rotte: {3: [(1, 14), (14, 15), (15, 12), (12, 7), (7, 3), (3, 5), (5, 4), (4, 13), (13, 11)], 2: [(1, 2), (2, 10), (10, 13), (13, 6), (6, 9), (9, 8), (8, 16)]}, padri: [23, 25], figli: [15], mosse: [(3, 3, 7, 3, 1), (2, 2, 9, 8, 6)]
25 -> costo: 68563.8, rotte: {3: [(1, 14), (14, 15), (15, 12), (12, 7), (7, 3), (3, 5), (5, 4), (4, 13), (13, 11)], 2: [(1, 2), (2, 10), (10, 13), (13, 8), (8, 6), (6, 9), (9, 16)]}, padri: [22, 27], figli: [15, 24], mosse: [(3, 3, 7, 3, 1), (2, 2, 6, 9, 7)]
26 -> costo: 69549.5, rotte: {3: [(1, 3), (3, 14), (14, 15), (15, 12), (12, 7), (7, 5), (5, 4), (4, 13), (13, 11)], 2: [(1, 2), (2, 10), (10, 13), (13, 8), (8, 9), (9, 6), (6, 16)]}, padri: [13], figli: [22, 27], mosse: [(2, 2, 9, 6, 4)]
27 -> costo: 69439.8, rotte: {3: [(1, 14), (14, 15), (15, 12), (12, 7), (7, 3), (3, 5), (5, 4), (4, 13), (13, 11)], 2: [(1, 2), (2, 10), (10, 13), (13, 8), (8, 9), (9, 6), (6, 16)]}, padri: [26], figli: [25], mosse: [(3, 3, 7, 3, 1)]
28 -> costo: 69578.29999999999, rotte: {3: [(1, 3), (3, 14), (14, 15), (15, 12), (12, 7), (7, 5), (5, 4), (4, 13), (13, 11)], 2: [(1, 6), (6, 10), (10, 13), (13, 2), (2, 8), (8, 9), (9, 16)]}, padri: [13], figli: [29, 33, 34, 35, 36, 37], mosse: [(2, 2, 13, 2, 12)]
29 -> costo: 67356.59999999999, rotte: {3: [(1, 3), (3, 14), (14, 15), (15, 12), (12, 7), (7, 5), (5, 4), (4, 13), (13, 11)], 2: [(1, 10), (10, 13), (13, 2), (2, 6), (6, 8), (8, 9), (9, 16)]}, padri: [28, 33, 35, 36], figli: [30, 32, 38], mosse: [(2, 2, 2, 6, 4), (2, 2, 2, 6, 4), (2, 2, 6, 8, 6), (2, 2, 8, 9, 7)]
30 -> costo: 67246.9, rotte: {3: [(1, 14), (14, 15), (15, 12), (12, 7), (7, 3), (3, 5), (5, 4), (4, 13), (13, 11)], 2: [(1, 10), (10, 13), (13, 2), (2, 6), (6, 8), (8, 9), (9, 16)]}, padri: [29, 34, 37], figli: [31], mosse: [(3, 3, 7, 3, 1), (2, 2, 2, 6, 4), (2, 2, 8, 9, 7)]
31 -> costo: 67245.9, rotte: {3: [(1, 14), (14, 15), (15, 12), (12, 7), (7, 3), (3, 5), (5, 4), (4, 13), (13, 11)], 2: [(1, 13), (13, 10), (10, 2), (2, 6), (6, 8), (8, 9), (9, 16)]}, padri: [30, 32, 38], figli: [], mosse: [(2, 2, 13, 10, 8), (3, 3, 7, 3, 1), (2, 2, 8, 9, 7)]
32 -> costo: 67355.59999999999, rotte: {3: [(1, 3), (3, 14), (14, 15), (15, 12), (12, 7), (7, 5), (5, 4), (4, 13), (13, 11)], 2: [(1, 13), (13, 10), (10, 2), (2, 6), (6, 8), (8, 9), (9, 16)]}, padri: [29, 39], figli: [31], mosse: [(2, 2, 13, 10, 8), (2, 2, 8, 9, 7)]
33 -> costo: 68210.9, rotte: {3: [(1, 3), (3, 14), (14, 15), (15, 12), (12, 7), (7, 5), (5, 4), (4, 13), (13, 11)], 2: [(1, 10), (10, 13), (13, 6), (6, 2), (2, 8), (8, 9), (9, 16)]}, padri: [28], figli: [29, 34, 36, 37], mosse: [(2, 2, 13, 6, 4)]
34 -> costo: 68101.2, rotte: {3: [(1, 14), (14, 15), (15, 12), (12, 7), (7, 3), (3, 5), (5, 4), (4, 13), (13, 11)], 2: [(1, 10), (10, 13), (13, 6), (6, 2), (2, 8), (8, 9), (9, 16)]}, padri: [33], figli: [30, 38], mosse: [(3, 3, 7, 3, 1)]
35 -> costo: 68940.8, rotte: {3: [(1, 3), (3, 14), (14, 15), (15, 12), (12, 7), (7, 5), (5, 4), (4, 13), (13, 11)], 2: [(1, 10), (10, 13), (13, 2), (2, 8), (8, 6), (6, 9), (9, 16)]}, padri: [28], figli: [29, 36, 37], mosse: [(2, 2, 8, 6, 4)]
36 -> costo: 68186.9, rotte: {3: [(1, 3), (3, 14), (14, 15), (15, 12), (12, 7), (7, 5), (5, 4), (4, 13), (13, 11)], 2: [(1, 10), (10, 13), (13, 2), (2, 6), (6, 9), (9, 8), (8, 16)]}, padri: [35], figli: [29, 37, 39], mosse: [(2, 2, 9, 8, 6)]
37 -> costo: 68077.2, rotte: {3: [(1, 14), (14, 15), (15, 12), (12, 7), (7, 3), (3, 5), (5, 4), (4, 13), (13, 11)], 2: [(1, 10), (10, 13), (13, 2), (2, 6), (6, 9), (9, 8), (8, 16)]}, padri: [36], figli: [30, 38], mosse: [(3, 3, 7, 3, 1)]
38 -> costo: 68076.2, rotte: {3: [(1, 14), (14, 15), (15, 12), (12, 7), (7, 3), (3, 5), (5, 4), (4, 13), (13, 11)], 2: [(1, 13), (13, 10), (10, 2), (2, 6), (6, 9), (9, 8), (8, 16)]}, padri: [37], figli: [31], mosse: [(2, 2, 13, 10, 8)]
39 -> costo: 68185.9, rotte: {3: [(1, 3), (3, 14), (14, 15), (15, 12), (12, 7), (7, 5), (5, 4), (4, 13), (13, 11)], 2: [(1, 13), (13, 10), (10, 2), (2, 6), (6, 9), (9, 8), (8, 16)]}, padri: [36], figli: [32], mosse: [(2, 2, 13, 10, 8)]
bestSolutionIndice: 15
15 -> costo: 66642.2, rotte: {3: [(1, 14), (14, 15), (15, 12), (12, 7), (7, 3), (3, 5), (5, 4), (4, 13), (13, 11)], 2: [(1, 2), (2, 10), (10, 13), (13, 6), (6, 8), (8, 9), (9, 16)]}, padri: [14, 17, 19, 24, 25], figli: [], mosse: [(3, 3, 7, 3, 1), (2, 2, 13, 6, 4), (2, 2, 10, 13, 9), (2, 2, 8, 9, 7), (2, 2, 6, 8, 6)]
trasportoPalletDiGamma: {3: [(14, 12), (15, 13), (12, 10), (7, 5), (3, 1), (5, 3), (4, 2), (13, 2), (11, 9)], 2: [(2, 12), (10, 8), (13, 9), (6, 4), (8, 6), (9, 7), (16, 14)]}
itMosseLS: 62, itMosseTS: 50
time elapsed: 455.52s.


##########################################################################################
s: 1
dictSolutions[1]:
0 -> costo: 110947.5, rotte: {2: [(1, 15), (15, 10), (10, 8), (8, 3), (3, 7), (7, 4), (4, 6), (6, 2), (2, 5), (5, 11)], 3: [(1, 13), (13, 16), (16, 12), (12, 9), (9, 14), (14, 11)]}, padri: [-1], figli: [1], mosse: [-1]
1 -> costo: 106541.29999999999, rotte: {2: [(1, 15), (15, 8), (8, 3), (3, 7), (7, 4), (4, 6), (6, 2), (2, 5), (5, 10), (10, 11)], 3: [(1, 13), (13, 16), (16, 12), (12, 9), (9, 14), (14, 11)]}, padri: [0], figli: [2], mosse: [(2, 2, 5, 10, 8)]
2 -> costo: 102940.79999999999, rotte: {2: [(1, 15), (15, 8), (8, 3), (3, 7), (7, 6), (6, 2), (2, 5), (5, 4), (4, 10), (10, 11)], 3: [(1, 13), (13, 16), (16, 12), (12, 9), (9, 14), (14, 11)]}, padri: [1], figli: [3, 13, 23], mosse: [(2, 2, 5, 4, 2)]
3 -> costo: 100337.0, rotte: {2: [(1, 15), (15, 8), (8, 7), (7, 6), (6, 3), (3, 2), (2, 5), (5, 4), (4, 10), (10, 11)], 3: [(1, 13), (13, 16), (16, 12), (12, 9), (9, 14), (14, 11)]}, padri: [2], figli: [4, 9, 10, 11], mosse: [(2, 2, 6, 3, 1)]
4 -> costo: 98922.5, rotte: {2: [(1, 15), (15, 8), (8, 7), (7, 6), (6, 3), (3, 2), (2, 5), (5, 4), (4, 10), (10, 11)], 3: [(1, 16), (16, 12), (12, 9), (9, 14), (14, 13), (13, 11)]}, padri: [3], figli: [5, 6, 7, 12], mosse: [(3, 3, 14, 13, 11)]
5 -> costo: 97780.20000000001, rotte: {2: [(1, 15), (15, 8), (8, 7), (7, 6), (6, 3), (3, 2), (2, 5), (5, 4), (4, 10), (10, 11)], 3: [(1, 16), (16, 9), (9, 12), (12, 14), (14, 13), (13, 11)]}, padri: [4, 6, 8, 9], figli: [], mosse: [(3, 3, 9, 12, 10), (3, 3, 9, 12, 10), (3, 3, 16, 9, 7), (3, 3, 14, 13, 11)]
6 -> costo: 98590.1, rotte: {2: [(1, 15), (15, 8), (8, 7), (7, 6), (6, 3), (3, 2), (2, 5), (5, 4), (4, 10), (10, 11)], 3: [(1, 12), (12, 16), (16, 9), (9, 14), (14, 13), (13, 11)]}, padri: [4, 7, 10], figli: [5], mosse: [(3, 3, 12, 16, 14), (3, 3, 16, 9, 7), (3, 3, 14, 13, 11)]
7 -> costo: 98593.5, rotte: {2: [(1, 15), (15, 8), (8, 7), (7, 6), (6, 3), (3, 2), (2, 5), (5, 4), (4, 10), (10, 11)], 3: [(1, 12), (12, 9), (9, 16), (16, 14), (14, 13), (13, 11)]}, padri: [4, 11], figli: [8, 6], mosse: [(3, 3, 9, 16, 14), (3, 3, 14, 13, 11)]
8 -> costo: 98168.59999999998, rotte: {2: [(1, 15), (15, 8), (8, 7), (7, 6), (6, 3), (3, 2), (2, 5), (5, 4), (4, 10), (10, 11)], 3: [(1, 9), (9, 16), (16, 12), (12, 14), (14, 13), (13, 11)]}, padri: [7, 12], figli: [5], mosse: [(3, 3, 16, 12, 10), (3, 3, 14, 13, 11)]
9 -> costo: 99194.70000000001, rotte: {2: [(1, 15), (15, 8), (8, 7), (7, 6), (6, 3), (3, 2), (2, 5), (5, 4), (4, 10), (10, 11)], 3: [(1, 13), (13, 16), (16, 9), (9, 12), (12, 14), (14, 11)]}, padri: [3, 10, 12], figli: [5], mosse: [(3, 3, 9, 12, 10), (3, 3, 9, 12, 10), (3, 3, 16, 9, 7)]
10 -> costo: 99294.6, rotte: {2: [(1, 15), (15, 8), (8, 7), (7, 6), (6, 3), (3, 2), (2, 5), (5, 4), (4, 10), (10, 11)], 3: [(1, 13), (13, 12), (12, 16), (16, 9), (9, 14), (14, 11)]}, padri: [3, 11], figli: [6, 9], mosse: [(3, 3, 12, 16, 14), (3, 3, 16, 9, 7)]
11 -> costo: 99298.0, rotte: {2: [(1, 15), (15, 8), (8, 7), (7, 6), (6, 3), (3, 2), (2, 5), (5, 4), (4, 10), (10, 11)], 3: [(1, 13), (13, 12), (12, 9), (9, 16), (16, 14), (14, 11)]}, padri: [3], figli: [7, 12, 10], mosse: [(3, 3, 9, 16, 14)]
12 -> costo: 99198.09999999998, rotte: {2: [(1, 15), (15, 8), (8, 7), (7, 6), (6, 3), (3, 2), (2, 5), (5, 4), (4, 10), (10, 11)], 3: [(1, 13), (13, 9), (9, 16), (16, 12), (12, 14), (14, 11)]}, padri: [11], figli: [8, 9], mosse: [(3, 3, 16, 12, 10)]
13 -> costo: 100602.4, rotte: {2: [(1, 15), (15, 8), (8, 7), (7, 6), (6, 2), (2, 5), (5, 4), (4, 3), (3, 10), (10, 11)], 3: [(1, 13), (13, 16), (16, 12), (12, 9), (9, 14), (14, 11)]}, padri: [2], figli: [14, 19, 20, 21, 26], mosse: [(2, 2, 4, 3, 1)]
14 -> costo: 99187.9, rotte: {2: [(1, 15), (15, 8), (8, 7), (7, 6), (6, 2), (2, 5), (5, 4), (4, 3), (3, 10), (10, 11)], 3: [(1, 16), (16, 12), (12, 9), (9, 14), (14, 13), (13, 11)]}, padri: [13, 24], figli: [15, 16, 17, 22, 28], mosse: [(3, 3, 14, 13, 11), (2, 2, 4, 3, 1)]
15 -> costo: 98045.6, rotte: {2: [(1, 15), (15, 8), (8, 7), (7, 6), (6, 2), (2, 5), (5, 4), (4, 3), (3, 10), (10, 11)], 3: [(1, 16), (16, 9), (9, 12), (12, 14), (14, 13), (13, 11)]}, padri: [14, 16, 18, 19, 25], figli: [], mosse: [(3, 3, 9, 12, 10), (3, 3, 9, 12, 10), (3, 3, 16, 9, 7), (3, 3, 14, 13, 11), (2, 2, 4, 3, 1)]
16 -> costo: 98855.5, rotte: {2: [(1, 15), (15, 8), (8, 7), (7, 6), (6, 2), (2, 5), (5, 4), (4, 3), (3, 10), (10, 11)], 3: [(1, 12), (12, 16), (16, 9), (9, 14), (14, 13), (13, 11)]}, padri: [14, 17, 20, 26], figli: [15], mosse: [(3, 3, 12, 16, 14), (3, 3, 16, 9, 7), (3, 3, 14, 13, 11), (2, 2, 4, 3, 1)]
17 -> costo: 98858.9, rotte: {2: [(1, 15), (15, 8), (8, 7), (7, 6), (6, 2), (2, 5), (5, 4), (4, 3), (3, 10), (10, 11)], 3: [(1, 12), (12, 9), (9, 16), (16, 14), (14, 13), (13, 11)]}, padri: [14, 21, 27], figli: [18, 16], mosse: [(3, 3, 9, 16, 14), (3, 3, 14, 13, 11), (2, 2, 4, 3, 1)]
18 -> costo: 98434.0, rotte: {2: [(1, 15), (15, 8), (8, 7), (7, 6), (6, 2), (2, 5), (5, 4), (4, 3), (3, 10), (10, 11)], 3: [(1, 9), (9, 16), (16, 12), (12, 14), (14, 13), (13, 11)]}, padri: [17, 22, 28], figli: [15], mosse: [(3, 3, 16, 12, 10), (3, 3, 14, 13, 11), (2, 2, 4, 3, 1)]
19 -> costo: 99460.1, rotte: {2: [(1, 15), (15, 8), (8, 7), (7, 6), (6, 2), (2, 5), (5, 4), (4, 3), (3, 10), (10, 11)], 3: [(1, 13), (13, 16), (16, 9), (9, 12), (12, 14), (14, 11)]}, padri: [13, 20, 22], figli: [15], mosse: [(3, 3, 9, 12, 10), (3, 3, 9, 12, 10), (3, 3, 16, 9, 7)]
20 -> costo: 99560.0, rotte: {2: [(1, 15), (15, 8), (8, 7), (7, 6), (6, 2), (2, 5), (5, 4), (4, 3), (3, 10), (10, 11)], 3: [(1, 13), (13, 12), (12, 16), (16, 9), (9, 14), (14, 11)]}, padri: [13, 21], figli: [16, 19], mosse: [(3, 3, 12, 16, 14), (3, 3, 16, 9, 7)]
21 -> costo: 99563.4, rotte: {2: [(1, 15), (15, 8), (8, 7), (7, 6), (6, 2), (2, 5), (5, 4), (4, 3), (3, 10), (10, 11)], 3: [(1, 13), (13, 12), (12, 9), (9, 16), (16, 14), (14, 11)]}, padri: [13], figli: [17, 22, 20, 28], mosse: [(3, 3, 9, 16, 14)]
22 -> costo: 99463.5, rotte: {2: [(1, 15), (15, 8), (8, 7), (7, 6), (6, 2), (2, 5), (5, 4), (4, 3), (3, 10), (10, 11)], 3: [(1, 13), (13, 9), (9, 16), (16, 12), (12, 14), (14, 11)]}, padri: [21], figli: [18, 19], mosse: [(3, 3, 16, 12, 10)]
23 -> costo: 101236.4, rotte: {2: [(1, 15), (15, 8), (8, 7), (7, 6), (6, 2), (2, 5), (5, 3), (3, 4), (4, 10), (10, 11)], 3: [(1, 13), (13, 16), (16, 12), (12, 9), (9, 14), (14, 11)]}, padri: [2], figli: [24], mosse: [(2, 2, 5, 3, 1)]
24 -> costo: 99821.9, rotte: {2: [(1, 15), (15, 8), (8, 7), (7, 6), (6, 2), (2, 5), (5, 3), (3, 4), (4, 10), (10, 11)], 3: [(1, 16), (16, 12), (12, 9), (9, 14), (14, 13), (13, 11)]}, padri: [23], figli: [25, 14, 26, 27], mosse: [(3, 3, 14, 13, 11)]
25 -> costo: 98679.6, rotte: {2: [(1, 15), (15, 8), (8, 7), (7, 6), (6, 2), (2, 5), (5, 3), (3, 4), (4, 10), (10, 11)], 3: [(1, 16), (16, 9), (9, 12), (12, 14), (14, 13), (13, 11)]}, padri: [24, 26, 28], figli: [15], mosse: [(3, 3, 9, 12, 10), (3, 3, 9, 12, 10), (3, 3, 16, 9, 7)]
26 -> costo: 99489.5, rotte: {2: [(1, 15), (15, 8), (8, 7), (7, 6), (6, 2), (2, 5), (5, 3), (3, 4), (4, 10), (10, 11)], 3: [(1, 12), (12, 16), (16, 9), (9, 14), (14, 13), (13, 11)]}, padri: [24, 27], figli: [25, 16], mosse: [(3, 3, 12, 16, 14), (3, 3, 16, 9, 7)]
27 -> costo: 99492.9, rotte: {2: [(1, 15), (15, 8), (8, 7), (7, 6), (6, 2), (2, 5), (5, 3), (3, 4), (4, 10), (10, 11)], 3: [(1, 12), (12, 9), (9, 16), (16, 14), (14, 13), (13, 11)]}, padri: [24], figli: [17, 28, 26], mosse: [(3, 3, 9, 16, 14)]
28 -> costo: 99068.0, rotte: {2: [(1, 15), (15, 8), (8, 7), (7, 6), (6, 2), (2, 5), (5, 3), (3, 4), (4, 10), (10, 11)], 3: [(1, 9), (9, 16), (16, 12), (12, 14), (14, 13), (13, 11)]}, padri: [27], figli: [18, 25], mosse: [(3, 3, 16, 12, 10)]
bestSolutionIndice: 5
5 -> costo: 97780.20000000001, rotte: {2: [(1, 15), (15, 8), (8, 7), (7, 6), (6, 3), (3, 2), (2, 5), (5, 4), (4, 10), (10, 11)], 3: [(1, 16), (16, 9), (9, 12), (12, 14), (14, 13), (13, 11)]}, padri: [4, 6, 8, 9], figli: [], mosse: [(3, 3, 9, 12, 10), (3, 3, 9, 12, 10), (3, 3, 16, 9, 7), (3, 3, 14, 13, 11)]
trasportoPalletDiGamma: {2: [(15, 13), (8, 6), (7, 5), (6, 4), (3, 1), (2, 12), (5, 3), (4, 2), (10, 8), (11, 3)], 3: [(16, 14), (9, 7), (12, 10), (14, 12), (13, 11), (11, 6)]}
itMosseLS: 56, itMosseTS: 50
time elapsed: 679.03s.


##########################################################################################
s: 1
dictSolutions[1]:
0 -> costo: 108854.30000000002, rotte: {3: [(1, 7), (7, 3), (3, 10), (10, 9), (9, 12), (12, 8), (8, 6), (6, 11), (11, 4), (4, 13)], 2: [(1, 14), (14, 5), (5, 16), (16, 15), (15, 2), (2, 13)]}, padri: [-1], figli: [1], mosse: [-1]
1 -> costo: 81095.40000000001, rotte: {3: [(1, 7), (7, 3), (3, 10), (10, 9), (9, 12), (12, 8), (8, 6), (6, 4), (4, 13), (13, 11)], 2: [(1, 14), (14, 5), (5, 16), (16, 15), (15, 2), (2, 13)]}, padri: [0], figli: [2], mosse: [(3, 3, 13, 11, 9)]
2 -> costo: 77287.09999999999, rotte: {3: [(1, 7), (7, 3), (3, 10), (10, 9), (9, 12), (12, 8), (8, 6), (6, 4), (4, 13), (13, 11)], 2: [(1, 5), (5, 16), (16, 15), (15, 14), (14, 2), (2, 13)]}, padri: [1], figli: [3], mosse: [(2, 2, 15, 14, 12)]
3 -> costo: 74359.0, rotte: {3: [(1, 3), (3, 10), (10, 7), (7, 9), (9, 12), (12, 8), (8, 6), (6, 4), (4, 13), (13, 11)], 2: [(1, 5), (5, 16), (16, 15), (15, 14), (14, 2), (2, 13)]}, padri: [2], figli: [4], mosse: [(3, 3, 10, 7, 5)]
4 -> costo: 72093.09999999999, rotte: {3: [(1, 3), (3, 7), (7, 9), (9, 12), (12, 8), (8, 6), (6, 4), (4, 10), (10, 13), (13, 11)], 2: [(1, 5), (5, 16), (16, 15), (15, 14), (14, 2), (2, 13)]}, padri: [3], figli: [5], mosse: [(3, 3, 4, 10, 8)]
5 -> costo: 71590.4, rotte: {3: [(1, 3), (3, 7), (7, 9), (9, 12), (12, 8), (8, 6), (6, 4), (4, 10), (10, 13), (13, 11)], 2: [(1, 5), (5, 16), (16, 15), (15, 14), (14, 13), (13, 2)]}, padri: [4], figli: [6, 7, 8, 11], mosse: [(2, 2, 14, 13, 6)]
6 -> costo: 68767.2, rotte: {3: [(1, 3), (3, 7), (7, 9), (9, 12), (12, 8), (8, 6), (6, 4), (4, 10), (10, 13), (13, 11)], 2: [(1, 2), (2, 5), (5, 16), (16, 15), (15, 14), (14, 13)]}, padri: [5, 7], figli: [], mosse: [(2, 2, 1, 2, 12), (2, 2, 2, 5, 3)]
7 -> costo: 68846.4, rotte: {3: [(1, 3), (3, 7), (7, 9), (9, 12), (12, 8), (8, 6), (6, 4), (4, 10), (10, 13), (13, 11)], 2: [(1, 5), (5, 2), (2, 16), (16, 15), (15, 14), (14, 13)]}, padri: [5], figli: [6, 8], mosse: [(2, 2, 5, 2, 12)]
8 -> costo: 68814.59999999998, rotte: {3: [(1, 3), (3, 7), (7, 9), (9, 12), (12, 8), (8, 6), (6, 4), (4, 10), (10, 13), (13, 11)], 2: [(1, 5), (5, 2), (2, 15), (15, 14), (14, 13), (13, 16)]}, padri: [7], figli: [9, 38], mosse: [(2, 2, 13, 16, 14)]
9 -> costo: 66989.29999999999, rotte: {3: [(1, 3), (3, 7), (7, 9), (9, 12), (12, 8), (8, 6), (6, 4), (4, 10), (10, 13), (13, 11)], 2: [(1, 5), (5, 2), (2, 14), (14, 13), (13, 15), (15, 16)]}, padri: [8, 36], figli: [10, 40], mosse: [(2, 2, 13, 15, 13), (2, 2, 14, 13, 6)]
10 -> costo: 65365.999999999985, rotte: {3: [(1, 3), (3, 7), (7, 9), (9, 12), (12, 8), (8, 6), (6, 4), (4, 10), (10, 13), (13, 11)], 2: [(1, 5), (5, 2), (2, 13), (13, 14), (14, 15), (15, 16)]}, padri: [9, 19, 21, 36, 37, 39], figli: [], mosse: [(2, 2, 13, 14, 12), (2, 2, 2, 13, 6), (2, 2, 2, 13, 6), (2, 2, 2, 13, 6), (2, 2, 2, 13, 6), (2, 3, 1, 5, 3)]
11 -> costo: 69934.69999999998, rotte: {3: [(1, 3), (3, 7), (7, 9), (9, 12), (12, 8), (8, 6), (6, 4), (4, 10), (10, 13), (13, 11)], 2: [(1, 5), (5, 15), (15, 14), (14, 13), (13, 2), (2, 16)]}, padri: [5], figli: [12, 17, 22, 35], mosse: [(2, 2, 2, 16, 14)]
12 -> costo: 69606.79999999999, rotte: {3: [(1, 3), (3, 7), (7, 9), (9, 12), (12, 8), (8, 6), (6, 4), (4, 10), (10, 13), (13, 11)], 2: [(1, 15), (15, 14), (14, 13), (13, 2), (2, 5), (5, 16)]}, padri: [11, 17], figli: [13], mosse: [(2, 2, 2, 5, 3), (2, 2, 2, 5, 3)]
13 -> costo: 69041.0, rotte: {3: [(1, 3), (3, 7), (7, 9), (9, 12), (12, 8), (8, 6), (6, 4), (4, 10), (10, 13), (13, 11)], 2: [(1, 14), (14, 13), (13, 2), (2, 5), (5, 15), (15, 16)]}, padri: [12], figli: [14, 16, 37], mosse: [(2, 2, 5, 15, 13)]
14 -> costo: 66927.7, rotte: {3: [(1, 3), (3, 7), (7, 9), (9, 12), (12, 8), (8, 6), (6, 4), (4, 10), (10, 13), (13, 11)], 2: [(1, 13), (13, 2), (2, 5), (5, 14), (14, 15), (15, 16)]}, padri: [13, 16, 36], figli: [15], mosse: [(2, 2, 5, 14, 12), (2, 2, 5, 14, 12), (2, 2, 2, 5, 3)]
15 -> costo: 65365.999999999985, rotte: {3: [(1, 3), (3, 7), (7, 9), (9, 12), (12, 8), (8, 6), (6, 4), (4, 10), (10, 13), (13, 11)], 2: [(1, 2), (2, 5), (5, 13), (13, 14), (14, 15), (15, 16)]}, padri: [14], figli: [], mosse: [(2, 2, 5, 13, 6)]
16 -> costo: 68234.59999999999, rotte: {3: [(1, 3), (3, 7), (7, 9), (9, 12), (12, 8), (8, 6), (6, 4), (4, 10), (10, 13), (13, 11)], 2: [(1, 13), (13, 14), (14, 2), (2, 5), (5, 15), (15, 16)]}, padri: [13], figli: [14, 37], mosse: [(2, 2, 13, 14, 12)]
17 -> costo: 69685.99999999999, rotte: {3: [(1, 3), (3, 7), (7, 9), (9, 12), (12, 8), (8, 6), (6, 4), (4, 10), (10, 13), (13, 11)], 2: [(1, 15), (15, 14), (14, 13), (13, 5), (5, 2), (2, 16)]}, padri: [11], figli: [18, 12], mosse: [(2, 2, 13, 5, 3)]
18 -> costo: 69041.0, rotte: {3: [(1, 3), (3, 7), (7, 9), (9, 12), (12, 8), (8, 6), (6, 4), (4, 10), (10, 13), (13, 11)], 2: [(1, 14), (14, 13), (13, 5), (5, 2), (2, 15), (15, 16)]}, padri: [17], figli: [19, 20], mosse: [(2, 2, 2, 15, 13)]
19 -> costo: 66927.7, rotte: {3: [(1, 3), (3, 7), (7, 9), (9, 12), (12, 8), (8, 6), (6, 4), (4, 10), (10, 13), (13, 11)], 2: [(1, 13), (13, 5), (5, 2), (2, 14), (14, 15), (15, 16)]}, padri: [18], figli: [10, 40], mosse: [(2, 2, 2, 14, 12)]
20 -> costo: 68234.59999999999, rotte: {3: [(1, 3), (3, 7), (7, 9), (9, 12), (12, 8), (8, 6), (6, 4), (4, 10), (10, 13), (13, 11)], 2: [(1, 13), (13, 14), (14, 5), (5, 2), (2, 15), (15, 16)]}, padri: [18], figli: [21], mosse: [(2, 2, 13, 14, 12)]
21 -> costo: 66927.7, rotte: {3: [(1, 3), (3, 7), (7, 9), (9, 12), (12, 8), (8, 6), (6, 4), (4, 10), (10, 13), (13, 11)], 2: [(1, 13), (13, 5), (5, 2), (2, 14), (14, 15), (15, 16)]}, padri: [20], figli: [10, 40], mosse: [(2, 2, 2, 14, 12)]
22 -> costo: 69709.59999999999, rotte: {3: [(1, 3), (3, 7), (7, 9), (9, 12), (12, 8), (8, 6), (6, 5), (5, 4), (4, 10), (10, 13), (13, 11)], 2: [(1, 15), (15, 14), (14, 13), (13, 2), (2, 16)]}, padri: [11], figli: [23, 34], mosse: [(3, 2, 6, 5, 3)]
23 -> costo: 69064.59999999999, rotte: {3: [(1, 3), (3, 7), (7, 9), (9, 12), (12, 8), (8, 6), (6, 5), (5, 4), (4, 10), (10, 13), (13, 11)], 2: [(1, 14), (14, 13), (13, 2), (2, 15), (15, 16)]}, padri: [22], figli: [24, 31, 32], mosse: [(2, 2, 2, 15, 13)]
24 -> costo: 66951.3, rotte: {3: [(1, 3), (3, 7), (7, 9), (9, 12), (12, 8), (8, 6), (6, 5), (5, 4), (4, 10), (10, 13), (13, 11)], 2: [(1, 13), (13, 2), (2, 14), (14, 15), (15, 16)]}, padri: [23, 31, 36], figli: [25, 27, 29, 33, 41], mosse: [(2, 2, 2, 14, 12), (2, 2, 2, 14, 12), (3, 2, 6, 5, 3)]
25 -> costo: 65389.59999999999, rotte: {3: [(1, 3), (3, 7), (7, 9), (9, 12), (12, 8), (8, 6), (6, 5), (5, 4), (4, 10), (10, 13), (13, 11)], 2: [(1, 2), (2, 13), (13, 14), (14, 15), (15, 16)]}, padri: [24, 28, 39], figli: [26], mosse: [(2, 2, 2, 13, 6), (3, 2, 1, 3, 1), (3, 3, 6, 5, 3)]
26 -> costo: 65329.29999999999, rotte: {3: [(1, 7), (7, 9), (9, 12), (12, 8), (8, 6), (6, 5), (5, 4), (4, 10), (10, 13), (13, 11)], 2: [(1, 2), (2, 3), (3, 13), (13, 14), (14, 15), (15, 16)]}, padri: [25, 28], figli: [], mosse: [(2, 3, 2, 3, 1), (2, 2, 2, 3, 1)]
27 -> costo: 66891.0, rotte: {3: [(1, 7), (7, 9), (9, 12), (12, 8), (8, 6), (6, 5), (5, 4), (4, 10), (10, 13), (13, 11)], 2: [(1, 13), (13, 3), (3, 2), (2, 14), (14, 15), (15, 16)]}, padri: [24, 32, 33], figli: [28], mosse: [(2, 3, 13, 3, 1), (2, 2, 2, 14, 12), (2, 2, 2, 14, 12)]
28 -> costo: 66102.79999999999, rotte: {3: [(1, 7), (7, 9), (9, 12), (12, 8), (8, 6), (6, 5), (5, 4), (4, 10), (10, 13), (13, 11)], 2: [(1, 3), (3, 2), (2, 13), (13, 14), (14, 15), (15, 16)]}, padri: [27], figli: [26, 25, 29, 30, 41], mosse: [(2, 2, 2, 13, 6)]
29 -> costo: 65762.49999999999, rotte: {3: [(1, 7), (7, 9), (9, 12), (12, 8), (8, 6), (6, 3), (3, 5), (5, 4), (4, 10), (10, 13), (13, 11)], 2: [(1, 2), (2, 13), (13, 14), (14, 15), (15, 16)]}, padri: [28, 41], figli: [], mosse: [(3, 2, 6, 3, 1), (3, 3, 3, 5, 3)]
30 -> costo: 66027.9, rotte: {3: [(1, 7), (7, 9), (9, 12), (12, 8), (8, 6), (6, 5), (5, 4), (4, 3), (3, 10), (10, 13), (13, 11)], 2: [(1, 2), (2, 13), (13, 14), (14, 15), (15, 16)]}, padri: [28], figli: [], mosse: [(3, 2, 4, 3, 1)]
31 -> costo: 68258.2, rotte: {3: [(1, 3), (3, 7), (7, 9), (9, 12), (12, 8), (8, 6), (6, 5), (5, 4), (4, 10), (10, 13), (13, 11)], 2: [(1, 13), (13, 14), (14, 2), (2, 15), (15, 16)]}, padri: [23], figli: [24], mosse: [(2, 2, 13, 14, 12)]
32 -> costo: 69004.3, rotte: {3: [(1, 7), (7, 9), (9, 12), (12, 8), (8, 6), (6, 5), (5, 4), (4, 10), (10, 13), (13, 11)], 2: [(1, 14), (14, 13), (13, 3), (3, 2), (2, 15), (15, 16)]}, padri: [23, 34], figli: [27, 33], mosse: [(2, 3, 13, 3, 1), (2, 2, 2, 15, 13)]
33 -> costo: 68631.09999999999, rotte: {3: [(1, 7), (7, 9), (9, 12), (12, 8), (8, 6), (6, 5), (5, 4), (4, 10), (10, 13), (13, 11)], 2: [(1, 13), (13, 14), (14, 3), (3, 2), (2, 15), (15, 16)]}, padri: [32], figli: [27], mosse: [(2, 2, 13, 14, 12)]
34 -> costo: 69649.29999999999, rotte: {3: [(1, 7), (7, 9), (9, 12), (12, 8), (8, 6), (6, 5), (5, 4), (4, 10), (10, 13), (13, 11)], 2: [(1, 15), (15, 14), (14, 13), (13, 3), (3, 2), (2, 16)]}, padri: [22], figli: [32], mosse: [(2, 3, 13, 3, 1)]
35 -> costo: 69736.99999999999, rotte: {3: [(1, 3), (3, 7), (7, 9), (9, 12), (12, 8), (8, 6), (6, 4), (4, 10), (10, 13), (13, 11)], 2: [(1, 5), (5, 14), (14, 13), (13, 2), (2, 15), (15, 16)]}, padri: [11], figli: [36], mosse: [(2, 2, 2, 15, 13)]
36 -> costo: 68560.99999999999, rotte: {3: [(1, 3), (3, 7), (7, 9), (9, 12), (12, 8), (8, 6), (6, 4), (4, 10), (10, 13), (13, 11)], 2: [(1, 5), (5, 13), (13, 2), (2, 14), (14, 15), (15, 16)]}, padri: [35], figli: [10, 14, 37, 24, 9, 38, 40], mosse: [(2, 2, 2, 14, 12)]
37 -> costo: 66927.7, rotte: {3: [(1, 3), (3, 7), (7, 9), (9, 12), (12, 8), (8, 6), (6, 4), (4, 10), (10, 13), (13, 11)], 2: [(1, 13), (13, 5), (5, 2), (2, 14), (14, 15), (15, 16)]}, padri: [13, 16, 36], figli: [10, 40], mosse: [(2, 2, 13, 5, 3)]
38 -> costo: 67510.4, rotte: {3: [(1, 5), (5, 3), (3, 7), (7, 9), (9, 12), (12, 8), (8, 6), (6, 4), (4, 10), (10, 13), (13, 11)], 2: [(1, 13), (13, 2), (2, 14), (14, 15), (15, 16)]}, padri: [36], figli: [39], mosse: [(3, 2, 1, 5, 3)]
39 -> costo: 65948.7, rotte: {3: [(1, 5), (5, 3), (3, 7), (7, 9), (9, 12), (12, 8), (8, 6), (6, 4), (4, 10), (10, 13), (13, 11)], 2: [(1, 2), (2, 13), (13, 14), (14, 15), (15, 16)]}, padri: [38], figli: [10, 40, 25, 41], mosse: [(2, 2, 2, 13, 6)]
40 -> costo: 65365.999999999985, rotte: {3: [(1, 3), (3, 7), (7, 9), (9, 12), (12, 8), (8, 6), (6, 4), (4, 10), (10, 13), (13, 11)], 2: [(1, 2), (2, 5), (5, 13), (13, 14), (14, 15), (15, 16)]}, padri: [9, 19, 21, 36, 37, 39], figli: [], mosse: [(2, 3, 2, 5, 3)]
41 -> costo: 65944.4, rotte: {3: [(1, 5), (5, 7), (7, 9), (9, 12), (12, 8), (8, 6), (6, 3), (3, 4), (4, 10), (10, 13), (13, 11)], 2: [(1, 2), (2, 13), (13, 14), (14, 15), (15, 16)]}, padri: [39], figli: [42, 43, 29], mosse: [(3, 3, 6, 3, 1)]
42 -> costo: 65738.9, rotte: {3: [(1, 7), (7, 9), (9, 12), (12, 8), (8, 6), (6, 3), (3, 4), (4, 10), (10, 13), (13, 11)], 2: [(1, 5), (5, 2), (2, 13), (13, 14), (14, 15), (15, 16)]}, padri: [41], figli: [], mosse: [(2, 3, 1, 5, 3)]
43 -> costo: 65738.9, rotte: {3: [(1, 7), (7, 9), (9, 12), (12, 8), (8, 6), (6, 3), (3, 4), (4, 10), (10, 13), (13, 11)], 2: [(1, 2), (2, 5), (5, 13), (13, 14), (14, 15), (15, 16)]}, padri: [41], figli: [], mosse: [(2, 3, 2, 5, 3)]
bestSolutionIndice: 26
26 -> costo: 65329.29999999999, rotte: {3: [(1, 7), (7, 9), (9, 12), (12, 8), (8, 6), (6, 5), (5, 4), (4, 10), (10, 13), (13, 11)], 2: [(1, 2), (2, 3), (3, 13), (13, 14), (14, 15), (15, 16)]}, padri: [25, 28], figli: [], mosse: [(2, 3, 2, 3, 1), (2, 2, 2, 3, 1)]
trasportoPalletDiGamma: {3: [(7, 5), (9, 7), (12, 10), (8, 6), (6, 4), (5, 3), (4, 2), (10, 8), (13, 5), (11, 9)], 2: [(2, 12), (3, 1), (13, 6), (14, 12), (15, 13), (16, 14)]}
itMosseLS: 62, itMosseTS: 50
time elapsed: 487.85s.


##########################################################################################
s: 1
dictSolutions[1]:
0 -> costo: 111688.5, rotte: {2: [(1, 13), (13, 10), (10, 9), (9, 14), (14, 15), (15, 5), (5, 7), (7, 4)], 3: [(1, 8), (8, 2), (2, 11), (11, 12), (12, 16), (16, 6), (6, 3), (3, 4)]}, padri: [-1], figli: [1], mosse: [-1]
1 -> costo: 84551.49999999999, rotte: {2: [(1, 13), (13, 10), (10, 9), (9, 14), (14, 15), (15, 5), (5, 7), (7, 4)], 3: [(1, 8), (8, 2), (2, 12), (12, 16), (16, 6), (6, 3), (3, 4), (4, 11)]}, padri: [0], figli: [2], mosse: [(3, 3, 4, 11, 9)]
2 -> costo: 78779.0, rotte: {2: [(1, 13), (13, 10), (10, 9), (9, 14), (14, 15), (15, 5), (5, 7), (7, 4)], 3: [(1, 8), (8, 12), (12, 16), (16, 6), (6, 3), (3, 2), (2, 4), (4, 11)]}, padri: [1], figli: [3], mosse: [(3, 3, 3, 2, 12)]
3 -> costo: 75602.0, rotte: {2: [(1, 13), (13, 10), (10, 9), (9, 14), (14, 15), (15, 7), (7, 5), (5, 4)], 3: [(1, 8), (8, 12), (12, 16), (16, 6), (6, 3), (3, 2), (2, 4), (4, 11)]}, padri: [2], figli: [4, 16, 17], mosse: [(2, 2, 7, 5, 3)]
4 -> costo: 72628.2, rotte: {2: [(1, 13), (13, 10), (10, 14), (14, 15), (15, 9), (9, 7), (7, 5), (5, 4)], 3: [(1, 8), (8, 12), (12, 16), (16, 6), (6, 3), (3, 2), (2, 4), (4, 11)]}, padri: [3, 16], figli: [5, 5, 5, 5, 5, 5, 5, 5, 15, 15, 15, 15, 15, 15, 15, 15, 18, 18, 18, 18, 18, 18, 18, 18], mosse: [(2, 2, 15, 9, 7), (2, 2, 9, 7, 5)]
5 -> costo: 72257.59999999999, rotte: {2: [(1, 13), (13, 10), (10, 14), (14, 15), (15, 9), (9, 7), (7, 5)], 3: [(1, 8), (8, 12), (12, 16), (16, 6), (6, 3), (3, 2), (2, 4), (4, 11)]}, padri: [4, 4, 4, 4, 4, 4, 4, 4, 17], figli: [6, 14], mosse: [(3, 2, 1, 4, 1), (3, 2, 8, 4, 1), (3, 2, 12, 4, 1), (3, 2, 16, 4, 1), (3, 2, 6, 4, 1), (3, 2, 3, 4, 1), (3, 2, 2, 4, 1), (3, 2, 11, 4, 1), (2, 2, 9, 7, 5)]
6 -> costo: 71637.4, rotte: {2: [(1, 5), (5, 13), (13, 10), (10, 14), (14, 15), (15, 9), (9, 7)], 3: [(1, 8), (8, 12), (12, 16), (16, 6), (6, 3), (3, 2), (2, 4), (4, 11)]}, padri: [5], figli: [7, 7, 7, 11, 11, 11, 13], mosse: [(2, 2, 1, 5, 3)]
7 -> costo: 71319.0, rotte: {2: [(1, 5), (5, 13), (13, 10), (10, 14), (14, 15), (15, 7), (7, 9)], 3: [(1, 8), (8, 12), (12, 16), (16, 6), (6, 3), (3, 2), (2, 4), (4, 11)]}, padri: [6, 6, 6, 17], figli: [8, 10, 12], mosse: [(2, 2, 15, 7, 5), (2, 2, 7, 9, 7), (2, 2, 9, 7), (2, 2, 1, 5, 3)]
8 -> costo: 70790.09999999999, rotte: {2: [(1, 5), (5, 13), (13, 10), (10, 14), (14, 7), (7, 9), (9, 15)], 3: [(1, 8), (8, 12), (12, 16), (16, 6), (6, 3), (3, 2), (2, 4), (4, 11)]}, padri: [7, 11], figli: [9], mosse: [(2, 2, 9, 15, 13), (2, 2, 7, 9, 7)]
9 -> costo: 70775.09999999999, rotte: {2: [(1, 5), (5, 10), (10, 13), (13, 14), (14, 7), (7, 9), (9, 15)], 3: [(1, 8), (8, 12), (12, 16), (16, 6), (6, 3), (3, 2), (2, 4), (4, 11)]}, padri: [8, 10, 12], figli: [], mosse: [(2, 2, 10, 13, 11), (2, 2, 9, 15, 13), (2, 2, 7, 9, 7)]
10 -> costo: 71304.0, rotte: {2: [(1, 5), (5, 10), (10, 13), (13, 14), (14, 15), (15, 7), (7, 9)], 3: [(1, 8), (8, 12), (12, 16), (16, 6), (6, 3), (3, 2), (2, 4), (4, 11)]}, padri: [7, 13, 13, 13, 18], figli: [9], mosse: [(2, 2, 10, 13, 11), (2, 2, 15, 7, 5), (2, 2, 7, 9, 7), (2, 2, 9, 7), (2, 2, 1, 5, 3)]
11 -> costo: 71538.0, rotte: {2: [(1, 5), (5, 13), (13, 10), (10, 14), (14, 9), (9, 7), (7, 15)], 3: [(1, 8), (8, 12), (12, 16), (16, 6), (6, 3), (3, 2), (2, 4), (4, 11)]}, padri: [6], figli: [8, 12], mosse: [(2, 2, 7, 15, 13)]
12 -> costo: 71523.0, rotte: {2: [(1, 5), (5, 10), (10, 13), (13, 14), (14, 9), (9, 7), (7, 15)], 3: [(1, 8), (8, 12), (12, 16), (16, 6), (6, 3), (3, 2), (2, 4), (4, 11)]}, padri: [11, 13], figli: [9], mosse: [(2, 2, 10, 13, 11), (2, 2, 7, 15, 13)]
13 -> costo: 71622.4, rotte: {2: [(1, 5), (5, 10), (10, 13), (13, 14), (14, 15), (15, 9), (9, 7)], 3: [(1, 8), (8, 12), (12, 16), (16, 6), (6, 3), (3, 2), (2, 4), (4, 11)]}, padri: [6, 14], figli: [10, 10, 10, 12], mosse: [(2, 2, 10, 13, 11), (2, 2, 1, 5, 3)]
14 -> costo: 72242.59999999999, rotte: {2: [(1, 10), (10, 13), (13, 14), (14, 15), (15, 9), (9, 7), (7, 5)], 3: [(1, 8), (8, 12), (12, 16), (16, 6), (6, 3), (3, 2), (2, 4), (4, 11)]}, padri: [5, 15, 15, 15, 15, 15, 15, 15, 15, 18], figli: [13], mosse: [(2, 2, 10, 13, 11), (3, 2, 1, 4, 1), (3, 2, 8, 4, 1), (3, 2, 12, 4, 1), (3, 2, 16, 4, 1), (3, 2, 6, 4, 1), (3, 2, 3, 4, 1), (3, 2, 2, 4, 1), (3, 2, 11, 4, 1), (2, 2, 9, 7, 5)]
15 -> costo: 72613.2, rotte: {2: [(1, 10), (10, 13), (13, 14), (14, 15), (15, 9), (9, 7), (7, 5), (5, 4)], 3: [(1, 8), (8, 12), (12, 16), (16, 6), (6, 3), (3, 2), (2, 4), (4, 11)]}, padri: [4], figli: [14, 14, 14, 14, 14, 14, 14, 14], mosse: [(2, 2, 10, 13, 11)]
16 -> costo: 73225.59999999999, rotte: {2: [(1, 13), (13, 10), (10, 14), (14, 15), (15, 7), (7, 9), (9, 5), (5, 4)], 3: [(1, 8), (8, 12), (12, 16), (16, 6), (6, 3), (3, 2), (2, 4), (4, 11)]}, padri: [3], figli: [4, 17, 17, 17, 17, 17, 17, 17, 17], mosse: [(2, 2, 7, 9, 7)]
17 -> costo: 72855.0, rotte: {2: [(1, 13), (13, 10), (10, 14), (14, 15), (15, 7), (7, 9), (9, 5)], 3: [(1, 8), (8, 12), (12, 16), (16, 6), (6, 3), (3, 2), (2, 4), (4, 11)]}, padri: [16, 16, 16, 16, 16, 16, 16, 16], figli: [7, 5, 18], mosse: [(3, 2, 1, 4, 1), (3, 2, 8, 4, 1), (3, 2, 12, 4, 1), (3, 2, 16, 4, 1), (3, 2, 6, 4, 1), (3, 2, 3, 4, 1), (3, 2, 2, 4, 1), (3, 2, 11, 4, 1)]
18 -> costo: 72840.0, rotte: {2: [(1, 10), (10, 13), (13, 14), (14, 15), (15, 7), (7, 9), (9, 5)], 3: [(1, 8), (8, 12), (12, 16), (16, 6), (6, 3), (3, 2), (2, 4), (4, 11)]}, padri: [17], figli: [10, 14], mosse: [(2, 2, 10, 13, 11)]
bestSolutionIndice: 9
9 -> costo: 70775.09999999999, rotte: {2: [(1, 5), (5, 10), (10, 13), (13, 14), (14, 7), (7, 9), (9, 15)], 3: [(1, 8), (8, 12), (12, 16), (16, 6), (6, 3), (3, 2), (2, 4), (4, 11)]}, padri: [8, 10, 12], figli: [], mosse: [(2, 2, 10, 13, 11), (2, 2, 9, 15, 13), (2, 2, 7, 9, 7)]
trasportoPalletDiGamma: {2: [(5, 3), (10, 8), (13, 11), (14, 12), (7, 5), (9, 7), (15, 13)], 3: [(8, 6), (12, 10), (16, 14), (6, 4), (3, 1), (2, 12), (4, 2), (11, 9)]}
itMosseLS: 55, itMosseTS: 50
time elapsed: 405.28s.


##########################################################################################
s: 1
dictSolutions[1]:
0 -> costo: 102255.10000000002, rotte: {3: [(1, 10), (10, 13), (13, 15), (15, 16), (16, 12), (12, 9)], 2: [(1, 4), (4, 8), (8, 6), (6, 5), (5, 11), (11, 2), (2, 3), (3, 14), (14, 7), (7, 9)]}, padri: [-1], figli: [1], mosse: [-1]
1 -> costo: 74323.00000000001, rotte: {3: [(1, 10), (10, 13), (13, 15), (15, 16), (16, 12), (12, 9)], 2: [(1, 4), (4, 8), (8, 6), (6, 5), (5, 2), (2, 3), (3, 14), (14, 7), (7, 9), (9, 11)]}, padri: [0], figli: [2], mosse: [(2, 2, 9, 11, 9)]
2 -> costo: 70074.50000000001, rotte: {3: [(1, 10), (10, 13), (13, 15), (15, 12), (12, 9), (9, 16)], 2: [(1, 4), (4, 8), (8, 6), (6, 5), (5, 2), (2, 3), (3, 14), (14, 7), (7, 9), (9, 11)]}, padri: [1], figli: [3], mosse: [(3, 3, 9, 16, 14)]
3 -> costo: 68210.3, rotte: {3: [(1, 10), (10, 13), (13, 15), (15, 12), (12, 9), (9, 16)], 2: [(1, 4), (4, 6), (6, 5), (5, 2), (2, 3), (3, 14), (14, 7), (7, 9), (9, 8), (8, 11)]}, padri: [2], figli: [4, 7, 8, 10, 17, 27], mosse: [(2, 2, 9, 8, 6)]
4 -> costo: 64687.00000000001, rotte: {3: [(1, 10), (10, 13), (13, 15), (15, 12), (12, 9), (9, 16)], 2: [(1, 4), (4, 5), (5, 2), (2, 3), (3, 6), (6, 14), (14, 7), (7, 9), (9, 8), (8, 11)]}, padri: [3, 26], figli: [5], mosse: [(2, 2, 3, 6, 4), (2, 2, 14, 7, 5)]
5 -> costo: 63561.4, rotte: {3: [(1, 10), (10, 13), (13, 15), (15, 12), (12, 9), (9, 16)], 2: [(1, 4), (4, 5), (5, 2), (2, 3), (3, 6), (6, 7), (7, 9), (9, 8), (8, 14), (14, 11)]}, padri: [4, 7, 11, 16, 25, 29], figli: [6, 9], mosse: [(2, 2, 8, 14, 12), (2, 2, 8, 14, 12), (2, 2, 6, 7, 5), (2, 2, 8, 14, 12), (2, 2, 8, 14, 12), (2, 2, 7, 9, 3)]
6 -> costo: 63198.8, rotte: {3: [(1, 10), (10, 13), (13, 15), (15, 12), (12, 9), (9, 16)], 2: [(1, 4), (4, 5), (5, 2), (2, 3), (3, 7), (7, 9), (9, 8), (8, 6), (6, 14), (14, 11)]}, padri: [5, 8, 9, 11], figli: [], mosse: [(2, 2, 8, 6, 4), (2, 2, 6, 14, 12), (2, 2, 6, 14, 12), (2, 2, 8, 6, 4)]
7 -> costo: 64687.00000000001, rotte: {3: [(1, 10), (10, 13), (13, 15), (15, 12), (12, 9), (9, 16)], 2: [(1, 4), (4, 5), (5, 2), (2, 3), (3, 14), (14, 6), (6, 7), (7, 9), (9, 8), (8, 11)]}, padri: [3], figli: [5], mosse: [(2, 2, 14, 6, 4)]
8 -> costo: 64835.80000000001, rotte: {3: [(1, 10), (10, 13), (13, 15), (15, 12), (12, 9), (9, 16)], 2: [(1, 4), (4, 5), (5, 2), (2, 3), (3, 14), (14, 7), (7, 9), (9, 8), (8, 6), (6, 11)]}, padri: [3, 10], figli: [6, 9, 12], mosse: [(2, 2, 8, 6, 4), (2, 2, 8, 6, 4)]
9 -> costo: 63947.4, rotte: {3: [(1, 10), (10, 13), (13, 15), (15, 12), (12, 9), (9, 16)], 2: [(1, 4), (4, 5), (5, 2), (2, 3), (3, 7), (7, 9), (9, 8), (8, 14), (14, 6), (6, 11)]}, padri: [8, 11], figli: [6], mosse: [(2, 2, 8, 14, 12), (2, 2, 14, 6, 4)]
10 -> costo: 65860.90000000001, rotte: {3: [(1, 10), (10, 13), (13, 15), (15, 12), (12, 9), (9, 16)], 2: [(1, 4), (4, 5), (5, 2), (2, 3), (3, 14), (14, 7), (7, 6), (6, 9), (9, 8), (8, 11)]}, padri: [3], figli: [11, 16, 8, 17, 24, 25, 26, 28], mosse: [(2, 2, 7, 6, 4)]
11 -> costo: 64109.799999999996, rotte: {3: [(1, 10), (10, 13), (13, 15), (15, 12), (12, 9), (9, 16)], 2: [(1, 4), (4, 5), (5, 2), (2, 3), (3, 7), (7, 6), (6, 9), (9, 8), (8, 14), (14, 11)]}, padri: [10, 24, 26], figli: [6, 5, 9, 12, 18], mosse: [(2, 2, 8, 14, 12), (2, 2, 8, 14, 12), (2, 2, 8, 14, 12)]
12 -> costo: 63984.5, rotte: {3: [(1, 10), (10, 13), (13, 15), (15, 12), (12, 9), (9, 16)], 2: [(1, 4), (4, 5), (5, 2), (2, 3), (3, 6), (6, 9), (9, 8), (8, 7), (7, 14), (14, 11)]}, padri: [11, 17, 27], figli: [13, 14, 19], mosse: [(2, 2, 8, 7, 5), (2, 2, 7, 14, 12), (2, 2, 7, 14, 12)]
13 -> costo: 63407.600000000006, rotte: {3: [(1, 10), (10, 13), (13, 15), (15, 12), (12, 9), (9, 16)], 2: [(1, 4), (4, 5), (5, 2), (2, 3), (3, 9), (9, 8), (8, 7), (7, 6), (6, 14), (14, 11)]}, padri: [12, 15, 21, 23], figli: [], mosse: [(2, 2, 7, 6, 4), (2, 2, 9, 8, 6), (2, 2, 6, 14, 12), (2, 2, 6, 14, 12)]
14 -> costo: 63870.0, rotte: {3: [(1, 10), (10, 13), (13, 15), (15, 12), (12, 9), (9, 16)], 2: [(1, 4), (4, 5), (5, 2), (2, 3), (3, 6), (6, 8), (8, 9), (9, 7), (7, 14), (14, 11)]}, padri: [12, 18, 22], figli: [15, 20, 21], mosse: [(2, 2, 8, 9, 3), (2, 2, 7, 14, 12), (2, 2, 7, 14, 12)]
15 -> costo: 63409.4, rotte: {3: [(1, 10), (10, 13), (13, 15), (15, 12), (12, 9), (9, 16)], 2: [(1, 4), (4, 5), (5, 2), (2, 3), (3, 8), (8, 9), (9, 7), (7, 6), (6, 14), (14, 11)]}, padri: [14, 19, 20], figli: [13], mosse: [(2, 2, 7, 6, 4), (2, 2, 6, 14, 12), (2, 2, 6, 14, 12)]
16 -> costo: 64687.00000000001, rotte: {3: [(1, 10), (10, 13), (13, 15), (15, 12), (12, 9), (9, 16)], 2: [(1, 4), (4, 5), (5, 2), (2, 3), (3, 14), (14, 6), (6, 7), (7, 9), (9, 8), (8, 11)]}, padri: [10], figli: [5], mosse: [(2, 2, 6, 7, 5)]
17 -> costo: 65081.50000000001, rotte: {3: [(1, 10), (10, 13), (13, 15), (15, 12), (12, 9), (9, 16)], 2: [(1, 4), (4, 5), (5, 2), (2, 3), (3, 14), (14, 6), (6, 9), (9, 8), (8, 7), (7, 11)]}, padri: [10, 24], figli: [12, 18, 23], mosse: [(2, 2, 8, 7, 5), (2, 2, 8, 7, 5)]
18 -> costo: 64967.00000000001, rotte: {3: [(1, 10), (10, 13), (13, 15), (15, 12), (12, 9), (9, 16)], 2: [(1, 4), (4, 5), (5, 2), (2, 3), (3, 14), (14, 6), (6, 8), (8, 9), (9, 7), (7, 11)]}, padri: [17], figli: [14, 19, 22], mosse: [(2, 2, 8, 9, 3)]
19 -> costo: 64615.3, rotte: {3: [(1, 10), (10, 13), (13, 15), (15, 12), (12, 9), (9, 16)], 2: [(1, 4), (4, 5), (5, 2), (2, 3), (3, 14), (14, 8), (8, 9), (9, 7), (7, 6), (6, 11)]}, padri: [18, 22, 23], figli: [15, 20, 21], mosse: [(2, 2, 7, 6, 4), (2, 2, 7, 6, 4), (2, 2, 8, 9, 3)]
20 -> costo: 64420.90000000001, rotte: {3: [(1, 10), (10, 13), (13, 15), (15, 12), (12, 9), (9, 16)], 2: [(1, 4), (4, 5), (5, 2), (2, 3), (3, 8), (8, 9), (9, 7), (7, 14), (14, 6), (6, 11)]}, padri: [19], figli: [15, 21], mosse: [(2, 2, 7, 14, 12)]
21 -> costo: 64419.100000000006, rotte: {3: [(1, 10), (10, 13), (13, 15), (15, 12), (12, 9), (9, 16)], 2: [(1, 4), (4, 5), (5, 2), (2, 3), (3, 9), (9, 8), (8, 7), (7, 14), (14, 6), (6, 11)]}, padri: [20, 23], figli: [13], mosse: [(2, 2, 9, 8, 6), (2, 2, 7, 14, 12)]
22 -> costo: 64700.8, rotte: {3: [(1, 10), (10, 13), (13, 15), (15, 12), (12, 9), (9, 16)], 2: [(1, 4), (4, 5), (5, 2), (2, 3), (3, 6), (6, 14), (14, 8), (8, 9), (9, 7), (7, 11)]}, padri: [18, 27], figli: [14, 19], mosse: [(2, 2, 6, 14, 12), (2, 2, 8, 9, 3)]
23 -> costo: 64996.0, rotte: {3: [(1, 10), (10, 13), (13, 15), (15, 12), (12, 9), (9, 16)], 2: [(1, 4), (4, 5), (5, 2), (2, 3), (3, 14), (14, 9), (9, 8), (8, 7), (7, 6), (6, 11)]}, padri: [17, 27], figli: [13, 21, 19], mosse: [(2, 2, 7, 6, 4), (2, 2, 7, 6, 4)]
24 -> costo: 65235.4, rotte: {3: [(1, 10), (10, 13), (13, 15), (15, 12), (12, 9), (9, 16)], 2: [(1, 4), (4, 5), (5, 2), (2, 3), (3, 7), (7, 14), (14, 6), (6, 9), (9, 8), (8, 11)]}, padri: [10], figli: [11, 25, 17], mosse: [(2, 2, 7, 14, 12)]
25 -> costo: 64687.00000000001, rotte: {3: [(1, 10), (10, 13), (13, 15), (15, 12), (12, 9), (9, 16)], 2: [(1, 4), (4, 5), (5, 2), (2, 3), (3, 14), (14, 6), (6, 7), (7, 9), (9, 8), (8, 11)]}, padri: [10, 24], figli: [5], mosse: [(2, 2, 6, 7, 5)]
26 -> costo: 65235.4, rotte: {3: [(1, 10), (10, 13), (13, 15), (15, 12), (12, 9), (9, 16)], 2: [(1, 4), (4, 5), (5, 2), (2, 3), (3, 7), (7, 6), (6, 14), (14, 9), (9, 8), (8, 11)]}, padri: [10], figli: [11, 4, 27], mosse: [(2, 2, 6, 14, 12)]
27 -> costo: 65081.5, rotte: {3: [(1, 10), (10, 13), (13, 15), (15, 12), (12, 9), (9, 16)], 2: [(1, 4), (4, 5), (5, 2), (2, 3), (3, 6), (6, 14), (14, 9), (9, 8), (8, 7), (7, 11)]}, padri: [26], figli: [12, 22, 23], mosse: [(2, 2, 8, 7, 5)]
28 -> costo: 65719.90000000001, rotte: {3: [(1, 10), (10, 13), (13, 15), (15, 12), (12, 9), (9, 16)], 2: [(1, 4), (4, 5), (5, 2), (2, 3), (3, 14), (14, 6), (6, 9), (9, 7), (7, 8), (8, 11)]}, padri: [10], figli: [29], mosse: [(2, 2, 9, 7, 5)]
29 -> costo: 64594.3, rotte: {3: [(1, 10), (10, 13), (13, 15), (15, 12), (12, 9), (9, 16)], 2: [(1, 4), (4, 5), (5, 2), (2, 3), (3, 6), (6, 9), (9, 7), (7, 8), (8, 14), (14, 11)]}, padri: [28], figli: [5], mosse: [(2, 2, 8, 14, 12)]
bestSolutionIndice: 6
6 -> costo: 63198.8, rotte: {3: [(1, 10), (10, 13), (13, 15), (15, 12), (12, 9), (9, 16)], 2: [(1, 4), (4, 5), (5, 2), (2, 3), (3, 7), (7, 9), (9, 8), (8, 6), (6, 14), (14, 11)]}, padri: [5, 8, 9, 11], figli: [], mosse: [(2, 2, 8, 6, 4), (2, 2, 6, 14, 12), (2, 2, 6, 14, 12), (2, 2, 8, 6, 4)]
trasportoPalletDiGamma: {3: [(10, 8), (13, 11), (15, 13), (12, 10), (9, 4), (16, 14)], 2: [(4, 2), (5, 3), (2, 12), (3, 1), (7, 5), (9, 3), (8, 6), (6, 4), (14, 12), (11, 9)]}
itMosseLS: 57, itMosseTS: 50
time elapsed: 391.65s.


