itNSIMax: 5, itMosseTSMax: 100.
##########################################################################################
s: 1
dictSolutions[1]:
0 -> costo: 105017.60000000002, rotte: {2: [(1, 14), (14, 8), (8, 11), (11, 2), (2, 16), (16, 12)], 3: [(1, 5), (5, 3), (3, 4), (4, 10), (10, 13), (13, 7), (7, 15), (15, 6), (6, 9), (9, 12)]}, padri: [-1], figli: [1], mosse: [-1]
1 -> costo: 79150.90000000002, rotte: {2: [(1, 14), (14, 8), (8, 2), (2, 16), (16, 12), (12, 11)], 3: [(1, 5), (5, 3), (3, 4), (4, 10), (10, 13), (13, 7), (7, 15), (15, 6), (6, 9), (9, 12)]}, padri: [0], figli: [2], mosse: [(2, 2, 12, 11, 9)]
2 -> costo: 76459.10000000002, rotte: {2: [(1, 14), (14, 8), (8, 2), (2, 16), (16, 12), (12, 11)], 3: [(1, 5), (5, 3), (3, 4), (4, 10), (10, 13), (13, 7), (7, 6), (6, 9), (9, 12), (12, 15)]}, padri: [1], figli: [3], mosse: [(3, 3, 12, 15, 13)]
3 -> costo: 74021.50000000001, rotte: {2: [(1, 14), (14, 2), (2, 16), (16, 12), (12, 8), (8, 11)], 3: [(1, 5), (5, 3), (3, 4), (4, 10), (10, 13), (13, 7), (7, 6), (6, 9), (9, 12), (12, 15)]}, padri: [2], figli: [4, 34, 35], mosse: [(2, 2, 12, 8, 6)]
4 -> costo: 70038.99999999999, rotte: {2: [(1, 2), (2, 16), (16, 12), (12, 8), (8, 14), (14, 11)], 3: [(1, 5), (5, 3), (3, 4), (4, 10), (10, 13), (13, 7), (7, 6), (6, 9), (9, 12), (12, 15)]}, padri: [3, 34], figli: [5, 15, 21, 25, 27, 36], mosse: [(2, 2, 8, 14, 12), (2, 2, 8, 14, 12)]
5 -> costo: 68779.59999999999, rotte: {2: [(1, 2), (2, 16), (16, 12), (12, 8), (8, 14), (14, 11)], 3: [(1, 5), (5, 3), (3, 4), (4, 10), (10, 13), (13, 6), (6, 7), (7, 9), (9, 12), (12, 15)]}, padri: [4, 27, 35], figli: [6, 8, 9, 16, 22, 26, 29, 37, 38, 40], mosse: [(3, 3, 6, 7, 5), (3, 3, 7, 9, 7), (2, 2, 8, 14, 12)]
6 -> costo: 68145.59999999999, rotte: {2: [(1, 2), (2, 16), (16, 12), (12, 8), (8, 14), (14, 11)], 3: [(1, 5), (5, 4), (4, 3), (3, 10), (10, 13), (13, 6), (6, 7), (7, 9), (9, 12), (12, 15)]}, padri: [5, 8, 21, 24, 37], figli: [7, 23], mosse: [(3, 3, 4, 3, 1), (3, 3, 4, 3, 1), (3, 3, 6, 7, 5), (3, 3, 7, 9, 7), (2, 2, 8, 14, 12)]
7 -> costo: 67060.9, rotte: {2: [(1, 2), (2, 16), (16, 12), (12, 8), (8, 14), (14, 11)], 3: [(1, 4), (4, 5), (5, 3), (3, 10), (10, 13), (13, 6), (6, 7), (7, 9), (9, 12), (12, 15)]}, padri: [6, 22, 23, 38], figli: [], mosse: [(3, 3, 4, 5, 3), (3, 3, 6, 7, 5), (3, 3, 7, 9, 7), (2, 2, 8, 14, 12)]
8 -> costo: 68220.5, rotte: {2: [(1, 2), (2, 16), (16, 12), (12, 8), (8, 14), (14, 11)], 3: [(1, 3), (3, 5), (5, 4), (4, 10), (10, 13), (13, 6), (6, 7), (7, 9), (9, 12), (12, 15)]}, padri: [5, 25, 26, 36], figli: [6, 22, 38], mosse: [(3, 3, 3, 5, 3), (3, 3, 6, 7, 5), (3, 3, 7, 9, 7), (2, 2, 8, 14, 12)]
9 -> costo: 68766.29999999999, rotte: {2: [(1, 2), (2, 16), (16, 12), (12, 8), (8, 14), (14, 11)], 3: [(1, 5), (5, 4), (4, 10), (10, 13), (13, 3), (3, 6), (6, 7), (7, 9), (9, 12), (12, 15)]}, padri: [5, 15, 28, 39], figli: [10, 12, 14, 17, 19, 30, 32, 41, 43], mosse: [(3, 3, 13, 3, 1), (3, 3, 6, 7, 5), (3, 3, 7, 9, 7), (2, 2, 8, 14, 12)]
10 -> costo: 68380.2, rotte: {2: [(1, 2), (2, 16), (16, 12), (12, 8), (8, 14), (14, 11)], 3: [(1, 4), (4, 5), (5, 10), (10, 13), (13, 3), (3, 6), (6, 7), (7, 9), (9, 12), (12, 15)]}, padri: [9, 16, 29, 40], figli: [11], mosse: [(3, 3, 4, 5, 3), (3, 3, 6, 7, 5), (3, 3, 7, 9, 7), (2, 2, 8, 14, 12)]
11 -> costo: 68379.2, rotte: {2: [(1, 2), (2, 16), (16, 12), (12, 8), (8, 14), (14, 11)], 3: [(1, 4), (4, 5), (5, 13), (13, 10), (10, 3), (3, 6), (6, 7), (7, 9), (9, 12), (12, 15)]}, padri: [10, 14, 17, 30, 41], figli: [], mosse: [(3, 3, 13, 10, 8), (3, 3, 4, 5, 3), (3, 3, 6, 7, 5), (3, 3, 7, 9, 7), (2, 2, 8, 14, 12)]
12 -> costo: 68570.7, rotte: {2: [(1, 2), (2, 16), (16, 12), (12, 8), (8, 14), (14, 11)], 3: [(1, 4), (4, 10), (10, 13), (13, 3), (3, 5), (5, 6), (6, 7), (7, 9), (9, 12), (12, 15)]}, padri: [9, 18, 31, 42], figli: [13], mosse: [(3, 3, 3, 5, 3), (3, 3, 6, 7, 5), (3, 3, 7, 9, 7), (2, 2, 8, 14, 12)]
13 -> costo: 68569.7, rotte: {2: [(1, 2), (2, 16), (16, 12), (12, 8), (8, 14), (14, 11)], 3: [(1, 4), (4, 13), (13, 10), (10, 3), (3, 5), (5, 6), (6, 7), (7, 9), (9, 12), (12, 15)]}, padri: [12, 14, 19, 32, 43], figli: [], mosse: [(3, 3, 13, 10, 8), (3, 3, 3, 5, 3), (3, 3, 6, 7, 5), (3, 3, 7, 9, 7), (2, 2, 8, 14, 12)]
14 -> costo: 68765.29999999999, rotte: {2: [(1, 2), (2, 16), (16, 12), (12, 8), (8, 14), (14, 11)], 3: [(1, 5), (5, 4), (4, 13), (13, 10), (10, 3), (3, 6), (6, 7), (7, 9), (9, 12), (12, 15)]}, padri: [9, 20, 33, 44], figli: [11, 13], mosse: [(3, 3, 13, 10, 8), (3, 3, 6, 7, 5), (3, 3, 7, 9, 7), (2, 2, 8, 14, 12)]
15 -> costo: 69314.69999999998, rotte: {2: [(1, 2), (2, 16), (16, 12), (12, 8), (8, 14), (14, 11)], 3: [(1, 5), (5, 4), (4, 10), (10, 13), (13, 3), (3, 7), (7, 6), (6, 9), (9, 12), (12, 15)]}, padri: [4, 21, 25, 45], figli: [9, 16, 18, 20, 29, 40], mosse: [(3, 3, 13, 3, 1), (3, 3, 13, 3, 1), (3, 3, 13, 3, 1), (2, 2, 8, 14, 12)]
16 -> costo: 68928.59999999999, rotte: {2: [(1, 2), (2, 16), (16, 12), (12, 8), (8, 14), (14, 11)], 3: [(1, 4), (4, 5), (5, 10), (10, 13), (13, 3), (3, 7), (7, 6), (6, 9), (9, 12), (12, 15)]}, padri: [15, 46], figli: [10, 17, 30, 41], mosse: [(3, 3, 4, 5, 3), (2, 2, 8, 14, 12)]
17 -> costo: 68927.59999999999, rotte: {2: [(1, 2), (2, 16), (16, 12), (12, 8), (8, 14), (14, 11)], 3: [(1, 4), (4, 5), (5, 13), (13, 10), (10, 3), (3, 7), (7, 6), (6, 9), (9, 12), (12, 15)]}, padri: [16, 20, 47], figli: [11], mosse: [(3, 3, 13, 10, 8), (3, 3, 4, 5, 3), (2, 2, 8, 14, 12)]
18 -> costo: 69119.09999999999, rotte: {2: [(1, 2), (2, 16), (16, 12), (12, 8), (8, 14), (14, 11)], 3: [(1, 4), (4, 10), (10, 13), (13, 3), (3, 5), (5, 7), (7, 6), (6, 9), (9, 12), (12, 15)]}, padri: [15, 48], figli: [12, 19, 32, 43], mosse: [(3, 3, 3, 5, 3), (2, 2, 8, 14, 12)]
19 -> costo: 69118.09999999999, rotte: {2: [(1, 2), (2, 16), (16, 12), (12, 8), (8, 14), (14, 11)], 3: [(1, 4), (4, 13), (13, 10), (10, 3), (3, 5), (5, 7), (7, 6), (6, 9), (9, 12), (12, 15)]}, padri: [18, 20, 49], figli: [13], mosse: [(3, 3, 13, 10, 8), (3, 3, 3, 5, 3), (2, 2, 8, 14, 12)]
20 -> costo: 69313.69999999998, rotte: {2: [(1, 2), (2, 16), (16, 12), (12, 8), (8, 14), (14, 11)], 3: [(1, 5), (5, 4), (4, 13), (13, 10), (10, 3), (3, 7), (7, 6), (6, 9), (9, 12), (12, 15)]}, padri: [15, 50], figli: [14, 17, 19], mosse: [(3, 3, 13, 10, 8), (2, 2, 8, 14, 12)]
21 -> costo: 69404.99999999999, rotte: {2: [(1, 2), (2, 16), (16, 12), (12, 8), (8, 14), (14, 11)], 3: [(1, 5), (5, 4), (4, 3), (3, 10), (10, 13), (13, 7), (7, 6), (6, 9), (9, 12), (12, 15)]}, padri: [4, 25], figli: [6, 22, 24, 15, 38], mosse: [(3, 3, 4, 3, 1), (3, 3, 4, 3, 1)]
22 -> costo: 68320.29999999999, rotte: {2: [(1, 2), (2, 16), (16, 12), (12, 8), (8, 14), (14, 11)], 3: [(1, 4), (4, 5), (5, 3), (3, 10), (10, 13), (13, 7), (7, 6), (6, 9), (9, 12), (12, 15)]}, padri: [21], figli: [7, 23], mosse: [(3, 3, 4, 5, 3)]
23 -> costo: 68093.8, rotte: {2: [(1, 2), (2, 16), (16, 12), (12, 8), (8, 14), (14, 11)], 3: [(1, 4), (4, 5), (5, 3), (3, 10), (10, 13), (13, 6), (6, 9), (9, 7), (7, 12), (12, 15)]}, padri: [22, 24], figli: [7], mosse: [(3, 3, 9, 7, 5), (3, 3, 4, 5, 3)]
24 -> costo: 69178.49999999999, rotte: {2: [(1, 2), (2, 16), (16, 12), (12, 8), (8, 14), (14, 11)], 3: [(1, 5), (5, 4), (4, 3), (3, 10), (10, 13), (13, 6), (6, 9), (9, 7), (7, 12), (12, 15)]}, padri: [21, 26, 27], figli: [23, 6, 38], mosse: [(3, 3, 9, 7, 5), (3, 3, 4, 3, 1), (3, 3, 4, 3, 1)]
25 -> costo: 69479.89999999998, rotte: {2: [(1, 2), (2, 16), (16, 12), (12, 8), (8, 14), (14, 11)], 3: [(1, 3), (3, 5), (5, 4), (4, 10), (10, 13), (13, 7), (7, 6), (6, 9), (9, 12), (12, 15)]}, padri: [4], figli: [8, 26, 15, 21, 28, 37], mosse: [(3, 3, 3, 5, 3)]
26 -> costo: 69253.4, rotte: {2: [(1, 2), (2, 16), (16, 12), (12, 8), (8, 14), (14, 11)], 3: [(1, 3), (3, 5), (5, 4), (4, 10), (10, 13), (13, 6), (6, 9), (9, 7), (7, 12), (12, 15)]}, padri: [25, 27], figli: [8, 24, 37], mosse: [(3, 3, 9, 7, 5), (3, 3, 3, 5, 3)]
27 -> costo: 69812.5, rotte: {2: [(1, 2), (2, 16), (16, 12), (12, 8), (8, 14), (14, 11)], 3: [(1, 5), (5, 3), (3, 4), (4, 10), (10, 13), (13, 6), (6, 9), (9, 7), (7, 12), (12, 15)]}, padri: [4], figli: [5, 24, 26, 28, 36], mosse: [(3, 3, 9, 7, 5)]
28 -> costo: 69799.2, rotte: {2: [(1, 2), (2, 16), (16, 12), (12, 8), (8, 14), (14, 11)], 3: [(1, 5), (5, 4), (4, 10), (10, 13), (13, 3), (3, 6), (6, 9), (9, 7), (7, 12), (12, 15)]}, padri: [27], figli: [9, 29, 31, 33, 40], mosse: [(3, 3, 13, 3, 1)]
29 -> costo: 69413.09999999999, rotte: {2: [(1, 2), (2, 16), (16, 12), (12, 8), (8, 14), (14, 11)], 3: [(1, 4), (4, 5), (5, 10), (10, 13), (13, 3), (3, 6), (6, 9), (9, 7), (7, 12), (12, 15)]}, padri: [28], figli: [10, 30, 41], mosse: [(3, 3, 4, 5, 3)]
30 -> costo: 69412.09999999999, rotte: {2: [(1, 2), (2, 16), (16, 12), (12, 8), (8, 14), (14, 11)], 3: [(1, 4), (4, 5), (5, 13), (13, 10), (10, 3), (3, 6), (6, 9), (9, 7), (7, 12), (12, 15)]}, padri: [29, 33], figli: [11], mosse: [(3, 3, 13, 10, 8), (3, 3, 4, 5, 3)]
31 -> costo: 69603.59999999999, rotte: {2: [(1, 2), (2, 16), (16, 12), (12, 8), (8, 14), (14, 11)], 3: [(1, 4), (4, 10), (10, 13), (13, 3), (3, 5), (5, 6), (6, 9), (9, 7), (7, 12), (12, 15)]}, padri: [28], figli: [12, 32, 43], mosse: [(3, 3, 3, 5, 3)]
32 -> costo: 69602.59999999999, rotte: {2: [(1, 2), (2, 16), (16, 12), (12, 8), (8, 14), (14, 11)], 3: [(1, 4), (4, 13), (13, 10), (10, 3), (3, 5), (5, 6), (6, 9), (9, 7), (7, 12), (12, 15)]}, padri: [31, 33], figli: [13], mosse: [(3, 3, 13, 10, 8), (3, 3, 3, 5, 3)]
33 -> costo: 69798.19999999998, rotte: {2: [(1, 2), (2, 16), (16, 12), (12, 8), (8, 14), (14, 11)], 3: [(1, 5), (5, 4), (4, 13), (13, 10), (10, 3), (3, 6), (6, 9), (9, 7), (7, 12), (12, 15)]}, padri: [28], figli: [14, 30, 32], mosse: [(3, 3, 13, 10, 8)]
34 -> costo: 72197.0, rotte: {2: [(1, 2), (2, 14), (14, 16), (16, 12), (12, 8), (8, 11)], 3: [(1, 5), (5, 3), (3, 4), (4, 10), (10, 13), (13, 7), (7, 6), (6, 9), (9, 12), (12, 15)]}, padri: [3], figli: [4, 35, 45], mosse: [(2, 2, 2, 14, 12)]
35 -> costo: 70937.6, rotte: {2: [(1, 2), (2, 14), (14, 16), (16, 12), (12, 8), (8, 11)], 3: [(1, 5), (5, 3), (3, 4), (4, 10), (10, 13), (13, 6), (6, 7), (7, 9), (9, 12), (12, 15)]}, padri: [34], figli: [5, 36, 39, 46], mosse: [(3, 3, 6, 7, 5)]
36 -> costo: 70378.50000000001, rotte: {2: [(1, 2), (2, 14), (14, 16), (16, 12), (12, 8), (8, 11)], 3: [(1, 3), (3, 5), (5, 4), (4, 10), (10, 13), (13, 6), (6, 7), (7, 9), (9, 12), (12, 15)]}, padri: [35], figli: [8, 37], mosse: [(3, 3, 3, 5, 3)]
37 -> costo: 70303.6, rotte: {2: [(1, 2), (2, 14), (14, 16), (16, 12), (12, 8), (8, 11)], 3: [(1, 5), (5, 4), (4, 3), (3, 10), (10, 13), (13, 6), (6, 7), (7, 9), (9, 12), (12, 15)]}, padri: [36], figli: [6, 38], mosse: [(3, 3, 4, 3, 1)]
38 -> costo: 69218.90000000001, rotte: {2: [(1, 2), (2, 14), (14, 16), (16, 12), (12, 8), (8, 11)], 3: [(1, 4), (4, 5), (5, 3), (3, 10), (10, 13), (13, 6), (6, 7), (7, 9), (9, 12), (12, 15)]}, padri: [37], figli: [7], mosse: [(3, 3, 4, 5, 3)]
39 -> costo: 70924.3, rotte: {2: [(1, 2), (2, 14), (14, 16), (16, 12), (12, 8), (8, 11)], 3: [(1, 5), (5, 4), (4, 10), (10, 13), (13, 3), (3, 6), (6, 7), (7, 9), (9, 12), (12, 15)]}, padri: [35, 45], figli: [9, 40, 42, 44, 47, 49], mosse: [(3, 3, 13, 3, 1), (3, 3, 6, 7, 5)]
40 -> costo: 70538.20000000001, rotte: {2: [(1, 2), (2, 14), (14, 16), (16, 12), (12, 8), (8, 11)], 3: [(1, 4), (4, 5), (5, 10), (10, 13), (13, 3), (3, 6), (6, 7), (7, 9), (9, 12), (12, 15)]}, padri: [39, 46], figli: [10, 41], mosse: [(3, 3, 4, 5, 3), (3, 3, 6, 7, 5)]
41 -> costo: 70537.2, rotte: {2: [(1, 2), (2, 14), (14, 16), (16, 12), (12, 8), (8, 11)], 3: [(1, 4), (4, 5), (5, 13), (13, 10), (10, 3), (3, 6), (6, 7), (7, 9), (9, 12), (12, 15)]}, padri: [40, 44, 47], figli: [11], mosse: [(3, 3, 13, 10, 8), (3, 3, 4, 5, 3), (3, 3, 6, 7, 5)]
42 -> costo: 70728.70000000001, rotte: {2: [(1, 2), (2, 14), (14, 16), (16, 12), (12, 8), (8, 11)], 3: [(1, 4), (4, 10), (10, 13), (13, 3), (3, 5), (5, 6), (6, 7), (7, 9), (9, 12), (12, 15)]}, padri: [39, 48], figli: [12, 43], mosse: [(3, 3, 3, 5, 3), (3, 3, 6, 7, 5)]
43 -> costo: 70727.7, rotte: {2: [(1, 2), (2, 14), (14, 16), (16, 12), (12, 8), (8, 11)], 3: [(1, 4), (4, 13), (13, 10), (10, 3), (3, 5), (5, 6), (6, 7), (7, 9), (9, 12), (12, 15)]}, padri: [42, 44, 49], figli: [13], mosse: [(3, 3, 13, 10, 8), (3, 3, 3, 5, 3), (3, 3, 6, 7, 5)]
44 -> costo: 70923.29999999999, rotte: {2: [(1, 2), (2, 14), (14, 16), (16, 12), (12, 8), (8, 11)], 3: [(1, 5), (5, 4), (4, 13), (13, 10), (10, 3), (3, 6), (6, 7), (7, 9), (9, 12), (12, 15)]}, padri: [39], figli: [14, 41, 43], mosse: [(3, 3, 13, 10, 8)]
45 -> costo: 71472.70000000001, rotte: {2: [(1, 2), (2, 14), (14, 16), (16, 12), (12, 8), (8, 11)], 3: [(1, 5), (5, 4), (4, 10), (10, 13), (13, 3), (3, 7), (7, 6), (6, 9), (9, 12), (12, 15)]}, padri: [34], figli: [15, 39, 46, 48, 50], mosse: [(3, 3, 13, 3, 1)]
46 -> costo: 71086.6, rotte: {2: [(1, 2), (2, 14), (14, 16), (16, 12), (12, 8), (8, 11)], 3: [(1, 4), (4, 5), (5, 10), (10, 13), (13, 3), (3, 7), (7, 6), (6, 9), (9, 12), (12, 15)]}, padri: [45], figli: [16, 40, 47], mosse: [(3, 3, 4, 5, 3)]
47 -> costo: 71085.59999999999, rotte: {2: [(1, 2), (2, 14), (14, 16), (16, 12), (12, 8), (8, 11)], 3: [(1, 4), (4, 5), (5, 13), (13, 10), (10, 3), (3, 7), (7, 6), (6, 9), (9, 12), (12, 15)]}, padri: [46], figli: [17, 41], mosse: [(3, 3, 13, 10, 8)]
48 -> costo: 71277.1, rotte: {2: [(1, 2), (2, 14), (14, 16), (16, 12), (12, 8), (8, 11)], 3: [(1, 4), (4, 10), (10, 13), (13, 3), (3, 5), (5, 7), (7, 6), (6, 9), (9, 12), (12, 15)]}, padri: [45], figli: [18, 42, 49], mosse: [(3, 3, 3, 5, 3)]
49 -> costo: 71276.09999999999, rotte: {2: [(1, 2), (2, 14), (14, 16), (16, 12), (12, 8), (8, 11)], 3: [(1, 4), (4, 13), (13, 10), (10, 3), (3, 5), (5, 7), (7, 6), (6, 9), (9, 12), (12, 15)]}, padri: [48], figli: [19, 43], mosse: [(3, 3, 13, 10, 8)]
50 -> costo: 71471.7, rotte: {2: [(1, 2), (2, 14), (14, 16), (16, 12), (12, 8), (8, 11)], 3: [(1, 5), (5, 4), (4, 13), (13, 10), (10, 3), (3, 7), (7, 6), (6, 9), (9, 12), (12, 15)]}, padri: [45], figli: [20], mosse: [(3, 3, 13, 10, 8)]
bestSolutionIndice: 7
7 -> costo: 67060.9, rotte: {2: [(1, 2), (2, 16), (16, 12), (12, 8), (8, 14), (14, 11)], 3: [(1, 4), (4, 5), (5, 3), (3, 10), (10, 13), (13, 6), (6, 7), (7, 9), (9, 12), (12, 15)]}, padri: [6, 22, 23, 38], figli: [], mosse: [(3, 3, 4, 5, 3), (3, 3, 6, 7, 5), (3, 3, 7, 9, 7), (2, 2, 8, 14, 12)]
trasportoPalletDiGamma: {2: [(2, 12), (16, 14), (12, 7), (8, 6), (14, 12), (11, 9)], 3: [(4, 2), (5, 3), (3, 1), (10, 8), (13, 11), (6, 4), (7, 5), (9, 7), (12, 3), (15, 13)]}
itMosseLS: 107, itMosseTS: 100
time elapsed: 989.44s.


##########################################################################################
s: 1
dictSolutions[1]:
0 -> costo: 107825.60000000002, rotte: {2: [(1, 13), (13, 12), (12, 10), (10, 6), (6, 15), (15, 11), (11, 7)], 3: [(1, 5), (5, 2), (2, 14), (14, 16), (16, 8), (8, 3), (3, 4), (4, 9)]}, padri: [-1], figli: [1], mosse: [-1]
1 -> costo: 79190.00000000001, rotte: {2: [(1, 13), (13, 7), (7, 12), (12, 10), (10, 6), (6, 15), (15, 11)], 3: [(1, 5), (5, 2), (2, 14), (14, 16), (16, 8), (8, 3), (3, 4), (4, 9)]}, padri: [0], figli: [2], mosse: [(2, 2, 13, 7, 5)]
2 -> costo: 74667.70000000001, rotte: {2: [(1, 13), (13, 7), (7, 12), (12, 10), (10, 6), (6, 15), (15, 11)], 3: [(1, 5), (5, 2), (2, 14), (14, 8), (8, 3), (3, 4), (4, 9), (9, 16)]}, padri: [1], figli: [3], mosse: [(3, 3, 9, 16, 14)]
3 -> costo: 71783.1, rotte: {2: [(1, 13), (13, 7), (7, 12), (12, 6), (6, 15), (15, 10), (10, 11)], 3: [(1, 5), (5, 2), (2, 14), (14, 8), (8, 3), (3, 4), (4, 9), (9, 16)]}, padri: [2], figli: [4], mosse: [(2, 2, 15, 10, 8)]
4 -> costo: 70218.2, rotte: {2: [(1, 13), (13, 7), (7, 12), (12, 15), (15, 6), (6, 10), (10, 11)], 3: [(1, 5), (5, 2), (2, 14), (14, 8), (8, 3), (3, 4), (4, 9), (9, 16)]}, padri: [3], figli: [5], mosse: [(2, 2, 15, 6, 4)]
5 -> costo: 68941.6, rotte: {2: [(1, 7), (7, 12), (12, 15), (15, 6), (6, 13), (13, 10), (10, 11)], 3: [(1, 5), (5, 2), (2, 14), (14, 8), (8, 3), (3, 4), (4, 9), (9, 16)]}, padri: [4], figli: [6, 13], mosse: [(2, 2, 6, 13, 11)]
6 -> costo: 67719.1, rotte: {2: [(1, 7), (7, 12), (12, 15), (15, 6), (6, 13), (13, 10), (10, 11)], 3: [(1, 5), (5, 2), (2, 14), (14, 3), (3, 4), (4, 8), (8, 9), (9, 16)]}, padri: [5], figli: [7, 9, 10, 16], mosse: [(3, 3, 4, 8, 6)]
7 -> costo: 65283.6, rotte: {2: [(1, 7), (7, 12), (12, 15), (15, 6), (6, 13), (13, 10), (10, 11)], 3: [(1, 5), (5, 2), (2, 3), (3, 4), (4, 14), (14, 8), (8, 9), (9, 16)]}, padri: [6, 9, 12], figli: [8, 11], mosse: [(3, 3, 4, 14, 12), (3, 3, 14, 8, 6), (3, 3, 8, 9, 7)]
8 -> costo: 64388.5, rotte: {2: [(1, 7), (7, 12), (12, 15), (15, 6), (6, 13), (13, 10), (10, 11)], 3: [(1, 5), (5, 2), (2, 4), (4, 3), (3, 14), (14, 8), (8, 9), (9, 16)]}, padri: [7, 10, 11], figli: [], mosse: [(3, 3, 4, 3, 1), (3, 3, 14, 8, 6), (3, 3, 8, 9, 7)]
9 -> costo: 66871.1, rotte: {2: [(1, 7), (7, 12), (12, 15), (15, 6), (6, 13), (13, 10), (10, 11)], 3: [(1, 5), (5, 2), (2, 3), (3, 4), (4, 8), (8, 14), (14, 9), (9, 16)]}, padri: [6, 14], figli: [7, 10, 12, 14], mosse: [(3, 3, 8, 14, 12), (3, 3, 14, 9, 7)]
10 -> costo: 65976.0, rotte: {2: [(1, 7), (7, 12), (12, 15), (15, 6), (6, 13), (13, 10), (10, 11)], 3: [(1, 5), (5, 2), (2, 4), (4, 3), (3, 8), (8, 14), (14, 9), (9, 16)]}, padri: [9, 15], figli: [8, 11], mosse: [(3, 3, 4, 3, 1), (3, 3, 14, 9, 7)]
11 -> costo: 65484.99999999999, rotte: {2: [(1, 7), (7, 12), (12, 15), (15, 6), (6, 13), (13, 10), (10, 11)], 3: [(1, 5), (5, 2), (2, 4), (4, 3), (3, 14), (14, 9), (9, 8), (8, 16)]}, padri: [10, 12], figli: [8], mosse: [(3, 3, 9, 8, 6), (3, 3, 4, 3, 1)]
12 -> costo: 66380.09999999999, rotte: {2: [(1, 7), (7, 12), (12, 15), (15, 6), (6, 13), (13, 10), (10, 11)], 3: [(1, 5), (5, 2), (2, 3), (3, 4), (4, 14), (14, 9), (9, 8), (8, 16)]}, padri: [9, 13], figli: [7, 11], mosse: [(3, 3, 9, 8, 6), (3, 3, 4, 14, 12)]
13 -> costo: 68411.9, rotte: {2: [(1, 7), (7, 12), (12, 15), (15, 6), (6, 13), (13, 10), (10, 11)], 3: [(1, 5), (5, 2), (2, 14), (14, 3), (3, 4), (4, 9), (9, 8), (8, 16)]}, padri: [5], figli: [12, 14], mosse: [(3, 3, 9, 8, 6)]
14 -> costo: 67563.9, rotte: {2: [(1, 7), (7, 12), (12, 15), (15, 6), (6, 13), (13, 10), (10, 11)], 3: [(1, 5), (5, 2), (2, 3), (3, 4), (4, 9), (9, 8), (8, 14), (14, 16)]}, padri: [13], figli: [15, 9, 16], mosse: [(3, 3, 8, 14, 12)]
15 -> costo: 66690.0, rotte: {2: [(1, 7), (7, 12), (12, 15), (15, 6), (6, 13), (13, 10), (10, 11)], 3: [(1, 5), (5, 2), (2, 4), (4, 3), (3, 9), (9, 8), (8, 14), (14, 16)]}, padri: [14], figli: [10], mosse: [(3, 3, 4, 3, 1)]
16 -> costo: 67484.7, rotte: {2: [(1, 7), (7, 12), (12, 15), (15, 6), (6, 13), (13, 10), (10, 11)], 3: [(1, 2), (2, 3), (3, 4), (4, 5), (5, 9), (9, 8), (8, 14), (14, 16)]}, padri: [14], figli: [17], mosse: [(3, 3, 4, 5, 3)]
17 -> costo: 66719.6, rotte: {2: [(1, 7), (7, 12), (12, 15), (15, 6), (6, 13), (13, 10), (10, 11)], 3: [(1, 2), (2, 4), (4, 5), (5, 3), (3, 9), (9, 8), (8, 14), (14, 16)]}, padri: [16], figli: [18, 22, 27, 76], mosse: [(3, 3, 5, 3, 1)]
18 -> costo: 65605.3, rotte: {2: [(1, 7), (7, 12), (12, 15), (15, 6), (6, 13), (13, 10), (10, 11)], 3: [(1, 4), (4, 2), (2, 5), (5, 3), (3, 9), (9, 8), (8, 14), (14, 16)]}, padri: [17, 82], figli: [19, 36, 40], mosse: [(3, 3, 4, 2, 12), (3, 3, 5, 3, 1)]
19 -> costo: 64891.299999999996, rotte: {2: [(1, 7), (7, 12), (12, 15), (15, 6), (6, 13), (13, 10), (10, 11)], 3: [(1, 4), (4, 2), (2, 5), (5, 3), (3, 8), (8, 14), (14, 9), (9, 16)]}, padri: [18, 27, 59], figli: [20, 21, 29, 30, 41], mosse: [(3, 3, 14, 9, 7), (3, 3, 4, 2, 12), (3, 3, 5, 3, 1)]
20 -> costo: 63303.8, rotte: {2: [(1, 7), (7, 12), (12, 15), (15, 6), (6, 13), (13, 10), (10, 11)], 3: [(1, 4), (4, 2), (2, 5), (5, 3), (3, 14), (14, 8), (8, 9), (9, 16)]}, padri: [19, 21, 28, 32], figli: [], mosse: [(3, 3, 14, 8, 6), (3, 3, 8, 9, 7), (3, 3, 4, 2, 12), (3, 3, 5, 3, 1)]
21 -> costo: 64400.299999999996, rotte: {2: [(1, 7), (7, 12), (12, 15), (15, 6), (6, 13), (13, 10), (10, 11)], 3: [(1, 4), (4, 2), (2, 5), (5, 3), (3, 14), (14, 9), (9, 8), (8, 16)]}, padri: [19, 40, 46], figli: [20, 29, 30], mosse: [(3, 3, 9, 8, 6), (3, 3, 4, 2, 12), (3, 3, 5, 3, 1)]
22 -> costo: 65605.3, rotte: {2: [(1, 7), (7, 12), (12, 15), (15, 6), (6, 13), (13, 10), (10, 11)], 3: [(1, 4), (4, 5), (5, 2), (2, 3), (3, 9), (9, 8), (8, 14), (14, 16)]}, padri: [17], figli: [23], mosse: [(3, 3, 5, 2, 12)]
23 -> costo: 64891.299999999996, rotte: {2: [(1, 7), (7, 12), (12, 15), (15, 6), (6, 13), (13, 10), (10, 11)], 3: [(1, 4), (4, 5), (5, 2), (2, 3), (3, 8), (8, 14), (14, 9), (9, 16)]}, padri: [22], figli: [24, 25], mosse: [(3, 3, 14, 9, 7)]
24 -> costo: 63303.8, rotte: {2: [(1, 7), (7, 12), (12, 15), (15, 6), (6, 13), (13, 10), (10, 11)], 3: [(1, 4), (4, 5), (5, 2), (2, 3), (3, 14), (14, 8), (8, 9), (9, 16)]}, padri: [23], figli: [], mosse: [(3, 3, 14, 8, 6)]
25 -> costo: 64400.299999999996, rotte: {2: [(1, 7), (7, 12), (12, 15), (15, 6), (6, 13), (13, 10), (10, 11)], 3: [(1, 4), (4, 5), (5, 2), (2, 3), (3, 14), (14, 9), (9, 8), (8, 16)]}, padri: [23], figli: [26], mosse: [(3, 3, 9, 8, 6)]
26 -> costo: 63303.8, rotte: {2: [(1, 7), (7, 12), (12, 15), (15, 6), (6, 13), (13, 10), (10, 11)], 3: [(1, 4), (4, 5), (5, 2), (2, 3), (3, 14), (14, 8), (8, 9), (9, 16)]}, padri: [25], figli: [], mosse: [(3, 3, 8, 9, 7)]
27 -> costo: 66005.6, rotte: {2: [(1, 7), (7, 12), (12, 15), (15, 6), (6, 13), (13, 10), (10, 11)], 3: [(1, 2), (2, 4), (4, 5), (5, 3), (3, 8), (8, 14), (14, 9), (9, 16)]}, padri: [17], figli: [28, 19, 36, 40, 43, 54, 72, 82], mosse: [(3, 3, 14, 9, 7)]
28 -> costo: 64418.100000000006, rotte: {2: [(1, 7), (7, 12), (12, 15), (15, 6), (6, 13), (13, 10), (10, 11)], 3: [(1, 2), (2, 4), (4, 5), (5, 3), (3, 14), (14, 8), (8, 9), (9, 16)]}, padri: [27, 40], figli: [20, 29, 30, 35, 44, 46, 55], mosse: [(3, 3, 14, 8, 6), (3, 3, 8, 9, 7)]
29 -> costo: 63303.8, rotte: {2: [(1, 7), (7, 12), (12, 15), (15, 6), (6, 13), (13, 10), (10, 11)], 3: [(1, 4), (4, 5), (5, 2), (2, 3), (3, 14), (14, 8), (8, 9), (9, 16)]}, padri: [19, 21, 28], figli: [], mosse: [(3, 3, 5, 2, 12)]
30 -> costo: 64222.50000000001, rotte: {2: [(1, 7), (7, 12), (12, 15), (15, 6), (6, 13), (13, 10), (10, 11)], 3: [(1, 4), (4, 5), (5, 3), (3, 2), (2, 14), (14, 8), (8, 9), (9, 16)]}, padri: [28, 43, 54], figli: [31, 32, 33], mosse: [(3, 3, 3, 2, 12), (3, 3, 8, 9, 7), (3, 3, 14, 8, 6)]
31 -> costo: 63303.8, rotte: {2: [(1, 7), (7, 12), (12, 15), (15, 6), (6, 13), (13, 10), (10, 11)], 3: [(1, 4), (4, 5), (5, 2), (2, 3), (3, 14), (14, 8), (8, 9), (9, 16)]}, padri: [30], figli: [], mosse: [(3, 3, 2, 3, 1)]
32 -> costo: 64192.9, rotte: {2: [(1, 7), (7, 12), (12, 15), (15, 6), (6, 13), (13, 10), (10, 11)], 3: [(1, 4), (4, 3), (3, 2), (2, 5), (5, 14), (14, 8), (8, 9), (9, 16)]}, padri: [30, 46, 59], figli: [20], mosse: [(3, 3, 2, 5, 3), (3, 3, 8, 9, 7), (3, 3, 14, 8, 6)]
33 -> costo: 64192.9, rotte: {2: [(1, 7), (7, 12), (12, 15), (15, 6), (6, 13), (13, 10), (10, 11)], 3: [(1, 4), (4, 3), (3, 5), (5, 2), (2, 14), (14, 8), (8, 9), (9, 16)]}, padri: [30], figli: [34], mosse: [(3, 3, 3, 5, 3)]
34 -> costo: 63303.8, rotte: {2: [(1, 7), (7, 12), (12, 15), (15, 6), (6, 13), (13, 10), (10, 11)], 3: [(1, 4), (4, 5), (5, 2), (2, 3), (3, 14), (14, 8), (8, 9), (9, 16)]}, padri: [33], figli: [], mosse: [(3, 3, 2, 3, 1)]
35 -> costo: 64388.5, rotte: {2: [(1, 7), (7, 12), (12, 15), (15, 6), (6, 13), (13, 10), (10, 11)], 3: [(1, 2), (2, 5), (5, 4), (4, 3), (3, 14), (14, 8), (8, 9), (9, 16)]}, padri: [28], figli: [], mosse: [(3, 3, 5, 4, 2)]
36 -> costo: 64891.299999999996, rotte: {2: [(1, 7), (7, 12), (12, 15), (15, 6), (6, 13), (13, 10), (10, 11)], 3: [(1, 4), (4, 5), (5, 2), (2, 3), (3, 8), (8, 14), (14, 9), (9, 16)]}, padri: [18, 27], figli: [37, 38], mosse: [(3, 3, 5, 2, 12)]
37 -> costo: 63303.8, rotte: {2: [(1, 7), (7, 12), (12, 15), (15, 6), (6, 13), (13, 10), (10, 11)], 3: [(1, 4), (4, 5), (5, 2), (2, 3), (3, 14), (14, 8), (8, 9), (9, 16)]}, padri: [36], figli: [], mosse: [(3, 3, 14, 8, 6)]
38 -> costo: 64400.299999999996, rotte: {2: [(1, 7), (7, 12), (12, 15), (15, 6), (6, 13), (13, 10), (10, 11)], 3: [(1, 4), (4, 5), (5, 2), (2, 3), (3, 14), (14, 9), (9, 8), (8, 16)]}, padri: [36], figli: [39], mosse: [(3, 3, 9, 8, 6)]
39 -> costo: 63303.8, rotte: {2: [(1, 7), (7, 12), (12, 15), (15, 6), (6, 13), (13, 10), (10, 11)], 3: [(1, 4), (4, 5), (5, 2), (2, 3), (3, 14), (14, 8), (8, 9), (9, 16)]}, padri: [38], figli: [], mosse: [(3, 3, 8, 9, 7)]
40 -> costo: 65514.6, rotte: {2: [(1, 7), (7, 12), (12, 15), (15, 6), (6, 13), (13, 10), (10, 11)], 3: [(1, 2), (2, 4), (4, 5), (5, 3), (3, 14), (14, 9), (9, 8), (8, 16)]}, padri: [27], figli: [21, 41, 28, 43, 52, 59], mosse: [(3, 3, 9, 8, 6)]
41 -> costo: 64400.299999999996, rotte: {2: [(1, 7), (7, 12), (12, 15), (15, 6), (6, 13), (13, 10), (10, 11)], 3: [(1, 4), (4, 5), (5, 2), (2, 3), (3, 14), (14, 9), (9, 8), (8, 16)]}, padri: [19, 40], figli: [42], mosse: [(3, 3, 5, 2, 12)]
42 -> costo: 63303.8, rotte: {2: [(1, 7), (7, 12), (12, 15), (15, 6), (6, 13), (13, 10), (10, 11)], 3: [(1, 4), (4, 5), (5, 2), (2, 3), (3, 14), (14, 8), (8, 9), (9, 16)]}, padri: [41], figli: [], mosse: [(3, 3, 8, 9, 7)]
43 -> costo: 65319.0, rotte: {2: [(1, 7), (7, 12), (12, 15), (15, 6), (6, 13), (13, 10), (10, 11)], 3: [(1, 4), (4, 5), (5, 3), (3, 2), (2, 14), (14, 9), (9, 8), (8, 16)]}, padri: [40, 54], figli: [30, 44, 46, 47, 55], mosse: [(3, 3, 3, 2, 12), (3, 3, 9, 8, 6)]
44 -> costo: 64400.299999999996, rotte: {2: [(1, 7), (7, 12), (12, 15), (15, 6), (6, 13), (13, 10), (10, 11)], 3: [(1, 4), (4, 5), (5, 2), (2, 3), (3, 14), (14, 9), (9, 8), (8, 16)]}, padri: [28, 43], figli: [45], mosse: [(3, 3, 2, 3, 1)]
45 -> costo: 63303.8, rotte: {2: [(1, 7), (7, 12), (12, 15), (15, 6), (6, 13), (13, 10), (10, 11)], 3: [(1, 4), (4, 5), (5, 2), (2, 3), (3, 14), (14, 8), (8, 9), (9, 16)]}, padri: [44], figli: [], mosse: [(3, 3, 8, 9, 7)]
46 -> costo: 65289.399999999994, rotte: {2: [(1, 7), (7, 12), (12, 15), (15, 6), (6, 13), (13, 10), (10, 11)], 3: [(1, 4), (4, 3), (3, 2), (2, 5), (5, 14), (14, 9), (9, 8), (8, 16)]}, padri: [43, 59], figli: [32, 21], mosse: [(3, 3, 2, 5, 3), (3, 3, 9, 8, 6)]
47 -> costo: 65289.399999999994, rotte: {2: [(1, 7), (7, 12), (12, 15), (15, 6), (6, 13), (13, 10), (10, 11)], 3: [(1, 4), (4, 3), (3, 5), (5, 2), (2, 14), (14, 9), (9, 8), (8, 16)]}, padri: [43], figli: [48, 50], mosse: [(3, 3, 3, 5, 3)]
48 -> costo: 64192.9, rotte: {2: [(1, 7), (7, 12), (12, 15), (15, 6), (6, 13), (13, 10), (10, 11)], 3: [(1, 4), (4, 3), (3, 5), (5, 2), (2, 14), (14, 8), (8, 9), (9, 16)]}, padri: [47], figli: [49], mosse: [(3, 3, 8, 9, 7)]
49 -> costo: 63303.8, rotte: {2: [(1, 7), (7, 12), (12, 15), (15, 6), (6, 13), (13, 10), (10, 11)], 3: [(1, 4), (4, 5), (5, 2), (2, 3), (3, 14), (14, 8), (8, 9), (9, 16)]}, padri: [48], figli: [], mosse: [(3, 3, 2, 3, 1)]
50 -> costo: 64400.299999999996, rotte: {2: [(1, 7), (7, 12), (12, 15), (15, 6), (6, 13), (13, 10), (10, 11)], 3: [(1, 4), (4, 5), (5, 2), (2, 3), (3, 14), (14, 9), (9, 8), (8, 16)]}, padri: [47], figli: [51], mosse: [(3, 3, 2, 3, 1)]
51 -> costo: 63303.8, rotte: {2: [(1, 7), (7, 12), (12, 15), (15, 6), (6, 13), (13, 10), (10, 11)], 3: [(1, 4), (4, 5), (5, 2), (2, 3), (3, 14), (14, 8), (8, 9), (9, 16)]}, padri: [50], figli: [], mosse: [(3, 3, 8, 9, 7)]
52 -> costo: 65484.99999999999, rotte: {2: [(1, 7), (7, 12), (12, 15), (15, 6), (6, 13), (13, 10), (10, 11)], 3: [(1, 2), (2, 5), (5, 4), (4, 3), (3, 14), (14, 9), (9, 8), (8, 16)]}, padri: [40], figli: [53], mosse: [(3, 3, 5, 4, 2)]
53 -> costo: 64388.5, rotte: {2: [(1, 7), (7, 12), (12, 15), (15, 6), (6, 13), (13, 10), (10, 11)], 3: [(1, 2), (2, 5), (5, 4), (4, 3), (3, 14), (14, 8), (8, 9), (9, 16)]}, padri: [52], figli: [], mosse: [(3, 3, 8, 9, 7)]
54 -> costo: 65810.0, rotte: {2: [(1, 7), (7, 12), (12, 15), (15, 6), (6, 13), (13, 10), (10, 11)], 3: [(1, 4), (4, 5), (5, 3), (3, 2), (2, 8), (8, 14), (14, 9), (9, 16)]}, padri: [27, 76], figli: [30, 55, 43, 59, 60], mosse: [(3, 3, 3, 2, 12), (3, 3, 14, 9, 7)]
55 -> costo: 64891.299999999996, rotte: {2: [(1, 7), (7, 12), (12, 15), (15, 6), (6, 13), (13, 10), (10, 11)], 3: [(1, 4), (4, 5), (5, 2), (2, 3), (3, 8), (8, 14), (14, 9), (9, 16)]}, padri: [28, 43, 54], figli: [56, 57], mosse: [(3, 3, 2, 3, 1)]
56 -> costo: 63303.8, rotte: {2: [(1, 7), (7, 12), (12, 15), (15, 6), (6, 13), (13, 10), (10, 11)], 3: [(1, 4), (4, 5), (5, 2), (2, 3), (3, 14), (14, 8), (8, 9), (9, 16)]}, padri: [55], figli: [], mosse: [(3, 3, 14, 8, 6)]
57 -> costo: 64400.299999999996, rotte: {2: [(1, 7), (7, 12), (12, 15), (15, 6), (6, 13), (13, 10), (10, 11)], 3: [(1, 4), (4, 5), (5, 2), (2, 3), (3, 14), (14, 9), (9, 8), (8, 16)]}, padri: [55], figli: [58], mosse: [(3, 3, 9, 8, 6)]
58 -> costo: 63303.8, rotte: {2: [(1, 7), (7, 12), (12, 15), (15, 6), (6, 13), (13, 10), (10, 11)], 3: [(1, 4), (4, 5), (5, 2), (2, 3), (3, 14), (14, 8), (8, 9), (9, 16)]}, padri: [57], figli: [], mosse: [(3, 3, 8, 9, 7)]
59 -> costo: 65780.4, rotte: {2: [(1, 7), (7, 12), (12, 15), (15, 6), (6, 13), (13, 10), (10, 11)], 3: [(1, 4), (4, 3), (3, 2), (2, 5), (5, 8), (8, 14), (14, 9), (9, 16)]}, padri: [54, 82], figli: [32, 19, 46], mosse: [(3, 3, 2, 5, 3), (3, 3, 14, 9, 7)]
60 -> costo: 65780.4, rotte: {2: [(1, 7), (7, 12), (12, 15), (15, 6), (6, 13), (13, 10), (10, 11)], 3: [(1, 4), (4, 3), (3, 5), (5, 2), (2, 8), (8, 14), (14, 9), (9, 16)]}, padri: [54], figli: [61, 63, 67], mosse: [(3, 3, 3, 5, 3)]
61 -> costo: 64192.9, rotte: {2: [(1, 7), (7, 12), (12, 15), (15, 6), (6, 13), (13, 10), (10, 11)], 3: [(1, 4), (4, 3), (3, 5), (5, 2), (2, 14), (14, 8), (8, 9), (9, 16)]}, padri: [60], figli: [62], mosse: [(3, 3, 14, 8, 6)]
62 -> costo: 63303.8, rotte: {2: [(1, 7), (7, 12), (12, 15), (15, 6), (6, 13), (13, 10), (10, 11)], 3: [(1, 4), (4, 5), (5, 2), (2, 3), (3, 14), (14, 8), (8, 9), (9, 16)]}, padri: [61], figli: [], mosse: [(3, 3, 2, 3, 1)]
63 -> costo: 64891.299999999996, rotte: {2: [(1, 7), (7, 12), (12, 15), (15, 6), (6, 13), (13, 10), (10, 11)], 3: [(1, 4), (4, 5), (5, 2), (2, 3), (3, 8), (8, 14), (14, 9), (9, 16)]}, padri: [60], figli: [64, 65], mosse: [(3, 3, 2, 3, 1)]
64 -> costo: 63303.8, rotte: {2: [(1, 7), (7, 12), (12, 15), (15, 6), (6, 13), (13, 10), (10, 11)], 3: [(1, 4), (4, 5), (5, 2), (2, 3), (3, 14), (14, 8), (8, 9), (9, 16)]}, padri: [63], figli: [], mosse: [(3, 3, 14, 8, 6)]
65 -> costo: 64400.299999999996, rotte: {2: [(1, 7), (7, 12), (12, 15), (15, 6), (6, 13), (13, 10), (10, 11)], 3: [(1, 4), (4, 5), (5, 2), (2, 3), (3, 14), (14, 9), (9, 8), (8, 16)]}, padri: [63], figli: [66], mosse: [(3, 3, 9, 8, 6)]
66 -> costo: 63303.8, rotte: {2: [(1, 7), (7, 12), (12, 15), (15, 6), (6, 13), (13, 10), (10, 11)], 3: [(1, 4), (4, 5), (5, 2), (2, 3), (3, 14), (14, 8), (8, 9), (9, 16)]}, padri: [65], figli: [], mosse: [(3, 3, 8, 9, 7)]
67 -> costo: 65289.399999999994, rotte: {2: [(1, 7), (7, 12), (12, 15), (15, 6), (6, 13), (13, 10), (10, 11)], 3: [(1, 4), (4, 3), (3, 5), (5, 2), (2, 14), (14, 9), (9, 8), (8, 16)]}, padri: [60], figli: [68, 70], mosse: [(3, 3, 9, 8, 6)]
68 -> costo: 64192.9, rotte: {2: [(1, 7), (7, 12), (12, 15), (15, 6), (6, 13), (13, 10), (10, 11)], 3: [(1, 4), (4, 3), (3, 5), (5, 2), (2, 14), (14, 8), (8, 9), (9, 16)]}, padri: [67], figli: [69], mosse: [(3, 3, 8, 9, 7)]
69 -> costo: 63303.8, rotte: {2: [(1, 7), (7, 12), (12, 15), (15, 6), (6, 13), (13, 10), (10, 11)], 3: [(1, 4), (4, 5), (5, 2), (2, 3), (3, 14), (14, 8), (8, 9), (9, 16)]}, padri: [68], figli: [], mosse: [(3, 3, 2, 3, 1)]
70 -> costo: 64400.299999999996, rotte: {2: [(1, 7), (7, 12), (12, 15), (15, 6), (6, 13), (13, 10), (10, 11)], 3: [(1, 4), (4, 5), (5, 2), (2, 3), (3, 14), (14, 9), (9, 8), (8, 16)]}, padri: [67], figli: [71], mosse: [(3, 3, 2, 3, 1)]
71 -> costo: 63303.8, rotte: {2: [(1, 7), (7, 12), (12, 15), (15, 6), (6, 13), (13, 10), (10, 11)], 3: [(1, 4), (4, 5), (5, 2), (2, 3), (3, 14), (14, 8), (8, 9), (9, 16)]}, padri: [70], figli: [], mosse: [(3, 3, 8, 9, 7)]
72 -> costo: 65976.0, rotte: {2: [(1, 7), (7, 12), (12, 15), (15, 6), (6, 13), (13, 10), (10, 11)], 3: [(1, 2), (2, 5), (5, 4), (4, 3), (3, 8), (8, 14), (14, 9), (9, 16)]}, padri: [27], figli: [73, 74], mosse: [(3, 3, 5, 4, 2)]
73 -> costo: 64388.5, rotte: {2: [(1, 7), (7, 12), (12, 15), (15, 6), (6, 13), (13, 10), (10, 11)], 3: [(1, 2), (2, 5), (5, 4), (4, 3), (3, 14), (14, 8), (8, 9), (9, 16)]}, padri: [72], figli: [], mosse: [(3, 3, 14, 8, 6)]
74 -> costo: 65484.99999999999, rotte: {2: [(1, 7), (7, 12), (12, 15), (15, 6), (6, 13), (13, 10), (10, 11)], 3: [(1, 2), (2, 5), (5, 4), (4, 3), (3, 14), (14, 9), (9, 8), (8, 16)]}, padri: [72], figli: [75], mosse: [(3, 3, 9, 8, 6)]
75 -> costo: 64388.5, rotte: {2: [(1, 7), (7, 12), (12, 15), (15, 6), (6, 13), (13, 10), (10, 11)], 3: [(1, 2), (2, 5), (5, 4), (4, 3), (3, 14), (14, 8), (8, 9), (9, 16)]}, padri: [74], figli: [], mosse: [(3, 3, 8, 9, 7)]
76 -> costo: 66473.2, rotte: {2: [(1, 7), (7, 12), (12, 15), (15, 6), (6, 13), (13, 10), (10, 11)], 3: [(1, 4), (4, 5), (5, 3), (3, 2), (2, 9), (9, 8), (8, 14), (14, 16)]}, padri: [17], figli: [77, 54, 82, 83], mosse: [(3, 3, 3, 2, 12)]
77 -> costo: 65605.3, rotte: {2: [(1, 7), (7, 12), (12, 15), (15, 6), (6, 13), (13, 10), (10, 11)], 3: [(1, 4), (4, 5), (5, 2), (2, 3), (3, 9), (9, 8), (8, 14), (14, 16)]}, padri: [76], figli: [78], mosse: [(3, 3, 2, 3, 1)]
78 -> costo: 64891.299999999996, rotte: {2: [(1, 7), (7, 12), (12, 15), (15, 6), (6, 13), (13, 10), (10, 11)], 3: [(1, 4), (4, 5), (5, 2), (2, 3), (3, 8), (8, 14), (14, 9), (9, 16)]}, padri: [77], figli: [79, 80], mosse: [(3, 3, 14, 9, 7)]
79 -> costo: 63303.8, rotte: {2: [(1, 7), (7, 12), (12, 15), (15, 6), (6, 13), (13, 10), (10, 11)], 3: [(1, 4), (4, 5), (5, 2), (2, 3), (3, 14), (14, 8), (8, 9), (9, 16)]}, padri: [78], figli: [], mosse: [(3, 3, 14, 8, 6)]
80 -> costo: 64400.299999999996, rotte: {2: [(1, 7), (7, 12), (12, 15), (15, 6), (6, 13), (13, 10), (10, 11)], 3: [(1, 4), (4, 5), (5, 2), (2, 3), (3, 14), (14, 9), (9, 8), (8, 16)]}, padri: [78], figli: [81], mosse: [(3, 3, 9, 8, 6)]
81 -> costo: 63303.8, rotte: {2: [(1, 7), (7, 12), (12, 15), (15, 6), (6, 13), (13, 10), (10, 11)], 3: [(1, 4), (4, 5), (5, 2), (2, 3), (3, 14), (14, 8), (8, 9), (9, 16)]}, padri: [80], figli: [], mosse: [(3, 3, 8, 9, 7)]
82 -> costo: 66364.4, rotte: {2: [(1, 7), (7, 12), (12, 15), (15, 6), (6, 13), (13, 10), (10, 11)], 3: [(1, 4), (4, 3), (3, 2), (2, 5), (5, 9), (9, 8), (8, 14), (14, 16)]}, padri: [76], figli: [18, 59], mosse: [(3, 3, 2, 5, 3)]
83 -> costo: 66443.59999999999, rotte: {2: [(1, 7), (7, 12), (12, 15), (15, 6), (6, 13), (13, 10), (10, 11)], 3: [(1, 4), (4, 3), (3, 5), (5, 2), (2, 9), (9, 8), (8, 14), (14, 16)]}, padri: [76], figli: [84], mosse: [(3, 3, 3, 5, 3)]
84 -> costo: 65605.3, rotte: {2: [(1, 7), (7, 12), (12, 15), (15, 6), (6, 13), (13, 10), (10, 11)], 3: [(1, 4), (4, 5), (5, 2), (2, 3), (3, 9), (9, 8), (8, 14), (14, 16)]}, padri: [83], figli: [85], mosse: [(3, 3, 2, 3, 1)]
85 -> costo: 64891.299999999996, rotte: {2: [(1, 7), (7, 12), (12, 15), (15, 6), (6, 13), (13, 10), (10, 11)], 3: [(1, 4), (4, 5), (5, 2), (2, 3), (3, 8), (8, 14), (14, 9), (9, 16)]}, padri: [84], figli: [86, 87], mosse: [(3, 3, 14, 9, 7)]
86 -> costo: 63303.8, rotte: {2: [(1, 7), (7, 12), (12, 15), (15, 6), (6, 13), (13, 10), (10, 11)], 3: [(1, 4), (4, 5), (5, 2), (2, 3), (3, 14), (14, 8), (8, 9), (9, 16)]}, padri: [85], figli: [], mosse: [(3, 3, 14, 8, 6)]
87 -> costo: 64400.299999999996, rotte: {2: [(1, 7), (7, 12), (12, 15), (15, 6), (6, 13), (13, 10), (10, 11)], 3: [(1, 4), (4, 5), (5, 2), (2, 3), (3, 14), (14, 9), (9, 8), (8, 16)]}, padri: [85], figli: [88], mosse: [(3, 3, 9, 8, 6)]
88 -> costo: 63303.8, rotte: {2: [(1, 7), (7, 12), (12, 15), (15, 6), (6, 13), (13, 10), (10, 11)], 3: [(1, 4), (4, 5), (5, 2), (2, 3), (3, 14), (14, 8), (8, 9), (9, 16)]}, padri: [87], figli: [], mosse: [(3, 3, 8, 9, 7)]
bestSolutionIndice: 20
20 -> costo: 63303.8, rotte: {2: [(1, 7), (7, 12), (12, 15), (15, 6), (6, 13), (13, 10), (10, 11)], 3: [(1, 4), (4, 2), (2, 5), (5, 3), (3, 14), (14, 8), (8, 9), (9, 16)]}, padri: [19, 21, 28, 32], figli: [], mosse: [(3, 3, 14, 8, 6), (3, 3, 8, 9, 7), (3, 3, 4, 2, 12), (3, 3, 5, 3, 1)]
trasportoPalletDiGamma: {2: [(7, 5), (12, 10), (15, 13), (6, 4), (13, 11), (10, 8), (11, 9)], 3: [(4, 2), (2, 12), (5, 3), (3, 1), (14, 12), (8, 6), (9, 7), (16, 14)]}
itMosseLS: 113, itMosseTS: 100
time elapsed: 602.16s.


##########################################################################################
s: 1
dictSolutions[1]:
0 -> costo: 109265.09999999999, rotte: {2: [(1, 3), (3, 10), (10, 14), (14, 15), (15, 16), (16, 13), (13, 5)], 3: [(1, 7), (7, 2), (2, 8), (8, 9), (9, 6), (6, 11), (11, 12), (12, 4), (4, 5)]}, padri: [-1], figli: [1], mosse: [-1]
1 -> costo: 81307.4, rotte: {2: [(1, 3), (3, 10), (10, 14), (14, 15), (15, 16), (16, 13), (13, 5)], 3: [(1, 7), (7, 2), (2, 8), (8, 9), (9, 6), (6, 12), (12, 4), (4, 5), (5, 11)]}, padri: [0], figli: [2], mosse: [(3, 3, 5, 11, 9)]
2 -> costo: 77784.90000000001, rotte: {2: [(1, 3), (3, 10), (10, 14), (14, 15), (15, 16), (16, 13), (13, 5)], 3: [(1, 7), (7, 8), (8, 9), (9, 6), (6, 12), (12, 4), (4, 2), (2, 5), (5, 11)]}, padri: [1], figli: [3], mosse: [(3, 3, 4, 2, 12)]
3 -> costo: 74365.3, rotte: {2: [(1, 3), (3, 10), (10, 14), (14, 15), (15, 13), (13, 5), (5, 16)], 3: [(1, 7), (7, 8), (8, 9), (9, 6), (6, 12), (12, 4), (4, 2), (2, 5), (5, 11)]}, padri: [2], figli: [4], mosse: [(2, 2, 5, 16, 14)]
4 -> costo: 72693.40000000002, rotte: {2: [(1, 3), (3, 10), (10, 14), (14, 15), (15, 13), (13, 5), (5, 16)], 3: [(1, 7), (7, 8), (8, 9), (9, 12), (12, 6), (6, 4), (4, 2), (2, 5), (5, 11)]}, padri: [3], figli: [5], mosse: [(3, 3, 12, 6, 4)]
5 -> costo: 71499.50000000001, rotte: {2: [(1, 3), (3, 10), (10, 14), (14, 15), (15, 13), (13, 5), (5, 16)], 3: [(1, 7), (7, 9), (9, 8), (8, 12), (12, 6), (6, 4), (4, 2), (2, 5), (5, 11)]}, padri: [4], figli: [6], mosse: [(3, 3, 9, 8, 6)]
6 -> costo: 70379.40000000001, rotte: {2: [(1, 3), (3, 10), (10, 14), (14, 15), (15, 13), (13, 16)], 3: [(1, 7), (7, 9), (9, 8), (8, 12), (12, 6), (6, 4), (4, 2), (2, 5), (5, 11)]}, padri: [5], figli: [7], mosse: [(3, 2, 1, 5, 1)]
7 -> costo: 68106.7, rotte: {2: [(1, 3), (3, 10), (10, 14), (14, 13), (13, 15), (15, 16)], 3: [(1, 7), (7, 9), (9, 8), (8, 12), (12, 6), (6, 4), (4, 2), (2, 5), (5, 11)]}, padri: [6], figli: [8, 16, 26, 35, 36, 46], mosse: [(2, 2, 13, 15, 13)]
8 -> costo: 65448.0, rotte: {2: [(1, 3), (3, 10), (10, 13), (13, 14), (14, 15), (15, 16)], 3: [(1, 7), (7, 9), (9, 8), (8, 12), (12, 6), (6, 4), (4, 2), (2, 5), (5, 11)]}, padri: [7], figli: [9, 11, 13, 15, 17, 19, 22, 24, 27], mosse: [(2, 2, 13, 14, 12)]
9 -> costo: 64397.4, rotte: {2: [(1, 10), (10, 13), (13, 14), (14, 15), (15, 16)], 3: [(1, 7), (7, 9), (9, 8), (8, 12), (12, 6), (6, 4), (4, 2), (2, 5), (5, 3), (3, 11)]}, padri: [8, 11, 15, 16, 18, 21, 23], figli: [10], mosse: [(3, 2, 5, 3, 1), (3, 3, 5, 3, 1), (3, 3, 5, 3, 1), (2, 2, 13, 14, 12), (2, 2, 10, 13, 11), (2, 2, 13, 14, 12), (2, 2, 14, 15, 13)]
10 -> costo: 64391.399999999994, rotte: {2: [(1, 10), (10, 13), (13, 14), (14, 15), (15, 16)], 3: [(1, 7), (7, 9), (9, 8), (8, 12), (12, 6), (6, 2), (2, 5), (5, 4), (4, 3), (3, 11)]}, padri: [9, 13, 19, 22, 24, 25], figli: [], mosse: [(3, 3, 5, 4, 2), (3, 2, 4, 3, 1), (2, 2, 10, 13, 11), (2, 2, 13, 14, 12), (2, 2, 14, 15, 13), (2, 2, 13, 14, 12)]
11 -> costo: 64457.7, rotte: {2: [(1, 10), (10, 13), (13, 14), (14, 15), (15, 16)], 3: [(1, 3), (3, 7), (7, 9), (9, 8), (8, 12), (12, 6), (6, 4), (4, 2), (2, 5), (5, 11)]}, padri: [8, 26, 33, 34, 35], figli: [12, 9, 14, 17, 19, 22, 24, 28], mosse: [(3, 2, 1, 3, 1), (2, 2, 13, 14, 12), (2, 2, 10, 13, 11), (2, 2, 13, 14, 12), (2, 2, 14, 15, 13)]
12 -> costo: 63753.09999999999, rotte: {2: [(1, 10), (10, 13), (13, 14), (14, 15), (15, 16)], 3: [(1, 3), (3, 7), (7, 9), (9, 8), (8, 12), (12, 6), (6, 2), (2, 5), (5, 4), (4, 11)]}, padri: [11, 13, 27, 29, 30, 31], figli: [], mosse: [(3, 3, 5, 4, 2), (3, 2, 1, 3, 1), (2, 2, 13, 14, 12), (2, 2, 10, 13, 11), (2, 2, 13, 14, 12), (2, 2, 14, 15, 13)]
13 -> costo: 64743.399999999994, rotte: {2: [(1, 3), (3, 10), (10, 13), (13, 14), (14, 15), (15, 16)], 3: [(1, 7), (7, 9), (9, 8), (8, 12), (12, 6), (6, 2), (2, 5), (5, 4), (4, 11)]}, padri: [8, 36, 43, 44, 45], figli: [12, 14, 10, 28, 38], mosse: [(3, 3, 5, 4, 2), (2, 2, 13, 14, 12), (2, 2, 10, 13, 11), (2, 2, 13, 14, 12), (2, 2, 14, 15, 13)]
14 -> costo: 64126.0, rotte: {2: [(1, 10), (10, 13), (13, 14), (14, 15), (15, 16)], 3: [(1, 7), (7, 9), (9, 8), (8, 12), (12, 6), (6, 3), (3, 2), (2, 5), (5, 4), (4, 11)]}, padri: [13, 15, 37, 39, 40, 41], figli: [], mosse: [(3, 2, 6, 3, 1), (3, 3, 5, 4, 2), (2, 2, 13, 14, 12), (2, 2, 10, 13, 11), (2, 2, 13, 14, 12), (2, 2, 14, 15, 13)]
15 -> costo: 64830.6, rotte: {2: [(1, 10), (10, 13), (13, 14), (14, 15), (15, 16)], 3: [(1, 7), (7, 9), (9, 8), (8, 12), (12, 6), (6, 3), (3, 4), (4, 2), (2, 5), (5, 11)]}, padri: [8, 46], figli: [14, 9, 17, 19, 22, 24, 38], mosse: [(3, 2, 6, 3, 1), (2, 2, 13, 14, 12)]
16 -> costo: 67056.09999999999, rotte: {2: [(1, 10), (10, 14), (14, 13), (13, 15), (15, 16)], 3: [(1, 7), (7, 9), (9, 8), (8, 12), (12, 6), (6, 4), (4, 2), (2, 5), (5, 3), (3, 11)]}, padri: [7, 26, 46], figli: [9, 17, 19, 21, 22, 23, 24, 25, 45], mosse: [(3, 2, 5, 3, 1), (3, 3, 5, 3, 1), (3, 3, 5, 3, 1)]
17 -> costo: 66973.0, rotte: {2: [(1, 14), (14, 13), (13, 10), (10, 15), (15, 16)], 3: [(1, 7), (7, 9), (9, 8), (8, 12), (12, 6), (6, 4), (4, 2), (2, 5), (5, 3), (3, 11)]}, padri: [16, 21, 32], figli: [18, 20], mosse: [(2, 2, 13, 10, 8), (2, 2, 13, 10, 8), (3, 3, 5, 3, 1)]
18 -> costo: 64412.4, rotte: {2: [(1, 13), (13, 10), (10, 14), (14, 15), (15, 16)], 3: [(1, 7), (7, 9), (9, 8), (8, 12), (12, 6), (6, 4), (4, 2), (2, 5), (5, 3), (3, 11)]}, padri: [17, 33], figli: [9, 19, 22, 24], mosse: [(2, 2, 10, 14, 12), (3, 3, 5, 3, 1)]
19 -> costo: 64406.399999999994, rotte: {2: [(1, 13), (13, 10), (10, 14), (14, 15), (15, 16)], 3: [(1, 7), (7, 9), (9, 8), (8, 12), (12, 6), (6, 2), (2, 5), (5, 4), (4, 3), (3, 11)]}, padri: [18, 20, 43], figli: [10], mosse: [(3, 3, 5, 4, 2), (2, 2, 10, 14, 12), (3, 2, 4, 3, 1)]
20 -> costo: 66966.99999999999, rotte: {2: [(1, 14), (14, 13), (13, 10), (10, 15), (15, 16)], 3: [(1, 7), (7, 9), (9, 8), (8, 12), (12, 6), (6, 2), (2, 5), (5, 4), (4, 3), (3, 11)]}, padri: [17, 22, 25], figli: [19], mosse: [(3, 3, 5, 4, 2), (2, 2, 13, 10, 8), (2, 2, 13, 10, 8)]
21 -> costo: 66974.0, rotte: {2: [(1, 14), (14, 10), (10, 13), (13, 15), (15, 16)], 3: [(1, 7), (7, 9), (9, 8), (8, 12), (12, 6), (6, 4), (4, 2), (2, 5), (5, 3), (3, 11)]}, padri: [16, 34], figli: [9, 22, 17, 24], mosse: [(2, 2, 14, 10, 8), (3, 3, 5, 3, 1)]
22 -> costo: 66968.0, rotte: {2: [(1, 14), (14, 10), (10, 13), (13, 15), (15, 16)], 3: [(1, 7), (7, 9), (9, 8), (8, 12), (12, 6), (6, 2), (2, 5), (5, 4), (4, 3), (3, 11)]}, padri: [21, 25], figli: [10, 20], mosse: [(3, 3, 5, 4, 2), (2, 2, 14, 10, 8)]
23 -> costo: 67023.8, rotte: {2: [(1, 10), (10, 13), (13, 15), (15, 14), (14, 16)], 3: [(1, 7), (7, 9), (9, 8), (8, 12), (12, 6), (6, 4), (4, 2), (2, 5), (5, 3), (3, 11)]}, padri: [16, 35], figli: [9, 24], mosse: [(2, 2, 15, 14, 12), (3, 3, 5, 3, 1)]
24 -> costo: 67017.79999999999, rotte: {2: [(1, 10), (10, 13), (13, 15), (15, 14), (14, 16)], 3: [(1, 7), (7, 9), (9, 8), (8, 12), (12, 6), (6, 2), (2, 5), (5, 4), (4, 3), (3, 11)]}, padri: [23, 25, 45], figli: [10], mosse: [(3, 3, 5, 4, 2), (2, 2, 15, 14, 12), (3, 2, 4, 3, 1)]
25 -> costo: 67050.09999999999, rotte: {2: [(1, 10), (10, 14), (14, 13), (13, 15), (15, 16)], 3: [(1, 7), (7, 9), (9, 8), (8, 12), (12, 6), (6, 2), (2, 5), (5, 4), (4, 3), (3, 11)]}, padri: [16, 36], figli: [10, 20, 22, 24], mosse: [(3, 3, 5, 4, 2), (3, 2, 4, 3, 1)]
26 -> costo: 67116.4, rotte: {2: [(1, 10), (10, 14), (14, 13), (13, 15), (15, 16)], 3: [(1, 3), (3, 7), (7, 9), (9, 8), (8, 12), (12, 6), (6, 4), (4, 2), (2, 5), (5, 11)]}, padri: [7], figli: [11, 27, 32, 34, 16, 35, 37], mosse: [(3, 2, 1, 3, 1)]
27 -> costo: 66411.79999999999, rotte: {2: [(1, 10), (10, 14), (14, 13), (13, 15), (15, 16)], 3: [(1, 3), (3, 7), (7, 9), (9, 8), (8, 12), (12, 6), (6, 2), (2, 5), (5, 4), (4, 11)]}, padri: [26, 36], figli: [12, 28, 30, 31], mosse: [(3, 3, 5, 4, 2), (3, 2, 1, 3, 1)]
28 -> costo: 66328.7, rotte: {2: [(1, 14), (14, 13), (13, 10), (10, 15), (15, 16)], 3: [(1, 3), (3, 7), (7, 9), (9, 8), (8, 12), (12, 6), (6, 2), (2, 5), (5, 4), (4, 11)]}, padri: [27, 30, 32, 42], figli: [29], mosse: [(2, 2, 13, 10, 8), (2, 2, 13, 10, 8), (3, 3, 5, 4, 2), (3, 2, 1, 3, 1)]
29 -> costo: 63768.09999999999, rotte: {2: [(1, 13), (13, 10), (10, 14), (14, 15), (15, 16)], 3: [(1, 3), (3, 7), (7, 9), (9, 8), (8, 12), (12, 6), (6, 2), (2, 5), (5, 4), (4, 11)]}, padri: [28, 33, 43], figli: [12], mosse: [(2, 2, 10, 14, 12), (3, 3, 5, 4, 2), (3, 2, 1, 3, 1)]
30 -> costo: 66329.7, rotte: {2: [(1, 14), (14, 10), (10, 13), (13, 15), (15, 16)], 3: [(1, 3), (3, 7), (7, 9), (9, 8), (8, 12), (12, 6), (6, 2), (2, 5), (5, 4), (4, 11)]}, padri: [27, 34, 44], figli: [12, 28], mosse: [(2, 2, 14, 10, 8), (3, 3, 5, 4, 2), (3, 2, 1, 3, 1)]
31 -> costo: 66379.5, rotte: {2: [(1, 10), (10, 13), (13, 15), (15, 14), (14, 16)], 3: [(1, 3), (3, 7), (7, 9), (9, 8), (8, 12), (12, 6), (6, 2), (2, 5), (5, 4), (4, 11)]}, padri: [27, 35, 45], figli: [12], mosse: [(2, 2, 15, 14, 12), (3, 3, 5, 4, 2), (3, 2, 1, 3, 1)]
32 -> costo: 67033.29999999999, rotte: {2: [(1, 14), (14, 13), (13, 10), (10, 15), (15, 16)], 3: [(1, 3), (3, 7), (7, 9), (9, 8), (8, 12), (12, 6), (6, 4), (4, 2), (2, 5), (5, 11)]}, padri: [26, 34], figli: [33, 28, 17], mosse: [(2, 2, 13, 10, 8), (2, 2, 13, 10, 8)]
33 -> costo: 64472.7, rotte: {2: [(1, 13), (13, 10), (10, 14), (14, 15), (15, 16)], 3: [(1, 3), (3, 7), (7, 9), (9, 8), (8, 12), (12, 6), (6, 4), (4, 2), (2, 5), (5, 11)]}, padri: [32], figli: [29, 18, 11], mosse: [(2, 2, 10, 14, 12)]
34 -> costo: 67034.3, rotte: {2: [(1, 14), (14, 10), (10, 13), (13, 15), (15, 16)], 3: [(1, 3), (3, 7), (7, 9), (9, 8), (8, 12), (12, 6), (6, 4), (4, 2), (2, 5), (5, 11)]}, padri: [26], figli: [11, 30, 21, 32], mosse: [(2, 2, 14, 10, 8)]
35 -> costo: 67084.09999999999, rotte: {2: [(1, 10), (10, 13), (13, 15), (15, 14), (14, 16)], 3: [(1, 3), (3, 7), (7, 9), (9, 8), (8, 12), (12, 6), (6, 4), (4, 2), (2, 5), (5, 11)]}, padri: [26], figli: [11, 31, 23], mosse: [(2, 2, 15, 14, 12)]
36 -> costo: 67402.09999999999, rotte: {2: [(1, 3), (3, 10), (10, 14), (14, 13), (13, 15), (15, 16)], 3: [(1, 7), (7, 9), (9, 8), (8, 12), (12, 6), (6, 2), (2, 5), (5, 4), (4, 11)]}, padri: [7], figli: [13, 27, 37, 42, 44, 25, 45], mosse: [(3, 3, 5, 4, 2)]
37 -> costo: 66784.7, rotte: {2: [(1, 10), (10, 14), (14, 13), (13, 15), (15, 16)], 3: [(1, 7), (7, 9), (9, 8), (8, 12), (12, 6), (6, 3), (3, 2), (2, 5), (5, 4), (4, 11)]}, padri: [36, 46], figli: [14, 38, 40, 41], mosse: [(3, 2, 6, 3, 1), (3, 3, 5, 4, 2)]
38 -> costo: 66701.59999999999, rotte: {2: [(1, 14), (14, 13), (13, 10), (10, 15), (15, 16)], 3: [(1, 7), (7, 9), (9, 8), (8, 12), (12, 6), (6, 3), (3, 2), (2, 5), (5, 4), (4, 11)]}, padri: [37, 40, 42], figli: [39], mosse: [(2, 2, 13, 10, 8), (2, 2, 13, 10, 8), (3, 2, 6, 3, 1)]
39 -> costo: 64141.0, rotte: {2: [(1, 13), (13, 10), (10, 14), (14, 15), (15, 16)], 3: [(1, 7), (7, 9), (9, 8), (8, 12), (12, 6), (6, 3), (3, 2), (2, 5), (5, 4), (4, 11)]}, padri: [38, 43], figli: [14], mosse: [(2, 2, 10, 14, 12), (3, 2, 6, 3, 1)]
40 -> costo: 66702.59999999999, rotte: {2: [(1, 14), (14, 10), (10, 13), (13, 15), (15, 16)], 3: [(1, 7), (7, 9), (9, 8), (8, 12), (12, 6), (6, 3), (3, 2), (2, 5), (5, 4), (4, 11)]}, padri: [37, 44], figli: [14, 38], mosse: [(2, 2, 14, 10, 8), (3, 2, 6, 3, 1)]
41 -> costo: 66752.4, rotte: {2: [(1, 10), (10, 13), (13, 15), (15, 14), (14, 16)], 3: [(1, 7), (7, 9), (9, 8), (8, 12), (12, 6), (6, 3), (3, 2), (2, 5), (5, 4), (4, 11)]}, padri: [37, 45], figli: [14], mosse: [(2, 2, 15, 14, 12), (3, 2, 6, 3, 1)]
42 -> costo: 66819.2, rotte: {2: [(1, 3), (3, 14), (14, 13), (13, 10), (10, 15), (15, 16)], 3: [(1, 7), (7, 9), (9, 8), (8, 12), (12, 6), (6, 2), (2, 5), (5, 4), (4, 11)]}, padri: [36, 44], figli: [43, 28, 38], mosse: [(2, 2, 13, 10, 8), (2, 2, 13, 10, 8)]
43 -> costo: 64758.399999999994, rotte: {2: [(1, 3), (3, 13), (13, 10), (10, 14), (14, 15), (15, 16)], 3: [(1, 7), (7, 9), (9, 8), (8, 12), (12, 6), (6, 2), (2, 5), (5, 4), (4, 11)]}, padri: [42], figli: [29, 39, 19, 13], mosse: [(2, 2, 10, 14, 12)]
44 -> costo: 66820.2, rotte: {2: [(1, 3), (3, 14), (14, 10), (10, 13), (13, 15), (15, 16)], 3: [(1, 7), (7, 9), (9, 8), (8, 12), (12, 6), (6, 2), (2, 5), (5, 4), (4, 11)]}, padri: [36], figli: [13, 30, 40, 42], mosse: [(2, 2, 14, 10, 8)]
45 -> costo: 67369.79999999999, rotte: {2: [(1, 3), (3, 10), (10, 13), (13, 15), (15, 14), (14, 16)], 3: [(1, 7), (7, 9), (9, 8), (8, 12), (12, 6), (6, 2), (2, 5), (5, 4), (4, 11)]}, padri: [36], figli: [13, 31, 41, 24], mosse: [(2, 2, 15, 14, 12)]
46 -> costo: 67489.29999999999, rotte: {2: [(1, 10), (10, 14), (14, 13), (13, 15), (15, 16)], 3: [(1, 7), (7, 9), (9, 8), (8, 12), (12, 6), (6, 3), (3, 4), (4, 2), (2, 5), (5, 11)]}, padri: [7], figli: [15, 37, 16], mosse: [(3, 2, 6, 3, 1)]
bestSolutionIndice: 12
12 -> costo: 63753.09999999999, rotte: {2: [(1, 10), (10, 13), (13, 14), (14, 15), (15, 16)], 3: [(1, 3), (3, 7), (7, 9), (9, 8), (8, 12), (12, 6), (6, 2), (2, 5), (5, 4), (4, 11)]}, padri: [11, 13, 27, 29, 30, 31], figli: [], mosse: [(3, 3, 5, 4, 2), (3, 2, 1, 3, 1), (2, 2, 13, 14, 12), (2, 2, 10, 13, 11), (2, 2, 13, 14, 12), (2, 2, 14, 15, 13)]
trasportoPalletDiGamma: {2: [(10, 8), (13, 11), (14, 12), (15, 13), (16, 14)], 3: [(3, 1), (7, 5), (9, 7), (8, 6), (12, 10), (6, 4), (2, 12), (5, 3), (4, 2), (11, 9)]}
itMosseLS: 109, itMosseTS: 100
time elapsed: 453.36s.


##########################################################################################
s: 1
dictSolutions[1]:
0 -> costo: 111759.7, rotte: {2: [(1, 11), (11, 4), (4, 2), (2, 6), (6, 10), (10, 14), (14, 12), (12, 9)], 3: [(1, 16), (16, 13), (13, 8), (8, 3), (3, 7), (7, 15), (15, 5), (5, 9)]}, padri: [-1], figli: [1], mosse: [-1]
1 -> costo: 85055.09999999999, rotte: {2: [(1, 4), (4, 2), (2, 6), (6, 10), (10, 14), (14, 12), (12, 9), (9, 11)], 3: [(1, 16), (16, 13), (13, 8), (8, 3), (3, 7), (7, 15), (15, 5), (5, 9)]}, padri: [0], figli: [2], mosse: [(2, 2, 9, 11, 9)]
2 -> costo: 76918.59999999999, rotte: {2: [(1, 4), (4, 2), (2, 6), (6, 10), (10, 14), (14, 12), (12, 9), (9, 11)], 3: [(1, 13), (13, 8), (8, 3), (3, 7), (7, 15), (15, 5), (5, 9), (9, 16)]}, padri: [1], figli: [3], mosse: [(3, 3, 9, 16, 14)]
3 -> costo: 73117.5, rotte: {2: [(1, 4), (4, 2), (2, 6), (6, 10), (10, 14), (14, 12), (12, 9), (9, 11)], 3: [(1, 13), (13, 3), (3, 7), (7, 8), (8, 15), (15, 5), (5, 9), (9, 16)]}, padri: [2], figli: [4], mosse: [(3, 3, 7, 8, 6)]
4 -> costo: 71041.1, rotte: {2: [(1, 4), (4, 2), (2, 6), (6, 14), (14, 12), (12, 9), (9, 10), (10, 11)], 3: [(1, 13), (13, 3), (3, 7), (7, 8), (8, 15), (15, 5), (5, 9), (9, 16)]}, padri: [3], figli: [5], mosse: [(2, 2, 9, 10, 8)]
5 -> costo: 69642.6, rotte: {2: [(1, 4), (4, 2), (2, 6), (6, 14), (14, 12), (12, 10), (10, 11)], 3: [(1, 13), (13, 3), (3, 7), (7, 8), (8, 15), (15, 5), (5, 9), (9, 16)]}, padri: [4], figli: [6], mosse: [(3, 2, 1, 9, 3)]
6 -> costo: 68783.2, rotte: {2: [(1, 4), (4, 2), (2, 6), (6, 12), (12, 14), (14, 10), (10, 11)], 3: [(1, 13), (13, 3), (3, 7), (7, 8), (8, 15), (15, 5), (5, 9), (9, 16)]}, padri: [5], figli: [7, 11], mosse: [(2, 2, 12, 14, 12)]
7 -> costo: 68317.0, rotte: {2: [(1, 4), (4, 2), (2, 6), (6, 12), (12, 14), (14, 10), (10, 11)], 3: [(1, 3), (3, 7), (7, 8), (8, 15), (15, 13), (13, 5), (5, 9), (9, 16)]}, padri: [6], figli: [8, 10, 12], mosse: [(3, 3, 15, 13, 11)]
8 -> costo: 68119.3, rotte: {2: [(1, 4), (4, 2), (2, 12), (12, 6), (6, 14), (14, 10), (10, 11)], 3: [(1, 3), (3, 7), (7, 8), (8, 15), (15, 13), (13, 5), (5, 9), (9, 16)]}, padri: [7, 11], figli: [9, 13], mosse: [(2, 2, 12, 6, 4), (3, 3, 15, 13, 11)]
9 -> costo: 68059.0, rotte: {2: [(1, 4), (4, 2), (2, 12), (12, 6), (6, 14), (14, 10), (10, 11)], 3: [(1, 7), (7, 8), (8, 15), (15, 13), (13, 3), (3, 5), (5, 9), (9, 16)]}, padri: [8, 10, 12], figli: [], mosse: [(3, 3, 13, 3, 1), (2, 2, 12, 6, 4), (3, 3, 15, 13, 11)]
10 -> costo: 68256.7, rotte: {2: [(1, 4), (4, 2), (2, 6), (6, 12), (12, 14), (14, 10), (10, 11)], 3: [(1, 7), (7, 8), (8, 15), (15, 13), (13, 3), (3, 5), (5, 9), (9, 16)]}, padri: [7], figli: [9, 13], mosse: [(3, 3, 13, 3, 1)]
11 -> costo: 68585.5, rotte: {2: [(1, 4), (4, 2), (2, 12), (12, 6), (6, 14), (14, 10), (10, 11)], 3: [(1, 13), (13, 3), (3, 7), (7, 8), (8, 15), (15, 5), (5, 9), (9, 16)]}, padri: [6], figli: [8, 12], mosse: [(2, 2, 12, 6, 4)]
12 -> costo: 68418.3, rotte: {2: [(1, 4), (4, 2), (2, 12), (12, 6), (6, 14), (14, 10), (10, 11)], 3: [(1, 13), (13, 7), (7, 8), (8, 15), (15, 3), (3, 5), (5, 9), (9, 16)]}, padri: [11], figli: [9, 13], mosse: [(3, 3, 15, 3, 1)]
13 -> costo: 68174.7, rotte: {2: [(1, 4), (4, 2), (2, 12), (12, 6), (6, 14), (14, 10), (10, 11)], 3: [(1, 13), (13, 8), (8, 15), (15, 3), (3, 5), (5, 7), (7, 9), (9, 16)]}, padri: [12], figli: [14, 15], mosse: [(3, 3, 5, 7, 5)]
14 -> costo: 67330.1, rotte: {2: [(1, 4), (4, 2), (2, 12), (12, 6), (6, 14), (14, 10), (10, 11)], 3: [(1, 13), (13, 15), (15, 8), (8, 3), (3, 5), (5, 7), (7, 9), (9, 16)]}, padri: [13], figli: [], mosse: [(3, 3, 15, 8, 6)]
15 -> costo: 67672.0, rotte: {2: [(1, 4), (4, 2), (2, 12), (12, 6), (6, 14), (14, 10), (10, 11)], 3: [(1, 13), (13, 15), (15, 3), (3, 5), (5, 7), (7, 8), (8, 9), (9, 16)]}, padri: [13], figli: [16, 17, 18, 20, 21, 27, 49, 51, 52, 55], mosse: [(3, 3, 7, 8, 6)]
16 -> costo: 65364.3, rotte: {2: [(1, 4), (4, 2), (2, 12), (12, 6), (6, 14), (14, 10), (10, 11)], 3: [(1, 13), (13, 3), (3, 5), (5, 7), (7, 15), (15, 8), (8, 9), (9, 16)]}, padri: [15, 17, 20, 45, 47, 50, 51, 53, 64], figli: [], mosse: [(3, 3, 7, 15, 13), (3, 3, 15, 8, 6), (3, 3, 7, 15, 13), (3, 3, 3, 5, 3), (3, 2, 3, 5, 3), (3, 3, 3, 5, 3), (3, 3, 7, 15, 13), (3, 3, 3, 5, 3), (3, 3, 3, 5, 3)]
17 -> costo: 65635.5, rotte: {2: [(1, 4), (4, 2), (2, 12), (12, 6), (6, 14), (14, 10), (10, 11)], 3: [(1, 13), (13, 3), (3, 5), (5, 7), (7, 8), (8, 15), (15, 9), (9, 16)]}, padri: [15, 18, 20, 51, 54], figli: [16, 49], mosse: [(3, 3, 8, 15, 13), (3, 3, 15, 9, 7), (3, 3, 8, 15, 13), (3, 3, 8, 15, 13), (3, 3, 3, 5, 3)]
18 -> costo: 66149.9, rotte: {2: [(1, 4), (4, 2), (2, 12), (12, 6), (6, 14), (14, 10), (10, 11)], 3: [(1, 13), (13, 3), (3, 5), (5, 7), (7, 8), (8, 9), (9, 15), (15, 16)]}, padri: [15, 20, 51, 51, 51], figli: [19, 17, 21, 55, 67], mosse: [(3, 3, 9, 15, 13), (3, 3, 9, 15, 13), (3, 3, 9, 15, 13), (3, 3, 15, 16, 14), (3, 3, 16, 15)]
19 -> costo: 65198.6, rotte: {2: [(1, 4), (4, 2), (2, 12), (12, 6), (6, 14), (14, 10), (10, 11)], 3: [(1, 13), (13, 3), (3, 5), (5, 7), (7, 9), (9, 8), (8, 15), (15, 16)]}, padri: [18, 66], figli: [], mosse: [(3, 3, 9, 8, 6), (3, 3, 3, 5, 3)]
20 -> costo: 66785.90000000001, rotte: {2: [(1, 4), (4, 2), (2, 12), (12, 6), (6, 14), (14, 10), (10, 11)], 3: [(1, 13), (13, 3), (3, 5), (5, 15), (15, 7), (7, 8), (8, 9), (9, 16)]}, padri: [15, 51], figli: [16, 17, 21, 18, 27, 49, 55], mosse: [(3, 3, 5, 15, 13), (3, 3, 5, 15, 13)]
21 -> costo: 66122.1, rotte: {2: [(1, 4), (4, 2), (2, 12), (12, 6), (6, 14), (14, 10), (10, 11)], 3: [(1, 13), (13, 3), (3, 5), (5, 15), (15, 8), (8, 7), (7, 9), (9, 16)]}, padri: [20], figli: [22, 41], mosse: [(3, 3, 8, 7, 5)]
22 -> costo: 65781.2, rotte: {2: [(1, 4), (4, 2), (2, 12), (12, 6), (6, 14), (14, 10), (10, 11)], 3: [(1, 3), (3, 5), (5, 13), (13, 15), (15, 8), (8, 7), (7, 9), (9, 16)]}, padri: [21, 27, 44], figli: [23, 26, 29, 42, 43], mosse: [(3, 3, 5, 13, 11), (3, 3, 8, 7, 5), (3, 3, 8, 7, 5)]
23 -> costo: 65007.7, rotte: {2: [(1, 4), (4, 2), (2, 12), (12, 6), (6, 14), (14, 10), (10, 11)], 3: [(1, 5), (5, 3), (3, 13), (13, 15), (15, 8), (8, 7), (7, 9), (9, 16)]}, padri: [22, 28, 37], figli: [24, 25, 30, 31], mosse: [(3, 3, 5, 3, 1), (3, 3, 8, 7, 5), (3, 3, 8, 7, 5)]
24 -> costo: 64425.0, rotte: {2: [(1, 4), (4, 5), (5, 2), (2, 12), (12, 6), (6, 14), (14, 10), (10, 11)], 3: [(1, 3), (3, 13), (13, 15), (15, 8), (8, 7), (7, 9), (9, 16)]}, padri: [23, 29, 30], figli: [], mosse: [(2, 3, 4, 5, 3), (3, 3, 8, 7, 5), (3, 3, 8, 7, 5)]
25 -> costo: 64425.0, rotte: {2: [(1, 4), (4, 2), (2, 5), (5, 12), (12, 6), (6, 14), (14, 10), (10, 11)], 3: [(1, 3), (3, 13), (13, 15), (15, 8), (8, 7), (7, 9), (9, 16)]}, padri: [23], figli: [], mosse: [(2, 3, 2, 5, 3)]
26 -> costo: 65445.200000000004, rotte: {2: [(1, 4), (4, 2), (2, 3), (3, 12), (12, 6), (6, 14), (14, 10), (10, 11)], 3: [(1, 5), (5, 13), (13, 15), (15, 8), (8, 7), (7, 9), (9, 16)]}, padri: [22, 41, 42], figli: [], mosse: [(2, 3, 2, 3, 1), (3, 3, 8, 7, 5), (3, 3, 8, 7, 5)]
27 -> costo: 66445.0, rotte: {2: [(1, 4), (4, 2), (2, 12), (12, 6), (6, 14), (14, 10), (10, 11)], 3: [(1, 3), (3, 5), (5, 13), (13, 15), (15, 7), (7, 8), (8, 9), (9, 16)]}, padri: [20], figli: [28, 22, 41, 44], mosse: [(3, 3, 5, 13, 11)]
28 -> costo: 65671.49999999999, rotte: {2: [(1, 4), (4, 2), (2, 12), (12, 6), (6, 14), (14, 10), (10, 11)], 3: [(1, 5), (5, 3), (3, 13), (13, 15), (15, 7), (7, 8), (8, 9), (9, 16)]}, padri: [27], figli: [23, 29, 32, 37, 47], mosse: [(3, 3, 5, 3, 1)]
29 -> costo: 65088.79999999999, rotte: {2: [(1, 4), (4, 5), (5, 2), (2, 12), (12, 6), (6, 14), (14, 10), (10, 11)], 3: [(1, 3), (3, 13), (13, 15), (15, 7), (7, 8), (8, 9), (9, 16)]}, padri: [28], figli: [24, 30, 31, 38], mosse: [(2, 3, 4, 5, 3)]
30 -> costo: 64887.899999999994, rotte: {2: [(1, 4), (4, 5), (5, 2), (2, 12), (12, 6), (6, 14), (14, 10), (10, 11)], 3: [(1, 3), (3, 13), (13, 7), (7, 15), (15, 8), (8, 9), (9, 16)]}, padri: [29, 37, 56], figli: [24, 31, 46, 48], mosse: [(3, 3, 7, 15, 13), (2, 3, 4, 5, 3), (3, 3, 15, 8, 6)]
31 -> costo: 64445.6, rotte: {2: [(1, 4), (4, 5), (5, 2), (2, 12), (12, 6), (6, 14), (14, 10), (10, 11)], 3: [(1, 13), (13, 3), (3, 7), (7, 15), (15, 8), (8, 9), (9, 16)]}, padri: [30, 45, 47, 57], figli: [], mosse: [(3, 3, 13, 3, 1), (2, 3, 4, 5, 3), (2, 2, 4, 5, 3), (3, 3, 15, 8, 6)]
32 -> costo: 65088.79999999999, rotte: {2: [(1, 4), (4, 2), (2, 5), (5, 12), (12, 6), (6, 14), (14, 10), (10, 11)], 3: [(1, 3), (3, 13), (13, 15), (15, 7), (7, 8), (8, 9), (9, 16)]}, padri: [28], figli: [33, 34], mosse: [(2, 3, 2, 5, 3)]
33 -> costo: 64425.0, rotte: {2: [(1, 4), (4, 2), (2, 5), (5, 12), (12, 6), (6, 14), (14, 10), (10, 11)], 3: [(1, 3), (3, 13), (13, 15), (15, 8), (8, 7), (7, 9), (9, 16)]}, padri: [32], figli: [], mosse: [(3, 3, 8, 7, 5)]
34 -> costo: 64887.899999999994, rotte: {2: [(1, 4), (4, 2), (2, 5), (5, 12), (12, 6), (6, 14), (14, 10), (10, 11)], 3: [(1, 3), (3, 13), (13, 7), (7, 15), (15, 8), (8, 9), (9, 16)]}, padri: [32], figli: [35, 36], mosse: [(3, 3, 7, 15, 13)]
35 -> costo: 64425.0, rotte: {2: [(1, 4), (4, 2), (2, 5), (5, 12), (12, 6), (6, 14), (14, 10), (10, 11)], 3: [(1, 3), (3, 13), (13, 15), (15, 8), (8, 7), (7, 9), (9, 16)]}, padri: [34], figli: [], mosse: [(3, 3, 8, 7, 5)]
36 -> costo: 64445.6, rotte: {2: [(1, 4), (4, 2), (2, 5), (5, 12), (12, 6), (6, 14), (14, 10), (10, 11)], 3: [(1, 13), (13, 3), (3, 7), (7, 15), (15, 8), (8, 9), (9, 16)]}, padri: [34], figli: [], mosse: [(3, 3, 13, 3, 1)]
37 -> costo: 65470.59999999999, rotte: {2: [(1, 4), (4, 2), (2, 12), (12, 6), (6, 14), (14, 10), (10, 11)], 3: [(1, 5), (5, 3), (3, 13), (13, 7), (7, 15), (15, 8), (8, 9), (9, 16)]}, padri: [28, 44, 45, 50, 53, 55, 64], figli: [30, 38, 23], mosse: [(3, 3, 7, 15, 13), (3, 3, 5, 3, 1), (3, 3, 3, 13, 11), (3, 3, 3, 13, 11), (3, 3, 3, 13, 11), (3, 3, 15, 8, 6), (3, 3, 3, 13, 11)]
38 -> costo: 64887.899999999994, rotte: {2: [(1, 4), (4, 2), (2, 5), (5, 12), (12, 6), (6, 14), (14, 10), (10, 11)], 3: [(1, 3), (3, 13), (13, 7), (7, 15), (15, 8), (8, 9), (9, 16)]}, padri: [29, 37], figli: [39, 40], mosse: [(2, 3, 2, 5, 3)]
39 -> costo: 64425.0, rotte: {2: [(1, 4), (4, 2), (2, 5), (5, 12), (12, 6), (6, 14), (14, 10), (10, 11)], 3: [(1, 3), (3, 13), (13, 15), (15, 8), (8, 7), (7, 9), (9, 16)]}, padri: [38], figli: [], mosse: [(3, 3, 8, 7, 5)]
40 -> costo: 64445.6, rotte: {2: [(1, 4), (4, 2), (2, 5), (5, 12), (12, 6), (6, 14), (14, 10), (10, 11)], 3: [(1, 13), (13, 3), (3, 7), (7, 15), (15, 8), (8, 9), (9, 16)]}, padri: [38], figli: [], mosse: [(3, 3, 13, 3, 1)]
41 -> costo: 66109.0, rotte: {2: [(1, 4), (4, 2), (2, 3), (3, 12), (12, 6), (6, 14), (14, 10), (10, 11)], 3: [(1, 5), (5, 13), (13, 15), (15, 7), (7, 8), (8, 9), (9, 16)]}, padri: [27], figli: [26, 42, 43, 45], mosse: [(2, 3, 2, 3, 1)]
42 -> costo: 65908.09999999999, rotte: {2: [(1, 4), (4, 2), (2, 3), (3, 12), (12, 6), (6, 14), (14, 10), (10, 11)], 3: [(1, 5), (5, 13), (13, 7), (7, 15), (15, 8), (8, 9), (9, 16)]}, padri: [41, 44], figli: [26, 43], mosse: [(3, 3, 7, 15, 13), (2, 3, 2, 3, 1)]
43 -> costo: 65801.8, rotte: {2: [(1, 4), (4, 2), (2, 3), (3, 12), (12, 6), (6, 14), (14, 10), (10, 11)], 3: [(1, 13), (13, 5), (5, 7), (7, 15), (15, 8), (8, 9), (9, 16)]}, padri: [42], figli: [], mosse: [(3, 3, 13, 5, 3)]
44 -> costo: 66244.09999999999, rotte: {2: [(1, 4), (4, 2), (2, 12), (12, 6), (6, 14), (14, 10), (10, 11)], 3: [(1, 3), (3, 5), (5, 13), (13, 7), (7, 15), (15, 8), (8, 9), (9, 16)]}, padri: [27], figli: [37, 22, 42, 45, 47], mosse: [(3, 3, 7, 15, 13)]
45 -> costo: 66078.9, rotte: {2: [(1, 4), (4, 2), (2, 12), (12, 6), (6, 14), (14, 10), (10, 11)], 3: [(1, 5), (5, 13), (13, 3), (3, 7), (7, 15), (15, 8), (8, 9), (9, 16)]}, padri: [44], figli: [31, 46, 16, 37, 47, 48, 49, 50], mosse: [(3, 3, 13, 3, 1)]
46 -> costo: 64445.6, rotte: {2: [(1, 4), (4, 2), (2, 5), (5, 12), (12, 6), (6, 14), (14, 10), (10, 11)], 3: [(1, 13), (13, 3), (3, 7), (7, 15), (15, 8), (8, 9), (9, 16)]}, padri: [30, 45], figli: [], mosse: [(2, 3, 2, 5, 3)]
47 -> costo: 65559.9, rotte: {2: [(1, 5), (5, 4), (4, 2), (2, 12), (12, 6), (6, 14), (14, 10), (10, 11)], 3: [(1, 13), (13, 3), (3, 7), (7, 15), (15, 8), (8, 9), (9, 16)]}, padri: [45], figli: [31, 48, 16, 49], mosse: [(2, 3, 1, 5, 3)]
48 -> costo: 64445.6, rotte: {2: [(1, 4), (4, 2), (2, 5), (5, 12), (12, 6), (6, 14), (14, 10), (10, 11)], 3: [(1, 13), (13, 3), (3, 7), (7, 15), (15, 8), (8, 9), (9, 16)]}, padri: [30, 45, 47], figli: [], mosse: [(2, 2, 2, 5, 3)]
49 -> costo: 65530.299999999996, rotte: {2: [(1, 5), (5, 2), (2, 4), (4, 12), (12, 6), (6, 14), (14, 10), (10, 11)], 3: [(1, 13), (13, 3), (3, 7), (7, 15), (15, 8), (8, 9), (9, 16)]}, padri: [47], figli: [], mosse: [(2, 2, 2, 4, 2)]
50 -> costo: 65801.8, rotte: {2: [(1, 4), (4, 2), (2, 12), (12, 6), (6, 14), (14, 10), (10, 11)], 3: [(1, 13), (13, 5), (5, 3), (3, 7), (7, 15), (15, 8), (8, 9), (9, 16)]}, padri: [45], figli: [16, 37], mosse: [(3, 3, 13, 5, 3)]
51 -> costo: 66950.1, rotte: {2: [(1, 4), (4, 2), (2, 12), (12, 6), (6, 14), (14, 10), (10, 11)], 3: [(1, 13), (13, 3), (3, 5), (5, 7), (7, 8), (8, 9), (9, 16), (16, 15)]}, padri: [15], figli: [16, 17, 18, 18, 18, 20, 55], mosse: [(3, 3, 16, 15, 13)]
52 -> costo: 67668.4, rotte: {2: [(1, 4), (4, 2), (2, 12), (12, 6), (6, 14), (14, 10), (10, 11)], 3: [(1, 13), (13, 15), (15, 5), (5, 3), (3, 7), (7, 8), (8, 9), (9, 16)]}, padri: [15], figli: [53, 54, 65], mosse: [(3, 3, 5, 3, 1)]
53 -> costo: 65801.8, rotte: {2: [(1, 4), (4, 2), (2, 12), (12, 6), (6, 14), (14, 10), (10, 11)], 3: [(1, 13), (13, 5), (5, 3), (3, 7), (7, 15), (15, 8), (8, 9), (9, 16)]}, padri: [52], figli: [16, 37], mosse: [(3, 3, 7, 15, 13)]
54 -> costo: 66073.0, rotte: {2: [(1, 4), (4, 2), (2, 12), (12, 6), (6, 14), (14, 10), (10, 11)], 3: [(1, 13), (13, 5), (5, 3), (3, 7), (7, 8), (8, 15), (15, 9), (9, 16)]}, padri: [52, 65], figli: [17, 55, 64], mosse: [(3, 3, 8, 15, 13), (3, 3, 15, 9, 7)]
55 -> costo: 65741.79999999999, rotte: {2: [(1, 4), (4, 2), (2, 12), (12, 6), (6, 14), (14, 10), (10, 11)], 3: [(1, 5), (5, 3), (3, 13), (13, 7), (7, 8), (8, 15), (15, 9), (9, 16)]}, padri: [54], figli: [56, 58, 37], mosse: [(3, 3, 3, 13, 11)]
56 -> costo: 65159.09999999999, rotte: {2: [(1, 4), (4, 5), (5, 2), (2, 12), (12, 6), (6, 14), (14, 10), (10, 11)], 3: [(1, 3), (3, 13), (13, 7), (7, 8), (8, 15), (15, 9), (9, 16)]}, padri: [55], figli: [57, 30], mosse: [(2, 3, 4, 5, 3)]
57 -> costo: 64716.799999999996, rotte: {2: [(1, 4), (4, 5), (5, 2), (2, 12), (12, 6), (6, 14), (14, 10), (10, 11)], 3: [(1, 13), (13, 3), (3, 7), (7, 8), (8, 15), (15, 9), (9, 16)]}, padri: [56], figli: [31], mosse: [(3, 3, 13, 3, 1)]
58 -> costo: 65159.09999999999, rotte: {2: [(1, 4), (4, 2), (2, 5), (5, 12), (12, 6), (6, 14), (14, 10), (10, 11)], 3: [(1, 3), (3, 13), (13, 7), (7, 8), (8, 15), (15, 9), (9, 16)]}, padri: [55], figli: [59, 61], mosse: [(2, 3, 2, 5, 3)]
59 -> costo: 64716.799999999996, rotte: {2: [(1, 4), (4, 2), (2, 5), (5, 12), (12, 6), (6, 14), (14, 10), (10, 11)], 3: [(1, 13), (13, 3), (3, 7), (7, 8), (8, 15), (15, 9), (9, 16)]}, padri: [58], figli: [60], mosse: [(3, 3, 13, 3, 1)]
60 -> costo: 64445.6, rotte: {2: [(1, 4), (4, 2), (2, 5), (5, 12), (12, 6), (6, 14), (14, 10), (10, 11)], 3: [(1, 13), (13, 3), (3, 7), (7, 15), (15, 8), (8, 9), (9, 16)]}, padri: [59], figli: [], mosse: [(3, 3, 15, 8, 6)]
61 -> costo: 64887.899999999994, rotte: {2: [(1, 4), (4, 2), (2, 5), (5, 12), (12, 6), (6, 14), (14, 10), (10, 11)], 3: [(1, 3), (3, 13), (13, 7), (7, 15), (15, 8), (8, 9), (9, 16)]}, padri: [58], figli: [62, 63], mosse: [(3, 3, 15, 8, 6)]
62 -> costo: 64425.0, rotte: {2: [(1, 4), (4, 2), (2, 5), (5, 12), (12, 6), (6, 14), (14, 10), (10, 11)], 3: [(1, 3), (3, 13), (13, 15), (15, 8), (8, 7), (7, 9), (9, 16)]}, padri: [61], figli: [], mosse: [(3, 3, 8, 7, 5)]
63 -> costo: 64445.6, rotte: {2: [(1, 4), (4, 2), (2, 5), (5, 12), (12, 6), (6, 14), (14, 10), (10, 11)], 3: [(1, 13), (13, 3), (3, 7), (7, 15), (15, 8), (8, 9), (9, 16)]}, padri: [61], figli: [], mosse: [(3, 3, 13, 3, 1)]
64 -> costo: 65801.8, rotte: {2: [(1, 4), (4, 2), (2, 12), (12, 6), (6, 14), (14, 10), (10, 11)], 3: [(1, 13), (13, 5), (5, 3), (3, 7), (7, 15), (15, 8), (8, 9), (9, 16)]}, padri: [54], figli: [16, 37], mosse: [(3, 3, 15, 8, 6)]
65 -> costo: 66587.4, rotte: {2: [(1, 4), (4, 2), (2, 12), (12, 6), (6, 14), (14, 10), (10, 11)], 3: [(1, 13), (13, 5), (5, 3), (3, 7), (7, 8), (8, 9), (9, 15), (15, 16)]}, padri: [52], figli: [66, 54], mosse: [(3, 3, 9, 15, 13)]
66 -> costo: 65636.1, rotte: {2: [(1, 4), (4, 2), (2, 12), (12, 6), (6, 14), (14, 10), (10, 11)], 3: [(1, 13), (13, 5), (5, 3), (3, 7), (7, 9), (9, 8), (8, 15), (15, 16)]}, padri: [65], figli: [19, 67], mosse: [(3, 3, 9, 8, 6)]
67 -> costo: 65304.89999999999, rotte: {2: [(1, 4), (4, 2), (2, 12), (12, 6), (6, 14), (14, 10), (10, 11)], 3: [(1, 5), (5, 3), (3, 13), (13, 7), (7, 9), (9, 8), (8, 15), (15, 16)]}, padri: [66], figli: [68, 70], mosse: [(3, 3, 3, 13, 11)]
68 -> costo: 64722.19999999999, rotte: {2: [(1, 4), (4, 5), (5, 2), (2, 12), (12, 6), (6, 14), (14, 10), (10, 11)], 3: [(1, 3), (3, 13), (13, 7), (7, 9), (9, 8), (8, 15), (15, 16)]}, padri: [67], figli: [69], mosse: [(2, 3, 4, 5, 3)]
69 -> costo: 64279.899999999994, rotte: {2: [(1, 4), (4, 5), (5, 2), (2, 12), (12, 6), (6, 14), (14, 10), (10, 11)], 3: [(1, 13), (13, 3), (3, 7), (7, 9), (9, 8), (8, 15), (15, 16)]}, padri: [68], figli: [], mosse: [(3, 3, 13, 3, 1)]
70 -> costo: 64722.19999999999, rotte: {2: [(1, 4), (4, 2), (2, 5), (5, 12), (12, 6), (6, 14), (14, 10), (10, 11)], 3: [(1, 3), (3, 13), (13, 7), (7, 9), (9, 8), (8, 15), (15, 16)]}, padri: [67], figli: [71], mosse: [(2, 3, 2, 5, 3)]
71 -> costo: 64279.899999999994, rotte: {2: [(1, 4), (4, 2), (2, 5), (5, 12), (12, 6), (6, 14), (14, 10), (10, 11)], 3: [(1, 13), (13, 3), (3, 7), (7, 9), (9, 8), (8, 15), (15, 16)]}, padri: [70], figli: [], mosse: [(3, 3, 13, 3, 1)]
bestSolutionIndice: 69
69 -> costo: 64279.899999999994, rotte: {2: [(1, 4), (4, 5), (5, 2), (2, 12), (12, 6), (6, 14), (14, 10), (10, 11)], 3: [(1, 13), (13, 3), (3, 7), (7, 9), (9, 8), (8, 15), (15, 16)]}, padri: [68], figli: [], mosse: [(3, 3, 13, 3, 1)]
trasportoPalletDiGamma: {2: [(4, 2), (5, 3), (2, 12), (12, 10), (6, 4), (14, 12), (10, 8), (11, 9)], 3: [(13, 11), (3, 1), (7, 5), (9, 7), (8, 6), (15, 13), (16, 14)]}
itMosseLS: 113, itMosseTS: 100
time elapsed: 924.68s.


##########################################################################################
s: 1
dictSolutions[1]:
0 -> costo: 109044.6, rotte: {3: [(1, 15), (15, 5), (5, 2), (2, 4), (4, 9), (9, 14), (14, 16)], 2: [(1, 10), (10, 3), (3, 12), (12, 13), (13, 11), (11, 8), (8, 6), (6, 7), (7, 16)]}, padri: [-1], figli: [1], mosse: [-1]
1 -> costo: 88963.9, rotte: {3: [(1, 15), (15, 5), (5, 2), (2, 4), (4, 9), (9, 14), (14, 16)], 2: [(1, 10), (10, 3), (3, 12), (12, 13), (13, 8), (8, 6), (6, 7), (7, 16), (16, 11)]}, padri: [0], figli: [2], mosse: [(2, 2, 16, 11, 9)]
2 -> costo: 82537.1, rotte: {3: [(1, 5), (5, 2), (2, 4), (4, 9), (9, 14), (14, 15), (15, 16)], 2: [(1, 10), (10, 3), (3, 12), (12, 13), (13, 8), (8, 6), (6, 7), (7, 16), (16, 11)]}, padri: [1], figli: [3], mosse: [(3, 3, 14, 15, 13)]
3 -> costo: 76653.3, rotte: {3: [(1, 5), (5, 2), (2, 4), (4, 9), (9, 14), (14, 15), (15, 16)], 2: [(1, 10), (10, 3), (3, 12), (12, 8), (8, 6), (6, 7), (7, 16), (16, 13), (13, 11)]}, padri: [2], figli: [4], mosse: [(2, 2, 16, 13, 11)]
4 -> costo: 74860.7, rotte: {3: [(1, 5), (5, 2), (2, 4), (4, 9), (9, 14), (14, 15), (15, 16)], 2: [(1, 3), (3, 12), (12, 8), (8, 6), (6, 7), (7, 16), (16, 13), (13, 10), (10, 11)]}, padri: [3], figli: [5, 8], mosse: [(2, 2, 13, 10, 8)]
5 -> costo: 73688.9, rotte: {3: [(1, 5), (5, 2), (2, 4), (4, 14), (14, 15), (15, 9), (9, 16)], 2: [(1, 3), (3, 12), (12, 8), (8, 6), (6, 7), (7, 16), (16, 13), (13, 10), (10, 11)]}, padri: [4], figli: [6, 9], mosse: [(3, 3, 15, 9, 7)]
6 -> costo: 72589.7, rotte: {3: [(1, 5), (5, 2), (2, 4), (4, 14), (14, 15), (15, 9), (9, 16)], 2: [(1, 3), (3, 12), (12, 8), (8, 7), (7, 16), (16, 6), (6, 13), (13, 10), (10, 11)]}, padri: [5, 8], figli: [7, 10], mosse: [(2, 2, 16, 6, 4), (3, 3, 15, 9, 7)]
7 -> costo: 71558.59999999999, rotte: {3: [(1, 5), (5, 2), (2, 4), (4, 14), (14, 15), (15, 9), (9, 16)], 2: [(1, 3), (3, 12), (12, 8), (8, 16), (16, 7), (7, 6), (6, 13), (13, 10), (10, 11)]}, padri: [6, 9], figli: [], mosse: [(2, 2, 16, 7, 5), (3, 3, 15, 9, 7)]
8 -> costo: 73761.5, rotte: {3: [(1, 5), (5, 2), (2, 4), (4, 9), (9, 14), (14, 15), (15, 16)], 2: [(1, 3), (3, 12), (12, 8), (8, 7), (7, 16), (16, 6), (6, 13), (13, 10), (10, 11)]}, padri: [4], figli: [6, 9, 18], mosse: [(2, 2, 16, 6, 4)]
9 -> costo: 72730.4, rotte: {3: [(1, 5), (5, 2), (2, 4), (4, 9), (9, 14), (14, 15), (15, 16)], 2: [(1, 3), (3, 12), (12, 8), (8, 16), (16, 7), (7, 6), (6, 13), (13, 10), (10, 11)]}, padri: [8], figli: [7, 10, 29], mosse: [(2, 2, 16, 7, 5)]
10 -> costo: 72651.2, rotte: {3: [(1, 2), (2, 4), (4, 5), (5, 9), (9, 14), (14, 15), (15, 16)], 2: [(1, 3), (3, 12), (12, 8), (8, 16), (16, 7), (7, 6), (6, 13), (13, 10), (10, 11)]}, padri: [9, 18], figli: [11, 13, 16, 24], mosse: [(3, 3, 4, 5, 3), (2, 2, 16, 7, 5)]
11 -> costo: 71536.9, rotte: {3: [(1, 4), (4, 2), (2, 5), (5, 9), (9, 14), (14, 15), (15, 16)], 2: [(1, 3), (3, 12), (12, 8), (8, 16), (16, 7), (7, 6), (6, 13), (13, 10), (10, 11)]}, padri: [10, 16, 19], figli: [12, 14, 15], mosse: [(3, 3, 4, 2, 12), (3, 3, 2, 5, 3), (2, 2, 16, 7, 5)]
12 -> costo: 70473.9, rotte: {3: [(1, 4), (4, 2), (2, 5), (5, 14), (14, 15), (15, 9), (9, 16)], 2: [(1, 3), (3, 12), (12, 8), (8, 16), (16, 7), (7, 6), (6, 13), (13, 10), (10, 11)]}, padri: [11, 13, 20], figli: [], mosse: [(3, 3, 15, 9, 7), (3, 3, 4, 2, 12), (2, 2, 16, 7, 5)]
13 -> costo: 71588.19999999998, rotte: {3: [(1, 2), (2, 4), (4, 5), (5, 14), (14, 15), (15, 9), (9, 16)], 2: [(1, 3), (3, 12), (12, 8), (8, 16), (16, 7), (7, 6), (6, 13), (13, 10), (10, 11)]}, padri: [10, 21], figli: [12, 14, 15], mosse: [(3, 3, 15, 9, 7), (2, 2, 16, 7, 5)]
14 -> costo: 70473.9, rotte: {3: [(1, 4), (4, 5), (5, 2), (2, 14), (14, 15), (15, 9), (9, 16)], 2: [(1, 3), (3, 12), (12, 8), (8, 16), (16, 7), (7, 6), (6, 13), (13, 10), (10, 11)]}, padri: [11, 13], figli: [], mosse: [(3, 3, 5, 2, 12)]
15 -> costo: 71558.59999999999, rotte: {3: [(1, 2), (2, 5), (5, 4), (4, 14), (14, 15), (15, 9), (9, 16)], 2: [(1, 3), (3, 12), (12, 8), (8, 16), (16, 7), (7, 6), (6, 13), (13, 10), (10, 11)]}, padri: [11, 13], figli: [], mosse: [(3, 3, 5, 4, 2)]
16 -> costo: 71616.09999999999, rotte: {3: [(1, 4), (4, 5), (5, 2), (2, 9), (9, 14), (14, 15), (15, 16)], 2: [(1, 3), (3, 12), (12, 8), (8, 16), (16, 7), (7, 6), (6, 13), (13, 10), (10, 11)]}, padri: [10, 26], figli: [17, 11], mosse: [(3, 3, 5, 2, 12), (2, 2, 16, 7, 5)]
17 -> costo: 70473.9, rotte: {3: [(1, 4), (4, 5), (5, 2), (2, 14), (14, 15), (15, 9), (9, 16)], 2: [(1, 3), (3, 12), (12, 8), (8, 16), (16, 7), (7, 6), (6, 13), (13, 10), (10, 11)]}, padri: [16], figli: [], mosse: [(3, 3, 15, 9, 7)]
18 -> costo: 73682.3, rotte: {3: [(1, 2), (2, 4), (4, 5), (5, 9), (9, 14), (14, 15), (15, 16)], 2: [(1, 3), (3, 12), (12, 8), (8, 7), (7, 16), (16, 6), (6, 13), (13, 10), (10, 11)]}, padri: [8], figli: [19, 21, 26, 10, 29], mosse: [(3, 3, 4, 5, 3)]
19 -> costo: 72568.0, rotte: {3: [(1, 4), (4, 2), (2, 5), (5, 9), (9, 14), (14, 15), (15, 16)], 2: [(1, 3), (3, 12), (12, 8), (8, 7), (7, 16), (16, 6), (6, 13), (13, 10), (10, 11)]}, padri: [18, 26], figli: [20, 11, 22], mosse: [(3, 3, 4, 2, 12), (3, 3, 2, 5, 3)]
20 -> costo: 71505.0, rotte: {3: [(1, 4), (4, 2), (2, 5), (5, 14), (14, 15), (15, 9), (9, 16)], 2: [(1, 3), (3, 12), (12, 8), (8, 7), (7, 16), (16, 6), (6, 13), (13, 10), (10, 11)]}, padri: [19, 21], figli: [12], mosse: [(3, 3, 15, 9, 7), (3, 3, 4, 2, 12)]
21 -> costo: 72619.29999999999, rotte: {3: [(1, 2), (2, 4), (4, 5), (5, 14), (14, 15), (15, 9), (9, 16)], 2: [(1, 3), (3, 12), (12, 8), (8, 7), (7, 16), (16, 6), (6, 13), (13, 10), (10, 11)]}, padri: [18], figli: [20, 22, 13, 24], mosse: [(3, 3, 15, 9, 7)]
22 -> costo: 71505.0, rotte: {3: [(1, 4), (4, 5), (5, 2), (2, 14), (14, 15), (15, 9), (9, 16)], 2: [(1, 3), (3, 12), (12, 8), (8, 7), (7, 16), (16, 6), (6, 13), (13, 10), (10, 11)]}, padri: [19, 21], figli: [23], mosse: [(3, 3, 5, 2, 12)]
23 -> costo: 70473.9, rotte: {3: [(1, 4), (4, 5), (5, 2), (2, 14), (14, 15), (15, 9), (9, 16)], 2: [(1, 3), (3, 12), (12, 8), (8, 16), (16, 7), (7, 6), (6, 13), (13, 10), (10, 11)]}, padri: [22], figli: [], mosse: [(2, 2, 16, 7, 5)]
24 -> costo: 72589.7, rotte: {3: [(1, 2), (2, 5), (5, 4), (4, 14), (14, 15), (15, 9), (9, 16)], 2: [(1, 3), (3, 12), (12, 8), (8, 7), (7, 16), (16, 6), (6, 13), (13, 10), (10, 11)]}, padri: [10, 21], figli: [25], mosse: [(3, 3, 5, 4, 2)]
25 -> costo: 71558.59999999999, rotte: {3: [(1, 2), (2, 5), (5, 4), (4, 14), (14, 15), (15, 9), (9, 16)], 2: [(1, 3), (3, 12), (12, 8), (8, 16), (16, 7), (7, 6), (6, 13), (13, 10), (10, 11)]}, padri: [24], figli: [], mosse: [(2, 2, 16, 7, 5)]
26 -> costo: 72647.2, rotte: {3: [(1, 4), (4, 5), (5, 2), (2, 9), (9, 14), (14, 15), (15, 16)], 2: [(1, 3), (3, 12), (12, 8), (8, 7), (7, 16), (16, 6), (6, 13), (13, 10), (10, 11)]}, padri: [18], figli: [27, 16, 19], mosse: [(3, 3, 5, 2, 12)]
27 -> costo: 71505.0, rotte: {3: [(1, 4), (4, 5), (5, 2), (2, 14), (14, 15), (15, 9), (9, 16)], 2: [(1, 3), (3, 12), (12, 8), (8, 7), (7, 16), (16, 6), (6, 13), (13, 10), (10, 11)]}, padri: [26], figli: [28], mosse: [(3, 3, 15, 9, 7)]
28 -> costo: 70473.9, rotte: {3: [(1, 4), (4, 5), (5, 2), (2, 14), (14, 15), (15, 9), (9, 16)], 2: [(1, 3), (3, 12), (12, 8), (8, 16), (16, 7), (7, 6), (6, 13), (13, 10), (10, 11)]}, padri: [27], figli: [], mosse: [(2, 2, 16, 7, 5)]
29 -> costo: 73682.29999999999, rotte: {3: [(1, 2), (2, 4), (4, 5), (5, 9), (9, 14), (14, 15), (15, 16)], 2: [(1, 3), (3, 8), (8, 12), (12, 7), (7, 16), (16, 6), (6, 13), (13, 10), (10, 11)]}, padri: [18], figli: [30, 35, 46, 58], mosse: [(2, 2, 8, 12, 10)]
30 -> costo: 72568.0, rotte: {3: [(1, 4), (4, 2), (2, 5), (5, 9), (9, 14), (14, 15), (15, 16)], 2: [(1, 3), (3, 8), (8, 12), (12, 7), (7, 16), (16, 6), (6, 13), (13, 10), (10, 11)]}, padri: [29], figli: [31, 33], mosse: [(3, 3, 4, 2, 12)]
31 -> costo: 71505.0, rotte: {3: [(1, 4), (4, 2), (2, 5), (5, 14), (14, 15), (15, 9), (9, 16)], 2: [(1, 3), (3, 8), (8, 12), (12, 7), (7, 16), (16, 6), (6, 13), (13, 10), (10, 11)]}, padri: [30], figli: [32], mosse: [(3, 3, 15, 9, 7)]
32 -> costo: 70473.9, rotte: {3: [(1, 4), (4, 2), (2, 5), (5, 14), (14, 15), (15, 9), (9, 16)], 2: [(1, 3), (3, 8), (8, 12), (12, 16), (16, 7), (7, 6), (6, 13), (13, 10), (10, 11)]}, padri: [31], figli: [], mosse: [(2, 2, 16, 7, 5)]
33 -> costo: 71536.9, rotte: {3: [(1, 4), (4, 2), (2, 5), (5, 9), (9, 14), (14, 15), (15, 16)], 2: [(1, 3), (3, 8), (8, 12), (12, 16), (16, 7), (7, 6), (6, 13), (13, 10), (10, 11)]}, padri: [30], figli: [34], mosse: [(2, 2, 16, 7, 5)]
34 -> costo: 70473.9, rotte: {3: [(1, 4), (4, 2), (2, 5), (5, 14), (14, 15), (15, 9), (9, 16)], 2: [(1, 3), (3, 8), (8, 12), (12, 16), (16, 7), (7, 6), (6, 13), (13, 10), (10, 11)]}, padri: [33], figli: [], mosse: [(3, 3, 15, 9, 7)]
35 -> costo: 72619.29999999999, rotte: {3: [(1, 2), (2, 4), (4, 5), (5, 14), (14, 15), (15, 9), (9, 16)], 2: [(1, 3), (3, 8), (8, 12), (12, 7), (7, 16), (16, 6), (6, 13), (13, 10), (10, 11)]}, padri: [29], figli: [36, 38, 40, 44], mosse: [(3, 3, 15, 9, 7)]
36 -> costo: 71505.0, rotte: {3: [(1, 4), (4, 2), (2, 5), (5, 14), (14, 15), (15, 9), (9, 16)], 2: [(1, 3), (3, 8), (8, 12), (12, 7), (7, 16), (16, 6), (6, 13), (13, 10), (10, 11)]}, padri: [35], figli: [37], mosse: [(3, 3, 4, 2, 12)]
37 -> costo: 70473.9, rotte: {3: [(1, 4), (4, 2), (2, 5), (5, 14), (14, 15), (15, 9), (9, 16)], 2: [(1, 3), (3, 8), (8, 12), (12, 16), (16, 7), (7, 6), (6, 13), (13, 10), (10, 11)]}, padri: [36], figli: [], mosse: [(2, 2, 16, 7, 5)]
38 -> costo: 71505.0, rotte: {3: [(1, 4), (4, 5), (5, 2), (2, 14), (14, 15), (15, 9), (9, 16)], 2: [(1, 3), (3, 8), (8, 12), (12, 7), (7, 16), (16, 6), (6, 13), (13, 10), (10, 11)]}, padri: [35], figli: [39], mosse: [(3, 3, 5, 2, 12)]
39 -> costo: 70473.9, rotte: {3: [(1, 4), (4, 5), (5, 2), (2, 14), (14, 15), (15, 9), (9, 16)], 2: [(1, 3), (3, 8), (8, 12), (12, 16), (16, 7), (7, 6), (6, 13), (13, 10), (10, 11)]}, padri: [38], figli: [], mosse: [(2, 2, 16, 7, 5)]
40 -> costo: 71588.19999999998, rotte: {3: [(1, 2), (2, 4), (4, 5), (5, 14), (14, 15), (15, 9), (9, 16)], 2: [(1, 3), (3, 8), (8, 12), (12, 16), (16, 7), (7, 6), (6, 13), (13, 10), (10, 11)]}, padri: [35], figli: [41, 42, 43], mosse: [(2, 2, 16, 7, 5)]
41 -> costo: 70473.9, rotte: {3: [(1, 4), (4, 2), (2, 5), (5, 14), (14, 15), (15, 9), (9, 16)], 2: [(1, 3), (3, 8), (8, 12), (12, 16), (16, 7), (7, 6), (6, 13), (13, 10), (10, 11)]}, padri: [40], figli: [], mosse: [(3, 3, 4, 2, 12)]
42 -> costo: 70473.9, rotte: {3: [(1, 4), (4, 5), (5, 2), (2, 14), (14, 15), (15, 9), (9, 16)], 2: [(1, 3), (3, 8), (8, 12), (12, 16), (16, 7), (7, 6), (6, 13), (13, 10), (10, 11)]}, padri: [40], figli: [], mosse: [(3, 3, 5, 2, 12)]
43 -> costo: 71558.59999999999, rotte: {3: [(1, 2), (2, 5), (5, 4), (4, 14), (14, 15), (15, 9), (9, 16)], 2: [(1, 3), (3, 8), (8, 12), (12, 16), (16, 7), (7, 6), (6, 13), (13, 10), (10, 11)]}, padri: [40], figli: [], mosse: [(3, 3, 5, 4, 2)]
44 -> costo: 72589.7, rotte: {3: [(1, 2), (2, 5), (5, 4), (4, 14), (14, 15), (15, 9), (9, 16)], 2: [(1, 3), (3, 8), (8, 12), (12, 7), (7, 16), (16, 6), (6, 13), (13, 10), (10, 11)]}, padri: [35], figli: [45], mosse: [(3, 3, 5, 4, 2)]
45 -> costo: 71558.59999999999, rotte: {3: [(1, 2), (2, 5), (5, 4), (4, 14), (14, 15), (15, 9), (9, 16)], 2: [(1, 3), (3, 8), (8, 12), (12, 16), (16, 7), (7, 6), (6, 13), (13, 10), (10, 11)]}, padri: [44], figli: [], mosse: [(2, 2, 16, 7, 5)]
46 -> costo: 72647.2, rotte: {3: [(1, 4), (4, 5), (5, 2), (2, 9), (9, 14), (14, 15), (15, 16)], 2: [(1, 3), (3, 8), (8, 12), (12, 7), (7, 16), (16, 6), (6, 13), (13, 10), (10, 11)]}, padri: [29], figli: [47, 49, 53], mosse: [(3, 3, 5, 2, 12)]
47 -> costo: 71505.0, rotte: {3: [(1, 4), (4, 5), (5, 2), (2, 14), (14, 15), (15, 9), (9, 16)], 2: [(1, 3), (3, 8), (8, 12), (12, 7), (7, 16), (16, 6), (6, 13), (13, 10), (10, 11)]}, padri: [46], figli: [48], mosse: [(3, 3, 15, 9, 7)]
48 -> costo: 70473.9, rotte: {3: [(1, 4), (4, 5), (5, 2), (2, 14), (14, 15), (15, 9), (9, 16)], 2: [(1, 3), (3, 8), (8, 12), (12, 16), (16, 7), (7, 6), (6, 13), (13, 10), (10, 11)]}, padri: [47], figli: [], mosse: [(2, 2, 16, 7, 5)]
49 -> costo: 71616.09999999999, rotte: {3: [(1, 4), (4, 5), (5, 2), (2, 9), (9, 14), (14, 15), (15, 16)], 2: [(1, 3), (3, 8), (8, 12), (12, 16), (16, 7), (7, 6), (6, 13), (13, 10), (10, 11)]}, padri: [46], figli: [50, 51], mosse: [(2, 2, 16, 7, 5)]
50 -> costo: 70473.9, rotte: {3: [(1, 4), (4, 5), (5, 2), (2, 14), (14, 15), (15, 9), (9, 16)], 2: [(1, 3), (3, 8), (8, 12), (12, 16), (16, 7), (7, 6), (6, 13), (13, 10), (10, 11)]}, padri: [49], figli: [], mosse: [(3, 3, 15, 9, 7)]
51 -> costo: 71536.9, rotte: {3: [(1, 4), (4, 2), (2, 5), (5, 9), (9, 14), (14, 15), (15, 16)], 2: [(1, 3), (3, 8), (8, 12), (12, 16), (16, 7), (7, 6), (6, 13), (13, 10), (10, 11)]}, padri: [49], figli: [52], mosse: [(3, 3, 2, 5, 3)]
52 -> costo: 70473.9, rotte: {3: [(1, 4), (4, 2), (2, 5), (5, 14), (14, 15), (15, 9), (9, 16)], 2: [(1, 3), (3, 8), (8, 12), (12, 16), (16, 7), (7, 6), (6, 13), (13, 10), (10, 11)]}, padri: [51], figli: [], mosse: [(3, 3, 15, 9, 7)]
53 -> costo: 72568.0, rotte: {3: [(1, 4), (4, 2), (2, 5), (5, 9), (9, 14), (14, 15), (15, 16)], 2: [(1, 3), (3, 8), (8, 12), (12, 7), (7, 16), (16, 6), (6, 13), (13, 10), (10, 11)]}, padri: [46], figli: [54, 56], mosse: [(3, 3, 2, 5, 3)]
54 -> costo: 71505.0, rotte: {3: [(1, 4), (4, 2), (2, 5), (5, 14), (14, 15), (15, 9), (9, 16)], 2: [(1, 3), (3, 8), (8, 12), (12, 7), (7, 16), (16, 6), (6, 13), (13, 10), (10, 11)]}, padri: [53], figli: [55], mosse: [(3, 3, 15, 9, 7)]
55 -> costo: 70473.9, rotte: {3: [(1, 4), (4, 2), (2, 5), (5, 14), (14, 15), (15, 9), (9, 16)], 2: [(1, 3), (3, 8), (8, 12), (12, 16), (16, 7), (7, 6), (6, 13), (13, 10), (10, 11)]}, padri: [54], figli: [], mosse: [(2, 2, 16, 7, 5)]
56 -> costo: 71536.9, rotte: {3: [(1, 4), (4, 2), (2, 5), (5, 9), (9, 14), (14, 15), (15, 16)], 2: [(1, 3), (3, 8), (8, 12), (12, 16), (16, 7), (7, 6), (6, 13), (13, 10), (10, 11)]}, padri: [53], figli: [57], mosse: [(2, 2, 16, 7, 5)]
57 -> costo: 70473.9, rotte: {3: [(1, 4), (4, 2), (2, 5), (5, 14), (14, 15), (15, 9), (9, 16)], 2: [(1, 3), (3, 8), (8, 12), (12, 16), (16, 7), (7, 6), (6, 13), (13, 10), (10, 11)]}, padri: [56], figli: [], mosse: [(3, 3, 15, 9, 7)]
58 -> costo: 72651.19999999998, rotte: {3: [(1, 2), (2, 4), (4, 5), (5, 9), (9, 14), (14, 15), (15, 16)], 2: [(1, 3), (3, 8), (8, 12), (12, 16), (16, 7), (7, 6), (6, 13), (13, 10), (10, 11)]}, padri: [29], figli: [59, 61], mosse: [(2, 2, 16, 7, 5)]
59 -> costo: 71536.9, rotte: {3: [(1, 4), (4, 2), (2, 5), (5, 9), (9, 14), (14, 15), (15, 16)], 2: [(1, 3), (3, 8), (8, 12), (12, 16), (16, 7), (7, 6), (6, 13), (13, 10), (10, 11)]}, padri: [58], figli: [60], mosse: [(3, 3, 4, 2, 12)]
60 -> costo: 70473.9, rotte: {3: [(1, 4), (4, 2), (2, 5), (5, 14), (14, 15), (15, 9), (9, 16)], 2: [(1, 3), (3, 8), (8, 12), (12, 16), (16, 7), (7, 6), (6, 13), (13, 10), (10, 11)]}, padri: [59], figli: [], mosse: [(3, 3, 15, 9, 7)]
61 -> costo: 71588.19999999998, rotte: {3: [(1, 2), (2, 4), (4, 5), (5, 14), (14, 15), (15, 9), (9, 16)], 2: [(1, 3), (3, 8), (8, 12), (12, 16), (16, 7), (7, 6), (6, 13), (13, 10), (10, 11)]}, padri: [58], figli: [62, 63], mosse: [(3, 3, 15, 9, 7)]
62 -> costo: 70473.9, rotte: {3: [(1, 4), (4, 2), (2, 5), (5, 14), (14, 15), (15, 9), (9, 16)], 2: [(1, 3), (3, 8), (8, 12), (12, 16), (16, 7), (7, 6), (6, 13), (13, 10), (10, 11)]}, padri: [61], figli: [], mosse: [(3, 3, 4, 2, 12)]
63 -> costo: 70473.9, rotte: {3: [(1, 4), (4, 5), (5, 2), (2, 14), (14, 15), (15, 9), (9, 16)], 2: [(1, 3), (3, 8), (8, 12), (12, 16), (16, 7), (7, 6), (6, 13), (13, 10), (10, 11)]}, padri: [61], figli: [], mosse: [(3, 3, 5, 2, 12)]
bestSolutionIndice: 12
12 -> costo: 70473.9, rotte: {3: [(1, 4), (4, 2), (2, 5), (5, 14), (14, 15), (15, 9), (9, 16)], 2: [(1, 3), (3, 12), (12, 8), (8, 16), (16, 7), (7, 6), (6, 13), (13, 10), (10, 11)]}, padri: [11, 13, 20], figli: [], mosse: [(3, 3, 15, 9, 7), (3, 3, 4, 2, 12), (2, 2, 16, 7, 5)]
trasportoPalletDiGamma: {3: [(4, 2), (2, 12), (5, 3), (14, 12), (15, 13), (9, 7), (16, 11)], 2: [(3, 1), (12, 10), (8, 6), (16, 3), (7, 5), (6, 4), (13, 11), (10, 8), (11, 9)]}
itMosseLS: 74, itMosseTS: 65
time elapsed: 634.78s.


