itNSIMax: 10, itMosseTSMax: 30.
##########################################################################################
s: 1
dictSolutions[1]:
0 -> costo: 156140.6, rotte: {2: [(1, 9), (9, 5), (5, 4), (4, 14), (14, 15), (15, 2), (2, 11)], 3: [(1, 16), (16, 13), (13, 17), (17, 7), (7, 8), (8, 12)], 4: [(1, 10), (10, 3), (3, 6), (6, 11)]}, padri: [-1], figli: [1], mosse: [-1]
1 -> costo: 130700.1, rotte: {2: [(1, 9), (9, 5), (5, 4), (4, 14), (14, 15), (15, 2), (2, 11)], 3: [(1, 16), (16, 17), (17, 7), (7, 8), (8, 13), (13, 12)], 4: [(1, 10), (10, 3), (3, 6), (6, 11)]}, padri: [0], figli: [2], mosse: [(3, 3, 8, 13, 2)]
2 -> costo: 122503.09999999999, rotte: {2: [(1, 9), (9, 5), (5, 4), (4, 14), (14, 2), (2, 11), (11, 15)], 3: [(1, 16), (16, 17), (17, 7), (7, 8), (8, 13), (13, 12)], 4: [(1, 10), (10, 3), (3, 6), (6, 11)]}, padri: [1], figli: [3], mosse: [(2, 2, 11, 15, 4)]
3 -> costo: 110619.6, rotte: {2: [(1, 9), (9, 5), (5, 4), (4, 2), (2, 14), (14, 11), (11, 15)], 3: [(1, 16), (16, 17), (17, 7), (7, 8), (8, 13), (13, 12)], 4: [(1, 10), (10, 3), (3, 6), (6, 11)]}, padri: [2], figli: [4], mosse: [(2, 2, 2, 14, 3)]
4 -> costo: 105046.8, rotte: {2: [(1, 5), (5, 4), (4, 2), (2, 14), (14, 11), (11, 15)], 3: [(1, 16), (16, 17), (17, 7), (7, 9), (9, 8), (8, 13), (13, 12)], 4: [(1, 10), (10, 3), (3, 6), (6, 11)]}, padri: [3], figli: [5], mosse: [(3, 2, 7, 9, 18)]
5 -> costo: 97963.40000000001, rotte: {2: [(1, 5), (5, 4), (4, 2), (2, 14), (14, 11), (11, 15)], 3: [(1, 16), (16, 17), (17, 7), (7, 9), (9, 8), (8, 13), (13, 12)], 4: [(1, 10), (10, 3), (3, 6)]}, padri: [4], figli: [6, 18], mosse: [(2, 4, 1, 11, 19)]
6 -> costo: 97425.20000000001, rotte: {2: [(1, 4), (4, 2), (2, 14), (14, 11), (11, 15)], 3: [(1, 16), (16, 17), (17, 7), (7, 9), (9, 8), (8, 13), (13, 12)], 4: [(1, 10), (10, 3), (3, 5), (5, 6)]}, padri: [5], figli: [7, 13], mosse: [(4, 2, 3, 5, 14)]
7 -> costo: 97213.40000000001, rotte: {2: [(1, 2), (2, 4), (4, 14), (14, 11), (11, 15)], 3: [(1, 16), (16, 17), (17, 7), (7, 9), (9, 8), (8, 13), (13, 12)], 4: [(1, 10), (10, 3), (3, 5), (5, 6)]}, padri: [6], figli: [8, 14], mosse: [(2, 2, 2, 4, 13)]
8 -> costo: 97009.4, rotte: {2: [(1, 2), (2, 4), (4, 14), (14, 11), (11, 15)], 3: [(1, 16), (16, 17), (17, 7), (7, 9), (9, 8), (8, 13), (13, 12)], 4: [(1, 3), (3, 5), (5, 6), (6, 10)]}, padri: [7, 13], figli: [9, 11], mosse: [(4, 4, 6, 10, 19), (2, 2, 2, 4, 13)]
9 -> costo: 96948.90000000001, rotte: {2: [(1, 2), (2, 4), (4, 3), (3, 14), (14, 11), (11, 15)], 3: [(1, 16), (16, 17), (17, 7), (7, 9), (9, 8), (8, 13), (13, 12)], 4: [(1, 5), (5, 6), (6, 10)]}, padri: [8, 11], figli: [10], mosse: [(2, 4, 4, 3, 12), (2, 2, 4, 3, 12)]
10 -> costo: 96942.2, rotte: {2: [(1, 4), (4, 3), (3, 14), (14, 11), (11, 15)], 3: [(1, 16), (16, 17), (17, 7), (7, 9), (9, 8), (8, 13), (13, 12)], 4: [(1, 2), (2, 5), (5, 6), (6, 10)]}, padri: [9], figli: [], mosse: [(4, 2, 1, 2, 11)]
11 -> costo: 96955.1, rotte: {2: [(1, 2), (2, 3), (3, 4), (4, 14), (14, 11), (11, 15)], 3: [(1, 16), (16, 17), (17, 7), (7, 9), (9, 8), (8, 13), (13, 12)], 4: [(1, 5), (5, 6), (6, 10)]}, padri: [8], figli: [12, 9], mosse: [(2, 4, 2, 3, 12)]
12 -> costo: 96942.2, rotte: {2: [(1, 3), (3, 4), (4, 14), (14, 11), (11, 15)], 3: [(1, 16), (16, 17), (17, 7), (7, 9), (9, 8), (8, 13), (13, 12)], 4: [(1, 2), (2, 5), (5, 6), (6, 10)]}, padri: [11], figli: [], mosse: [(4, 2, 1, 2, 11)]
13 -> costo: 97221.2, rotte: {2: [(1, 4), (4, 2), (2, 14), (14, 11), (11, 15)], 3: [(1, 16), (16, 17), (17, 7), (7, 9), (9, 8), (8, 13), (13, 12)], 4: [(1, 3), (3, 5), (5, 6), (6, 10)]}, padri: [6], figli: [8, 14, 15], mosse: [(4, 4, 6, 10, 19)]
14 -> costo: 97160.70000000001, rotte: {2: [(1, 3), (3, 4), (4, 2), (2, 14), (14, 11), (11, 15)], 3: [(1, 16), (16, 17), (17, 7), (7, 9), (9, 8), (8, 13), (13, 12)], 4: [(1, 5), (5, 6), (6, 10)]}, padri: [13, 15], figli: [], mosse: [(2, 4, 1, 3, 12), (2, 2, 3, 4, 13)]
15 -> costo: 97166.90000000002, rotte: {2: [(1, 4), (4, 3), (3, 2), (2, 14), (14, 11), (11, 15)], 3: [(1, 16), (16, 17), (17, 7), (7, 9), (9, 8), (8, 13), (13, 12)], 4: [(1, 5), (5, 6), (6, 10)]}, padri: [13], figli: [16, 14], mosse: [(2, 4, 4, 3, 12)]
16 -> costo: 97145.3, rotte: {2: [(1, 3), (3, 2), (2, 14), (14, 11), (11, 15)], 3: [(1, 16), (16, 17), (17, 7), (7, 9), (9, 8), (8, 13), (13, 12)], 4: [(1, 4), (4, 5), (5, 6), (6, 10)]}, padri: [15], figli: [17], mosse: [(4, 2, 1, 4, 13)]
17 -> costo: 96933.5, rotte: {2: [(1, 2), (2, 3), (3, 14), (14, 11), (11, 15)], 3: [(1, 16), (16, 17), (17, 7), (7, 9), (9, 8), (8, 13), (13, 12)], 4: [(1, 4), (4, 5), (5, 6), (6, 10)]}, padri: [16], figli: [], mosse: [(2, 2, 2, 3, 12)]
18 -> costo: 97745.1, rotte: {2: [(1, 5), (5, 4), (4, 2), (2, 14), (14, 11), (11, 15)], 3: [(1, 16), (16, 17), (17, 7), (7, 9), (9, 8), (8, 13), (13, 12)], 4: [(1, 3), (3, 10), (10, 6)]}, padri: [5], figli: [19], mosse: [(4, 4, 3, 10, 19)]
19 -> costo: 97600.5, rotte: {2: [(1, 4), (4, 2), (2, 14), (14, 11), (11, 15)], 3: [(1, 16), (16, 17), (17, 7), (7, 9), (9, 8), (8, 13), (13, 12)], 4: [(1, 3), (3, 10), (10, 6), (6, 5)]}, padri: [18], figli: [20, 21, 22, 25], mosse: [(4, 2, 6, 5, 14)]
20 -> costo: 97139.20000000001, rotte: {2: [(1, 3), (3, 4), (4, 2), (2, 14), (14, 11), (11, 15)], 3: [(1, 16), (16, 17), (17, 7), (7, 9), (9, 8), (8, 13), (13, 12)], 4: [(1, 10), (10, 6), (6, 5)]}, padri: [19, 21, 26], figli: [], mosse: [(2, 4, 1, 3, 12), (2, 2, 3, 4, 13), (2, 2, 4, 2, 11)]
21 -> costo: 97145.40000000002, rotte: {2: [(1, 4), (4, 3), (3, 2), (2, 14), (14, 11), (11, 15)], 3: [(1, 16), (16, 17), (17, 7), (7, 9), (9, 8), (8, 13), (13, 12)], 4: [(1, 10), (10, 6), (6, 5)]}, padri: [19, 22], figli: [20], mosse: [(2, 4, 4, 3, 12), (2, 2, 3, 2, 11)]
22 -> costo: 97283.40000000002, rotte: {2: [(1, 4), (4, 2), (2, 3), (3, 14), (14, 11), (11, 15)], 3: [(1, 16), (16, 17), (17, 7), (7, 9), (9, 8), (8, 13), (13, 12)], 4: [(1, 10), (10, 6), (6, 5)]}, padri: [19], figli: [23, 24, 21, 26], mosse: [(2, 4, 2, 3, 12)]
23 -> costo: 96927.40000000001, rotte: {2: [(1, 2), (2, 4), (4, 3), (3, 14), (14, 11), (11, 15)], 3: [(1, 16), (16, 17), (17, 7), (7, 9), (9, 8), (8, 13), (13, 12)], 4: [(1, 10), (10, 6), (6, 5)]}, padri: [22, 24, 25, 26], figli: [], mosse: [(2, 2, 2, 4, 13), (2, 2, 4, 3, 12), (2, 4, 4, 3, 12), (2, 2, 4, 3, 12)]
24 -> costo: 96933.6, rotte: {2: [(1, 2), (2, 3), (3, 4), (4, 14), (14, 11), (11, 15)], 3: [(1, 16), (16, 17), (17, 7), (7, 9), (9, 8), (8, 13), (13, 12)], 4: [(1, 10), (10, 6), (6, 5)]}, padri: [22, 25, 26], figli: [23], mosse: [(2, 2, 3, 4, 13), (2, 4, 2, 3, 12), (2, 2, 2, 3, 12)]
25 -> costo: 97388.7, rotte: {2: [(1, 2), (2, 4), (4, 14), (14, 11), (11, 15)], 3: [(1, 16), (16, 17), (17, 7), (7, 9), (9, 8), (8, 13), (13, 12)], 4: [(1, 3), (3, 10), (10, 6), (6, 5)]}, padri: [19], figli: [23, 24, 26], mosse: [(2, 2, 2, 4, 13)]
26 -> costo: 97283.40000000002, rotte: {2: [(1, 3), (3, 2), (2, 4), (4, 14), (14, 11), (11, 15)], 3: [(1, 16), (16, 17), (17, 7), (7, 9), (9, 8), (8, 13), (13, 12)], 4: [(1, 10), (10, 6), (6, 5)]}, padri: [22, 25], figli: [23, 24, 20], mosse: [(2, 4, 1, 3, 12)]
bestSolutionIndice: 23
23 -> costo: 96927.40000000001, rotte: {2: [(1, 2), (2, 4), (4, 3), (3, 14), (14, 11), (11, 15)], 3: [(1, 16), (16, 17), (17, 7), (7, 9), (9, 8), (8, 13), (13, 12)], 4: [(1, 10), (10, 6), (6, 5)]}, padri: [22, 24, 25, 26], figli: [], mosse: [(2, 2, 2, 4, 13), (2, 2, 4, 3, 12), (2, 4, 4, 3, 12), (2, 2, 4, 3, 12)]
trasportoPalletDiGamma: {2: [(2, 11), (4, 13), (3, 12), (14, 3), (11, 20), (15, 4)], 3: [(16, 5), (17, 6), (7, 16), (9, 18), (8, 17), (13, 2), (12, 1)], 4: [(10, 19), (6, 15), (5, 14)]}
itMosseLS: 37, itMosseTS: 30
time elapsed: 1306.16s.


##########################################################################################
s: 1
dictSolutions[1]:
0 -> costo: 148586.30000000002, rotte: {3: [(1, 4), (4, 6), (6, 17), (17, 10), (10, 13), (13, 9)], 2: [(1, 11), (11, 3), (3, 12), (12, 15), (15, 16), (16, 9)], 4: [(1, 5), (5, 14), (14, 7), (7, 2), (2, 8)]}, padri: [-1], figli: [1], mosse: [-1]
1 -> costo: 136435.30000000002, rotte: {3: [(1, 4), (4, 6), (6, 17), (17, 10), (10, 13), (13, 9)], 2: [(1, 11), (11, 3), (3, 9), (9, 12), (12, 15), (15, 16)], 4: [(1, 5), (5, 14), (14, 7), (7, 2), (2, 8)]}, padri: [0], figli: [2], mosse: [(2, 2, 3, 9, 8)]
2 -> costo: 126407.00000000001, rotte: {3: [(1, 4), (4, 6), (6, 10), (10, 13), (13, 9), (9, 17)], 2: [(1, 11), (11, 3), (3, 9), (9, 12), (12, 15), (15, 16)], 4: [(1, 5), (5, 14), (14, 7), (7, 2), (2, 8)]}, padri: [1], figli: [3], mosse: [(3, 3, 9, 17, 6)]
3 -> costo: 115824.6, rotte: {3: [(1, 4), (4, 6), (6, 10), (10, 13), (13, 17)], 2: [(1, 11), (11, 3), (3, 9), (9, 12), (12, 15), (15, 16)], 4: [(1, 5), (5, 14), (14, 7), (7, 2), (2, 8)]}, padri: [2], figli: [4], mosse: [(2, 3, 1, 9, 10)]
4 -> costo: 105991.40000000001, rotte: {3: [(1, 4), (4, 6), (6, 10), (10, 13), (13, 17)], 2: [(1, 3), (3, 9), (9, 11), (11, 12), (12, 15), (15, 16)], 4: [(1, 5), (5, 14), (14, 7), (7, 2), (2, 8)]}, padri: [3], figli: [5, 9], mosse: [(2, 2, 9, 11, 20)]
5 -> costo: 98909.50000000001, rotte: {3: [(1, 4), (4, 6), (6, 10), (10, 13), (13, 17)], 2: [(1, 3), (3, 9), (9, 11), (11, 12), (12, 15), (15, 16)], 4: [(1, 5), (5, 7), (7, 2), (2, 8), (8, 14)]}, padri: [4], figli: [6, 6, 6, 8, 8, 8], mosse: [(4, 4, 8, 14, 3)]
6 -> costo: 98800.50000000001, rotte: {3: [(1, 4), (4, 6), (6, 10), (10, 13), (13, 17)], 2: [(1, 3), (3, 9), (9, 11), (11, 12), (12, 16), (16, 15)], 4: [(1, 5), (5, 7), (7, 2), (2, 8), (8, 14)]}, padri: [5, 5, 5], figli: [7], mosse: [(2, 2, 12, 16, 5), (2, 2, 16, 15, 4), (2, 2, 15, 16)]
7 -> costo: 98700.0, rotte: {3: [(1, 4), (4, 6), (6, 10), (10, 13), (13, 17)], 2: [(1, 3), (3, 9), (9, 11), (11, 12), (12, 16), (16, 15)], 4: [(1, 7), (7, 5), (5, 2), (2, 8), (8, 14)]}, padri: [6, 8, 8, 8], figli: [], mosse: [(4, 4, 7, 5, 14), (2, 2, 12, 16, 5), (2, 2, 16, 15, 4), (2, 2, 15, 16)]
8 -> costo: 98809.0, rotte: {3: [(1, 4), (4, 6), (6, 10), (10, 13), (13, 17)], 2: [(1, 3), (3, 9), (9, 11), (11, 12), (12, 15), (15, 16)], 4: [(1, 7), (7, 5), (5, 2), (2, 8), (8, 14)]}, padri: [5], figli: [7, 7, 7], mosse: [(4, 4, 7, 5, 14)]
9 -> costo: 101718.90000000001, rotte: {3: [(1, 4), (4, 6), (6, 10), (10, 13), (13, 17)], 2: [(1, 3), (3, 9), (9, 11), (11, 12), (12, 15), (15, 16)], 4: [(1, 14), (14, 7), (7, 5), (5, 2), (2, 8)]}, padri: [4], figli: [10, 12, 14, 15, 16, 17, 18, 19], mosse: [(4, 4, 7, 5, 14)]
10 -> costo: 92255.3, rotte: {3: [(1, 4), (4, 6), (6, 10), (10, 13), (13, 17)], 2: [(1, 3), (3, 9), (9, 14), (14, 11), (11, 12), (12, 15), (15, 16)], 4: [(1, 7), (7, 5), (5, 2), (2, 8)]}, padri: [9, 14, 19], figli: [11, 11, 11], mosse: [(2, 4, 9, 14, 3), (2, 2, 14, 11, 20), (2, 2, 11, 12, 1)]
11 -> costo: 92146.3, rotte: {3: [(1, 4), (4, 6), (6, 10), (10, 13), (13, 17)], 2: [(1, 3), (3, 9), (9, 14), (14, 11), (11, 12), (12, 16), (16, 15)], 4: [(1, 7), (7, 5), (5, 2), (2, 8)]}, padri: [10, 10, 10, 15], figli: [], mosse: [(2, 2, 12, 16, 5), (2, 2, 16, 15, 4), (2, 2, 15, 16), (2, 2, 14, 11, 20)]
12 -> costo: 92556.8, rotte: {3: [(1, 4), (4, 6), (6, 10), (10, 14), (14, 13), (13, 17)], 2: [(1, 3), (3, 9), (9, 11), (11, 12), (12, 15), (15, 16)], 4: [(1, 7), (7, 5), (5, 2), (2, 8)]}, padri: [9, 16], figli: [13, 13, 13], mosse: [(3, 4, 10, 14, 3), (3, 3, 14, 13, 2)]
13 -> costo: 92447.8, rotte: {3: [(1, 4), (4, 6), (6, 10), (10, 14), (14, 13), (13, 17)], 2: [(1, 3), (3, 9), (9, 11), (11, 12), (12, 16), (16, 15)], 4: [(1, 7), (7, 5), (5, 2), (2, 8)]}, padri: [12, 12, 12, 17], figli: [], mosse: [(2, 2, 12, 16, 5), (2, 2, 16, 15, 4), (2, 2, 15, 16), (3, 3, 14, 13, 2)]
14 -> costo: 92601.7, rotte: {3: [(1, 4), (4, 6), (6, 10), (10, 13), (13, 17)], 2: [(1, 3), (3, 9), (9, 11), (11, 14), (14, 12), (12, 15), (15, 16)], 4: [(1, 7), (7, 5), (5, 2), (2, 8)]}, padri: [9, 18], figli: [10, 15, 15, 15], mosse: [(2, 4, 11, 14, 3), (2, 2, 14, 12, 1)]
15 -> costo: 92492.7, rotte: {3: [(1, 4), (4, 6), (6, 10), (10, 13), (13, 17)], 2: [(1, 3), (3, 9), (9, 11), (11, 14), (14, 12), (12, 16), (16, 15)], 4: [(1, 7), (7, 5), (5, 2), (2, 8)]}, padri: [14, 14, 14], figli: [11], mosse: [(2, 2, 12, 16, 5), (2, 2, 16, 15, 4), (2, 2, 15, 16)]
16 -> costo: 92762.0, rotte: {3: [(1, 4), (4, 6), (6, 10), (10, 13), (13, 14), (14, 17)], 2: [(1, 3), (3, 9), (9, 11), (11, 12), (12, 15), (15, 16)], 4: [(1, 7), (7, 5), (5, 2), (2, 8)]}, padri: [9], figli: [12, 17, 17, 17], mosse: [(3, 4, 13, 14, 3)]
17 -> costo: 92653.0, rotte: {3: [(1, 4), (4, 6), (6, 10), (10, 13), (13, 14), (14, 17)], 2: [(1, 3), (3, 9), (9, 11), (11, 12), (12, 16), (16, 15)], 4: [(1, 7), (7, 5), (5, 2), (2, 8)]}, padri: [16, 16, 16], figli: [13], mosse: [(2, 2, 12, 16, 5), (2, 2, 16, 15, 4), (2, 2, 15, 16)]
18 -> costo: 93065.0, rotte: {3: [(1, 4), (4, 6), (6, 10), (10, 13), (13, 17)], 2: [(1, 3), (3, 9), (9, 11), (11, 12), (12, 14), (14, 15), (15, 16)], 4: [(1, 7), (7, 5), (5, 2), (2, 8)]}, padri: [9], figli: [14, 19], mosse: [(2, 4, 12, 14, 3)]
19 -> costo: 92945.19999999998, rotte: {3: [(1, 4), (4, 6), (6, 10), (10, 13), (13, 17)], 2: [(1, 3), (3, 9), (9, 12), (12, 14), (14, 11), (11, 15), (15, 16)], 4: [(1, 7), (7, 5), (5, 2), (2, 8)]}, padri: [18], figli: [10], mosse: [(2, 2, 14, 11, 20)]
bestSolutionIndice: 11
11 -> costo: 92146.3, rotte: {3: [(1, 4), (4, 6), (6, 10), (10, 13), (13, 17)], 2: [(1, 3), (3, 9), (9, 14), (14, 11), (11, 12), (12, 16), (16, 15)], 4: [(1, 7), (7, 5), (5, 2), (2, 8)]}, padri: [10, 10, 10, 15], figli: [], mosse: [(2, 2, 12, 16, 5), (2, 2, 16, 15, 4), (2, 2, 15, 16), (2, 2, 14, 11, 20)]
trasportoPalletDiGamma: {3: [(4, 13), (6, 15), (10, 19), (13, 2), (17, 6)], 2: [(3, 12), (9, 18), (14, 3), (11, 20), (12, 1), (16, 5), (15, 4)], 4: [(7, 16), (5, 14), (2, 11), (8, 17)]}
itMosseLS: 38, itMosseTS: 30
time elapsed: 1282.65s.


##########################################################################################
s: 1
dictSolutions[1]:
0 -> costo: 153916.6, rotte: {3: [(1, 9), (9, 12), (12, 4), (4, 15), (15, 3), (3, 16)], 4: [(1, 11), (11, 2), (2, 5), (5, 8), (8, 10)], 2: [(1, 13), (13, 17), (17, 14), (14, 7), (7, 6), (6, 10)]}, padri: [-1], figli: [1], mosse: [-1]
1 -> costo: 127861.19999999998, rotte: {3: [(1, 9), (9, 12), (12, 4), (4, 3), (3, 16), (16, 15)], 4: [(1, 11), (11, 2), (2, 5), (5, 8), (8, 10)], 2: [(1, 13), (13, 17), (17, 14), (14, 7), (7, 6), (6, 10)]}, padri: [0], figli: [2], mosse: [(3, 3, 16, 15, 4)]
2 -> costo: 115770.79999999999, rotte: {3: [(1, 9), (9, 12), (12, 4), (4, 3), (3, 16), (16, 15)], 4: [(1, 11), (11, 2), (2, 5), (5, 8), (8, 10)], 2: [(1, 13), (13, 14), (14, 7), (7, 6), (6, 10), (10, 17)]}, padri: [1], figli: [3], mosse: [(2, 2, 10, 17, 6)]
3 -> costo: 111296.9, rotte: {3: [(1, 9), (9, 4), (4, 3), (3, 12), (12, 16), (16, 15)], 4: [(1, 11), (11, 2), (2, 5), (5, 8), (8, 10)], 2: [(1, 13), (13, 14), (14, 7), (7, 6), (6, 10), (10, 17)]}, padri: [2], figli: [4], mosse: [(3, 3, 3, 12, 1)]
4 -> costo: 107055.49999999999, rotte: {3: [(1, 9), (9, 4), (4, 3), (3, 12), (12, 16), (16, 15)], 4: [(1, 2), (2, 5), (5, 8), (8, 10), (10, 11)], 2: [(1, 13), (13, 14), (14, 7), (7, 6), (6, 10), (10, 17)]}, padri: [3], figli: [5], mosse: [(4, 4, 10, 11, 20)]
5 -> costo: 104925.1, rotte: {3: [(1, 4), (4, 3), (3, 9), (9, 12), (12, 16), (16, 15)], 4: [(1, 2), (2, 5), (5, 8), (8, 10), (10, 11)], 2: [(1, 13), (13, 14), (14, 7), (7, 6), (6, 10), (10, 17)]}, padri: [4], figli: [6], mosse: [(3, 3, 3, 9, 18)]
6 -> costo: 103513.5, rotte: {3: [(1, 4), (4, 3), (3, 9), (9, 12), (12, 16), (16, 15)], 4: [(1, 2), (2, 5), (5, 8), (8, 11)], 2: [(1, 13), (13, 14), (14, 7), (7, 6), (6, 10), (10, 17)]}, padri: [5], figli: [7], mosse: [(2, 4, 1, 10, 3)]
7 -> costo: 103289.09999999999, rotte: {3: [(1, 4), (4, 3), (3, 9), (9, 13), (13, 12), (12, 16), (16, 15)], 4: [(1, 2), (2, 5), (5, 8), (8, 11)], 2: [(1, 14), (14, 7), (7, 6), (6, 10), (10, 17)]}, padri: [6], figli: [8, 10, 11, 12, 14, 15, 16, 17, 18, 20, 21], mosse: [(3, 2, 9, 13, 2)]
8 -> costo: 93461.59999999999, rotte: {3: [(1, 4), (4, 3), (3, 9), (9, 13), (13, 12), (12, 16), (16, 15)], 4: [(1, 2), (2, 5), (5, 8), (8, 11), (11, 14)], 2: [(1, 7), (7, 6), (6, 10), (10, 17)]}, padri: [7, 10, 10, 10], figli: [9], mosse: [(4, 2, 11, 14, 3), (4, 4, 8, 11, 20), (4, 4, 11, 14, 3), (4, 4, 14, 11)]
9 -> costo: 93415.4, rotte: {3: [(1, 3), (3, 4), (4, 9), (9, 13), (13, 12), (12, 16), (16, 15)], 4: [(1, 2), (2, 5), (5, 8), (8, 11), (11, 14)], 2: [(1, 7), (7, 6), (6, 10), (10, 17)]}, padri: [8, 11, 11, 11], figli: [], mosse: [(3, 3, 3, 4, 13), (4, 4, 8, 11, 20), (4, 4, 11, 14, 3), (4, 4, 14, 11)]
10 -> costo: 93825.5, rotte: {3: [(1, 4), (4, 3), (3, 9), (9, 13), (13, 12), (12, 16), (16, 15)], 4: [(1, 2), (2, 5), (5, 8), (8, 14), (14, 11)], 2: [(1, 7), (7, 6), (6, 10), (10, 17)]}, padri: [7], figli: [8, 8, 8, 11, 11, 11], mosse: [(4, 2, 8, 14, 3)]
11 -> costo: 93779.3, rotte: {3: [(1, 3), (3, 4), (4, 9), (9, 13), (13, 12), (12, 16), (16, 15)], 4: [(1, 2), (2, 5), (5, 8), (8, 14), (14, 11)], 2: [(1, 7), (7, 6), (6, 10), (10, 17)]}, padri: [10], figli: [9, 9, 9], mosse: [(3, 3, 3, 4, 13)]
12 -> costo: 94097.2, rotte: {3: [(1, 4), (4, 3), (3, 9), (9, 14), (14, 13), (13, 12), (12, 16), (16, 15)], 4: [(1, 2), (2, 5), (5, 8), (8, 11)], 2: [(1, 7), (7, 6), (6, 10), (10, 17)]}, padri: [7, 14, 20], figli: [13], mosse: [(3, 2, 9, 14, 3), (3, 3, 14, 13, 2), (3, 3, 9, 14, 3)]
13 -> costo: 94051.0, rotte: {3: [(1, 3), (3, 4), (4, 9), (9, 14), (14, 13), (13, 12), (12, 16), (16, 15)], 4: [(1, 2), (2, 5), (5, 8), (8, 11)], 2: [(1, 7), (7, 6), (6, 10), (10, 17)]}, padri: [12, 15], figli: [], mosse: [(3, 3, 3, 4, 13), (3, 3, 14, 13, 2)]
14 -> costo: 94199.5, rotte: {3: [(1, 4), (4, 3), (3, 9), (9, 13), (13, 14), (14, 12), (12, 16), (16, 15)], 4: [(1, 2), (2, 5), (5, 8), (8, 11)], 2: [(1, 7), (7, 6), (6, 10), (10, 17)]}, padri: [7, 16, 20], figli: [12, 15], mosse: [(3, 2, 13, 14, 3), (3, 3, 14, 12, 1), (3, 3, 13, 14, 3)]
15 -> costo: 94153.3, rotte: {3: [(1, 3), (3, 4), (4, 9), (9, 13), (13, 14), (14, 12), (12, 16), (16, 15)], 4: [(1, 2), (2, 5), (5, 8), (8, 11)], 2: [(1, 7), (7, 6), (6, 10), (10, 17)]}, padri: [14, 17], figli: [13], mosse: [(3, 3, 3, 4, 13), (3, 3, 14, 12, 1)]
16 -> costo: 94635.2, rotte: {3: [(1, 4), (4, 3), (3, 9), (9, 13), (13, 12), (12, 14), (14, 16), (16, 15)], 4: [(1, 2), (2, 5), (5, 8), (8, 11)], 2: [(1, 7), (7, 6), (6, 10), (10, 17)]}, padri: [7, 20], figli: [14, 17], mosse: [(3, 2, 12, 14, 3), (3, 3, 12, 14, 3)]
17 -> costo: 94589.0, rotte: {3: [(1, 3), (3, 4), (4, 9), (9, 13), (13, 12), (12, 14), (14, 16), (16, 15)], 4: [(1, 2), (2, 5), (5, 8), (8, 11)], 2: [(1, 7), (7, 6), (6, 10), (10, 17)]}, padri: [16], figli: [15], mosse: [(3, 3, 3, 4, 13)]
18 -> costo: 98530.9, rotte: {3: [(1, 4), (4, 3), (3, 9), (9, 13), (13, 12), (12, 16), (16, 15)], 4: [(1, 2), (2, 5), (5, 8), (8, 11)], 2: [(1, 7), (7, 6), (6, 10), (10, 14), (14, 17)]}, padri: [7], figli: [19], mosse: [(2, 2, 10, 14, 3)]
19 -> costo: 98484.7, rotte: {3: [(1, 3), (3, 4), (4, 9), (9, 13), (13, 12), (12, 16), (16, 15)], 4: [(1, 2), (2, 5), (5, 8), (8, 11)], 2: [(1, 7), (7, 6), (6, 10), (10, 14), (14, 17)]}, padri: [18], figli: [], mosse: [(3, 3, 3, 4, 13)]
20 -> costo: 103237.1, rotte: {3: [(1, 4), (4, 3), (3, 14), (14, 9), (9, 13), (13, 12), (12, 16), (16, 15)], 4: [(1, 2), (2, 5), (5, 8), (8, 11)], 2: [(1, 7), (7, 6), (6, 10), (10, 17)]}, padri: [7], figli: [12, 14, 16, 21], mosse: [(3, 2, 3, 14, 3)]
21 -> costo: 100614.0, rotte: {3: [(1, 4), (4, 3), (3, 14), (14, 13), (13, 12), (12, 9), (9, 16), (16, 15)], 4: [(1, 2), (2, 5), (5, 8), (8, 11)], 2: [(1, 7), (7, 6), (6, 10), (10, 17)]}, padri: [20], figli: [22, 23], mosse: [(3, 3, 12, 9, 18)]
22 -> costo: 100431.59999999999, rotte: {3: [(1, 4), (4, 3), (3, 13), (13, 12), (12, 14), (14, 9), (9, 16), (16, 15)], 4: [(1, 2), (2, 5), (5, 8), (8, 11)], 2: [(1, 7), (7, 6), (6, 10), (10, 17)]}, padri: [21], figli: [], mosse: [(3, 3, 12, 14, 3)]
23 -> costo: 100462.1, rotte: {3: [(1, 4), (4, 3), (3, 14), (14, 12), (12, 13), (13, 9), (9, 16), (16, 15)], 4: [(1, 2), (2, 5), (5, 8), (8, 11)], 2: [(1, 7), (7, 6), (6, 10), (10, 17)]}, padri: [21], figli: [], mosse: [(3, 3, 12, 13, 2)]
bestSolutionIndice: 9
9 -> costo: 93415.4, rotte: {3: [(1, 3), (3, 4), (4, 9), (9, 13), (13, 12), (12, 16), (16, 15)], 4: [(1, 2), (2, 5), (5, 8), (8, 11), (11, 14)], 2: [(1, 7), (7, 6), (6, 10), (10, 17)]}, padri: [8, 11, 11, 11], figli: [], mosse: [(3, 3, 3, 4, 13), (4, 4, 8, 11, 20), (4, 4, 11, 14, 3), (4, 4, 14, 11)]
trasportoPalletDiGamma: {3: [(3, 12), (4, 13), (9, 18), (13, 2), (12, 1), (16, 5), (15, 4)], 4: [(2, 11), (5, 14), (8, 17), (11, 20), (14, 3)], 2: [(7, 16), (6, 15), (10, 19), (17, 6)]}
itMosseLS: 36, itMosseTS: 26
time elapsed: 1012.51s.


##########################################################################################
##########################################################################################
##########################################################################################
##########################################################################################
##########################################################################################
##########################################################################################
##########################################################################################
