itNSIMax: 3, itMosseTSMax: 150.
##########################################################################################
s: 1, itNSI: 1.
soluzione iniziale: 0
0 -> 
costo: 159084.7, 
rotte: {3: [(1, 15), (15, 9), (9, 6), (6, 10), (10, 5)], 4: [(1, 2), (2, 7), (7, 11), (11, 8), (8, 4)], 2: [(1, 13), (13, 16), (16, 12), (12, 3), (3, 14), (14, 17), (17, 5), (5, 4)]}
trasportoPalletDiGamma: {3: [(15, 4), (9, 18), (6, 15), (10, 19), (5, 9)], 4: [(2, 11), (7, 16), (11, 20), (8, 17), (4, 1)], 2: [(13, 2), (16, 5), (12, 1), (3, 12), (14, 3), (17, 6), (5, 5), (4, 12)]}
bestSolutionIndice: 11
11 -> 
costo: 89432.9, 
rotte: {3: [(1, 10), (10, 6), (6, 9)], 4: [(1, 2), (2, 4), (4, 7), (7, 8), (8, 11)], 2: [(1, 14), (14, 13), (13, 12), (12, 15), (15, 16), (16, 17), (17, 3), (3, 4), (4, 5)]}
trasportoPalletDiGamma: {3: [(10, 19), (6, 15), (9, 18)], 4: [(2, 11), (4, 1), (7, 16), (8, 17), (11, 20)], 2: [(14, 3), (13, 2), (12, 1), (15, 4), (16, 5), (17, 6), (3, 12), (4, 12), (5, 14)]}
itMosseLS: 161, itMosseTS: 150
numero di soluzioni totali trovati: 35.
time elapsed: 2920.96s.


##########################################################################################
s: 1, itNSI: 2.
soluzione iniziale: 0
0 -> 
costo: 132121.2, 
rotte: {3: [(1, 7), (7, 6), (6, 4), (4, 10), (10, 14)], 2: [(1, 8), (8, 5), (5, 12), (12, 17), (17, 16), (16, 11)], 4: [(1, 15), (15, 3), (3, 2), (2, 13), (13, 9), (9, 14)]}
trasportoPalletDiGamma: {3: [(7, 16), (6, 15), (4, 13), (10, 19), (14, 2)], 2: [(8, 17), (5, 14), (12, 1), (17, 6), (16, 5), (11, 20)], 4: [(15, 4), (3, 12), (2, 11), (13, 2), (9, 18), (14, 1)]}
bestSolutionIndice: 19
19 -> 
costo: 80360.49999999999, 
rotte: {3: [(1, 7), (7, 6), (6, 4), (4, 10)], 2: [(1, 8), (8, 11), (11, 12), (12, 17), (17, 16), (16, 15)], 4: [(1, 2), (2, 3), (3, 5), (5, 9), (9, 13), (13, 14)]}
trasportoPalletDiGamma: {3: [(7, 16), (6, 15), (4, 13), (10, 19)], 2: [(8, 17), (11, 20), (12, 1), (17, 6), (16, 5), (15, 4)], 4: [(2, 11), (3, 12), (5, 14), (9, 18), (13, 2), (14, 3)]}
itMosseLS: 32, itMosseTS: 26
numero di soluzioni totali trovati: 22.
time elapsed: 690.46s.


##########################################################################################
##########################################################################################
##########################################################################################
##########################################################################################
Soluzione migliore in assoluto trovata:

s: 1
itNSI: 2, 
costo: 80360.49999999999, 
rotte: {3: [(1, 7), (7, 6), (6, 4), (4, 10)], 2: [(1, 8), (8, 11), (11, 12), (12, 17), (17, 16), (16, 15)], 4: [(1, 2), (2, 3), (3, 5), (5, 9), (9, 13), (13, 14)]}
trasportoPalletDiGamma: {3: [(7, 16), (6, 15), (4, 13), (10, 19)], 2: [(8, 17), (11, 20), (12, 1), (17, 6), (16, 5), (15, 4)], 4: [(2, 11), (3, 12), (5, 14), (9, 18), (13, 2), (14, 3)]}

Total time elapsed: 3611.72s.