itNSIMax: 3, itMosseTSMax: 100.
##########################################################################################
s: 1, itNSI: 1.
soluzione iniziale: 0
0 -> 
costo: 161197.9, 
rotte: {3: [(1, 17), (17, 14), (14, 6), (6, 16), (16, 4), (4, 19), (19, 3)], 2: [(1, 18), (18, 9), (9, 8), (8, 7)], 4: [(1, 15), (15, 13), (13, 5), (5, 2), (2, 11), (11, 12), (12, 10), (10, 7), (7, 3)]}
trasportoPalletDiGamma: {3: [(17, 6), (14, 3), (6, 15), (16, 5), (4, 13), (19, 12), (3, 6)], 2: [(18, 19), (9, 18), (8, 17), (7, 6)], 4: [(15, 4), (13, 2), (5, 14), (2, 11), (11, 20), (12, 1), (10, 19), (7, 10), (3, 6)]}
bestSolutionIndice: 11
11 -> 
costo: 101688.30000000002, 
rotte: {3: [(1, 17), (17, 16), (16, 19), (19, 3), (3, 4), (4, 6)], 2: [(1, 18), (18, 8), (8, 9)], 4: [(1, 14), (14, 11), (11, 12), (12, 13), (13, 10), (10, 7), (7, 5), (5, 3), (3, 2), (2, 15)]}
trasportoPalletDiGamma: {3: [(17, 6), (16, 5), (19, 12), (3, 6), (4, 13), (6, 15)], 2: [(18, 19), (8, 17), (9, 18)], 4: [(14, 3), (11, 20), (12, 1), (13, 2), (10, 19), (7, 16), (5, 14), (3, 6), (2, 11), (15, 4)]}
itMosseLS: 113, itMosseTS: 100
numero di soluzioni totali trovati: 62.
time elapsed: 1953.46s.


##########################################################################################
s: 1, itNSI: 2.
soluzione iniziale: 0
0 -> 
costo: 144796.40000000002, 
rotte: {4: [(1, 2), (2, 7), (7, 11), (11, 14), (14, 4), (4, 10), (10, 18)], 2: [(1, 9), (9, 5), (5, 13), (13, 17), (17, 19), (19, 18)], 3: [(1, 6), (6, 16), (16, 15), (15, 12), (12, 3), (3, 8)]}
trasportoPalletDiGamma: {4: [(2, 11), (7, 16), (11, 20), (14, 3), (4, 13), (10, 19), (18, 11)], 2: [(9, 18), (5, 14), (13, 2), (17, 6), (19, 12), (18, 8)], 3: [(6, 15), (16, 5), (15, 4), (12, 1), (3, 12), (8, 17)]}
bestSolutionIndice: 8
8 -> 
costo: 121454.29999999997, 
rotte: {4: [(1, 18), (18, 11), (11, 14), (14, 10), (10, 2), (2, 4), (4, 7)], 2: [(1, 5), (5, 9), (9, 13), (13, 18), (18, 19), (19, 17)], 3: [(1, 16), (16, 15), (15, 12), (12, 3), (3, 6), (6, 8)]}
trasportoPalletDiGamma: {4: [(18, 11), (11, 20), (14, 3), (10, 19), (2, 11), (4, 13), (7, 16)], 2: [(5, 14), (9, 18), (13, 2), (18, 8), (19, 12), (17, 6)], 3: [(16, 5), (15, 4), (12, 1), (3, 12), (6, 15), (8, 17)]}
itMosseLS: 54, itMosseTS: 46
numero di soluzioni totali trovati: 22.
time elapsed: 1654.82s.


##########################################################################################
##########################################################################################
##########################################################################################
##########################################################################################
Soluzione migliore in assoluto trovata:

s: 1
itNSI: 1, 
costo: 101688.30000000002, 
rotte: {3: [(1, 17), (17, 16), (16, 19), (19, 3), (3, 4), (4, 6)], 2: [(1, 18), (18, 8), (8, 9)], 4: [(1, 14), (14, 11), (11, 12), (12, 13), (13, 10), (10, 7), (7, 5), (5, 3), (3, 2), (2, 15)]}
trasportoPalletDiGamma: {3: [(17, 6), (16, 5), (19, 12), (3, 6), (4, 13), (6, 15)], 2: [(18, 19), (8, 17), (9, 18)], 4: [(14, 3), (11, 20), (12, 1), (13, 2), (10, 19), (7, 16), (5, 14), (3, 6), (2, 11), (15, 4)]}

Total time elapsed: 3608.78s.