itNSIMax: 5, itMosseTSMax: 100.
##########################################################################################
s: 1
dictSolutions[1]:
0 -> costo: 164077.49999999997, rotte: {3: [(1, 18), (18, 13), (13, 10), (10, 11)], 2: [(1, 12), (12, 5), (5, 14), (14, 7), (7, 3), (3, 15), (15, 9)], 4: [(1, 4), (4, 19), (19, 6), (6, 8), (8, 17), (17, 16), (16, 2), (2, 9)]}, padri: [-1], figli: [1], mosse: [-1]
1 -> costo: 147266.49999999997, rotte: {3: [(1, 18), (18, 13), (13, 10), (10, 11)], 2: [(1, 12), (12, 5), (5, 14), (14, 7), (7, 3), (3, 15)], 4: [(1, 4), (4, 19), (19, 6), (6, 8), (8, 17), (17, 16), (16, 2), (2, 9)]}, padri: [0], figli: [2], mosse: [(4, 2, 1, 9, 10)]
2 -> costo: 133779.8, rotte: {3: [(1, 18), (18, 13), (13, 10), (10, 11)], 2: [(1, 12), (12, 14), (14, 5), (5, 7), (7, 3), (3, 15)], 4: [(1, 4), (4, 19), (19, 6), (6, 8), (8, 17), (17, 16), (16, 2), (2, 9)]}, padri: [1], figli: [3], mosse: [(2, 2, 14, 5, 14)]
3 -> costo: 122827.79999999997, rotte: {3: [(1, 18), (18, 13), (13, 10), (10, 11)], 2: [(1, 12), (12, 14), (14, 5), (5, 7), (7, 3), (3, 15)], 4: [(1, 19), (19, 6), (6, 8), (8, 17), (17, 16), (16, 2), (2, 4), (4, 9)]}, padri: [2], figli: [4], mosse: [(4, 4, 2, 4, 13)]
4 -> costo: 114554.99999999997, rotte: {3: [(1, 18), (18, 10), (10, 13), (13, 11)], 2: [(1, 12), (12, 14), (14, 5), (5, 7), (7, 3), (3, 15)], 4: [(1, 19), (19, 6), (6, 8), (8, 17), (17, 16), (16, 2), (2, 4), (4, 9)]}, padri: [3], figli: [5, 19, 25, 26, 27], mosse: [(3, 3, 10, 13, 2)]
5 -> costo: 109697.59999999998, rotte: {3: [(1, 18), (18, 10), (10, 13), (13, 11)], 2: [(1, 12), (12, 14), (14, 5), (5, 7), (7, 3), (3, 15)], 4: [(1, 19), (19, 6), (6, 17), (17, 16), (16, 2), (2, 4), (4, 8), (8, 9)]}, padri: [4, 19, 19, 19], figli: [6, 7, 8, 10, 11, 12, 13, 14, 16, 28], mosse: [(4, 4, 4, 8, 17), (4, 4, 4, 8, 17), (4, 4, 8, 9, 18), (4, 4, 9, 8)]
6 -> costo: 100813.39999999997, rotte: {3: [(1, 18), (18, 10), (10, 13), (13, 11)], 2: [(1, 12), (12, 14), (14, 5), (5, 7), (7, 3), (3, 15)], 4: [(1, 19), (19, 17), (17, 16), (16, 2), (2, 4), (4, 6), (6, 8), (8, 9)]}, padri: [5, 7, 9, 10, 11, 12, 13, 13, 13, 21, 27, 28], figli: [], mosse: [(4, 4, 4, 6, 15), (4, 4, 4, 6, 15), (4, 4, 2, 4, 13), (4, 4, 4, 6, 15), (4, 4, 4, 6, 15), (4, 4, 6, 8, 17), (4, 4, 6, 8, 17), (4, 4, 8, 9, 18), (4, 4, 9, 8), (4, 4, 8, 9, 18), (4, 4, 6, 8, 17), (4, 4, 6, 8, 17)]
7 -> costo: 102181.79999999999, rotte: {3: [(1, 18), (18, 10), (10, 13), (13, 11)], 2: [(1, 12), (12, 14), (14, 5), (5, 7), (7, 3), (3, 15)], 4: [(1, 19), (19, 17), (17, 16), (16, 6), (6, 2), (2, 4), (4, 8), (8, 9)]}, padri: [5, 10, 11, 15, 15, 15], figli: [6, 8, 13], mosse: [(4, 4, 16, 6, 15), (4, 4, 6, 2, 11), (4, 4, 16, 6, 15), (4, 4, 4, 8, 17), (4, 4, 8, 9, 18), (4, 4, 9, 8)]
8 -> costo: 102044.29999999999, rotte: {3: [(1, 18), (18, 10), (10, 13), (13, 11)], 2: [(1, 12), (12, 14), (14, 5), (5, 7), (7, 3), (3, 15)], 4: [(1, 19), (19, 17), (17, 16), (16, 6), (6, 4), (4, 2), (2, 8), (8, 9)]}, padri: [7, 10, 16, 16, 16], figli: [9], mosse: [(4, 4, 4, 2, 11), (4, 4, 4, 2, 11), (4, 4, 2, 8, 17), (4, 4, 8, 9, 18), (4, 4, 9, 8)]
9 -> costo: 101204.59999999998, rotte: {3: [(1, 18), (18, 10), (10, 13), (13, 11)], 2: [(1, 12), (12, 14), (14, 5), (5, 7), (7, 3), (3, 15)], 4: [(1, 19), (19, 17), (17, 16), (16, 4), (4, 2), (2, 6), (6, 8), (8, 9)]}, padri: [8, 17, 17, 17], figli: [6, 13], mosse: [(4, 4, 2, 6, 15), (4, 4, 6, 8, 17), (4, 4, 8, 9, 18), (4, 4, 9, 8)]
10 -> costo: 102187.99999999999, rotte: {3: [(1, 18), (18, 10), (10, 13), (13, 11)], 2: [(1, 12), (12, 14), (14, 5), (5, 7), (7, 3), (3, 15)], 4: [(1, 19), (19, 17), (17, 16), (16, 2), (2, 6), (6, 4), (4, 8), (8, 9)]}, padri: [5, 11, 18, 18, 18], figli: [6, 8, 7, 13, 16], mosse: [(4, 4, 2, 6, 15), (4, 4, 2, 6, 15), (4, 4, 4, 8, 17), (4, 4, 8, 9, 18), (4, 4, 9, 8)]
11 -> costo: 103429.99999999999, rotte: {3: [(1, 18), (18, 10), (10, 13), (13, 11)], 2: [(1, 12), (12, 14), (14, 5), (5, 7), (7, 3), (3, 15)], 4: [(1, 19), (19, 17), (17, 16), (16, 2), (2, 4), (4, 8), (8, 9), (9, 6)]}, padri: [5, 12, 12, 12, 21], figli: [6, 7, 10, 13, 16], mosse: [(4, 4, 9, 6, 15), (4, 4, 8, 9, 18), (4, 4, 9, 6, 15), (4, 4, 6, 9), (4, 4, 4, 8, 17)]
12 -> costo: 105836.29999999999, rotte: {3: [(1, 18), (18, 10), (10, 13), (13, 11)], 2: [(1, 12), (12, 14), (14, 5), (5, 7), (7, 3), (3, 15)], 4: [(1, 19), (19, 17), (17, 16), (16, 2), (2, 4), (4, 8), (8, 6), (6, 9)]}, padri: [5, 27], figli: [6, 13, 11, 11, 14, 14, 15, 11, 22, 23, 24, 29], mosse: [(4, 4, 8, 6, 15), (4, 4, 4, 8, 17)]
13 -> costo: 101151.99999999999, rotte: {3: [(1, 18), (18, 10), (10, 13), (13, 11)], 2: [(1, 12), (12, 14), (14, 5), (5, 7), (7, 3), (3, 15)], 4: [(1, 19), (19, 17), (17, 16), (16, 2), (2, 4), (4, 6), (6, 9), (9, 8)]}, padri: [12, 14, 15, 17, 18, 19, 20, 21, 22, 23, 24, 27, 28], figli: [6, 6, 6], mosse: [(4, 4, 9, 8, 17), (4, 4, 4, 6, 15), (4, 4, 4, 6, 15), (4, 4, 2, 4, 13), (4, 4, 4, 6, 15), (4, 4, 4, 6, 15), (4, 4, 4, 6, 15), (4, 4, 6, 9, 18), (4, 4, 4, 6, 15), (4, 4, 4, 6, 15), (4, 4, 4, 6, 15), (4, 4, 9, 8, 17), (4, 4, 9, 8, 17)]
14 -> costo: 103429.99999999999, rotte: {3: [(1, 18), (18, 10), (10, 13), (13, 11)], 2: [(1, 12), (12, 14), (14, 5), (5, 7), (7, 3), (3, 15)], 4: [(1, 19), (19, 17), (17, 16), (16, 2), (2, 4), (4, 9), (9, 8), (8, 6)]}, padri: [5, 12, 12], figli: [13, 15, 18, 20, 21, 22, 23, 24, 29], mosse: [(4, 4, 4, 9, 18)]
15 -> costo: 102520.4, rotte: {3: [(1, 18), (18, 10), (10, 13), (13, 11)], 2: [(1, 12), (12, 14), (14, 5), (5, 7), (7, 3), (3, 15)], 4: [(1, 19), (19, 17), (17, 16), (16, 6), (6, 2), (2, 4), (4, 9), (9, 8)]}, padri: [14, 18, 19, 20, 22, 23, 24], figli: [13, 7, 7, 7, 16, 16, 16, 22, 23, 24, 29], mosse: [(4, 4, 16, 6, 15), (4, 4, 6, 2, 11), (4, 4, 16, 6, 15), (4, 4, 16, 6, 15), (4, 4, 16, 6, 15), (4, 4, 16, 6, 15), (4, 4, 16, 6, 15)]
16 -> costo: 102382.9, rotte: {3: [(1, 18), (18, 10), (10, 13), (13, 11)], 2: [(1, 12), (12, 14), (14, 5), (5, 7), (7, 3), (3, 15)], 4: [(1, 19), (19, 17), (17, 16), (16, 6), (6, 4), (4, 2), (2, 9), (9, 8)]}, padri: [15, 18], figli: [17, 8, 8, 8], mosse: [(4, 4, 4, 2, 11), (4, 4, 4, 2, 11)]
17 -> costo: 101543.2, rotte: {3: [(1, 18), (18, 10), (10, 13), (13, 11)], 2: [(1, 12), (12, 14), (14, 5), (5, 7), (7, 3), (3, 15)], 4: [(1, 19), (19, 17), (17, 16), (16, 4), (4, 2), (2, 6), (6, 9), (9, 8)]}, padri: [16], figli: [13, 9, 9, 9, 22, 23, 24, 29], mosse: [(4, 4, 2, 6, 15)]
18 -> costo: 102526.59999999999, rotte: {3: [(1, 18), (18, 10), (10, 13), (13, 11)], 2: [(1, 12), (12, 14), (14, 5), (5, 7), (7, 3), (3, 15)], 4: [(1, 19), (19, 17), (17, 16), (16, 2), (2, 6), (6, 4), (4, 9), (9, 8)]}, padri: [14, 19, 20, 22, 23, 24], figli: [13, 10, 10, 10, 16, 15, 22, 23, 24, 29], mosse: [(4, 4, 2, 6, 15), (4, 4, 2, 6, 15), (4, 4, 2, 6, 15), (4, 4, 2, 6, 15), (4, 4, 2, 6, 15), (4, 4, 2, 6, 15)]
19 -> costo: 110036.19999999998, rotte: {3: [(1, 18), (18, 10), (10, 13), (13, 11)], 2: [(1, 12), (12, 14), (14, 5), (5, 7), (7, 3), (3, 15)], 4: [(1, 19), (19, 6), (6, 17), (17, 16), (16, 2), (2, 4), (4, 9), (9, 8)]}, padri: [4], figli: [13, 15, 18, 20, 21, 22, 23, 24, 5, 5, 5, 29], mosse: [(4, 4, 9, 8, 17)]
20 -> costo: 103429.99999999999, rotte: {3: [(1, 18), (18, 10), (10, 13), (13, 11)], 2: [(1, 12), (12, 14), (14, 5), (5, 7), (7, 3), (3, 15)], 4: [(1, 19), (19, 17), (17, 16), (16, 2), (2, 4), (4, 9), (9, 8), (8, 6)]}, padri: [14, 19], figli: [13, 15, 18, 22, 23, 24, 29], mosse: [(4, 4, 8, 6, 15)]
21 -> costo: 106174.89999999998, rotte: {3: [(1, 18), (18, 10), (10, 13), (13, 11)], 2: [(1, 12), (12, 14), (14, 5), (5, 7), (7, 3), (3, 15)], 4: [(1, 19), (19, 17), (17, 16), (16, 2), (2, 4), (4, 9), (9, 6), (6, 8)]}, padri: [19], figli: [6, 13, 22, 23, 24, 11, 29], mosse: [(4, 4, 9, 6, 15)]
22 -> costo: 103429.99999999999, rotte: {3: [(1, 18), (18, 10), (10, 13), (13, 11)], 2: [(1, 12), (12, 14), (14, 5), (5, 7), (7, 3), (3, 15)], 4: [(1, 19), (19, 17), (17, 16), (16, 2), (2, 4), (4, 9), (9, 8), (8, 6)]}, padri: [12, 14, 15, 17, 18, 19, 20, 21], figli: [13, 15, 18, 29], mosse: [(4, 4, 9, 8, 17)]
23 -> costo: 103429.99999999999, rotte: {3: [(1, 18), (18, 10), (10, 13), (13, 11)], 2: [(1, 12), (12, 14), (14, 5), (5, 7), (7, 3), (3, 15)], 4: [(1, 19), (19, 17), (17, 16), (16, 2), (2, 4), (4, 9), (9, 8), (8, 6)]}, padri: [12, 14, 15, 17, 18, 19, 20, 21], figli: [13, 15, 18, 29], mosse: [(4, 4, 8, 6, 15)]
24 -> costo: 103429.99999999999, rotte: {3: [(1, 18), (18, 10), (10, 13), (13, 11)], 2: [(1, 12), (12, 14), (14, 5), (5, 7), (7, 3), (3, 15)], 4: [(1, 19), (19, 17), (17, 16), (16, 2), (2, 4), (4, 9), (9, 8), (8, 6)]}, padri: [12, 14, 15, 17, 18, 19, 20, 21], figli: [13, 15, 18, 29], mosse: [(4, 4, 6, 8)]
25 -> costo: 111543.49999999997, rotte: {3: [(1, 18), (18, 10), (10, 13), (13, 11)], 2: [(1, 12), (12, 14), (14, 5), (5, 7), (7, 3), (3, 15)], 4: [(1, 19), (19, 6), (6, 8), (8, 9), (9, 17), (17, 16), (16, 2), (2, 4)]}, padri: [4], figli: [], mosse: [(4, 4, 8, 9, 18)]
26 -> costo: 111543.49999999999, rotte: {3: [(1, 18), (18, 10), (10, 13), (13, 11)], 2: [(1, 12), (12, 14), (14, 5), (5, 7), (7, 3), (3, 15)], 4: [(1, 19), (19, 6), (6, 9), (9, 8), (8, 17), (17, 16), (16, 2), (2, 4)]}, padri: [4], figli: [], mosse: [(4, 4, 6, 9, 18)]
27 -> costo: 114414.19999999997, rotte: {3: [(1, 18), (18, 10), (10, 13), (13, 11)], 2: [(1, 12), (12, 14), (14, 5), (5, 7), (7, 3), (3, 15)], 4: [(1, 19), (19, 8), (8, 17), (17, 16), (16, 2), (2, 4), (4, 6), (6, 9)]}, padri: [4], figli: [6, 13, 12, 28, 29], mosse: [(4, 4, 4, 6, 15)]
28 -> costo: 106901.49999999999, rotte: {3: [(1, 18), (18, 10), (10, 13), (13, 11)], 2: [(1, 12), (12, 14), (14, 5), (5, 7), (7, 3), (3, 15)], 4: [(1, 19), (19, 17), (17, 16), (16, 8), (8, 2), (2, 4), (4, 6), (6, 9)]}, padri: [27], figli: [6, 13, 29, 34], mosse: [(4, 4, 16, 8, 17)]
29 -> costo: 104495.19999999998, rotte: {3: [(1, 18), (18, 10), (10, 13), (13, 11)], 2: [(1, 12), (12, 14), (14, 5), (5, 7), (7, 3), (3, 15)], 4: [(1, 19), (19, 17), (17, 16), (16, 9), (9, 8), (8, 2), (2, 4), (4, 6)]}, padri: [28], figli: [30, 32], mosse: [(4, 4, 16, 9, 18)]
30 -> costo: 104031.99999999999, rotte: {3: [(1, 18), (18, 10), (10, 13), (13, 11)], 2: [(1, 12), (12, 14), (14, 5), (5, 7), (7, 3), (3, 15)], 4: [(1, 19), (19, 17), (17, 16), (16, 9), (9, 8), (8, 6), (6, 2), (2, 4)]}, padri: [29, 32], figli: [31, 31, 31], mosse: [(4, 4, 8, 6, 15), (4, 4, 8, 6, 15)]
31 -> costo: 103845.49999999999, rotte: {3: [(1, 18), (18, 10), (10, 13), (13, 11)], 2: [(1, 12), (12, 14), (14, 5), (5, 7), (7, 3), (3, 15)], 4: [(1, 19), (19, 17), (17, 16), (16, 9), (9, 8), (8, 6), (6, 4), (4, 2)]}, padri: [30, 30, 30, 33], figli: [], mosse: [(4, 4, 2, 4), (4, 4, 6, 4, 13), (4, 4, 4, 2, 11), (4, 4, 8, 6, 15)]
32 -> costo: 104051.2, rotte: {3: [(1, 18), (18, 10), (10, 13), (13, 11)], 2: [(1, 12), (12, 14), (14, 5), (5, 7), (7, 3), (3, 15)], 4: [(1, 19), (19, 17), (17, 16), (16, 6), (6, 9), (9, 8), (8, 2), (2, 4)]}, padri: [29], figli: [33, 33, 33, 30], mosse: [(4, 4, 16, 6, 15)]
33 -> costo: 104006.7, rotte: {3: [(1, 18), (18, 10), (10, 13), (13, 11)], 2: [(1, 12), (12, 14), (14, 5), (5, 7), (7, 3), (3, 15)], 4: [(1, 19), (19, 17), (17, 16), (16, 6), (6, 9), (9, 8), (8, 4), (4, 2)]}, padri: [32, 32, 32], figli: [31], mosse: [(4, 4, 2, 4), (4, 4, 8, 4, 13), (4, 4, 4, 2, 11)]
34 -> costo: 104495.19999999998, rotte: {3: [(1, 18), (18, 10), (10, 13), (13, 11)], 2: [(1, 12), (12, 14), (14, 5), (5, 7), (7, 3), (3, 15)], 4: [(1, 19), (19, 17), (17, 16), (16, 8), (8, 9), (9, 2), (2, 4), (4, 6)]}, padri: [28], figli: [35, 39], mosse: [(4, 4, 8, 9, 18)]
35 -> costo: 104031.99999999999, rotte: {3: [(1, 18), (18, 10), (10, 13), (13, 11)], 2: [(1, 12), (12, 14), (14, 5), (5, 7), (7, 3), (3, 15)], 4: [(1, 19), (19, 17), (17, 16), (16, 8), (8, 9), (9, 6), (6, 2), (2, 4)]}, padri: [34], figli: [36, 37, 38], mosse: [(4, 4, 9, 6, 15)]
36 -> costo: 103845.49999999999, rotte: {3: [(1, 18), (18, 10), (10, 13), (13, 11)], 2: [(1, 12), (12, 14), (14, 5), (5, 7), (7, 3), (3, 15)], 4: [(1, 19), (19, 17), (17, 16), (16, 8), (8, 9), (9, 6), (6, 4), (4, 2)]}, padri: [35], figli: [], mosse: [(4, 4, 2, 4)]
37 -> costo: 103845.49999999999, rotte: {3: [(1, 18), (18, 10), (10, 13), (13, 11)], 2: [(1, 12), (12, 14), (14, 5), (5, 7), (7, 3), (3, 15)], 4: [(1, 19), (19, 17), (17, 16), (16, 8), (8, 9), (9, 6), (6, 4), (4, 2)]}, padri: [35], figli: [], mosse: [(4, 4, 6, 4, 13)]
38 -> costo: 103845.49999999999, rotte: {3: [(1, 18), (18, 10), (10, 13), (13, 11)], 2: [(1, 12), (12, 14), (14, 5), (5, 7), (7, 3), (3, 15)], 4: [(1, 19), (19, 17), (17, 16), (16, 8), (8, 9), (9, 6), (6, 4), (4, 2)]}, padri: [35], figli: [], mosse: [(4, 4, 4, 2, 11)]
39 -> costo: 104051.19999999998, rotte: {3: [(1, 18), (18, 10), (10, 13), (13, 11)], 2: [(1, 12), (12, 14), (14, 5), (5, 7), (7, 3), (3, 15)], 4: [(1, 19), (19, 17), (17, 16), (16, 6), (6, 8), (8, 9), (9, 2), (2, 4)]}, padri: [34], figli: [40, 40, 40, 42, 42, 42], mosse: [(4, 4, 16, 6, 15)]
40 -> costo: 104006.69999999998, rotte: {3: [(1, 18), (18, 10), (10, 13), (13, 11)], 2: [(1, 12), (12, 14), (14, 5), (5, 7), (7, 3), (3, 15)], 4: [(1, 19), (19, 17), (17, 16), (16, 6), (6, 8), (8, 9), (9, 4), (4, 2)]}, padri: [39, 39, 39], figli: [41], mosse: [(4, 4, 2, 4), (4, 4, 9, 4, 13), (4, 4, 4, 2, 11)]
41 -> costo: 103845.49999999999, rotte: {3: [(1, 18), (18, 10), (10, 13), (13, 11)], 2: [(1, 12), (12, 14), (14, 5), (5, 7), (7, 3), (3, 15)], 4: [(1, 19), (19, 17), (17, 16), (16, 8), (8, 9), (9, 6), (6, 4), (4, 2)]}, padri: [40], figli: [], mosse: [(4, 4, 9, 6, 15)]
42 -> costo: 104031.99999999999, rotte: {3: [(1, 18), (18, 10), (10, 13), (13, 11)], 2: [(1, 12), (12, 14), (14, 5), (5, 7), (7, 3), (3, 15)], 4: [(1, 19), (19, 17), (17, 16), (16, 8), (8, 9), (9, 6), (6, 2), (2, 4)]}, padri: [39, 39, 39], figli: [43], mosse: [(4, 4, 9, 6, 15)]
43 -> costo: 103845.49999999999, rotte: {3: [(1, 18), (18, 10), (10, 13), (13, 11)], 2: [(1, 12), (12, 14), (14, 5), (5, 7), (7, 3), (3, 15)], 4: [(1, 19), (19, 17), (17, 16), (16, 8), (8, 9), (9, 6), (6, 4), (4, 2)]}, padri: [42], figli: [], mosse: [(4, 4, 2, 4)]
bestSolutionIndice: 6
6 -> costo: 100813.39999999997, rotte: {3: [(1, 18), (18, 10), (10, 13), (13, 11)], 2: [(1, 12), (12, 14), (14, 5), (5, 7), (7, 3), (3, 15)], 4: [(1, 19), (19, 17), (17, 16), (16, 2), (2, 4), (4, 6), (6, 8), (8, 9)]}, padri: [5, 7, 9, 10, 11, 12, 13, 13, 13, 21, 27, 28], figli: [], mosse: [(4, 4, 4, 6, 15), (4, 4, 4, 6, 15), (4, 4, 2, 4, 13), (4, 4, 4, 6, 15), (4, 4, 4, 6, 15), (4, 4, 6, 8, 17), (4, 4, 6, 8, 17), (4, 4, 8, 9, 18), (4, 4, 9, 8), (4, 4, 8, 9, 18), (4, 4, 6, 8, 17), (4, 4, 6, 8, 17)]
trasportoPalletDiGamma: {3: [(18, 19), (10, 19), (13, 2), (11, 20)], 2: [(12, 1), (14, 3), (5, 14), (7, 16), (3, 12), (15, 4)], 4: [(19, 12), (17, 6), (16, 5), (2, 11), (4, 13), (6, 15), (8, 17), (9, 18)]}
itMosseLS: 110, itMosseTS: 100
time elapsed: 1258.33s.


##########################################################################################
s: 1
dictSolutions[1]:
0 -> costo: 140941.9, rotte: {4: [(1, 6), (6, 7), (7, 11), (11, 2), (2, 14), (14, 15), (15, 17), (17, 12), (12, 13), (13, 8), (8, 9)], 3: [(1, 3), (3, 4), (4, 16), (16, 18), (18, 9)], 2: [(1, 19), (19, 5), (5, 10), (10, 8)]}, padri: [-1], figli: [1], mosse: [-1]
1 -> costo: 129083.69999999998, rotte: {4: [(1, 6), (6, 7), (7, 2), (2, 14), (14, 11), (11, 15), (15, 17), (17, 12), (12, 13), (13, 8), (8, 9)], 3: [(1, 3), (3, 4), (4, 16), (16, 18), (18, 9)], 2: [(1, 19), (19, 5), (5, 10), (10, 8)]}, padri: [0], figli: [2, 2, 2, 2, 2, 2, 2, 2, 2, 2, 2, 8, 8, 8, 8, 8, 8, 8, 8, 8, 8, 8], mosse: [(4, 4, 14, 11, 20)]
2 -> costo: 120252.49999999999, rotte: {4: [(1, 6), (6, 7), (7, 2), (2, 14), (14, 11), (11, 15), (15, 17), (17, 12), (12, 13), (13, 8), (8, 9)], 3: [(1, 3), (3, 4), (4, 16), (16, 18)], 2: [(1, 19), (19, 5), (5, 10), (10, 8)]}, padri: [1, 1, 1, 1, 1, 1, 1, 1, 1, 1, 1], figli: [3, 4, 4, 4, 6, 6, 6, 7, 11, 11, 11], mosse: [(4, 3, 1, 9, 11), (4, 3, 6, 9, 11), (4, 3, 7, 9, 11), (4, 3, 2, 9, 11), (4, 3, 14, 9, 11), (4, 3, 11, 9, 11), (4, 3, 15, 9, 11), (4, 3, 17, 9, 11), (4, 3, 12, 9, 11), (4, 3, 13, 9, 11), (4, 3, 8, 9, 11)]
3 -> costo: 107889.9, rotte: {4: [(1, 6), (6, 7), (7, 2), (2, 14), (14, 11), (11, 15), (15, 17), (17, 12), (12, 13), (13, 8), (8, 9)], 3: [(1, 18), (18, 3), (3, 4), (4, 16)], 2: [(1, 19), (19, 5), (5, 10), (10, 8)]}, padri: [2, 6, 6, 9, 9, 9, 9, 9, 9, 9, 9, 9, 9, 9], figli: [], mosse: [(3, 3, 1, 18, 19), (3, 3, 18, 3, 12), (3, 3, 3, 18), (4, 3, 1, 9, 11), (4, 3, 6, 9, 11), (4, 3, 7, 9, 11), (4, 3, 2, 9, 11), (4, 3, 14, 9, 11), (4, 3, 11, 9, 11), (4, 3, 15, 9, 11), (4, 3, 17, 9, 11), (4, 3, 12, 9, 11), (4, 3, 13, 9, 11), (4, 3, 8, 9, 11)]
4 -> costo: 112114.29999999999, rotte: {4: [(1, 6), (6, 7), (7, 2), (2, 14), (14, 11), (11, 15), (15, 17), (17, 12), (12, 13), (13, 8), (8, 9)], 3: [(1, 3), (3, 4), (4, 18), (18, 16)], 2: [(1, 19), (19, 5), (5, 10), (10, 8)]}, padri: [2, 2, 2, 6, 10, 10, 10, 10, 10, 10, 10, 10, 10, 10, 10], figli: [5], mosse: [(3, 3, 16, 18), (3, 3, 4, 18, 19), (3, 3, 18, 16, 5), (3, 3, 4, 18, 19), (4, 3, 1, 9, 11), (4, 3, 6, 9, 11), (4, 3, 7, 9, 11), (4, 3, 2, 9, 11), (4, 3, 14, 9, 11), (4, 3, 11, 9, 11), (4, 3, 15, 9, 11), (4, 3, 17, 9, 11), (4, 3, 12, 9, 11), (4, 3, 13, 9, 11), (4, 3, 8, 9, 11)]
5 -> costo: 112114.29999999997, rotte: {4: [(1, 6), (6, 7), (7, 2), (2, 14), (14, 11), (11, 15), (15, 17), (17, 12), (12, 13), (13, 8), (8, 9)], 3: [(1, 4), (4, 3), (3, 18), (18, 16)], 2: [(1, 19), (19, 5), (5, 10), (10, 8)]}, padri: [4], figli: [], mosse: [(3, 3, 4, 3, 12)]
6 -> costo: 119136.79999999999, rotte: {4: [(1, 6), (6, 7), (7, 2), (2, 14), (14, 11), (11, 15), (15, 17), (17, 12), (12, 13), (13, 8), (8, 9)], 3: [(1, 3), (3, 18), (18, 4), (4, 16)], 2: [(1, 19), (19, 5), (5, 10), (10, 8)]}, padri: [2], figli: [3, 7, 4, 3, 11], mosse: [(3, 3, 3, 18, 19)]
7 -> costo: 107889.89999999998, rotte: {4: [(1, 6), (6, 7), (7, 2), (2, 14), (14, 11), (11, 15), (15, 17), (17, 12), (12, 13), (13, 8), (8, 9)], 3: [(1, 18), (18, 4), (4, 3), (3, 16)], 2: [(1, 19), (19, 5), (5, 10), (10, 8)]}, padri: [6], figli: [], mosse: [(3, 3, 4, 3, 12)]
8 -> costo: 126809.49999999999, rotte: {4: [(1, 6), (6, 7), (7, 2), (2, 14), (14, 11), (11, 15), (15, 17), (17, 12), (12, 13), (13, 8), (8, 9)], 3: [(1, 3), (3, 4), (4, 9), (9, 16), (16, 18)], 2: [(1, 19), (19, 5), (5, 10), (10, 8)]}, padri: [1], figli: [9, 10], mosse: [(3, 3, 4, 9, 11)]
9 -> costo: 114446.9, rotte: {4: [(1, 6), (6, 7), (7, 2), (2, 14), (14, 11), (11, 15), (15, 17), (17, 12), (12, 13), (13, 8), (8, 9)], 3: [(1, 18), (18, 3), (3, 4), (4, 9), (9, 16)], 2: [(1, 19), (19, 5), (5, 10), (10, 8)]}, padri: [8], figli: [3, 3, 3, 3, 3, 3, 3, 3, 3, 3, 3], mosse: [(3, 3, 1, 18, 19)]
10 -> costo: 118798.79999999999, rotte: {4: [(1, 6), (6, 7), (7, 2), (2, 14), (14, 11), (11, 15), (15, 17), (17, 12), (12, 13), (13, 8), (8, 9)], 3: [(1, 3), (3, 4), (4, 9), (9, 18), (18, 16)], 2: [(1, 19), (19, 5), (5, 10), (10, 8)]}, padri: [8], figli: [4, 4, 4, 4, 4, 4, 4, 4, 4, 4, 4, 11, 11, 11, 11, 11, 11, 11, 11, 11, 11, 11], mosse: [(3, 3, 16, 18)]
11 -> costo: 117353.7, rotte: {4: [(1, 6), (6, 7), (7, 3), (3, 2), (2, 14), (14, 11), (11, 15), (15, 17), (17, 12), (12, 13), (13, 8), (8, 9)], 3: [(1, 4), (4, 9), (9, 18), (18, 16)], 2: [(1, 19), (19, 5), (5, 10), (10, 8)]}, padri: [10], figli: [12], mosse: [(4, 3, 7, 3, 12)]
12 -> costo: 115624.1, rotte: {4: [(1, 6), (6, 7), (7, 3), (3, 2), (2, 14), (14, 11), (11, 15), (15, 17), (17, 12), (12, 13), (13, 8), (8, 9)], 3: [(1, 4), (4, 9), (9, 18), (18, 19), (19, 16)], 2: [(1, 5), (5, 10), (10, 8)]}, padri: [11], figli: [13], mosse: [(3, 2, 18, 19, 12)]
13 -> costo: 115621.0, rotte: {4: [(1, 6), (6, 7), (7, 3), (3, 2), (2, 14), (14, 11), (11, 15), (15, 17), (17, 12), (12, 13), (13, 8), (8, 9)], 3: [(1, 9), (9, 4), (4, 18), (18, 19), (19, 16)], 2: [(1, 5), (5, 10), (10, 8)]}, padri: [12], figli: [14, 16, 18, 19, 25, 26, 29, 30], mosse: [(3, 3, 9, 4, 13)]
14 -> costo: 109320.5, rotte: {4: [(1, 6), (6, 7), (7, 3), (3, 2), (2, 14), (14, 11), (11, 15), (15, 17), (17, 12), (12, 13), (13, 8), (8, 9)], 3: [(1, 4), (4, 18), (18, 19), (19, 16)], 2: [(1, 5), (5, 10), (10, 8), (8, 9)]}, padri: [13, 18, 26, 27, 29], figli: [15], mosse: [(2, 3, 8, 9, 11), (2, 2, 8, 9, 11), (2, 2, 5, 10, 19), (2, 2, 5, 10, 19), (2, 2, 8, 9, 11)]
15 -> costo: 106231.09999999999, rotte: {4: [(1, 6), (6, 7), (7, 3), (3, 2), (2, 14), (14, 11), (11, 15), (15, 17), (17, 12), (12, 13), (13, 8), (8, 9)], 3: [(1, 18), (18, 19), (19, 4), (4, 16)], 2: [(1, 5), (5, 10), (10, 8), (8, 9)]}, padri: [14, 19, 22, 23, 28, 30, 32, 34], figli: [], mosse: [(3, 3, 19, 4, 13), (2, 2, 8, 9, 11), (2, 2, 5, 10, 19), (2, 2, 5, 10, 19), (2, 2, 5, 10, 19), (2, 2, 8, 9, 11), (2, 2, 1, 5, 14), (2, 2, 5, 10, 19)]
16 -> costo: 109659.1, rotte: {4: [(1, 6), (6, 7), (7, 3), (3, 2), (2, 14), (14, 11), (11, 15), (15, 17), (17, 12), (12, 13), (13, 8), (8, 9)], 3: [(1, 4), (4, 18), (18, 19), (19, 16)], 2: [(1, 5), (5, 10), (10, 9), (9, 8)]}, padri: [13, 18, 24, 25, 29], figli: [17, 20, 21, 22, 31], mosse: [(2, 3, 10, 9, 11), (2, 2, 10, 9, 11), (2, 2, 5, 10, 19), (2, 2, 5, 10, 19), (2, 2, 10, 9, 11)]
17 -> costo: 106569.7, rotte: {4: [(1, 6), (6, 7), (7, 3), (3, 2), (2, 14), (14, 11), (11, 15), (15, 17), (17, 12), (12, 13), (13, 8), (8, 9)], 3: [(1, 18), (18, 19), (19, 4), (4, 16)], 2: [(1, 5), (5, 10), (10, 9), (9, 8)]}, padri: [16, 19, 20, 21, 30], figli: [], mosse: [(3, 3, 19, 4, 13), (2, 2, 10, 9, 11), (2, 2, 5, 10, 19), (2, 2, 5, 10, 19), (2, 2, 10, 9, 11)]
18 -> costo: 114348.90000000001, rotte: {4: [(1, 6), (6, 7), (7, 3), (3, 2), (2, 14), (14, 11), (11, 15), (15, 17), (17, 12), (12, 13), (13, 8), (8, 9)], 3: [(1, 4), (4, 18), (18, 19), (19, 16)], 2: [(1, 5), (5, 9), (9, 10), (10, 8)]}, padri: [13], figli: [14, 16, 19, 24, 25, 26, 27, 30, 35], mosse: [(2, 3, 5, 9, 11)]
19 -> costo: 111259.5, rotte: {4: [(1, 6), (6, 7), (7, 3), (3, 2), (2, 14), (14, 11), (11, 15), (15, 17), (17, 12), (12, 13), (13, 8), (8, 9)], 3: [(1, 18), (18, 19), (19, 4), (4, 16)], 2: [(1, 5), (5, 9), (9, 10), (10, 8)]}, padri: [18, 30], figli: [15, 17, 20, 21, 22, 23, 31], mosse: [(3, 3, 19, 4, 13), (2, 2, 5, 9, 11)]
20 -> costo: 108337.0, rotte: {4: [(1, 6), (6, 7), (7, 3), (3, 2), (2, 14), (14, 11), (11, 15), (15, 17), (17, 12), (12, 13), (13, 8), (8, 9)], 3: [(1, 18), (18, 19), (19, 4), (4, 16)], 2: [(1, 5), (5, 9), (9, 8), (8, 10)]}, padri: [19, 24], figli: [17, 21, 22, 31], mosse: [(2, 2, 10, 8), (3, 3, 19, 4, 13)]
21 -> costo: 106974.3, rotte: {4: [(1, 6), (6, 7), (7, 3), (3, 2), (2, 14), (14, 11), (11, 15), (15, 17), (17, 12), (12, 13), (13, 8), (8, 9)], 3: [(1, 18), (18, 19), (19, 4), (4, 16)], 2: [(1, 10), (10, 5), (5, 9), (9, 8)]}, padri: [20, 25, 35], figli: [17, 22, 22, 22, 31], mosse: [(2, 2, 1, 10, 19), (3, 3, 19, 4, 13), (2, 2, 5, 9, 11)]
22 -> costo: 106635.7, rotte: {4: [(1, 6), (6, 7), (7, 3), (3, 2), (2, 14), (14, 11), (11, 15), (15, 17), (17, 12), (12, 13), (13, 8), (8, 9)], 3: [(1, 18), (18, 19), (19, 4), (4, 16)], 2: [(1, 10), (10, 5), (5, 8), (8, 9)]}, padri: [21, 21, 21, 23, 26, 28, 32, 34, 35, 36], figli: [15], mosse: [(2, 2, 5, 8, 15), (2, 2, 8, 9, 11), (2, 2, 9, 8), (2, 2, 1, 10, 19), (3, 3, 19, 4, 13), (2, 2, 1, 10, 19), (2, 2, 10, 5, 14), (2, 2, 1, 10, 19), (2, 2, 8, 9, 11), (2, 2, 8, 9, 11)]
23 -> costo: 108337.0, rotte: {4: [(1, 6), (6, 7), (7, 3), (3, 2), (2, 14), (14, 11), (11, 15), (15, 17), (17, 12), (12, 13), (13, 8), (8, 9)], 3: [(1, 18), (18, 19), (19, 4), (4, 16)], 2: [(1, 5), (5, 8), (8, 9), (9, 10)]}, padri: [19], figli: [15, 22], mosse: [(2, 2, 5, 8, 15)]
24 -> costo: 111426.40000000001, rotte: {4: [(1, 6), (6, 7), (7, 3), (3, 2), (2, 14), (14, 11), (11, 15), (15, 17), (17, 12), (12, 13), (13, 8), (8, 9)], 3: [(1, 4), (4, 18), (18, 19), (19, 16)], 2: [(1, 5), (5, 9), (9, 8), (8, 10)]}, padri: [18], figli: [20, 16, 25, 26, 30], mosse: [(2, 2, 10, 8)]
25 -> costo: 110063.70000000001, rotte: {4: [(1, 6), (6, 7), (7, 3), (3, 2), (2, 14), (14, 11), (11, 15), (15, 17), (17, 12), (12, 13), (13, 8), (8, 9)], 3: [(1, 4), (4, 18), (18, 19), (19, 16)], 2: [(1, 10), (10, 5), (5, 9), (9, 8)]}, padri: [24], figli: [21, 16, 26, 26, 26, 30], mosse: [(2, 2, 1, 10, 19)]
26 -> costo: 109725.1, rotte: {4: [(1, 6), (6, 7), (7, 3), (3, 2), (2, 14), (14, 11), (11, 15), (15, 17), (17, 12), (12, 13), (13, 8), (8, 9)], 3: [(1, 4), (4, 18), (18, 19), (19, 16)], 2: [(1, 10), (10, 5), (5, 8), (8, 9)]}, padri: [25, 25, 25, 27], figli: [22, 14], mosse: [(2, 2, 5, 8, 15), (2, 2, 8, 9, 11), (2, 2, 9, 8), (2, 2, 1, 10, 19)]
27 -> costo: 111426.40000000001, rotte: {4: [(1, 6), (6, 7), (7, 3), (3, 2), (2, 14), (14, 11), (11, 15), (15, 17), (17, 12), (12, 13), (13, 8), (8, 9)], 3: [(1, 4), (4, 18), (18, 19), (19, 16)], 2: [(1, 5), (5, 8), (8, 9), (9, 10)]}, padri: [18], figli: [28, 14, 26], mosse: [(2, 2, 5, 8, 15)]
28 -> costo: 108337.0, rotte: {4: [(1, 6), (6, 7), (7, 3), (3, 2), (2, 14), (14, 11), (11, 15), (15, 17), (17, 12), (12, 13), (13, 8), (8, 9)], 3: [(1, 18), (18, 19), (19, 4), (4, 16)], 2: [(1, 5), (5, 8), (8, 9), (9, 10)]}, padri: [27], figli: [15, 22], mosse: [(3, 3, 19, 4, 13)]
29 -> costo: 115231.90000000001, rotte: {4: [(1, 6), (6, 7), (7, 3), (3, 2), (2, 14), (14, 11), (11, 15), (15, 17), (17, 12), (12, 13), (13, 8), (8, 9)], 3: [(1, 4), (4, 18), (18, 19), (19, 16)], 2: [(1, 9), (9, 5), (5, 10), (10, 8)]}, padri: [13], figli: [14, 16, 30], mosse: [(2, 3, 1, 9, 11)]
30 -> costo: 112142.5, rotte: {4: [(1, 6), (6, 7), (7, 3), (3, 2), (2, 14), (14, 11), (11, 15), (15, 17), (17, 12), (12, 13), (13, 8), (8, 9)], 3: [(1, 18), (18, 19), (19, 4), (4, 16)], 2: [(1, 9), (9, 5), (5, 10), (10, 8)]}, padri: [29], figli: [15, 17, 31, 19, 35], mosse: [(3, 3, 19, 4, 13)]
31 -> costo: 109219.99999999999, rotte: {4: [(1, 6), (6, 7), (7, 3), (3, 2), (2, 14), (14, 11), (11, 15), (15, 17), (17, 12), (12, 13), (13, 8), (8, 9)], 3: [(1, 18), (18, 19), (19, 4), (4, 16)], 2: [(1, 8), (8, 9), (9, 5), (5, 10)]}, padri: [30], figli: [32, 33, 33, 33, 36, 36, 36], mosse: [(2, 2, 1, 8, 15)]
32 -> costo: 108315.5, rotte: {4: [(1, 6), (6, 7), (7, 3), (3, 2), (2, 14), (14, 11), (11, 15), (15, 17), (17, 12), (12, 13), (13, 8), (8, 9)], 3: [(1, 18), (18, 19), (19, 4), (4, 16)], 2: [(1, 10), (10, 8), (8, 9), (9, 5)]}, padri: [31], figli: [15, 22], mosse: [(2, 2, 1, 10, 19)]
33 -> costo: 108791.49999999999, rotte: {4: [(1, 6), (6, 7), (7, 3), (3, 2), (2, 14), (14, 11), (11, 15), (15, 17), (17, 12), (12, 13), (13, 8), (8, 9)], 3: [(1, 18), (18, 19), (19, 4), (4, 16)], 2: [(1, 8), (8, 9), (9, 10), (10, 5)]}, padri: [31, 31, 31, 35], figli: [34], mosse: [(2, 2, 9, 10, 19), (2, 2, 10, 5, 14), (2, 2, 5, 10), (2, 2, 1, 8, 15)]
34 -> costo: 108337.0, rotte: {4: [(1, 6), (6, 7), (7, 3), (3, 2), (2, 14), (14, 11), (11, 15), (15, 17), (17, 12), (12, 13), (13, 8), (8, 9)], 3: [(1, 18), (18, 19), (19, 4), (4, 16)], 2: [(1, 5), (5, 8), (8, 9), (9, 10)]}, padri: [33], figli: [15, 22], mosse: [(2, 2, 1, 5, 14)]
35 -> costo: 112141.3, rotte: {4: [(1, 6), (6, 7), (7, 3), (3, 2), (2, 14), (14, 11), (11, 15), (15, 17), (17, 12), (12, 13), (13, 8), (8, 9)], 3: [(1, 18), (18, 19), (19, 4), (4, 16)], 2: [(1, 9), (9, 10), (10, 5), (5, 8)]}, padri: [30], figli: [22, 21, 33, 36], mosse: [(2, 2, 10, 5, 14)]
36 -> costo: 111665.3, rotte: {4: [(1, 6), (6, 7), (7, 3), (3, 2), (2, 14), (14, 11), (11, 15), (15, 17), (17, 12), (12, 13), (13, 8), (8, 9)], 3: [(1, 18), (18, 19), (19, 4), (4, 16)], 2: [(1, 10), (10, 9), (9, 5), (5, 8)]}, padri: [35], figli: [22], mosse: [(2, 2, 10, 9, 11)]
bestSolutionIndice: 15
15 -> costo: 106231.09999999999, rotte: {4: [(1, 6), (6, 7), (7, 3), (3, 2), (2, 14), (14, 11), (11, 15), (15, 17), (17, 12), (12, 13), (13, 8), (8, 9)], 3: [(1, 18), (18, 19), (19, 4), (4, 16)], 2: [(1, 5), (5, 10), (10, 8), (8, 9)]}, padri: [14, 19, 22, 23, 28, 30, 32, 34], figli: [], mosse: [(3, 3, 19, 4, 13), (2, 2, 8, 9, 11), (2, 2, 5, 10, 19), (2, 2, 5, 10, 19), (2, 2, 5, 10, 19), (2, 2, 8, 9, 11), (2, 2, 1, 5, 14), (2, 2, 5, 10, 19)]
trasportoPalletDiGamma: {4: [(6, 15), (7, 16), (3, 12), (2, 11), (14, 3), (11, 20), (15, 4), (17, 6), (12, 1), (13, 2), (8, 2), (9, 7)], 3: [(18, 19), (19, 12), (4, 13), (16, 5)], 2: [(5, 14), (10, 19), (8, 15), (9, 11)]}
itMosseLS: 111, itMosseTS: 100
time elapsed: 2096.21s.


##########################################################################################
s: 1
dictSolutions[1]:
0 -> costo: 164648.69999999998, rotte: {2: [(1, 13), (13, 8), (8, 6), (6, 10), (10, 16), (16, 17)], 4: [(1, 5), (5, 15), (15, 9), (9, 4), (4, 18), (18, 11), (11, 17)], 3: [(1, 12), (12, 2), (2, 14), (14, 7), (7, 3), (3, 19)]}, padri: [-1], figli: [1], mosse: [-1]
1 -> costo: 152678.7, rotte: {2: [(1, 13), (13, 8), (8, 6), (6, 10), (10, 16), (16, 17)], 4: [(1, 5), (5, 15), (15, 9), (9, 4), (4, 18), (18, 11), (11, 17)], 3: [(1, 12), (12, 14), (14, 7), (7, 3), (3, 2), (2, 19)]}, padri: [0], figli: [2], mosse: [(3, 3, 3, 2, 11)]
2 -> costo: 141336.60000000003, rotte: {2: [(1, 13), (13, 8), (8, 6), (6, 10), (10, 16), (16, 17)], 4: [(1, 5), (5, 15), (15, 17), (17, 9), (9, 4), (4, 18), (18, 11)], 3: [(1, 12), (12, 14), (14, 7), (7, 3), (3, 2), (2, 19)]}, padri: [1], figli: [3], mosse: [(4, 4, 15, 17, 4)]
3 -> costo: 133920.69999999998, rotte: {2: [(1, 8), (8, 6), (6, 10), (10, 16), (16, 17)], 4: [(1, 5), (5, 15), (15, 17), (17, 9), (9, 4), (4, 18), (18, 11)], 3: [(1, 13), (13, 12), (12, 14), (14, 7), (7, 3), (3, 2), (2, 19)]}, padri: [2], figli: [4], mosse: [(3, 2, 1, 13, 2)]
4 -> costo: 127205.29999999999, rotte: {2: [(1, 8), (8, 6), (6, 10), (10, 16), (16, 17)], 4: [(1, 15), (15, 17), (17, 9), (9, 5), (5, 4), (4, 18), (18, 11)], 3: [(1, 13), (13, 12), (12, 14), (14, 7), (7, 3), (3, 2), (2, 19)]}, padri: [3], figli: [5], mosse: [(4, 4, 9, 5, 14)]
5 -> costo: 120827.1, rotte: {2: [(1, 8), (8, 6), (6, 10), (10, 16), (16, 17)], 4: [(1, 15), (15, 17), (17, 11), (11, 9), (9, 5), (5, 4), (4, 18)], 3: [(1, 13), (13, 12), (12, 14), (14, 7), (7, 3), (3, 2), (2, 19)]}, padri: [4], figli: [6], mosse: [(4, 4, 17, 11, 20)]
6 -> costo: 114356.79999999999, rotte: {2: [(1, 8), (8, 6), (6, 10), (10, 16), (16, 17)], 4: [(1, 18), (18, 15), (15, 17), (17, 11), (11, 9), (9, 5), (5, 4)], 3: [(1, 13), (13, 12), (12, 14), (14, 7), (7, 3), (3, 2), (2, 19)]}, padri: [5], figli: [7], mosse: [(4, 4, 1, 18, 19)]
7 -> costo: 110043.59999999999, rotte: {2: [(1, 8), (8, 6), (6, 10), (10, 16), (16, 17)], 4: [(1, 18), (18, 15), (15, 17), (17, 11), (11, 9), (9, 5), (5, 4)], 3: [(1, 19), (19, 13), (13, 12), (12, 14), (14, 7), (7, 3), (3, 2)]}, padri: [6], figli: [8], mosse: [(3, 3, 1, 19, 12)]
8 -> costo: 109497.4, rotte: {2: [(1, 6), (6, 8), (8, 10), (10, 16), (16, 17)], 4: [(1, 18), (18, 15), (15, 17), (17, 11), (11, 9), (9, 5), (5, 4)], 3: [(1, 19), (19, 13), (13, 12), (12, 14), (14, 7), (7, 3), (3, 2)]}, padri: [7], figli: [9], mosse: [(2, 2, 6, 8, 17)]
9 -> costo: 109130.0, rotte: {2: [(1, 6), (6, 8), (8, 10), (10, 16), (16, 17)], 4: [(1, 18), (18, 15), (15, 17), (17, 11), (11, 5), (5, 4), (4, 9)], 3: [(1, 19), (19, 13), (13, 12), (12, 14), (14, 7), (7, 3), (3, 2)]}, padri: [8], figli: [10], mosse: [(4, 4, 4, 9, 18)]
10 -> costo: 108716.5, rotte: {2: [(1, 6), (6, 8), (8, 10), (10, 16), (16, 17)], 4: [(1, 18), (18, 15), (15, 17), (17, 11), (11, 4), (4, 5), (5, 9)], 3: [(1, 19), (19, 13), (13, 12), (12, 14), (14, 7), (7, 3), (3, 2)]}, padri: [9], figli: [11, 11, 11, 11, 11, 11, 11], mosse: [(4, 4, 4, 5, 14)]
11 -> costo: 108419.9, rotte: {2: [(1, 6), (6, 8), (8, 10), (10, 16)], 4: [(1, 18), (18, 15), (15, 17), (17, 11), (11, 4), (4, 5), (5, 9)], 3: [(1, 19), (19, 13), (13, 12), (12, 14), (14, 7), (7, 3), (3, 2)]}, padri: [10, 10, 10, 10, 10, 10, 10], figli: [], mosse: [(4, 2, 1, 17, 2), (4, 2, 18, 17, 2), (4, 2, 15, 17, 2), (4, 2, 11, 17, 2), (4, 2, 4, 17, 2), (4, 2, 5, 17, 2), (4, 2, 9, 17, 2)]
bestSolutionIndice: 11
11 -> costo: 108419.9, rotte: {2: [(1, 6), (6, 8), (8, 10), (10, 16)], 4: [(1, 18), (18, 15), (15, 17), (17, 11), (11, 4), (4, 5), (5, 9)], 3: [(1, 19), (19, 13), (13, 12), (12, 14), (14, 7), (7, 3), (3, 2)]}, padri: [10, 10, 10, 10, 10, 10, 10], figli: [], mosse: [(4, 2, 1, 17, 2), (4, 2, 18, 17, 2), (4, 2, 15, 17, 2), (4, 2, 11, 17, 2), (4, 2, 4, 17, 2), (4, 2, 5, 17, 2), (4, 2, 9, 17, 2)]
trasportoPalletDiGamma: {2: [(6, 15), (8, 17), (10, 19), (16, 5)], 4: [(18, 19), (15, 4), (17, 6), (11, 20), (4, 13), (5, 14), (9, 18)], 3: [(19, 12), (13, 2), (12, 1), (14, 3), (7, 16), (3, 12), (2, 11)]}
itMosseLS: 17, itMosseTS: 6
time elapsed: 255.44s.


##########################################################################################
##########################################################################################
