itNSIMax: 3, itMosseTSMax: 150.
##########################################################################################
s: 1
dictSolutions[1]:
0 -> costo: 183958.5, rotte: {4: [(1, 15), (15, 13), (13, 9), (9, 3), (3, 6), (6, 19), (19, 7), (7, 10)], 2: [(1, 14), (14, 8), (8, 4), (4, 17), (17, 2), (2, 12), (12, 10)], 3: [(1, 11), (11, 18), (18, 5), (5, 16), (16, 10)]}, padri: [-1], figli: [1], mosse: [-1]
1 -> costo: 169791.4, rotte: {4: [(1, 15), (15, 13), (13, 9), (9, 3), (3, 6), (6, 19), (19, 7), (7, 10)], 2: [(1, 14), (14, 8), (8, 4), (4, 17), (17, 2), (2, 12), (12, 10)], 3: [(1, 18), (18, 5), (5, 16), (16, 11), (11, 10)]}, padri: [0], figli: [2], mosse: [(3, 3, 16, 11, 20)]
2 -> costo: 162477.09999999998, rotte: {4: [(1, 15), (15, 13), (13, 9), (9, 3), (3, 6), (6, 19), (19, 7), (7, 10)], 2: [(1, 8), (8, 4), (4, 17), (17, 2), (2, 12), (12, 14), (14, 10)], 3: [(1, 18), (18, 5), (5, 16), (16, 11), (11, 10)]}, padri: [1], figli: [3], mosse: [(2, 2, 12, 14, 3)]
3 -> costo: 155528.19999999995, rotte: {4: [(1, 15), (15, 13), (13, 9), (9, 3), (3, 6), (6, 19), (19, 7), (7, 10)], 2: [(1, 8), (8, 4), (4, 2), (2, 17), (17, 12), (12, 14), (14, 10)], 3: [(1, 18), (18, 5), (5, 16), (16, 11), (11, 10)]}, padri: [2], figli: [4], mosse: [(2, 2, 2, 17, 6)]
4 -> costo: 148861.69999999995, rotte: {4: [(1, 15), (15, 13), (13, 9), (9, 3), (3, 6), (6, 19), (19, 7), (7, 10)], 2: [(1, 8), (8, 4), (4, 2), (2, 17), (17, 12), (12, 14), (14, 10)], 3: [(1, 18), (18, 5), (5, 11), (11, 10), (10, 16)]}, padri: [3], figli: [5], mosse: [(3, 3, 10, 16, 5)]
5 -> costo: 142803.89999999997, rotte: {4: [(1, 15), (15, 13), (13, 9), (9, 3), (3, 6), (6, 19), (19, 7), (7, 10)], 2: [(1, 8), (8, 4), (4, 2), (2, 12), (12, 14), (14, 10), (10, 17)], 3: [(1, 18), (18, 5), (5, 11), (11, 10), (10, 16)]}, padri: [4], figli: [6], mosse: [(2, 2, 10, 17, 6)]
6 -> costo: 136766.19999999998, rotte: {4: [(1, 15), (15, 13), (13, 9), (9, 3), (3, 6), (6, 19), (19, 7), (7, 10)], 2: [(1, 8), (8, 4), (4, 2), (2, 12), (12, 14), (14, 10), (10, 17)], 3: [(1, 18), (18, 5), (5, 11), (11, 16)]}, padri: [5], figli: [7], mosse: [(4, 3, 1, 10, 2)]
7 -> costo: 131048.79999999999, rotte: {4: [(1, 15), (15, 13), (13, 9), (9, 3), (3, 6), (6, 19), (19, 7), (7, 10)], 2: [(1, 8), (8, 4), (4, 2), (2, 12), (12, 14), (14, 17)], 3: [(1, 18), (18, 5), (5, 11), (11, 16)]}, padri: [6], figli: [8], mosse: [(4, 2, 1, 10, 9)]
8 -> costo: 115461.90000000001, rotte: {4: [(1, 13), (13, 9), (9, 3), (3, 6), (6, 19), (19, 7), (7, 10)], 2: [(1, 8), (8, 4), (4, 2), (2, 12), (12, 14), (14, 17), (17, 15)], 3: [(1, 18), (18, 5), (5, 11), (11, 16)]}, padri: [7], figli: [9], mosse: [(2, 4, 17, 15, 4)]
9 -> costo: 108046.0, rotte: {4: [(1, 9), (9, 3), (3, 6), (6, 19), (19, 7), (7, 10)], 2: [(1, 8), (8, 4), (4, 2), (2, 13), (13, 12), (12, 14), (14, 17), (17, 15)], 3: [(1, 18), (18, 5), (5, 11), (11, 16)]}, padri: [8], figli: [10], mosse: [(2, 4, 2, 13, 2)]
10 -> costo: 104626.3, rotte: {4: [(1, 3), (3, 6), (6, 19), (19, 7), (7, 10), (10, 9)], 2: [(1, 8), (8, 4), (4, 2), (2, 13), (13, 12), (12, 14), (14, 17), (17, 15)], 3: [(1, 18), (18, 5), (5, 11), (11, 16)]}, padri: [9], figli: [11], mosse: [(4, 4, 10, 9, 18)]
11 -> costo: 102271.70000000001, rotte: {4: [(1, 3), (3, 19), (19, 7), (7, 6), (6, 10), (10, 9)], 2: [(1, 8), (8, 4), (4, 2), (2, 13), (13, 12), (12, 14), (14, 17), (17, 15)], 3: [(1, 18), (18, 5), (5, 11), (11, 16)]}, padri: [10], figli: [12, 21, 38, 39, 46, 48, 49], mosse: [(4, 4, 7, 6, 15)]
12 -> costo: 91912.0, rotte: {4: [(1, 19), (19, 7), (7, 6), (6, 3), (3, 10), (10, 9)], 2: [(1, 8), (8, 4), (4, 2), (2, 13), (13, 12), (12, 14), (14, 17), (17, 15)], 3: [(1, 18), (18, 5), (5, 11), (11, 16)]}, padri: [11, 21, 39, 48], figli: [13, 19, 33, 35, 41, 47], mosse: [(4, 4, 6, 3, 12), (4, 4, 6, 3, 12), (4, 4, 3, 10, 19), (4, 4, 6, 3, 12)]
13 -> costo: 89781.6, rotte: {4: [(1, 19), (19, 7), (7, 6), (6, 3), (3, 10), (10, 9)], 2: [(1, 4), (4, 2), (2, 8), (8, 13), (13, 12), (12, 14), (14, 17), (17, 15)], 3: [(1, 18), (18, 5), (5, 11), (11, 16)]}, padri: [12, 22, 40, 49], figli: [14, 18, 20, 28, 32, 42], mosse: [(2, 2, 2, 8, 17), (4, 4, 6, 3, 12), (4, 4, 3, 10, 19), (4, 4, 6, 3, 12)]
14 -> costo: 89345.90000000001, rotte: {4: [(1, 19), (19, 7), (7, 6), (6, 3), (3, 10), (10, 9)], 2: [(1, 4), (4, 2), (2, 8), (8, 13), (13, 14), (14, 12), (12, 17), (17, 15)], 3: [(1, 18), (18, 5), (5, 11), (11, 16)]}, padri: [13, 19, 23, 41, 56, 57], figli: [15, 17, 25, 43], mosse: [(2, 2, 14, 12, 1), (2, 2, 2, 8, 17), (4, 4, 6, 3, 12), (4, 4, 3, 10, 19), (4, 4, 6, 3, 12), (4, 4, 10, 9, 18)]
15 -> costo: 89087.90000000001, rotte: {4: [(1, 19), (19, 7), (7, 6), (6, 3), (3, 10), (10, 9)], 2: [(1, 2), (2, 4), (4, 8), (8, 13), (13, 14), (14, 12), (12, 17), (17, 15)], 3: [(1, 18), (18, 5), (5, 11), (11, 16)]}, padri: [14, 18, 24, 42, 58, 61], figli: [16], mosse: [(2, 2, 2, 4, 13), (2, 2, 14, 12, 1), (4, 4, 6, 3, 12), (4, 4, 3, 10, 19), (4, 4, 10, 9, 18), (4, 4, 6, 3, 12)]
16 -> costo: 88985.6, rotte: {4: [(1, 19), (19, 7), (7, 6), (6, 3), (3, 10), (10, 9)], 2: [(1, 2), (2, 4), (4, 8), (8, 14), (14, 13), (13, 12), (12, 17), (17, 15)], 3: [(1, 18), (18, 5), (5, 11), (11, 16)]}, padri: [15, 17, 27, 43, 59, 62], figli: [], mosse: [(2, 2, 14, 13, 2), (2, 2, 2, 4, 13), (4, 4, 6, 3, 12), (4, 4, 3, 10, 19), (4, 4, 10, 9, 18), (4, 4, 6, 3, 12)]
17 -> costo: 89243.6, rotte: {4: [(1, 19), (19, 7), (7, 6), (6, 3), (3, 10), (10, 9)], 2: [(1, 4), (4, 2), (2, 8), (8, 14), (14, 13), (13, 12), (12, 17), (17, 15)], 3: [(1, 18), (18, 5), (5, 11), (11, 16)]}, padri: [14, 20, 30, 44, 60, 63], figli: [16], mosse: [(2, 2, 14, 13, 2), (2, 2, 2, 8, 17), (4, 4, 6, 3, 12), (4, 4, 3, 10, 19), (4, 4, 10, 9, 18), (4, 4, 6, 3, 12)]
18 -> costo: 89523.6, rotte: {4: [(1, 19), (19, 7), (7, 6), (6, 3), (3, 10), (10, 9)], 2: [(1, 2), (2, 4), (4, 8), (8, 13), (13, 12), (12, 14), (14, 17), (17, 15)], 3: [(1, 18), (18, 5), (5, 11), (11, 16)]}, padri: [13, 31, 45], figli: [15, 25, 43], mosse: [(2, 2, 2, 4, 13), (4, 4, 6, 3, 12), (4, 4, 3, 10, 19)]
19 -> costo: 91476.3, rotte: {4: [(1, 19), (19, 7), (7, 6), (6, 3), (3, 10), (10, 9)], 2: [(1, 8), (8, 4), (4, 2), (2, 13), (13, 14), (14, 12), (12, 17), (17, 15)], 3: [(1, 18), (18, 5), (5, 11), (11, 16)]}, padri: [12, 34, 46], figli: [14, 20, 28, 42], mosse: [(2, 2, 14, 12, 1), (4, 4, 6, 3, 12), (4, 4, 3, 10, 19)]
20 -> costo: 91403.8, rotte: {4: [(1, 19), (19, 7), (7, 6), (6, 3), (3, 10), (10, 9)], 2: [(1, 8), (8, 4), (4, 2), (2, 14), (14, 13), (13, 12), (12, 17), (17, 15)], 3: [(1, 18), (18, 5), (5, 11), (11, 16)]}, padri: [19, 37, 47], figli: [17], mosse: [(2, 2, 14, 13, 2), (4, 4, 6, 3, 12), (4, 4, 3, 10, 19)]
21 -> costo: 92137.3, rotte: {4: [(1, 19), (19, 7), (7, 3), (3, 6), (6, 10), (10, 9)], 2: [(1, 8), (8, 4), (4, 2), (2, 13), (13, 12), (12, 14), (14, 17), (17, 15)], 3: [(1, 18), (18, 5), (5, 11), (11, 16)]}, padri: [11, 48], figli: [22, 34, 12, 38, 46], mosse: [(4, 4, 7, 3, 12), (4, 4, 7, 3, 12)]
22 -> costo: 90006.90000000001, rotte: {4: [(1, 19), (19, 7), (7, 3), (3, 6), (6, 10), (10, 9)], 2: [(1, 4), (4, 2), (2, 8), (8, 13), (13, 12), (12, 14), (14, 17), (17, 15)], 3: [(1, 18), (18, 5), (5, 11), (11, 16)]}, padri: [21, 49], figli: [23, 31, 13, 33, 41], mosse: [(2, 2, 2, 8, 17), (4, 4, 7, 3, 12)]
23 -> costo: 89571.20000000001, rotte: {4: [(1, 19), (19, 7), (7, 3), (3, 6), (6, 10), (10, 9)], 2: [(1, 4), (4, 2), (2, 8), (8, 13), (13, 14), (14, 12), (12, 17), (17, 15)], 3: [(1, 18), (18, 5), (5, 11), (11, 16)]}, padri: [22, 34, 56], figli: [24, 14, 28, 30, 36, 42], mosse: [(2, 2, 14, 12, 1), (2, 2, 2, 8, 17), (4, 4, 7, 3, 12)]
24 -> costo: 89313.20000000001, rotte: {4: [(1, 19), (19, 7), (7, 3), (3, 6), (6, 10), (10, 9)], 2: [(1, 2), (2, 4), (4, 8), (8, 13), (13, 14), (14, 12), (12, 17), (17, 15)], 3: [(1, 18), (18, 5), (5, 11), (11, 16)]}, padri: [23, 31, 61], figli: [15, 25, 27, 29, 43], mosse: [(2, 2, 2, 4, 13), (2, 2, 14, 12, 1), (4, 4, 7, 3, 12)]
25 -> costo: 89121.30000000002, rotte: {4: [(1, 19), (19, 7), (7, 3), (3, 10), (10, 6), (6, 9)], 2: [(1, 2), (2, 4), (4, 8), (8, 13), (13, 14), (14, 12), (12, 17), (17, 15)], 3: [(1, 18), (18, 5), (5, 11), (11, 16)]}, padri: [24, 28, 32], figli: [26], mosse: [(4, 4, 10, 6, 15), (2, 2, 2, 4, 13), (2, 2, 14, 12, 1)]
26 -> costo: 89019.00000000001, rotte: {4: [(1, 19), (19, 7), (7, 3), (3, 10), (10, 6), (6, 9)], 2: [(1, 2), (2, 4), (4, 8), (8, 14), (14, 13), (13, 12), (12, 17), (17, 15)], 3: [(1, 18), (18, 5), (5, 11), (11, 16)]}, padri: [25, 27, 29], figli: [], mosse: [(2, 2, 14, 13, 2), (4, 4, 10, 6, 15), (2, 2, 2, 4, 13)]
27 -> costo: 89210.90000000001, rotte: {4: [(1, 19), (19, 7), (7, 3), (3, 6), (6, 10), (10, 9)], 2: [(1, 2), (2, 4), (4, 8), (8, 14), (14, 13), (13, 12), (12, 17), (17, 15)], 3: [(1, 18), (18, 5), (5, 11), (11, 16)]}, padri: [24, 30, 62], figli: [16, 26], mosse: [(2, 2, 14, 13, 2), (2, 2, 2, 4, 13), (4, 4, 7, 3, 12)]
28 -> costo: 89379.30000000002, rotte: {4: [(1, 19), (19, 7), (7, 3), (3, 10), (10, 6), (6, 9)], 2: [(1, 4), (4, 2), (2, 8), (8, 13), (13, 14), (14, 12), (12, 17), (17, 15)], 3: [(1, 18), (18, 5), (5, 11), (11, 16)]}, padri: [23, 33, 35], figli: [25, 29], mosse: [(4, 4, 10, 6, 15), (2, 2, 14, 12, 1), (2, 2, 2, 8, 17)]
29 -> costo: 89277.00000000001, rotte: {4: [(1, 19), (19, 7), (7, 3), (3, 10), (10, 6), (6, 9)], 2: [(1, 4), (4, 2), (2, 8), (8, 14), (14, 13), (13, 12), (12, 17), (17, 15)], 3: [(1, 18), (18, 5), (5, 11), (11, 16)]}, padri: [28, 30, 36], figli: [26], mosse: [(2, 2, 14, 13, 2), (4, 4, 10, 6, 15), (2, 2, 2, 8, 17)]
30 -> costo: 89468.90000000001, rotte: {4: [(1, 19), (19, 7), (7, 3), (3, 6), (6, 10), (10, 9)], 2: [(1, 4), (4, 2), (2, 8), (8, 14), (14, 13), (13, 12), (12, 17), (17, 15)], 3: [(1, 18), (18, 5), (5, 11), (11, 16)]}, padri: [23, 37, 63], figli: [27, 17, 29], mosse: [(2, 2, 14, 13, 2), (2, 2, 2, 8, 17), (4, 4, 7, 3, 12)]
31 -> costo: 89748.90000000001, rotte: {4: [(1, 19), (19, 7), (7, 3), (3, 6), (6, 10), (10, 9)], 2: [(1, 2), (2, 4), (4, 8), (8, 13), (13, 12), (12, 14), (14, 17), (17, 15)], 3: [(1, 18), (18, 5), (5, 11), (11, 16)]}, padri: [22], figli: [24, 18, 32], mosse: [(2, 2, 2, 4, 13)]
32 -> costo: 89557.00000000001, rotte: {4: [(1, 19), (19, 7), (7, 3), (3, 10), (10, 6), (6, 9)], 2: [(1, 2), (2, 4), (4, 8), (8, 13), (13, 12), (12, 14), (14, 17), (17, 15)], 3: [(1, 18), (18, 5), (5, 11), (11, 16)]}, padri: [31, 33], figli: [25], mosse: [(4, 4, 10, 6, 15), (2, 2, 2, 4, 13)]
33 -> costo: 89815.00000000001, rotte: {4: [(1, 19), (19, 7), (7, 3), (3, 10), (10, 6), (6, 9)], 2: [(1, 4), (4, 2), (2, 8), (8, 13), (13, 12), (12, 14), (14, 17), (17, 15)], 3: [(1, 18), (18, 5), (5, 11), (11, 16)]}, padri: [22, 38], figli: [28, 32, 36], mosse: [(4, 4, 10, 6, 15), (2, 2, 2, 8, 17)]
34 -> costo: 91701.6, rotte: {4: [(1, 19), (19, 7), (7, 3), (3, 6), (6, 10), (10, 9)], 2: [(1, 8), (8, 4), (4, 2), (2, 13), (13, 14), (14, 12), (12, 17), (17, 15)], 3: [(1, 18), (18, 5), (5, 11), (11, 16)]}, padri: [21], figli: [23, 19, 35, 37, 47], mosse: [(2, 2, 14, 12, 1)]
35 -> costo: 91509.70000000001, rotte: {4: [(1, 19), (19, 7), (7, 3), (3, 10), (10, 6), (6, 9)], 2: [(1, 8), (8, 4), (4, 2), (2, 13), (13, 14), (14, 12), (12, 17), (17, 15)], 3: [(1, 18), (18, 5), (5, 11), (11, 16)]}, padri: [34, 38], figli: [28, 36], mosse: [(4, 4, 10, 6, 15), (2, 2, 14, 12, 1)]
36 -> costo: 91437.2, rotte: {4: [(1, 19), (19, 7), (7, 3), (3, 10), (10, 6), (6, 9)], 2: [(1, 8), (8, 4), (4, 2), (2, 14), (14, 13), (13, 12), (12, 17), (17, 15)], 3: [(1, 18), (18, 5), (5, 11), (11, 16)]}, padri: [35, 37], figli: [29], mosse: [(2, 2, 14, 13, 2), (4, 4, 10, 6, 15)]
37 -> costo: 91629.1, rotte: {4: [(1, 19), (19, 7), (7, 3), (3, 6), (6, 10), (10, 9)], 2: [(1, 8), (8, 4), (4, 2), (2, 14), (14, 13), (13, 12), (12, 17), (17, 15)], 3: [(1, 18), (18, 5), (5, 11), (11, 16)]}, padri: [34], figli: [30, 20, 36], mosse: [(2, 2, 14, 13, 2)]
38 -> costo: 91945.40000000001, rotte: {4: [(1, 19), (19, 7), (7, 3), (3, 10), (10, 6), (6, 9)], 2: [(1, 8), (8, 4), (4, 2), (2, 13), (13, 12), (12, 14), (14, 17), (17, 15)], 3: [(1, 18), (18, 5), (5, 11), (11, 16)]}, padri: [21], figli: [33, 35], mosse: [(4, 4, 10, 6, 15)]
39 -> costo: 92525.8, rotte: {4: [(1, 19), (19, 7), (7, 6), (6, 10), (10, 3), (3, 9)], 2: [(1, 8), (8, 4), (4, 2), (2, 13), (13, 12), (12, 14), (14, 17), (17, 15)], 3: [(1, 18), (18, 5), (5, 11), (11, 16)]}, padri: [11, 48, 48, 48], figli: [40, 12, 46, 50, 51], mosse: [(4, 4, 10, 3, 12), (4, 4, 10, 3, 12), (4, 4, 3, 9, 18), (4, 4, 9, 3)]
40 -> costo: 90395.40000000001, rotte: {4: [(1, 19), (19, 7), (7, 6), (6, 10), (10, 3), (3, 9)], 2: [(1, 4), (4, 2), (2, 8), (8, 13), (13, 12), (12, 14), (14, 17), (17, 15)], 3: [(1, 18), (18, 5), (5, 11), (11, 16)]}, padri: [39, 49, 49, 49, 50], figli: [13, 41, 45, 52], mosse: [(2, 2, 2, 8, 17), (4, 4, 10, 3, 12), (4, 4, 3, 9, 18), (4, 4, 9, 3), (4, 4, 3, 9, 18)]
41 -> costo: 89959.70000000001, rotte: {4: [(1, 19), (19, 7), (7, 6), (6, 10), (10, 3), (3, 9)], 2: [(1, 4), (4, 2), (2, 8), (8, 13), (13, 14), (14, 12), (12, 17), (17, 15)], 3: [(1, 18), (18, 5), (5, 11), (11, 16)]}, padri: [40, 46, 51, 56, 56, 56], figli: [14, 42, 44, 53], mosse: [(2, 2, 14, 12, 1), (2, 2, 2, 8, 17), (4, 4, 3, 9, 18), (4, 4, 10, 3, 12), (4, 4, 3, 9, 18), (4, 4, 9, 3)]
42 -> costo: 89701.70000000001, rotte: {4: [(1, 19), (19, 7), (7, 6), (6, 10), (10, 3), (3, 9)], 2: [(1, 2), (2, 4), (4, 8), (8, 13), (13, 14), (14, 12), (12, 17), (17, 15)], 3: [(1, 18), (18, 5), (5, 11), (11, 16)]}, padri: [41, 45, 52, 61, 61, 61], figli: [15, 43], mosse: [(2, 2, 2, 4, 13), (2, 2, 14, 12, 1), (4, 4, 3, 9, 18), (4, 4, 10, 3, 12), (4, 4, 3, 9, 18), (4, 4, 9, 3)]
43 -> costo: 89599.40000000001, rotte: {4: [(1, 19), (19, 7), (7, 6), (6, 10), (10, 3), (3, 9)], 2: [(1, 2), (2, 4), (4, 8), (8, 14), (14, 13), (13, 12), (12, 17), (17, 15)], 3: [(1, 18), (18, 5), (5, 11), (11, 16)]}, padri: [42, 44, 53, 62, 62, 62], figli: [16], mosse: [(2, 2, 14, 13, 2), (2, 2, 2, 4, 13), (4, 4, 3, 9, 18), (4, 4, 10, 3, 12), (4, 4, 3, 9, 18), (4, 4, 9, 3)]
44 -> costo: 89857.40000000001, rotte: {4: [(1, 19), (19, 7), (7, 6), (6, 10), (10, 3), (3, 9)], 2: [(1, 4), (4, 2), (2, 8), (8, 14), (14, 13), (13, 12), (12, 17), (17, 15)], 3: [(1, 18), (18, 5), (5, 11), (11, 16)]}, padri: [41, 47, 54, 63, 63, 63], figli: [17, 43], mosse: [(2, 2, 14, 13, 2), (2, 2, 2, 8, 17), (4, 4, 3, 9, 18), (4, 4, 10, 3, 12), (4, 4, 3, 9, 18), (4, 4, 9, 3)]
45 -> costo: 90137.40000000001, rotte: {4: [(1, 19), (19, 7), (7, 6), (6, 10), (10, 3), (3, 9)], 2: [(1, 2), (2, 4), (4, 8), (8, 13), (13, 12), (12, 14), (14, 17), (17, 15)], 3: [(1, 18), (18, 5), (5, 11), (11, 16)]}, padri: [40, 55], figli: [18, 42, 53], mosse: [(2, 2, 2, 4, 13), (4, 4, 3, 9, 18)]
46 -> costo: 92090.1, rotte: {4: [(1, 19), (19, 7), (7, 6), (6, 10), (10, 3), (3, 9)], 2: [(1, 8), (8, 4), (4, 2), (2, 13), (13, 14), (14, 12), (12, 17), (17, 15)], 3: [(1, 18), (18, 5), (5, 11), (11, 16)]}, padri: [39], figli: [41, 19, 47, 52], mosse: [(2, 2, 14, 12, 1)]
47 -> costo: 92017.6, rotte: {4: [(1, 19), (19, 7), (7, 6), (6, 10), (10, 3), (3, 9)], 2: [(1, 8), (8, 4), (4, 2), (2, 14), (14, 13), (13, 12), (12, 17), (17, 15)], 3: [(1, 18), (18, 5), (5, 11), (11, 16)]}, padri: [46], figli: [44, 20], mosse: [(2, 2, 14, 13, 2)]
48 -> costo: 94682.1, rotte: {4: [(1, 19), (19, 7), (7, 6), (6, 10), (10, 9), (9, 3)], 2: [(1, 8), (8, 4), (4, 2), (2, 13), (13, 12), (12, 14), (14, 17), (17, 15)], 3: [(1, 18), (18, 5), (5, 11), (11, 16)]}, padri: [11], figli: [12, 21, 39, 39, 39, 49, 49, 49], mosse: [(4, 4, 9, 3, 12)]
49 -> costo: 92551.7, rotte: {4: [(1, 19), (19, 7), (7, 6), (6, 10), (10, 9), (9, 3)], 2: [(1, 4), (4, 2), (2, 8), (8, 13), (13, 12), (12, 14), (14, 17), (17, 15)], 3: [(1, 18), (18, 5), (5, 11), (11, 16)]}, padri: [48], figli: [13, 22, 40, 40, 40, 50, 50, 50, 51, 51, 51, 56], mosse: [(2, 2, 2, 8, 17)]
50 -> costo: 91741.5, rotte: {4: [(1, 19), (19, 7), (7, 6), (6, 9), (9, 10), (10, 3)], 2: [(1, 4), (4, 2), (2, 8), (8, 13), (13, 12), (12, 14), (14, 17), (17, 15)], 3: [(1, 18), (18, 5), (5, 11), (11, 16)]}, padri: [49], figli: [40, 51, 55, 57, 58], mosse: [(4, 4, 9, 10, 19)]
51 -> costo: 91305.8, rotte: {4: [(1, 19), (19, 7), (7, 6), (6, 9), (9, 10), (10, 3)], 2: [(1, 4), (4, 2), (2, 8), (8, 13), (13, 14), (14, 12), (12, 17), (17, 15)], 3: [(1, 18), (18, 5), (5, 11), (11, 16)]}, padri: [50, 56, 57, 57, 57], figli: [41, 52, 54, 59], mosse: [(2, 2, 14, 12, 1), (4, 4, 9, 10, 19), (4, 4, 9, 10, 19), (4, 4, 10, 3, 12), (4, 4, 3, 10)]
52 -> costo: 91047.80000000002, rotte: {4: [(1, 19), (19, 7), (7, 6), (6, 9), (9, 10), (10, 3)], 2: [(1, 2), (2, 4), (4, 8), (8, 13), (13, 14), (14, 12), (12, 17), (17, 15)], 3: [(1, 18), (18, 5), (5, 11), (11, 16)]}, padri: [51, 55, 58, 58, 58, 61], figli: [42, 53], mosse: [(2, 2, 2, 4, 13), (2, 2, 14, 12, 1), (4, 4, 9, 10, 19), (4, 4, 10, 3, 12), (4, 4, 3, 10), (4, 4, 9, 10, 19)]
53 -> costo: 90945.50000000001, rotte: {4: [(1, 19), (19, 7), (7, 6), (6, 9), (9, 10), (10, 3)], 2: [(1, 2), (2, 4), (4, 8), (8, 14), (14, 13), (13, 12), (12, 17), (17, 15)], 3: [(1, 18), (18, 5), (5, 11), (11, 16)]}, padri: [52, 54, 59, 59, 59, 62], figli: [43], mosse: [(2, 2, 14, 13, 2), (2, 2, 2, 4, 13), (4, 4, 9, 10, 19), (4, 4, 10, 3, 12), (4, 4, 3, 10), (4, 4, 9, 10, 19)]
54 -> costo: 91203.5, rotte: {4: [(1, 19), (19, 7), (7, 6), (6, 9), (9, 10), (10, 3)], 2: [(1, 4), (4, 2), (2, 8), (8, 14), (14, 13), (13, 12), (12, 17), (17, 15)], 3: [(1, 18), (18, 5), (5, 11), (11, 16)]}, padri: [51, 60, 60, 60, 63], figli: [44, 53], mosse: [(2, 2, 14, 13, 2), (4, 4, 9, 10, 19), (4, 4, 10, 3, 12), (4, 4, 3, 10), (4, 4, 9, 10, 19)]
55 -> costo: 91483.5, rotte: {4: [(1, 19), (19, 7), (7, 6), (6, 9), (9, 10), (10, 3)], 2: [(1, 2), (2, 4), (4, 8), (8, 13), (13, 12), (12, 14), (14, 17), (17, 15)], 3: [(1, 18), (18, 5), (5, 11), (11, 16)]}, padri: [50], figli: [45, 52, 59], mosse: [(2, 2, 2, 4, 13)]
56 -> costo: 92116.0, rotte: {4: [(1, 19), (19, 7), (7, 6), (6, 10), (10, 9), (9, 3)], 2: [(1, 4), (4, 2), (2, 8), (8, 13), (13, 14), (14, 12), (12, 17), (17, 15)], 3: [(1, 18), (18, 5), (5, 11), (11, 16)]}, padri: [49], figli: [14, 23, 41, 41, 41, 51, 57, 58, 61, 63], mosse: [(2, 2, 14, 12, 1)]
57 -> costo: 91711.7, rotte: {4: [(1, 19), (19, 7), (7, 6), (6, 9), (9, 3), (3, 10)], 2: [(1, 4), (4, 2), (2, 8), (8, 13), (13, 14), (14, 12), (12, 17), (17, 15)], 3: [(1, 18), (18, 5), (5, 11), (11, 16)]}, padri: [56], figli: [14, 51, 51, 51, 58, 58, 58, 60, 62], mosse: [(4, 4, 3, 10, 19)]
58 -> costo: 91453.70000000001, rotte: {4: [(1, 19), (19, 7), (7, 6), (6, 9), (9, 3), (3, 10)], 2: [(1, 2), (2, 4), (4, 8), (8, 13), (13, 14), (14, 12), (12, 17), (17, 15)], 3: [(1, 18), (18, 5), (5, 11), (11, 16)]}, padri: [57, 61], figli: [15, 52, 52, 52, 59, 59, 59], mosse: [(2, 2, 2, 4, 13), (4, 4, 3, 10, 19)]
59 -> costo: 91351.40000000001, rotte: {4: [(1, 19), (19, 7), (7, 6), (6, 9), (9, 3), (3, 10)], 2: [(1, 2), (2, 4), (4, 8), (8, 14), (14, 13), (13, 12), (12, 17), (17, 15)], 3: [(1, 18), (18, 5), (5, 11), (11, 16)]}, padri: [58, 60, 62], figli: [16, 53, 53, 53], mosse: [(2, 2, 14, 13, 2), (2, 2, 2, 4, 13), (4, 4, 3, 10, 19)]
60 -> costo: 91609.40000000001, rotte: {4: [(1, 19), (19, 7), (7, 6), (6, 9), (9, 3), (3, 10)], 2: [(1, 4), (4, 2), (2, 8), (8, 14), (14, 13), (13, 12), (12, 17), (17, 15)], 3: [(1, 18), (18, 5), (5, 11), (11, 16)]}, padri: [57], figli: [17, 54, 54, 54, 59], mosse: [(2, 2, 14, 13, 2)]
61 -> costo: 91858.0, rotte: {4: [(1, 19), (19, 7), (7, 6), (6, 10), (10, 9), (9, 3)], 2: [(1, 2), (2, 4), (4, 8), (8, 13), (13, 14), (14, 12), (12, 17), (17, 15)], 3: [(1, 18), (18, 5), (5, 11), (11, 16)]}, padri: [56], figli: [15, 24, 42, 42, 42, 52, 58, 62], mosse: [(2, 2, 2, 4, 13)]
62 -> costo: 91755.70000000001, rotte: {4: [(1, 19), (19, 7), (7, 6), (6, 10), (10, 9), (9, 3)], 2: [(1, 2), (2, 4), (4, 8), (8, 14), (14, 13), (13, 12), (12, 17), (17, 15)], 3: [(1, 18), (18, 5), (5, 11), (11, 16)]}, padri: [61], figli: [16, 27, 43, 43, 43, 53, 59], mosse: [(2, 2, 14, 13, 2)]
63 -> costo: 92013.7, rotte: {4: [(1, 19), (19, 7), (7, 6), (6, 10), (10, 9), (9, 3)], 2: [(1, 4), (4, 2), (2, 8), (8, 14), (14, 13), (13, 12), (12, 17), (17, 15)], 3: [(1, 18), (18, 5), (5, 11), (11, 16)]}, padri: [56], figli: [17, 30, 44, 44, 44, 54], mosse: [(2, 2, 14, 13, 2)]
bestSolutionIndice: 16
16 -> costo: 88985.6, rotte: {4: [(1, 19), (19, 7), (7, 6), (6, 3), (3, 10), (10, 9)], 2: [(1, 2), (2, 4), (4, 8), (8, 14), (14, 13), (13, 12), (12, 17), (17, 15)], 3: [(1, 18), (18, 5), (5, 11), (11, 16)]}, padri: [15, 17, 27, 43, 59, 62], figli: [], mosse: [(2, 2, 14, 13, 2), (2, 2, 2, 4, 13), (4, 4, 6, 3, 12), (4, 4, 3, 10, 19), (4, 4, 10, 9, 18), (4, 4, 6, 3, 12)]
trasportoPalletDiGamma: {4: [(19, 12), (7, 16), (6, 15), (3, 12), (10, 19), (9, 18)], 2: [(2, 11), (4, 13), (8, 17), (14, 3), (13, 2), (12, 1), (17, 6), (15, 4)], 3: [(18, 19), (5, 14), (11, 20), (16, 5)]}
itMosseLS: 166, itMosseTS: 150
time elapsed: 2432.81s.


##########################################################################################
s: 1
dictSolutions[1]:
0 -> costo: 182457.6, rotte: {2: [(1, 9), (9, 16), (16, 18), (18, 12), (12, 11)], 3: [(1, 5), (5, 6), (6, 3), (3, 19), (19, 17), (17, 10)], 4: [(1, 13), (13, 15), (15, 4), (4, 14), (14, 7), (7, 8), (8, 2), (2, 11), (11, 10)]}, padri: [-1], figli: [1], mosse: [-1]
1 -> costo: 168817.0, rotte: {2: [(1, 9), (9, 16), (16, 18), (18, 12), (12, 11)], 3: [(1, 5), (5, 6), (6, 3), (3, 19), (19, 17)], 4: [(1, 13), (13, 15), (15, 4), (4, 14), (14, 7), (7, 8), (8, 2), (2, 11), (11, 10)]}, padri: [0], figli: [2], mosse: [(4, 3, 1, 10, 1)]
2 -> costo: 155622.3, rotte: {2: [(1, 9), (9, 16), (16, 18), (18, 12), (12, 11)], 3: [(1, 5), (5, 6), (6, 3), (3, 19), (19, 17)], 4: [(1, 13), (13, 15), (15, 4), (4, 7), (7, 8), (8, 2), (2, 11), (11, 14), (14, 10)]}, padri: [1], figli: [3], mosse: [(4, 4, 11, 14, 3)]
3 -> costo: 146369.7, rotte: {2: [(1, 9), (9, 16), (16, 18), (18, 12), (12, 11)], 3: [(1, 5), (5, 6), (6, 3), (3, 19), (19, 17)], 4: [(1, 15), (15, 4), (4, 7), (7, 8), (8, 2), (2, 13), (13, 11), (11, 14), (14, 10)]}, padri: [2], figli: [4], mosse: [(4, 4, 2, 13, 2)]
4 -> costo: 138695.9, rotte: {2: [(1, 9), (9, 18), (18, 12), (12, 11), (11, 16)], 3: [(1, 5), (5, 6), (6, 3), (3, 19), (19, 17)], 4: [(1, 15), (15, 4), (4, 7), (7, 8), (8, 2), (2, 13), (13, 11), (11, 14), (14, 10)]}, padri: [3], figli: [5], mosse: [(2, 2, 11, 16, 5)]
5 -> costo: 127658.09999999998, rotte: {2: [(1, 18), (18, 9), (9, 12), (12, 11), (11, 16)], 3: [(1, 5), (5, 6), (6, 3), (3, 19), (19, 17)], 4: [(1, 15), (15, 4), (4, 7), (7, 8), (8, 2), (2, 13), (13, 11), (11, 14), (14, 10)]}, padri: [4], figli: [6], mosse: [(2, 2, 18, 9, 18)]
6 -> costo: 120417.89999999998, rotte: {2: [(1, 18), (18, 9), (9, 12), (12, 11), (11, 16)], 3: [(1, 5), (5, 6), (6, 3), (3, 19), (19, 17)], 4: [(1, 4), (4, 7), (7, 8), (8, 2), (2, 13), (13, 11), (11, 14), (14, 10), (10, 15)]}, padri: [5], figli: [7, 11, 12, 15, 16], mosse: [(4, 4, 10, 15, 4)]
7 -> costo: 118361.09999999999, rotte: {2: [(1, 18), (18, 9), (9, 12), (12, 11), (11, 16)], 3: [(1, 5), (5, 6), (6, 3), (3, 19), (19, 17)], 4: [(1, 4), (4, 7), (7, 8), (8, 13), (13, 11), (11, 14), (14, 10), (10, 2), (2, 15)]}, padri: [6, 11, 15], figli: [8, 10, 13, 17], mosse: [(4, 4, 10, 2, 11), (4, 4, 10, 2, 11), (4, 4, 10, 2, 11)]
8 -> costo: 118017.59999999999, rotte: {2: [(1, 18), (18, 9), (9, 11), (11, 12), (12, 16)], 3: [(1, 5), (5, 6), (6, 3), (3, 19), (19, 17)], 4: [(1, 4), (4, 7), (7, 8), (8, 13), (13, 11), (11, 14), (14, 10), (10, 2), (2, 15)]}, padri: [7, 12, 16, 22], figli: [9, 20], mosse: [(2, 2, 11, 12, 1), (4, 4, 10, 2, 11), (4, 4, 10, 2, 11), (4, 4, 10, 2, 11)]
9 -> costo: 117709.79999999999, rotte: {2: [(1, 18), (18, 9), (9, 11), (11, 12), (12, 16)], 3: [(1, 6), (6, 5), (5, 3), (3, 19), (19, 17)], 4: [(1, 4), (4, 7), (7, 8), (8, 13), (13, 11), (11, 14), (14, 10), (10, 2), (2, 15)]}, padri: [8, 10, 13, 17, 18], figli: [], mosse: [(3, 3, 6, 5, 14), (2, 2, 11, 12, 1), (4, 4, 10, 2, 11), (4, 4, 10, 2, 11), (4, 4, 10, 2, 11)]
10 -> costo: 118053.29999999999, rotte: {2: [(1, 18), (18, 9), (9, 12), (12, 11), (11, 16)], 3: [(1, 6), (6, 5), (5, 3), (3, 19), (19, 17)], 4: [(1, 4), (4, 7), (7, 8), (8, 13), (13, 11), (11, 14), (14, 10), (10, 2), (2, 15)]}, padri: [7, 14], figli: [9, 20], mosse: [(3, 3, 6, 5, 14), (4, 4, 10, 2, 11)]
11 -> costo: 119530.89999999998, rotte: {2: [(1, 18), (18, 9), (9, 12), (12, 11), (11, 16)], 3: [(1, 5), (5, 6), (6, 3), (3, 19), (19, 17)], 4: [(1, 4), (4, 7), (7, 8), (8, 13), (13, 11), (11, 14), (14, 2), (2, 10), (10, 15)]}, padri: [6], figli: [7, 12, 14, 16, 22], mosse: [(4, 4, 14, 2, 11)]
12 -> costo: 119187.39999999998, rotte: {2: [(1, 18), (18, 9), (9, 11), (11, 12), (12, 16)], 3: [(1, 5), (5, 6), (6, 3), (3, 19), (19, 17)], 4: [(1, 4), (4, 7), (7, 8), (8, 13), (13, 11), (11, 14), (14, 2), (2, 10), (10, 15)]}, padri: [11, 16], figli: [8, 13, 17, 18], mosse: [(2, 2, 11, 12, 1), (4, 4, 14, 2, 11)]
13 -> costo: 118879.59999999998, rotte: {2: [(1, 18), (18, 9), (9, 11), (11, 12), (12, 16)], 3: [(1, 6), (6, 5), (5, 3), (3, 19), (19, 17)], 4: [(1, 4), (4, 7), (7, 8), (8, 13), (13, 11), (11, 14), (14, 2), (2, 10), (10, 15)]}, padri: [12, 14, 17, 18], figli: [9, 20], mosse: [(3, 3, 6, 5, 14), (2, 2, 11, 12, 1), (4, 4, 14, 2, 11), (4, 4, 14, 2, 11)]
14 -> costo: 119223.09999999998, rotte: {2: [(1, 18), (18, 9), (9, 12), (12, 11), (11, 16)], 3: [(1, 6), (6, 5), (5, 3), (3, 19), (19, 17)], 4: [(1, 4), (4, 7), (7, 8), (8, 13), (13, 11), (11, 14), (14, 2), (2, 10), (10, 15)]}, padri: [11], figli: [10, 13, 18], mosse: [(3, 3, 6, 5, 14)]
15 -> costo: 119757.29999999999, rotte: {2: [(1, 18), (18, 9), (9, 12), (12, 11), (11, 16)], 3: [(1, 5), (5, 6), (6, 3), (3, 19), (19, 17)], 4: [(1, 4), (4, 7), (7, 2), (2, 8), (8, 13), (13, 11), (11, 14), (14, 10), (10, 15)]}, padri: [6], figli: [7, 16], mosse: [(4, 4, 2, 8, 17)]
16 -> costo: 119413.79999999999, rotte: {2: [(1, 18), (18, 9), (9, 11), (11, 12), (12, 16)], 3: [(1, 5), (5, 6), (6, 3), (3, 19), (19, 17)], 4: [(1, 4), (4, 7), (7, 2), (2, 8), (8, 13), (13, 11), (11, 14), (14, 10), (10, 15)]}, padri: [15], figli: [8, 17, 12, 22], mosse: [(2, 2, 11, 12, 1)]
17 -> costo: 119105.99999999999, rotte: {2: [(1, 18), (18, 9), (9, 11), (11, 12), (12, 16)], 3: [(1, 6), (6, 5), (5, 3), (3, 19), (19, 17)], 4: [(1, 4), (4, 7), (7, 2), (2, 8), (8, 13), (13, 11), (11, 14), (14, 10), (10, 15)]}, padri: [16], figli: [9, 13, 18, 20, 21, 24], mosse: [(3, 3, 6, 5, 14)]
18 -> costo: 118941.19999999997, rotte: {2: [(1, 18), (18, 9), (9, 11), (11, 12), (12, 16)], 3: [(1, 6), (6, 5), (5, 3), (3, 19), (19, 17)], 4: [(1, 4), (4, 2), (2, 7), (7, 8), (8, 13), (13, 11), (11, 14), (14, 10), (10, 15)]}, padri: [17, 21, 22], figli: [19, 9, 20, 13], mosse: [(4, 4, 2, 7, 16), (4, 4, 2, 7, 16), (3, 3, 6, 5, 14)]
19 -> costo: 117080.29999999997, rotte: {2: [(1, 18), (18, 9), (9, 11), (11, 12), (12, 16)], 3: [(1, 6), (6, 5), (5, 3), (3, 19), (19, 17)], 4: [(1, 2), (2, 4), (4, 7), (7, 8), (8, 13), (13, 11), (11, 14), (14, 10), (10, 15)]}, padri: [18, 20, 23], figli: [], mosse: [(4, 4, 2, 4, 13), (4, 4, 4, 7, 16), (3, 3, 6, 5, 14)]
20 -> costo: 118860.79999999997, rotte: {2: [(1, 18), (18, 9), (9, 11), (11, 12), (12, 16)], 3: [(1, 6), (6, 5), (5, 3), (3, 19), (19, 17)], 4: [(1, 2), (2, 7), (7, 4), (4, 8), (8, 13), (13, 11), (11, 14), (14, 10), (10, 15)]}, padri: [18], figli: [19], mosse: [(4, 4, 7, 4, 13)]
21 -> costo: 118976.09999999998, rotte: {2: [(1, 18), (18, 9), (9, 11), (11, 12), (12, 16)], 3: [(1, 6), (6, 5), (5, 3), (3, 19), (19, 17)], 4: [(1, 7), (7, 4), (4, 2), (2, 8), (8, 13), (13, 11), (11, 14), (14, 10), (10, 15)]}, padri: [17], figli: [18, 24], mosse: [(4, 4, 7, 4, 13)]
22 -> costo: 119248.99999999997, rotte: {2: [(1, 18), (18, 9), (9, 11), (11, 12), (12, 16)], 3: [(1, 5), (5, 6), (6, 3), (3, 19), (19, 17)], 4: [(1, 4), (4, 2), (2, 7), (7, 8), (8, 13), (13, 11), (11, 14), (14, 10), (10, 15)]}, padri: [16], figli: [23, 8, 18, 24], mosse: [(4, 4, 2, 7, 16)]
23 -> costo: 117388.09999999998, rotte: {2: [(1, 18), (18, 9), (9, 11), (11, 12), (12, 16)], 3: [(1, 5), (5, 6), (6, 3), (3, 19), (19, 17)], 4: [(1, 2), (2, 4), (4, 7), (7, 8), (8, 13), (13, 11), (11, 14), (14, 10), (10, 15)]}, padri: [22, 24], figli: [19], mosse: [(4, 4, 2, 4, 13), (4, 4, 4, 7, 16)]
24 -> costo: 119168.59999999998, rotte: {2: [(1, 18), (18, 9), (9, 11), (11, 12), (12, 16)], 3: [(1, 5), (5, 6), (6, 3), (3, 19), (19, 17)], 4: [(1, 2), (2, 7), (7, 4), (4, 8), (8, 13), (13, 11), (11, 14), (14, 10), (10, 15)]}, padri: [22], figli: [23], mosse: [(4, 4, 7, 4, 13)]
bestSolutionIndice: 19
19 -> costo: 117080.29999999997, rotte: {2: [(1, 18), (18, 9), (9, 11), (11, 12), (12, 16)], 3: [(1, 6), (6, 5), (5, 3), (3, 19), (19, 17)], 4: [(1, 2), (2, 4), (4, 7), (7, 8), (8, 13), (13, 11), (11, 14), (14, 10), (10, 15)]}, padri: [18, 20, 23], figli: [], mosse: [(4, 4, 2, 4, 13), (4, 4, 4, 7, 16), (3, 3, 6, 5, 14)]
trasportoPalletDiGamma: {2: [(18, 19), (9, 18), (11, 17), (12, 1), (16, 5)], 3: [(6, 15), (5, 14), (3, 12), (19, 12), (17, 6)], 4: [(2, 11), (4, 13), (7, 16), (8, 17), (13, 2), (11, 3), (14, 3), (10, 19), (15, 4)]}
itMosseLS: 43, itMosseTS: 32
time elapsed: 1172.49s.


##########################################################################################
