itNSIMax: 5, itMosseTSMax: 100.
##########################################################################################
s: 1, itNSI: 1.
soluzione iniziale: 0
0 -> 
costo: 162785.2, 
rotte: {2: [(1, 7), (7, 6), (6, 17), (17, 10), (10, 16)], 4: [(1, 9), (9, 13), (13, 12), (12, 20), (20, 8), (8, 5), (5, 11)], 3: [(1, 14), (14, 18), (18, 15), (15, 2), (2, 4), (4, 19), (19, 16), (16, 11)]}
trasportoPalletDiGamma: {2: [(7, 14), (6, 13), (17, 4), (10, 17), (16, 2)], 4: [(9, 16), (13, 20), (12, 19), (20, 11), (8, 15), (5, 12), (11, 7)], 3: [(14, 1), (18, 5), (15, 2), (2, 19), (4, 11), (19, 6), (16, 1), (11, 11)]}
bestSolutionIndice: 16
16 -> 
costo: 63950.0, 
rotte: {2: [(1, 10), (10, 12), (12, 17)], 4: [(1, 4), (4, 5), (5, 6), (6, 7), (7, 8), (8, 9), (9, 11)], 3: [(1, 2), (2, 20), (20, 18), (18, 19), (19, 14), (14, 15), (15, 13), (13, 16)]}
trasportoPalletDiGamma: {2: [(10, 17), (12, 19), (17, 4)], 4: [(4, 11), (5, 12), (6, 13), (7, 14), (8, 15), (9, 16), (11, 18)], 3: [(2, 19), (20, 11), (18, 5), (19, 6), (14, 1), (15, 2), (13, 20), (16, 3)]}
itMosseLS: 119, itMosseTS: 100
numero di soluzioni totali trovati: 49.
time elapsed: 1484.62s.


##########################################################################################
s: 1, itNSI: 2.
soluzione iniziale: 0
0 -> 
costo: 142202.69999999998, 
rotte: {2: [(1, 5), (5, 11), (11, 15), (15, 6), (6, 7)], 3: [(1, 12), (12, 19), (19, 10), (10, 17), (17, 18), (18, 2), (2, 9)], 4: [(1, 8), (8, 14), (14, 4), (4, 16), (16, 20), (20, 13), (13, 7)]}
trasportoPalletDiGamma: {2: [(5, 12), (11, 18), (15, 2), (6, 13), (7, 5)], 3: [(12, 19), (19, 6), (10, 17), (17, 4), (18, 5), (2, 19), (9, 16)], 4: [(8, 15), (14, 1), (4, 11), (16, 3), (20, 11), (13, 20), (7, 9)]}
bestSolutionIndice: 19
19 -> 
costo: 67791.7, 
rotte: {2: [(1, 5), (5, 6), (6, 11), (11, 15), (15, 14), (14, 16)], 3: [(1, 19), (19, 18), (18, 17), (17, 20), (20, 2), (2, 8), (8, 9), (9, 10)], 4: [(1, 4), (4, 7), (7, 12), (12, 13)]}
trasportoPalletDiGamma: {2: [(5, 12), (6, 13), (11, 18), (15, 2), (14, 1), (16, 3)], 3: [(19, 6), (18, 5), (17, 4), (20, 11), (2, 19), (8, 15), (9, 16), (10, 17)], 4: [(4, 11), (7, 14), (12, 19), (13, 20)]}
itMosseLS: 109, itMosseTS: 92
numero di soluzioni totali trovati: 66.
time elapsed: 2120.15s.


##########################################################################################
##########################################################################################
##########################################################################################
##########################################################################################
##########################################################################################
##########################################################################################
Soluzione migliore in assoluto trovata:

s: 1
itNSI: 1, 
costo: 63950.0, 
rotte: {2: [(1, 10), (10, 12), (12, 17)], 4: [(1, 4), (4, 5), (5, 6), (6, 7), (7, 8), (8, 9), (9, 11)], 3: [(1, 2), (2, 20), (20, 18), (18, 19), (19, 14), (14, 15), (15, 13), (13, 16)]}
trasportoPalletDiGamma: {2: [(10, 17), (12, 19), (17, 4)], 4: [(4, 11), (5, 12), (6, 13), (7, 14), (8, 15), (9, 16), (11, 18)], 3: [(2, 19), (20, 11), (18, 5), (19, 6), (14, 1), (15, 2), (13, 20), (16, 3)]}

Total time elapsed: 3606.17s.