itNSIMax: 10, itMosseTSMax: 30.
##########################################################################################
s: 1
dictSolutions[1]:
0 -> costo: 154693.1, rotte: {2: [(1, 9), (9, 19), (19, 13), (13, 20)], 3: [(1, 18), (18, 8), (8, 4), (4, 17), (17, 11), (11, 15), (15, 2), (2, 20)], 4: [(1, 5), (5, 16), (16, 7), (7, 14), (14, 10), (10, 12), (12, 6)]}, padri: [-1], figli: [1], mosse: [-1]
1 -> costo: 134616.5, rotte: {2: [(1, 9), (9, 19), (19, 13), (13, 20)], 3: [(1, 8), (8, 4), (4, 18), (18, 17), (17, 11), (11, 15), (15, 2), (2, 20)], 4: [(1, 5), (5, 16), (16, 7), (7, 14), (14, 10), (10, 12), (12, 6)]}, padri: [0], figli: [2], mosse: [(3, 3, 4, 18, 5)]
2 -> costo: 122254.0, rotte: {2: [(1, 9), (9, 19), (19, 13), (13, 20)], 3: [(1, 8), (8, 4), (4, 18), (18, 17), (17, 11), (11, 15), (15, 2), (2, 20)], 4: [(1, 5), (5, 16), (16, 14), (14, 10), (10, 12), (12, 6), (6, 7)]}, padri: [1], figli: [3], mosse: [(4, 4, 6, 7, 14)]
3 -> costo: 111946.2, rotte: {2: [(1, 9), (9, 13), (13, 20), (20, 19)], 3: [(1, 8), (8, 4), (4, 18), (18, 17), (17, 11), (11, 15), (15, 2), (2, 20)], 4: [(1, 5), (5, 16), (16, 14), (14, 10), (10, 12), (12, 6), (6, 7)]}, padri: [2], figli: [4], mosse: [(2, 2, 20, 19, 6)]
4 -> costo: 107099.60000000002, rotte: {2: [(1, 9), (9, 13), (13, 19)], 3: [(1, 8), (8, 4), (4, 18), (18, 17), (17, 11), (11, 15), (15, 2), (2, 20)], 4: [(1, 5), (5, 16), (16, 14), (14, 10), (10, 12), (12, 6), (6, 7)]}, padri: [3], figli: [5], mosse: [(3, 2, 1, 20, 8)]
5 -> costo: 102990.1, rotte: {2: [(1, 9), (9, 13), (13, 19)], 3: [(1, 8), (8, 4), (4, 18), (18, 17), (17, 15), (15, 11), (11, 2), (2, 20)], 4: [(1, 5), (5, 16), (16, 14), (14, 10), (10, 12), (12, 6), (6, 7)]}, padri: [4], figli: [6], mosse: [(3, 3, 15, 11, 18)]
6 -> costo: 99289.7, rotte: {2: [(1, 13), (13, 19)], 3: [(1, 8), (8, 4), (4, 18), (18, 17), (17, 15), (15, 11), (11, 2), (2, 20)], 4: [(1, 5), (5, 16), (16, 14), (14, 10), (10, 12), (12, 6), (6, 7), (7, 9)]}, padri: [5], figli: [7], mosse: [(4, 2, 7, 9, 16)]
7 -> costo: 96900.9, rotte: {2: [(1, 13), (13, 19)], 3: [(1, 8), (8, 4), (4, 18), (18, 17), (17, 15), (15, 11), (11, 2), (2, 20)], 4: [(1, 16), (16, 14), (14, 10), (10, 12), (12, 5), (5, 6), (6, 7), (7, 9)]}, padri: [6], figli: [8], mosse: [(4, 4, 12, 5, 12)]
8 -> costo: 95567.6, rotte: {2: [(1, 13), (13, 19)], 3: [(1, 4), (4, 18), (18, 17), (17, 15), (15, 11), (11, 8), (8, 2), (2, 20)], 4: [(1, 16), (16, 14), (14, 10), (10, 12), (12, 5), (5, 6), (6, 7), (7, 9)]}, padri: [7], figli: [9], mosse: [(3, 3, 11, 8, 15)]
9 -> costo: 90449.30000000002, rotte: {2: [(1, 13), (13, 19)], 3: [(1, 18), (18, 17), (17, 15), (15, 11), (11, 8), (8, 4), (4, 2), (2, 20)], 4: [(1, 16), (16, 14), (14, 10), (10, 12), (12, 5), (5, 6), (6, 7), (7, 9)]}, padri: [8], figli: [10], mosse: [(3, 3, 8, 4, 11)]
10 -> costo: 88602.40000000001, rotte: {2: [(1, 13), (13, 19)], 3: [(1, 20), (20, 18), (18, 17), (17, 15), (15, 11), (11, 8), (8, 4), (4, 2)], 4: [(1, 16), (16, 14), (14, 10), (10, 12), (12, 5), (5, 6), (6, 7), (7, 9)]}, padri: [9], figli: [11], mosse: [(3, 3, 1, 20, 11)]
11 -> costo: 83493.1, rotte: {2: [(1, 13), (13, 19)], 3: [(1, 2), (2, 20), (20, 18), (18, 17), (17, 15), (15, 11), (11, 8), (8, 4)], 4: [(1, 16), (16, 14), (14, 10), (10, 12), (12, 5), (5, 6), (6, 7), (7, 9)]}, padri: [10], figli: [12], mosse: [(3, 3, 1, 2, 19)]
12 -> costo: 82197.20000000001, rotte: {2: [(1, 13), (13, 19)], 3: [(1, 2), (2, 20), (20, 18), (18, 17), (17, 15), (15, 11), (11, 8), (8, 4)], 4: [(1, 16), (16, 14), (14, 12), (12, 5), (5, 6), (6, 7), (7, 9), (9, 10)]}, padri: [11], figli: [13], mosse: [(4, 4, 9, 10, 17)]
13 -> costo: 82077.4, rotte: {2: [(1, 16), (16, 13), (13, 19)], 3: [(1, 2), (2, 20), (20, 18), (18, 17), (17, 15), (15, 11), (11, 8), (8, 4)], 4: [(1, 14), (14, 12), (12, 5), (5, 6), (6, 7), (7, 9), (9, 10)]}, padri: [12], figli: [14, 15, 16, 17, 18, 19, 20], mosse: [(2, 4, 1, 16, 3)]
14 -> costo: 73167.9, rotte: {2: [(1, 16), (16, 13), (13, 14), (14, 19)], 3: [(1, 2), (2, 20), (20, 18), (18, 17), (17, 15), (15, 11), (11, 8), (8, 4)], 4: [(1, 12), (12, 5), (5, 6), (6, 7), (7, 9), (9, 10)]}, padri: [13, 16, 18], figli: [], mosse: [(2, 4, 13, 14, 1), (2, 2, 13, 14, 1), (2, 2, 13, 14, 1)]
15 -> costo: 73301.3, rotte: {2: [(1, 16), (16, 13), (13, 19)], 3: [(1, 2), (2, 20), (20, 18), (18, 17), (17, 14), (14, 15), (15, 11), (11, 8), (8, 4)], 4: [(1, 12), (12, 5), (5, 6), (6, 7), (7, 9), (9, 10)]}, padri: [13, 17, 18, 19], figli: [], mosse: [(3, 4, 17, 14, 1), (3, 3, 14, 15, 2), (3, 2, 17, 14, 1), (3, 3, 17, 14, 1)]
16 -> costo: 73631.2, rotte: {2: [(1, 16), (16, 14), (14, 13), (13, 19)], 3: [(1, 2), (2, 20), (20, 18), (18, 17), (17, 15), (15, 11), (11, 8), (8, 4)], 4: [(1, 12), (12, 5), (5, 6), (6, 7), (7, 9), (9, 10)]}, padri: [13, 18], figli: [14], mosse: [(2, 4, 16, 14, 1), (2, 2, 16, 14, 1)]
17 -> costo: 73756.2, rotte: {2: [(1, 16), (16, 13), (13, 19)], 3: [(1, 2), (2, 20), (20, 18), (18, 17), (17, 15), (15, 14), (14, 11), (11, 8), (8, 4)], 4: [(1, 12), (12, 5), (5, 6), (6, 7), (7, 9), (9, 10)]}, padri: [13, 18, 19], figli: [15], mosse: [(3, 4, 15, 14, 1), (3, 2, 15, 14, 1), (3, 3, 15, 14, 1)]
18 -> costo: 73828.0, rotte: {2: [(1, 14), (14, 16), (16, 13), (13, 19)], 3: [(1, 2), (2, 20), (20, 18), (18, 17), (17, 15), (15, 11), (11, 8), (8, 4)], 4: [(1, 12), (12, 5), (5, 6), (6, 7), (7, 9), (9, 10)]}, padri: [13], figli: [14, 15, 16, 17, 20], mosse: [(2, 4, 1, 14, 1)]
19 -> costo: 80180.0, rotte: {2: [(1, 16), (16, 13), (13, 19)], 3: [(1, 2), (2, 20), (20, 18), (18, 17), (17, 15), (15, 11), (11, 8), (8, 4), (4, 14)], 4: [(1, 12), (12, 5), (5, 6), (6, 7), (7, 9), (9, 10)]}, padri: [13], figli: [15, 17, 20, 26], mosse: [(3, 4, 4, 14, 1)]
20 -> costo: 76880.0, rotte: {2: [(1, 16), (16, 13), (13, 19)], 3: [(1, 2), (2, 20), (20, 18), (18, 17), (17, 11), (11, 8), (8, 4), (4, 15), (15, 14)], 4: [(1, 12), (12, 5), (5, 6), (6, 7), (7, 9), (9, 10)]}, padri: [19], figli: [21, 25], mosse: [(3, 3, 4, 15, 2)]
21 -> costo: 75849.8, rotte: {2: [(1, 16), (16, 13), (13, 19)], 3: [(1, 2), (2, 20), (20, 18), (18, 17), (17, 8), (8, 4), (4, 11), (11, 15), (15, 14)], 4: [(1, 12), (12, 5), (5, 6), (6, 7), (7, 9), (9, 10)]}, padri: [20, 27], figli: [22, 24], mosse: [(3, 3, 4, 11, 18), (3, 3, 11, 15, 2)]
22 -> costo: 74614.6, rotte: {2: [(1, 16), (16, 13), (13, 19)], 3: [(1, 2), (2, 20), (20, 18), (18, 17), (17, 4), (4, 8), (8, 11), (11, 15), (15, 14)], 4: [(1, 12), (12, 5), (5, 6), (6, 7), (7, 9), (9, 10)]}, padri: [21, 28, 28, 28], figli: [23], mosse: [(3, 3, 4, 8, 15), (3, 3, 11, 15, 2), (3, 3, 15, 14, 1), (3, 3, 14, 15)]
23 -> costo: 74383.9, rotte: {2: [(1, 13), (13, 19)], 3: [(1, 2), (2, 20), (20, 18), (18, 17), (17, 4), (4, 8), (8, 11), (11, 15), (15, 14), (14, 16)], 4: [(1, 12), (12, 5), (5, 6), (6, 7), (7, 9), (9, 10)]}, padri: [22, 24, 29], figli: [], mosse: [(3, 2, 14, 16, 3), (3, 3, 4, 8, 15), (3, 3, 15, 14, 1)]
24 -> costo: 75619.09999999999, rotte: {2: [(1, 13), (13, 19)], 3: [(1, 2), (2, 20), (20, 18), (18, 17), (17, 8), (8, 4), (4, 11), (11, 15), (15, 14), (14, 16)], 4: [(1, 12), (12, 5), (5, 6), (6, 7), (7, 9), (9, 10)]}, padri: [21, 25, 30], figli: [23], mosse: [(3, 2, 14, 16, 3), (3, 3, 4, 11, 18), (3, 3, 15, 14, 1)]
25 -> costo: 76649.3, rotte: {2: [(1, 13), (13, 19)], 3: [(1, 2), (2, 20), (20, 18), (18, 17), (17, 11), (11, 8), (8, 4), (4, 15), (15, 14), (14, 16)], 4: [(1, 12), (12, 5), (5, 6), (6, 7), (7, 9), (9, 10)]}, padri: [20], figli: [24], mosse: [(3, 2, 14, 16, 3)]
26 -> costo: 77115.0, rotte: {2: [(1, 16), (16, 13), (13, 19)], 3: [(1, 2), (2, 20), (20, 18), (18, 17), (17, 11), (11, 8), (8, 4), (4, 14), (14, 15)], 4: [(1, 12), (12, 5), (5, 6), (6, 7), (7, 9), (9, 10)]}, padri: [19], figli: [27], mosse: [(3, 3, 14, 15, 2)]
27 -> costo: 76084.8, rotte: {2: [(1, 16), (16, 13), (13, 19)], 3: [(1, 2), (2, 20), (20, 18), (18, 17), (17, 8), (8, 4), (4, 11), (11, 14), (14, 15)], 4: [(1, 12), (12, 5), (5, 6), (6, 7), (7, 9), (9, 10)]}, padri: [26], figli: [28, 30, 21], mosse: [(3, 3, 4, 11, 18)]
28 -> costo: 74849.59999999999, rotte: {2: [(1, 16), (16, 13), (13, 19)], 3: [(1, 2), (2, 20), (20, 18), (18, 17), (17, 4), (4, 8), (8, 11), (11, 14), (14, 15)], 4: [(1, 12), (12, 5), (5, 6), (6, 7), (7, 9), (9, 10)]}, padri: [27], figli: [29, 22, 22, 22], mosse: [(3, 3, 4, 8, 15)]
29 -> costo: 74536.5, rotte: {2: [(1, 13), (13, 19)], 3: [(1, 2), (2, 20), (20, 18), (18, 17), (17, 4), (4, 8), (8, 11), (11, 14), (14, 15), (15, 16)], 4: [(1, 12), (12, 5), (5, 6), (6, 7), (7, 9), (9, 10)]}, padri: [28, 30], figli: [23], mosse: [(3, 2, 15, 16, 3), (3, 3, 4, 8, 15)]
30 -> costo: 75771.7, rotte: {2: [(1, 13), (13, 19)], 3: [(1, 2), (2, 20), (20, 18), (18, 17), (17, 8), (8, 4), (4, 11), (11, 14), (14, 15), (15, 16)], 4: [(1, 12), (12, 5), (5, 6), (6, 7), (7, 9), (9, 10)]}, padri: [27], figli: [29, 24], mosse: [(3, 2, 15, 16, 3)]
bestSolutionIndice: 14
14 -> costo: 73167.9, rotte: {2: [(1, 16), (16, 13), (13, 14), (14, 19)], 3: [(1, 2), (2, 20), (20, 18), (18, 17), (17, 15), (15, 11), (11, 8), (8, 4)], 4: [(1, 12), (12, 5), (5, 6), (6, 7), (7, 9), (9, 10)]}, padri: [13, 16, 18], figli: [], mosse: [(2, 4, 13, 14, 1), (2, 2, 13, 14, 1), (2, 2, 13, 14, 1)]
trasportoPalletDiGamma: {2: [(16, 3), (13, 20), (14, 1), (19, 6)], 3: [(2, 19), (20, 11), (18, 5), (17, 4), (15, 2), (11, 18), (8, 15), (4, 11)], 4: [(12, 19), (5, 12), (6, 13), (7, 14), (9, 16), (10, 17)]}
itMosseLS: 47, itMosseTS: 30
time elapsed: 768.44s.


##########################################################################################
s: 1
dictSolutions[1]:
0 -> costo: 120938.19999999998, rotte: {3: [(1, 10), (10, 5), (5, 18), (18, 6), (6, 2), (2, 17), (17, 19), (19, 8)], 4: [(1, 14), (14, 15), (15, 20), (20, 4), (4, 7), (7, 13), (13, 16), (16, 9)], 2: [(1, 12), (12, 11), (11, 9)]}, padri: [-1], figli: [1], mosse: [-1]
1 -> costo: 94250.79999999997, rotte: {3: [(1, 10), (10, 5), (5, 6), (6, 2), (2, 17), (17, 19), (19, 18), (18, 8)], 4: [(1, 14), (14, 15), (15, 20), (20, 4), (4, 7), (7, 13), (13, 16), (16, 9)], 2: [(1, 12), (12, 11), (11, 9)]}, padri: [0], figli: [2], mosse: [(3, 3, 19, 18, 5)]
2 -> costo: 80586.59999999998, rotte: {3: [(1, 10), (10, 8), (8, 5), (5, 6), (6, 2), (2, 17), (17, 19), (19, 18)], 4: [(1, 14), (14, 15), (15, 20), (20, 4), (4, 7), (7, 13), (13, 16), (16, 9)], 2: [(1, 12), (12, 11), (11, 9)]}, padri: [1], figli: [3], mosse: [(3, 3, 10, 8, 15)]
3 -> costo: 75284.09999999998, rotte: {3: [(1, 10), (10, 8), (8, 5), (5, 6), (6, 2), (2, 17), (17, 19), (19, 18)], 4: [(1, 14), (14, 15), (15, 20), (20, 4), (4, 7), (7, 9), (9, 13), (13, 16)], 2: [(1, 12), (12, 11), (11, 9)]}, padri: [2], figli: [4], mosse: [(4, 4, 7, 9, 3)]
4 -> costo: 72196.09999999998, rotte: {3: [(1, 10), (10, 8), (8, 5), (5, 6), (6, 2), (2, 17), (17, 19), (19, 18)], 4: [(1, 14), (14, 15), (15, 20), (20, 4), (4, 7), (7, 9), (9, 13), (13, 16)], 2: [(1, 12), (12, 11)]}, padri: [3], figli: [5], mosse: [(4, 2, 1, 9, 13)]
5 -> costo: 69677.19999999998, rotte: {3: [(1, 8), (8, 5), (5, 6), (6, 2), (2, 17), (17, 19), (19, 18)], 4: [(1, 14), (14, 15), (15, 20), (20, 4), (4, 7), (7, 9), (9, 10), (10, 13), (13, 16)], 2: [(1, 12), (12, 11)]}, padri: [4], figli: [6], mosse: [(4, 3, 9, 10, 17)]
6 -> costo: 69432.4, rotte: {3: [(1, 8), (8, 5), (5, 6), (6, 2), (2, 17), (17, 19), (19, 18)], 4: [(1, 15), (15, 20), (20, 4), (4, 7), (7, 9), (9, 10), (10, 14), (14, 13), (13, 16)], 2: [(1, 12), (12, 11)]}, padri: [5], figli: [7], mosse: [(4, 4, 10, 14, 1)]
7 -> costo: 56081.4, rotte: {3: [(1, 8), (8, 5), (5, 6), (6, 2), (2, 17), (17, 19), (19, 18)], 4: [(1, 20), (20, 4), (4, 7), (7, 9), (9, 10), (10, 15), (15, 14), (14, 13), (13, 16)], 2: [(1, 12), (12, 11)]}, padri: [6], figli: [8], mosse: [(4, 4, 10, 15, 2)]
8 -> costo: 53391.799999999996, rotte: {3: [(1, 8), (8, 5), (5, 6), (6, 2), (2, 20), (20, 17), (17, 19), (19, 18)], 4: [(1, 4), (4, 7), (7, 9), (9, 10), (10, 15), (15, 14), (14, 13), (13, 16)], 2: [(1, 12), (12, 11)]}, padri: [7], figli: [9, 11, 12, 13, 14, 30], mosse: [(3, 4, 2, 20, 11)]
9 -> costo: 52494.7, rotte: {3: [(1, 5), (5, 6), (6, 2), (2, 20), (20, 17), (17, 19), (19, 18)], 4: [(1, 4), (4, 7), (7, 8), (8, 9), (9, 10), (10, 15), (15, 14), (14, 13), (13, 16)], 2: [(1, 12), (12, 11)]}, padri: [8, 11, 13, 22], figli: [10, 24], mosse: [(4, 3, 7, 8, 15), (4, 4, 8, 9, 16), (4, 4, 7, 8, 15), (4, 3, 1, 4, 11)]
10 -> costo: 52385.7, rotte: {3: [(1, 5), (5, 6), (6, 2), (2, 20), (20, 19), (19, 18), (18, 17)], 4: [(1, 4), (4, 7), (7, 8), (8, 9), (9, 10), (10, 15), (15, 14), (14, 13), (13, 16)], 2: [(1, 12), (12, 11)]}, padri: [9, 12, 23], figli: [], mosse: [(3, 3, 18, 17, 4), (4, 4, 8, 9, 16), (4, 3, 1, 4, 11)]
11 -> costo: 52681.7, rotte: {3: [(1, 5), (5, 6), (6, 2), (2, 20), (20, 17), (17, 19), (19, 18)], 4: [(1, 4), (4, 7), (7, 9), (9, 8), (8, 10), (10, 15), (15, 14), (14, 13), (13, 16)], 2: [(1, 12), (12, 11)]}, padri: [8, 13], figli: [9, 12, 30], mosse: [(4, 3, 9, 8, 15), (4, 4, 9, 8, 15)]
12 -> costo: 52572.7, rotte: {3: [(1, 5), (5, 6), (6, 2), (2, 20), (20, 19), (19, 18), (18, 17)], 4: [(1, 4), (4, 7), (7, 9), (9, 8), (8, 10), (10, 15), (15, 14), (14, 13), (13, 16)], 2: [(1, 12), (12, 11)]}, padri: [11], figli: [10, 24], mosse: [(3, 3, 18, 17, 4)]
13 -> costo: 53073.0, rotte: {3: [(1, 5), (5, 6), (6, 2), (2, 20), (20, 17), (17, 19), (19, 18)], 4: [(1, 4), (4, 8), (8, 7), (7, 9), (9, 10), (10, 15), (15, 14), (14, 13), (13, 16)], 2: [(1, 12), (12, 11)]}, padri: [8], figli: [9, 11, 14, 21, 30], mosse: [(4, 3, 4, 8, 15)]
14 -> costo: 52778.2, rotte: {3: [(1, 5), (5, 6), (6, 4), (4, 2), (2, 20), (20, 17), (17, 19), (19, 18)], 4: [(1, 8), (8, 7), (7, 9), (9, 10), (10, 15), (15, 14), (14, 13), (13, 16)], 2: [(1, 12), (12, 11)]}, padri: [13], figli: [15, 18, 20], mosse: [(3, 4, 6, 4, 11)]
15 -> costo: 52501.4, rotte: {3: [(1, 5), (5, 6), (6, 4), (4, 2), (2, 20), (20, 17), (17, 19), (19, 18)], 4: [(1, 7), (7, 8), (8, 9), (9, 10), (10, 15), (15, 14), (14, 13), (13, 16)], 2: [(1, 12), (12, 11)]}, padri: [14, 20], figli: [16, 19, 26], mosse: [(4, 4, 7, 8, 15), (4, 4, 8, 9, 16)]
16 -> costo: 52392.4, rotte: {3: [(1, 5), (5, 6), (6, 4), (4, 2), (2, 20), (20, 19), (19, 18), (18, 17)], 4: [(1, 7), (7, 8), (8, 9), (9, 10), (10, 15), (15, 14), (14, 13), (13, 16)], 2: [(1, 12), (12, 11)]}, padri: [15, 18, 19, 23], figli: [17], mosse: [(3, 3, 18, 17, 4), (4, 4, 7, 8, 15), (4, 4, 8, 9, 16), (3, 3, 6, 4, 11)]
17 -> costo: 52392.399999999994, rotte: {3: [(1, 5), (5, 6), (6, 4), (4, 2), (2, 20), (20, 18), (18, 19), (19, 17)], 4: [(1, 7), (7, 8), (8, 9), (9, 10), (10, 15), (15, 14), (14, 13), (13, 16)], 2: [(1, 12), (12, 11)]}, padri: [16, 26], figli: [], mosse: [(3, 3, 18, 19, 6), (3, 3, 6, 4, 11)]
18 -> costo: 52669.2, rotte: {3: [(1, 5), (5, 6), (6, 4), (4, 2), (2, 20), (20, 19), (19, 18), (18, 17)], 4: [(1, 8), (8, 7), (7, 9), (9, 10), (10, 15), (15, 14), (14, 13), (13, 16)], 2: [(1, 12), (12, 11)]}, padri: [14], figli: [16, 19, 26], mosse: [(3, 3, 18, 17, 4)]
19 -> costo: 52579.399999999994, rotte: {3: [(1, 5), (5, 6), (6, 4), (4, 2), (2, 20), (20, 19), (19, 18), (18, 17)], 4: [(1, 7), (7, 9), (9, 8), (8, 10), (10, 15), (15, 14), (14, 13), (13, 16)], 2: [(1, 12), (12, 11)]}, padri: [18, 20], figli: [16, 26], mosse: [(4, 4, 9, 8, 15), (3, 3, 18, 17, 4)]
20 -> costo: 52688.399999999994, rotte: {3: [(1, 5), (5, 6), (6, 4), (4, 2), (2, 20), (20, 17), (17, 19), (19, 18)], 4: [(1, 7), (7, 9), (9, 8), (8, 10), (10, 15), (15, 14), (14, 13), (13, 16)], 2: [(1, 12), (12, 11)]}, padri: [14], figli: [15, 19], mosse: [(4, 4, 9, 8, 15)]
21 -> costo: 52784.399999999994, rotte: {3: [(1, 4), (4, 5), (5, 6), (6, 2), (2, 20), (20, 17), (17, 19), (19, 18)], 4: [(1, 8), (8, 7), (7, 9), (9, 10), (10, 15), (15, 14), (14, 13), (13, 16)], 2: [(1, 12), (12, 11)]}, padri: [13], figli: [22], mosse: [(3, 4, 1, 4, 11)]
22 -> costo: 52507.6, rotte: {3: [(1, 4), (4, 5), (5, 6), (6, 2), (2, 20), (20, 17), (17, 19), (19, 18)], 4: [(1, 7), (7, 8), (8, 9), (9, 10), (10, 15), (15, 14), (14, 13), (13, 16)], 2: [(1, 12), (12, 11)]}, padri: [21], figli: [23, 9, 30], mosse: [(4, 4, 7, 8, 15)]
23 -> costo: 52398.6, rotte: {3: [(1, 4), (4, 5), (5, 6), (6, 2), (2, 20), (20, 19), (19, 18), (18, 17)], 4: [(1, 7), (7, 8), (8, 9), (9, 10), (10, 15), (15, 14), (14, 13), (13, 16)], 2: [(1, 12), (12, 11)]}, padri: [22], figli: [10, 24, 16, 26], mosse: [(3, 3, 18, 17, 4)]
24 -> costo: 52392.399999999994, rotte: {3: [(1, 4), (4, 6), (6, 5), (5, 2), (2, 20), (20, 19), (19, 18), (18, 17)], 4: [(1, 7), (7, 8), (8, 9), (9, 10), (10, 15), (15, 14), (14, 13), (13, 16)], 2: [(1, 12), (12, 11)]}, padri: [9, 12, 23], figli: [25], mosse: [(3, 3, 6, 5, 12)]
25 -> costo: 52385.7, rotte: {3: [(1, 6), (6, 5), (5, 2), (2, 20), (20, 19), (19, 18), (18, 17)], 4: [(1, 4), (4, 7), (7, 8), (8, 9), (9, 10), (10, 15), (15, 14), (14, 13), (13, 16)], 2: [(1, 12), (12, 11)]}, padri: [24], figli: [], mosse: [(4, 3, 1, 4, 11)]
26 -> costo: 52398.59999999999, rotte: {3: [(1, 4), (4, 5), (5, 6), (6, 2), (2, 20), (20, 18), (18, 19), (19, 17)], 4: [(1, 7), (7, 8), (8, 9), (9, 10), (10, 15), (15, 14), (14, 13), (13, 16)], 2: [(1, 12), (12, 11)]}, padri: [23], figli: [27, 28, 17], mosse: [(3, 3, 18, 19, 6)]
27 -> costo: 52385.7, rotte: {3: [(1, 5), (5, 6), (6, 2), (2, 20), (20, 18), (18, 19), (19, 17)], 4: [(1, 4), (4, 7), (7, 8), (8, 9), (9, 10), (10, 15), (15, 14), (14, 13), (13, 16)], 2: [(1, 12), (12, 11)]}, padri: [26], figli: [], mosse: [(4, 3, 1, 4, 11)]
28 -> costo: 52392.399999999994, rotte: {3: [(1, 4), (4, 6), (6, 5), (5, 2), (2, 20), (20, 18), (18, 19), (19, 17)], 4: [(1, 7), (7, 8), (8, 9), (9, 10), (10, 15), (15, 14), (14, 13), (13, 16)], 2: [(1, 12), (12, 11)]}, padri: [26], figli: [29], mosse: [(3, 3, 6, 5, 12)]
29 -> costo: 52385.7, rotte: {3: [(1, 6), (6, 5), (5, 2), (2, 20), (20, 18), (18, 19), (19, 17)], 4: [(1, 4), (4, 7), (7, 8), (8, 9), (9, 10), (10, 15), (15, 14), (14, 13), (13, 16)], 2: [(1, 12), (12, 11)]}, padri: [28], figli: [], mosse: [(4, 3, 1, 4, 11)]
30 -> costo: 52501.399999999994, rotte: {3: [(1, 4), (4, 6), (6, 5), (5, 2), (2, 20), (20, 17), (17, 19), (19, 18)], 4: [(1, 7), (7, 8), (8, 9), (9, 10), (10, 15), (15, 14), (14, 13), (13, 16)], 2: [(1, 12), (12, 11)]}, padri: [22], figli: [31], mosse: [(3, 3, 6, 5, 12)]
31 -> costo: 52392.399999999994, rotte: {3: [(1, 4), (4, 6), (6, 5), (5, 2), (2, 20), (20, 19), (19, 18), (18, 17)], 4: [(1, 7), (7, 8), (8, 9), (9, 10), (10, 15), (15, 14), (14, 13), (13, 16)], 2: [(1, 12), (12, 11)]}, padri: [30], figli: [32], mosse: [(3, 3, 18, 17, 4)]
32 -> costo: 52385.7, rotte: {3: [(1, 6), (6, 5), (5, 2), (2, 20), (20, 19), (19, 18), (18, 17)], 4: [(1, 4), (4, 7), (7, 8), (8, 9), (9, 10), (10, 15), (15, 14), (14, 13), (13, 16)], 2: [(1, 12), (12, 11)]}, padri: [31], figli: [], mosse: [(4, 3, 1, 4, 11)]
bestSolutionIndice: 10
10 -> costo: 52385.7, rotte: {3: [(1, 5), (5, 6), (6, 2), (2, 20), (20, 19), (19, 18), (18, 17)], 4: [(1, 4), (4, 7), (7, 8), (8, 9), (9, 10), (10, 15), (15, 14), (14, 13), (13, 16)], 2: [(1, 12), (12, 11)]}, padri: [9, 12, 23], figli: [], mosse: [(3, 3, 18, 17, 4), (4, 4, 8, 9, 16), (4, 3, 1, 4, 11)]
trasportoPalletDiGamma: {3: [(5, 12), (6, 13), (2, 19), (20, 11), (19, 6), (18, 5), (17, 4)], 4: [(4, 11), (7, 14), (8, 15), (9, 16), (10, 17), (15, 2), (14, 1), (13, 20), (16, 3)], 2: [(12, 19), (11, 18)]}
itMosseLS: 44, itMosseTS: 30
time elapsed: 457.36s.


##########################################################################################
s: 1
dictSolutions[1]:
0 -> costo: 143987.69999999998, rotte: {4: [(1, 6), (6, 13), (13, 12), (12, 8), (8, 17), (17, 10)], 3: [(1, 5), (5, 9), (9, 2), (2, 7), (7, 16), (16, 18)], 2: [(1, 14), (14, 19), (19, 4), (4, 11), (11, 20), (20, 15)]}, padri: [-1], figli: [1], mosse: [-1]
1 -> costo: 131342.9, rotte: {4: [(1, 6), (6, 10), (10, 13), (13, 12), (12, 8), (8, 17)], 3: [(1, 5), (5, 9), (9, 2), (2, 7), (7, 16), (16, 18)], 2: [(1, 14), (14, 19), (19, 4), (4, 11), (11, 20), (20, 15)]}, padri: [0], figli: [2], mosse: [(4, 4, 6, 10, 17)]
2 -> costo: 122451.0, rotte: {4: [(1, 6), (6, 10), (10, 13), (13, 12), (12, 8), (8, 17)], 3: [(1, 5), (5, 9), (9, 2), (2, 7), (7, 16), (16, 14), (14, 18)], 2: [(1, 19), (19, 4), (4, 11), (11, 20), (20, 15)]}, padri: [1], figli: [3], mosse: [(3, 2, 16, 14, 1)]
3 -> costo: 101526.5, rotte: {4: [(1, 6), (6, 10), (10, 13), (13, 12), (12, 8), (8, 17)], 3: [(1, 5), (5, 9), (9, 2), (2, 7), (7, 16), (16, 14), (14, 19), (19, 18)], 2: [(1, 4), (4, 11), (11, 20), (20, 15)]}, padri: [2], figli: [4], mosse: [(3, 2, 14, 19, 6)]
4 -> costo: 97700.5, rotte: {4: [(1, 6), (6, 10), (10, 12), (12, 8), (8, 13), (13, 17)], 3: [(1, 5), (5, 9), (9, 2), (2, 7), (7, 16), (16, 14), (14, 19), (19, 18)], 2: [(1, 4), (4, 11), (11, 20), (20, 15)]}, padri: [3], figli: [5], mosse: [(4, 4, 8, 13, 20)]
5 -> costo: 94618.80000000002, rotte: {4: [(1, 6), (6, 10), (10, 12), (12, 8), (8, 13), (13, 17)], 3: [(1, 5), (5, 9), (9, 7), (7, 2), (2, 16), (16, 14), (14, 19), (19, 18)], 2: [(1, 4), (4, 11), (11, 20), (20, 15)]}, padri: [4], figli: [6], mosse: [(3, 3, 7, 2, 19)]
6 -> costo: 92486.00000000001, rotte: {4: [(1, 6), (6, 12), (12, 8), (8, 10), (10, 13), (13, 17)], 3: [(1, 5), (5, 9), (9, 7), (7, 2), (2, 16), (16, 14), (14, 19), (19, 18)], 2: [(1, 4), (4, 11), (11, 20), (20, 15)]}, padri: [5], figli: [7], mosse: [(4, 4, 8, 10, 17)]
7 -> costo: 90898.60000000002, rotte: {4: [(1, 6), (6, 12), (12, 8), (8, 10), (10, 13), (13, 17)], 3: [(1, 5), (5, 9), (9, 7), (7, 2), (2, 16), (16, 14), (14, 19), (19, 18)], 2: [(1, 4), (4, 11), (11, 15), (15, 20)]}, padri: [6], figli: [8], mosse: [(2, 2, 11, 15, 2)]
8 -> costo: 90322.40000000002, rotte: {4: [(1, 12), (12, 8), (8, 10), (10, 13), (13, 17)], 3: [(1, 5), (5, 6), (6, 9), (9, 7), (7, 2), (2, 16), (16, 14), (14, 19), (19, 18)], 2: [(1, 4), (4, 11), (11, 15), (15, 20)]}, padri: [7], figli: [9], mosse: [(3, 4, 5, 6, 13)]
9 -> costo: 90013.30000000002, rotte: {4: [(1, 12), (12, 8), (8, 10), (10, 13), (13, 17)], 3: [(1, 5), (5, 6), (6, 9), (9, 7), (7, 4), (4, 2), (2, 16), (16, 14), (14, 19), (19, 18)], 2: [(1, 11), (11, 15), (15, 20)]}, padri: [8], figli: [10], mosse: [(3, 2, 7, 4, 11)]
10 -> costo: 84233.40000000002, rotte: {4: [(1, 12), (12, 8), (8, 10), (10, 11), (11, 13), (13, 17)], 3: [(1, 5), (5, 6), (6, 9), (9, 7), (7, 4), (4, 2), (2, 16), (16, 14), (14, 19), (19, 18)], 2: [(1, 15), (15, 20)]}, padri: [9], figli: [11, 12, 13, 13, 13, 14, 14, 14, 15, 16, 19, 20], mosse: [(4, 2, 10, 11, 18)]
11 -> costo: 70930.8, rotte: {4: [(1, 12), (12, 8), (8, 10), (10, 11), (11, 15), (15, 13), (13, 17)], 3: [(1, 5), (5, 6), (6, 9), (9, 7), (7, 4), (4, 2), (2, 16), (16, 14), (14, 19), (19, 18)], 2: [(1, 20)]}, padri: [10, 12, 14, 15, 17, 19], figli: [], mosse: [(4, 2, 11, 15, 2), (4, 4, 15, 13, 20), (4, 4, 11, 15, 2), (4, 4, 11, 15, 2), (4, 4, 12, 8, 15), (4, 4, 11, 15, 2)]
12 -> costo: 71042.90000000001, rotte: {4: [(1, 12), (12, 8), (8, 10), (10, 11), (11, 13), (13, 15), (15, 17)], 3: [(1, 5), (5, 6), (6, 9), (9, 7), (7, 4), (4, 2), (2, 16), (16, 14), (14, 19), (19, 18)], 2: [(1, 20)]}, padri: [10, 14, 15, 18, 19], figli: [11], mosse: [(4, 2, 13, 15, 2), (4, 4, 13, 15, 2), (4, 4, 13, 15, 2), (4, 4, 12, 8, 15), (4, 4, 13, 15, 2)]
13 -> costo: 78867.70000000001, rotte: {4: [(1, 12), (12, 8), (8, 10), (10, 11), (11, 13), (13, 17)], 3: [(1, 5), (5, 6), (6, 9), (9, 7), (7, 4), (4, 2), (2, 16), (16, 14), (14, 19), (19, 18)], 2: [(1, 20), (20, 15)]}, padri: [10, 10, 10, 14, 21], figli: [], mosse: [(2, 2, 15, 20), (2, 2, 1, 20, 11), (2, 2, 20, 15, 2), (2, 4, 20, 15, 2), (4, 4, 12, 8, 15)]
14 -> costo: 79203.6, rotte: {4: [(1, 15), (15, 12), (12, 8), (8, 10), (10, 11), (11, 13), (13, 17)], 3: [(1, 5), (5, 6), (6, 9), (9, 7), (7, 4), (4, 2), (2, 16), (16, 14), (14, 19), (19, 18)], 2: [(1, 20)]}, padri: [10, 19, 20], figli: [11, 12, 13, 16], mosse: [(4, 2, 1, 15, 2), (4, 4, 15, 12, 19), (4, 4, 12, 8, 15)]
15 -> costo: 81111.1, rotte: {4: [(1, 12), (12, 8), (8, 15), (15, 10), (10, 11), (11, 13), (13, 17)], 3: [(1, 5), (5, 6), (6, 9), (9, 7), (7, 4), (4, 2), (2, 16), (16, 14), (14, 19), (19, 18)], 2: [(1, 20)]}, padri: [10], figli: [11, 12, 16], mosse: [(4, 2, 8, 15, 2)]
16 -> costo: 80100.00000000001, rotte: {4: [(1, 8), (8, 12), (12, 15), (15, 10), (10, 11), (11, 13), (13, 17)], 3: [(1, 5), (5, 6), (6, 9), (9, 7), (7, 4), (4, 2), (2, 16), (16, 14), (14, 19), (19, 18)], 2: [(1, 20)]}, padri: [15, 20], figli: [17, 18, 21], mosse: [(4, 4, 8, 12, 19), (4, 4, 12, 15, 2)]
17 -> costo: 71215.7, rotte: {4: [(1, 8), (8, 12), (12, 10), (10, 11), (11, 15), (15, 13), (13, 17)], 3: [(1, 5), (5, 6), (6, 9), (9, 7), (7, 4), (4, 2), (2, 16), (16, 14), (14, 19), (19, 18)], 2: [(1, 20)]}, padri: [16, 18, 20], figli: [11], mosse: [(4, 4, 11, 15, 2), (4, 4, 15, 13, 20), (4, 4, 11, 15, 2)]
18 -> costo: 71327.8, rotte: {4: [(1, 8), (8, 12), (12, 10), (10, 11), (11, 13), (13, 15), (15, 17)], 3: [(1, 5), (5, 6), (6, 9), (9, 7), (7, 4), (4, 2), (2, 16), (16, 14), (14, 19), (19, 18)], 2: [(1, 20)]}, padri: [16, 20], figli: [12, 17], mosse: [(4, 4, 13, 15, 2), (4, 4, 13, 15, 2)]
19 -> costo: 81183.40000000001, rotte: {4: [(1, 12), (12, 15), (15, 8), (8, 10), (10, 11), (11, 13), (13, 17)], 3: [(1, 5), (5, 6), (6, 9), (9, 7), (7, 4), (4, 2), (2, 16), (16, 14), (14, 19), (19, 18)], 2: [(1, 20)]}, padri: [10], figli: [11, 12, 14, 20, 22], mosse: [(4, 2, 12, 15, 2)]
20 -> costo: 80497.70000000001, rotte: {4: [(1, 15), (15, 8), (8, 12), (12, 10), (10, 11), (11, 13), (13, 17)], 3: [(1, 5), (5, 6), (6, 9), (9, 7), (7, 4), (4, 2), (2, 16), (16, 14), (14, 19), (19, 18)], 2: [(1, 20)]}, padri: [19], figli: [17, 18, 21, 14, 16], mosse: [(4, 4, 8, 12, 19)]
21 -> costo: 79152.6, rotte: {4: [(1, 8), (8, 12), (12, 10), (10, 11), (11, 13), (13, 17)], 3: [(1, 5), (5, 6), (6, 9), (9, 7), (7, 4), (4, 2), (2, 16), (16, 14), (14, 19), (19, 18)], 2: [(1, 20), (20, 15)]}, padri: [20], figli: [13], mosse: [(2, 4, 20, 15, 2)]
22 -> costo: 80570.50000000001, rotte: {4: [(1, 15), (15, 8), (8, 10), (10, 11), (11, 12), (12, 13), (13, 17)], 3: [(1, 5), (5, 6), (6, 9), (9, 7), (7, 4), (4, 2), (2, 16), (16, 14), (14, 19), (19, 18)], 2: [(1, 20)]}, padri: [19], figli: [23, 24], mosse: [(4, 4, 11, 12, 19)]
23 -> costo: 71288.50000000001, rotte: {4: [(1, 8), (8, 10), (10, 11), (11, 12), (12, 15), (15, 13), (13, 17)], 3: [(1, 5), (5, 6), (6, 9), (9, 7), (7, 4), (4, 2), (2, 16), (16, 14), (14, 19), (19, 18)], 2: [(1, 20)]}, padri: [22, 24], figli: [], mosse: [(4, 4, 12, 15, 2), (4, 4, 15, 13, 20)]
24 -> costo: 71400.60000000002, rotte: {4: [(1, 8), (8, 10), (10, 11), (11, 12), (12, 13), (13, 15), (15, 17)], 3: [(1, 5), (5, 6), (6, 9), (9, 7), (7, 4), (4, 2), (2, 16), (16, 14), (14, 19), (19, 18)], 2: [(1, 20)]}, padri: [22], figli: [23], mosse: [(4, 4, 13, 15, 2)]
bestSolutionIndice: 11
11 -> costo: 70930.8, rotte: {4: [(1, 12), (12, 8), (8, 10), (10, 11), (11, 15), (15, 13), (13, 17)], 3: [(1, 5), (5, 6), (6, 9), (9, 7), (7, 4), (4, 2), (2, 16), (16, 14), (14, 19), (19, 18)], 2: [(1, 20)]}, padri: [10, 12, 14, 15, 17, 19], figli: [], mosse: [(4, 2, 11, 15, 2), (4, 4, 15, 13, 20), (4, 4, 11, 15, 2), (4, 4, 11, 15, 2), (4, 4, 12, 8, 15), (4, 4, 11, 15, 2)]
trasportoPalletDiGamma: {4: [(12, 19), (8, 15), (10, 17), (11, 18), (15, 2), (13, 20), (17, 4)], 3: [(5, 12), (6, 13), (9, 16), (7, 14), (4, 11), (2, 19), (16, 3), (14, 1), (19, 6), (18, 5)], 2: [(20, 11)]}
itMosseLS: 44, itMosseTS: 30
time elapsed: 671.40s.


##########################################################################################
s: 1
dictSolutions[1]:
0 -> costo: 143601.39999999997, rotte: {3: [(1, 20), (20, 10), (10, 18), (18, 9), (9, 5), (5, 13), (13, 4)], 4: [(1, 17), (17, 6), (6, 11), (11, 8), (8, 16), (16, 12)], 2: [(1, 19), (19, 2), (2, 14), (14, 15), (15, 7), (7, 4)]}, padri: [-1], figli: [1], mosse: [-1]
1 -> costo: 120113.69999999998, rotte: {3: [(1, 20), (20, 10), (10, 19), (19, 18), (18, 9), (9, 5), (5, 13), (13, 4)], 4: [(1, 17), (17, 6), (6, 11), (11, 8), (8, 16), (16, 12)], 2: [(1, 2), (2, 14), (14, 15), (15, 7), (7, 4)]}, padri: [0], figli: [2], mosse: [(3, 2, 10, 19, 6)]
2 -> costo: 99930.2, rotte: {3: [(1, 20), (20, 10), (10, 17), (17, 19), (19, 18), (18, 9), (9, 5), (5, 13), (13, 4)], 4: [(1, 6), (6, 11), (11, 8), (8, 16), (16, 12)], 2: [(1, 2), (2, 14), (14, 15), (15, 7), (7, 4)]}, padri: [1], figli: [3], mosse: [(3, 4, 10, 17, 4)]
3 -> costo: 89665.5, rotte: {3: [(1, 20), (20, 17), (17, 19), (19, 18), (18, 9), (9, 5), (5, 13), (13, 4), (4, 10)], 4: [(1, 6), (6, 11), (11, 8), (8, 16), (16, 12)], 2: [(1, 2), (2, 14), (14, 15), (15, 7), (7, 4)]}, padri: [2], figli: [4], mosse: [(3, 3, 4, 10, 17)]
4 -> costo: 84528.4, rotte: {3: [(1, 20), (20, 17), (17, 19), (19, 18), (18, 9), (9, 5), (5, 13), (13, 4), (4, 10)], 4: [(1, 6), (6, 11), (11, 8), (8, 12), (12, 16)], 2: [(1, 2), (2, 14), (14, 15), (15, 7), (7, 4)]}, padri: [3], figli: [5], mosse: [(4, 4, 16, 12)]
5 -> costo: 79594.8, rotte: {3: [(1, 20), (20, 17), (17, 19), (19, 18), (18, 9), (9, 5), (5, 4), (4, 10), (10, 13)], 4: [(1, 6), (6, 11), (11, 8), (8, 12), (12, 16)], 2: [(1, 2), (2, 14), (14, 15), (15, 7), (7, 4)]}, padri: [4], figli: [6], mosse: [(3, 3, 10, 13, 20)]
6 -> costo: 77784.8, rotte: {3: [(1, 20), (20, 17), (17, 19), (19, 18), (18, 13), (13, 9), (9, 5), (5, 4), (4, 10)], 4: [(1, 6), (6, 11), (11, 8), (8, 12), (12, 16)], 2: [(1, 2), (2, 14), (14, 15), (15, 7), (7, 4)]}, padri: [5], figli: [7], mosse: [(3, 3, 18, 13, 20)]
7 -> costo: 76395.8, rotte: {3: [(1, 20), (20, 17), (17, 19), (19, 18), (18, 13), (13, 5), (5, 4), (4, 9), (9, 10)], 4: [(1, 6), (6, 11), (11, 8), (8, 12), (12, 16)], 2: [(1, 2), (2, 14), (14, 15), (15, 7), (7, 4)]}, padri: [6], figli: [8], mosse: [(3, 3, 4, 9, 16)]
8 -> costo: 75606.2, rotte: {3: [(1, 20), (20, 17), (17, 19), (19, 18), (18, 13), (13, 5), (5, 4), (4, 9), (9, 10)], 4: [(1, 6), (6, 8), (8, 12), (12, 11), (11, 16)], 2: [(1, 2), (2, 14), (14, 15), (15, 7), (7, 4)]}, padri: [7], figli: [9, 9, 9, 15, 15, 15], mosse: [(4, 4, 12, 11, 18)]
9 -> costo: 75195.79999999999, rotte: {3: [(1, 20), (20, 17), (17, 19), (19, 18), (18, 13), (13, 5), (5, 4), (4, 9), (9, 10)], 4: [(1, 6), (6, 8), (8, 12), (12, 11), (11, 16)], 2: [(1, 2), (2, 14), (14, 15), (15, 4), (4, 7)]}, padri: [8, 8, 8], figli: [10, 10, 10, 10, 10, 12, 12, 12, 12, 12, 13, 13, 13, 13, 13, 14], mosse: [(2, 2, 15, 4, 8), (2, 2, 4, 7, 14), (2, 2, 7, 4)]
10 -> costo: 74887.79999999999, rotte: {3: [(1, 20), (20, 17), (17, 19), (19, 18), (18, 13), (13, 5), (5, 9), (9, 10)], 4: [(1, 6), (6, 8), (8, 12), (12, 11), (11, 16)], 2: [(1, 2), (2, 14), (14, 15), (15, 4), (4, 7)]}, padri: [9, 9, 9, 9, 9, 12, 12, 12, 12, 12, 15, 15, 15], figli: [11], mosse: [(2, 3, 1, 4, 3), (2, 3, 2, 4, 3), (2, 3, 14, 4, 3), (2, 3, 15, 4, 3), (2, 3, 7, 4, 3), (2, 3, 1, 4, 3), (2, 3, 2, 4, 3), (2, 3, 14, 4, 3), (2, 3, 15, 4, 3), (2, 3, 7, 4, 3), (2, 2, 15, 4, 11), (2, 2, 4, 7, 14), (2, 2, 7, 4)]
11 -> costo: 74810.8, rotte: {3: [(1, 20), (20, 17), (17, 19), (19, 18), (18, 13), (13, 5), (5, 9), (9, 10)], 4: [(1, 6), (6, 12), (12, 8), (8, 11), (11, 16)], 2: [(1, 2), (2, 14), (14, 15), (15, 4), (4, 7)]}, padri: [10, 13, 13, 13, 13, 13, 14, 14, 14, 14, 14], figli: [], mosse: [(4, 4, 12, 8, 15), (2, 3, 1, 4, 3), (2, 3, 2, 4, 3), (2, 3, 14, 4, 3), (2, 3, 15, 4, 3), (2, 3, 7, 4, 3), (2, 3, 1, 4, 3), (2, 3, 2, 4, 3), (2, 3, 14, 4, 3), (2, 3, 15, 4, 3), (2, 3, 7, 4, 3)]
12 -> costo: 75112.49999999999, rotte: {3: [(1, 20), (20, 17), (17, 19), (19, 18), (18, 13), (13, 4), (4, 5), (5, 9), (9, 10)], 4: [(1, 6), (6, 8), (8, 12), (12, 11), (11, 16)], 2: [(1, 2), (2, 14), (14, 15), (15, 4), (4, 7)]}, padri: [9], figli: [10, 10, 10, 10, 10, 13, 13, 13, 13, 13], mosse: [(3, 3, 4, 5, 12)]
13 -> costo: 75035.5, rotte: {3: [(1, 20), (20, 17), (17, 19), (19, 18), (18, 13), (13, 4), (4, 5), (5, 9), (9, 10)], 4: [(1, 6), (6, 12), (12, 8), (8, 11), (11, 16)], 2: [(1, 2), (2, 14), (14, 15), (15, 4), (4, 7)]}, padri: [12, 14], figli: [11, 11, 11, 11, 11], mosse: [(4, 4, 12, 8, 15), (3, 3, 4, 5, 12)]
14 -> costo: 75118.8, rotte: {3: [(1, 20), (20, 17), (17, 19), (19, 18), (18, 13), (13, 5), (5, 4), (4, 9), (9, 10)], 4: [(1, 6), (6, 12), (12, 8), (8, 11), (11, 16)], 2: [(1, 2), (2, 14), (14, 15), (15, 4), (4, 7)]}, padri: [9], figli: [11, 11, 11, 11, 11, 13], mosse: [(4, 4, 12, 8, 15)]
15 -> costo: 75298.2, rotte: {3: [(1, 20), (20, 17), (17, 19), (19, 18), (18, 13), (13, 5), (5, 9), (9, 10)], 4: [(1, 6), (6, 8), (8, 12), (12, 11), (11, 16)], 2: [(1, 2), (2, 14), (14, 15), (15, 7), (7, 4)]}, padri: [8], figli: [10, 10, 10], mosse: [(2, 3, 1, 4, 3)]
bestSolutionIndice: 11
11 -> costo: 74810.8, rotte: {3: [(1, 20), (20, 17), (17, 19), (19, 18), (18, 13), (13, 5), (5, 9), (9, 10)], 4: [(1, 6), (6, 12), (12, 8), (8, 11), (11, 16)], 2: [(1, 2), (2, 14), (14, 15), (15, 4), (4, 7)]}, padri: [10, 13, 13, 13, 13, 13, 14, 14, 14, 14, 14], figli: [], mosse: [(4, 4, 12, 8, 15), (2, 3, 1, 4, 3), (2, 3, 2, 4, 3), (2, 3, 14, 4, 3), (2, 3, 15, 4, 3), (2, 3, 7, 4, 3), (2, 3, 1, 4, 3), (2, 3, 2, 4, 3), (2, 3, 14, 4, 3), (2, 3, 15, 4, 3), (2, 3, 7, 4, 3)]
trasportoPalletDiGamma: {3: [(20, 11), (17, 4), (19, 6), (18, 5), (13, 20), (5, 12), (9, 16), (10, 17)], 4: [(6, 13), (12, 19), (8, 15), (11, 18), (16, 3)], 2: [(2, 19), (14, 1), (15, 2), (4, 11), (7, 14)]}
itMosseLS: 40, itMosseTS: 30
time elapsed: 980.76s.


##########################################################################################
s: 1
dictSolutions[1]:
0 -> costo: 151711.6, rotte: {2: [(1, 13), (13, 11), (11, 8)], 4: [(1, 14), (14, 19), (19, 20), (20, 16), (16, 10), (10, 18), (18, 7), (7, 4)], 3: [(1, 17), (17, 9), (9, 5), (5, 12), (12, 2), (2, 6), (6, 15), (15, 8)]}, padri: [-1], figli: [1], mosse: [-1]
1 -> costo: 131635.0, rotte: {2: [(1, 13), (13, 11), (11, 8)], 4: [(1, 14), (14, 19), (19, 17), (17, 20), (20, 16), (16, 10), (10, 18), (18, 7), (7, 4)], 3: [(1, 9), (9, 5), (5, 12), (12, 2), (2, 6), (6, 15), (15, 8)]}, padri: [0], figli: [2], mosse: [(4, 3, 19, 17, 4)]
2 -> costo: 118063.0, rotte: {2: [(1, 13), (13, 11), (11, 8)], 4: [(1, 14), (14, 19), (19, 17), (17, 20), (20, 16), (16, 10), (10, 7), (7, 4), (4, 18)], 3: [(1, 9), (9, 5), (5, 12), (12, 2), (2, 6), (6, 15), (15, 8)]}, padri: [1], figli: [3], mosse: [(4, 4, 4, 18, 5)]
3 -> costo: 105077.09999999999, rotte: {2: [(1, 13), (13, 11), (11, 8)], 4: [(1, 14), (14, 18), (18, 19), (19, 17), (17, 20), (20, 16), (16, 10), (10, 7), (7, 4)], 3: [(1, 9), (9, 5), (5, 12), (12, 2), (2, 6), (6, 15), (15, 8)]}, padri: [2], figli: [4], mosse: [(4, 4, 14, 18, 5)]
4 -> costo: 96773.5, rotte: {2: [(1, 13), (13, 11), (11, 8)], 4: [(1, 18), (18, 19), (19, 17), (17, 20), (20, 16), (16, 10), (10, 7), (7, 4)], 3: [(1, 9), (9, 5), (5, 12), (12, 2), (2, 6), (6, 14), (14, 15), (15, 8)]}, padri: [3], figli: [5], mosse: [(3, 4, 6, 14, 1)]
5 -> costo: 89306.6, rotte: {2: [(1, 11), (11, 8)], 4: [(1, 18), (18, 19), (19, 17), (17, 20), (20, 13), (13, 16), (16, 10), (10, 7), (7, 4)], 3: [(1, 9), (9, 5), (5, 12), (12, 2), (2, 6), (6, 14), (14, 15), (15, 8)]}, padri: [4], figli: [6], mosse: [(4, 2, 20, 13, 20)]
6 -> costo: 83634.40000000001, rotte: {2: [(1, 11), (11, 8)], 4: [(1, 18), (18, 19), (19, 17), (17, 20), (20, 13), (13, 16), (16, 10), (10, 7), (7, 4)], 3: [(1, 9), (9, 5), (5, 12), (12, 2), (2, 6), (6, 14), (14, 15)]}, padri: [5], figli: [7], mosse: [(2, 3, 1, 8, 3)]
7 -> costo: 81158.6, rotte: {2: [(1, 8), (8, 11)], 4: [(1, 18), (18, 19), (19, 17), (17, 20), (20, 13), (13, 16), (16, 10), (10, 7), (7, 4)], 3: [(1, 9), (9, 5), (5, 12), (12, 2), (2, 6), (6, 14), (14, 15)]}, padri: [6], figli: [8], mosse: [(2, 2, 1, 8, 15)]
8 -> costo: 79050.3, rotte: {2: [(1, 8), (8, 11)], 4: [(1, 18), (18, 19), (19, 17), (17, 20), (20, 13), (13, 16), (16, 10), (10, 7), (7, 4)], 3: [(1, 9), (9, 5), (5, 12), (12, 6), (6, 14), (14, 15), (15, 2)]}, padri: [7], figli: [9], mosse: [(3, 3, 15, 2, 19)]
9 -> costo: 72165.9, rotte: {2: [(1, 8), (8, 11)], 4: [(1, 18), (18, 19), (19, 17), (17, 20), (20, 13), (13, 16), (16, 10), (10, 7), (7, 4)], 3: [(1, 2), (2, 9), (9, 5), (5, 12), (12, 6), (6, 14), (14, 15)]}, padri: [8], figli: [10], mosse: [(3, 3, 1, 2, 19)]
10 -> costo: 70436.4, rotte: {2: [(1, 8), (8, 11)], 4: [(1, 18), (18, 19), (19, 17), (17, 20), (20, 13), (13, 16), (16, 10), (10, 7), (7, 4)], 3: [(1, 2), (2, 9), (9, 5), (5, 6), (6, 12), (12, 14), (14, 15)]}, padri: [9], figli: [11, 17, 21], mosse: [(3, 3, 6, 12, 19)]
11 -> costo: 70085.6, rotte: {2: [(1, 8), (8, 11)], 4: [(1, 18), (18, 19), (19, 17), (17, 20), (20, 13), (13, 16), (16, 10), (10, 7), (7, 4)], 3: [(1, 2), (2, 5), (5, 6), (6, 9), (9, 12), (12, 14), (14, 15)]}, padri: [10], figli: [12, 14, 14, 14, 16, 16, 16], mosse: [(3, 3, 6, 9, 16)]
12 -> costo: 69751.9, rotte: {2: [(1, 11)], 4: [(1, 18), (18, 19), (19, 17), (17, 20), (20, 13), (13, 16), (16, 10), (10, 7), (7, 4)], 3: [(1, 2), (2, 5), (5, 6), (6, 9), (9, 8), (8, 12), (12, 14), (14, 15)]}, padri: [11, 16], figli: [13, 13, 13, 15, 15, 15], mosse: [(3, 2, 9, 8, 15), (3, 3, 9, 8, 15)]
13 -> costo: 69516.90000000001, rotte: {2: [(1, 11)], 4: [(1, 18), (18, 19), (19, 17), (17, 20), (20, 13), (13, 16), (16, 10), (10, 7), (7, 4)], 3: [(1, 2), (2, 5), (5, 6), (6, 9), (9, 8), (8, 12), (12, 15), (15, 14)]}, padri: [12, 12, 12, 14, 15, 24], figli: [], mosse: [(3, 3, 12, 15, 2), (3, 3, 15, 14, 1), (3, 3, 14, 15), (3, 2, 9, 8, 15), (3, 3, 9, 8, 15), (3, 3, 5, 6, 13)]
14 -> costo: 69850.6, rotte: {2: [(1, 8), (8, 11)], 4: [(1, 18), (18, 19), (19, 17), (17, 20), (20, 13), (13, 16), (16, 10), (10, 7), (7, 4)], 3: [(1, 2), (2, 5), (5, 6), (6, 9), (9, 12), (12, 15), (15, 14)]}, padri: [11, 11, 11, 21], figli: [13, 15], mosse: [(3, 3, 12, 15, 2), (3, 3, 15, 14, 1), (3, 3, 14, 15), (3, 3, 6, 9, 16)]
15 -> costo: 69820.1, rotte: {2: [(1, 11)], 4: [(1, 18), (18, 19), (19, 17), (17, 20), (20, 13), (13, 16), (16, 10), (10, 7), (7, 4)], 3: [(1, 2), (2, 5), (5, 6), (6, 8), (8, 9), (9, 12), (12, 15), (15, 14)]}, padri: [14, 16, 16, 16], figli: [13], mosse: [(3, 2, 6, 8, 15), (3, 3, 12, 15, 2), (3, 3, 15, 14, 1), (3, 3, 14, 15)]
16 -> costo: 70055.1, rotte: {2: [(1, 11)], 4: [(1, 18), (18, 19), (19, 17), (17, 20), (20, 13), (13, 16), (16, 10), (10, 7), (7, 4)], 3: [(1, 2), (2, 5), (5, 6), (6, 8), (8, 9), (9, 12), (12, 14), (14, 15)]}, padri: [11], figli: [12, 15, 15, 15], mosse: [(3, 2, 6, 8, 15)]
17 -> costo: 70182.6, rotte: {2: [(1, 11)], 4: [(1, 18), (18, 19), (19, 17), (17, 20), (20, 13), (13, 16), (16, 10), (10, 7), (7, 4)], 3: [(1, 2), (2, 8), (8, 9), (9, 5), (5, 6), (6, 12), (12, 14), (14, 15)]}, padri: [10], figli: [18, 18, 18, 20, 20, 20, 22, 22, 22], mosse: [(3, 2, 2, 8, 15)]
18 -> costo: 69947.6, rotte: {2: [(1, 11)], 4: [(1, 18), (18, 19), (19, 17), (17, 20), (20, 13), (13, 16), (16, 10), (10, 7), (7, 4)], 3: [(1, 2), (2, 8), (8, 9), (9, 5), (5, 6), (6, 12), (12, 15), (15, 14)]}, padri: [17, 17, 17, 21], figli: [19, 23], mosse: [(3, 3, 12, 15, 2), (3, 3, 15, 14, 1), (3, 3, 14, 15), (3, 2, 2, 8, 15)]
19 -> costo: 69832.70000000001, rotte: {2: [(1, 11)], 4: [(1, 18), (18, 19), (19, 17), (17, 20), (20, 13), (13, 16), (16, 10), (10, 7), (7, 4)], 3: [(1, 2), (2, 8), (8, 9), (9, 6), (6, 5), (5, 12), (12, 15), (15, 14)]}, padri: [18, 20, 20, 20, 22], figli: [], mosse: [(3, 3, 6, 5, 12), (3, 3, 12, 15, 2), (3, 3, 15, 14, 1), (3, 3, 14, 15), (3, 2, 2, 8, 15)]
20 -> costo: 70067.7, rotte: {2: [(1, 11)], 4: [(1, 18), (18, 19), (19, 17), (17, 20), (20, 13), (13, 16), (16, 10), (10, 7), (7, 4)], 3: [(1, 2), (2, 8), (8, 9), (9, 6), (6, 5), (5, 12), (12, 14), (14, 15)]}, padri: [17], figli: [19, 19, 19, 23, 23, 23], mosse: [(3, 3, 6, 5, 12)]
21 -> costo: 70201.40000000001, rotte: {2: [(1, 8), (8, 11)], 4: [(1, 18), (18, 19), (19, 17), (17, 20), (20, 13), (13, 16), (16, 10), (10, 7), (7, 4)], 3: [(1, 2), (2, 9), (9, 5), (5, 6), (6, 12), (12, 15), (15, 14)]}, padri: [10], figli: [14, 18, 22], mosse: [(3, 3, 12, 15, 2)]
22 -> costo: 70086.5, rotte: {2: [(1, 8), (8, 11)], 4: [(1, 18), (18, 19), (19, 17), (17, 20), (20, 13), (13, 16), (16, 10), (10, 7), (7, 4)], 3: [(1, 2), (2, 9), (9, 6), (6, 5), (5, 12), (12, 15), (15, 14)]}, padri: [21], figli: [19, 23], mosse: [(3, 3, 6, 5, 12)]
23 -> costo: 69965.50000000001, rotte: {2: [(1, 8), (8, 11)], 4: [(1, 18), (18, 19), (19, 17), (17, 20), (20, 13), (13, 16), (16, 10), (10, 7), (7, 4)], 3: [(1, 2), (2, 6), (6, 5), (5, 9), (9, 12), (12, 15), (15, 14)]}, padri: [22], figli: [24], mosse: [(3, 3, 5, 9, 16)]
24 -> costo: 69631.8, rotte: {2: [(1, 11)], 4: [(1, 18), (18, 19), (19, 17), (17, 20), (20, 13), (13, 16), (16, 10), (10, 7), (7, 4)], 3: [(1, 2), (2, 6), (6, 5), (5, 9), (9, 8), (8, 12), (12, 15), (15, 14)]}, padri: [23], figli: [13], mosse: [(3, 2, 9, 8, 15)]
bestSolutionIndice: 13
13 -> costo: 69516.90000000001, rotte: {2: [(1, 11)], 4: [(1, 18), (18, 19), (19, 17), (17, 20), (20, 13), (13, 16), (16, 10), (10, 7), (7, 4)], 3: [(1, 2), (2, 5), (5, 6), (6, 9), (9, 8), (8, 12), (12, 15), (15, 14)]}, padri: [12, 12, 12, 14, 15, 24], figli: [], mosse: [(3, 3, 12, 15, 2), (3, 3, 15, 14, 1), (3, 3, 14, 15), (3, 2, 9, 8, 15), (3, 3, 9, 8, 15), (3, 3, 5, 6, 13)]
trasportoPalletDiGamma: {2: [(11, 18)], 4: [(18, 5), (19, 6), (17, 4), (20, 11), (13, 20), (16, 3), (10, 17), (7, 14), (4, 11)], 3: [(2, 19), (5, 12), (6, 13), (9, 16), (8, 15), (12, 19), (15, 2), (14, 1)]}
itMosseLS: 43, itMosseTS: 29
time elapsed: 731.16s.


##########################################################################################
##########################################################################################
##########################################################################################
##########################################################################################
##########################################################################################
