itNSIMax: 5, itMosseTSMax: 100.
##########################################################################################
s: 1
dictSolutions[1]:
0 -> costo: 154080.49999999997, rotte: {2: [(1, 15), (15, 2), (2, 5), (5, 8), (8, 9)], 4: [(1, 17), (17, 20), (20, 12), (12, 7), (7, 4), (4, 6), (6, 14), (14, 9)], 3: [(1, 16), (16, 10), (10, 13), (13, 11), (11, 3), (3, 18), (18, 19)]}, padri: [-1], figli: [1], mosse: [-1]
1 -> costo: 134011.4, rotte: {2: [(1, 15), (15, 2), (2, 5), (5, 8), (8, 9)], 4: [(1, 16), (16, 17), (17, 20), (20, 12), (12, 7), (7, 4), (4, 6), (6, 14), (14, 9)], 3: [(1, 10), (10, 13), (13, 11), (11, 3), (3, 18), (18, 19)]}, padri: [0], figli: [2], mosse: [(4, 3, 1, 16, 5)]
2 -> costo: 114369.70000000001, rotte: {2: [(1, 2), (2, 5), (5, 8), (8, 9)], 4: [(1, 16), (16, 17), (17, 15), (15, 20), (20, 12), (12, 7), (7, 4), (4, 6), (6, 14), (14, 9)], 3: [(1, 10), (10, 13), (13, 11), (11, 3), (3, 18), (18, 19)]}, padri: [1], figli: [3], mosse: [(4, 2, 17, 15, 4)]
3 -> costo: 106185.8, rotte: {2: [(1, 2), (2, 5), (5, 8), (8, 9)], 4: [(1, 16), (16, 17), (17, 15), (15, 20), (20, 7), (7, 4), (4, 6), (6, 12), (12, 14), (14, 9)], 3: [(1, 10), (10, 13), (13, 11), (11, 3), (3, 18), (18, 19)]}, padri: [2], figli: [4], mosse: [(4, 4, 6, 12, 1)]
4 -> costo: 102831.90000000001, rotte: {2: [(1, 2), (2, 5), (5, 8), (8, 9)], 4: [(1, 16), (16, 17), (17, 15), (15, 20), (20, 7), (7, 4), (4, 6), (6, 9), (9, 12), (12, 14)], 3: [(1, 10), (10, 13), (13, 11), (11, 3), (3, 18), (18, 19)]}, padri: [3], figli: [5], mosse: [(4, 4, 6, 9, 14)]
5 -> costo: 100908.4, rotte: {2: [(1, 2), (2, 5), (5, 8), (8, 9)], 4: [(1, 16), (16, 17), (17, 15), (15, 20), (20, 7), (7, 4), (4, 6), (6, 9), (9, 12), (12, 14)], 3: [(1, 13), (13, 11), (11, 10), (10, 3), (3, 18), (18, 19)]}, padri: [4], figli: [6], mosse: [(3, 3, 11, 10, 19)]
6 -> costo: 99695.40000000001, rotte: {2: [(1, 2), (2, 5), (5, 8), (8, 9)], 4: [(1, 16), (16, 17), (17, 15), (15, 20), (20, 7), (7, 4), (4, 6), (6, 9), (9, 12), (12, 14)], 3: [(1, 19), (19, 13), (13, 11), (11, 10), (10, 3), (3, 18)]}, padri: [5], figli: [7], mosse: [(3, 3, 1, 19, 6)]
7 -> costo: 94417.8, rotte: {2: [(1, 2), (2, 5), (5, 8), (8, 9)], 4: [(1, 16), (16, 17), (17, 15), (15, 20), (20, 7), (7, 4), (4, 6), (6, 9), (9, 12), (12, 14)], 3: [(1, 18), (18, 19), (19, 13), (13, 11), (11, 10), (10, 3)]}, padri: [6], figli: [8, 20, 20, 20, 20, 20, 20, 20, 20, 20, 20, 9, 22], mosse: [(3, 3, 1, 18, 19)]
8 -> costo: 93436.9, rotte: {2: [(1, 2), (2, 5), (5, 8), (8, 9)], 4: [(1, 16), (16, 17), (17, 15), (15, 20), (20, 4), (4, 6), (6, 7), (7, 9), (9, 12), (12, 14)], 3: [(1, 18), (18, 19), (19, 13), (13, 11), (11, 10), (10, 3)]}, padri: [7], figli: [9, 13, 13, 13, 13, 13, 13, 13, 13, 13, 13, 17, 17, 17, 17, 17, 17, 17, 17, 17, 17, 19, 22], mosse: [(4, 4, 6, 7, 16)]
9 -> costo: 92353.59999999999, rotte: {2: [(1, 2), (2, 5), (5, 8), (8, 9)], 4: [(1, 16), (16, 17), (17, 15), (15, 20), (20, 4), (4, 7), (7, 6), (6, 9), (9, 12), (12, 14)], 3: [(1, 18), (18, 19), (19, 13), (13, 11), (11, 10), (10, 3)]}, padri: [8, 7], figli: [10, 10, 10, 10, 10, 10, 10, 10, 10, 10, 12, 12, 12, 12, 12, 12, 12, 12, 12, 12, 14, 14, 14, 14, 14, 14, 14, 14, 14, 14, 21, 21, 21, 21, 21, 21, 21, 21, 21, 21], mosse: [(4, 4, 7, 6, 15), (4, 4, 7, 4)]
10 -> costo: 91972.7, rotte: {2: [(1, 2), (2, 5), (5, 8)], 4: [(1, 16), (16, 17), (17, 15), (15, 20), (20, 4), (4, 7), (7, 6), (6, 9), (9, 12), (12, 14)], 3: [(1, 18), (18, 19), (19, 13), (13, 11), (11, 10), (10, 3)]}, padri: [9, 9, 9, 9, 9, 9, 9, 9, 9, 9, 13, 20], figli: [11], mosse: [(4, 2, 1, 9, 4), (4, 2, 16, 9, 4), (4, 2, 17, 9, 4), (4, 2, 15, 9, 4), (4, 2, 20, 9, 4), (4, 2, 4, 9, 4), (4, 2, 7, 9, 4), (4, 2, 6, 9, 4), (4, 2, 12, 9, 4), (4, 2, 14, 9, 4), (4, 4, 7, 6, 15), (4, 4, 7, 4)]
11 -> costo: 91969.7, rotte: {2: [(1, 2), (2, 5), (5, 8)], 4: [(1, 16), (16, 17), (17, 15), (15, 20), (20, 4), (4, 7), (7, 6), (6, 9), (9, 12), (12, 14)], 3: [(1, 18), (18, 19), (19, 11), (11, 13), (13, 10), (10, 3)]}, padri: [10, 12, 12, 12, 12, 12, 12, 12, 12, 12, 12, 16, 21], figli: [], mosse: [(3, 3, 11, 13, 2), (4, 2, 1, 9, 4), (4, 2, 16, 9, 4), (4, 2, 17, 9, 4), (4, 2, 15, 9, 4), (4, 2, 20, 9, 4), (4, 2, 4, 9, 4), (4, 2, 7, 9, 4), (4, 2, 6, 9, 4), (4, 2, 12, 9, 4), (4, 2, 14, 9, 4), (4, 4, 7, 6, 15), (4, 4, 7, 4)]
12 -> costo: 92350.59999999999, rotte: {2: [(1, 2), (2, 5), (5, 8), (8, 9)], 4: [(1, 16), (16, 17), (17, 15), (15, 20), (20, 4), (4, 7), (7, 6), (6, 9), (9, 12), (12, 14)], 3: [(1, 18), (18, 19), (19, 11), (11, 13), (13, 10), (10, 3)]}, padri: [9, 19], figli: [11, 11, 11, 11, 11, 11, 11, 11, 11, 11], mosse: [(3, 3, 11, 13, 2), (4, 4, 7, 6, 15)]
13 -> costo: 93055.99999999999, rotte: {2: [(1, 2), (2, 5), (5, 8)], 4: [(1, 16), (16, 17), (17, 15), (15, 20), (20, 4), (4, 6), (6, 7), (7, 9), (9, 12), (12, 14)], 3: [(1, 18), (18, 19), (19, 13), (13, 11), (11, 10), (10, 3)]}, padri: [8, 8, 8, 8, 8, 8, 8, 8, 8, 8, 20], figli: [10, 14, 16, 18, 21], mosse: [(4, 2, 1, 9, 4), (4, 2, 16, 9, 4), (4, 2, 17, 9, 4), (4, 2, 15, 9, 4), (4, 2, 20, 9, 4), (4, 2, 4, 9, 4), (4, 2, 6, 9, 4), (4, 2, 7, 9, 4), (4, 2, 12, 9, 4), (4, 2, 14, 9, 4), (4, 4, 6, 7, 16)]
14 -> costo: 92967.9, rotte: {2: [(1, 2), (2, 5), (5, 8)], 4: [(1, 16), (16, 17), (17, 15), (15, 20), (20, 6), (6, 7), (7, 4), (4, 9), (9, 12), (12, 14)], 3: [(1, 18), (18, 19), (19, 13), (13, 11), (11, 10), (10, 3)]}, padri: [13, 17, 17, 17, 17, 17, 17, 17, 17, 17, 17], figli: [15], mosse: [(4, 4, 7, 4, 13), (4, 2, 1, 9, 4), (4, 2, 16, 9, 4), (4, 2, 17, 9, 4), (4, 2, 15, 9, 4), (4, 2, 20, 9, 4), (4, 2, 6, 9, 4), (4, 2, 7, 9, 4), (4, 2, 4, 9, 4), (4, 2, 12, 9, 4), (4, 2, 14, 9, 4)]
15 -> costo: 92964.9, rotte: {2: [(1, 2), (2, 5), (5, 8)], 4: [(1, 16), (16, 17), (17, 15), (15, 20), (20, 6), (6, 7), (7, 4), (4, 9), (9, 12), (12, 14)], 3: [(1, 18), (18, 19), (19, 11), (11, 13), (13, 10), (10, 3)]}, padri: [14, 16, 18, 18, 18, 18, 18, 18, 18, 18, 18, 18], figli: [], mosse: [(3, 3, 11, 13, 2), (4, 4, 7, 4, 13), (4, 2, 1, 9, 4), (4, 2, 16, 9, 4), (4, 2, 17, 9, 4), (4, 2, 15, 9, 4), (4, 2, 20, 9, 4), (4, 2, 6, 9, 4), (4, 2, 7, 9, 4), (4, 2, 4, 9, 4), (4, 2, 12, 9, 4), (4, 2, 14, 9, 4)]
16 -> costo: 93052.99999999999, rotte: {2: [(1, 2), (2, 5), (5, 8)], 4: [(1, 16), (16, 17), (17, 15), (15, 20), (20, 4), (4, 6), (6, 7), (7, 9), (9, 12), (12, 14)], 3: [(1, 18), (18, 19), (19, 11), (11, 13), (13, 10), (10, 3)]}, padri: [13, 19, 19, 19, 19, 19, 19, 19, 19, 19, 19, 21], figli: [11, 15], mosse: [(3, 3, 11, 13, 2), (4, 2, 1, 9, 4), (4, 2, 16, 9, 4), (4, 2, 17, 9, 4), (4, 2, 15, 9, 4), (4, 2, 20, 9, 4), (4, 2, 4, 9, 4), (4, 2, 6, 9, 4), (4, 2, 7, 9, 4), (4, 2, 12, 9, 4), (4, 2, 14, 9, 4), (4, 4, 6, 7, 16)]
17 -> costo: 93348.79999999999, rotte: {2: [(1, 2), (2, 5), (5, 8), (8, 9)], 4: [(1, 16), (16, 17), (17, 15), (15, 20), (20, 6), (6, 7), (7, 4), (4, 9), (9, 12), (12, 14)], 3: [(1, 18), (18, 19), (19, 13), (13, 11), (11, 10), (10, 3)]}, padri: [8], figli: [14, 14, 14, 14, 14, 14, 14, 14, 14, 14, 18, 18, 18, 18, 18, 18, 18, 18, 18, 18], mosse: [(4, 4, 7, 4, 13)]
18 -> costo: 93345.79999999999, rotte: {2: [(1, 2), (2, 5), (5, 8), (8, 9)], 4: [(1, 16), (16, 17), (17, 15), (15, 20), (20, 6), (6, 7), (7, 4), (4, 9), (9, 12), (12, 14)], 3: [(1, 18), (18, 19), (19, 11), (11, 13), (13, 10), (10, 3)]}, padri: [17, 19], figli: [15, 15, 15, 15, 15, 15, 15, 15, 15, 15], mosse: [(3, 3, 11, 13, 2), (4, 4, 7, 4, 13)]
19 -> costo: 93433.9, rotte: {2: [(1, 2), (2, 5), (5, 8), (8, 9)], 4: [(1, 16), (16, 17), (17, 15), (15, 20), (20, 4), (4, 6), (6, 7), (7, 9), (9, 12), (12, 14)], 3: [(1, 18), (18, 19), (19, 11), (11, 13), (13, 10), (10, 3)]}, padri: [8, 22], figli: [12, 16, 16, 16, 16, 16, 16, 16, 16, 16, 16, 18], mosse: [(3, 3, 11, 13, 2), (4, 4, 6, 7, 16)]
20 -> costo: 94036.9, rotte: {2: [(1, 2), (2, 5), (5, 8)], 4: [(1, 16), (16, 17), (17, 15), (15, 20), (20, 7), (7, 4), (4, 6), (6, 9), (9, 12), (12, 14)], 3: [(1, 18), (18, 19), (19, 13), (13, 11), (11, 10), (10, 3)]}, padri: [7, 7, 7, 7, 7, 7, 7, 7, 7, 7], figli: [13, 10, 21], mosse: [(4, 2, 1, 9, 4), (4, 2, 16, 9, 4), (4, 2, 17, 9, 4), (4, 2, 15, 9, 4), (4, 2, 20, 9, 4), (4, 2, 7, 9, 4), (4, 2, 4, 9, 4), (4, 2, 6, 9, 4), (4, 2, 12, 9, 4), (4, 2, 14, 9, 4)]
21 -> costo: 94033.9, rotte: {2: [(1, 2), (2, 5), (5, 8)], 4: [(1, 16), (16, 17), (17, 15), (15, 20), (20, 7), (7, 4), (4, 6), (6, 9), (9, 12), (12, 14)], 3: [(1, 18), (18, 19), (19, 11), (11, 13), (13, 10), (10, 3)]}, padri: [20, 22, 22, 22, 22, 22, 22, 22, 22, 22], figli: [16, 11], mosse: [(3, 3, 11, 13, 2), (4, 2, 1, 9, 4), (4, 2, 16, 9, 4), (4, 2, 17, 9, 4), (4, 2, 15, 9, 4), (4, 2, 20, 9, 4), (4, 2, 7, 9, 4), (4, 2, 4, 9, 4), (4, 2, 6, 9, 4), (4, 2, 12, 9, 4)]
22 -> costo: 94414.8, rotte: {2: [(1, 2), (2, 5), (5, 8), (8, 9)], 4: [(1, 16), (16, 17), (17, 15), (15, 20), (20, 7), (7, 4), (4, 6), (6, 9), (9, 12), (12, 14)], 3: [(1, 18), (18, 19), (19, 11), (11, 13), (13, 10), (10, 3)]}, padri: [7], figli: [19, 21, 21, 21, 21, 21, 21, 21, 21, 21], mosse: [(3, 3, 11, 13, 2)]
bestSolutionIndice: 11
11 -> costo: 91969.7, rotte: {2: [(1, 2), (2, 5), (5, 8)], 4: [(1, 16), (16, 17), (17, 15), (15, 20), (20, 4), (4, 7), (7, 6), (6, 9), (9, 12), (12, 14)], 3: [(1, 18), (18, 19), (19, 11), (11, 13), (13, 10), (10, 3)]}, padri: [10, 12, 12, 12, 12, 12, 12, 12, 12, 12, 12, 16, 21], figli: [], mosse: [(3, 3, 11, 13, 2), (4, 2, 1, 9, 4), (4, 2, 16, 9, 4), (4, 2, 17, 9, 4), (4, 2, 15, 9, 4), (4, 2, 20, 9, 4), (4, 2, 4, 9, 4), (4, 2, 7, 9, 4), (4, 2, 6, 9, 4), (4, 2, 12, 9, 4), (4, 2, 14, 9, 4), (4, 4, 7, 6, 15), (4, 4, 7, 4)]
trasportoPalletDiGamma: {2: [(2, 11), (5, 14), (8, 17)], 4: [(16, 5), (17, 6), (15, 4), (20, 11), (4, 13), (7, 16), (6, 15), (9, 18), (12, 1), (14, 3)], 3: [(18, 19), (19, 6), (11, 20), (13, 2), (10, 19), (3, 12)]}
itMosseLS: 109, itMosseTS: 100
time elapsed: 2086.01s.


##########################################################################################
s: 1
dictSolutions[1]:
0 -> costo: 146482.99999999997, rotte: {2: [(1, 6), (6, 15), (15, 17), (17, 12), (12, 10), (10, 9)], 3: [(1, 16), (16, 13), (13, 5), (5, 14), (14, 8), (8, 20), (20, 3)], 4: [(1, 18), (18, 19), (19, 11), (11, 2), (2, 4), (4, 7), (7, 9)]}, padri: [-1], figli: [1], mosse: [-1]
1 -> costo: 134286.59999999998, rotte: {2: [(1, 6), (6, 15), (15, 17), (17, 12), (12, 10), (10, 9)], 3: [(1, 16), (16, 13), (13, 14), (14, 8), (8, 20), (20, 3), (3, 5)], 4: [(1, 18), (18, 19), (19, 11), (11, 2), (2, 4), (4, 7), (7, 9)]}, padri: [0], figli: [2], mosse: [(3, 3, 3, 5, 14)]
2 -> costo: 127420.69999999998, rotte: {2: [(1, 15), (15, 17), (17, 12), (12, 10), (10, 9)], 3: [(1, 16), (16, 13), (13, 14), (14, 8), (8, 6), (6, 20), (20, 3), (3, 5)], 4: [(1, 18), (18, 19), (19, 11), (11, 2), (2, 4), (4, 7), (7, 9)]}, padri: [1], figli: [3], mosse: [(3, 2, 8, 6, 15)]
3 -> costo: 111281.19999999998, rotte: {2: [(1, 15), (15, 16), (16, 17), (17, 12), (12, 10), (10, 9)], 3: [(1, 13), (13, 14), (14, 8), (8, 6), (6, 20), (20, 3), (3, 5)], 4: [(1, 18), (18, 19), (19, 11), (11, 2), (2, 4), (4, 7), (7, 9)]}, padri: [2], figli: [4], mosse: [(2, 3, 15, 16, 5)]
4 -> costo: 107270.0, rotte: {2: [(1, 15), (15, 16), (16, 17), (17, 12), (12, 10), (10, 9)], 3: [(1, 13), (13, 14), (14, 8), (8, 6), (6, 3), (3, 5), (5, 20)], 4: [(1, 18), (18, 19), (19, 11), (11, 2), (2, 4), (4, 7), (7, 9)]}, padri: [3], figli: [5, 17], mosse: [(3, 3, 5, 20, 11)]
5 -> costo: 102756.0, rotte: {2: [(1, 15), (15, 16), (16, 17), (17, 12), (12, 10), (10, 9)], 3: [(1, 20), (20, 13), (13, 14), (14, 8), (8, 6), (6, 3), (3, 5)], 4: [(1, 18), (18, 19), (19, 11), (11, 2), (2, 4), (4, 7), (7, 9)]}, padri: [4], figli: [6, 12, 16, 16, 16, 18], mosse: [(3, 3, 1, 20, 11)]
6 -> costo: 100193.8, rotte: {2: [(1, 15), (15, 16), (16, 17), (17, 12), (12, 10), (10, 9)], 3: [(1, 20), (20, 13), (13, 14), (14, 8), (8, 6), (6, 3), (3, 5)], 4: [(1, 18), (18, 19), (19, 2), (2, 4), (4, 7), (7, 9), (9, 11)]}, padri: [5, 17], figli: [7, 11, 11, 11, 15, 19, 19, 19], mosse: [(4, 4, 9, 11, 20), (3, 3, 1, 20, 11)]
7 -> costo: 98978.8, rotte: {2: [(1, 15), (15, 16), (16, 17), (17, 12), (12, 10), (10, 9)], 3: [(1, 18), (18, 20), (20, 13), (13, 14), (14, 8), (8, 6), (6, 3), (3, 5)], 4: [(1, 19), (19, 2), (2, 4), (4, 7), (7, 9), (9, 11)]}, padri: [6, 12], figli: [8, 8, 8, 8, 8, 8, 10, 10, 10, 10, 10, 10, 10, 10, 14, 14, 14, 14, 14, 14, 20, 20, 20], mosse: [(3, 4, 1, 18, 19), (4, 4, 9, 11, 20)]
8 -> costo: 95675.4, rotte: {2: [(1, 15), (15, 16), (16, 17), (17, 12), (12, 10)], 3: [(1, 18), (18, 20), (20, 13), (13, 14), (14, 8), (8, 6), (6, 3), (3, 5)], 4: [(1, 19), (19, 2), (2, 4), (4, 7), (7, 9), (9, 11)]}, padri: [7, 7, 7, 7, 7, 7, 13], figli: [9, 9, 9, 21, 21, 21], mosse: [(4, 2, 1, 9, 5), (4, 2, 19, 9, 5), (4, 2, 2, 9, 5), (4, 2, 4, 9, 5), (4, 2, 7, 9, 5), (4, 2, 11, 9, 5), (4, 4, 9, 11, 20)]
9 -> costo: 95511.79999999999, rotte: {2: [(1, 15), (15, 16), (16, 17), (17, 12), (12, 10)], 3: [(1, 18), (18, 20), (20, 13), (13, 14), (14, 8), (8, 6), (6, 5), (5, 3)], 4: [(1, 19), (19, 2), (2, 4), (4, 7), (7, 9), (9, 11)]}, padri: [8, 8, 8, 10, 10, 10, 10, 10, 10, 14, 20], figli: [], mosse: [(3, 3, 6, 5, 14), (3, 3, 5, 3, 12), (3, 3, 3, 5), (4, 2, 1, 9, 5), (4, 2, 19, 9, 5), (4, 2, 2, 9, 5), (4, 2, 4, 9, 5), (4, 2, 7, 9, 5), (4, 2, 11, 9, 5), (4, 4, 9, 11, 20), (3, 3, 18, 20, 11)]
10 -> costo: 98815.2, rotte: {2: [(1, 15), (15, 16), (16, 17), (17, 12), (12, 10), (10, 9)], 3: [(1, 18), (18, 20), (20, 13), (13, 14), (14, 8), (8, 6), (6, 5), (5, 3)], 4: [(1, 19), (19, 2), (2, 4), (4, 7), (7, 9), (9, 11)]}, padri: [7, 7, 7, 11, 15, 19], figli: [9, 9, 9, 9, 9, 9, 21, 21, 21, 21, 21, 21], mosse: [(3, 3, 6, 5, 14), (3, 3, 5, 3, 12), (3, 3, 3, 5), (3, 4, 1, 18, 19), (4, 4, 9, 11, 20), (3, 3, 18, 20, 11)]
11 -> costo: 100030.2, rotte: {2: [(1, 15), (15, 16), (16, 17), (17, 12), (12, 10), (10, 9)], 3: [(1, 20), (20, 13), (13, 14), (14, 8), (8, 6), (6, 5), (5, 3)], 4: [(1, 18), (18, 19), (19, 2), (2, 4), (4, 7), (7, 9), (9, 11)]}, padri: [6, 6, 6, 16, 18], figli: [10, 20], mosse: [(3, 3, 6, 5, 14), (3, 3, 5, 3, 12), (3, 3, 3, 5), (4, 4, 9, 11, 20), (3, 3, 1, 20, 11)]
12 -> costo: 101541.0, rotte: {2: [(1, 15), (15, 16), (16, 17), (17, 12), (12, 10), (10, 9)], 3: [(1, 18), (18, 20), (20, 13), (13, 14), (14, 8), (8, 6), (6, 3), (3, 5)], 4: [(1, 19), (19, 11), (11, 2), (2, 4), (4, 7), (7, 9)]}, padri: [5], figli: [13, 13, 13, 13, 13, 13, 7, 15, 15, 15], mosse: [(3, 4, 1, 18, 19)]
13 -> costo: 98237.59999999999, rotte: {2: [(1, 15), (15, 16), (16, 17), (17, 12), (12, 10)], 3: [(1, 18), (18, 20), (20, 13), (13, 14), (14, 8), (8, 6), (6, 3), (3, 5)], 4: [(1, 19), (19, 11), (11, 2), (2, 4), (4, 7), (7, 9)]}, padri: [12, 12, 12, 12, 12, 12], figli: [8, 14, 14, 14], mosse: [(4, 2, 1, 9, 5), (4, 2, 19, 9, 5), (4, 2, 11, 9, 5), (4, 2, 2, 9, 5), (4, 2, 4, 9, 5), (4, 2, 7, 9, 5)]
14 -> costo: 98073.99999999999, rotte: {2: [(1, 15), (15, 16), (16, 17), (17, 12), (12, 10)], 3: [(1, 18), (18, 20), (20, 13), (13, 14), (14, 8), (8, 6), (6, 5), (5, 3)], 4: [(1, 19), (19, 11), (11, 2), (2, 4), (4, 7), (7, 9)]}, padri: [13, 13, 13, 15, 15, 15, 15, 15, 15], figli: [9, 21], mosse: [(3, 3, 6, 5, 14), (3, 3, 5, 3, 12), (3, 3, 3, 5), (4, 2, 1, 9, 5), (4, 2, 19, 9, 5), (4, 2, 11, 9, 5), (4, 2, 2, 9, 5), (4, 2, 4, 9, 5), (4, 2, 7, 9, 5)]
15 -> costo: 101377.4, rotte: {2: [(1, 15), (15, 16), (16, 17), (17, 12), (12, 10), (10, 9)], 3: [(1, 18), (18, 20), (20, 13), (13, 14), (14, 8), (8, 6), (6, 5), (5, 3)], 4: [(1, 19), (19, 11), (11, 2), (2, 4), (4, 7), (7, 9)]}, padri: [12, 12, 12, 16], figli: [14, 14, 14, 14, 14, 14, 10, 20], mosse: [(3, 3, 6, 5, 14), (3, 3, 5, 3, 12), (3, 3, 3, 5), (3, 4, 1, 18, 19)]
16 -> costo: 102592.4, rotte: {2: [(1, 15), (15, 16), (16, 17), (17, 12), (12, 10), (10, 9)], 3: [(1, 20), (20, 13), (13, 14), (14, 8), (8, 6), (6, 5), (5, 3)], 4: [(1, 18), (18, 19), (19, 11), (11, 2), (2, 4), (4, 7), (7, 9)]}, padri: [5, 5, 5], figli: [11, 15, 19], mosse: [(3, 3, 6, 5, 14), (3, 3, 5, 3, 12), (3, 3, 3, 5)]
17 -> costo: 104707.8, rotte: {2: [(1, 15), (15, 16), (16, 17), (17, 12), (12, 10), (10, 9)], 3: [(1, 13), (13, 14), (14, 8), (8, 6), (6, 3), (3, 5), (5, 20)], 4: [(1, 18), (18, 19), (19, 2), (2, 4), (4, 7), (7, 9), (9, 11)]}, padri: [4], figli: [6, 18], mosse: [(4, 4, 9, 11, 20)]
18 -> costo: 104087.5, rotte: {2: [(1, 15), (15, 16), (16, 17), (17, 12), (12, 10), (10, 9)], 3: [(1, 13), (13, 14), (14, 8), (8, 6), (6, 5), (5, 3), (3, 20)], 4: [(1, 18), (18, 19), (19, 2), (2, 4), (4, 7), (7, 9), (9, 11)]}, padri: [17], figli: [11, 19], mosse: [(3, 3, 5, 3, 12)]
19 -> costo: 103680.5, rotte: {2: [(1, 15), (15, 16), (16, 17), (17, 12), (12, 10), (10, 9)], 3: [(1, 18), (18, 13), (13, 14), (14, 8), (8, 6), (6, 5), (5, 3), (3, 20)], 4: [(1, 19), (19, 2), (2, 4), (4, 7), (7, 9), (9, 11)]}, padri: [18], figli: [10, 20], mosse: [(3, 4, 1, 18, 19)]
20 -> costo: 100377.1, rotte: {2: [(1, 15), (15, 16), (16, 17), (17, 12), (12, 10)], 3: [(1, 18), (18, 13), (13, 14), (14, 8), (8, 6), (6, 5), (5, 3), (3, 20)], 4: [(1, 19), (19, 2), (2, 4), (4, 7), (7, 9), (9, 11)]}, padri: [19], figli: [9, 21], mosse: [(4, 2, 1, 9, 5)]
21 -> costo: 100201.19999999998, rotte: {2: [(1, 15), (15, 16), (16, 17), (17, 12), (12, 10)], 3: [(1, 20), (20, 18), (18, 13), (13, 14), (14, 8), (8, 6), (6, 5), (5, 3)], 4: [(1, 19), (19, 2), (2, 4), (4, 7), (7, 9), (9, 11)]}, padri: [20], figli: [], mosse: [(3, 3, 1, 20, 11)]
bestSolutionIndice: 9
9 -> costo: 95511.79999999999, rotte: {2: [(1, 15), (15, 16), (16, 17), (17, 12), (12, 10)], 3: [(1, 18), (18, 20), (20, 13), (13, 14), (14, 8), (8, 6), (6, 5), (5, 3)], 4: [(1, 19), (19, 2), (2, 4), (4, 7), (7, 9), (9, 11)]}, padri: [8, 8, 8, 10, 10, 10, 10, 10, 10, 14, 20], figli: [], mosse: [(3, 3, 6, 5, 14), (3, 3, 5, 3, 12), (3, 3, 3, 5), (4, 2, 1, 9, 5), (4, 2, 19, 9, 5), (4, 2, 2, 9, 5), (4, 2, 4, 9, 5), (4, 2, 7, 9, 5), (4, 2, 11, 9, 5), (4, 4, 9, 11, 20), (3, 3, 18, 20, 11)]
trasportoPalletDiGamma: {2: [(15, 4), (16, 5), (17, 6), (12, 1), (10, 19)], 3: [(18, 19), (20, 11), (13, 2), (14, 3), (8, 17), (6, 15), (5, 14), (3, 12)], 4: [(19, 6), (2, 11), (4, 13), (7, 16), (9, 18), (11, 20)]}
itMosseLS: 66, itMosseTS: 57
time elapsed: 1515.98s.


##########################################################################################
##########################################################################################
##########################################################################################
