itNSIMax: 10, itMosseTSMax: 30.
##########################################################################################
s: 1
dictSolutions[1]:
0 -> costo: 85896.19999999998, rotte: {3: [(1, 19), (19, 14), (14, 8), (8, 5), (5, 3), (3, 18), (18, 20)], 4: [(1, 9), (9, 6), (6, 7), (7, 13), (13, 4), (4, 17), (17, 20)], 2: [(1, 16), (16, 21), (21, 10), (10, 15), (15, 11), (11, 12)]}, padri: [-1], figli: [1], mosse: [-1]
1 -> costo: 80701.69999999998, rotte: {3: [(1, 19), (19, 14), (14, 8), (8, 5), (5, 3), (3, 18), (18, 20)], 4: [(1, 9), (9, 6), (6, 7), (7, 16), (16, 13), (13, 4), (4, 17), (17, 20)], 2: [(1, 21), (21, 10), (10, 15), (15, 11), (11, 12)]}, padri: [0], figli: [2], mosse: [(4, 2, 7, 16, 13)]
2 -> costo: 77592.79999999999, rotte: {3: [(1, 19), (19, 14), (14, 8), (8, 5), (5, 3), (3, 18)], 4: [(1, 9), (9, 6), (6, 7), (7, 16), (16, 13), (13, 4), (4, 17), (17, 20)], 2: [(1, 21), (21, 10), (10, 15), (15, 11), (11, 12)]}, padri: [1], figli: [3], mosse: [(4, 3, 1, 20, 9)]
3 -> costo: 74850.4, rotte: {3: [(1, 19), (19, 14), (14, 8), (8, 5), (5, 3), (3, 18)], 4: [(1, 9), (9, 7), (7, 16), (16, 13), (13, 4), (4, 6), (6, 17), (17, 20)], 2: [(1, 21), (21, 10), (10, 15), (15, 11), (11, 12)]}, padri: [2], figli: [4], mosse: [(4, 4, 4, 6, 3)]
4 -> costo: 72535.99999999999, rotte: {3: [(1, 19), (19, 14), (14, 8), (8, 5), (5, 3), (3, 18)], 4: [(1, 20), (20, 9), (9, 7), (7, 16), (16, 13), (13, 4), (4, 6), (6, 17)], 2: [(1, 21), (21, 10), (10, 15), (15, 11), (11, 12)]}, padri: [3], figli: [5], mosse: [(4, 4, 1, 20, 17)]
5 -> costo: 70307.9, rotte: {3: [(1, 19), (19, 14), (14, 5), (5, 3), (3, 8), (8, 18)], 4: [(1, 20), (20, 9), (9, 7), (7, 16), (16, 13), (13, 4), (4, 6), (6, 17)], 2: [(1, 21), (21, 10), (10, 15), (15, 11), (11, 12)]}, padri: [4], figli: [6], mosse: [(3, 3, 3, 8, 5)]
6 -> costo: 68752.39999999998, rotte: {3: [(1, 19), (19, 14), (14, 5), (5, 3), (3, 8), (8, 18)], 4: [(1, 20), (20, 9), (9, 16), (16, 13), (13, 7), (7, 4), (4, 6), (6, 17)], 2: [(1, 21), (21, 10), (10, 15), (15, 11), (11, 12)]}, padri: [5], figli: [7], mosse: [(4, 4, 13, 7, 4)]
7 -> costo: 67646.59999999999, rotte: {3: [(1, 19), (19, 14), (14, 5), (5, 3), (3, 8), (8, 18)], 4: [(1, 20), (20, 9), (9, 13), (13, 16), (16, 7), (7, 4), (4, 6), (6, 17)], 2: [(1, 21), (21, 10), (10, 15), (15, 11), (11, 12)]}, padri: [6], figli: [8], mosse: [(4, 4, 13, 16, 13)]
8 -> costo: 67149.49999999999, rotte: {3: [(1, 19), (19, 14), (14, 5), (5, 3), (3, 8), (8, 18)], 4: [(1, 20), (20, 17), (17, 9), (9, 13), (13, 16), (16, 7), (7, 4), (4, 6)], 2: [(1, 21), (21, 10), (10, 15), (15, 11), (11, 12)]}, padri: [7], figli: [9, 13], mosse: [(4, 4, 20, 17, 14)]
9 -> costo: 66803.89999999998, rotte: {3: [(1, 19), (19, 5), (5, 3), (3, 14), (14, 8), (8, 18)], 4: [(1, 20), (20, 17), (17, 9), (9, 13), (13, 16), (16, 7), (7, 4), (4, 6)], 2: [(1, 21), (21, 10), (10, 15), (15, 11), (11, 12)]}, padri: [8], figli: [10, 12, 12, 12, 14, 14, 14], mosse: [(3, 3, 3, 14, 11)]
10 -> costo: 66075.69999999998, rotte: {3: [(1, 19), (19, 3), (3, 5), (5, 14), (14, 8), (8, 18)], 4: [(1, 20), (20, 17), (17, 9), (9, 13), (13, 16), (16, 7), (7, 4), (4, 6)], 2: [(1, 21), (21, 10), (10, 15), (15, 11), (11, 12)]}, padri: [9], figli: [11, 11, 11], mosse: [(3, 3, 3, 5, 2)]
11 -> costo: 66004.49999999999, rotte: {3: [(1, 19), (19, 3), (3, 5), (5, 14), (14, 8), (8, 18)], 4: [(1, 20), (20, 17), (17, 9), (9, 13), (13, 16), (16, 7), (7, 6), (6, 4)], 2: [(1, 21), (21, 10), (10, 15), (15, 11), (11, 12)]}, padri: [10, 10, 10, 12], figli: [], mosse: [(4, 4, 4, 6), (4, 4, 7, 6, 3), (4, 4, 6, 4, 1), (3, 3, 3, 5, 2)]
12 -> costo: 66732.69999999998, rotte: {3: [(1, 19), (19, 5), (5, 3), (3, 14), (14, 8), (8, 18)], 4: [(1, 20), (20, 17), (17, 9), (9, 13), (13, 16), (16, 7), (7, 6), (6, 4)], 2: [(1, 21), (21, 10), (10, 15), (15, 11), (11, 12)]}, padri: [9, 9, 9, 13], figli: [11], mosse: [(4, 4, 4, 6), (4, 4, 7, 6, 3), (4, 4, 6, 4, 1), (3, 3, 3, 14, 11)]
13 -> costo: 67078.29999999997, rotte: {3: [(1, 19), (19, 14), (14, 5), (5, 3), (3, 8), (8, 18)], 4: [(1, 20), (20, 17), (17, 9), (9, 13), (13, 16), (16, 7), (7, 6), (6, 4)], 2: [(1, 21), (21, 10), (10, 15), (15, 11), (11, 12)]}, padri: [8], figli: [12, 14], mosse: [(4, 4, 4, 6)]
14 -> costo: 67048.39999999998, rotte: {3: [(1, 14), (14, 5), (5, 3), (3, 19), (19, 8), (8, 18)], 4: [(1, 20), (20, 17), (17, 9), (9, 13), (13, 16), (16, 7), (7, 6), (6, 4)], 2: [(1, 21), (21, 10), (10, 15), (15, 11), (11, 12)]}, padri: [13], figli: [15], mosse: [(3, 3, 3, 19, 16)]
15 -> costo: 64624.59999999999, rotte: {3: [(1, 5), (5, 3), (3, 19), (19, 8), (8, 18)], 4: [(1, 20), (20, 17), (17, 9), (9, 13), (13, 16), (16, 7), (7, 6), (6, 4)], 2: [(1, 21), (21, 10), (10, 15), (15, 14), (14, 11), (11, 12)]}, padri: [14], figli: [16, 17], mosse: [(2, 3, 15, 14, 11)]
16 -> costo: 64302.899999999994, rotte: {3: [(1, 20), (20, 5), (5, 3), (3, 19), (19, 8), (8, 18)], 4: [(1, 17), (17, 9), (9, 13), (13, 16), (16, 7), (7, 6), (6, 4)], 2: [(1, 21), (21, 10), (10, 15), (15, 14), (14, 11), (11, 12)]}, padri: [15], figli: [], mosse: [(3, 4, 1, 20, 17)]
17 -> costo: 64595.0, rotte: {3: [(1, 3), (3, 19), (19, 8), (8, 18)], 4: [(1, 20), (20, 17), (17, 9), (9, 13), (13, 16), (16, 7), (7, 6), (6, 5), (5, 4)], 2: [(1, 21), (21, 10), (10, 15), (15, 14), (14, 11), (11, 12)]}, padri: [15], figli: [18, 27, 32], mosse: [(4, 3, 6, 5, 2)]
18 -> costo: 63730.09999999999, rotte: {3: [(1, 3), (3, 19), (19, 8), (8, 18)], 4: [(1, 20), (20, 17), (17, 9), (9, 13), (13, 16), (16, 7), (7, 4), (4, 6), (6, 5)], 2: [(1, 21), (21, 10), (10, 15), (15, 14), (14, 11), (11, 12)]}, padri: [17], figli: [19, 23, 24, 28], mosse: [(4, 4, 7, 4, 1)]
19 -> costo: 63133.8, rotte: {3: [(1, 19), (19, 3), (3, 8), (8, 18)], 4: [(1, 20), (20, 17), (17, 9), (9, 13), (13, 16), (16, 7), (7, 4), (4, 6), (6, 5)], 2: [(1, 21), (21, 10), (10, 15), (15, 14), (14, 11), (11, 12)]}, padri: [18, 27], figli: [20, 21, 25, 30], mosse: [(3, 3, 19, 3, 12), (4, 4, 7, 4, 1)]
20 -> costo: 62672.2, rotte: {3: [(1, 20), (20, 19), (19, 3), (3, 8), (8, 18)], 4: [(1, 17), (17, 9), (9, 13), (13, 16), (16, 7), (7, 4), (4, 6), (6, 5)], 2: [(1, 21), (21, 10), (10, 15), (15, 14), (14, 11), (11, 12)]}, padri: [19, 23, 28], figli: [], mosse: [(3, 4, 1, 20, 17), (3, 3, 19, 3, 12), (4, 4, 7, 4, 1)]
21 -> costo: 62985.1, rotte: {3: [(1, 21), (21, 19), (19, 3), (3, 8), (8, 18)], 4: [(1, 20), (20, 17), (17, 9), (9, 13), (13, 16), (16, 7), (7, 4), (4, 6), (6, 5)], 2: [(1, 10), (10, 15), (15, 14), (14, 11), (11, 12)]}, padri: [19, 24, 29], figli: [22], mosse: [(3, 2, 1, 21, 18), (3, 3, 19, 3, 12), (4, 4, 7, 4, 1)]
22 -> costo: 62672.2, rotte: {3: [(1, 21), (21, 19), (19, 3), (3, 8), (8, 18)], 4: [(1, 17), (17, 9), (9, 13), (13, 16), (16, 7), (7, 4), (4, 6), (6, 5)], 2: [(1, 20), (20, 10), (10, 15), (15, 14), (14, 11), (11, 12)]}, padri: [21], figli: [], mosse: [(2, 4, 1, 20, 17)]
23 -> costo: 63408.399999999994, rotte: {3: [(1, 20), (20, 3), (3, 19), (19, 8), (8, 18)], 4: [(1, 17), (17, 9), (9, 13), (13, 16), (16, 7), (7, 4), (4, 6), (6, 5)], 2: [(1, 21), (21, 10), (10, 15), (15, 14), (14, 11), (11, 12)]}, padri: [18, 32], figli: [20], mosse: [(3, 4, 1, 20, 17), (4, 4, 7, 4, 1)]
24 -> costo: 63721.299999999996, rotte: {3: [(1, 21), (21, 3), (3, 19), (19, 8), (8, 18)], 4: [(1, 20), (20, 17), (17, 9), (9, 13), (13, 16), (16, 7), (7, 4), (4, 6), (6, 5)], 2: [(1, 10), (10, 15), (15, 14), (14, 11), (11, 12)]}, padri: [18], figli: [21, 25, 30], mosse: [(3, 2, 1, 21, 18)]
25 -> costo: 63408.399999999994, rotte: {3: [(1, 21), (21, 3), (3, 19), (19, 8), (8, 18)], 4: [(1, 17), (17, 9), (9, 13), (13, 16), (16, 7), (7, 4), (4, 6), (6, 5)], 2: [(1, 20), (20, 10), (10, 15), (15, 14), (14, 11), (11, 12)]}, padri: [19, 24], figli: [26], mosse: [(2, 4, 1, 20, 17)]
26 -> costo: 62672.2, rotte: {3: [(1, 21), (21, 19), (19, 3), (3, 8), (8, 18)], 4: [(1, 17), (17, 9), (9, 13), (13, 16), (16, 7), (7, 4), (4, 6), (6, 5)], 2: [(1, 20), (20, 10), (10, 15), (15, 14), (14, 11), (11, 12)]}, padri: [25], figli: [], mosse: [(3, 3, 19, 3, 12)]
27 -> costo: 63998.7, rotte: {3: [(1, 19), (19, 3), (3, 8), (8, 18)], 4: [(1, 20), (20, 17), (17, 9), (9, 13), (13, 16), (16, 7), (7, 6), (6, 5), (5, 4)], 2: [(1, 21), (21, 10), (10, 15), (15, 14), (14, 11), (11, 12)]}, padri: [17], figli: [19, 28, 29], mosse: [(3, 3, 19, 3, 12)]
28 -> costo: 63537.09999999999, rotte: {3: [(1, 20), (20, 19), (19, 3), (3, 8), (8, 18)], 4: [(1, 17), (17, 9), (9, 13), (13, 16), (16, 7), (7, 6), (6, 5), (5, 4)], 2: [(1, 21), (21, 10), (10, 15), (15, 14), (14, 11), (11, 12)]}, padri: [27], figli: [20], mosse: [(3, 4, 1, 20, 17)]
29 -> costo: 63849.99999999999, rotte: {3: [(1, 21), (21, 19), (19, 3), (3, 8), (8, 18)], 4: [(1, 20), (20, 17), (17, 9), (9, 13), (13, 16), (16, 7), (7, 6), (6, 5), (5, 4)], 2: [(1, 10), (10, 15), (15, 14), (14, 11), (11, 12)]}, padri: [27], figli: [21, 30], mosse: [(3, 2, 1, 21, 18)]
30 -> costo: 63537.09999999999, rotte: {3: [(1, 21), (21, 19), (19, 3), (3, 8), (8, 18)], 4: [(1, 17), (17, 9), (9, 13), (13, 16), (16, 7), (7, 6), (6, 5), (5, 4)], 2: [(1, 20), (20, 10), (10, 15), (15, 14), (14, 11), (11, 12)]}, padri: [19, 24, 29], figli: [31], mosse: [(2, 4, 1, 20, 17)]
31 -> costo: 62672.2, rotte: {3: [(1, 21), (21, 19), (19, 3), (3, 8), (8, 18)], 4: [(1, 17), (17, 9), (9, 13), (13, 16), (16, 7), (7, 4), (4, 6), (6, 5)], 2: [(1, 20), (20, 10), (10, 15), (15, 14), (14, 11), (11, 12)]}, padri: [30], figli: [], mosse: [(4, 4, 7, 4, 1)]
32 -> costo: 64273.29999999999, rotte: {3: [(1, 20), (20, 3), (3, 19), (19, 8), (8, 18)], 4: [(1, 17), (17, 9), (9, 13), (13, 16), (16, 7), (7, 6), (6, 5), (5, 4)], 2: [(1, 21), (21, 10), (10, 15), (15, 14), (14, 11), (11, 12)]}, padri: [17], figli: [23], mosse: [(3, 4, 1, 20, 17)]
bestSolutionIndice: 20
20 -> costo: 62672.2, rotte: {3: [(1, 20), (20, 19), (19, 3), (3, 8), (8, 18)], 4: [(1, 17), (17, 9), (9, 13), (13, 16), (16, 7), (7, 4), (4, 6), (6, 5)], 2: [(1, 21), (21, 10), (10, 15), (15, 14), (14, 11), (11, 12)]}, padri: [19, 23, 28], figli: [], mosse: [(3, 4, 1, 20, 17), (3, 3, 19, 3, 12), (4, 4, 7, 4, 1)]
trasportoPalletDiGamma: {3: [(20, 17), (19, 16), (3, 12), (8, 5), (18, 15)], 4: [(17, 14), (9, 6), (13, 10), (16, 13), (7, 4), (4, 1), (6, 3), (5, 2)], 2: [(21, 18), (10, 7), (15, 12), (14, 11), (11, 8), (12, 9)]}
itMosseLS: 44, itMosseTS: 30
time elapsed: 1092.30s.


##########################################################################################
s: 1
dictSolutions[1]:
0 -> costo: 122525.1, rotte: {3: [(1, 10), (10, 20), (20, 14), (14, 12), (12, 19), (19, 18)], 2: [(1, 21), (21, 11), (11, 17), (17, 15), (15, 9), (9, 7), (7, 6)], 4: [(1, 5), (5, 13), (13, 16), (16, 3), (3, 8), (8, 4), (4, 18)]}, padri: [-1], figli: [1], mosse: [-1]
1 -> costo: 102780.5, rotte: {3: [(1, 10), (10, 20), (20, 14), (14, 19), (19, 18), (18, 12)], 2: [(1, 21), (21, 11), (11, 17), (17, 15), (15, 9), (9, 7), (7, 6)], 4: [(1, 5), (5, 13), (13, 16), (16, 3), (3, 8), (8, 4), (4, 18)]}, padri: [0], figli: [2], mosse: [(3, 3, 18, 12, 9)]
2 -> costo: 92877.1, rotte: {3: [(1, 10), (10, 20), (20, 14), (14, 19), (19, 12)], 2: [(1, 21), (21, 11), (11, 17), (17, 15), (15, 9), (9, 7), (7, 6)], 4: [(1, 5), (5, 13), (13, 16), (16, 3), (3, 8), (8, 4), (4, 18)]}, padri: [1], figli: [3], mosse: [(4, 3, 1, 18, 10)]
3 -> costo: 85377.29999999999, rotte: {3: [(1, 10), (10, 20), (20, 14), (14, 19), (19, 12)], 2: [(1, 21), (21, 17), (17, 15), (15, 9), (9, 7), (7, 6), (6, 11)], 4: [(1, 5), (5, 13), (13, 16), (16, 3), (3, 8), (8, 4), (4, 18)]}, padri: [2], figli: [4], mosse: [(2, 2, 6, 11, 8)]
4 -> costo: 80601.1, rotte: {3: [(1, 10), (10, 20), (20, 19), (19, 14), (14, 12)], 2: [(1, 21), (21, 17), (17, 15), (15, 9), (9, 7), (7, 6), (6, 11)], 4: [(1, 5), (5, 13), (13, 16), (16, 3), (3, 8), (8, 4), (4, 18)]}, padri: [3], figli: [5], mosse: [(3, 3, 19, 14, 11)]
5 -> costo: 75852.70000000001, rotte: {3: [(1, 10), (10, 20), (20, 19), (19, 14), (14, 12)], 2: [(1, 21), (21, 17), (17, 15), (15, 9), (9, 7), (7, 6), (6, 5), (5, 11)], 4: [(1, 13), (13, 16), (16, 3), (3, 8), (8, 4), (4, 18)]}, padri: [4], figli: [6], mosse: [(2, 4, 6, 5, 2)]
6 -> costo: 72698.70000000001, rotte: {3: [(1, 20), (20, 19), (19, 14), (14, 12)], 2: [(1, 21), (21, 17), (17, 15), (15, 9), (9, 7), (7, 6), (6, 5), (5, 11)], 4: [(1, 13), (13, 16), (16, 3), (3, 8), (8, 4), (4, 10), (10, 18)]}, padri: [5], figli: [7], mosse: [(4, 3, 4, 10, 7)]
7 -> costo: 70099.2, rotte: {3: [(1, 20), (20, 19), (19, 14), (14, 12)], 2: [(1, 21), (21, 17), (17, 15), (15, 9), (9, 7), (7, 6), (6, 5), (5, 11)], 4: [(1, 13), (13, 16), (16, 3), (3, 4), (4, 8), (8, 10), (10, 18)]}, padri: [6], figli: [8, 10, 11, 12, 15, 16, 17, 20], mosse: [(4, 4, 4, 8, 5)]
8 -> costo: 68012.0, rotte: {3: [(1, 20), (20, 19), (19, 14), (14, 12)], 2: [(1, 21), (21, 17), (17, 9), (9, 15), (15, 7), (7, 6), (6, 5), (5, 11)], 4: [(1, 13), (13, 16), (16, 3), (3, 4), (4, 8), (8, 10), (10, 18)]}, padri: [7, 10, 12], figli: [9], mosse: [(2, 2, 9, 15, 12), (2, 2, 9, 15, 12), (2, 2, 15, 7, 4)]
9 -> costo: 68007.7, rotte: {3: [(1, 20), (20, 19), (19, 14), (14, 12)], 2: [(1, 21), (21, 17), (17, 9), (9, 15), (15, 7), (7, 6), (6, 5), (5, 11)], 4: [(1, 13), (13, 16), (16, 4), (4, 3), (3, 8), (8, 10), (10, 18)]}, padri: [8, 11, 15], figli: [], mosse: [(4, 4, 4, 3, 12), (2, 2, 9, 15, 12), (2, 2, 15, 7, 4)]
10 -> costo: 68177.5, rotte: {3: [(1, 20), (20, 19), (19, 14), (14, 12)], 2: [(1, 21), (21, 17), (17, 9), (9, 7), (7, 6), (6, 5), (5, 11), (11, 15)], 4: [(1, 13), (13, 16), (16, 3), (3, 4), (4, 8), (8, 10), (10, 18)]}, padri: [7, 12, 16, 16, 16, 19], figli: [8, 11], mosse: [(2, 2, 11, 15, 12), (2, 2, 11, 15, 12), (2, 2, 5, 11, 8), (2, 2, 11, 15, 12), (2, 2, 15, 11), (2, 2, 9, 7, 4)]
11 -> costo: 68173.20000000001, rotte: {3: [(1, 20), (20, 19), (19, 14), (14, 12)], 2: [(1, 21), (21, 17), (17, 9), (9, 7), (7, 6), (6, 5), (5, 11), (11, 15)], 4: [(1, 13), (13, 16), (16, 4), (4, 3), (3, 8), (8, 10), (10, 18)]}, padri: [10, 15, 20], figli: [9], mosse: [(4, 4, 4, 3, 12), (2, 2, 11, 15, 12), (2, 2, 9, 7, 4)]
12 -> costo: 68274.9, rotte: {3: [(1, 20), (20, 19), (19, 14), (14, 12)], 2: [(1, 21), (21, 17), (17, 9), (9, 7), (7, 15), (15, 6), (6, 5), (5, 11)], 4: [(1, 13), (13, 16), (16, 3), (3, 4), (4, 8), (8, 10), (10, 18)]}, padri: [7], figli: [13, 8, 10, 15, 17, 20], mosse: [(2, 2, 7, 15, 12)]
13 -> costo: 67461.29999999999, rotte: {3: [(1, 20), (20, 19), (19, 14), (14, 12)], 2: [(1, 21), (21, 17), (17, 9), (9, 7), (7, 15), (15, 11), (11, 6), (6, 5)], 4: [(1, 13), (13, 16), (16, 3), (3, 4), (4, 8), (8, 10), (10, 18)]}, padri: [12], figli: [14], mosse: [(2, 2, 15, 11, 8)]
14 -> costo: 67457.0, rotte: {3: [(1, 20), (20, 19), (19, 14), (14, 12)], 2: [(1, 21), (21, 17), (17, 9), (9, 7), (7, 15), (15, 11), (11, 6), (6, 5)], 4: [(1, 13), (13, 16), (16, 4), (4, 3), (3, 8), (8, 10), (10, 18)]}, padri: [13, 15], figli: [], mosse: [(4, 4, 4, 3, 12), (2, 2, 15, 11, 8)]
15 -> costo: 68270.6, rotte: {3: [(1, 20), (20, 19), (19, 14), (14, 12)], 2: [(1, 21), (21, 17), (17, 9), (9, 7), (7, 15), (15, 6), (6, 5), (5, 11)], 4: [(1, 13), (13, 16), (16, 4), (4, 3), (3, 8), (8, 10), (10, 18)]}, padri: [12], figli: [14, 9, 11], mosse: [(4, 4, 4, 3, 12)]
16 -> costo: 69216.5, rotte: {3: [(1, 20), (20, 19), (19, 14), (14, 12)], 2: [(1, 21), (21, 17), (17, 9), (9, 7), (7, 6), (6, 5), (5, 15), (15, 11)], 4: [(1, 13), (13, 16), (16, 3), (3, 4), (4, 8), (8, 10), (10, 18)]}, padri: [7], figli: [10, 10, 10, 17, 17, 17, 20, 20, 20], mosse: [(2, 2, 5, 15, 12)]
17 -> costo: 68789.99999999999, rotte: {3: [(1, 20), (20, 19), (19, 14), (14, 12)], 2: [(1, 21), (21, 17), (17, 9), (9, 6), (6, 5), (5, 7), (7, 15), (15, 11)], 4: [(1, 13), (13, 16), (16, 3), (3, 4), (4, 8), (8, 10), (10, 18)]}, padri: [16], figli: [18, 22], mosse: [(2, 2, 5, 7, 4)]
18 -> costo: 68707.99999999999, rotte: {3: [(1, 20), (20, 19), (19, 14), (14, 12)], 2: [(1, 21), (21, 17), (17, 9), (9, 6), (6, 5), (5, 11), (11, 7), (7, 15)], 4: [(1, 13), (13, 16), (16, 3), (3, 4), (4, 8), (8, 10), (10, 18)]}, padri: [17], figli: [19, 19, 19, 21, 21, 21], mosse: [(2, 2, 5, 11, 8)]
19 -> costo: 68465.0, rotte: {3: [(1, 20), (20, 19), (19, 14), (14, 12)], 2: [(1, 21), (21, 17), (17, 9), (9, 6), (6, 5), (5, 11), (11, 15), (15, 7)], 4: [(1, 13), (13, 16), (16, 3), (3, 4), (4, 8), (8, 10), (10, 18)]}, padri: [18, 18, 18], figli: [10, 20], mosse: [(2, 2, 7, 15), (2, 2, 11, 15, 12), (2, 2, 15, 7, 4)]
20 -> costo: 68460.7, rotte: {3: [(1, 20), (20, 19), (19, 14), (14, 12)], 2: [(1, 21), (21, 17), (17, 9), (9, 6), (6, 5), (5, 11), (11, 15), (15, 7)], 4: [(1, 13), (13, 16), (16, 4), (4, 3), (3, 8), (8, 10), (10, 18)]}, padri: [19, 21, 21, 21], figli: [11], mosse: [(4, 4, 4, 3, 12), (2, 2, 7, 15), (2, 2, 11, 15, 12), (2, 2, 15, 7, 4)]
21 -> costo: 68703.7, rotte: {3: [(1, 20), (20, 19), (19, 14), (14, 12)], 2: [(1, 21), (21, 17), (17, 9), (9, 6), (6, 5), (5, 11), (11, 7), (7, 15)], 4: [(1, 13), (13, 16), (16, 4), (4, 3), (3, 8), (8, 10), (10, 18)]}, padri: [18, 22], figli: [20, 20, 20], mosse: [(4, 4, 4, 3, 12), (2, 2, 5, 11, 8)]
22 -> costo: 68785.7, rotte: {3: [(1, 20), (20, 19), (19, 14), (14, 12)], 2: [(1, 21), (21, 17), (17, 9), (9, 6), (6, 5), (5, 7), (7, 15), (15, 11)], 4: [(1, 13), (13, 16), (16, 4), (4, 3), (3, 8), (8, 10), (10, 18)]}, padri: [17], figli: [21], mosse: [(4, 4, 4, 3, 12)]
bestSolutionIndice: 14
14 -> costo: 67457.0, rotte: {3: [(1, 20), (20, 19), (19, 14), (14, 12)], 2: [(1, 21), (21, 17), (17, 9), (9, 7), (7, 15), (15, 11), (11, 6), (6, 5)], 4: [(1, 13), (13, 16), (16, 4), (4, 3), (3, 8), (8, 10), (10, 18)]}, padri: [13, 15], figli: [], mosse: [(4, 4, 4, 3, 12), (2, 2, 15, 11, 8)]
trasportoPalletDiGamma: {3: [(20, 17), (19, 16), (14, 11), (12, 9)], 2: [(21, 18), (17, 14), (9, 6), (7, 4), (15, 12), (11, 8), (6, 3), (5, 2)], 4: [(13, 10), (16, 13), (4, 1), (3, 12), (8, 5), (10, 7), (18, 15)]}
itMosseLS: 40, itMosseTS: 30
time elapsed: 1019.77s.


##########################################################################################
s: 1
dictSolutions[1]:
0 -> costo: 116620.1, rotte: {2: [(1, 4), (4, 6), (6, 8), (8, 7), (7, 10), (10, 9), (9, 21)], 4: [(1, 5), (5, 3), (3, 18), (18, 16), (16, 11), (11, 12), (12, 17)], 3: [(1, 19), (19, 20), (20, 15), (15, 14), (14, 13), (13, 17)]}, padri: [-1], figli: [1], mosse: [-1]
1 -> costo: 83341.7, rotte: {2: [(1, 4), (4, 6), (6, 8), (8, 7), (7, 10), (10, 9), (9, 21)], 4: [(1, 5), (5, 3), (3, 18), (18, 17), (17, 16), (16, 11), (11, 12)], 3: [(1, 19), (19, 20), (20, 15), (15, 14), (14, 13), (13, 17)]}, padri: [0], figli: [2], mosse: [(4, 4, 18, 17, 10)]
2 -> costo: 78140.9, rotte: {2: [(1, 19), (19, 4), (4, 6), (6, 8), (8, 7), (7, 10), (10, 9), (9, 21)], 4: [(1, 5), (5, 3), (3, 18), (18, 17), (17, 16), (16, 11), (11, 12)], 3: [(1, 20), (20, 15), (15, 14), (14, 13), (13, 17)]}, padri: [1], figli: [3], mosse: [(2, 3, 1, 19, 16)]
3 -> costo: 75996.8, rotte: {2: [(1, 21), (21, 19), (19, 4), (4, 6), (6, 8), (8, 7), (7, 10), (10, 9)], 4: [(1, 5), (5, 3), (3, 18), (18, 17), (17, 16), (16, 11), (11, 12)], 3: [(1, 20), (20, 15), (15, 14), (14, 13), (13, 17)]}, padri: [2], figli: [4], mosse: [(2, 2, 1, 21, 18)]
4 -> costo: 75310.1, rotte: {2: [(1, 21), (21, 19), (19, 6), (6, 4), (4, 8), (8, 7), (7, 10), (10, 9)], 4: [(1, 5), (5, 3), (3, 18), (18, 17), (17, 16), (16, 11), (11, 12)], 3: [(1, 20), (20, 15), (15, 14), (14, 13), (13, 17)]}, padri: [3], figli: [5], mosse: [(2, 2, 6, 4, 1)]
5 -> costo: 74761.7, rotte: {2: [(1, 21), (21, 19), (19, 6), (6, 4), (4, 7), (7, 8), (8, 10), (10, 9)], 4: [(1, 5), (5, 3), (3, 18), (18, 17), (17, 16), (16, 11), (11, 12)], 3: [(1, 20), (20, 15), (15, 14), (14, 13), (13, 17)]}, padri: [4], figli: [6], mosse: [(2, 2, 7, 8, 5)]
6 -> costo: 74390.09999999999, rotte: {2: [(1, 21), (21, 19), (19, 6), (6, 4), (4, 7), (7, 8), (8, 10), (10, 9)], 4: [(1, 5), (5, 3), (3, 18), (18, 16), (16, 11), (11, 12)], 3: [(1, 20), (20, 15), (15, 14), (14, 13), (13, 17)]}, padri: [5], figli: [7], mosse: [(3, 4, 1, 17, 10)]
7 -> costo: 74354.09999999999, rotte: {2: [(1, 21), (21, 19), (19, 6), (6, 4), (4, 7), (7, 8), (8, 10), (10, 9)], 4: [(1, 5), (5, 3), (3, 18), (18, 16), (16, 11), (11, 12)], 3: [(1, 20), (20, 17), (17, 15), (15, 14), (14, 13)]}, padri: [6], figli: [8], mosse: [(3, 3, 20, 17, 14)]
8 -> costo: 72089.4, rotte: {2: [(1, 21), (21, 19), (19, 6), (6, 4), (4, 7), (7, 8), (8, 10), (10, 9)], 4: [(1, 5), (5, 3), (3, 18), (18, 16), (16, 11), (11, 12)], 3: [(1, 20), (20, 17), (17, 13), (13, 15), (15, 14)]}, padri: [7], figli: [9], mosse: [(3, 3, 17, 13, 10)]
9 -> costo: 72059.8, rotte: {2: [(1, 21), (21, 19), (19, 6), (6, 5), (5, 4), (4, 7), (7, 8), (8, 10), (10, 9)], 4: [(1, 3), (3, 18), (18, 16), (16, 11), (11, 12)], 3: [(1, 20), (20, 17), (17, 13), (13, 15), (15, 14)]}, padri: [8], figli: [10, 13, 14, 16, 17, 19], mosse: [(2, 4, 6, 5, 2)]
10 -> costo: 67778.1, rotte: {2: [(1, 21), (21, 19), (19, 6), (6, 5), (5, 4), (4, 7), (7, 8), (8, 10), (10, 9)], 4: [(1, 18), (18, 16), (16, 3), (3, 11), (11, 12)], 3: [(1, 20), (20, 17), (17, 13), (13, 15), (15, 14)]}, padri: [9, 13, 16], figli: [11, 11, 11, 15, 15, 15], mosse: [(4, 4, 16, 3, 12), (4, 4, 3, 11, 8), (4, 4, 16, 3, 12)]
11 -> costo: 67759.0, rotte: {2: [(1, 21), (21, 19), (19, 6), (6, 5), (5, 4), (4, 7), (7, 8), (8, 9), (9, 10)], 4: [(1, 18), (18, 16), (16, 3), (3, 11), (11, 12)], 3: [(1, 20), (20, 17), (17, 13), (13, 15), (15, 14)]}, padri: [10, 10, 10, 14, 17, 19], figli: [12], mosse: [(2, 2, 8, 9, 6), (2, 2, 9, 10, 7), (2, 2, 10, 9), (4, 4, 3, 11, 8), (4, 4, 16, 3, 12), (4, 4, 16, 3, 12)]
12 -> costo: 67678.9, rotte: {2: [(1, 21), (21, 10), (10, 19), (19, 6), (6, 5), (5, 4), (4, 7), (7, 8), (8, 9)], 4: [(1, 18), (18, 16), (16, 3), (3, 11), (11, 12)], 3: [(1, 20), (20, 17), (17, 13), (13, 15), (15, 14)]}, padri: [11, 15, 18, 20], figli: [], mosse: [(2, 2, 21, 10, 7), (4, 4, 3, 11, 8), (4, 4, 16, 3, 12), (4, 4, 16, 3, 12)]
13 -> costo: 69124.79999999999, rotte: {2: [(1, 21), (21, 19), (19, 6), (6, 5), (5, 4), (4, 7), (7, 8), (8, 10), (10, 9)], 4: [(1, 18), (18, 16), (16, 11), (11, 3), (3, 12)], 3: [(1, 20), (20, 17), (17, 13), (13, 15), (15, 14)]}, padri: [9, 16], figli: [10, 14, 14, 14, 18, 18, 18], mosse: [(4, 4, 11, 3, 12), (4, 4, 11, 3, 12)]
14 -> costo: 69105.7, rotte: {2: [(1, 21), (21, 19), (19, 6), (6, 5), (5, 4), (4, 7), (7, 8), (8, 9), (9, 10)], 4: [(1, 18), (18, 16), (16, 11), (11, 3), (3, 12)], 3: [(1, 20), (20, 17), (17, 13), (13, 15), (15, 14)]}, padri: [13, 13, 13, 17, 19], figli: [11, 15], mosse: [(2, 2, 8, 9, 6), (2, 2, 9, 10, 7), (2, 2, 10, 9), (4, 4, 11, 3, 12), (4, 4, 11, 3, 12)]
15 -> costo: 69025.59999999999, rotte: {2: [(1, 21), (21, 10), (10, 19), (19, 6), (6, 5), (5, 4), (4, 7), (7, 8), (8, 9)], 4: [(1, 18), (18, 16), (16, 11), (11, 3), (3, 12)], 3: [(1, 20), (20, 17), (17, 13), (13, 15), (15, 14)]}, padri: [14, 18, 20], figli: [12], mosse: [(2, 2, 21, 10, 7), (4, 4, 11, 3, 12), (4, 4, 11, 3, 12)]
16 -> costo: 69526.5, rotte: {2: [(1, 21), (21, 19), (19, 6), (6, 5), (5, 4), (4, 7), (7, 8), (8, 10), (10, 9)], 4: [(1, 18), (18, 3), (3, 16), (16, 11), (11, 12)], 3: [(1, 20), (20, 17), (17, 13), (13, 15), (15, 14)]}, padri: [9], figli: [10, 13, 17, 17, 17, 20, 20, 20], mosse: [(4, 4, 18, 3, 12)]
17 -> costo: 69507.40000000001, rotte: {2: [(1, 21), (21, 19), (19, 6), (6, 5), (5, 4), (4, 7), (7, 8), (8, 9), (9, 10)], 4: [(1, 18), (18, 3), (3, 16), (16, 11), (11, 12)], 3: [(1, 20), (20, 17), (17, 13), (13, 15), (15, 14)]}, padri: [16, 16, 16, 19], figli: [11, 14, 18], mosse: [(2, 2, 8, 9, 6), (2, 2, 9, 10, 7), (2, 2, 10, 9), (4, 4, 18, 3, 12)]
18 -> costo: 69427.3, rotte: {2: [(1, 21), (21, 10), (10, 19), (19, 6), (6, 5), (5, 4), (4, 7), (7, 8), (8, 9)], 4: [(1, 18), (18, 3), (3, 16), (16, 11), (11, 12)], 3: [(1, 20), (20, 17), (17, 13), (13, 15), (15, 14)]}, padri: [17, 20], figli: [12, 15], mosse: [(2, 2, 21, 10, 7), (4, 4, 18, 3, 12)]
19 -> costo: 72040.7, rotte: {2: [(1, 21), (21, 19), (19, 6), (6, 5), (5, 4), (4, 7), (7, 8), (8, 9), (9, 10)], 4: [(1, 3), (3, 18), (18, 16), (16, 11), (11, 12)], 3: [(1, 20), (20, 17), (17, 13), (13, 15), (15, 14)]}, padri: [9], figli: [11, 14, 17, 20], mosse: [(2, 2, 8, 9, 6)]
20 -> costo: 71960.59999999999, rotte: {2: [(1, 21), (21, 10), (10, 19), (19, 6), (6, 5), (5, 4), (4, 7), (7, 8), (8, 9)], 4: [(1, 3), (3, 18), (18, 16), (16, 11), (11, 12)], 3: [(1, 20), (20, 17), (17, 13), (13, 15), (15, 14)]}, padri: [19], figli: [12, 15, 18], mosse: [(2, 2, 21, 10, 7)]
bestSolutionIndice: 12
12 -> costo: 67678.9, rotte: {2: [(1, 21), (21, 10), (10, 19), (19, 6), (6, 5), (5, 4), (4, 7), (7, 8), (8, 9)], 4: [(1, 18), (18, 16), (16, 3), (3, 11), (11, 12)], 3: [(1, 20), (20, 17), (17, 13), (13, 15), (15, 14)]}, padri: [11, 15, 18, 20], figli: [], mosse: [(2, 2, 21, 10, 7), (4, 4, 3, 11, 8), (4, 4, 16, 3, 12), (4, 4, 16, 3, 12)]
trasportoPalletDiGamma: {2: [(21, 18), (10, 7), (19, 16), (6, 3), (5, 2), (4, 1), (7, 4), (8, 5), (9, 6)], 4: [(18, 15), (16, 13), (3, 12), (11, 8), (12, 9)], 3: [(20, 17), (17, 14), (13, 10), (15, 12), (14, 11)]}
itMosseLS: 41, itMosseTS: 30
time elapsed: 1255.19s.


##########################################################################################
s: 1
dictSolutions[1]:
0 -> costo: 120875.9, rotte: {4: [(1, 6), (6, 16), (16, 21), (21, 12), (12, 19), (19, 4), (4, 11)], 2: [(1, 9), (9, 18), (18, 10), (10, 3), (3, 8), (8, 13)], 3: [(1, 14), (14, 5), (5, 17), (17, 7), (7, 15), (15, 20)]}, padri: [-1], figli: [1], mosse: [-1]
1 -> costo: 89571.09999999998, rotte: {4: [(1, 6), (6, 16), (16, 21), (21, 19), (19, 4), (4, 11), (11, 12)], 2: [(1, 9), (9, 18), (18, 10), (10, 3), (3, 8), (8, 13)], 3: [(1, 14), (14, 5), (5, 17), (17, 7), (7, 15), (15, 20)]}, padri: [0], figli: [2], mosse: [(4, 4, 11, 12, 9)]
2 -> costo: 83388.19999999998, rotte: {4: [(1, 6), (6, 16), (16, 21), (21, 19), (19, 4), (4, 11), (11, 12)], 2: [(1, 9), (9, 18), (18, 10), (10, 3), (3, 8), (8, 13)], 3: [(1, 14), (14, 5), (5, 7), (7, 15), (15, 20), (20, 17)]}, padri: [1], figli: [3], mosse: [(3, 3, 20, 17, 14)]
3 -> costo: 78641.99999999999, rotte: {4: [(1, 6), (6, 16), (16, 21), (21, 19), (19, 4), (4, 11), (11, 12)], 2: [(1, 18), (18, 10), (10, 3), (3, 8), (8, 9), (9, 13)], 3: [(1, 14), (14, 5), (5, 7), (7, 15), (15, 20), (20, 17)]}, padri: [2], figli: [4], mosse: [(2, 2, 8, 9, 6)]
4 -> costo: 74641.49999999999, rotte: {4: [(1, 16), (16, 21), (21, 19), (19, 4), (4, 11), (11, 12)], 2: [(1, 18), (18, 10), (10, 6), (6, 3), (3, 8), (8, 9), (9, 13)], 3: [(1, 14), (14, 5), (5, 7), (7, 15), (15, 20), (20, 17)]}, padri: [3], figli: [5], mosse: [(2, 4, 10, 6, 3)]
5 -> costo: 71637.29999999999, rotte: {4: [(1, 21), (21, 16), (16, 19), (19, 4), (4, 11), (11, 12)], 2: [(1, 18), (18, 10), (10, 6), (6, 3), (3, 8), (8, 9), (9, 13)], 3: [(1, 14), (14, 5), (5, 7), (7, 15), (15, 20), (20, 17)]}, padri: [4], figli: [6], mosse: [(4, 4, 21, 16, 13)]
6 -> costo: 70508.29999999999, rotte: {4: [(1, 21), (21, 16), (16, 19), (19, 4), (4, 11), (11, 12)], 2: [(1, 18), (18, 10), (10, 6), (6, 3), (3, 8), (8, 9), (9, 13)], 3: [(1, 5), (5, 14), (14, 7), (7, 15), (15, 20), (20, 17)]}, padri: [5], figli: [7], mosse: [(3, 3, 5, 14, 11)]
7 -> costo: 69551.29999999997, rotte: {4: [(1, 21), (21, 16), (16, 19), (19, 4), (4, 11), (11, 12)], 2: [(1, 18), (18, 10), (10, 6), (6, 3), (3, 8), (8, 9), (9, 13)], 3: [(1, 5), (5, 14), (14, 15), (15, 7), (7, 20), (20, 17)]}, padri: [6], figli: [8], mosse: [(3, 3, 15, 7, 4)]
8 -> costo: 69153.99999999999, rotte: {4: [(1, 21), (21, 16), (16, 19), (19, 4), (4, 11), (11, 12)], 2: [(1, 18), (18, 10), (10, 6), (6, 3), (3, 5), (5, 8), (8, 9), (9, 13)], 3: [(1, 14), (14, 15), (15, 7), (7, 20), (20, 17)]}, padri: [7], figli: [9], mosse: [(2, 3, 3, 5, 2)]
9 -> costo: 68996.79999999999, rotte: {4: [(1, 21), (21, 16), (16, 19), (19, 4), (4, 11), (11, 12)], 2: [(1, 10), (10, 6), (6, 3), (3, 5), (5, 8), (8, 9), (9, 13), (13, 18)], 3: [(1, 14), (14, 15), (15, 7), (7, 20), (20, 17)]}, padri: [8], figli: [10, 12], mosse: [(2, 2, 13, 18, 15)]
10 -> costo: 68555.29999999999, rotte: {4: [(1, 21), (21, 16), (16, 19), (19, 4), (4, 11), (11, 12)], 2: [(1, 6), (6, 3), (3, 5), (5, 8), (8, 9), (9, 13), (13, 10), (10, 18)], 3: [(1, 14), (14, 15), (15, 7), (7, 20), (20, 17)]}, padri: [9, 12], figli: [11], mosse: [(2, 2, 13, 10, 7), (2, 3, 13, 10, 7)]
11 -> costo: 68415.29999999999, rotte: {4: [(1, 21), (21, 16), (16, 19), (19, 4), (4, 11), (11, 12)], 2: [(1, 6), (6, 3), (3, 5), (5, 8), (8, 9), (9, 13), (13, 10), (10, 18)], 3: [(1, 15), (15, 14), (14, 7), (7, 20), (20, 17)]}, padri: [10, 13], figli: [], mosse: [(3, 3, 15, 14, 11), (2, 3, 13, 10, 7)]
12 -> costo: 68579.9, rotte: {4: [(1, 21), (21, 16), (16, 19), (19, 4), (4, 11), (11, 12)], 2: [(1, 6), (6, 3), (3, 5), (5, 8), (8, 9), (9, 13), (13, 18)], 3: [(1, 10), (10, 14), (14, 15), (15, 7), (7, 20), (20, 17)]}, padri: [9], figli: [13, 10], mosse: [(3, 2, 1, 10, 7)]
13 -> costo: 68439.9, rotte: {4: [(1, 21), (21, 16), (16, 19), (19, 4), (4, 11), (11, 12)], 2: [(1, 6), (6, 3), (3, 5), (5, 8), (8, 9), (9, 13), (13, 18)], 3: [(1, 10), (10, 15), (15, 14), (14, 7), (7, 20), (20, 17)]}, padri: [12], figli: [11], mosse: [(3, 3, 15, 14, 11)]
bestSolutionIndice: 11
11 -> costo: 68415.29999999999, rotte: {4: [(1, 21), (21, 16), (16, 19), (19, 4), (4, 11), (11, 12)], 2: [(1, 6), (6, 3), (3, 5), (5, 8), (8, 9), (9, 13), (13, 10), (10, 18)], 3: [(1, 15), (15, 14), (14, 7), (7, 20), (20, 17)]}, padri: [10, 13], figli: [], mosse: [(3, 3, 15, 14, 11), (2, 3, 13, 10, 7)]
trasportoPalletDiGamma: {4: [(21, 18), (16, 13), (19, 16), (4, 1), (11, 8), (12, 9)], 2: [(6, 3), (3, 12), (5, 2), (8, 5), (9, 6), (13, 10), (10, 7), (18, 15)], 3: [(15, 12), (14, 11), (7, 4), (20, 17), (17, 14)]}
itMosseLS: 15, itMosseTS: 6
time elapsed: 250.33s.


##########################################################################################
##########################################################################################
##########################################################################################
##########################################################################################
##########################################################################################
##########################################################################################
