itNSIMax: 3, itMosseTSMax: 150.
##########################################################################################
s: 1, itNSI: 1.
soluzione iniziale: 0
0 -> 
costo: 144738.59999999998, 
rotte: {2: [(1, 5), (5, 20), (20, 21), (21, 12), (12, 9), (9, 14), (14, 19)], 4: [(1, 2), (2, 15), (15, 4), (4, 10), (10, 16), (16, 11), (11, 8)], 3: [(1, 17), (17, 18), (18, 7), (7, 3), (3, 6), (6, 13), (13, 19)]}
trasportoPalletDiGamma: {2: [(5, 3), (20, 18), (21, 19), (12, 10), (9, 7), (14, 12), (19, 1)], 4: [(2, 12), (15, 13), (4, 2), (10, 8), (16, 14), (11, 9), (8, 6)], 3: [(17, 15), (18, 16), (7, 5), (3, 1), (6, 4), (13, 11), (19, 16)]}
bestSolutionIndice: 14
14 -> 
costo: 89561.70000000001, 
rotte: {2: [(1, 14), (14, 12), (12, 9), (9, 19), (19, 20), (20, 21)], 4: [(1, 4), (4, 2), (2, 5), (5, 16), (16, 8), (8, 15), (15, 10), (10, 11)], 3: [(1, 7), (7, 6), (6, 13), (13, 3), (3, 18), (18, 19), (19, 17)]}
trasportoPalletDiGamma: {2: [(14, 12), (12, 10), (9, 7), (19, 1), (20, 18), (21, 19)], 4: [(4, 2), (2, 12), (5, 3), (16, 14), (8, 6), (15, 13), (10, 8), (11, 9)], 3: [(7, 5), (6, 4), (13, 11), (3, 1), (18, 16), (19, 16), (17, 15)]}
itMosseLS: 146, itMosseTS: 134
numero di soluzioni totali trovati: 74.
time elapsed: 3614.65s.


##########################################################################################
##########################################################################################
##########################################################################################
##########################################################################################
##########################################################################################
Soluzione migliore in assoluto trovata:

s: 1
itNSI: 1, 
costo: 89561.70000000001, 
rotte: {2: [(1, 14), (14, 12), (12, 9), (9, 19), (19, 20), (20, 21)], 4: [(1, 4), (4, 2), (2, 5), (5, 16), (16, 8), (8, 15), (15, 10), (10, 11)], 3: [(1, 7), (7, 6), (6, 13), (13, 3), (3, 18), (18, 19), (19, 17)]}
trasportoPalletDiGamma: {2: [(14, 12), (12, 10), (9, 7), (19, 1), (20, 18), (21, 19)], 4: [(4, 2), (2, 12), (5, 3), (16, 14), (8, 6), (15, 13), (10, 8), (11, 9)], 3: [(7, 5), (6, 4), (13, 11), (3, 1), (18, 16), (19, 16), (17, 15)]}

Total time elapsed: 3615.37s.