itNSIMax: 2, itMosseTSMax: 1000.
##########################################################################################
s: 1
dictSolutions[1]:
0 -> costo: 127390.00000000001, rotte: {4: [(1, 7), (7, 17), (17, 15), (15, 14), (14, 4), (4, 10), (10, 3)], 3: [(1, 13), (13, 6), (6, 18), (18, 16), (16, 11), (11, 8)], 2: [(1, 12), (12, 20), (20, 5), (5, 9), (9, 21), (21, 19)]}, padri: [-1], figli: [1], mosse: [-1]
1 -> costo: 93033.90000000001, rotte: {4: [(1, 7), (7, 17), (17, 15), (15, 14), (14, 4), (4, 10), (10, 3), (3, 12)], 3: [(1, 13), (13, 6), (6, 18), (18, 16), (16, 11), (11, 8)], 2: [(1, 20), (20, 5), (5, 9), (9, 21), (21, 19)]}, padri: [0], figli: [2], mosse: [(4, 2, 3, 12, 9)]
2 -> costo: 87189.3, rotte: {4: [(1, 17), (17, 15), (15, 14), (14, 4), (4, 10), (10, 3), (3, 12)], 3: [(1, 13), (13, 6), (6, 18), (18, 16), (16, 11), (11, 7), (7, 8)], 2: [(1, 20), (20, 5), (5, 9), (9, 21), (21, 19)]}, padri: [1], figli: [3], mosse: [(3, 4, 11, 7, 4)]
3 -> costo: 83785.3, rotte: {4: [(1, 17), (17, 15), (15, 14), (14, 4), (4, 10), (10, 3), (3, 12)], 3: [(1, 13), (13, 6), (6, 18), (18, 16), (16, 11), (11, 7), (7, 8)], 2: [(1, 20), (20, 9), (9, 21), (21, 19), (19, 5)]}, padri: [2], figli: [4], mosse: [(2, 2, 19, 5, 2)]
4 -> costo: 80517.5, rotte: {4: [(1, 17), (17, 15), (15, 14), (14, 4), (4, 10), (10, 3), (3, 12)], 3: [(1, 13), (13, 6), (6, 18), (18, 16), (16, 11), (11, 7), (7, 8)], 2: [(1, 20), (20, 21), (21, 9), (9, 19), (19, 5)]}, padri: [3], figli: [5], mosse: [(2, 2, 21, 9, 6)]
5 -> costo: 77600.70000000001, rotte: {4: [(1, 17), (17, 15), (15, 14), (14, 4), (4, 10), (10, 3), (3, 12)], 3: [(1, 13), (13, 6), (6, 16), (16, 11), (11, 7), (7, 8), (8, 18)], 2: [(1, 20), (20, 21), (21, 9), (9, 19), (19, 5)]}, padri: [4], figli: [6], mosse: [(3, 3, 8, 18, 15)]
6 -> costo: 74561.90000000001, rotte: {4: [(1, 17), (17, 15), (15, 14), (14, 4), (4, 10), (10, 3), (3, 12)], 3: [(1, 13), (13, 16), (16, 11), (11, 6), (6, 7), (7, 8), (8, 18)], 2: [(1, 20), (20, 21), (21, 9), (9, 19), (19, 5)]}, padri: [5], figli: [7], mosse: [(3, 3, 11, 6, 3)]
7 -> costo: 73722.3, rotte: {4: [(1, 17), (17, 15), (15, 14), (14, 4), (4, 3), (3, 10), (10, 12)], 3: [(1, 13), (13, 16), (16, 11), (11, 6), (6, 7), (7, 8), (8, 18)], 2: [(1, 20), (20, 21), (21, 9), (9, 19), (19, 5)]}, padri: [6], figli: [8], mosse: [(4, 4, 3, 10, 7)]
8 -> costo: 73244.2, rotte: {4: [(1, 17), (17, 15), (15, 14), (14, 4), (4, 3), (3, 10), (10, 12)], 3: [(1, 16), (16, 11), (11, 6), (6, 7), (7, 8), (8, 18)], 2: [(1, 20), (20, 21), (21, 13), (13, 9), (9, 19), (19, 5)]}, padri: [7], figli: [9], mosse: [(2, 3, 21, 13, 10)]
9 -> costo: 69010.00000000001, rotte: {4: [(1, 15), (15, 14), (14, 4), (4, 3), (3, 10), (10, 12)], 3: [(1, 16), (16, 11), (11, 6), (6, 7), (7, 8), (8, 17), (17, 18)], 2: [(1, 20), (20, 21), (21, 13), (13, 9), (9, 19), (19, 5)]}, padri: [8], figli: [10], mosse: [(3, 4, 8, 17, 14)]
10 -> costo: 68692.20000000001, rotte: {4: [(1, 15), (15, 14), (14, 4), (4, 3), (3, 10), (10, 12)], 3: [(1, 16), (16, 11), (11, 6), (6, 7), (7, 8), (8, 17), (17, 18)], 2: [(1, 21), (21, 20), (20, 13), (13, 9), (9, 19), (19, 5)]}, padri: [9], figli: [11], mosse: [(2, 2, 21, 20, 17)]
11 -> costo: 68392.8, rotte: {4: [(1, 16), (16, 15), (15, 14), (14, 4), (4, 3), (3, 10), (10, 12)], 3: [(1, 11), (11, 6), (6, 7), (7, 8), (8, 17), (17, 18)], 2: [(1, 21), (21, 20), (20, 13), (13, 9), (9, 19), (19, 5)]}, padri: [10], figli: [12], mosse: [(4, 3, 1, 16, 13)]
12 -> costo: 67171.5, rotte: {4: [(1, 16), (16, 15), (15, 14), (14, 4), (4, 3), (3, 10), (10, 12)], 3: [(1, 6), (6, 11), (11, 7), (7, 8), (8, 17), (17, 18)], 2: [(1, 21), (21, 20), (20, 13), (13, 9), (9, 19), (19, 5)]}, padri: [11], figli: [13], mosse: [(3, 3, 6, 11, 8)]
13 -> costo: 66091.6, rotte: {4: [(1, 16), (16, 15), (15, 14), (14, 4), (4, 3), (3, 6), (6, 10), (10, 12)], 3: [(1, 11), (11, 7), (7, 8), (8, 17), (17, 18)], 2: [(1, 21), (21, 20), (20, 13), (13, 9), (9, 19), (19, 5)]}, padri: [12], figli: [14], mosse: [(4, 3, 3, 6, 3)]
14 -> costo: 65817.8, rotte: {4: [(1, 16), (16, 15), (15, 4), (4, 3), (3, 6), (6, 10), (10, 14), (14, 12)], 3: [(1, 11), (11, 7), (7, 8), (8, 17), (17, 18)], 2: [(1, 21), (21, 20), (20, 13), (13, 9), (9, 19), (19, 5)]}, padri: [13], figli: [15], mosse: [(4, 4, 10, 14, 11)]
15 -> costo: 65672.2, rotte: {4: [(1, 16), (16, 4), (4, 3), (3, 6), (6, 10), (10, 15), (15, 14), (14, 12)], 3: [(1, 11), (11, 7), (7, 8), (8, 17), (17, 18)], 2: [(1, 21), (21, 20), (20, 13), (13, 9), (9, 19), (19, 5)]}, padri: [14], figli: [16, 19, 23], mosse: [(4, 4, 10, 15, 12)]
16 -> costo: 64412.10000000001, rotte: {4: [(1, 4), (4, 3), (3, 6), (6, 10), (10, 15), (15, 14), (14, 12)], 3: [(1, 16), (16, 11), (11, 7), (7, 8), (8, 17), (17, 18)], 2: [(1, 21), (21, 20), (20, 13), (13, 9), (9, 19), (19, 5)]}, padri: [15], figli: [17], mosse: [(3, 4, 1, 16, 13)]
17 -> costo: 64021.500000000015, rotte: {4: [(1, 3), (3, 6), (6, 4), (4, 10), (10, 15), (15, 14), (14, 12)], 3: [(1, 16), (16, 11), (11, 7), (7, 8), (8, 17), (17, 18)], 2: [(1, 21), (21, 20), (20, 13), (13, 9), (9, 19), (19, 5)]}, padri: [16], figli: [18], mosse: [(4, 4, 6, 4, 1)]
18 -> costo: 63942.30000000002, rotte: {4: [(1, 6), (6, 3), (3, 4), (4, 10), (10, 15), (15, 14), (14, 12)], 3: [(1, 16), (16, 11), (11, 7), (7, 8), (8, 17), (17, 18)], 2: [(1, 21), (21, 20), (20, 13), (13, 9), (9, 19), (19, 5)]}, padri: [17], figli: [], mosse: [(4, 4, 6, 3, 12)]
19 -> costo: 64670.30000000001, rotte: {4: [(1, 4), (4, 3), (3, 6), (6, 10), (10, 16), (16, 15), (15, 14), (14, 12)], 3: [(1, 11), (11, 7), (7, 8), (8, 17), (17, 18)], 2: [(1, 21), (21, 20), (20, 13), (13, 9), (9, 19), (19, 5)]}, padri: [15], figli: [20, 22], mosse: [(4, 4, 10, 16, 13)]
20 -> costo: 64279.70000000001, rotte: {4: [(1, 3), (3, 6), (6, 4), (4, 10), (10, 16), (16, 15), (15, 14), (14, 12)], 3: [(1, 11), (11, 7), (7, 8), (8, 17), (17, 18)], 2: [(1, 21), (21, 20), (20, 13), (13, 9), (9, 19), (19, 5)]}, padri: [19, 22], figli: [21], mosse: [(4, 4, 6, 4, 1), (4, 3, 6, 4, 1)]
21 -> costo: 64200.50000000001, rotte: {4: [(1, 6), (6, 3), (3, 4), (4, 10), (10, 16), (16, 15), (15, 14), (14, 12)], 3: [(1, 11), (11, 7), (7, 8), (8, 17), (17, 18)], 2: [(1, 21), (21, 20), (20, 13), (13, 9), (9, 19), (19, 5)]}, padri: [20], figli: [], mosse: [(4, 4, 6, 3, 12)]
22 -> costo: 64394.00000000001, rotte: {4: [(1, 3), (3, 6), (6, 10), (10, 16), (16, 15), (15, 14), (14, 12)], 3: [(1, 4), (4, 11), (11, 7), (7, 8), (8, 17), (17, 18)], 2: [(1, 21), (21, 20), (20, 13), (13, 9), (9, 19), (19, 5)]}, padri: [19], figli: [20], mosse: [(3, 4, 1, 4, 1)]
23 -> costo: 65362.0, rotte: {4: [(1, 4), (4, 3), (3, 6), (6, 10), (10, 15), (15, 14), (14, 12)], 3: [(1, 11), (11, 7), (7, 8), (8, 16), (16, 17), (17, 18)], 2: [(1, 21), (21, 20), (20, 13), (13, 9), (9, 19), (19, 5)]}, padri: [15], figli: [24, 56], mosse: [(3, 4, 8, 16, 13)]
24 -> costo: 62044.600000000006, rotte: {4: [(1, 4), (4, 3), (3, 6), (6, 10), (10, 15), (15, 14), (14, 11), (11, 12)], 3: [(1, 7), (7, 8), (8, 16), (16, 17), (17, 18)], 2: [(1, 21), (21, 20), (20, 13), (13, 9), (9, 19), (19, 5)]}, padri: [23], figli: [25, 28, 46, 47, 48, 50, 55], mosse: [(4, 3, 14, 11, 8)]
25 -> costo: 60870.7, rotte: {4: [(1, 4), (4, 3), (3, 6), (6, 10), (10, 7), (7, 15), (15, 14), (14, 11), (11, 12)], 3: [(1, 8), (8, 16), (16, 17), (17, 18)], 2: [(1, 21), (21, 20), (20, 13), (13, 9), (9, 19), (19, 5)]}, padri: [24, 46, 47, 55, 57], figli: [26, 49, 52], mosse: [(4, 3, 10, 7, 4), (4, 4, 10, 7, 4), (4, 4, 10, 7, 4), (4, 4, 7, 15, 12), (4, 4, 14, 11, 8)]
26 -> costo: 60480.1, rotte: {4: [(1, 3), (3, 6), (6, 4), (4, 10), (10, 7), (7, 15), (15, 14), (14, 11), (11, 12)], 3: [(1, 8), (8, 16), (16, 17), (17, 18)], 2: [(1, 21), (21, 20), (20, 13), (13, 9), (9, 19), (19, 5)]}, padri: [25, 48, 50, 51, 54, 58], figli: [27], mosse: [(4, 4, 6, 4, 1), (4, 4, 10, 7, 4), (4, 3, 10, 7, 4), (4, 4, 7, 15, 12), (4, 4, 10, 7, 4), (4, 4, 14, 11, 8)]
27 -> costo: 60400.9, rotte: {4: [(1, 6), (6, 3), (3, 4), (4, 10), (10, 7), (7, 15), (15, 14), (14, 11), (11, 12)], 3: [(1, 8), (8, 16), (16, 17), (17, 18)], 2: [(1, 21), (21, 20), (20, 13), (13, 9), (9, 19), (19, 5)]}, padri: [26, 49, 52, 53, 59], figli: [], mosse: [(4, 4, 6, 3, 12), (4, 4, 10, 7, 4), (4, 4, 7, 15, 12), (4, 3, 10, 7, 4), (4, 4, 14, 11, 8)]
28 -> costo: 61307.600000000006, rotte: {4: [(1, 4), (4, 3), (3, 6), (6, 10), (10, 15), (15, 14), (14, 11), (11, 12)], 3: [(1, 8), (8, 7), (7, 16), (16, 17), (17, 18)], 2: [(1, 21), (21, 20), (20, 13), (13, 9), (9, 19), (19, 5)]}, padri: [24, 46, 60], figli: [29, 45, 73, 78, 83, 88], mosse: [(3, 3, 8, 7, 4), (3, 4, 8, 7, 4), (4, 4, 14, 11, 8)]
29 -> costo: 60917.0, rotte: {4: [(1, 3), (3, 6), (6, 4), (4, 10), (10, 15), (15, 14), (14, 11), (11, 12)], 3: [(1, 8), (8, 7), (7, 16), (16, 17), (17, 18)], 2: [(1, 21), (21, 20), (20, 13), (13, 9), (9, 19), (19, 5)]}, padri: [28, 50, 54, 61], figli: [30, 36, 37, 39, 41, 43, 64, 66, 68, 70], mosse: [(4, 4, 6, 4, 1), (3, 3, 8, 7, 4), (3, 4, 8, 7, 4), (4, 4, 14, 11, 8)]
30 -> costo: 60837.8, rotte: {4: [(1, 6), (6, 3), (3, 4), (4, 10), (10, 15), (15, 14), (14, 11), (11, 12)], 3: [(1, 8), (8, 7), (7, 16), (16, 17), (17, 18)], 2: [(1, 21), (21, 20), (20, 13), (13, 9), (9, 19), (19, 5)]}, padri: [29, 53, 62], figli: [31, 32, 33, 34, 35], mosse: [(4, 4, 6, 3, 12), (3, 3, 8, 7, 4), (4, 4, 14, 11, 8)]
31 -> costo: 60789.200000000004, rotte: {4: [(1, 6), (6, 3), (3, 4), (4, 8), (8, 10), (10, 15), (15, 14), (14, 11), (11, 12)], 3: [(1, 7), (7, 16), (16, 17), (17, 18)], 2: [(1, 21), (21, 20), (20, 13), (13, 9), (9, 19), (19, 5)]}, padri: [30, 36, 63], figli: [], mosse: [(4, 3, 4, 8, 5), (4, 4, 6, 3, 12), (4, 4, 14, 11, 8)]
32 -> costo: 60789.200000000004, rotte: {4: [(1, 6), (6, 3), (3, 4), (4, 8), (8, 10), (10, 15), (15, 14), (14, 11), (11, 12)], 3: [(1, 8), (8, 7), (7, 16), (16, 17), (17, 18)], 2: [(1, 21), (21, 20), (20, 13), (13, 9), (9, 19), (19, 5)]}, padri: [30], figli: [], mosse: [(4, 3, 4, 8, 1)]
33 -> costo: 60789.200000000004, rotte: {4: [(1, 6), (6, 3), (3, 4), (4, 8), (8, 10), (10, 15), (15, 14), (14, 11), (11, 12)], 3: [(1, 8), (8, 7), (7, 16), (16, 17), (17, 18)], 2: [(1, 21), (21, 20), (20, 13), (13, 9), (9, 19), (19, 5)]}, padri: [30], figli: [], mosse: [(4, 3, 4, 8, 2)]
34 -> costo: 60789.200000000004, rotte: {4: [(1, 6), (6, 3), (3, 4), (4, 8), (8, 10), (10, 15), (15, 14), (14, 11), (11, 12)], 3: [(1, 8), (8, 7), (7, 16), (16, 17), (17, 18)], 2: [(1, 21), (21, 20), (20, 13), (13, 9), (9, 19), (19, 5)]}, padri: [30], figli: [], mosse: [(4, 3, 4, 8, 3)]
35 -> costo: 60789.200000000004, rotte: {4: [(1, 6), (6, 3), (3, 4), (4, 8), (8, 10), (10, 15), (15, 14), (14, 11), (11, 12)], 3: [(1, 8), (8, 7), (7, 16), (16, 17), (17, 18)], 2: [(1, 21), (21, 20), (20, 13), (13, 9), (9, 19), (19, 5)]}, padri: [30], figli: [], mosse: [(4, 3, 4, 8, 4)]
36 -> costo: 60868.4, rotte: {4: [(1, 3), (3, 6), (6, 4), (4, 8), (8, 10), (10, 15), (15, 14), (14, 11), (11, 12)], 3: [(1, 7), (7, 16), (16, 17), (17, 18)], 2: [(1, 21), (21, 20), (20, 13), (13, 9), (9, 19), (19, 5)]}, padri: [29, 72], figli: [31], mosse: [(4, 3, 4, 8, 5), (4, 4, 14, 11, 8)]
37 -> costo: 60868.4, rotte: {4: [(1, 3), (3, 6), (6, 4), (4, 8), (8, 10), (10, 15), (15, 14), (14, 11), (11, 12)], 3: [(1, 8), (8, 7), (7, 16), (16, 17), (17, 18)], 2: [(1, 21), (21, 20), (20, 13), (13, 9), (9, 19), (19, 5)]}, padri: [29], figli: [38], mosse: [(4, 3, 4, 8, 1)]
38 -> costo: 60789.200000000004, rotte: {4: [(1, 6), (6, 3), (3, 4), (4, 8), (8, 10), (10, 15), (15, 14), (14, 11), (11, 12)], 3: [(1, 8), (8, 7), (7, 16), (16, 17), (17, 18)], 2: [(1, 21), (21, 20), (20, 13), (13, 9), (9, 19), (19, 5)]}, padri: [37], figli: [], mosse: [(4, 4, 6, 3, 12)]
39 -> costo: 60868.4, rotte: {4: [(1, 3), (3, 6), (6, 4), (4, 8), (8, 10), (10, 15), (15, 14), (14, 11), (11, 12)], 3: [(1, 8), (8, 7), (7, 16), (16, 17), (17, 18)], 2: [(1, 21), (21, 20), (20, 13), (13, 9), (9, 19), (19, 5)]}, padri: [29], figli: [40], mosse: [(4, 3, 4, 8, 2)]
40 -> costo: 60789.200000000004, rotte: {4: [(1, 6), (6, 3), (3, 4), (4, 8), (8, 10), (10, 15), (15, 14), (14, 11), (11, 12)], 3: [(1, 8), (8, 7), (7, 16), (16, 17), (17, 18)], 2: [(1, 21), (21, 20), (20, 13), (13, 9), (9, 19), (19, 5)]}, padri: [39], figli: [], mosse: [(4, 4, 6, 3, 12)]
41 -> costo: 60868.4, rotte: {4: [(1, 3), (3, 6), (6, 4), (4, 8), (8, 10), (10, 15), (15, 14), (14, 11), (11, 12)], 3: [(1, 8), (8, 7), (7, 16), (16, 17), (17, 18)], 2: [(1, 21), (21, 20), (20, 13), (13, 9), (9, 19), (19, 5)]}, padri: [29], figli: [42], mosse: [(4, 3, 4, 8, 3)]
42 -> costo: 60789.200000000004, rotte: {4: [(1, 6), (6, 3), (3, 4), (4, 8), (8, 10), (10, 15), (15, 14), (14, 11), (11, 12)], 3: [(1, 8), (8, 7), (7, 16), (16, 17), (17, 18)], 2: [(1, 21), (21, 20), (20, 13), (13, 9), (9, 19), (19, 5)]}, padri: [41], figli: [], mosse: [(4, 4, 6, 3, 12)]
43 -> costo: 60868.4, rotte: {4: [(1, 3), (3, 6), (6, 4), (4, 8), (8, 10), (10, 15), (15, 14), (14, 11), (11, 12)], 3: [(1, 8), (8, 7), (7, 16), (16, 17), (17, 18)], 2: [(1, 21), (21, 20), (20, 13), (13, 9), (9, 19), (19, 5)]}, padri: [29], figli: [44], mosse: [(4, 3, 4, 8, 4)]
44 -> costo: 60789.200000000004, rotte: {4: [(1, 6), (6, 3), (3, 4), (4, 8), (8, 10), (10, 15), (15, 14), (14, 11), (11, 12)], 3: [(1, 8), (8, 7), (7, 16), (16, 17), (17, 18)], 2: [(1, 21), (21, 20), (20, 13), (13, 9), (9, 19), (19, 5)]}, padri: [43], figli: [], mosse: [(4, 4, 6, 3, 12)]
45 -> costo: 61288.3, rotte: {4: [(1, 8), (8, 4), (4, 3), (3, 6), (6, 10), (10, 15), (15, 14), (14, 11), (11, 12)], 3: [(1, 7), (7, 16), (16, 17), (17, 18)], 2: [(1, 21), (21, 20), (20, 13), (13, 9), (9, 19), (19, 5)]}, padri: [28, 93], figli: [], mosse: [(4, 3, 1, 8, 5), (4, 4, 14, 11, 8)]
46 -> costo: 61478.8, rotte: {4: [(1, 7), (7, 4), (4, 3), (3, 6), (6, 10), (10, 15), (15, 14), (14, 11), (11, 12)], 3: [(1, 8), (8, 16), (16, 17), (17, 18)], 2: [(1, 21), (21, 20), (20, 13), (13, 9), (9, 19), (19, 5)]}, padri: [24, 94], figli: [25, 28, 48], mosse: [(4, 3, 1, 7, 4), (4, 4, 14, 11, 8)]
47 -> costo: 61577.6, rotte: {4: [(1, 4), (4, 3), (3, 6), (6, 7), (7, 10), (10, 15), (15, 14), (14, 11), (11, 12)], 3: [(1, 8), (8, 16), (16, 17), (17, 18)], 2: [(1, 21), (21, 20), (20, 13), (13, 9), (9, 19), (19, 5)]}, padri: [24, 95], figli: [25, 48, 51], mosse: [(4, 3, 6, 7, 4), (4, 4, 14, 11, 8)]
48 -> costo: 61057.0, rotte: {4: [(1, 3), (3, 6), (6, 4), (4, 7), (7, 10), (10, 15), (15, 14), (14, 11), (11, 12)], 3: [(1, 8), (8, 16), (16, 17), (17, 18)], 2: [(1, 21), (21, 20), (20, 13), (13, 9), (9, 19), (19, 5)]}, padri: [47, 50, 54, 96], figli: [26, 49, 52], mosse: [(4, 4, 6, 4, 1), (4, 3, 4, 7, 4), (4, 4, 4, 7, 4), (4, 4, 14, 11, 8)]
49 -> costo: 60977.8, rotte: {4: [(1, 6), (6, 3), (3, 4), (4, 7), (7, 10), (10, 15), (15, 14), (14, 11), (11, 12)], 3: [(1, 8), (8, 16), (16, 17), (17, 18)], 2: [(1, 21), (21, 20), (20, 13), (13, 9), (9, 19), (19, 5)]}, padri: [48, 53, 97], figli: [27], mosse: [(4, 4, 6, 3, 12), (4, 3, 4, 7, 4), (4, 4, 14, 11, 8)]
50 -> costo: 61654.0, rotte: {4: [(1, 3), (3, 6), (6, 4), (4, 10), (10, 15), (15, 14), (14, 11), (11, 12)], 3: [(1, 7), (7, 8), (8, 16), (16, 17), (17, 18)], 2: [(1, 21), (21, 20), (20, 13), (13, 9), (9, 19), (19, 5)]}, padri: [24, 98], figli: [26, 29, 48, 51, 52, 53, 54, 73, 78, 83, 88], mosse: [(4, 4, 6, 4, 1), (4, 4, 14, 11, 8)]
51 -> costo: 61491.6, rotte: {4: [(1, 3), (3, 6), (6, 4), (4, 10), (10, 15), (15, 7), (7, 14), (14, 11), (11, 12)], 3: [(1, 8), (8, 16), (16, 17), (17, 18)], 2: [(1, 21), (21, 20), (20, 13), (13, 9), (9, 19), (19, 5)]}, padri: [50, 54, 55, 99], figli: [26, 52], mosse: [(4, 3, 15, 7, 4), (4, 4, 15, 7, 4), (4, 4, 6, 4, 1), (4, 4, 14, 11, 8)]
52 -> costo: 61412.399999999994, rotte: {4: [(1, 6), (6, 3), (3, 4), (4, 10), (10, 15), (15, 7), (7, 14), (14, 11), (11, 12)], 3: [(1, 8), (8, 16), (16, 17), (17, 18)], 2: [(1, 21), (21, 20), (20, 13), (13, 9), (9, 19), (19, 5)]}, padri: [51, 53, 100], figli: [27], mosse: [(4, 4, 6, 3, 12), (4, 3, 15, 7, 4), (4, 4, 14, 11, 8)]
53 -> costo: 61574.8, rotte: {4: [(1, 6), (6, 3), (3, 4), (4, 10), (10, 15), (15, 14), (14, 11), (11, 12)], 3: [(1, 7), (7, 8), (8, 16), (16, 17), (17, 18)], 2: [(1, 21), (21, 20), (20, 13), (13, 9), (9, 19), (19, 5)]}, padri: [50, 101], figli: [27, 30, 49, 52, 64, 66, 68, 70], mosse: [(4, 4, 6, 3, 12), (4, 4, 14, 11, 8)]
54 -> costo: 61613.100000000006, rotte: {4: [(1, 7), (7, 3), (3, 6), (6, 4), (4, 10), (10, 15), (15, 14), (14, 11), (11, 12)], 3: [(1, 8), (8, 16), (16, 17), (17, 18)], 2: [(1, 21), (21, 20), (20, 13), (13, 9), (9, 19), (19, 5)]}, padri: [50, 102], figli: [26, 29, 48, 51, 73, 78, 83, 88], mosse: [(4, 3, 1, 7, 4), (4, 4, 14, 11, 8)]
55 -> costo: 61882.2, rotte: {4: [(1, 4), (4, 3), (3, 6), (6, 10), (10, 15), (15, 7), (7, 14), (14, 11), (11, 12)], 3: [(1, 8), (8, 16), (16, 17), (17, 18)], 2: [(1, 21), (21, 20), (20, 13), (13, 9), (9, 19), (19, 5)]}, padri: [24], figli: [25, 51], mosse: [(4, 3, 15, 7, 4)]
56 -> costo: 62045.6, rotte: {4: [(1, 4), (4, 3), (3, 6), (6, 10), (10, 15), (15, 11), (11, 14), (14, 12)], 3: [(1, 7), (7, 8), (8, 16), (16, 17), (17, 18)], 2: [(1, 21), (21, 20), (20, 13), (13, 9), (9, 19), (19, 5)]}, padri: [23], figli: [57, 60, 94, 95, 96, 98], mosse: [(4, 3, 15, 11, 8)]
57 -> costo: 60871.7, rotte: {4: [(1, 4), (4, 3), (3, 6), (6, 10), (10, 7), (7, 15), (15, 11), (11, 14), (14, 12)], 3: [(1, 8), (8, 16), (16, 17), (17, 18)], 2: [(1, 21), (21, 20), (20, 13), (13, 9), (9, 19), (19, 5)]}, padri: [56, 94, 95], figli: [58, 25, 97, 100], mosse: [(4, 3, 10, 7, 4), (4, 4, 10, 7, 4), (4, 4, 10, 7, 4)]
58 -> costo: 60481.1, rotte: {4: [(1, 3), (3, 6), (6, 4), (4, 10), (10, 7), (7, 15), (15, 11), (11, 14), (14, 12)], 3: [(1, 8), (8, 16), (16, 17), (17, 18)], 2: [(1, 21), (21, 20), (20, 13), (13, 9), (9, 19), (19, 5)]}, padri: [57, 96, 98, 99, 102], figli: [59, 26], mosse: [(4, 4, 6, 4, 1), (4, 4, 10, 7, 4), (4, 3, 10, 7, 4), (4, 4, 7, 15, 12), (4, 4, 10, 7, 4)]
59 -> costo: 60401.9, rotte: {4: [(1, 6), (6, 3), (3, 4), (4, 10), (10, 7), (7, 15), (15, 11), (11, 14), (14, 12)], 3: [(1, 8), (8, 16), (16, 17), (17, 18)], 2: [(1, 21), (21, 20), (20, 13), (13, 9), (9, 19), (19, 5)]}, padri: [58, 97, 100, 101], figli: [27], mosse: [(4, 4, 6, 3, 12), (4, 4, 10, 7, 4), (4, 4, 7, 15, 12), (4, 3, 10, 7, 4)]
60 -> costo: 61308.6, rotte: {4: [(1, 4), (4, 3), (3, 6), (6, 10), (10, 15), (15, 11), (11, 14), (14, 12)], 3: [(1, 8), (8, 7), (7, 16), (16, 17), (17, 18)], 2: [(1, 21), (21, 20), (20, 13), (13, 9), (9, 19), (19, 5)]}, padri: [56, 94], figli: [61, 93, 28], mosse: [(3, 3, 8, 7, 4), (3, 4, 8, 7, 4)]
61 -> costo: 60918.0, rotte: {4: [(1, 3), (3, 6), (6, 4), (4, 10), (10, 15), (15, 11), (11, 14), (14, 12)], 3: [(1, 8), (8, 7), (7, 16), (16, 17), (17, 18)], 2: [(1, 21), (21, 20), (20, 13), (13, 9), (9, 19), (19, 5)]}, padri: [60, 98, 102], figli: [62, 72, 29, 73, 78, 83, 88], mosse: [(4, 4, 6, 4, 1), (3, 3, 8, 7, 4), (3, 4, 8, 7, 4)]
62 -> costo: 60838.8, rotte: {4: [(1, 6), (6, 3), (3, 4), (4, 10), (10, 15), (15, 11), (11, 14), (14, 12)], 3: [(1, 8), (8, 7), (7, 16), (16, 17), (17, 18)], 2: [(1, 21), (21, 20), (20, 13), (13, 9), (9, 19), (19, 5)]}, padri: [61, 101], figli: [63, 30, 64, 66, 68, 70], mosse: [(4, 4, 6, 3, 12), (3, 3, 8, 7, 4)]
63 -> costo: 60790.200000000004, rotte: {4: [(1, 6), (6, 3), (3, 4), (4, 8), (8, 10), (10, 15), (15, 11), (11, 14), (14, 12)], 3: [(1, 7), (7, 16), (16, 17), (17, 18)], 2: [(1, 21), (21, 20), (20, 13), (13, 9), (9, 19), (19, 5)]}, padri: [62, 72], figli: [31], mosse: [(4, 3, 4, 8, 5), (4, 4, 6, 3, 12)]
64 -> costo: 60790.200000000004, rotte: {4: [(1, 6), (6, 3), (3, 4), (4, 8), (8, 10), (10, 15), (15, 11), (11, 14), (14, 12)], 3: [(1, 8), (8, 7), (7, 16), (16, 17), (17, 18)], 2: [(1, 21), (21, 20), (20, 13), (13, 9), (9, 19), (19, 5)]}, padri: [29, 53, 62], figli: [65], mosse: [(4, 3, 4, 8, 1)]
65 -> costo: 60789.200000000004, rotte: {4: [(1, 6), (6, 3), (3, 4), (4, 8), (8, 10), (10, 15), (15, 14), (14, 11), (11, 12)], 3: [(1, 8), (8, 7), (7, 16), (16, 17), (17, 18)], 2: [(1, 21), (21, 20), (20, 13), (13, 9), (9, 19), (19, 5)]}, padri: [64], figli: [], mosse: [(4, 4, 14, 11, 8)]
66 -> costo: 60790.200000000004, rotte: {4: [(1, 6), (6, 3), (3, 4), (4, 8), (8, 10), (10, 15), (15, 11), (11, 14), (14, 12)], 3: [(1, 8), (8, 7), (7, 16), (16, 17), (17, 18)], 2: [(1, 21), (21, 20), (20, 13), (13, 9), (9, 19), (19, 5)]}, padri: [29, 53, 62], figli: [67], mosse: [(4, 3, 4, 8, 2)]
67 -> costo: 60789.200000000004, rotte: {4: [(1, 6), (6, 3), (3, 4), (4, 8), (8, 10), (10, 15), (15, 14), (14, 11), (11, 12)], 3: [(1, 8), (8, 7), (7, 16), (16, 17), (17, 18)], 2: [(1, 21), (21, 20), (20, 13), (13, 9), (9, 19), (19, 5)]}, padri: [66], figli: [], mosse: [(4, 4, 14, 11, 8)]
68 -> costo: 60790.200000000004, rotte: {4: [(1, 6), (6, 3), (3, 4), (4, 8), (8, 10), (10, 15), (15, 11), (11, 14), (14, 12)], 3: [(1, 8), (8, 7), (7, 16), (16, 17), (17, 18)], 2: [(1, 21), (21, 20), (20, 13), (13, 9), (9, 19), (19, 5)]}, padri: [29, 53, 62], figli: [69], mosse: [(4, 3, 4, 8, 3)]
69 -> costo: 60789.200000000004, rotte: {4: [(1, 6), (6, 3), (3, 4), (4, 8), (8, 10), (10, 15), (15, 14), (14, 11), (11, 12)], 3: [(1, 8), (8, 7), (7, 16), (16, 17), (17, 18)], 2: [(1, 21), (21, 20), (20, 13), (13, 9), (9, 19), (19, 5)]}, padri: [68], figli: [], mosse: [(4, 4, 14, 11, 8)]
70 -> costo: 60790.200000000004, rotte: {4: [(1, 6), (6, 3), (3, 4), (4, 8), (8, 10), (10, 15), (15, 11), (11, 14), (14, 12)], 3: [(1, 8), (8, 7), (7, 16), (16, 17), (17, 18)], 2: [(1, 21), (21, 20), (20, 13), (13, 9), (9, 19), (19, 5)]}, padri: [29, 53, 62], figli: [71], mosse: [(4, 3, 4, 8, 4)]
71 -> costo: 60789.200000000004, rotte: {4: [(1, 6), (6, 3), (3, 4), (4, 8), (8, 10), (10, 15), (15, 14), (14, 11), (11, 12)], 3: [(1, 8), (8, 7), (7, 16), (16, 17), (17, 18)], 2: [(1, 21), (21, 20), (20, 13), (13, 9), (9, 19), (19, 5)]}, padri: [70], figli: [], mosse: [(4, 4, 14, 11, 8)]
72 -> costo: 60869.4, rotte: {4: [(1, 3), (3, 6), (6, 4), (4, 8), (8, 10), (10, 15), (15, 11), (11, 14), (14, 12)], 3: [(1, 7), (7, 16), (16, 17), (17, 18)], 2: [(1, 21), (21, 20), (20, 13), (13, 9), (9, 19), (19, 5)]}, padri: [61], figli: [63, 36], mosse: [(4, 3, 4, 8, 5)]
73 -> costo: 60869.4, rotte: {4: [(1, 3), (3, 6), (6, 4), (4, 8), (8, 10), (10, 15), (15, 11), (11, 14), (14, 12)], 3: [(1, 8), (8, 7), (7, 16), (16, 17), (17, 18)], 2: [(1, 21), (21, 20), (20, 13), (13, 9), (9, 19), (19, 5)]}, padri: [28, 50, 54, 61], figli: [74, 76], mosse: [(4, 3, 4, 8, 1)]
74 -> costo: 60790.200000000004, rotte: {4: [(1, 6), (6, 3), (3, 4), (4, 8), (8, 10), (10, 15), (15, 11), (11, 14), (14, 12)], 3: [(1, 8), (8, 7), (7, 16), (16, 17), (17, 18)], 2: [(1, 21), (21, 20), (20, 13), (13, 9), (9, 19), (19, 5)]}, padri: [73], figli: [75], mosse: [(4, 4, 6, 3, 12)]
75 -> costo: 60789.200000000004, rotte: {4: [(1, 6), (6, 3), (3, 4), (4, 8), (8, 10), (10, 15), (15, 14), (14, 11), (11, 12)], 3: [(1, 8), (8, 7), (7, 16), (16, 17), (17, 18)], 2: [(1, 21), (21, 20), (20, 13), (13, 9), (9, 19), (19, 5)]}, padri: [74], figli: [], mosse: [(4, 4, 14, 11, 8)]
76 -> costo: 60868.4, rotte: {4: [(1, 3), (3, 6), (6, 4), (4, 8), (8, 10), (10, 15), (15, 14), (14, 11), (11, 12)], 3: [(1, 8), (8, 7), (7, 16), (16, 17), (17, 18)], 2: [(1, 21), (21, 20), (20, 13), (13, 9), (9, 19), (19, 5)]}, padri: [73], figli: [77], mosse: [(4, 4, 14, 11, 8)]
77 -> costo: 60789.200000000004, rotte: {4: [(1, 6), (6, 3), (3, 4), (4, 8), (8, 10), (10, 15), (15, 14), (14, 11), (11, 12)], 3: [(1, 8), (8, 7), (7, 16), (16, 17), (17, 18)], 2: [(1, 21), (21, 20), (20, 13), (13, 9), (9, 19), (19, 5)]}, padri: [76], figli: [], mosse: [(4, 4, 6, 3, 12)]
78 -> costo: 60869.4, rotte: {4: [(1, 3), (3, 6), (6, 4), (4, 8), (8, 10), (10, 15), (15, 11), (11, 14), (14, 12)], 3: [(1, 8), (8, 7), (7, 16), (16, 17), (17, 18)], 2: [(1, 21), (21, 20), (20, 13), (13, 9), (9, 19), (19, 5)]}, padri: [28, 50, 54, 61], figli: [79, 81], mosse: [(4, 3, 4, 8, 2)]
79 -> costo: 60790.200000000004, rotte: {4: [(1, 6), (6, 3), (3, 4), (4, 8), (8, 10), (10, 15), (15, 11), (11, 14), (14, 12)], 3: [(1, 8), (8, 7), (7, 16), (16, 17), (17, 18)], 2: [(1, 21), (21, 20), (20, 13), (13, 9), (9, 19), (19, 5)]}, padri: [78], figli: [80], mosse: [(4, 4, 6, 3, 12)]
80 -> costo: 60789.200000000004, rotte: {4: [(1, 6), (6, 3), (3, 4), (4, 8), (8, 10), (10, 15), (15, 14), (14, 11), (11, 12)], 3: [(1, 8), (8, 7), (7, 16), (16, 17), (17, 18)], 2: [(1, 21), (21, 20), (20, 13), (13, 9), (9, 19), (19, 5)]}, padri: [79], figli: [], mosse: [(4, 4, 14, 11, 8)]
81 -> costo: 60868.4, rotte: {4: [(1, 3), (3, 6), (6, 4), (4, 8), (8, 10), (10, 15), (15, 14), (14, 11), (11, 12)], 3: [(1, 8), (8, 7), (7, 16), (16, 17), (17, 18)], 2: [(1, 21), (21, 20), (20, 13), (13, 9), (9, 19), (19, 5)]}, padri: [78], figli: [82], mosse: [(4, 4, 14, 11, 8)]
82 -> costo: 60789.200000000004, rotte: {4: [(1, 6), (6, 3), (3, 4), (4, 8), (8, 10), (10, 15), (15, 14), (14, 11), (11, 12)], 3: [(1, 8), (8, 7), (7, 16), (16, 17), (17, 18)], 2: [(1, 21), (21, 20), (20, 13), (13, 9), (9, 19), (19, 5)]}, padri: [81], figli: [], mosse: [(4, 4, 6, 3, 12)]
83 -> costo: 60869.4, rotte: {4: [(1, 3), (3, 6), (6, 4), (4, 8), (8, 10), (10, 15), (15, 11), (11, 14), (14, 12)], 3: [(1, 8), (8, 7), (7, 16), (16, 17), (17, 18)], 2: [(1, 21), (21, 20), (20, 13), (13, 9), (9, 19), (19, 5)]}, padri: [28, 50, 54, 61], figli: [84, 86], mosse: [(4, 3, 4, 8, 3)]
84 -> costo: 60790.200000000004, rotte: {4: [(1, 6), (6, 3), (3, 4), (4, 8), (8, 10), (10, 15), (15, 11), (11, 14), (14, 12)], 3: [(1, 8), (8, 7), (7, 16), (16, 17), (17, 18)], 2: [(1, 21), (21, 20), (20, 13), (13, 9), (9, 19), (19, 5)]}, padri: [83], figli: [85], mosse: [(4, 4, 6, 3, 12)]
85 -> costo: 60789.200000000004, rotte: {4: [(1, 6), (6, 3), (3, 4), (4, 8), (8, 10), (10, 15), (15, 14), (14, 11), (11, 12)], 3: [(1, 8), (8, 7), (7, 16), (16, 17), (17, 18)], 2: [(1, 21), (21, 20), (20, 13), (13, 9), (9, 19), (19, 5)]}, padri: [84], figli: [], mosse: [(4, 4, 14, 11, 8)]
86 -> costo: 60868.4, rotte: {4: [(1, 3), (3, 6), (6, 4), (4, 8), (8, 10), (10, 15), (15, 14), (14, 11), (11, 12)], 3: [(1, 8), (8, 7), (7, 16), (16, 17), (17, 18)], 2: [(1, 21), (21, 20), (20, 13), (13, 9), (9, 19), (19, 5)]}, padri: [83], figli: [87], mosse: [(4, 4, 14, 11, 8)]
87 -> costo: 60789.200000000004, rotte: {4: [(1, 6), (6, 3), (3, 4), (4, 8), (8, 10), (10, 15), (15, 14), (14, 11), (11, 12)], 3: [(1, 8), (8, 7), (7, 16), (16, 17), (17, 18)], 2: [(1, 21), (21, 20), (20, 13), (13, 9), (9, 19), (19, 5)]}, padri: [86], figli: [], mosse: [(4, 4, 6, 3, 12)]
88 -> costo: 60869.4, rotte: {4: [(1, 3), (3, 6), (6, 4), (4, 8), (8, 10), (10, 15), (15, 11), (11, 14), (14, 12)], 3: [(1, 8), (8, 7), (7, 16), (16, 17), (17, 18)], 2: [(1, 21), (21, 20), (20, 13), (13, 9), (9, 19), (19, 5)]}, padri: [28, 50, 54, 61], figli: [89, 91], mosse: [(4, 3, 4, 8, 4)]
89 -> costo: 60790.200000000004, rotte: {4: [(1, 6), (6, 3), (3, 4), (4, 8), (8, 10), (10, 15), (15, 11), (11, 14), (14, 12)], 3: [(1, 8), (8, 7), (7, 16), (16, 17), (17, 18)], 2: [(1, 21), (21, 20), (20, 13), (13, 9), (9, 19), (19, 5)]}, padri: [88], figli: [90], mosse: [(4, 4, 6, 3, 12)]
90 -> costo: 60789.200000000004, rotte: {4: [(1, 6), (6, 3), (3, 4), (4, 8), (8, 10), (10, 15), (15, 14), (14, 11), (11, 12)], 3: [(1, 8), (8, 7), (7, 16), (16, 17), (17, 18)], 2: [(1, 21), (21, 20), (20, 13), (13, 9), (9, 19), (19, 5)]}, padri: [89], figli: [], mosse: [(4, 4, 14, 11, 8)]
91 -> costo: 60868.4, rotte: {4: [(1, 3), (3, 6), (6, 4), (4, 8), (8, 10), (10, 15), (15, 14), (14, 11), (11, 12)], 3: [(1, 8), (8, 7), (7, 16), (16, 17), (17, 18)], 2: [(1, 21), (21, 20), (20, 13), (13, 9), (9, 19), (19, 5)]}, padri: [88], figli: [92], mosse: [(4, 4, 14, 11, 8)]
92 -> costo: 60789.200000000004, rotte: {4: [(1, 6), (6, 3), (3, 4), (4, 8), (8, 10), (10, 15), (15, 14), (14, 11), (11, 12)], 3: [(1, 8), (8, 7), (7, 16), (16, 17), (17, 18)], 2: [(1, 21), (21, 20), (20, 13), (13, 9), (9, 19), (19, 5)]}, padri: [91], figli: [], mosse: [(4, 4, 6, 3, 12)]
93 -> costo: 61289.3, rotte: {4: [(1, 8), (8, 4), (4, 3), (3, 6), (6, 10), (10, 15), (15, 11), (11, 14), (14, 12)], 3: [(1, 7), (7, 16), (16, 17), (17, 18)], 2: [(1, 21), (21, 20), (20, 13), (13, 9), (9, 19), (19, 5)]}, padri: [60], figli: [45], mosse: [(4, 3, 1, 8, 5)]
94 -> costo: 61479.799999999996, rotte: {4: [(1, 7), (7, 4), (4, 3), (3, 6), (6, 10), (10, 15), (15, 11), (11, 14), (14, 12)], 3: [(1, 8), (8, 16), (16, 17), (17, 18)], 2: [(1, 21), (21, 20), (20, 13), (13, 9), (9, 19), (19, 5)]}, padri: [56], figli: [57, 60, 46, 96], mosse: [(4, 3, 1, 7, 4)]
95 -> costo: 61578.6, rotte: {4: [(1, 4), (4, 3), (3, 6), (6, 7), (7, 10), (10, 15), (15, 11), (11, 14), (14, 12)], 3: [(1, 8), (8, 16), (16, 17), (17, 18)], 2: [(1, 21), (21, 20), (20, 13), (13, 9), (9, 19), (19, 5)]}, padri: [56], figli: [57, 96, 47, 99], mosse: [(4, 3, 6, 7, 4)]
96 -> costo: 61058.0, rotte: {4: [(1, 3), (3, 6), (6, 4), (4, 7), (7, 10), (10, 15), (15, 11), (11, 14), (14, 12)], 3: [(1, 8), (8, 16), (16, 17), (17, 18)], 2: [(1, 21), (21, 20), (20, 13), (13, 9), (9, 19), (19, 5)]}, padri: [95, 98, 102], figli: [58, 97, 48, 100], mosse: [(4, 4, 6, 4, 1), (4, 3, 4, 7, 4), (4, 4, 4, 7, 4)]
97 -> costo: 60978.799999999996, rotte: {4: [(1, 6), (6, 3), (3, 4), (4, 7), (7, 10), (10, 15), (15, 11), (11, 14), (14, 12)], 3: [(1, 8), (8, 16), (16, 17), (17, 18)], 2: [(1, 21), (21, 20), (20, 13), (13, 9), (9, 19), (19, 5)]}, padri: [96, 101], figli: [59, 49], mosse: [(4, 4, 6, 3, 12), (4, 3, 4, 7, 4)]
98 -> costo: 61655.0, rotte: {4: [(1, 3), (3, 6), (6, 4), (4, 10), (10, 15), (15, 11), (11, 14), (14, 12)], 3: [(1, 7), (7, 8), (8, 16), (16, 17), (17, 18)], 2: [(1, 21), (21, 20), (20, 13), (13, 9), (9, 19), (19, 5)]}, padri: [56], figli: [58, 61, 96, 99, 100, 101, 102, 50], mosse: [(4, 4, 6, 4, 1)]
99 -> costo: 61492.600000000006, rotte: {4: [(1, 3), (3, 6), (6, 4), (4, 10), (10, 15), (15, 7), (7, 11), (11, 14), (14, 12)], 3: [(1, 8), (8, 16), (16, 17), (17, 18)], 2: [(1, 21), (21, 20), (20, 13), (13, 9), (9, 19), (19, 5)]}, padri: [98, 102], figli: [58, 100, 51], mosse: [(4, 3, 15, 7, 4), (4, 4, 15, 7, 4)]
100 -> costo: 61413.4, rotte: {4: [(1, 6), (6, 3), (3, 4), (4, 10), (10, 15), (15, 7), (7, 11), (11, 14), (14, 12)], 3: [(1, 8), (8, 16), (16, 17), (17, 18)], 2: [(1, 21), (21, 20), (20, 13), (13, 9), (9, 19), (19, 5)]}, padri: [99, 101], figli: [59, 52], mosse: [(4, 4, 6, 3, 12), (4, 3, 15, 7, 4)]
101 -> costo: 61575.8, rotte: {4: [(1, 6), (6, 3), (3, 4), (4, 10), (10, 15), (15, 11), (11, 14), (14, 12)], 3: [(1, 7), (7, 8), (8, 16), (16, 17), (17, 18)], 2: [(1, 21), (21, 20), (20, 13), (13, 9), (9, 19), (19, 5)]}, padri: [98], figli: [59, 62, 97, 100, 53], mosse: [(4, 4, 6, 3, 12)]
102 -> costo: 61614.1, rotte: {4: [(1, 7), (7, 3), (3, 6), (6, 4), (4, 10), (10, 15), (15, 11), (11, 14), (14, 12)], 3: [(1, 8), (8, 16), (16, 17), (17, 18)], 2: [(1, 21), (21, 20), (20, 13), (13, 9), (9, 19), (19, 5)]}, padri: [98], figli: [58, 61, 96, 99, 54], mosse: [(4, 3, 1, 7, 4)]
bestSolutionIndice: 27
27 -> costo: 60400.9, rotte: {4: [(1, 6), (6, 3), (3, 4), (4, 10), (10, 7), (7, 15), (15, 14), (14, 11), (11, 12)], 3: [(1, 8), (8, 16), (16, 17), (17, 18)], 2: [(1, 21), (21, 20), (20, 13), (13, 9), (9, 19), (19, 5)]}, padri: [26, 49, 52, 53, 59], figli: [], mosse: [(4, 4, 6, 3, 12), (4, 4, 10, 7, 4), (4, 4, 7, 15, 12), (4, 3, 10, 7, 4), (4, 4, 14, 11, 8)]
trasportoPalletDiGamma: {4: [(6, 3), (3, 12), (4, 1), (10, 7), (7, 4), (15, 12), (14, 11), (11, 8), (12, 9)], 3: [(8, 5), (16, 13), (17, 14), (18, 15)], 2: [(21, 18), (20, 17), (13, 10), (9, 6), (19, 16), (5, 2)]}
itMosseLS: 161, itMosseTS: 143
time elapsed: 3606.45s.


##########################################################################################
