itNSIMax: 10, itMosseTSMax: 30.
##########################################################################################
s: 1, itNSI: 1.
soluzione iniziale: 0
0 -> 
costo: 85896.19999999998, 
rotte: {3: [(1, 19), (19, 14), (14, 8), (8, 5), (5, 3), (3, 18), (18, 20)], 4: [(1, 9), (9, 6), (6, 7), (7, 13), (13, 4), (4, 17), (17, 20)], 2: [(1, 16), (16, 21), (21, 10), (10, 15), (15, 11), (11, 12)]}
trasportoPalletDiGamma: {3: [(19, 16), (14, 11), (8, 5), (5, 2), (3, 12), (18, 15), (20, 9)], 4: [(9, 6), (6, 3), (7, 4), (13, 10), (4, 1), (17, 14), (20, 8)], 2: [(16, 13), (21, 18), (10, 7), (15, 12), (11, 8), (12, 9)]}
bestSolutionIndice: 20
20 -> 
costo: 62672.2, 
rotte: {3: [(1, 20), (20, 19), (19, 3), (3, 8), (8, 18)], 4: [(1, 17), (17, 9), (9, 13), (13, 16), (16, 7), (7, 4), (4, 6), (6, 5)], 2: [(1, 21), (21, 10), (10, 15), (15, 14), (14, 11), (11, 12)]}
trasportoPalletDiGamma: {3: [(20, 17), (19, 16), (3, 12), (8, 5), (18, 15)], 4: [(17, 14), (9, 6), (13, 10), (16, 13), (7, 4), (4, 1), (6, 3), (5, 2)], 2: [(21, 18), (10, 7), (15, 12), (14, 11), (11, 8), (12, 9)]}
itMosseLS: 44, itMosseTS: 30
numero di soluzioni totali trovati: 33.
time elapsed: 1092.30s.


##########################################################################################
s: 1, itNSI: 2.
soluzione iniziale: 0
0 -> 
costo: 122525.1, 
rotte: {3: [(1, 10), (10, 20), (20, 14), (14, 12), (12, 19), (19, 18)], 2: [(1, 21), (21, 11), (11, 17), (17, 15), (15, 9), (9, 7), (7, 6)], 4: [(1, 5), (5, 13), (13, 16), (16, 3), (3, 8), (8, 4), (4, 18)]}
trasportoPalletDiGamma: {3: [(10, 7), (20, 17), (14, 11), (12, 9), (19, 16), (18, 10)], 2: [(21, 18), (11, 8), (17, 14), (15, 12), (9, 6), (7, 4), (6, 3)], 4: [(5, 2), (13, 10), (16, 13), (3, 12), (8, 5), (4, 1), (18, 5)]}
bestSolutionIndice: 14
14 -> 
costo: 67457.0, 
rotte: {3: [(1, 20), (20, 19), (19, 14), (14, 12)], 2: [(1, 21), (21, 17), (17, 9), (9, 7), (7, 15), (15, 11), (11, 6), (6, 5)], 4: [(1, 13), (13, 16), (16, 4), (4, 3), (3, 8), (8, 10), (10, 18)]}
trasportoPalletDiGamma: {3: [(20, 17), (19, 16), (14, 11), (12, 9)], 2: [(21, 18), (17, 14), (9, 6), (7, 4), (15, 12), (11, 8), (6, 3), (5, 2)], 4: [(13, 10), (16, 13), (4, 1), (3, 12), (8, 5), (10, 7), (18, 15)]}
itMosseLS: 40, itMosseTS: 30
numero di soluzioni totali trovati: 23.
time elapsed: 1019.77s.


##########################################################################################
s: 1, itNSI: 3.
soluzione iniziale: 0
0 -> 
costo: 116620.1, 
rotte: {2: [(1, 4), (4, 6), (6, 8), (8, 7), (7, 10), (10, 9), (9, 21)], 4: [(1, 5), (5, 3), (3, 18), (18, 16), (16, 11), (11, 12), (12, 17)], 3: [(1, 19), (19, 20), (20, 15), (15, 14), (14, 13), (13, 17)]}
trasportoPalletDiGamma: {2: [(4, 1), (6, 3), (8, 5), (7, 4), (10, 7), (9, 6), (21, 18)], 4: [(5, 2), (3, 12), (18, 15), (16, 13), (11, 8), (12, 9), (17, 10)], 3: [(19, 16), (20, 17), (15, 12), (14, 11), (13, 10), (17, 4)]}
bestSolutionIndice: 12
12 -> 
costo: 67678.9, 
rotte: {2: [(1, 21), (21, 10), (10, 19), (19, 6), (6, 5), (5, 4), (4, 7), (7, 8), (8, 9)], 4: [(1, 18), (18, 16), (16, 3), (3, 11), (11, 12)], 3: [(1, 20), (20, 17), (17, 13), (13, 15), (15, 14)]}
trasportoPalletDiGamma: {2: [(21, 18), (10, 7), (19, 16), (6, 3), (5, 2), (4, 1), (7, 4), (8, 5), (9, 6)], 4: [(18, 15), (16, 13), (3, 12), (11, 8), (12, 9)], 3: [(20, 17), (17, 14), (13, 10), (15, 12), (14, 11)]}
itMosseLS: 41, itMosseTS: 30
numero di soluzioni totali trovati: 21.
time elapsed: 1255.19s.


##########################################################################################
s: 1, itNSI: 4.
soluzione iniziale: 0
0 -> 
costo: 120875.9, 
rotte: {4: [(1, 6), (6, 16), (16, 21), (21, 12), (12, 19), (19, 4), (4, 11)], 2: [(1, 9), (9, 18), (18, 10), (10, 3), (3, 8), (8, 13)], 3: [(1, 14), (14, 5), (5, 17), (17, 7), (7, 15), (15, 20)]}
trasportoPalletDiGamma: {4: [(6, 3), (16, 13), (21, 18), (12, 9), (19, 16), (4, 1), (11, 8)], 2: [(9, 6), (18, 15), (10, 7), (3, 12), (8, 5), (13, 10)], 3: [(14, 11), (5, 2), (17, 14), (7, 4), (15, 12), (20, 17)]}
bestSolutionIndice: 11
11 -> 
costo: 68415.29999999999, 
rotte: {4: [(1, 21), (21, 16), (16, 19), (19, 4), (4, 11), (11, 12)], 2: [(1, 6), (6, 3), (3, 5), (5, 8), (8, 9), (9, 13), (13, 10), (10, 18)], 3: [(1, 15), (15, 14), (14, 7), (7, 20), (20, 17)]}
trasportoPalletDiGamma: {4: [(21, 18), (16, 13), (19, 16), (4, 1), (11, 8), (12, 9)], 2: [(6, 3), (3, 12), (5, 2), (8, 5), (9, 6), (13, 10), (10, 7), (18, 15)], 3: [(15, 12), (14, 11), (7, 4), (20, 17), (17, 14)]}
itMosseLS: 15, itMosseTS: 6
numero di soluzioni totali trovati: 14.
time elapsed: 250.33s.


##########################################################################################
##########################################################################################
##########################################################################################
##########################################################################################
##########################################################################################
##########################################################################################
##########################################################################################
##########################################################################################
##########################################################################################
Soluzione migliore in assoluto trovata:

s: 1
itNSI: 1, 
costo: 62672.2, 
rotte: {3: [(1, 20), (20, 19), (19, 3), (3, 8), (8, 18)], 4: [(1, 17), (17, 9), (9, 13), (13, 16), (16, 7), (7, 4), (4, 6), (6, 5)], 2: [(1, 21), (21, 10), (10, 15), (15, 14), (14, 11), (11, 12)]}
trasportoPalletDiGamma: {3: [(20, 17), (19, 16), (3, 12), (8, 5), (18, 15)], 4: [(17, 14), (9, 6), (13, 10), (16, 13), (7, 4), (4, 1), (6, 3), (5, 2)], 2: [(21, 18), (10, 7), (15, 12), (14, 11), (11, 8), (12, 9)]}

Total time elapsed: 3621.01s.