itNSIMax: 1, itMosseTSMax: 1.
##########################################################################################
s: 1
dictSolutions[1]:
0 -> costo: 322418.90000000014, rotte: {5: [(1, 36), (36, 42), (42, 13), (13, 34), (34, 35), (35, 22), (22, 11), (11, 6), (6, 30), (30, 24), (24, 31)], 4: [(1, 39), (39, 4), (4, 16), (16, 32), (32, 9), (9, 26)], 6: [(1, 5), (5, 23), (23, 2), (2, 10), (10, 40), (40, 19), (19, 25), (25, 21), (21, 15), (15, 44), (44, 31)], 7: [(1, 27), (27, 7), (7, 3), (3, 33), (33, 20), (20, 12), (12, 37), (37, 43), (43, 26), (26, 14)], 3: [(1, 38), (38, 8), (8, 29), (29, 45), (45, 18), (18, 31)], 2: [(1, 28), (28, 41), (41, 17)]}, padri: [-1], figli: [1], mosse: [-1]
1 -> costo: 296184.1000000001, rotte: {5: [(1, 36), (36, 42), (42, 13), (13, 34), (34, 35), (35, 22), (22, 11), (11, 6), (6, 30), (30, 24), (24, 31)], 4: [(1, 39), (39, 4), (4, 16), (16, 32), (32, 9), (9, 26)], 6: [(1, 5), (5, 2), (2, 10), (10, 40), (40, 23), (23, 19), (19, 25), (25, 21), (21, 15), (15, 44), (44, 31)], 7: [(1, 27), (27, 7), (7, 3), (3, 33), (33, 20), (20, 12), (12, 37), (37, 43), (43, 26), (26, 14)], 3: [(1, 38), (38, 8), (8, 29), (29, 45), (45, 18), (18, 31)], 2: [(1, 28), (28, 41), (41, 17)]}, padri: [0], figli: [2], mosse: [(6, 6, 40, 23, 10)]
2 -> costo: 273016.3000000001, rotte: {5: [(1, 36), (36, 42), (42, 13), (13, 34), (34, 35), (35, 22), (22, 11), (11, 6), (6, 30), (30, 24), (24, 31)], 4: [(1, 39), (39, 4), (4, 16), (16, 32), (32, 9), (9, 26)], 6: [(1, 5), (5, 2), (2, 10), (10, 40), (40, 23), (23, 19), (19, 25), (25, 21), (21, 15), (15, 44), (44, 31)], 7: [(1, 27), (27, 7), (7, 3), (3, 33), (33, 20), (20, 12), (12, 37), (37, 43), (43, 26), (26, 14), (14, 38)], 3: [(1, 8), (8, 29), (29, 45), (45, 18), (18, 31)], 2: [(1, 28), (28, 41), (41, 17)]}, padri: [1], figli: [3], mosse: [(7, 3, 14, 38, 9)]
3 -> costo: 264578.1000000001, rotte: {5: [(1, 36), (36, 42), (42, 13), (13, 34), (34, 35), (35, 22), (22, 11), (11, 30), (30, 24), (24, 31), (31, 6)], 4: [(1, 39), (39, 4), (4, 16), (16, 32), (32, 9), (9, 26)], 6: [(1, 5), (5, 2), (2, 10), (10, 40), (40, 23), (23, 19), (19, 25), (25, 21), (21, 15), (15, 44), (44, 31)], 7: [(1, 27), (27, 7), (7, 3), (3, 33), (33, 20), (20, 12), (12, 37), (37, 43), (43, 26), (26, 14), (14, 38)], 3: [(1, 8), (8, 29), (29, 45), (45, 18), (18, 31)], 2: [(1, 28), (28, 41), (41, 17)]}, padri: [2], figli: [4], mosse: [(5, 5, 31, 6, 8)]
4 -> costo: 257263.40000000005, rotte: {5: [(1, 36), (36, 42), (42, 13), (13, 34), (34, 35), (35, 22), (22, 11), (11, 30), (30, 24), (24, 31), (31, 6)], 4: [(1, 39), (39, 16), (16, 32), (32, 9), (9, 26), (26, 4)], 6: [(1, 5), (5, 2), (2, 10), (10, 40), (40, 23), (23, 19), (19, 25), (25, 21), (21, 15), (15, 44), (44, 31)], 7: [(1, 27), (27, 7), (7, 3), (3, 33), (33, 20), (20, 12), (12, 37), (37, 43), (43, 26), (26, 14), (14, 38)], 3: [(1, 8), (8, 29), (29, 45), (45, 18), (18, 31)], 2: [(1, 28), (28, 41), (41, 17)]}, padri: [3], figli: [5], mosse: [(4, 4, 26, 4, 6)]
5 -> costo: 250595.70000000004, rotte: {5: [(1, 36), (36, 42), (42, 13), (13, 34), (34, 35), (35, 22), (22, 11), (11, 30), (30, 24), (24, 31), (31, 6)], 4: [(1, 39), (39, 16), (16, 32), (32, 9), (9, 26), (26, 4)], 6: [(1, 5), (5, 2), (2, 10), (10, 40), (40, 23), (23, 19), (19, 25), (25, 21), (21, 15), (15, 44), (44, 31)], 7: [(1, 27), (27, 7), (7, 3), (3, 33), (33, 20), (20, 12), (12, 43), (43, 26), (26, 14), (14, 37), (37, 38)], 3: [(1, 8), (8, 29), (29, 45), (45, 18), (18, 31)], 2: [(1, 28), (28, 41), (41, 17)]}, padri: [4], figli: [6], mosse: [(7, 7, 14, 37, 8)]
6 -> costo: 245441.00000000003, rotte: {5: [(1, 36), (36, 13), (13, 34), (34, 35), (35, 22), (22, 11), (11, 30), (30, 24), (24, 31), (31, 42), (42, 6)], 4: [(1, 39), (39, 16), (16, 32), (32, 9), (9, 26), (26, 4)], 6: [(1, 5), (5, 2), (2, 10), (10, 40), (40, 23), (23, 19), (19, 25), (25, 21), (21, 15), (15, 44), (44, 31)], 7: [(1, 27), (27, 7), (7, 3), (3, 33), (33, 20), (20, 12), (12, 43), (43, 26), (26, 14), (14, 37), (37, 38)], 3: [(1, 8), (8, 29), (29, 45), (45, 18), (18, 31)], 2: [(1, 28), (28, 41), (41, 17)]}, padri: [5], figli: [7], mosse: [(5, 5, 31, 42, 14)]
7 -> costo: 239166.2, rotte: {5: [(1, 36), (36, 13), (13, 34), (34, 35), (35, 22), (22, 11), (11, 30), (30, 24), (24, 31), (31, 42), (42, 6)], 4: [(1, 39), (39, 16), (16, 32), (32, 9), (9, 26), (26, 4)], 6: [(1, 5), (5, 2), (2, 10), (10, 40), (40, 23), (23, 19), (19, 25), (25, 21), (21, 15), (15, 44), (44, 31)], 7: [(1, 27), (27, 7), (7, 3), (3, 33), (33, 20), (20, 12), (12, 43), (43, 14), (14, 26), (26, 37), (37, 38)], 3: [(1, 8), (8, 29), (29, 45), (45, 18), (18, 31)], 2: [(1, 28), (28, 41), (41, 17)]}, padri: [6], figli: [8], mosse: [(7, 7, 14, 26, 3)]
8 -> costo: 234886.30000000002, rotte: {5: [(1, 36), (36, 13), (13, 34), (34, 35), (35, 22), (22, 30), (30, 24), (24, 31), (31, 11), (11, 42), (42, 6)], 4: [(1, 39), (39, 16), (16, 32), (32, 9), (9, 26), (26, 4)], 6: [(1, 5), (5, 2), (2, 10), (10, 40), (40, 23), (23, 19), (19, 25), (25, 21), (21, 15), (15, 44), (44, 31)], 7: [(1, 27), (27, 7), (7, 3), (3, 33), (33, 20), (20, 12), (12, 43), (43, 14), (14, 26), (26, 37), (37, 38)], 3: [(1, 8), (8, 29), (29, 45), (45, 18), (18, 31)], 2: [(1, 28), (28, 41), (41, 17)]}, padri: [7], figli: [9], mosse: [(5, 5, 31, 11, 8)]
9 -> costo: 231747.40000000002, rotte: {5: [(1, 36), (36, 13), (13, 34), (34, 35), (35, 22), (22, 30), (30, 24), (24, 31), (31, 11), (11, 42), (42, 6)], 4: [(1, 39), (39, 16), (16, 32), (32, 9), (9, 26), (26, 4)], 6: [(1, 5), (5, 2), (2, 10), (10, 40), (40, 23), (23, 25), (25, 21), (21, 15), (15, 44), (44, 31), (31, 19)], 7: [(1, 27), (27, 7), (7, 3), (3, 33), (33, 20), (20, 12), (12, 43), (43, 14), (14, 26), (26, 37), (37, 38)], 3: [(1, 8), (8, 29), (29, 45), (45, 18), (18, 31)], 2: [(1, 28), (28, 41), (41, 17)]}, padri: [8], figli: [10], mosse: [(6, 6, 31, 19, 3)]
10 -> costo: 228847.5, rotte: {5: [(1, 36), (36, 13), (13, 34), (34, 35), (35, 22), (22, 30), (30, 24), (24, 31), (31, 11), (11, 42), (42, 6)], 4: [(1, 16), (16, 32), (32, 9), (9, 26), (26, 39), (39, 4)], 6: [(1, 5), (5, 2), (2, 10), (10, 40), (40, 23), (23, 25), (25, 21), (21, 15), (15, 44), (44, 31), (31, 19)], 7: [(1, 27), (27, 7), (7, 3), (3, 33), (33, 20), (20, 12), (12, 43), (43, 14), (14, 26), (26, 37), (37, 38)], 3: [(1, 8), (8, 29), (29, 45), (45, 18), (18, 31)], 2: [(1, 28), (28, 41), (41, 17)]}, padri: [9], figli: [11], mosse: [(4, 4, 26, 39, 10)]
11 -> costo: 225869.9, rotte: {5: [(1, 36), (36, 13), (13, 34), (34, 35), (35, 22), (22, 30), (30, 24), (24, 31), (31, 11), (11, 42), (42, 6)], 4: [(1, 16), (16, 32), (32, 26), (26, 9), (9, 39), (39, 4)], 6: [(1, 5), (5, 2), (2, 10), (10, 40), (40, 23), (23, 25), (25, 21), (21, 15), (15, 44), (44, 31), (31, 19)], 7: [(1, 27), (27, 7), (7, 3), (3, 33), (33, 20), (20, 12), (12, 43), (43, 14), (14, 26), (26, 37), (37, 38)], 3: [(1, 8), (8, 29), (29, 45), (45, 18), (18, 31)], 2: [(1, 28), (28, 41), (41, 17)]}, padri: [10], figli: [12], mosse: [(4, 4, 26, 9, 3)]
12 -> costo: 223240.0, rotte: {5: [(1, 36), (36, 13), (13, 34), (34, 35), (35, 22), (22, 30), (30, 24), (24, 31), (31, 11), (11, 42), (42, 6)], 4: [(1, 16), (16, 32), (32, 26), (26, 9), (9, 39), (39, 4)], 6: [(1, 5), (5, 2), (2, 10), (10, 40), (40, 23), (23, 25), (25, 21), (21, 15), (15, 44), (44, 31), (31, 19)], 7: [(1, 27), (27, 7), (7, 3), (3, 33), (33, 20), (20, 12), (12, 43), (43, 14), (14, 26), (26, 37), (37, 38)], 3: [(1, 8), (8, 29), (29, 18), (18, 31), (31, 45)], 2: [(1, 28), (28, 41), (41, 17)]}, padri: [11], figli: [13], mosse: [(3, 3, 31, 45, 17)]
13 -> costo: 221007.49999999997, rotte: {5: [(1, 36), (36, 13), (13, 34), (34, 35), (35, 22), (22, 30), (30, 24), (24, 31), (31, 11), (11, 42), (42, 6)], 4: [(1, 16), (16, 32), (32, 26), (26, 9), (9, 39), (39, 4)], 6: [(1, 5), (5, 2), (2, 10), (10, 40), (40, 23), (23, 25), (25, 21), (21, 15), (15, 44), (44, 31), (31, 19)], 7: [(1, 27), (27, 8), (8, 7), (7, 3), (3, 33), (33, 20), (20, 12), (12, 43), (43, 14), (14, 26), (26, 37), (37, 38)], 3: [(1, 29), (29, 18), (18, 31), (31, 45)], 2: [(1, 28), (28, 41), (41, 17)]}, padri: [12], figli: [14], mosse: [(7, 3, 27, 8, 2)]
14 -> costo: 218835.69999999998, rotte: {5: [(1, 36), (36, 13), (13, 34), (34, 35), (35, 22), (22, 30), (30, 24), (24, 31), (31, 11), (11, 42), (42, 6)], 4: [(1, 16), (16, 32), (32, 26), (26, 9), (9, 39), (39, 4)], 6: [(1, 5), (5, 2), (2, 10), (10, 40), (40, 23), (23, 25), (25, 21), (21, 15), (15, 44), (44, 31), (31, 19)], 7: [(1, 27), (27, 8), (8, 7), (7, 3), (3, 33), (33, 20), (20, 12), (12, 43), (43, 14), (14, 26), (26, 37), (37, 38)], 3: [(1, 29), (29, 18), (18, 31), (31, 45)], 2: [(1, 17), (17, 28), (28, 41)]}, padri: [13], figli: [15], mosse: [(2, 2, 1, 17, 19)]
15 -> costo: 217139.5, rotte: {5: [(1, 36), (36, 34), (34, 35), (35, 22), (22, 30), (30, 24), (24, 31), (31, 11), (11, 13), (13, 42), (42, 6)], 4: [(1, 16), (16, 32), (32, 26), (26, 9), (9, 39), (39, 4)], 6: [(1, 5), (5, 2), (2, 10), (10, 40), (40, 23), (23, 25), (25, 21), (21, 15), (15, 44), (44, 31), (31, 19)], 7: [(1, 27), (27, 8), (8, 7), (7, 3), (3, 33), (33, 20), (20, 12), (12, 43), (43, 14), (14, 26), (26, 37), (37, 38)], 3: [(1, 29), (29, 18), (18, 31), (31, 45)], 2: [(1, 17), (17, 28), (28, 41)]}, padri: [14], figli: [16], mosse: [(5, 5, 11, 13, 10)]
16 -> costo: 215288.80000000002, rotte: {5: [(1, 34), (34, 35), (35, 22), (22, 30), (30, 24), (24, 31), (31, 11), (11, 13), (13, 42), (42, 6)], 4: [(1, 16), (16, 32), (32, 26), (26, 9), (9, 39), (39, 4)], 6: [(1, 5), (5, 2), (2, 10), (10, 40), (40, 23), (23, 25), (25, 21), (21, 15), (15, 44), (44, 31), (31, 19)], 7: [(1, 27), (27, 8), (8, 36), (36, 7), (7, 3), (3, 33), (33, 20), (20, 12), (12, 43), (43, 14), (14, 26), (26, 37), (37, 38)], 3: [(1, 29), (29, 18), (18, 31), (31, 45)], 2: [(1, 17), (17, 28), (28, 41)]}, padri: [15], figli: [17], mosse: [(7, 5, 8, 36, 6)]
17 -> costo: 213634.50000000003, rotte: {5: [(1, 34), (34, 35), (35, 22), (22, 30), (30, 24), (24, 31), (31, 11), (11, 13), (13, 42), (42, 6)], 4: [(1, 16), (16, 32), (32, 26), (26, 9), (9, 39), (39, 4)], 6: [(1, 5), (5, 2), (2, 10), (10, 40), (40, 23), (23, 25), (25, 21), (21, 15), (15, 44), (44, 31), (31, 19)], 7: [(1, 27), (27, 8), (8, 36), (36, 7), (7, 3), (3, 20), (20, 12), (12, 43), (43, 14), (14, 33), (33, 26), (26, 37), (37, 38)], 3: [(1, 29), (29, 18), (18, 31), (31, 45)], 2: [(1, 17), (17, 28), (28, 41)]}, padri: [16], figli: [18], mosse: [(7, 7, 14, 33, 2)]
18 -> costo: 209768.70000000004, rotte: {5: [(1, 34), (34, 35), (35, 22), (22, 30), (30, 24), (24, 31), (31, 11), (11, 13), (13, 42), (42, 6)], 4: [(1, 16), (16, 32), (32, 26), (26, 9), (9, 39), (39, 4)], 6: [(1, 5), (5, 2), (2, 10), (10, 40), (40, 23), (23, 25), (25, 21), (21, 15), (15, 44), (44, 31), (31, 19)], 7: [(1, 27), (27, 8), (8, 36), (36, 7), (7, 3), (3, 12), (12, 43), (43, 14), (14, 20), (20, 33), (33, 26), (26, 37), (37, 38)], 3: [(1, 29), (29, 18), (18, 31), (31, 45)], 2: [(1, 17), (17, 28), (28, 41)]}, padri: [17], figli: [19], mosse: [(7, 7, 14, 20, 4)]
19 -> costo: 204731.40000000005, rotte: {5: [(1, 34), (34, 35), (35, 22), (22, 30), (30, 24), (24, 31), (31, 11), (11, 13), (13, 42), (42, 6)], 4: [(1, 16), (16, 32), (32, 26), (26, 9), (9, 39), (39, 4)], 6: [(1, 5), (5, 2), (2, 10), (10, 40), (40, 23), (23, 25), (25, 21), (21, 15), (15, 44), (44, 31), (31, 19)], 7: [(1, 27), (27, 8), (8, 36), (36, 7), (7, 3), (3, 43), (43, 14), (14, 12), (12, 20), (20, 33), (33, 26), (26, 37), (37, 38)], 3: [(1, 29), (29, 18), (18, 31), (31, 45)], 2: [(1, 17), (17, 28), (28, 41)]}, padri: [18], figli: [20], mosse: [(7, 7, 14, 12, 9)]
20 -> costo: 203332.90000000005, rotte: {5: [(1, 34), (34, 35), (35, 22), (22, 30), (30, 24), (24, 31), (31, 11), (11, 13), (13, 42), (42, 6)], 4: [(1, 16), (16, 32), (32, 26), (26, 9), (9, 39), (39, 4)], 6: [(1, 5), (5, 2), (2, 10), (10, 40), (40, 23), (23, 25), (25, 21), (21, 15), (15, 44), (44, 31), (31, 19)], 7: [(1, 27), (27, 8), (8, 36), (36, 7), (7, 3), (3, 43), (43, 14), (14, 12), (12, 20), (20, 33), (33, 26), (26, 37), (37, 38)], 3: [(1, 29), (29, 18), (18, 45)], 2: [(1, 17), (17, 28), (28, 41)]}, padri: [19], figli: [21], mosse: [(5, 3, 1, 31, 1)]
21 -> costo: 201938.10000000006, rotte: {5: [(1, 34), (34, 35), (35, 22), (22, 24), (24, 30), (30, 31), (31, 11), (11, 13), (13, 42), (42, 6)], 4: [(1, 16), (16, 32), (32, 26), (26, 9), (9, 39), (39, 4)], 6: [(1, 5), (5, 2), (2, 10), (10, 40), (40, 23), (23, 25), (25, 21), (21, 15), (15, 44), (44, 31), (31, 19)], 7: [(1, 27), (27, 8), (8, 36), (36, 7), (7, 3), (3, 43), (43, 14), (14, 12), (12, 20), (20, 33), (33, 26), (26, 37), (37, 38)], 3: [(1, 29), (29, 18), (18, 45)], 2: [(1, 17), (17, 28), (28, 41)]}, padri: [20], figli: [22], mosse: [(5, 5, 24, 30, 20)]
22 -> costo: 201281.60000000006, rotte: {5: [(1, 34), (34, 22), (22, 24), (24, 30), (30, 31), (31, 35), (35, 11), (11, 13), (13, 42), (42, 6)], 4: [(1, 16), (16, 32), (32, 26), (26, 9), (9, 39), (39, 4)], 6: [(1, 5), (5, 2), (2, 10), (10, 40), (40, 23), (23, 25), (25, 21), (21, 15), (15, 44), (44, 31), (31, 19)], 7: [(1, 27), (27, 8), (8, 36), (36, 7), (7, 3), (3, 43), (43, 14), (14, 12), (12, 20), (20, 33), (33, 26), (26, 37), (37, 38)], 3: [(1, 29), (29, 18), (18, 45)], 2: [(1, 17), (17, 28), (28, 41)]}, padri: [21], figli: [23], mosse: [(5, 5, 31, 35, 5)]
23 -> costo: 198243.40000000005, rotte: {5: [(1, 22), (22, 24), (24, 30), (30, 31), (31, 34), (34, 35), (35, 11), (11, 13), (13, 42), (42, 6)], 4: [(1, 16), (16, 32), (32, 26), (26, 9), (9, 39), (39, 4)], 6: [(1, 5), (5, 2), (2, 10), (10, 40), (40, 23), (23, 25), (25, 21), (21, 15), (15, 44), (44, 31), (31, 19)], 7: [(1, 27), (27, 8), (8, 36), (36, 7), (7, 3), (3, 43), (43, 14), (14, 12), (12, 20), (20, 33), (33, 26), (26, 37), (37, 38)], 3: [(1, 29), (29, 18), (18, 45)], 2: [(1, 17), (17, 28), (28, 41)]}, padri: [22], figli: [24], mosse: [(5, 5, 31, 34, 4)]
24 -> costo: 197867.50000000006, rotte: {5: [(1, 22), (22, 24), (24, 30), (30, 31), (31, 34), (34, 35), (35, 11), (11, 13), (13, 42), (42, 6)], 4: [(1, 32), (32, 26), (26, 16), (16, 9), (9, 39), (39, 4)], 6: [(1, 5), (5, 2), (2, 10), (10, 40), (40, 23), (23, 25), (25, 21), (21, 15), (15, 44), (44, 31), (31, 19)], 7: [(1, 27), (27, 8), (8, 36), (36, 7), (7, 3), (3, 43), (43, 14), (14, 12), (12, 20), (20, 33), (33, 26), (26, 37), (37, 38)], 3: [(1, 29), (29, 18), (18, 45)], 2: [(1, 17), (17, 28), (28, 41)]}, padri: [23], figli: [25], mosse: [(4, 4, 26, 16, 18)]
25 -> costo: 196486.10000000006, rotte: {5: [(1, 22), (22, 24), (24, 30), (30, 31), (31, 34), (34, 35), (35, 11), (11, 13), (13, 42), (42, 6)], 4: [(1, 26), (26, 32), (32, 16), (16, 9), (9, 39), (39, 4)], 6: [(1, 5), (5, 2), (2, 10), (10, 40), (40, 23), (23, 25), (25, 21), (21, 15), (15, 44), (44, 31), (31, 19)], 7: [(1, 27), (27, 8), (8, 36), (36, 7), (7, 3), (3, 43), (43, 14), (14, 12), (12, 20), (20, 33), (33, 26), (26, 37), (37, 38)], 3: [(1, 29), (29, 18), (18, 45)], 2: [(1, 17), (17, 28), (28, 41)]}, padri: [24], figli: [26], mosse: [(4, 4, 26, 32, 1)]
26 -> costo: 196290.60000000006, rotte: {5: [(1, 24), (24, 22), (22, 30), (30, 31), (31, 34), (34, 35), (35, 11), (11, 13), (13, 42), (42, 6)], 4: [(1, 26), (26, 32), (32, 16), (16, 9), (9, 39), (39, 4)], 6: [(1, 5), (5, 2), (2, 10), (10, 40), (40, 23), (23, 25), (25, 21), (21, 15), (15, 44), (44, 31), (31, 19)], 7: [(1, 27), (27, 8), (8, 36), (36, 7), (7, 3), (3, 43), (43, 14), (14, 12), (12, 20), (20, 33), (33, 26), (26, 37), (37, 38)], 3: [(1, 29), (29, 18), (18, 45)], 2: [(1, 17), (17, 28), (28, 41)]}, padri: [25], figli: [27], mosse: [(5, 5, 24, 22, 9)]
27 -> costo: 196164.40000000005, rotte: {5: [(1, 24), (24, 22), (22, 30), (30, 31), (31, 34), (34, 35), (35, 11), (11, 13), (13, 42), (42, 6)], 4: [(1, 26), (26, 32), (32, 16), (16, 9), (9, 39), (39, 4)], 6: [(1, 19), (19, 5), (5, 2), (2, 10), (10, 40), (40, 23), (23, 25), (25, 21), (21, 15), (15, 44), (44, 31)], 7: [(1, 27), (27, 8), (8, 36), (36, 7), (7, 3), (3, 43), (43, 14), (14, 12), (12, 20), (20, 33), (33, 26), (26, 37), (37, 38)], 3: [(1, 29), (29, 18), (18, 45)], 2: [(1, 17), (17, 28), (28, 41)]}, padri: [26], figli: [28], mosse: [(6, 6, 1, 19, 3)]
28 -> costo: 194986.30000000005, rotte: {5: [(1, 24), (24, 22), (22, 30), (30, 31), (31, 34), (34, 35), (35, 11), (11, 13), (13, 42), (42, 6)], 4: [(1, 26), (26, 32), (32, 16), (16, 9), (9, 39), (39, 4)], 6: [(1, 31), (31, 19), (19, 5), (5, 2), (2, 10), (10, 40), (40, 23), (23, 25), (25, 21), (21, 15), (15, 44)], 7: [(1, 27), (27, 8), (8, 36), (36, 7), (7, 3), (3, 43), (43, 14), (14, 12), (12, 20), (20, 33), (33, 26), (26, 37), (37, 38)], 3: [(1, 29), (29, 18), (18, 45)], 2: [(1, 17), (17, 28), (28, 41)]}, padri: [27], figli: [29], mosse: [(6, 6, 1, 31, 6)]
29 -> costo: 194240.50000000006, rotte: {5: [(1, 24), (24, 22), (22, 30), (30, 31), (31, 34), (34, 35), (35, 11), (11, 13), (13, 42), (42, 6)], 4: [(1, 26), (26, 32), (32, 16), (16, 9), (9, 39), (39, 4)], 6: [(1, 31), (31, 19), (19, 44), (44, 5), (5, 2), (2, 10), (10, 40), (40, 23), (23, 25), (25, 21), (21, 15)], 7: [(1, 27), (27, 8), (8, 36), (36, 7), (7, 3), (3, 43), (43, 14), (14, 12), (12, 20), (20, 33), (33, 26), (26, 37), (37, 38)], 3: [(1, 29), (29, 18), (18, 45)], 2: [(1, 17), (17, 28), (28, 41)]}, padri: [28], figli: [30], mosse: [(6, 6, 19, 44, 16)]
30 -> costo: 193344.80000000005, rotte: {5: [(1, 24), (24, 22), (22, 30), (30, 31), (31, 34), (34, 35), (35, 11), (11, 13), (13, 42), (42, 6)], 4: [(1, 26), (26, 32), (32, 16), (16, 9), (9, 39), (39, 4)], 6: [(1, 31), (31, 19), (19, 44), (44, 15), (15, 5), (5, 2), (2, 10), (10, 40), (40, 23), (23, 25), (25, 21)], 7: [(1, 27), (27, 8), (8, 36), (36, 7), (7, 3), (3, 43), (43, 14), (14, 12), (12, 20), (20, 33), (33, 26), (26, 37), (37, 38)], 3: [(1, 29), (29, 18), (18, 45)], 2: [(1, 17), (17, 28), (28, 41)]}, padri: [29], figli: [31], mosse: [(6, 6, 44, 15, 17)]
31 -> costo: 192103.50000000006, rotte: {5: [(1, 24), (24, 22), (22, 30), (30, 31), (31, 34), (34, 35), (35, 11), (11, 13), (13, 42), (42, 6)], 4: [(1, 26), (26, 32), (32, 16), (16, 9), (9, 39), (39, 4)], 6: [(1, 31), (31, 21), (21, 19), (19, 44), (44, 15), (15, 5), (5, 2), (2, 10), (10, 40), (40, 23), (23, 25)], 7: [(1, 27), (27, 8), (8, 36), (36, 7), (7, 3), (3, 43), (43, 14), (14, 12), (12, 20), (20, 33), (33, 26), (26, 37), (37, 38)], 3: [(1, 29), (29, 18), (18, 45)], 2: [(1, 17), (17, 28), (28, 41)]}, padri: [30], figli: [32], mosse: [(6, 6, 31, 21, 8)]
32 -> costo: 191500.60000000006, rotte: {5: [(1, 24), (24, 22), (22, 30), (30, 31), (31, 34), (34, 35), (35, 11), (11, 13), (13, 42), (42, 6)], 4: [(1, 26), (26, 32), (32, 16), (16, 9), (9, 39), (39, 4)], 6: [(1, 21), (21, 19), (19, 44), (44, 15), (15, 5), (5, 2), (2, 10), (10, 40), (40, 23), (23, 25)], 7: [(1, 27), (27, 8), (8, 36), (36, 7), (7, 3), (3, 43), (43, 14), (14, 12), (12, 20), (20, 33), (33, 26), (26, 37), (37, 38)], 3: [(1, 31), (31, 29), (29, 18), (18, 45)], 2: [(1, 17), (17, 28), (28, 41)]}, padri: [31], figli: [33], mosse: [(3, 6, 1, 31, 6)]
33 -> costo: 190581.90000000008, rotte: {5: [(1, 24), (24, 22), (22, 30), (30, 34), (34, 35), (35, 11), (11, 13), (13, 42), (42, 6)], 4: [(1, 26), (26, 32), (32, 16), (16, 9), (9, 39), (39, 4)], 6: [(1, 21), (21, 19), (19, 44), (44, 15), (15, 5), (5, 2), (2, 10), (10, 40), (40, 23), (23, 25)], 7: [(1, 27), (27, 8), (8, 36), (36, 7), (7, 3), (3, 43), (43, 14), (14, 12), (12, 20), (20, 33), (33, 26), (26, 37), (37, 38)], 3: [(1, 31), (31, 29), (29, 18), (18, 45)], 2: [(1, 17), (17, 28), (28, 41)]}, padri: [32], figli: [34], mosse: [(3, 5, 1, 31, 6)]
34 -> costo: 190404.6000000001, rotte: {5: [(1, 24), (24, 22), (22, 30), (30, 34), (34, 35), (35, 11), (11, 13), (13, 42), (42, 6)], 4: [(1, 26), (26, 32), (32, 16), (16, 9), (9, 39), (39, 4)], 6: [(1, 25), (25, 21), (21, 19), (19, 44), (44, 15), (15, 5), (5, 2), (2, 10), (10, 40), (40, 23)], 7: [(1, 27), (27, 8), (8, 36), (36, 7), (7, 3), (3, 43), (43, 14), (14, 12), (12, 20), (20, 33), (33, 26), (26, 37), (37, 38)], 3: [(1, 31), (31, 29), (29, 18), (18, 45)], 2: [(1, 17), (17, 28), (28, 41)]}, padri: [33], figli: [35], mosse: [(6, 6, 1, 25, 14)]
35 -> costo: 190362.90000000008, rotte: {5: [(1, 24), (24, 22), (22, 30), (30, 34), (34, 35), (35, 11), (11, 13), (13, 42), (42, 6)], 4: [(1, 26), (26, 32), (32, 16), (16, 9), (9, 39), (39, 4)], 6: [(1, 25), (25, 21), (21, 19), (19, 44), (44, 15), (15, 5), (5, 2), (2, 10), (10, 40), (40, 23)], 7: [(1, 8), (8, 36), (36, 7), (7, 3), (3, 43), (43, 14), (14, 12), (12, 20), (20, 33), (33, 26), (26, 27), (27, 37), (37, 38)], 3: [(1, 31), (31, 29), (29, 18), (18, 45)], 2: [(1, 17), (17, 28), (28, 41)]}, padri: [34], figli: [36], mosse: [(7, 7, 26, 27, 16)]
36 -> costo: 189309.90000000008, rotte: {5: [(1, 24), (24, 22), (22, 30), (30, 34), (34, 35), (35, 11), (11, 13), (13, 42), (42, 6)], 4: [(1, 26), (26, 32), (32, 16), (16, 9), (9, 39), (39, 4)], 6: [(1, 25), (25, 21), (21, 19), (19, 44), (44, 15), (15, 5), (5, 2), (2, 10), (10, 8), (8, 40), (40, 23)], 7: [(1, 36), (36, 7), (7, 3), (3, 43), (43, 14), (14, 12), (12, 20), (20, 33), (33, 26), (26, 27), (27, 37), (37, 38)], 3: [(1, 31), (31, 29), (29, 18), (18, 45)], 2: [(1, 17), (17, 28), (28, 41)]}, padri: [35], figli: [37], mosse: [(6, 7, 10, 8, 2)]
37 -> costo: 189281.30000000008, rotte: {5: [(1, 24), (24, 22), (22, 30), (30, 34), (34, 35), (35, 36), (36, 11), (11, 13), (13, 42), (42, 6)], 4: [(1, 26), (26, 32), (32, 16), (16, 9), (9, 39), (39, 4)], 6: [(1, 25), (25, 21), (21, 19), (19, 44), (44, 15), (15, 5), (5, 2), (2, 10), (10, 8), (8, 40), (40, 23)], 7: [(1, 7), (7, 3), (3, 43), (43, 14), (14, 12), (12, 20), (20, 33), (33, 26), (26, 27), (27, 37), (37, 38)], 3: [(1, 31), (31, 29), (29, 18), (18, 45)], 2: [(1, 17), (17, 28), (28, 41)]}, padri: [36], figli: [], mosse: [(5, 7, 35, 36, 6)]
bestSolutionIndice: 37
37 -> costo: 189281.30000000008, rotte: {5: [(1, 24), (24, 22), (22, 30), (30, 34), (34, 35), (35, 36), (36, 11), (11, 13), (13, 42), (42, 6)], 4: [(1, 26), (26, 32), (32, 16), (16, 9), (9, 39), (39, 4)], 6: [(1, 25), (25, 21), (21, 19), (19, 44), (44, 15), (15, 5), (5, 2), (2, 10), (10, 8), (8, 40), (40, 23)], 7: [(1, 7), (7, 3), (3, 43), (43, 14), (14, 12), (12, 20), (20, 33), (33, 26), (26, 27), (27, 37), (37, 38)], 3: [(1, 31), (31, 29), (29, 18), (18, 45)], 2: [(1, 17), (17, 28), (28, 41)]}, padri: [36], figli: [], mosse: [(5, 7, 35, 36, 6)]
trasportoPalletDiGamma: {5: [(24, 11), (22, 9), (30, 20), (34, 4), (35, 5), (36, 6), (11, 8), (13, 10), (42, 14), (6, 8)], 4: [(26, 12), (32, 1), (16, 18), (9, 3), (39, 10), (4, 6)], 6: [(25, 14), (21, 8), (19, 3), (44, 16), (15, 17), (5, 7), (2, 4), (10, 4), (8, 2), (40, 11), (23, 10)], 7: [(7, 9), (3, 5), (43, 15), (14, 11), (12, 9), (20, 4), (33, 2), (26, 3), (27, 16), (37, 8), (38, 9)], 3: [(31, 12), (29, 19), (18, 2), (45, 17)], 2: [(17, 19), (28, 18), (41, 13)]}
itMosseLS: 37, itMosseTS: 1
time elapsed: 33409.28s.


