s: 1
dictSolutions[1]:
0 -> costo: 128.49241800000001, rotte: {7: [(1, 3), (3, 5), (5, 7)], 8: [(1, 4), (4, 6), (6, 8)]}, padri: [-1], figli: [1, 6, 9, 11, 12, 14, 12, 12, 15, 15, 15, 17, 18, 18, 18, 19, 19, 19], mosse: [-1]
1 -> costo: 116.05193799999999, rotte: {7: [(1, 5), (5, 3), (3, 7)], 8: [(1, 4), (4, 6), (6, 8)]}, padri: [0, 15, 15, 15, 19], figli: [2, 3, 4, 4, 4, 5, 5, 5, 7, 10, 13, 13, 13], mosse: [(7, 7, 5, 3, 3), (7, 7, 7, 3), (7, 7, 5, 3, 3), (7, 7, 3, 7, 5), (7, 7, 1, 5, 3)]
2 -> costo: 107.74277599999999, rotte: {7: [(1, 5), (5, 3), (3, 7)], 8: [(1, 6), (6, 4), (4, 8)]}, padri: [1, 3, 3, 3, 4, 6, 7, 7, 7, 8], figli: [], mosse: [(8, 8, 6, 4, 3), (8, 8, 8, 4), (8, 8, 6, 4, 3), (8, 8, 4, 8, 2), (8, 8, 1, 6, 2), (7, 7, 5, 3, 3), (7, 7, 7, 3), (7, 7, 5, 3, 3), (7, 7, 3, 7, 5), (7, 7, 1, 5, 3)]
3 -> costo: 110.06624, rotte: {7: [(1, 5), (5, 3), (3, 7)], 8: [(1, 6), (6, 8), (8, 4)]}, padri: [1, 5, 9, 10, 10, 10, 11], figli: [2, 2, 2, 7, 7, 7], mosse: [(8, 8, 8, 4, 3), (8, 8, 1, 6, 2), (7, 7, 5, 3, 3), (7, 7, 7, 3), (7, 7, 5, 3, 3), (7, 7, 3, 7, 5), (7, 7, 1, 5, 3)]
4 -> costo: 110.44069400000001, rotte: {7: [(1, 5), (5, 3), (3, 7)], 8: [(1, 4), (4, 8), (8, 6)]}, padri: [1, 1, 1, 5, 12, 13, 13, 13, 14], figli: [2, 7], mosse: [(8, 8, 4, 8, 2), (8, 8, 8, 6, 2), (8, 8, 6, 8), (8, 8, 4, 8, 2), (7, 7, 5, 3, 3), (7, 7, 7, 3), (7, 7, 5, 3, 3), (7, 7, 3, 7, 5), (7, 7, 1, 5, 3)]
5 -> costo: 114.67854799999998, rotte: {7: [(1, 5), (5, 3), (3, 7)], 8: [(1, 8), (8, 4), (4, 6)]}, padri: [1, 16, 16, 16, 17, 18], figli: [3, 4, 10, 13], mosse: [(8, 8, 1, 8, 2), (7, 7, 7, 3), (7, 7, 5, 3, 3), (7, 7, 3, 7, 5), (7, 7, 5, 3, 3), (7, 7, 1, 5, 3)]
6 -> costo: 120.18325599999999, rotte: {7: [(1, 3), (3, 5), (5, 7)], 8: [(1, 6), (6, 4), (4, 8)]}, padri: [0, 9, 9, 9, 12], figli: [2, 7, 8, 8, 8], mosse: [(8, 8, 6, 4, 3), (8, 8, 8, 4), (8, 8, 6, 4, 3), (8, 8, 4, 8, 2), (8, 8, 1, 6, 2)]
7 -> costo: 115.187972, rotte: {7: [(1, 5), (5, 7), (7, 3)], 8: [(1, 6), (6, 4), (4, 8)]}, padri: [6, 10, 10, 10, 13, 15], figli: [2, 2, 2], mosse: [(7, 7, 7, 3, 3), (8, 8, 8, 4), (8, 8, 6, 4, 3), (8, 8, 4, 8, 2), (8, 8, 1, 6, 2), (8, 8, 6, 4, 3)]
8 -> costo: 119.66903199999999, rotte: {7: [(1, 3), (3, 7), (7, 5)], 8: [(1, 6), (6, 4), (4, 8)]}, padri: [6, 6, 6, 11, 11, 11, 14, 19], figli: [2], mosse: [(7, 7, 3, 7, 5), (7, 7, 5, 7), (7, 7, 7, 5, 3), (8, 8, 8, 4), (8, 8, 6, 4, 3), (8, 8, 4, 8, 2), (8, 8, 1, 6, 2), (8, 8, 6, 4, 3)]
9 -> costo: 122.50671999999999, rotte: {7: [(1, 3), (3, 5), (5, 7)], 8: [(1, 6), (6, 8), (8, 4)]}, padri: [0, 17], figli: [3, 10, 6, 6, 6, 11, 11, 11, 11, 11, 14, 14, 14], mosse: [(8, 8, 8, 4, 3), (8, 8, 1, 6, 2)]
10 -> costo: 117.511436, rotte: {7: [(1, 5), (5, 7), (7, 3)], 8: [(1, 6), (6, 8), (8, 4)]}, padri: [9, 15, 16], figli: [3, 3, 3, 7, 7, 7], mosse: [(7, 7, 7, 3, 3), (8, 8, 8, 4, 3), (8, 8, 1, 6, 2)]
11 -> costo: 121.99249599999999, rotte: {7: [(1, 3), (3, 7), (7, 5)], 8: [(1, 6), (6, 8), (8, 4)]}, padri: [9, 9, 9, 18, 19], figli: [3, 8, 8, 8], mosse: [(7, 7, 3, 7, 5), (7, 7, 5, 7), (7, 7, 7, 5, 3), (8, 8, 1, 6, 2), (8, 8, 8, 4, 3)]
12 -> costo: 122.88117400000002, rotte: {7: [(1, 3), (3, 5), (5, 7)], 8: [(1, 4), (4, 8), (8, 6)]}, padri: [0, 0, 0, 17], figli: [4, 13, 6, 14, 14, 14, 16], mosse: [(8, 8, 4, 8, 2), (8, 8, 8, 6, 2), (8, 8, 6, 8), (8, 8, 4, 8, 2)]
13 -> costo: 117.88589000000002, rotte: {7: [(1, 5), (5, 7), (7, 3)], 8: [(1, 4), (4, 8), (8, 6)]}, padri: [12, 15, 15, 15, 16], figli: [4, 4, 4, 7], mosse: [(7, 7, 7, 3, 3), (8, 8, 4, 8, 2), (8, 8, 8, 6, 2), (8, 8, 6, 8), (8, 8, 4, 8, 2)]
14 -> costo: 122.36695, rotte: {7: [(1, 3), (3, 7), (7, 5)], 8: [(1, 4), (4, 8), (8, 6)]}, padri: [12, 12, 12, 18, 19, 19, 19], figli: [4, 8], mosse: [(7, 7, 3, 7, 5), (7, 7, 5, 7), (7, 7, 7, 5, 3), (8, 8, 4, 8, 2), (8, 8, 4, 8, 2), (8, 8, 8, 6, 2), (8, 8, 6, 8)]
15 -> costo: 123.497134, rotte: {7: [(1, 5), (5, 7), (7, 3)], 8: [(1, 4), (4, 6), (6, 8)]}, padri: [0], figli: [7, 1, 1, 1, 10, 13, 13, 13, 16, 16, 16], mosse: [(7, 7, 7, 3, 3)]
16 -> costo: 122.12374399999999, rotte: {7: [(1, 5), (5, 7), (7, 3)], 8: [(1, 8), (8, 4), (4, 6)]}, padri: [15, 17], figli: [5, 5, 5, 10, 13], mosse: [(8, 8, 1, 8, 2), (7, 7, 7, 3, 3)]
17 -> costo: 127.11902799999997, rotte: {7: [(1, 3), (3, 5), (5, 7)], 8: [(1, 8), (8, 4), (4, 6)]}, padri: [0], figli: [5, 16, 9, 12, 18, 18, 18], mosse: [(8, 8, 1, 8, 2)]
18 -> costo: 126.60480399999999, rotte: {7: [(1, 3), (3, 7), (7, 5)], 8: [(1, 8), (8, 4), (4, 6)]}, padri: [17, 17, 17, 19], figli: [5, 11, 14], mosse: [(7, 7, 3, 7, 5), (7, 7, 5, 7), (7, 7, 7, 5, 3), (8, 8, 1, 8, 2)]
19 -> costo: 127.97819399999999, rotte: {7: [(1, 3), (3, 7), (7, 5)], 8: [(1, 4), (4, 6), (6, 8)]}, padri: [0, 0, 0], figli: [1, 8, 11, 14, 14, 14, 18], mosse: [(7, 7, 3, 7, 5), (7, 7, 5, 7), (7, 7, 7, 5, 3)]
bestSolutionIndice: 2
itMosseLS: 93, itMosseTS: 93
time elapsed: 15.33s.


