##########################################################################################s: 1
dictSolutions[1]:
0 -> costo: 161.850734, rotte: {7: [(1, 4), (4, 6), (6, 3), (3, 8), (8, 5)], 8: [(1, 7), (7, 5)]}, padri: [-1], figli: [1, 45, 45, 45, 87, 87, 87, 100, 103, 107, 109, 107, 107, 114, 114, 114, 119, 121, 124, 126], mosse: [-1]
1 -> costo: 146.08723600000002, rotte: {7: [(1, 5), (5, 4), (4, 6), (6, 3), (3, 8)], 8: [(1, 7), (7, 5)]}, padri: [0, 102, 105, 105, 105, 115, 116], figli: [2, 2, 2, 24, 24, 24, 28, 32, 34, 37, 43, 46, 46, 46, 91], mosse: [(7, 7, 1, 5, 1), (7, 7, 5, 4, 3), (7, 7, 8, 3), (7, 7, 6, 3, 3), (7, 7, 3, 8, 2), (7, 7, 4, 6, 2), (7, 7, 4, 6, 2)]
2 -> costo: 132.670926, rotte: {7: [(1, 5), (5, 4), (4, 6), (6, 3), (3, 8)], 8: [(1, 5), (5, 7)]}, padri: [1, 1, 1, 45, 61, 64, 64, 64, 74, 75], figli: [3, 7, 11, 13, 16, 22, 26, 50], mosse: [(8, 8, 7, 5), (8, 8, 1, 5, 2), (8, 8, 5, 7, 5), (7, 7, 1, 5, 1), (7, 7, 5, 4, 3), (7, 7, 8, 3), (7, 7, 6, 3, 3), (7, 7, 3, 8, 2), (7, 7, 4, 6, 2), (7, 7, 4, 6, 2)]
3 -> costo: 123.771431, rotte: {7: [(1, 5), (5, 4), (4, 8), (8, 6), (6, 3)], 8: [(1, 5), (5, 7)]}, padri: [2, 7, 15, 19, 19, 19, 24, 24, 24, 63, 64, 75], figli: [4, 5, 6, 9, 12], mosse: [(7, 7, 4, 8, 2), (7, 7, 4, 8, 2), (7, 7, 8, 6, 2), (7, 7, 3, 6), (7, 7, 8, 6, 2), (7, 7, 6, 3, 3), (8, 8, 7, 5), (8, 8, 1, 5, 2), (8, 8, 5, 7, 5), (7, 7, 1, 5, 1), (7, 7, 8, 6, 2), (7, 7, 6, 3, 3)]
4 -> costo: 109.590272, rotte: {7: [(1, 5), (5, 3), (3, 4), (4, 8), (8, 6)], 8: [(1, 5), (5, 7)]}, padri: [3, 5, 6, 8, 10, 13, 14, 14, 14, 25, 25, 25, 58, 75, 75, 77], figli: [], mosse: [(7, 7, 5, 3, 3), (7, 7, 5, 3, 3), (7, 7, 1, 5, 1), (7, 7, 4, 8, 2), (7, 7, 8, 6, 2), (7, 7, 8, 6, 2), (7, 7, 8, 6, 2), (7, 7, 4, 8, 2), (7, 7, 6, 8), (8, 8, 7, 5), (8, 8, 1, 5, 2), (8, 8, 5, 7, 5), (7, 7, 3, 4, 3), (7, 7, 3, 4, 3), (7, 7, 4, 3), (7, 7, 8, 6, 2)]
5 -> costo: 122.37603999999999, rotte: {7: [(1, 3), (3, 5), (5, 4), (4, 8), (8, 6)], 8: [(1, 5), (5, 7)]}, padri: [3, 11, 16, 26, 26, 26, 53, 54, 54, 54, 55, 70], figli: [4, 6, 9, 18], mosse: [(7, 7, 1, 3, 3), (7, 7, 4, 8, 2), (7, 7, 8, 6, 2), (8, 8, 7, 5), (8, 8, 1, 5, 2), (8, 8, 5, 7, 5), (7, 7, 8, 6, 2), (7, 7, 8, 6, 2), (7, 7, 4, 8, 2), (7, 7, 6, 8), (7, 7, 8, 6, 2), (7, 7, 5, 4, 3)]
6 -> costo: 119.54325500000002, rotte: {7: [(1, 3), (3, 4), (4, 8), (8, 6), (6, 5)], 8: [(1, 5), (5, 7)]}, padri: [5, 12, 17, 27, 27, 27, 46, 47, 50, 50, 50, 72, 84], figli: [4, 9], mosse: [(7, 7, 6, 5, 1), (7, 7, 4, 8, 2), (7, 7, 8, 6, 2), (8, 8, 7, 5), (8, 8, 1, 5, 2), (8, 8, 5, 7, 5), (7, 7, 8, 6, 2), (7, 7, 8, 6, 2), (7, 7, 8, 6, 2), (7, 7, 6, 5, 1), (7, 7, 5, 6), (7, 7, 4, 8, 2), (7, 7, 1, 3, 3)]
7 -> costo: 127.63712400000003, rotte: {7: [(1, 5), (5, 8), (8, 4), (4, 6), (6, 3)], 8: [(1, 5), (5, 7)]}, padri: [2, 20, 23, 23, 23, 28, 28, 28, 67], figli: [8, 3, 11, 16, 26], mosse: [(7, 7, 5, 8, 2), (7, 7, 4, 6, 2), (7, 7, 4, 6, 2), (7, 7, 6, 3, 3), (7, 7, 3, 6), (8, 8, 7, 5), (8, 8, 1, 5, 2), (8, 8, 5, 7, 5), (7, 7, 1, 5, 1)]
8 -> costo: 112.914941, rotte: {7: [(1, 5), (5, 3), (3, 8), (8, 4), (4, 6)], 8: [(1, 5), (5, 7)]}, padri: [7, 11, 12, 14, 29, 29, 29, 58, 58, 58, 61, 75], figli: [4, 9, 21, 31], mosse: [(7, 7, 5, 3, 3), (7, 7, 5, 3, 3), (7, 7, 1, 5, 1), (7, 7, 3, 8, 2), (8, 8, 7, 5), (8, 8, 1, 5, 2), (8, 8, 5, 7, 5), (7, 7, 8, 4, 3), (7, 7, 6, 4), (7, 7, 4, 6, 2), (7, 7, 4, 6, 2), (7, 7, 8, 4, 3)]
9 -> costo: 111.54451900000001, rotte: {7: [(1, 5), (5, 3), (3, 6), (6, 8), (8, 4)], 8: [(1, 5), (5, 7)]}, padri: [8, 14, 18, 20, 21, 22, 30, 30, 30, 58, 61, 61], figli: [10, 10, 10, 14, 14, 14, 15, 15, 15, 17, 17, 17], mosse: [(7, 7, 3, 6, 2), (7, 7, 8, 4, 3), (7, 7, 1, 5, 1), (7, 7, 5, 3, 3), (7, 7, 5, 3, 3), (7, 7, 8, 4, 3), (8, 8, 7, 5), (8, 8, 1, 5, 2), (8, 8, 5, 7, 5), (7, 7, 6, 8, 2), (7, 7, 3, 6, 2), (7, 7, 6, 3)]
10 -> costo: 109.613966, rotte: {7: [(1, 5), (5, 3), (3, 6), (6, 4), (4, 8)], 8: [(1, 5), (5, 7)]}, padri: [9, 9, 9, 13, 14, 13, 15, 16, 17, 22, 31, 31, 31, 58, 77], figli: [4], mosse: [(7, 7, 4, 8, 2), (7, 7, 6, 4, 3), (7, 7, 8, 4), (7, 7, 3, 6, 2), (7, 7, 6, 4, 3), (7, 7, 6, 3), (7, 7, 5, 3, 3), (7, 7, 5, 3, 3), (7, 7, 1, 5, 1), (7, 7, 6, 4, 3), (8, 8, 7, 5), (8, 8, 1, 5, 2), (8, 8, 5, 7, 5), (7, 7, 4, 8, 2), (7, 7, 3, 6, 2)]
11 -> costo: 125.705309, rotte: {7: [(1, 3), (3, 5), (5, 8), (8, 4), (4, 6)], 8: [(1, 5), (5, 7)]}, padri: [7, 21, 32, 32, 32, 54, 69, 70, 70, 70, 71], figli: [8, 5, 12], mosse: [(7, 7, 1, 3, 3), (7, 7, 4, 6, 2), (8, 8, 7, 5), (8, 8, 1, 5, 2), (8, 8, 5, 7, 5), (7, 7, 5, 8, 2), (7, 7, 4, 6, 2), (7, 7, 8, 4, 3), (7, 7, 6, 4), (7, 7, 4, 6, 2), (7, 7, 4, 6, 2)]
12 -> costo: 123.04636200000002, rotte: {7: [(1, 3), (3, 8), (8, 4), (4, 6), (6, 5)], 8: [(1, 5), (5, 7)]}, padri: [11, 33, 33, 33, 57, 59, 60, 60, 60, 72], figli: [8, 6, 18], mosse: [(7, 7, 6, 5, 1), (8, 8, 7, 5), (8, 8, 1, 5, 2), (8, 8, 5, 7, 5), (7, 7, 4, 6, 2), (7, 7, 4, 6, 2), (7, 7, 4, 6, 2), (7, 7, 6, 5, 1), (7, 7, 5, 6), (7, 7, 3, 8, 2)]
13 -> costo: 129.74174600000003, rotte: {7: [(1, 5), (5, 6), (6, 3), (3, 4), (4, 8)], 8: [(1, 5), (5, 7)]}, padri: [2, 34, 34, 34, 46, 61, 61, 61, 74, 77, 77], figli: [4, 10, 14, 10, 15, 15, 17, 17, 49], mosse: [(7, 7, 3, 4, 3), (8, 8, 7, 5), (8, 8, 1, 5, 2), (8, 8, 5, 7, 5), (7, 7, 1, 5, 1), (7, 7, 3, 4, 3), (7, 7, 4, 8, 2), (7, 7, 8, 4), (7, 7, 3, 4, 3), (7, 7, 5, 6, 2), (7, 7, 6, 5)]
14 -> costo: 114.565562, rotte: {7: [(1, 5), (5, 3), (3, 4), (4, 6), (6, 8)], 8: [(1, 5), (5, 7)]}, padri: [13, 22, 22, 35, 35, 35, 47, 54, 64, 77], figli: [4, 4, 4, 10, 9, 8, 15, 17, 21, 31], mosse: [(7, 7, 4, 6, 2), (7, 7, 3, 4, 3), (7, 7, 4, 3), (8, 8, 7, 5), (8, 8, 1, 5, 2), (8, 8, 5, 7, 5), (7, 7, 1, 5, 1), (7, 7, 5, 3, 3), (7, 7, 5, 3, 3), (7, 7, 4, 6, 2)]
15 -> costo: 128.64491900000002, rotte: {7: [(1, 5), (5, 6), (6, 4), (4, 8), (8, 3)], 8: [(1, 5), (5, 7)]}, padri: [13, 36, 36, 36, 48, 64, 74, 74, 74], figli: [10, 3, 16, 17, 19, 20, 23, 26, 38, 42, 54], mosse: [(7, 7, 8, 3, 3), (8, 8, 7, 5), (8, 8, 1, 5, 2), (8, 8, 5, 7, 5), (7, 7, 1, 5, 1), (7, 7, 6, 4, 3), (7, 7, 4, 8, 2), (7, 7, 8, 3, 3), (7, 7, 3, 8)]
16 -> costo: 124.15033400000002, rotte: {7: [(1, 3), (3, 5), (5, 6), (6, 4), (4, 8)], 8: [(1, 5), (5, 7)]}, padri: [15, 21, 21, 21, 37, 37, 37, 53, 54, 55, 70, 80, 81], figli: [10, 17, 5, 47, 51, 57], mosse: [(7, 7, 1, 3, 3), (7, 7, 4, 8, 2), (7, 7, 6, 4, 3), (7, 7, 8, 4), (8, 8, 7, 5), (8, 8, 1, 5, 2), (8, 8, 5, 7, 5), (7, 7, 5, 6, 2), (7, 7, 6, 4, 3), (7, 7, 5, 6, 2), (7, 7, 4, 8, 2), (7, 7, 6, 4, 3), (7, 7, 6, 4, 3)]
17 -> costo: 120.98119700000001, rotte: {7: [(1, 3), (3, 6), (6, 4), (4, 8), (8, 5)], 8: [(1, 5), (5, 7)]}, padri: [16, 38, 38, 38, 46, 47, 50, 46, 51, 55, 56, 56, 56, 57, 78, 79], figli: [10, 6, 18], mosse: [(7, 7, 8, 5, 1), (8, 8, 7, 5), (8, 8, 1, 5, 2), (8, 8, 5, 7, 5), (7, 7, 3, 6, 2), (7, 7, 6, 4, 3), (7, 7, 3, 6, 2), (7, 7, 6, 3), (7, 7, 1, 3, 3), (7, 7, 8, 5, 1), (7, 7, 4, 8, 2), (7, 7, 8, 5, 1), (7, 7, 5, 8), (7, 7, 4, 8, 2), (7, 7, 6, 4, 3), (7, 7, 6, 4, 3)]
18 -> costo: 120.91320200000001, rotte: {7: [(1, 3), (3, 6), (6, 8), (8, 4), (4, 5)], 8: [(1, 5), (5, 7)]}, padri: [17, 21, 39, 39, 39, 47, 52, 56, 57, 57, 59, 60, 59, 71, 78, 79, 79, 79], figli: [9, 21, 31], mosse: [(7, 7, 8, 4, 3), (7, 7, 4, 5, 1), (8, 8, 7, 5), (8, 8, 1, 5, 2), (8, 8, 5, 7, 5), (7, 7, 8, 4, 3), (7, 7, 1, 3, 3), (7, 7, 6, 8, 2), (7, 7, 6, 8, 2), (7, 7, 8, 6), (7, 7, 3, 6, 2), (7, 7, 3, 6, 2), (7, 7, 6, 3), (7, 7, 4, 5, 1), (7, 7, 8, 4, 3), (7, 7, 4, 5, 1), (7, 7, 8, 4, 3), (7, 7, 5, 4)]
19 -> costo: 127.293801, rotte: {7: [(1, 5), (5, 4), (4, 8), (8, 3), (3, 6)], 8: [(1, 5), (5, 7)]}, padri: [15, 22, 23, 40, 40, 40, 64, 75, 86], figli: [3, 3, 3, 26, 26, 26], mosse: [(7, 7, 3, 6, 2), (7, 7, 4, 8, 2), (7, 7, 4, 8, 2), (8, 8, 7, 5), (8, 8, 1, 5, 2), (8, 8, 5, 7, 5), (7, 7, 3, 6, 2), (7, 7, 8, 3, 3), (7, 7, 1, 5, 1)]
20 -> costo: 128.22242800000004, rotte: {7: [(1, 5), (5, 6), (6, 8), (8, 4), (4, 3)], 8: [(1, 5), (5, 7)]}, padri: [15, 23, 41, 41, 41, 49, 61, 64, 74], figli: [9, 21, 7, 31, 70], mosse: [(7, 7, 8, 4, 3), (7, 7, 5, 6, 2), (8, 8, 7, 5), (8, 8, 1, 5, 2), (8, 8, 5, 7, 5), (7, 7, 1, 5, 1), (7, 7, 4, 3, 3), (7, 7, 8, 4, 3), (7, 7, 6, 8, 2)]
21 -> costo: 126.08088700000002, rotte: {7: [(1, 3), (3, 5), (5, 6), (6, 8), (8, 4)], 8: [(1, 5), (5, 7)]}, padri: [20, 42, 42, 42, 54, 69, 70, 71, 80, 81], figli: [9, 18, 16, 16, 16, 11, 31, 38, 38, 38, 54, 54, 54], mosse: [(7, 7, 1, 3, 3), (8, 8, 7, 5), (8, 8, 1, 5, 2), (8, 8, 5, 7, 5), (7, 7, 8, 4, 3), (7, 7, 5, 6, 2), (7, 7, 6, 8, 2), (7, 7, 5, 6, 2), (7, 7, 8, 4, 3), (7, 7, 8, 4, 3)]
22 -> costo: 131.56468, rotte: {7: [(1, 5), (5, 4), (4, 3), (3, 6), (6, 8)], 8: [(1, 5), (5, 7)]}, padri: [2, 43, 43, 43, 64, 74, 75, 75, 75, 78], figli: [10, 9, 14, 14, 19, 23, 31], mosse: [(7, 7, 3, 6, 2), (8, 8, 7, 5), (8, 8, 1, 5, 2), (8, 8, 5, 7, 5), (7, 7, 4, 3, 3), (7, 7, 3, 6, 2), (7, 7, 3, 6, 2), (7, 7, 6, 8, 2), (7, 7, 8, 6), (7, 7, 1, 5, 1)]
23 -> costo: 129.28591400000005, rotte: {7: [(1, 5), (5, 8), (8, 4), (4, 3), (3, 6)], 8: [(1, 5), (5, 7)]}, padri: [22, 44, 44, 44], figli: [19, 7, 7, 7, 20, 42], mosse: [(7, 7, 5, 8, 2), (8, 8, 7, 5), (8, 8, 1, 5, 2), (8, 8, 5, 7, 5)]
24 -> costo: 137.18774100000002, rotte: {7: [(1, 5), (5, 4), (4, 8), (8, 6), (6, 3)], 8: [(1, 7), (7, 5)]}, padri: [1, 28, 36, 40, 40, 40, 104, 105, 116], figli: [25, 3, 3, 3, 26, 26, 26, 27, 30, 33], mosse: [(7, 7, 4, 8, 2), (7, 7, 4, 8, 2), (7, 7, 8, 6, 2), (7, 7, 3, 6), (7, 7, 8, 6, 2), (7, 7, 6, 3, 3), (7, 7, 1, 5, 1), (7, 7, 8, 6, 2), (7, 7, 6, 3, 3)]
25 -> costo: 123.006582, rotte: {7: [(1, 5), (5, 3), (3, 4), (4, 8), (8, 6)], 8: [(1, 7), (7, 5)]}, padri: [24, 26, 27, 29, 31, 34, 35, 35, 35, 99, 116, 116, 118], figli: [4, 4, 4], mosse: [(7, 7, 5, 3, 3), (7, 7, 5, 3, 3), (7, 7, 1, 5, 1), (7, 7, 4, 8, 2), (7, 7, 8, 6, 2), (7, 7, 8, 6, 2), (7, 7, 8, 6, 2), (7, 7, 4, 8, 2), (7, 7, 6, 8), (7, 7, 3, 4, 3), (7, 7, 3, 4, 3), (7, 7, 4, 3), (7, 7, 8, 6, 2)]
26 -> costo: 135.79235, rotte: {7: [(1, 3), (3, 5), (5, 4), (4, 8), (8, 6)], 8: [(1, 7), (7, 5)]}, padri: [24, 32, 37, 94, 95, 95, 95, 96, 111], figli: [5, 5, 5, 25, 27, 30, 39], mosse: [(7, 7, 1, 3, 3), (7, 7, 4, 8, 2), (7, 7, 8, 6, 2), (7, 7, 8, 6, 2), (7, 7, 8, 6, 2), (7, 7, 4, 8, 2), (7, 7, 6, 8), (7, 7, 8, 6, 2), (7, 7, 5, 4, 3)]
27 -> costo: 132.959565, rotte: {7: [(1, 3), (3, 4), (4, 8), (8, 6), (6, 5)], 8: [(1, 7), (7, 5)]}, padri: [26, 33, 38, 87, 88, 91, 91, 91, 113, 125], figli: [6, 6, 6, 25, 30], mosse: [(7, 7, 6, 5, 1), (7, 7, 4, 8, 2), (7, 7, 8, 6, 2), (7, 7, 8, 6, 2), (7, 7, 8, 6, 2), (7, 7, 8, 6, 2), (7, 7, 6, 5, 1), (7, 7, 5, 6), (7, 7, 4, 8, 2), (7, 7, 1, 3, 3)]
28 -> costo: 141.053434, rotte: {7: [(1, 5), (5, 8), (8, 4), (4, 6), (6, 3)], 8: [(1, 7), (7, 5)]}, padri: [1, 41, 44, 44, 44, 108], figli: [29, 7, 7, 7, 24, 32, 37], mosse: [(7, 7, 5, 8, 2), (7, 7, 4, 6, 2), (7, 7, 4, 6, 2), (7, 7, 6, 3, 3), (7, 7, 3, 6), (7, 7, 1, 5, 1)]
29 -> costo: 126.331251, rotte: {7: [(1, 5), (5, 3), (3, 8), (8, 4), (4, 6)], 8: [(1, 7), (7, 5)]}, padri: [28, 32, 33, 35, 99, 99, 99, 102, 116], figli: [8, 8, 8, 25, 30], mosse: [(7, 7, 5, 3, 3), (7, 7, 5, 3, 3), (7, 7, 1, 5, 1), (7, 7, 3, 8, 2), (7, 7, 8, 4, 3), (7, 7, 6, 4), (7, 7, 4, 6, 2), (7, 7, 4, 6, 2), (7, 7, 8, 4, 3)]
30 -> costo: 124.960829, rotte: {7: [(1, 5), (5, 3), (3, 6), (6, 8), (8, 4)], 8: [(1, 7), (7, 5)]}, padri: [29, 35, 39, 41, 42, 43, 99, 102, 102], figli: [9, 9, 9, 31, 31, 31, 31, 31, 35, 35, 35, 36, 36, 36], mosse: [(7, 7, 3, 6, 2), (7, 7, 8, 4, 3), (7, 7, 1, 5, 1), (7, 7, 5, 3, 3), (7, 7, 5, 3, 3), (7, 7, 8, 4, 3), (7, 7, 6, 8, 2), (7, 7, 3, 6, 2), (7, 7, 6, 3)]
31 -> costo: 123.03027599999999, rotte: {7: [(1, 5), (5, 3), (3, 6), (6, 4), (4, 8)], 8: [(1, 7), (7, 5)]}, padri: [30, 30, 30, 34, 35, 34, 36, 37, 38, 43, 99, 118], figli: [10, 10, 10, 25], mosse: [(7, 7, 4, 8, 2), (7, 7, 6, 4, 3), (7, 7, 8, 4), (7, 7, 3, 6, 2), (7, 7, 6, 4, 3), (7, 7, 6, 3), (7, 7, 5, 3, 3), (7, 7, 5, 3, 3), (7, 7, 1, 5, 1), (7, 7, 6, 4, 3), (7, 7, 4, 8, 2), (7, 7, 3, 6, 2)]
32 -> costo: 139.12161899999998, rotte: {7: [(1, 3), (3, 5), (5, 8), (8, 4), (4, 6)], 8: [(1, 7), (7, 5)]}, padri: [28, 42, 95, 110, 111, 111, 111, 112], figli: [11, 11, 11, 29, 26, 33], mosse: [(7, 7, 1, 3, 3), (7, 7, 4, 6, 2), (7, 7, 5, 8, 2), (7, 7, 4, 6, 2), (7, 7, 8, 4, 3), (7, 7, 6, 4), (7, 7, 4, 6, 2), (7, 7, 4, 6, 2)]
33 -> costo: 136.46267200000003, rotte: {7: [(1, 3), (3, 8), (8, 4), (4, 6), (6, 5)], 8: [(1, 7), (7, 5)]}, padri: [32, 98, 100, 101, 101, 101, 113], figli: [12, 12, 12, 29, 27, 39], mosse: [(7, 7, 6, 5, 1), (7, 7, 4, 6, 2), (7, 7, 4, 6, 2), (7, 7, 4, 6, 2), (7, 7, 6, 5, 1), (7, 7, 5, 6), (7, 7, 3, 8, 2)]
34 -> costo: 143.15805600000002, rotte: {7: [(1, 5), (5, 6), (6, 3), (3, 4), (4, 8)], 8: [(1, 7), (7, 5)]}, padri: [1, 87, 102, 102, 102, 115, 118, 118], figli: [25, 31, 35, 13, 13, 13, 31, 36, 36, 50, 50, 50, 90], mosse: [(7, 7, 3, 4, 3), (7, 7, 1, 5, 1), (7, 7, 3, 4, 3), (7, 7, 4, 8, 2), (7, 7, 8, 4), (7, 7, 3, 4, 3), (7, 7, 5, 6, 2), (7, 7, 6, 5)]
35 -> costo: 127.981872, rotte: {7: [(1, 5), (5, 3), (3, 4), (4, 6), (6, 8)], 8: [(1, 7), (7, 5)]}, padri: [34, 43, 43, 88, 95, 105, 118], figli: [14, 14, 14, 25, 25, 25, 31, 30, 29, 36], mosse: [(7, 7, 4, 6, 2), (7, 7, 3, 4, 3), (7, 7, 4, 3), (7, 7, 1, 5, 1), (7, 7, 5, 3, 3), (7, 7, 5, 3, 3), (7, 7, 4, 6, 2)]
36 -> costo: 142.061229, rotte: {7: [(1, 5), (5, 6), (6, 4), (4, 8), (8, 3)], 8: [(1, 7), (7, 5)]}, padri: [34, 89, 105, 115, 115, 115], figli: [31, 15, 15, 15, 24, 37, 40, 41, 44, 49, 49, 49], mosse: [(7, 7, 8, 3, 3), (7, 7, 1, 5, 1), (7, 7, 6, 4, 3), (7, 7, 4, 8, 2), (7, 7, 8, 3, 3), (7, 7, 3, 8)]
37 -> costo: 137.566644, rotte: {7: [(1, 3), (3, 5), (5, 6), (6, 4), (4, 8)], 8: [(1, 7), (7, 5)]}, padri: [36, 42, 42, 42, 94, 95, 96, 111, 121, 122], figli: [31, 16, 16, 16, 38, 38, 38, 26, 54, 54, 54, 92], mosse: [(7, 7, 1, 3, 3), (7, 7, 4, 8, 2), (7, 7, 6, 4, 3), (7, 7, 8, 4), (7, 7, 5, 6, 2), (7, 7, 6, 4, 3), (7, 7, 5, 6, 2), (7, 7, 4, 8, 2), (7, 7, 6, 4, 3), (7, 7, 6, 4, 3)]
38 -> costo: 134.397507, rotte: {7: [(1, 3), (3, 6), (6, 4), (4, 8), (8, 5)], 8: [(1, 7), (7, 5)]}, padri: [37, 87, 88, 91, 87, 92, 96, 97, 97, 97, 98, 119, 120], figli: [17, 17, 17, 31, 27, 39, 47, 47, 47, 51, 51, 51, 57, 57, 57], mosse: [(7, 7, 8, 5, 1), (7, 7, 3, 6, 2), (7, 7, 6, 4, 3), (7, 7, 3, 6, 2), (7, 7, 6, 3), (7, 7, 1, 3, 3), (7, 7, 8, 5, 1), (7, 7, 4, 8, 2), (7, 7, 8, 5, 1), (7, 7, 5, 8), (7, 7, 4, 8, 2), (7, 7, 6, 4, 3), (7, 7, 6, 4, 3)]
39 -> costo: 134.32951200000002, rotte: {7: [(1, 3), (3, 6), (6, 8), (8, 4), (4, 5)], 8: [(1, 7), (7, 5)]}, padri: [38, 42, 88, 93, 97, 98, 98, 100, 101, 100, 112, 119, 120, 120, 120], figli: [18, 18, 18, 30], mosse: [(7, 7, 8, 4, 3), (7, 7, 4, 5, 1), (7, 7, 8, 4, 3), (7, 7, 1, 3, 3), (7, 7, 6, 8, 2), (7, 7, 6, 8, 2), (7, 7, 8, 6), (7, 7, 3, 6, 2), (7, 7, 3, 6, 2), (7, 7, 6, 3), (7, 7, 4, 5, 1), (7, 7, 8, 4, 3), (7, 7, 4, 5, 1), (7, 7, 8, 4, 3), (7, 7, 5, 4)]
40 -> costo: 140.710111, rotte: {7: [(1, 5), (5, 4), (4, 8), (8, 3), (3, 6)], 8: [(1, 7), (7, 5)]}, padri: [36, 43, 44, 105, 116, 127], figli: [19, 19, 19, 24, 24, 24], mosse: [(7, 7, 3, 6, 2), (7, 7, 4, 8, 2), (7, 7, 4, 8, 2), (7, 7, 3, 6, 2), (7, 7, 8, 3, 3), (7, 7, 1, 5, 1)]
41 -> costo: 141.63873800000002, rotte: {7: [(1, 5), (5, 6), (6, 8), (8, 4), (4, 3)], 8: [(1, 7), (7, 5)]}, padri: [36, 44, 90, 102, 105, 115], figli: [30, 20, 20, 20, 42, 42, 42, 28], mosse: [(7, 7, 8, 4, 3), (7, 7, 5, 6, 2), (7, 7, 1, 5, 1), (7, 7, 4, 3, 3), (7, 7, 8, 4, 3), (7, 7, 6, 8, 2)]
42 -> costo: 139.49719700000003, rotte: {7: [(1, 3), (3, 5), (5, 6), (6, 8), (8, 4)], 8: [(1, 7), (7, 5)]}, padri: [41, 95, 110, 111, 112, 121, 122], figli: [30, 21, 21, 21, 39, 37, 37, 37, 32, 70, 70, 70], mosse: [(7, 7, 1, 3, 3), (7, 7, 8, 4, 3), (7, 7, 5, 6, 2), (7, 7, 6, 8, 2), (7, 7, 5, 6, 2), (7, 7, 8, 4, 3), (7, 7, 8, 4, 3)]
43 -> costo: 144.98099000000002, rotte: {7: [(1, 5), (5, 4), (4, 3), (3, 6), (6, 8)], 8: [(1, 7), (7, 5)]}, padri: [1, 105, 115, 116, 116, 116, 119], figli: [31, 30, 35, 22, 22, 22, 35, 40, 44], mosse: [(7, 7, 3, 6, 2), (7, 7, 4, 3, 3), (7, 7, 3, 6, 2), (7, 7, 3, 6, 2), (7, 7, 6, 8, 2), (7, 7, 8, 6), (7, 7, 1, 5, 1)]
44 -> costo: 142.70222400000003, rotte: {7: [(1, 5), (5, 8), (8, 4), (4, 3), (3, 6)], 8: [(1, 7), (7, 5)]}, padri: [43], figli: [23, 23, 23, 40, 28, 28, 28, 41], mosse: [(7, 7, 5, 8, 2)]
45 -> costo: 148.434424, rotte: {7: [(1, 4), (4, 6), (6, 3), (3, 8), (8, 5)], 8: [(1, 5), (5, 7)]}, padri: [0, 0, 0], figli: [2, 46, 59, 62, 66, 68, 66, 66, 73, 73, 73, 78, 80, 83, 85, 88, 108, 108, 108, 115], mosse: [(8, 8, 7, 5), (8, 8, 1, 5, 2), (8, 8, 5, 7, 5)]
46 -> costo: 138.75193900000002, rotte: {7: [(1, 6), (6, 3), (3, 4), (4, 8), (8, 5)], 8: [(1, 5), (5, 7)]}, padri: [45, 59, 73, 77, 87, 87, 87], figli: [6, 17, 47, 48, 13, 50, 17, 51, 51, 52, 53, 57, 57, 63, 71, 74, 79, 84, 95], mosse: [(7, 7, 3, 4, 3), (7, 7, 4, 8, 2), (7, 7, 3, 4, 3), (7, 7, 8, 5, 1), (8, 8, 7, 5), (8, 8, 1, 5, 2), (8, 8, 5, 7, 5)]
47 -> costo: 126.66784000000001, rotte: {7: [(1, 3), (3, 4), (4, 6), (6, 8), (8, 5)], 8: [(1, 5), (5, 7)]}, padri: [46, 50, 54, 72, 72, 72, 78, 78, 79, 81, 83, 88, 88, 88], figli: [14, 6, 18, 17, 51, 57], mosse: [(7, 7, 4, 6, 2), (7, 7, 4, 6, 2), (7, 7, 8, 5, 1), (7, 7, 6, 8, 2), (7, 7, 8, 5, 1), (7, 7, 5, 8), (7, 7, 3, 4, 3), (7, 7, 4, 3), (7, 7, 3, 4, 3), (7, 7, 8, 5, 1), (7, 7, 1, 3, 3), (8, 8, 7, 5), (8, 8, 1, 5, 2), (8, 8, 5, 7, 5)]
48 -> costo: 129.29809600000002, rotte: {7: [(1, 6), (6, 4), (4, 8), (8, 3), (3, 5)], 8: [(1, 5), (5, 7)]}, padri: [46, 51, 51, 51, 62, 65, 62, 68, 73, 89, 89, 89], figli: [15, 49], mosse: [(7, 7, 8, 3, 3), (7, 7, 8, 3, 3), (7, 7, 3, 5, 1), (7, 7, 5, 3), (7, 7, 6, 4, 3), (7, 7, 1, 6, 2), (7, 7, 4, 6), (7, 7, 4, 8, 2), (7, 7, 8, 3, 3), (8, 8, 7, 5), (8, 8, 1, 5, 2), (8, 8, 5, 7, 5)]
49 -> costo: 128.69716700000004, rotte: {7: [(1, 6), (6, 8), (8, 4), (4, 3), (3, 5)], 8: [(1, 5), (5, 7)]}, padri: [48, 52, 52, 52, 59, 62, 68, 82, 90, 90, 90], figli: [20], mosse: [(7, 7, 8, 4, 3), (7, 7, 4, 3, 3), (7, 7, 3, 5, 1), (7, 7, 5, 3), (7, 7, 4, 3, 3), (7, 7, 8, 4, 3), (7, 7, 6, 8, 2), (7, 7, 1, 6, 2), (8, 8, 7, 5), (8, 8, 1, 5, 2), (8, 8, 5, 7, 5)]
50 -> costo: 129.892785, rotte: {7: [(1, 3), (3, 4), (4, 8), (8, 5), (5, 6)], 8: [(1, 5), (5, 7)]}, padri: [46, 60, 81, 91, 91, 91], figli: [6, 6, 6, 17, 47, 51, 57, 79], mosse: [(7, 7, 5, 6, 2), (7, 7, 4, 8, 2), (7, 7, 4, 8, 2), (8, 8, 7, 5), (8, 8, 1, 5, 2), (8, 8, 5, 7, 5)]
51 -> costo: 136.17198800000003, rotte: {7: [(1, 6), (6, 4), (4, 8), (8, 5), (5, 3)], 8: [(1, 5), (5, 7)]}, padri: [46, 73, 76, 83, 85, 83, 92, 92, 92], figli: [17, 48, 48, 48, 52, 52, 52, 57, 63, 63, 63, 74, 74, 74], mosse: [(7, 7, 5, 3, 3), (7, 7, 5, 3, 3), (7, 7, 4, 8, 2), (7, 7, 6, 4, 3), (7, 7, 1, 6, 2), (7, 7, 4, 6), (8, 8, 7, 5), (8, 8, 1, 5, 2), (8, 8, 5, 7, 5)]
52 -> costo: 135.56756900000002, rotte: {7: [(1, 6), (6, 8), (8, 4), (4, 5), (5, 3)], 8: [(1, 5), (5, 7)]}, padri: [51, 59, 76, 83, 93, 93, 93], figli: [18, 49, 49, 49], mosse: [(7, 7, 8, 4, 3), (7, 7, 5, 3, 3), (7, 7, 6, 8, 2), (7, 7, 8, 4, 3), (8, 8, 7, 5), (8, 8, 1, 5, 2), (8, 8, 5, 7, 5)]
53 -> costo: 138.396452, rotte: {7: [(1, 6), (6, 3), (3, 5), (5, 4), (4, 8)], 8: [(1, 5), (5, 7)]}, padri: [46, 66, 68, 69, 69, 69, 77, 94, 94, 94], figli: [5, 16, 54, 55, 56, 81], mosse: [(7, 7, 3, 5, 1), (7, 7, 5, 4, 3), (7, 7, 5, 4, 3), (7, 7, 4, 8, 2), (7, 7, 5, 4, 3), (7, 7, 8, 4), (7, 7, 3, 5, 1), (8, 8, 7, 5), (8, 8, 1, 5, 2), (8, 8, 5, 7, 5)]
54 -> costo: 127.35132999999999, rotte: {7: [(1, 3), (3, 5), (5, 4), (4, 6), (6, 8)], 8: [(1, 5), (5, 7)]}, padri: [53, 55, 64, 80, 81, 95, 95, 95], figli: [14, 5, 5, 5, 16, 11, 21, 47, 70, 79], mosse: [(7, 7, 4, 6, 2), (7, 7, 4, 6, 2), (7, 7, 1, 3, 3), (7, 7, 5, 4, 3), (7, 7, 5, 4, 3), (8, 8, 7, 5), (8, 8, 1, 5, 2), (8, 8, 5, 7, 5)]
55 -> costo: 135.731366, rotte: {7: [(1, 3), (3, 6), (6, 5), (5, 4), (4, 8)], 8: [(1, 5), (5, 7)]}, padri: [53, 71, 71, 71, 79, 96, 96, 96], figli: [17, 5, 16, 54, 56, 57, 72, 81, 98], mosse: [(7, 7, 3, 6, 2), (7, 7, 4, 8, 2), (7, 7, 5, 4, 3), (7, 7, 8, 4), (7, 7, 4, 8, 2), (8, 8, 7, 5), (8, 8, 1, 5, 2), (8, 8, 5, 7, 5)]
56 -> costo: 134.51256800000002, rotte: {7: [(1, 3), (3, 6), (6, 4), (4, 5), (5, 8)], 8: [(1, 5), (5, 7)]}, padri: [55, 71, 72, 97, 97, 97], figli: [18, 17, 17, 17, 57, 57, 57, 60, 99], mosse: [(7, 7, 4, 5, 1), (7, 7, 6, 4, 3), (7, 7, 6, 4, 3), (8, 8, 7, 5), (8, 8, 1, 5, 2), (8, 8, 5, 7, 5)]
57 -> costo: 131.15038200000004, rotte: {7: [(1, 3), (3, 8), (8, 6), (6, 4), (4, 5)], 8: [(1, 5), (5, 7)]}, padri: [56, 59, 60, 70, 98, 98, 98], figli: [58, 18, 17, 12, 18], mosse: [(7, 7, 3, 8, 2), (7, 7, 8, 6, 2), (7, 7, 8, 6, 2), (7, 7, 4, 5, 1), (8, 8, 7, 5), (8, 8, 1, 5, 2), (8, 8, 5, 7, 5)]
58 -> costo: 120.868214, rotte: {7: [(1, 5), (5, 3), (3, 8), (8, 6), (6, 4)], 8: [(1, 5), (5, 7)]}, padri: [57, 61, 70, 75, 99, 99, 99], figli: [4, 10, 9, 8, 8, 8], mosse: [(7, 7, 1, 5, 1), (7, 7, 8, 6, 2), (7, 7, 5, 3, 3), (7, 7, 6, 4, 3), (8, 8, 7, 5), (8, 8, 1, 5, 2), (8, 8, 5, 7, 5)]
59 -> costo: 140.73596200000006, rotte: {7: [(1, 6), (6, 3), (3, 8), (8, 4), (4, 5)], 8: [(1, 5), (5, 7)]}, padri: [45, 69, 73, 100, 100, 100], figli: [18, 12, 49, 57, 60, 61, 52, 18, 46, 75, 88, 99], mosse: [(7, 7, 8, 4, 3), (7, 7, 4, 5, 1), (7, 7, 8, 4, 3), (8, 8, 7, 5), (8, 8, 1, 5, 2), (8, 8, 5, 7, 5)]
60 -> costo: 131.87606800000003, rotte: {7: [(1, 3), (3, 8), (8, 4), (4, 5), (5, 6)], 8: [(1, 5), (5, 7)]}, padri: [59, 81, 101, 101, 101], figli: [18, 12, 12, 12, 50, 57, 99], mosse: [(7, 7, 5, 6, 2), (7, 7, 3, 8, 2), (8, 8, 7, 5), (8, 8, 1, 5, 2), (8, 8, 5, 7, 5)]
61 -> costo: 133.54587900000004, rotte: {7: [(1, 5), (5, 6), (6, 3), (3, 8), (8, 4)], 8: [(1, 5), (5, 7)]}, padri: [59, 74, 102, 102, 102], figli: [9, 8, 58, 9, 20, 13, 13, 13, 2], mosse: [(7, 7, 1, 5, 1), (7, 7, 8, 4, 3), (8, 8, 7, 5), (8, 8, 1, 5, 2), (8, 8, 5, 7, 5)]
62 -> costo: 140.85895000000002, rotte: {7: [(1, 4), (4, 6), (6, 8), (8, 3), (3, 5)], 8: [(1, 5), (5, 7)]}, padri: [45, 66, 78, 83, 83, 83, 103, 103, 103], figli: [49, 48, 63, 64, 65, 48, 67, 74, 74, 82, 86], mosse: [(7, 7, 8, 3, 3), (7, 7, 6, 8, 2), (7, 7, 8, 3, 3), (7, 7, 8, 3, 3), (7, 7, 3, 5, 1), (7, 7, 5, 3), (8, 8, 7, 5), (8, 8, 1, 5, 2), (8, 8, 5, 7, 5)]
63 -> costo: 130.08599, rotte: {7: [(1, 4), (4, 8), (8, 6), (6, 3), (3, 5)], 8: [(1, 5), (5, 7)]}, padri: [62, 65, 66, 67, 84, 84, 84, 86, 104, 104, 104], figli: [3], mosse: [(7, 7, 8, 6, 2), (7, 7, 8, 6, 2), (7, 7, 4, 8, 2), (7, 7, 4, 8, 2), (7, 7, 6, 3, 3), (7, 7, 3, 5, 1), (7, 7, 5, 3), (7, 7, 6, 3, 3), (8, 8, 7, 5), (8, 8, 1, 5, 2), (8, 8, 5, 7, 5)]
64 -> costo: 133.630906, rotte: {7: [(1, 5), (5, 4), (4, 6), (6, 8), (8, 3)], 8: [(1, 5), (5, 7)]}, padri: [62, 105, 105, 105], figli: [14, 3, 19, 54, 20, 15, 22, 2, 2, 2, 81], mosse: [(7, 7, 1, 5, 1), (8, 8, 7, 5), (8, 8, 1, 5, 2), (8, 8, 5, 7, 5)]
65 -> costo: 139.76306200000002, rotte: {7: [(1, 4), (4, 8), (8, 3), (3, 5), (5, 6)], 8: [(1, 5), (5, 7)]}, padri: [62, 80, 82, 85, 86, 86, 86, 106, 106, 106], figli: [48, 63, 67, 74], mosse: [(7, 7, 5, 6, 2), (7, 7, 4, 8, 2), (7, 7, 4, 8, 2), (7, 7, 3, 5, 1), (7, 7, 3, 5, 1), (7, 7, 6, 5), (7, 7, 5, 6, 2), (8, 8, 7, 5), (8, 8, 1, 5, 2), (8, 8, 5, 7, 5)]
66 -> costo: 144.22653200000002, rotte: {7: [(1, 4), (4, 6), (6, 3), (3, 5), (5, 8)], 8: [(1, 5), (5, 7)]}, padri: [45, 45, 45, 107, 107, 107], figli: [63, 67, 53, 62, 68, 69, 71, 76, 77, 80, 85, 95, 111], mosse: [(7, 7, 3, 5, 1), (7, 7, 5, 8, 2), (7, 7, 8, 5), (8, 8, 7, 5), (8, 8, 1, 5, 2), (8, 8, 5, 7, 5)]
67 -> costo: 134.12225100000003, rotte: {7: [(1, 8), (8, 4), (4, 6), (6, 3), (3, 5)], 8: [(1, 5), (5, 7)]}, padri: [66, 82, 108, 108, 108], figli: [7, 63], mosse: [(7, 7, 1, 8, 2), (7, 7, 4, 6, 2), (8, 8, 7, 5), (8, 8, 1, 5, 2), (8, 8, 5, 7, 5)]
68 -> costo: 141.11873, rotte: {7: [(1, 6), (6, 4), (4, 3), (3, 5), (5, 8)], 8: [(1, 5), (5, 7)]}, padri: [66, 69, 73, 73, 73, 76, 109, 109, 109], figli: [49, 48, 53, 71, 74, 95], mosse: [(7, 7, 6, 4, 3), (7, 7, 6, 4, 3), (7, 7, 3, 5, 1), (7, 7, 5, 8, 2), (7, 7, 8, 5), (7, 7, 3, 5, 1), (8, 8, 7, 5), (8, 8, 1, 5, 2), (8, 8, 5, 7, 5)]
69 -> costo: 142.20444500000002, rotte: {7: [(1, 6), (6, 3), (3, 5), (5, 8), (8, 4)], 8: [(1, 5), (5, 7)]}, padri: [66, 110, 110, 110], figli: [11, 21, 70, 53, 53, 53, 71, 71, 71, 59, 68, 76, 77, 95, 95, 95], mosse: [(7, 7, 8, 4, 3), (8, 8, 7, 5), (8, 8, 1, 5, 2), (8, 8, 5, 7, 5)]
70 -> costo: 133.658582, rotte: {7: [(1, 3), (3, 5), (5, 8), (8, 6), (6, 4)], 8: [(1, 5), (5, 7)]}, padri: [69, 71, 111, 111, 111], figli: [58, 5, 16, 11, 11, 11, 21, 57, 99], mosse: [(7, 7, 8, 6, 2), (7, 7, 8, 6, 2), (8, 8, 7, 5), (8, 8, 1, 5, 2), (8, 8, 5, 7, 5)]
71 -> costo: 139.53935900000002, rotte: {7: [(1, 3), (3, 6), (6, 5), (5, 8), (8, 4)], 8: [(1, 5), (5, 7)]}, padri: [69, 79, 112, 112, 112], figli: [18, 11, 21, 70, 56, 72, 55, 55, 55, 98], mosse: [(7, 7, 3, 6, 2), (7, 7, 5, 8, 2), (8, 8, 7, 5), (8, 8, 1, 5, 2), (8, 8, 5, 7, 5)]
72 -> costo: 135.14170000000001, rotte: {7: [(1, 3), (3, 4), (4, 6), (6, 5), (5, 8)], 8: [(1, 5), (5, 7)]}, padri: [71, 81, 113, 113, 113], figli: [6, 12, 47, 47, 47, 56, 79, 79, 79, 98], mosse: [(7, 7, 3, 4, 3), (7, 7, 6, 5, 1), (8, 8, 7, 5), (8, 8, 1, 5, 2), (8, 8, 5, 7, 5)]
73 -> costo: 145.32662200000001, rotte: {7: [(1, 6), (6, 4), (4, 3), (3, 8), (8, 5)], 8: [(1, 5), (5, 7)]}, padri: [45, 114, 114, 114], figli: [48, 74, 51, 46, 59, 68, 68, 68, 76, 76, 76, 77, 77, 77, 84, 88], mosse: [(7, 7, 6, 4, 3), (8, 8, 7, 5), (8, 8, 1, 5, 2), (8, 8, 5, 7, 5)]
74 -> costo: 135.40294400000005, rotte: {7: [(1, 5), (5, 6), (6, 4), (4, 3), (3, 8)], 8: [(1, 5), (5, 7)]}, padri: [73, 115, 115, 115], figli: [20, 15, 15, 15, 13, 22, 2, 61, 75], mosse: [(7, 7, 1, 5, 1), (8, 8, 7, 5), (8, 8, 1, 5, 2), (8, 8, 5, 7, 5)]
75 -> costo: 135.26749, rotte: {7: [(1, 5), (5, 4), (4, 3), (3, 8), (8, 6)], 8: [(1, 5), (5, 7)]}, padri: [74, 116, 116, 116], figli: [4, 8, 58, 3, 4, 19, 22, 22, 22, 2], mosse: [(7, 7, 8, 6, 2), (8, 8, 7, 5), (8, 8, 1, 5, 2), (8, 8, 5, 7, 5)]
76 -> costo: 144.83449200000004, rotte: {7: [(1, 6), (6, 4), (4, 5), (5, 3), (3, 8)], 8: [(1, 5), (5, 7)]}, padri: [73, 117, 117, 117], figli: [52, 51, 68, 77, 84], mosse: [(7, 7, 4, 5, 1), (8, 8, 7, 5), (8, 8, 1, 5, 2), (8, 8, 5, 7, 5)]
77 -> costo: 144.145664, rotte: {7: [(1, 6), (6, 5), (5, 3), (3, 4), (4, 8)], 8: [(1, 5), (5, 7)]}, padri: [76, 118, 118, 118], figli: [4, 10, 14, 13, 13, 53, 46, 88, 95], mosse: [(7, 7, 3, 4, 3), (8, 8, 7, 5), (8, 8, 1, 5, 2), (8, 8, 5, 7, 5)]
78 -> costo: 147.14974, rotte: {7: [(1, 4), (4, 3), (3, 6), (6, 8), (8, 5)], 8: [(1, 5), (5, 7)]}, padri: [45, 83, 119, 119, 119], figli: [18, 17, 47, 22, 47, 79, 79, 62, 80, 85, 122], mosse: [(7, 7, 3, 6, 2), (7, 7, 4, 3, 3), (8, 8, 7, 5), (8, 8, 1, 5, 2), (8, 8, 5, 7, 5)]
79 -> costo: 140.29958000000002, rotte: {7: [(1, 3), (3, 6), (6, 8), (8, 5), (5, 4)], 8: [(1, 5), (5, 7)]}, padri: [78, 120, 120, 120], figli: [18, 18, 18, 17, 47, 55, 71], mosse: [(7, 7, 5, 4, 3), (8, 8, 7, 5), (8, 8, 1, 5, 2), (8, 8, 5, 7, 5)]
80 -> costo: 146.22201, rotte: {7: [(1, 4), (4, 3), (3, 5), (5, 6), (6, 8)], 8: [(1, 5), (5, 7)]}, padri: [78, 121, 121, 121], figli: [16, 21, 54, 81, 65, 82, 81, 86], mosse: [(7, 7, 3, 5, 1), (8, 8, 7, 5), (8, 8, 1, 5, 2), (8, 8, 5, 7, 5)]
81 -> costo: 138.06173000000004, rotte: {7: [(1, 3), (3, 4), (4, 5), (5, 6), (6, 8)], 8: [(1, 5), (5, 7)]}, padri: [80, 80, 122, 122, 122], figli: [16, 21, 47, 54, 50, 60, 72], mosse: [(7, 7, 3, 4, 3), (7, 7, 4, 3), (8, 8, 7, 5), (8, 8, 1, 5, 2), (8, 8, 5, 7, 5)]
82 -> costo: 141.747305, rotte: {7: [(1, 8), (8, 4), (4, 3), (3, 5), (5, 6)], 8: [(1, 5), (5, 7)]}, padri: [80, 123, 123, 123], figli: [49, 67, 65, 86], mosse: [(7, 7, 1, 8, 2), (8, 8, 7, 5), (8, 8, 1, 5, 2), (8, 8, 5, 7, 5)]
83 -> costo: 147.732842, rotte: {7: [(1, 4), (4, 6), (6, 8), (8, 5), (5, 3)], 8: [(1, 5), (5, 7)]}, padri: [45, 124, 124, 124], figli: [47, 52, 51, 84, 62, 62, 62, 85, 85, 85, 78, 51], mosse: [(7, 7, 5, 3, 3), (8, 8, 7, 5), (8, 8, 1, 5, 2), (8, 8, 5, 7, 5)]
84 -> costo: 138.286842, rotte: {7: [(1, 4), (4, 8), (8, 6), (6, 5), (5, 3)], 8: [(1, 5), (5, 7)]}, padri: [83, 85, 86, 125, 125, 125], figli: [6, 63, 63, 63], mosse: [(7, 7, 8, 6, 2), (7, 7, 8, 6, 2), (7, 7, 5, 3, 3), (8, 8, 7, 5), (8, 8, 1, 5, 2), (8, 8, 5, 7, 5)]
85 -> costo: 142.435454, rotte: {7: [(1, 4), (4, 8), (8, 5), (5, 3), (3, 6)], 8: [(1, 5), (5, 7)]}, padri: [83, 126, 126, 126], figli: [51, 84, 65, 86], mosse: [(7, 7, 3, 6, 2), (8, 8, 7, 5), (8, 8, 1, 5, 2), (8, 8, 5, 7, 5)]
86 -> costo: 140.90800400000003, rotte: {7: [(1, 4), (4, 8), (8, 3), (3, 6), (6, 5)], 8: [(1, 5), (5, 7)]}, padri: [85, 127, 127, 127], figli: [19, 63, 84, 65, 65, 65], mosse: [(7, 7, 6, 5, 1), (8, 8, 7, 5), (8, 8, 1, 5, 2), (8, 8, 5, 7, 5)]
87 -> costo: 152.168249, rotte: {7: [(1, 6), (6, 3), (3, 4), (4, 8), (8, 5)], 8: [(1, 7), (7, 5)]}, padri: [0, 100, 114, 118], figli: [27, 38, 46, 46, 46, 88, 88, 88, 89, 34, 91, 38, 92, 92, 93, 94, 104, 112, 120, 125], mosse: [(7, 7, 3, 4, 3), (7, 7, 4, 8, 2), (7, 7, 3, 4, 3), (7, 7, 8, 5, 1)]
88 -> costo: 140.08415, rotte: {7: [(1, 3), (3, 4), (4, 6), (6, 8), (8, 5)], 8: [(1, 7), (7, 5)]}, padri: [87, 91, 95, 113, 113, 113, 119, 119, 120, 122, 124], figli: [47, 47, 47, 35, 27, 39, 38, 92], mosse: [(7, 7, 4, 6, 2), (7, 7, 4, 6, 2), (7, 7, 8, 5, 1), (7, 7, 6, 8, 2), (7, 7, 8, 5, 1), (7, 7, 5, 8), (7, 7, 3, 4, 3), (7, 7, 4, 3), (7, 7, 3, 4, 3), (7, 7, 8, 5, 1), (7, 7, 1, 3, 3)]
89 -> costo: 142.71440600000003, rotte: {7: [(1, 6), (6, 4), (4, 8), (8, 3), (3, 5)], 8: [(1, 7), (7, 5)]}, padri: [87, 92, 92, 92, 103, 106, 103, 109, 114], figli: [48, 48, 48, 36, 90], mosse: [(7, 7, 8, 3, 3), (7, 7, 8, 3, 3), (7, 7, 3, 5, 1), (7, 7, 5, 3), (7, 7, 6, 4, 3), (7, 7, 1, 6, 2), (7, 7, 4, 6), (7, 7, 4, 8, 2), (7, 7, 8, 3, 3)]
90 -> costo: 142.11347700000002, rotte: {7: [(1, 6), (6, 8), (8, 4), (4, 3), (3, 5)], 8: [(1, 7), (7, 5)]}, padri: [89, 93, 93, 93, 100, 103, 109, 123], figli: [49, 49, 49, 41], mosse: [(7, 7, 8, 4, 3), (7, 7, 4, 3, 3), (7, 7, 3, 5, 1), (7, 7, 5, 3), (7, 7, 4, 3, 3), (7, 7, 8, 4, 3), (7, 7, 6, 8, 2), (7, 7, 1, 6, 2)]
91 -> costo: 143.30909499999999, rotte: {7: [(1, 3), (3, 4), (4, 8), (8, 5), (5, 6)], 8: [(1, 7), (7, 5)]}, padri: [87, 101, 122], figli: [50, 50, 50, 27, 27, 27, 38, 88, 92, 120], mosse: [(7, 7, 5, 6, 2), (7, 7, 4, 8, 2), (7, 7, 4, 8, 2)]
92 -> costo: 149.588298, rotte: {7: [(1, 6), (6, 4), (4, 8), (8, 5), (5, 3)], 8: [(1, 7), (7, 5)]}, padri: [87, 114, 117, 124, 126, 124], figli: [38, 51, 51, 51, 89, 89, 89, 93, 93, 93, 104, 104, 104], mosse: [(7, 7, 5, 3, 3), (7, 7, 5, 3, 3), (7, 7, 4, 8, 2), (7, 7, 6, 4, 3), (7, 7, 1, 6, 2), (7, 7, 4, 6)]
93 -> costo: 148.983879, rotte: {7: [(1, 6), (6, 8), (8, 4), (4, 5), (5, 3)], 8: [(1, 7), (7, 5)]}, padri: [92, 100, 117, 124], figli: [39, 52, 52, 52, 90, 90, 90], mosse: [(7, 7, 8, 4, 3), (7, 7, 5, 3, 3), (7, 7, 6, 8, 2), (7, 7, 8, 4, 3)]
94 -> costo: 151.81276200000002, rotte: {7: [(1, 6), (6, 3), (3, 5), (5, 4), (4, 8)], 8: [(1, 7), (7, 5)]}, padri: [87, 107, 109, 110, 110, 110, 118], figli: [26, 37, 53, 53, 53, 95, 95, 95, 96, 97], mosse: [(7, 7, 3, 5, 1), (7, 7, 5, 4, 3), (7, 7, 5, 4, 3), (7, 7, 4, 8, 2), (7, 7, 5, 4, 3), (7, 7, 8, 4), (7, 7, 3, 5, 1)]
95 -> costo: 140.76764, rotte: {7: [(1, 3), (3, 5), (5, 4), (4, 6), (6, 8)], 8: [(1, 7), (7, 5)]}, padri: [94, 96, 105, 121, 122], figli: [54, 54, 54, 35, 26, 26, 26, 37, 32, 42, 88, 120], mosse: [(7, 7, 4, 6, 2), (7, 7, 4, 6, 2), (7, 7, 1, 3, 3), (7, 7, 5, 4, 3), (7, 7, 5, 4, 3)]
96 -> costo: 149.147676, rotte: {7: [(1, 3), (3, 6), (6, 5), (5, 4), (4, 8)], 8: [(1, 7), (7, 5)]}, padri: [94, 112, 112, 112, 120], figli: [38, 55, 55, 55, 26, 37, 95, 97, 113], mosse: [(7, 7, 3, 6, 2), (7, 7, 4, 8, 2), (7, 7, 5, 4, 3), (7, 7, 8, 4), (7, 7, 4, 8, 2)]
97 -> costo: 147.928878, rotte: {7: [(1, 3), (3, 6), (6, 4), (4, 5), (5, 8)], 8: [(1, 7), (7, 5)]}, padri: [96, 112, 113], figli: [39, 38, 38, 38, 56, 56, 56, 98, 98, 98, 101], mosse: [(7, 7, 4, 5, 1), (7, 7, 6, 4, 3), (7, 7, 6, 4, 3)]
98 -> costo: 144.56669200000002, rotte: {7: [(1, 3), (3, 8), (8, 6), (6, 4), (4, 5)], 8: [(1, 7), (7, 5)]}, padri: [97, 100, 101, 111], figli: [57, 57, 57, 99, 99, 99, 39, 38, 33, 39], mosse: [(7, 7, 3, 8, 2), (7, 7, 8, 6, 2), (7, 7, 8, 6, 2), (7, 7, 4, 5, 1)]
99 -> costo: 134.284524, rotte: {7: [(1, 5), (5, 3), (3, 8), (8, 6), (6, 4)], 8: [(1, 7), (7, 5)]}, padri: [98, 102, 111, 116], figli: [58, 58, 58, 25, 31, 30, 29, 29, 29], mosse: [(7, 7, 1, 5, 1), (7, 7, 8, 6, 2), (7, 7, 5, 3, 3), (7, 7, 6, 4, 3)]
100 -> costo: 154.15227200000004, rotte: {7: [(1, 6), (6, 3), (3, 8), (8, 4), (4, 5)], 8: [(1, 7), (7, 5)]}, padri: [0, 110, 114], figli: [39, 33, 59, 59, 59, 90, 98, 101, 102, 93, 39, 87, 116], mosse: [(7, 7, 8, 4, 3), (7, 7, 4, 5, 1), (7, 7, 8, 4, 3)]
101 -> costo: 145.29237800000004, rotte: {7: [(1, 3), (3, 8), (8, 4), (4, 5), (5, 6)], 8: [(1, 7), (7, 5)]}, padri: [100, 122], figli: [60, 60, 60, 39, 33, 33, 33, 91, 98], mosse: [(7, 7, 5, 6, 2), (7, 7, 3, 8, 2)]
102 -> costo: 146.96218900000002, rotte: {7: [(1, 5), (5, 6), (6, 3), (3, 8), (8, 4)], 8: [(1, 7), (7, 5)]}, padri: [100, 115], figli: [30, 29, 61, 61, 61, 99, 30, 41, 34, 34, 34, 1], mosse: [(7, 7, 1, 5, 1), (7, 7, 8, 4, 3)]
103 -> costo: 154.27526, rotte: {7: [(1, 4), (4, 6), (6, 8), (8, 3), (3, 5)], 8: [(1, 7), (7, 5)]}, padri: [0, 107, 119, 124, 124, 124], figli: [62, 62, 62, 90, 89, 104, 105, 106, 89, 123, 127], mosse: [(7, 7, 8, 3, 3), (7, 7, 6, 8, 2), (7, 7, 8, 3, 3), (7, 7, 8, 3, 3), (7, 7, 3, 5, 1), (7, 7, 5, 3)]
104 -> costo: 143.50230000000002, rotte: {7: [(1, 4), (4, 8), (8, 6), (6, 3), (3, 5)], 8: [(1, 7), (7, 5)]}, padri: [103, 106, 107, 108, 125, 125, 125, 127], figli: [63, 63, 63, 24], mosse: [(7, 7, 8, 6, 2), (7, 7, 8, 6, 2), (7, 7, 4, 8, 2), (7, 7, 4, 8, 2), (7, 7, 6, 3, 3), (7, 7, 3, 5, 1), (7, 7, 5, 3), (7, 7, 6, 3, 3)]
105 -> costo: 147.047216, rotte: {7: [(1, 5), (5, 4), (4, 6), (6, 8), (8, 3)], 8: [(1, 7), (7, 5)]}, padri: [103], figli: [35, 64, 64, 64, 24, 40, 95, 41, 36, 43, 1, 1, 1], mosse: [(7, 7, 1, 5, 1)]
106 -> costo: 153.179372, rotte: {7: [(1, 4), (4, 8), (8, 3), (3, 5), (5, 6)], 8: [(1, 7), (7, 5)]}, padri: [103, 121, 123, 126, 127, 127, 127], figli: [65, 65, 65, 89, 104], mosse: [(7, 7, 5, 6, 2), (7, 7, 4, 8, 2), (7, 7, 4, 8, 2), (7, 7, 3, 5, 1), (7, 7, 3, 5, 1), (7, 7, 6, 5), (7, 7, 5, 6, 2)]
107 -> costo: 157.642842, rotte: {7: [(1, 4), (4, 6), (6, 3), (3, 5), (5, 8)], 8: [(1, 7), (7, 5)]}, padri: [0, 0, 0], figli: [104, 66, 66, 66, 108, 108, 108, 94, 103, 109, 110, 112, 117, 118, 121, 126], mosse: [(7, 7, 3, 5, 1), (7, 7, 5, 8, 2), (7, 7, 8, 5)]
108 -> costo: 147.53856100000004, rotte: {7: [(1, 8), (8, 4), (4, 6), (6, 3), (3, 5)], 8: [(1, 7), (7, 5)]}, padri: [107, 123], figli: [67, 67, 67, 28, 104], mosse: [(7, 7, 1, 8, 2), (7, 7, 4, 6, 2)]
109 -> costo: 154.53503999999998, rotte: {7: [(1, 6), (6, 4), (4, 3), (3, 5), (5, 8)], 8: [(1, 7), (7, 5)]}, padri: [107, 110, 114, 114, 114, 117], figli: [68, 68, 68, 90, 89, 94, 112], mosse: [(7, 7, 6, 4, 3), (7, 7, 6, 4, 3), (7, 7, 3, 5, 1), (7, 7, 5, 8, 2), (7, 7, 8, 5), (7, 7, 3, 5, 1)]
110 -> costo: 155.62075500000003, rotte: {7: [(1, 6), (6, 3), (3, 5), (5, 8), (8, 4)], 8: [(1, 7), (7, 5)]}, padri: [107], figli: [32, 42, 69, 69, 69, 111, 111, 111, 94, 94, 94, 112, 112, 112, 100, 109, 117, 118], mosse: [(7, 7, 8, 4, 3)]
111 -> costo: 147.074892, rotte: {7: [(1, 3), (3, 5), (5, 8), (8, 6), (6, 4)], 8: [(1, 7), (7, 5)]}, padri: [110, 112], figli: [70, 70, 70, 99, 26, 37, 32, 32, 32, 42, 98], mosse: [(7, 7, 8, 6, 2), (7, 7, 8, 6, 2)]
112 -> costo: 152.955669, rotte: {7: [(1, 3), (3, 6), (6, 5), (5, 8), (8, 4)], 8: [(1, 7), (7, 5)]}, padri: [110, 120], figli: [39, 32, 42, 71, 71, 71, 111, 97, 113, 96, 96, 96], mosse: [(7, 7, 3, 6, 2), (7, 7, 5, 8, 2)]
113 -> costo: 148.55801, rotte: {7: [(1, 3), (3, 4), (4, 6), (6, 5), (5, 8)], 8: [(1, 7), (7, 5)]}, padri: [112, 122], figli: [27, 72, 72, 72, 33, 88, 88, 88, 97, 120, 120, 120], mosse: [(7, 7, 3, 4, 3), (7, 7, 6, 5, 1)]
114 -> costo: 158.742932, rotte: {7: [(1, 6), (6, 4), (4, 3), (3, 8), (8, 5)], 8: [(1, 7), (7, 5)]}, padri: [0], figli: [89, 73, 73, 73, 115, 115, 115, 92, 87, 100, 109, 109, 109, 117, 117, 117, 118, 118, 118, 125], mosse: [(7, 7, 6, 4, 3)]
115 -> costo: 148.81925400000003, rotte: {7: [(1, 5), (5, 6), (6, 4), (4, 3), (3, 8)], 8: [(1, 7), (7, 5)]}, padri: [114], figli: [74, 74, 74, 41, 36, 36, 36, 34, 43, 1, 102, 116], mosse: [(7, 7, 1, 5, 1)]
116 -> costo: 148.68380000000002, rotte: {7: [(1, 5), (5, 4), (4, 3), (3, 8), (8, 6)], 8: [(1, 7), (7, 5)]}, padri: [115], figli: [25, 29, 99, 75, 75, 75, 24, 25, 40, 43, 43, 43, 1], mosse: [(7, 7, 8, 6, 2)]
117 -> costo: 158.25080200000002, rotte: {7: [(1, 6), (6, 4), (4, 5), (5, 3), (3, 8)], 8: [(1, 7), (7, 5)]}, padri: [114], figli: [76, 76, 76, 93, 92, 109, 118, 125], mosse: [(7, 7, 4, 5, 1)]
118 -> costo: 157.56197400000002, rotte: {7: [(1, 6), (6, 5), (5, 3), (3, 4), (4, 8)], 8: [(1, 7), (7, 5)]}, padri: [117], figli: [25, 31, 35, 34, 77, 77, 77, 34, 94, 87], mosse: [(7, 7, 3, 4, 3)]
119 -> costo: 160.56605, rotte: {7: [(1, 4), (4, 3), (3, 6), (6, 8), (8, 5)], 8: [(1, 7), (7, 5)]}, padri: [0, 124], figli: [39, 38, 88, 43, 78, 78, 78, 88, 120, 120, 103, 121, 126], mosse: [(7, 7, 3, 6, 2), (7, 7, 4, 3, 3)]
120 -> costo: 153.71589, rotte: {7: [(1, 3), (3, 6), (6, 8), (8, 5), (5, 4)], 8: [(1, 7), (7, 5)]}, padri: [119], figli: [39, 39, 39, 38, 88, 79, 79, 79, 96, 112], mosse: [(7, 7, 5, 4, 3)]
121 -> costo: 159.63832, rotte: {7: [(1, 4), (4, 3), (3, 5), (5, 6), (6, 8)], 8: [(1, 7), (7, 5)]}, padri: [119], figli: [37, 42, 95, 80, 80, 80, 122, 122, 122, 106, 123, 122, 127], mosse: [(7, 7, 3, 5, 1)]
122 -> costo: 151.47804000000002, rotte: {7: [(1, 3), (3, 4), (4, 5), (5, 6), (6, 8)], 8: [(1, 7), (7, 5)]}, padri: [121, 121], figli: [37, 81, 81, 81, 42, 88, 95, 91, 101, 113], mosse: [(7, 7, 3, 4, 3), (7, 7, 4, 3)]
123 -> costo: 155.163615, rotte: {7: [(1, 8), (8, 4), (4, 3), (3, 5), (5, 6)], 8: [(1, 7), (7, 5)]}, padri: [121], figli: [82, 82, 82, 90, 108, 106, 127], mosse: [(7, 7, 1, 8, 2)]
124 -> costo: 161.14915200000002, rotte: {7: [(1, 4), (4, 6), (6, 8), (8, 5), (5, 3)], 8: [(1, 7), (7, 5)]}, padri: [0], figli: [88, 83, 83, 83, 93, 92, 125, 103, 103, 103, 126, 126, 126, 119, 92], mosse: [(7, 7, 5, 3, 3)]
125 -> costo: 151.703152, rotte: {7: [(1, 4), (4, 8), (8, 6), (6, 5), (5, 3)], 8: [(1, 7), (7, 5)]}, padri: [124, 126, 127], figli: [27, 84, 84, 84, 104, 104, 104], mosse: [(7, 7, 8, 6, 2), (7, 7, 8, 6, 2), (7, 7, 5, 3, 3)]
126 -> costo: 155.851764, rotte: {7: [(1, 4), (4, 8), (8, 5), (5, 3), (3, 6)], 8: [(1, 7), (7, 5)]}, padri: [124], figli: [85, 85, 85, 92, 125, 106, 127], mosse: [(7, 7, 3, 6, 2)]
127 -> costo: 154.32431400000002, rotte: {7: [(1, 4), (4, 8), (8, 3), (3, 6), (6, 5)], 8: [(1, 7), (7, 5)]}, padri: [126], figli: [40, 86, 86, 86, 104, 125, 106, 106, 106], mosse: [(7, 7, 6, 5, 1)]
bestSolutionIndice: 4
4 -> costo: 109.590272, rotte: {7: [(1, 5), (5, 3), (3, 4), (4, 8), (8, 6)], 8: [(1, 5), (5, 7)]}, padri: [3, 5, 6, 8, 10, 13, 14, 14, 14, 25, 25, 25, 58, 75, 75, 77], figli: [], mosse: [(7, 7, 5, 3, 3), (7, 7, 5, 3, 3), (7, 7, 1, 5, 1), (7, 7, 4, 8, 2), (7, 7, 8, 6, 2), (7, 7, 8, 6, 2), (7, 7, 8, 6, 2), (7, 7, 4, 8, 2), (7, 7, 6, 8), (8, 8, 7, 5), (8, 8, 1, 5, 2), (8, 8, 5, 7, 5), (7, 7, 3, 4, 3), (7, 7, 3, 4, 3), (7, 7, 4, 3), (7, 7, 8, 6, 2)]
trasportoPalletDiGamma: {7: [(5, 1), (3, 3), (4, 3), (8, 2), (6, 2)], 8: [(5, 2), (7, 5)]}
itMosseLS: 838, itMosseTS: 838
time elapsed: 300.82s.


s: 2
dictSolutions[2]:
0 -> costo: 174.52459600000003, rotte: {4: [(2, 4), (4, 7), (7, 5), (5, 8)], 6: [(2, 3), (3, 6), (6, 9)]}, padri: [-1], figli: [1, 12, 24, 40, 40, 40, 44, 44, 44, 48, 44, 44, 53, 53, 53, 54, 54, 54], mosse: [-1]
1 -> costo: 155.88968799999998, rotte: {4: [(2, 4), (4, 7), (7, 5), (5, 8)], 6: [(2, 9), (9, 3), (3, 6)]}, padri: [0, 40, 54, 54, 54], figli: [2, 5, 9, 11, 9, 9, 13, 25, 43, 43, 43], mosse: [(6, 6, 2, 9, 4), (6, 6, 9, 3, 2), (6, 6, 3, 6, 1), (6, 6, 6, 3), (6, 6, 9, 3, 2)]
2 -> costo: 137.395504, rotte: {4: [(2, 4), (4, 8), (8, 7), (7, 5)], 6: [(2, 9), (9, 3), (3, 6)]}, padri: [1, 5, 9, 12, 13, 23, 23, 23], figli: [3, 8], mosse: [(4, 4, 4, 8, 4), (4, 4, 4, 8, 4), (4, 4, 8, 7, 2), (6, 6, 2, 9, 4), (6, 6, 9, 3, 2), (6, 6, 3, 6, 1), (6, 6, 6, 3), (6, 6, 9, 3, 2)]
3 -> costo: 130.24409399999996, rotte: {4: [(2, 5), (5, 4), (4, 8), (8, 7)], 6: [(2, 9), (9, 3), (3, 6)]}, padri: [2, 6, 8, 8, 8, 14, 16, 21, 21, 21], figli: [4], mosse: [(4, 4, 2, 5, 2), (4, 4, 4, 8, 4), (4, 4, 8, 7, 2), (4, 4, 7, 8), (4, 4, 4, 8, 4), (6, 6, 9, 3, 2), (6, 6, 2, 9, 4), (6, 6, 3, 6, 1), (6, 6, 6, 3), (6, 6, 9, 3, 2)]
4 -> costo: 124.511348, rotte: {4: [(2, 5), (5, 7), (7, 4), (4, 8)], 6: [(2, 9), (9, 3), (3, 6)]}, padri: [3, 7, 7, 7, 8, 10, 15, 17, 19, 19, 19], figli: [], mosse: [(4, 4, 5, 7, 2), (4, 4, 8, 4), (4, 4, 7, 4, 3), (4, 4, 4, 8, 4), (4, 4, 7, 4, 3), (4, 4, 2, 5, 2), (6, 6, 9, 3, 2), (6, 6, 2, 9, 4), (6, 6, 3, 6, 1), (6, 6, 6, 3), (6, 6, 9, 3, 2)]
5 -> costo: 138.969861, rotte: {4: [(2, 8), (8, 4), (4, 7), (7, 5)], 6: [(2, 9), (9, 3), (3, 6)]}, padri: [1, 24, 25, 39, 39, 39], figli: [6, 2, 11, 13, 27], mosse: [(4, 4, 2, 8, 4), (6, 6, 2, 9, 4), (6, 6, 9, 3, 2), (6, 6, 3, 6, 1), (6, 6, 6, 3), (6, 6, 9, 3, 2)]
6 -> costo: 132.33278099999998, rotte: {4: [(2, 5), (5, 8), (8, 4), (4, 7)], 6: [(2, 9), (9, 3), (3, 6)]}, padri: [5, 26, 29, 34, 34, 34], figli: [7, 3, 8, 10], mosse: [(4, 4, 2, 5, 2), (6, 6, 9, 3, 2), (6, 6, 2, 9, 4), (6, 6, 3, 6, 1), (6, 6, 6, 3), (6, 6, 9, 3, 2)]
7 -> costo: 128.13575000000003, rotte: {4: [(2, 5), (5, 7), (7, 8), (8, 4)], 6: [(2, 9), (9, 3), (3, 6)]}, padri: [6, 8, 11, 27, 30, 32, 32, 32], figli: [4, 4, 4], mosse: [(4, 4, 5, 7, 2), (4, 4, 8, 4, 3), (4, 4, 2, 5, 2), (6, 6, 9, 3, 2), (6, 6, 2, 9, 4), (6, 6, 3, 6, 1), (6, 6, 6, 3), (6, 6, 9, 3, 2)]
8 -> costo: 131.24727199999998, rotte: {4: [(2, 5), (5, 4), (4, 7), (7, 8)], 6: [(2, 9), (9, 3), (3, 6)]}, padri: [6, 9, 28, 35, 35, 35, 37], figli: [4, 7, 3, 3, 3], mosse: [(4, 4, 7, 8, 4), (4, 4, 2, 5, 2), (6, 6, 9, 3, 2), (6, 6, 3, 6, 1), (6, 6, 6, 3), (6, 6, 9, 3, 2), (6, 6, 2, 9, 4)]
9 -> costo: 143.03385999999995, rotte: {4: [(2, 4), (4, 7), (7, 8), (8, 5)], 6: [(2, 9), (9, 3), (3, 6)]}, padri: [1, 1, 1, 41, 44, 52, 52, 52], figli: [8, 10, 2, 11, 13], mosse: [(4, 4, 8, 5, 2), (4, 4, 7, 8, 4), (4, 4, 5, 8), (6, 6, 9, 3, 2), (6, 6, 2, 9, 4), (6, 6, 3, 6, 1), (6, 6, 6, 3), (6, 6, 9, 3, 2)]
10 -> costo: 137.11251799999997, rotte: {4: [(2, 7), (7, 4), (4, 8), (8, 5)], 6: [(2, 9), (9, 3), (3, 6)]}, padri: [9, 11, 42, 45, 47, 47, 47], figli: [4], mosse: [(4, 4, 7, 4, 3), (4, 4, 4, 8, 4), (6, 6, 9, 3, 2), (6, 6, 2, 9, 4), (6, 6, 3, 6, 1), (6, 6, 6, 3), (6, 6, 9, 3, 2)]
11 -> costo: 138.88877, rotte: {4: [(2, 7), (7, 8), (8, 4), (4, 5)], 6: [(2, 9), (9, 3), (3, 6)]}, padri: [9, 43, 48, 50, 50, 50], figli: [7, 10], mosse: [(4, 4, 8, 4, 3), (6, 6, 9, 3, 2), (6, 6, 2, 9, 4), (6, 6, 3, 6, 1), (6, 6, 6, 3), (6, 6, 9, 3, 2)]
12 -> costo: 156.030412, rotte: {4: [(2, 4), (4, 8), (8, 7), (7, 5)], 6: [(2, 3), (3, 6), (6, 9)]}, padri: [0, 24, 44], figli: [2, 13, 13, 13, 16, 16, 16, 22, 37, 52], mosse: [(4, 4, 4, 8, 4), (4, 4, 4, 8, 4), (4, 4, 8, 7, 2)]
13 -> costo: 142.27259200000003, rotte: {4: [(2, 4), (4, 8), (8, 7), (7, 5)], 6: [(2, 3), (3, 9), (9, 6)]}, padri: [12, 12, 12, 22, 23, 25, 40, 41], figli: [14, 2, 17, 28], mosse: [(6, 6, 6, 9), (6, 6, 3, 9, 4), (6, 6, 9, 6, 1), (6, 6, 9, 6, 1), (6, 6, 2, 3, 2), (4, 4, 4, 8, 4), (4, 4, 4, 8, 4), (4, 4, 8, 7, 2)]
14 -> costo: 135.121182, rotte: {4: [(2, 5), (5, 4), (4, 8), (8, 7)], 6: [(2, 3), (3, 9), (9, 6)]}, padri: [13, 16, 16, 16, 20, 21, 26, 28, 28, 28], figli: [15, 3, 18, 19], mosse: [(4, 4, 2, 5, 2), (6, 6, 6, 9), (6, 6, 3, 9, 4), (6, 6, 9, 6, 1), (6, 6, 9, 6, 1), (6, 6, 2, 3, 2), (4, 4, 4, 8, 4), (4, 4, 8, 7, 2), (4, 4, 7, 8), (4, 4, 4, 8, 4)]
15 -> costo: 129.38843599999998, rotte: {4: [(2, 5), (5, 7), (7, 4), (4, 8)], 6: [(2, 3), (3, 9), (9, 6)]}, padri: [14, 17, 17, 17, 18, 19, 27, 27, 27, 28, 42], figli: [4], mosse: [(4, 4, 5, 7, 2), (6, 6, 6, 9), (6, 6, 3, 9, 4), (6, 6, 9, 6, 1), (6, 6, 9, 6, 1), (6, 6, 2, 3, 2), (4, 4, 8, 4), (4, 4, 7, 4, 3), (4, 4, 4, 8, 4), (4, 4, 7, 4, 3), (4, 4, 2, 5, 2)]
16 -> costo: 148.87900199999999, rotte: {4: [(2, 5), (5, 4), (4, 8), (8, 7)], 6: [(2, 3), (3, 6), (6, 9)]}, padri: [12, 29, 37, 37, 37], figli: [3, 14, 14, 14, 17, 17, 17, 20, 23, 28, 28, 28, 31, 36, 46], mosse: [(4, 4, 2, 5, 2), (4, 4, 4, 8, 4), (4, 4, 8, 7, 2), (4, 4, 7, 8), (4, 4, 4, 8, 4)]
17 -> costo: 143.146256, rotte: {4: [(2, 5), (5, 7), (7, 4), (4, 8)], 6: [(2, 3), (3, 6), (6, 9)]}, padri: [16, 30, 30, 30, 37, 45], figli: [4, 15, 15, 15, 18, 18, 18, 19, 19, 19, 21], mosse: [(4, 4, 5, 7, 2), (4, 4, 8, 4), (4, 4, 7, 4, 3), (4, 4, 4, 8, 4), (4, 4, 7, 4, 3), (4, 4, 2, 5, 2)]
18 -> costo: 140.55056199999999, rotte: {4: [(2, 5), (5, 7), (7, 4), (4, 8)], 6: [(2, 6), (6, 3), (3, 9)]}, padri: [17, 20, 31, 31, 31, 36, 46], figli: [15, 19], mosse: [(6, 6, 6, 3, 2), (4, 4, 5, 7, 2), (4, 4, 8, 4), (4, 4, 7, 4, 3), (4, 4, 4, 8, 4), (4, 4, 7, 4, 3), (4, 4, 2, 5, 2)]
19 -> costo: 135.79943600000001, rotte: {4: [(2, 5), (5, 7), (7, 4), (4, 8)], 6: [(2, 9), (9, 6), (6, 3)]}, padri: [18, 21, 32, 32, 32, 35, 47], figli: [4, 4, 4, 15], mosse: [(6, 6, 2, 9, 4), (4, 4, 5, 7, 2), (4, 4, 8, 4), (4, 4, 7, 4, 3), (4, 4, 4, 8, 4), (4, 4, 7, 4, 3), (4, 4, 2, 5, 2)]
20 -> costo: 146.28330799999995, rotte: {4: [(2, 5), (5, 4), (4, 8), (8, 7)], 6: [(2, 6), (6, 3), (3, 9)]}, padri: [16, 22, 33, 36, 36, 36], figli: [14, 18, 21, 28, 35], mosse: [(6, 6, 6, 3, 2), (4, 4, 2, 5, 2), (4, 4, 4, 8, 4), (4, 4, 8, 7, 2), (4, 4, 7, 8), (4, 4, 4, 8, 4)]
21 -> costo: 141.532182, rotte: {4: [(2, 5), (5, 4), (4, 8), (8, 7)], 6: [(2, 9), (9, 6), (6, 3)]}, padri: [20, 23, 34, 35, 35, 35], figli: [3, 3, 3, 14, 19, 28], mosse: [(6, 6, 2, 9, 4), (4, 4, 2, 5, 2), (4, 4, 4, 8, 4), (4, 4, 8, 7, 2), (4, 4, 7, 8), (4, 4, 4, 8, 4)]
22 -> costo: 153.434718, rotte: {4: [(2, 4), (4, 8), (8, 7), (7, 5)], 6: [(2, 6), (6, 3), (3, 9)]}, padri: [12, 38, 51, 53], figli: [13, 20, 23, 36], mosse: [(6, 6, 6, 3, 2), (4, 4, 4, 8, 4), (4, 4, 8, 7, 2), (4, 4, 4, 8, 4)]
23 -> costo: 148.68359200000003, rotte: {4: [(2, 4), (4, 8), (8, 7), (7, 5)], 6: [(2, 9), (9, 6), (6, 3)]}, padri: [22, 39, 52, 54], figli: [2, 2, 2, 21, 13, 35], mosse: [(6, 6, 2, 9, 4), (4, 4, 4, 8, 4), (4, 4, 8, 7, 2), (4, 4, 4, 8, 4)]
24 -> costo: 157.60476900000003, rotte: {4: [(2, 8), (8, 4), (4, 7), (7, 5)], 6: [(2, 3), (3, 6), (6, 9)]}, padri: [0], figli: [5, 25, 25, 25, 29, 29, 29, 38, 12, 41, 41, 41, 48], mosse: [(4, 4, 2, 8, 4)]
25 -> costo: 143.84694900000005, rotte: {4: [(2, 8), (8, 4), (4, 7), (7, 5)], 6: [(2, 3), (3, 9), (9, 6)]}, padri: [24, 24, 24, 38, 39, 40], figli: [26, 5, 13, 30, 34], mosse: [(6, 6, 6, 9), (6, 6, 3, 9, 4), (6, 6, 9, 6, 1), (6, 6, 9, 6, 1), (6, 6, 2, 3, 2), (4, 4, 2, 8, 4)]
26 -> costo: 137.20986900000003, rotte: {4: [(2, 5), (5, 8), (8, 4), (4, 7)], 6: [(2, 3), (3, 9), (9, 6)]}, padri: [25, 29, 29, 29, 33, 34], figli: [6, 27, 14, 28, 32, 42], mosse: [(4, 4, 2, 5, 2), (6, 6, 6, 9), (6, 6, 3, 9, 4), (6, 6, 9, 6, 1), (6, 6, 9, 6, 1), (6, 6, 2, 3, 2)]
27 -> costo: 133.01283800000004, rotte: {4: [(2, 5), (5, 7), (7, 8), (8, 4)], 6: [(2, 3), (3, 9), (9, 6)]}, padri: [26, 28, 30, 30, 30, 31, 32, 43], figli: [7, 15, 15, 15], mosse: [(4, 4, 5, 7, 2), (4, 4, 8, 4, 3), (6, 6, 6, 9), (6, 6, 3, 9, 4), (6, 6, 9, 6, 1), (6, 6, 9, 6, 1), (6, 6, 2, 3, 2), (4, 4, 2, 5, 2)]
28 -> costo: 136.12436000000002, rotte: {4: [(2, 5), (5, 4), (4, 7), (7, 8)], 6: [(2, 3), (3, 9), (9, 6)]}, padri: [26, 35, 36, 37, 37, 37, 41], figli: [15, 8, 27, 14, 14, 14, 32], mosse: [(4, 4, 7, 8, 4), (6, 6, 2, 3, 2), (6, 6, 9, 6, 1), (6, 6, 6, 9), (6, 6, 3, 9, 4), (6, 6, 9, 6, 1), (4, 4, 2, 5, 2)]
29 -> costo: 150.96768900000004, rotte: {4: [(2, 5), (5, 8), (8, 4), (4, 7)], 6: [(2, 3), (3, 6), (6, 9)]}, padri: [24], figli: [6, 26, 26, 26, 30, 30, 30, 33, 34, 34, 34, 16, 37, 39, 45, 49], mosse: [(4, 4, 2, 5, 2)]
30 -> costo: 146.77065800000003, rotte: {4: [(2, 5), (5, 7), (7, 8), (8, 4)], 6: [(2, 3), (3, 6), (6, 9)]}, padri: [29, 37, 48], figli: [7, 27, 27, 27, 17, 17, 17, 31, 31, 31, 32, 32, 32, 46, 46, 46, 50], mosse: [(4, 4, 5, 7, 2), (4, 4, 8, 4, 3), (4, 4, 2, 5, 2)]
31 -> costo: 144.17496400000002, rotte: {4: [(2, 5), (5, 7), (7, 8), (8, 4)], 6: [(2, 6), (6, 3), (3, 9)]}, padri: [30, 33, 36, 49], figli: [27, 32, 18, 18, 18], mosse: [(6, 6, 6, 3, 2), (4, 4, 5, 7, 2), (4, 4, 8, 4, 3), (4, 4, 2, 5, 2)]
32 -> costo: 139.42383800000005, rotte: {4: [(2, 5), (5, 7), (7, 8), (8, 4)], 6: [(2, 9), (9, 6), (6, 3)]}, padri: [31, 34, 35, 50], figli: [7, 7, 7, 27, 19, 19, 19], mosse: [(6, 6, 2, 9, 4), (4, 4, 5, 7, 2), (4, 4, 8, 4, 3), (4, 4, 2, 5, 2)]
33 -> costo: 148.371995, rotte: {4: [(2, 5), (5, 8), (8, 4), (4, 7)], 6: [(2, 6), (6, 3), (3, 9)]}, padri: [29, 38], figli: [26, 34, 31, 20, 36, 50], mosse: [(6, 6, 6, 3, 2), (4, 4, 2, 5, 2)]
34 -> costo: 143.62086900000003, rotte: {4: [(2, 5), (5, 8), (8, 4), (4, 7)], 6: [(2, 9), (9, 6), (6, 3)]}, padri: [33, 39], figli: [6, 6, 6, 26, 32, 21, 35], mosse: [(6, 6, 2, 9, 4), (4, 4, 2, 5, 2)]
35 -> costo: 142.53536000000003, rotte: {4: [(2, 5), (5, 4), (4, 7), (7, 8)], 6: [(2, 9), (9, 6), (6, 3)]}, padri: [34, 36, 52], figli: [8, 8, 8, 19, 28, 32, 21, 21, 21, 42], mosse: [(4, 4, 7, 8, 4), (6, 6, 2, 9, 4), (4, 4, 2, 5, 2)]
36 -> costo: 147.286486, rotte: {4: [(2, 5), (5, 4), (4, 7), (7, 8)], 6: [(2, 6), (6, 3), (3, 9)]}, padri: [33, 37, 51], figli: [28, 18, 35, 31, 20, 20, 20, 42, 50], mosse: [(4, 4, 7, 8, 4), (6, 6, 6, 3, 2), (4, 4, 2, 5, 2)]
37 -> costo: 149.88218, rotte: {4: [(2, 5), (5, 4), (4, 7), (7, 8)], 6: [(2, 3), (3, 6), (6, 9)]}, padri: [29, 44], figli: [8, 28, 28, 28, 17, 30, 36, 16, 16, 16, 42, 42, 42, 46, 49], mosse: [(4, 4, 7, 8, 4), (4, 4, 2, 5, 2)]
38 -> costo: 155.00907500000002, rotte: {4: [(2, 8), (8, 4), (4, 7), (7, 5)], 6: [(2, 6), (6, 3), (3, 9)]}, padri: [24, 53], figli: [25, 33, 39, 22, 41, 52], mosse: [(6, 6, 6, 3, 2), (4, 4, 2, 8, 4)]
39 -> costo: 150.25794900000005, rotte: {4: [(2, 8), (8, 4), (4, 7), (7, 5)], 6: [(2, 9), (9, 6), (6, 3)]}, padri: [38, 54], figli: [5, 5, 5, 34, 25, 23, 41], mosse: [(6, 6, 2, 9, 4), (4, 4, 2, 8, 4)]
40 -> costo: 160.76677600000005, rotte: {4: [(2, 4), (4, 7), (7, 5), (5, 8)], 6: [(2, 3), (3, 9), (9, 6)]}, padri: [0, 0, 0, 53, 54], figli: [13, 25, 41, 41, 41, 1], mosse: [(6, 6, 6, 9), (6, 6, 3, 9, 4), (6, 6, 9, 6, 1), (6, 6, 9, 6, 1), (6, 6, 2, 3, 2)]
41 -> costo: 147.91094800000002, rotte: {4: [(2, 4), (4, 7), (7, 8), (8, 5)], 6: [(2, 3), (3, 9), (9, 6)]}, padri: [40, 40, 40, 44, 44, 44, 51, 52], figli: [28, 42, 13, 9, 43, 47], mosse: [(4, 4, 8, 5, 2), (4, 4, 7, 8, 4), (4, 4, 5, 8), (6, 6, 6, 9), (6, 6, 3, 9, 4), (6, 6, 9, 6, 1), (6, 6, 9, 6, 1), (6, 6, 2, 3, 2)]
42 -> costo: 141.98960599999998, rotte: {4: [(2, 7), (7, 4), (4, 8), (8, 5)], 6: [(2, 3), (3, 9), (9, 6)]}, padri: [41, 43, 45, 45, 45, 46, 47], figli: [15, 10], mosse: [(4, 4, 7, 4, 3), (4, 4, 4, 8, 4), (6, 6, 6, 9), (6, 6, 3, 9, 4), (6, 6, 9, 6, 1), (6, 6, 9, 6, 1), (6, 6, 2, 3, 2)]
43 -> costo: 143.76585800000004, rotte: {4: [(2, 7), (7, 8), (8, 4), (4, 5)], 6: [(2, 3), (3, 9), (9, 6)]}, padri: [41, 48, 48, 48, 49, 50], figli: [27, 11, 42, 47], mosse: [(4, 4, 8, 4, 3), (6, 6, 6, 9), (6, 6, 3, 9, 4), (6, 6, 9, 6, 1), (6, 6, 9, 6, 1), (6, 6, 2, 3, 2)]
44 -> costo: 161.668768, rotte: {4: [(2, 4), (4, 7), (7, 8), (8, 5)], 6: [(2, 3), (3, 6), (6, 9)]}, padri: [0, 0, 0], figli: [9, 41, 41, 41, 37, 45, 12, 48, 51], mosse: [(4, 4, 8, 5, 2), (4, 4, 7, 8, 4), (4, 4, 5, 8)]
45 -> costo: 155.747426, rotte: {4: [(2, 7), (7, 4), (4, 8), (8, 5)], 6: [(2, 3), (3, 6), (6, 9)]}, padri: [44, 48], figli: [10, 42, 42, 42, 17, 46, 47, 47, 47], mosse: [(4, 4, 7, 4, 3), (4, 4, 4, 8, 4)]
46 -> costo: 153.15173199999995, rotte: {4: [(2, 7), (7, 4), (4, 8), (8, 5)], 6: [(2, 6), (6, 3), (3, 9)]}, padri: [45, 49, 51], figli: [18, 42, 47], mosse: [(6, 6, 6, 3, 2), (4, 4, 4, 8, 4), (4, 4, 7, 4, 3)]
47 -> costo: 148.400606, rotte: {4: [(2, 7), (7, 4), (4, 8), (8, 5)], 6: [(2, 9), (9, 6), (6, 3)]}, padri: [46, 50, 52], figli: [19, 10, 10, 10, 42], mosse: [(6, 6, 2, 9, 4), (4, 4, 4, 8, 4), (4, 4, 7, 4, 3)]
48 -> costo: 157.52367800000002, rotte: {4: [(2, 7), (7, 8), (8, 4), (4, 5)], 6: [(2, 3), (3, 6), (6, 9)]}, padri: [44], figli: [11, 43, 43, 43, 30, 49, 45], mosse: [(4, 4, 8, 4, 3)]
49 -> costo: 154.927984, rotte: {4: [(2, 7), (7, 8), (8, 4), (4, 5)], 6: [(2, 6), (6, 3), (3, 9)]}, padri: [48, 51], figli: [43, 31, 50, 46], mosse: [(6, 6, 6, 3, 2), (4, 4, 8, 4, 3)]
50 -> costo: 150.17685800000004, rotte: {4: [(2, 7), (7, 8), (8, 4), (4, 5)], 6: [(2, 9), (9, 6), (6, 3)]}, padri: [49, 52], figli: [11, 11, 11, 32, 43, 47], mosse: [(6, 6, 2, 9, 4), (4, 4, 8, 4, 3)]
51 -> costo: 159.073074, rotte: {4: [(2, 4), (4, 7), (7, 8), (8, 5)], 6: [(2, 6), (6, 3), (3, 9)]}, padri: [44, 53, 53, 53], figli: [36, 41, 46, 22, 52, 49], mosse: [(6, 6, 6, 3, 2), (4, 4, 8, 5, 2), (4, 4, 7, 8, 4), (4, 4, 5, 8)]
52 -> costo: 154.321948, rotte: {4: [(2, 4), (4, 7), (7, 8), (8, 5)], 6: [(2, 9), (9, 6), (6, 3)]}, padri: [51, 54, 54, 54], figli: [35, 9, 9, 9, 41, 47, 23, 50], mosse: [(6, 6, 2, 9, 4), (4, 4, 8, 5, 2), (4, 4, 7, 8, 4), (4, 4, 5, 8)]
53 -> costo: 171.92890200000002, rotte: {4: [(2, 4), (4, 7), (7, 5), (5, 8)], 6: [(2, 6), (6, 3), (3, 9)]}, padri: [0], figli: [22, 38, 51, 51, 51, 40, 54], mosse: [(6, 6, 6, 3, 2)]
54 -> costo: 167.17777600000002, rotte: {4: [(2, 4), (4, 7), (7, 5), (5, 8)], 6: [(2, 9), (9, 6), (6, 3)]}, padri: [53], figli: [23, 39, 52, 52, 52, 1, 1, 1, 40], mosse: [(6, 6, 2, 9, 4)]
bestSolutionIndice: 4
4 -> costo: 124.511348, rotte: {4: [(2, 5), (5, 7), (7, 4), (4, 8)], 6: [(2, 9), (9, 3), (3, 6)]}, padri: [3, 7, 7, 7, 8, 10, 15, 17, 19, 19, 19], figli: [], mosse: [(4, 4, 5, 7, 2), (4, 4, 8, 4), (4, 4, 7, 4, 3), (4, 4, 4, 8, 4), (4, 4, 7, 4, 3), (4, 4, 2, 5, 2), (6, 6, 9, 3, 2), (6, 6, 2, 9, 4), (6, 6, 3, 6, 1), (6, 6, 6, 3), (6, 6, 9, 3, 2)]
trasportoPalletDiGamma: {4: [(5, 2), (7, 2), (4, 3), (8, 4)], 6: [(9, 4), (3, 2), (6, 1)]}
itMosseLS: 267, itMosseTS: 267
time elapsed: 134.19s.


##########################################################################################s: 1
dictSolutions[1]:
0 -> costo: 137.74765, rotte: {8: [(1, 4), (4, 6), (6, 3)], 7: [(1, 5), (5, 8), (8, 7), (7, 3)]}, padri: [-1], figli: [1, 6, 12, 15, 16, 18], mosse: [-1]
1 -> costo: 123.81560999999995, rotte: {8: [(1, 3), (3, 4), (4, 6)], 7: [(1, 5), (5, 8), (8, 7), (7, 3)]}, padri: [0, 19, 19, 19], figli: [2, 4, 5, 7], mosse: [(8, 8, 1, 3, 2), (8, 8, 3, 4, 3), (8, 8, 4, 6, 2), (8, 8, 6, 4)]
2 -> costo: 117.173221, rotte: {8: [(1, 3), (3, 4), (4, 6)], 7: [(1, 5), (5, 7), (7, 8), (8, 3)]}, padri: [1, 5, 5, 5, 6, 11, 11, 11], figli: [3, 8], mosse: [(7, 7, 7, 8, 2), (7, 7, 3, 8), (7, 7, 8, 3, 1), (7, 7, 7, 8, 2), (8, 8, 1, 3, 2), (8, 8, 3, 4, 3), (8, 8, 4, 6, 2), (8, 8, 6, 4)]
3 -> costo: 108.96055799999999, rotte: {8: [(1, 3), (3, 4), (4, 6)], 7: [(1, 5), (5, 3), (3, 7), (7, 8)]}, padri: [2, 4, 4, 4, 5, 7, 9, 9, 9], figli: [], mosse: [(7, 7, 5, 3, 1), (7, 7, 3, 7, 5), (7, 7, 8, 7), (7, 7, 7, 8, 2), (7, 7, 3, 7, 5), (8, 8, 1, 3, 2), (8, 8, 3, 4, 3), (8, 8, 4, 6, 2), (8, 8, 6, 4)]
4 -> costo: 117.89582299999996, rotte: {8: [(1, 3), (3, 4), (4, 6)], 7: [(1, 5), (5, 3), (3, 8), (8, 7)]}, padri: [1, 5, 12, 14, 14, 14], figli: [3, 3, 3, 8, 8, 8], mosse: [(7, 7, 5, 3, 1), (7, 7, 8, 7, 5), (8, 8, 1, 3, 2), (8, 8, 3, 4, 3), (8, 8, 4, 6, 2), (8, 8, 6, 4)]
5 -> costo: 120.771394, rotte: {8: [(1, 3), (3, 4), (4, 6)], 7: [(1, 5), (5, 7), (7, 3), (3, 8)]}, padri: [1, 15, 17, 17, 17], figli: [3, 2, 2, 2, 4, 7, 7, 7, 8], mosse: [(7, 7, 3, 8, 2), (8, 8, 1, 3, 2), (8, 8, 3, 4, 3), (8, 8, 4, 6, 2), (8, 8, 6, 4)]
6 -> costo: 131.105261, rotte: {8: [(1, 4), (4, 6), (6, 3)], 7: [(1, 5), (5, 7), (7, 8), (8, 3)]}, padri: [0, 15, 15, 15], figli: [2, 7, 10, 13], mosse: [(7, 7, 7, 8, 2), (7, 7, 3, 8), (7, 7, 8, 3, 1), (7, 7, 7, 8, 2)]
7 -> costo: 122.89259800000002, rotte: {8: [(1, 4), (4, 6), (6, 3)], 7: [(1, 5), (5, 3), (3, 7), (7, 8)]}, padri: [6, 12, 12, 12, 15], figli: [3, 8, 17], mosse: [(7, 7, 5, 3, 1), (7, 7, 3, 7, 5), (7, 7, 8, 7), (7, 7, 7, 8, 2), (7, 7, 3, 7, 5)]
8 -> costo: 120.35881800000001, rotte: {8: [(1, 6), (6, 4), (4, 3)], 7: [(1, 5), (5, 3), (3, 7), (7, 8)]}, padri: [7, 10, 13, 13, 13, 16], figli: [9], mosse: [(8, 8, 6, 4, 3), (7, 7, 5, 3, 1), (7, 7, 3, 7, 5), (7, 7, 8, 7), (7, 7, 7, 8, 2), (7, 7, 3, 7, 5)]
9 -> costo: 109.46601799999999, rotte: {8: [(1, 3), (3, 6), (6, 4)], 7: [(1, 5), (5, 3), (3, 7), (7, 8)]}, padri: [8, 11, 14, 14, 14, 17], figli: [3, 3, 3], mosse: [(8, 8, 1, 3, 2), (7, 7, 5, 3, 1), (7, 7, 3, 7, 5), (7, 7, 8, 7), (7, 7, 7, 8, 2), (7, 7, 3, 7, 5)]
10 -> costo: 128.571481, rotte: {8: [(1, 6), (6, 4), (4, 3)], 7: [(1, 5), (5, 7), (7, 8), (8, 3)]}, padri: [6, 16, 16, 16, 18], figli: [11, 8, 17], mosse: [(8, 8, 6, 4, 3), (7, 7, 3, 8), (7, 7, 8, 3, 1), (7, 7, 7, 8, 2), (7, 7, 7, 8, 2)]
11 -> costo: 117.678681, rotte: {8: [(1, 3), (3, 6), (6, 4)], 7: [(1, 5), (5, 7), (7, 8), (8, 3)]}, padri: [10, 17, 17, 17, 19], figli: [9, 2, 2, 2], mosse: [(8, 8, 1, 3, 2), (7, 7, 3, 8), (7, 7, 8, 3, 1), (7, 7, 7, 8, 2), (7, 7, 7, 8, 2)]
12 -> costo: 131.827863, rotte: {8: [(1, 4), (4, 6), (6, 3)], 7: [(1, 5), (5, 3), (3, 8), (8, 7)]}, padri: [0, 15], figli: [4, 7, 7, 7, 13, 13, 13], mosse: [(7, 7, 5, 3, 1), (7, 7, 8, 7, 5)]
13 -> costo: 129.294083, rotte: {8: [(1, 6), (6, 4), (4, 3)], 7: [(1, 5), (5, 3), (3, 8), (8, 7)]}, padri: [12, 16, 18], figli: [14, 8, 8, 8, 17, 17, 17], mosse: [(8, 8, 6, 4, 3), (7, 7, 8, 7, 5), (7, 7, 5, 3, 1)]
14 -> costo: 118.40128299999996, rotte: {8: [(1, 3), (3, 6), (6, 4)], 7: [(1, 5), (5, 3), (3, 8), (8, 7)]}, padri: [13, 17, 19], figli: [9, 9, 9, 4, 4, 4], mosse: [(8, 8, 1, 3, 2), (7, 7, 8, 7, 5), (7, 7, 5, 3, 1)]
15 -> costo: 134.70343400000002, rotte: {8: [(1, 4), (4, 6), (6, 3)], 7: [(1, 5), (5, 7), (7, 3), (3, 8)]}, padri: [0], figli: [5, 7, 6, 6, 6, 12, 16], mosse: [(7, 7, 3, 8, 2)]
16 -> costo: 132.169654, rotte: {8: [(1, 6), (6, 4), (4, 3)], 7: [(1, 5), (5, 7), (7, 3), (3, 8)]}, padri: [15, 18], figli: [8, 17, 10, 10, 10, 13], mosse: [(8, 8, 6, 4, 3), (7, 7, 3, 8, 2)]
17 -> costo: 121.276854, rotte: {8: [(1, 3), (3, 6), (6, 4)], 7: [(1, 5), (5, 7), (7, 3), (3, 8)]}, padri: [16, 19], figli: [9, 11, 11, 11, 14, 5, 5, 5], mosse: [(8, 8, 1, 3, 2), (7, 7, 3, 8, 2)]
18 -> costo: 135.21387, rotte: {8: [(1, 6), (6, 4), (4, 3)], 7: [(1, 5), (5, 8), (8, 7), (7, 3)]}, padri: [0], figli: [19, 10, 13, 16], mosse: [(8, 8, 6, 4, 3)]
19 -> costo: 124.32106999999995, rotte: {8: [(1, 3), (3, 6), (6, 4)], 7: [(1, 5), (5, 8), (8, 7), (7, 3)]}, padri: [18], figli: [11, 14, 17, 1, 1, 1], mosse: [(8, 8, 1, 3, 2)]
bestSolutionIndice: 3
3 -> costo: 108.96055799999999, rotte: {8: [(1, 3), (3, 4), (4, 6)], 7: [(1, 5), (5, 3), (3, 7), (7, 8)]}, padri: [2, 4, 4, 4, 5, 7, 9, 9, 9], figli: [], mosse: [(7, 7, 5, 3, 1), (7, 7, 3, 7, 5), (7, 7, 8, 7), (7, 7, 7, 8, 2), (7, 7, 3, 7, 5), (8, 8, 1, 3, 2), (8, 8, 3, 4, 3), (8, 8, 4, 6, 2), (8, 8, 6, 4)]
trasportoPalletDiGamma: {8: [(3, 2), (4, 3), (6, 2)], 7: [(5, 3), (3, 1), (7, 5), (8, 2)]}
itMosseLS: 78, itMosseTS: 78
time elapsed: 53.50s.


