s: 1
dictSolutions[1]:
0 -> costo: 128.49241800000001, rotte: {7: [(1, 3), (3, 5), (5, 7)], 8: [(1, 4), (4, 6), (6, 8)]}, padri: [-1], figli: [1, 6, 9, 11, 12, 14, 12, 12, 15, 15, 15, 17, 18, 18, 18, 19, 19, 19], mosse: [-1]
1 -> costo: 116.05193799999999, rotte: {7: [(1, 5), (5, 3), (3, 7)], 8: [(1, 4), (4, 6), (6, 8)]}, padri: [0, 15, 15, 15, 19], figli: [2, 3, 4, 4, 4, 5, 5, 5, 7, 10, 13, 13, 13], mosse: [(7, 7, 5, 3, 3), (7, 7, 7, 3), (7, 7, 5, 3, 3), (7, 7, 3, 7, 5), (7, 7, 1, 5, 3)]
2 -> costo: 107.74277599999999, rotte: {7: [(1, 5), (5, 3), (3, 7)], 8: [(1, 6), (6, 4), (4, 8)]}, padri: [1, 3, 3, 3, 4, 6, 7, 7, 7, 8], figli: [], mosse: [(8, 8, 6, 4, 3), (8, 8, 8, 4), (8, 8, 6, 4, 3), (8, 8, 4, 8, 2), (8, 8, 1, 6, 2), (7, 7, 5, 3, 3), (7, 7, 7, 3), (7, 7, 5, 3, 3), (7, 7, 3, 7, 5), (7, 7, 1, 5, 3)]
3 -> costo: 110.06624, rotte: {7: [(1, 5), (5, 3), (3, 7)], 8: [(1, 6), (6, 8), (8, 4)]}, padri: [1, 5, 9, 10, 10, 10, 11], figli: [2, 2, 2, 7, 7, 7], mosse: [(8, 8, 8, 4, 3), (8, 8, 1, 6, 2), (7, 7, 5, 3, 3), (7, 7, 7, 3), (7, 7, 5, 3, 3), (7, 7, 3, 7, 5), (7, 7, 1, 5, 3)]
4 -> costo: 110.44069400000001, rotte: {7: [(1, 5), (5, 3), (3, 7)], 8: [(1, 4), (4, 8), (8, 6)]}, padri: [1, 1, 1, 5, 12, 13, 13, 13, 14], figli: [2, 7], mosse: [(8, 8, 4, 8, 2), (8, 8, 8, 6, 2), (8, 8, 6, 8), (8, 8, 4, 8, 2), (7, 7, 5, 3, 3), (7, 7, 7, 3), (7, 7, 5, 3, 3), (7, 7, 3, 7, 5), (7, 7, 1, 5, 3)]
5 -> costo: 114.67854799999998, rotte: {7: [(1, 5), (5, 3), (3, 7)], 8: [(1, 8), (8, 4), (4, 6)]}, padri: [1, 16, 16, 16, 17, 18], figli: [3, 4, 10, 13], mosse: [(8, 8, 1, 8, 2), (7, 7, 7, 3), (7, 7, 5, 3, 3), (7, 7, 3, 7, 5), (7, 7, 5, 3, 3), (7, 7, 1, 5, 3)]
6 -> costo: 120.18325599999999, rotte: {7: [(1, 3), (3, 5), (5, 7)], 8: [(1, 6), (6, 4), (4, 8)]}, padri: [0, 9, 9, 9, 12], figli: [2, 7, 8, 8, 8], mosse: [(8, 8, 6, 4, 3), (8, 8, 8, 4), (8, 8, 6, 4, 3), (8, 8, 4, 8, 2), (8, 8, 1, 6, 2)]
7 -> costo: 115.187972, rotte: {7: [(1, 5), (5, 7), (7, 3)], 8: [(1, 6), (6, 4), (4, 8)]}, padri: [6, 10, 10, 10, 13, 15], figli: [2, 2, 2], mosse: [(7, 7, 7, 3, 3), (8, 8, 8, 4), (8, 8, 6, 4, 3), (8, 8, 4, 8, 2), (8, 8, 1, 6, 2), (8, 8, 6, 4, 3)]
8 -> costo: 119.66903199999999, rotte: {7: [(1, 3), (3, 7), (7, 5)], 8: [(1, 6), (6, 4), (4, 8)]}, padri: [6, 6, 6, 11, 11, 11, 14, 19], figli: [2], mosse: [(7, 7, 3, 7, 5), (7, 7, 5, 7), (7, 7, 7, 5, 3), (8, 8, 8, 4), (8, 8, 6, 4, 3), (8, 8, 4, 8, 2), (8, 8, 1, 6, 2), (8, 8, 6, 4, 3)]
9 -> costo: 122.50671999999999, rotte: {7: [(1, 3), (3, 5), (5, 7)], 8: [(1, 6), (6, 8), (8, 4)]}, padri: [0, 17], figli: [3, 10, 6, 6, 6, 11, 11, 11, 11, 11, 14, 14, 14], mosse: [(8, 8, 8, 4, 3), (8, 8, 1, 6, 2)]
10 -> costo: 117.511436, rotte: {7: [(1, 5), (5, 7), (7, 3)], 8: [(1, 6), (6, 8), (8, 4)]}, padri: [9, 15, 16], figli: [3, 3, 3, 7, 7, 7], mosse: [(7, 7, 7, 3, 3), (8, 8, 8, 4, 3), (8, 8, 1, 6, 2)]
11 -> costo: 121.99249599999999, rotte: {7: [(1, 3), (3, 7), (7, 5)], 8: [(1, 6), (6, 8), (8, 4)]}, padri: [9, 9, 9, 18, 19], figli: [3, 8, 8, 8], mosse: [(7, 7, 3, 7, 5), (7, 7, 5, 7), (7, 7, 7, 5, 3), (8, 8, 1, 6, 2), (8, 8, 8, 4, 3)]
12 -> costo: 122.88117400000002, rotte: {7: [(1, 3), (3, 5), (5, 7)], 8: [(1, 4), (4, 8), (8, 6)]}, padri: [0, 0, 0, 17], figli: [4, 13, 6, 14, 14, 14, 16], mosse: [(8, 8, 4, 8, 2), (8, 8, 8, 6, 2), (8, 8, 6, 8), (8, 8, 4, 8, 2)]
13 -> costo: 117.88589000000002, rotte: {7: [(1, 5), (5, 7), (7, 3)], 8: [(1, 4), (4, 8), (8, 6)]}, padri: [12, 15, 15, 15, 16], figli: [4, 4, 4, 7], mosse: [(7, 7, 7, 3, 3), (8, 8, 4, 8, 2), (8, 8, 8, 6, 2), (8, 8, 6, 8), (8, 8, 4, 8, 2)]
14 -> costo: 122.36695, rotte: {7: [(1, 3), (3, 7), (7, 5)], 8: [(1, 4), (4, 8), (8, 6)]}, padri: [12, 12, 12, 18, 19, 19, 19], figli: [4, 8], mosse: [(7, 7, 3, 7, 5), (7, 7, 5, 7), (7, 7, 7, 5, 3), (8, 8, 4, 8, 2), (8, 8, 4, 8, 2), (8, 8, 8, 6, 2), (8, 8, 6, 8)]
15 -> costo: 123.497134, rotte: {7: [(1, 5), (5, 7), (7, 3)], 8: [(1, 4), (4, 6), (6, 8)]}, padri: [0], figli: [7, 1, 1, 1, 10, 13, 13, 13, 16, 16, 16], mosse: [(7, 7, 7, 3, 3)]
16 -> costo: 122.12374399999999, rotte: {7: [(1, 5), (5, 7), (7, 3)], 8: [(1, 8), (8, 4), (4, 6)]}, padri: [15, 17], figli: [5, 5, 5, 10, 13], mosse: [(8, 8, 1, 8, 2), (7, 7, 7, 3, 3)]
17 -> costo: 127.11902799999997, rotte: {7: [(1, 3), (3, 5), (5, 7)], 8: [(1, 8), (8, 4), (4, 6)]}, padri: [0], figli: [5, 16, 9, 12, 18, 18, 18], mosse: [(8, 8, 1, 8, 2)]
18 -> costo: 126.60480399999999, rotte: {7: [(1, 3), (3, 7), (7, 5)], 8: [(1, 8), (8, 4), (4, 6)]}, padri: [17, 17, 17, 19], figli: [5, 11, 14], mosse: [(7, 7, 3, 7, 5), (7, 7, 5, 7), (7, 7, 7, 5, 3), (8, 8, 1, 8, 2)]
19 -> costo: 127.97819399999999, rotte: {7: [(1, 3), (3, 7), (7, 5)], 8: [(1, 4), (4, 6), (6, 8)]}, padri: [0, 0, 0], figli: [1, 8, 11, 14, 14, 14, 18], mosse: [(7, 7, 3, 7, 5), (7, 7, 5, 7), (7, 7, 7, 5, 3)]
bestSolutionIndice: 2
itMosseLS: 93, itMosseTS: 93
time elapsed: 14.72s.


s: 2
dictSolutions[2]:
0 -> costo: 174.388744, rotte: {4: [(2, 3), (3, 5), (5, 7), (7, 9), (9, 8)], 6: [(2, 4), (4, 6), (6, 8)]}, padri: [-1], figli: [1, 21, 48, 59, 61, 78, 86, 95, 98, 106, 107, 111, 107, 107, 120, 120, 120, 122, 124, 126, 127, 127, 127, 1, 61, 136, 136, 137, 137, 136, 136], mosse: [-1]
1 -> costo: 150.635461, rotte: {4: [(2, 3), (3, 5), (5, 9), (9, 7), (7, 8)], 6: [(2, 4), (4, 6), (6, 8)]}, padri: [0, 21, 21, 21, 58, 59, 120, 0, 136, 137, 141], figli: [2, 6, 10, 13, 14, 13, 13, 16, 16, 16, 17, 17, 17, 19, 2, 24, 24, 28, 28, 32, 36, 40, 46, 46, 46, 53, 69, 69, 70, 70, 87, 112, 112, 112, 128], mosse: [(4, 4, 9, 7, 2), (4, 4, 9, 7, 2), (4, 4, 7, 8, 1), (4, 4, 8, 7), (4, 4, 2, 3, 2), (4, 4, 3, 5, 2), (4, 4, 9, 7, 2), (4, 4, 7, 9), (4, 4, 5, 9, 4), (4, 4, 5, 9, 4), (4, 4, 3, 5, 2)]
2 -> costo: 138.472003, rotte: {4: [(2, 3), (3, 5), (5, 9), (9, 7), (7, 8)], 6: [(2, 6), (6, 4), (4, 8)]}, padri: [1, 6, 6, 6, 13, 1, 22, 22, 22, 27, 28, 61, 66, 61, 69, 70, 74], figli: [3, 4, 25], mosse: [(6, 6, 6, 4, 3), (6, 6, 6, 4, 3), (6, 6, 4, 8, 3), (6, 6, 8, 4), (6, 6, 2, 6, 1), (6, 6, 4, 6), (4, 4, 9, 7, 2), (4, 4, 7, 8, 1), (4, 4, 8, 7), (4, 4, 2, 3, 2), (4, 4, 3, 5, 2), (4, 4, 9, 7, 2), (4, 4, 9, 7, 2), (4, 4, 7, 9), (4, 4, 5, 9, 4), (4, 4, 5, 9, 4), (4, 4, 3, 5, 2)]
3 -> costo: 129.036508, rotte: {4: [(2, 5), (5, 9), (9, 3), (3, 7), (7, 8)], 6: [(2, 6), (6, 4), (4, 8)]}, padri: [2, 5, 7, 7, 7, 10, 11, 10, 23, 23, 23, 27, 28, 29, 65, 68, 73], figli: [], mosse: [(4, 4, 9, 3, 2), (4, 4, 5, 9, 4), (6, 6, 6, 4, 3), (6, 6, 4, 8, 3), (6, 6, 8, 4), (6, 6, 6, 4, 3), (6, 6, 2, 6, 1), (6, 6, 4, 6), (4, 4, 3, 7, 2), (4, 4, 7, 8, 1), (4, 4, 8, 7), (4, 4, 9, 3, 2), (4, 4, 9, 3, 2), (4, 4, 3, 7, 2), (4, 4, 5, 9, 4), (4, 4, 3, 7, 2), (4, 4, 2, 5, 2)]
4 -> costo: 136.31994799999998, rotte: {4: [(2, 3), (3, 9), (9, 5), (5, 7), (7, 8)], 6: [(2, 6), (6, 4), (4, 8)]}, padri: [2, 8, 8, 8, 14, 19, 19, 24, 24, 24, 28, 62, 69, 70, 74, 76], figli: [5], mosse: [(4, 4, 9, 5, 2), (6, 6, 6, 4, 3), (6, 6, 4, 8, 3), (6, 6, 8, 4), (6, 6, 2, 6, 1), (6, 6, 6, 4, 3), (6, 6, 4, 6), (4, 4, 8, 7), (4, 4, 5, 7, 2), (4, 4, 7, 8, 1), (4, 4, 9, 5, 2), (4, 4, 5, 7, 2), (4, 4, 3, 9, 4), (4, 4, 3, 9, 4), (4, 4, 9, 5, 2), (4, 4, 2, 3, 2)]
5 -> costo: 132.64431299999998, rotte: {4: [(2, 9), (9, 5), (5, 3), (3, 7), (7, 8)], 6: [(2, 6), (6, 4), (4, 8)]}, padri: [4, 9, 9, 9, 15, 20, 20, 25, 25, 25, 65, 70, 73, 76], figli: [3], mosse: [(4, 4, 5, 3, 2), (6, 6, 6, 4, 3), (6, 6, 4, 8, 3), (6, 6, 8, 4), (6, 6, 2, 6, 1), (6, 6, 6, 4, 3), (6, 6, 4, 6), (4, 4, 3, 7, 2), (4, 4, 7, 8, 1), (4, 4, 8, 7), (4, 4, 2, 9, 4), (4, 4, 5, 3, 2), (4, 4, 9, 5, 2), (4, 4, 5, 3, 2)]
6 -> costo: 140.535693, rotte: {4: [(2, 3), (3, 5), (5, 9), (9, 7), (7, 8)], 6: [(2, 6), (6, 8), (8, 4)]}, padri: [1, 16, 30, 30, 30, 35, 36, 78, 83, 78, 86, 87, 91], figli: [7, 8, 2, 2, 2, 11, 14, 14, 14, 18, 24, 24, 24, 28, 28, 28, 33, 69, 69, 69, 70, 70, 70], mosse: [(6, 6, 8, 4, 3), (6, 6, 2, 6, 1), (4, 4, 9, 7, 2), (4, 4, 7, 8, 1), (4, 4, 8, 7), (4, 4, 2, 3, 2), (4, 4, 3, 5, 2), (4, 4, 9, 7, 2), (4, 4, 9, 7, 2), (4, 4, 7, 9), (4, 4, 5, 9, 4), (4, 4, 5, 9, 4), (4, 4, 3, 5, 2)]
7 -> costo: 131.10019800000003, rotte: {4: [(2, 5), (5, 9), (9, 3), (3, 7), (7, 8)], 6: [(2, 6), (6, 8), (8, 4)]}, padri: [6, 9, 10, 12, 31, 31, 31, 35, 36, 37, 82, 85, 90], figli: [3, 3, 3], mosse: [(4, 4, 9, 3, 2), (4, 4, 5, 9, 4), (6, 6, 8, 4, 3), (6, 6, 2, 6, 1), (4, 4, 3, 7, 2), (4, 4, 7, 8, 1), (4, 4, 8, 7), (4, 4, 9, 3, 2), (4, 4, 9, 3, 2), (4, 4, 3, 7, 2), (4, 4, 5, 9, 4), (4, 4, 3, 7, 2), (4, 4, 2, 5, 2)]
8 -> costo: 138.383638, rotte: {4: [(2, 3), (3, 9), (9, 5), (5, 7), (7, 8)], 6: [(2, 6), (6, 8), (8, 4)]}, padri: [6, 17, 19, 32, 32, 32, 36, 79, 86, 87, 91, 93], figli: [9, 4, 4, 4, 25, 25, 25], mosse: [(4, 4, 9, 5, 2), (6, 6, 2, 6, 1), (6, 6, 8, 4, 3), (4, 4, 8, 7), (4, 4, 5, 7, 2), (4, 4, 7, 8, 1), (4, 4, 9, 5, 2), (4, 4, 5, 7, 2), (4, 4, 3, 9, 4), (4, 4, 3, 9, 4), (4, 4, 9, 5, 2), (4, 4, 2, 3, 2)]
9 -> costo: 134.708003, rotte: {4: [(2, 9), (9, 5), (5, 3), (3, 7), (7, 8)], 6: [(2, 6), (6, 8), (8, 4)]}, padri: [8, 18, 20, 33, 33, 33, 82, 87, 90, 93], figli: [7, 5, 5, 5, 11], mosse: [(4, 4, 5, 3, 2), (6, 6, 2, 6, 1), (6, 6, 8, 4, 3), (4, 4, 3, 7, 2), (4, 4, 7, 8, 1), (4, 4, 8, 7), (4, 4, 2, 9, 4), (4, 4, 5, 3, 2), (4, 4, 9, 5, 2), (4, 4, 5, 3, 2)]
10 -> costo: 141.19996600000002, rotte: {4: [(2, 5), (5, 9), (9, 3), (3, 7), (7, 8)], 6: [(2, 4), (4, 6), (6, 8)]}, padri: [1, 20, 38, 38, 38, 58, 59, 60, 106, 124, 140], figli: [3, 7, 11, 11, 11, 12, 12, 12, 3], mosse: [(4, 4, 9, 3, 2), (4, 4, 5, 9, 4), (4, 4, 3, 7, 2), (4, 4, 7, 8, 1), (4, 4, 8, 7), (4, 4, 9, 3, 2), (4, 4, 9, 3, 2), (4, 4, 3, 7, 2), (4, 4, 5, 9, 4), (4, 4, 3, 7, 2), (4, 4, 2, 5, 2)]
11 -> costo: 132.703922, rotte: {4: [(2, 5), (5, 9), (9, 3), (3, 7), (7, 8)], 6: [(2, 4), (4, 8), (8, 6)]}, padri: [10, 10, 10, 12, 13, 15, 39, 39, 39, 45, 46, 47, 103, 110, 115], figli: [3], mosse: [(6, 6, 4, 8, 3), (6, 6, 8, 6, 1), (6, 6, 6, 8), (6, 6, 4, 8, 3), (4, 4, 9, 3, 2), (4, 4, 5, 9, 4), (4, 4, 3, 7, 2), (4, 4, 7, 8, 1), (4, 4, 8, 7), (4, 4, 9, 3, 2), (4, 4, 9, 3, 2), (4, 4, 3, 7, 2), (4, 4, 5, 9, 4), (4, 4, 3, 7, 2), (4, 4, 2, 5, 2)]
12 -> costo: 136.196042, rotte: {4: [(2, 5), (5, 9), (9, 3), (3, 7), (7, 8)], 6: [(2, 8), (8, 4), (4, 6)]}, padri: [10, 16, 18, 40, 40, 40, 52, 53, 54, 105, 125, 131], figli: [7, 11], mosse: [(6, 6, 2, 8, 3), (4, 4, 9, 3, 2), (4, 4, 5, 9, 4), (4, 4, 3, 7, 2), (4, 4, 7, 8, 1), (4, 4, 8, 7), (4, 4, 9, 3, 2), (4, 4, 9, 3, 2), (4, 4, 3, 7, 2), (4, 4, 5, 9, 4), (4, 4, 3, 7, 2), (4, 4, 2, 5, 2)]
13 -> costo: 142.13941699999998, rotte: {4: [(2, 3), (3, 5), (5, 9), (9, 7), (7, 8)], 6: [(2, 4), (4, 8), (8, 6)]}, padri: [1, 1, 1, 16, 41, 41, 41, 45, 46, 107, 108, 107, 111, 112, 116], figli: [11, 2, 14, 24, 28, 43, 69, 70], mosse: [(6, 6, 4, 8, 3), (6, 6, 8, 6, 1), (6, 6, 6, 8), (6, 6, 4, 8, 3), (4, 4, 9, 7, 2), (4, 4, 7, 8, 1), (4, 4, 8, 7), (4, 4, 2, 3, 2), (4, 4, 3, 5, 2), (4, 4, 9, 7, 2), (4, 4, 9, 7, 2), (4, 4, 7, 9), (4, 4, 5, 9, 4), (4, 4, 5, 9, 4), (4, 4, 3, 5, 2)]
14 -> costo: 139.98736199999996, rotte: {4: [(2, 3), (3, 9), (9, 5), (5, 7), (7, 8)], 6: [(2, 4), (4, 8), (8, 6)]}, padri: [13, 17, 19, 19, 19, 42, 42, 42, 46, 96, 111, 112, 116, 118], figli: [15, 4, 25], mosse: [(4, 4, 9, 5, 2), (6, 6, 4, 8, 3), (6, 6, 4, 8, 3), (6, 6, 8, 6, 1), (6, 6, 6, 8), (4, 4, 8, 7), (4, 4, 5, 7, 2), (4, 4, 7, 8, 1), (4, 4, 9, 5, 2), (4, 4, 5, 7, 2), (4, 4, 3, 9, 4), (4, 4, 3, 9, 4), (4, 4, 9, 5, 2), (4, 4, 2, 3, 2)]
15 -> costo: 136.311727, rotte: {4: [(2, 9), (9, 5), (5, 3), (3, 7), (7, 8)], 6: [(2, 4), (4, 8), (8, 6)]}, padri: [14, 18, 20, 20, 20, 43, 43, 43, 103, 112, 115, 118], figli: [5, 11], mosse: [(4, 4, 5, 3, 2), (6, 6, 4, 8, 3), (6, 6, 4, 8, 3), (6, 6, 8, 6, 1), (6, 6, 6, 8), (4, 4, 3, 7, 2), (4, 4, 7, 8, 1), (4, 4, 8, 7), (4, 4, 2, 9, 4), (4, 4, 5, 3, 2), (4, 4, 9, 5, 2), (4, 4, 5, 3, 2)]
16 -> costo: 145.631537, rotte: {4: [(2, 3), (3, 5), (5, 9), (9, 7), (7, 8)], 6: [(2, 8), (8, 4), (4, 6)]}, padri: [1, 48, 48, 48, 52, 53, 121, 126, 126, 127, 128, 132], figli: [12, 6, 13, 17, 20, 32, 36, 46, 87, 112], mosse: [(6, 6, 2, 8, 3), (4, 4, 9, 7, 2), (4, 4, 7, 8, 1), (4, 4, 8, 7), (4, 4, 2, 3, 2), (4, 4, 3, 5, 2), (4, 4, 9, 7, 2), (4, 4, 9, 7, 2), (4, 4, 7, 9), (4, 4, 5, 9, 4), (4, 4, 5, 9, 4), (4, 4, 3, 5, 2)]
17 -> costo: 143.479482, rotte: {4: [(2, 3), (3, 9), (9, 5), (5, 7), (7, 8)], 6: [(2, 8), (8, 4), (4, 6)]}, padri: [16, 19, 49, 49, 49, 53, 97, 127, 128, 132, 134], figli: [8, 18, 14, 33, 43], mosse: [(4, 4, 9, 5, 2), (6, 6, 2, 8, 3), (4, 4, 8, 7), (4, 4, 5, 7, 2), (4, 4, 7, 8, 1), (4, 4, 9, 5, 2), (4, 4, 5, 7, 2), (4, 4, 3, 9, 4), (4, 4, 3, 9, 4), (4, 4, 9, 5, 2), (4, 4, 2, 3, 2)]
18 -> costo: 139.803847, rotte: {4: [(2, 9), (9, 5), (5, 3), (3, 7), (7, 8)], 6: [(2, 8), (8, 4), (4, 6)]}, padri: [17, 20, 50, 50, 50, 105, 128, 131, 134], figli: [9, 12, 15], mosse: [(4, 4, 5, 3, 2), (6, 6, 2, 8, 3), (4, 4, 3, 7, 2), (4, 4, 7, 8, 1), (4, 4, 8, 7), (4, 4, 2, 9, 4), (4, 4, 5, 3, 2), (4, 4, 9, 5, 2), (4, 4, 5, 3, 2)]
19 -> costo: 148.48340599999997, rotte: {4: [(2, 3), (3, 9), (9, 5), (5, 7), (7, 8)], 6: [(2, 4), (4, 6), (6, 8)]}, padri: [1, 55, 55, 55, 59, 95, 136, 137, 141, 143], figli: [4, 8, 14, 14, 14, 17, 20, 4, 25, 25, 33, 43, 43, 43], mosse: [(4, 4, 9, 5, 2), (4, 4, 8, 7), (4, 4, 5, 7, 2), (4, 4, 7, 8, 1), (4, 4, 9, 5, 2), (4, 4, 5, 7, 2), (4, 4, 3, 9, 4), (4, 4, 3, 9, 4), (4, 4, 9, 5, 2), (4, 4, 2, 3, 2)]
20 -> costo: 144.80777099999997, rotte: {4: [(2, 9), (9, 5), (5, 3), (3, 7), (7, 8)], 6: [(2, 4), (4, 6), (6, 8)]}, padri: [19, 56, 56, 56, 106, 137, 140, 143], figli: [5, 9, 15, 15, 15, 18, 10, 5, 40], mosse: [(4, 4, 5, 3, 2), (4, 4, 3, 7, 2), (4, 4, 7, 8, 1), (4, 4, 8, 7), (4, 4, 2, 9, 4), (4, 4, 5, 3, 2), (4, 4, 9, 5, 2), (4, 4, 5, 3, 2)]
21 -> costo: 156.519818, rotte: {4: [(2, 3), (3, 5), (5, 9), (9, 8), (8, 7)], 6: [(2, 4), (4, 6), (6, 8)]}, padri: [0, 99, 120], figli: [22, 30, 34, 38, 41, 42, 41, 41, 1, 1, 1, 48, 48, 48, 49, 49, 49, 55, 22, 57, 57, 59, 59, 59, 62, 62, 79, 100, 137, 137, 137], mosse: [(4, 4, 8, 7, 2), (4, 4, 3, 5, 2), (4, 4, 8, 7, 2)]
22 -> costo: 144.35636000000002, rotte: {4: [(2, 3), (3, 5), (5, 9), (9, 8), (8, 7)], 6: [(2, 6), (6, 4), (4, 8)]}, padri: [21, 30, 30, 30, 41, 21, 61, 64, 66], figli: [23, 2, 2, 2, 24, 24, 24, 26, 27, 28, 28, 28, 45, 69, 69, 69, 70, 70, 70], mosse: [(6, 6, 6, 4, 3), (6, 6, 6, 4, 3), (6, 6, 4, 8, 3), (6, 6, 8, 4), (6, 6, 2, 6, 1), (6, 6, 4, 6), (4, 4, 8, 7, 2), (4, 4, 3, 5, 2), (4, 4, 8, 7, 2)]
23 -> costo: 134.458851, rotte: {4: [(2, 5), (5, 9), (9, 3), (3, 8), (8, 7)], 6: [(2, 6), (6, 4), (4, 8)]}, padri: [22, 25, 26, 29, 31, 31, 31, 38, 39, 38, 64, 68], figli: [3, 3, 3], mosse: [(4, 4, 9, 3, 2), (4, 4, 5, 9, 4), (4, 4, 9, 3, 2), (4, 4, 8, 7, 2), (6, 6, 6, 4, 3), (6, 6, 4, 8, 3), (6, 6, 8, 4), (6, 6, 6, 4, 3), (6, 6, 2, 6, 1), (6, 6, 4, 6), (4, 4, 9, 3, 2), (4, 4, 8, 7, 2)]
24 -> costo: 142.251675, rotte: {4: [(2, 3), (3, 9), (9, 5), (5, 8), (8, 7)], 6: [(2, 6), (6, 4), (4, 8)]}, padri: [22, 32, 32, 32, 42, 55, 55, 62, 64], figli: [4, 4, 4, 25, 25, 25], mosse: [(4, 4, 9, 5, 2), (6, 6, 6, 4, 3), (6, 6, 4, 8, 3), (6, 6, 8, 4), (6, 6, 2, 6, 1), (6, 6, 6, 4, 3), (6, 6, 4, 6), (4, 4, 8, 7, 2), (4, 4, 9, 5, 2)]
25 -> costo: 138.066656, rotte: {4: [(2, 9), (9, 5), (5, 3), (3, 8), (8, 7)], 6: [(2, 6), (6, 4), (4, 8)]}, padri: [24, 33, 33, 33, 43, 56, 56], figli: [5, 5, 5, 23, 27], mosse: [(4, 4, 5, 3, 2), (6, 6, 6, 4, 3), (6, 6, 4, 8, 3), (6, 6, 8, 4), (6, 6, 2, 6, 1), (6, 6, 6, 4, 3), (6, 6, 4, 6)]
26 -> costo: 143.77948600000002, rotte: {4: [(2, 5), (5, 9), (9, 8), (8, 7), (7, 3)], 6: [(2, 6), (6, 4), (4, 8)]}, padri: [22, 34, 34, 34, 44, 57, 57, 64], figli: [23, 27, 29, 76], mosse: [(4, 4, 7, 3, 2), (6, 6, 6, 4, 3), (6, 6, 4, 8, 3), (6, 6, 8, 4), (6, 6, 2, 6, 1), (6, 6, 6, 4, 3), (6, 6, 4, 6), (4, 4, 7, 3, 2)]
27 -> costo: 140.888313, rotte: {4: [(2, 5), (5, 9), (9, 7), (7, 8), (8, 3)], 6: [(2, 6), (6, 4), (4, 8)]}, padri: [26, 29, 29, 29, 35, 35, 35, 45, 58, 58, 75, 76], figli: [3, 2, 28, 64, 69, 70], mosse: [(4, 4, 7, 8, 1), (4, 4, 3, 8), (4, 4, 8, 3, 2), (4, 4, 7, 8, 1), (6, 6, 6, 4, 3), (6, 6, 4, 8, 3), (6, 6, 8, 4), (6, 6, 2, 6, 1), (6, 6, 6, 4, 3), (6, 6, 4, 6), (4, 4, 5, 9, 4), (4, 4, 5, 9, 4)]
28 -> costo: 138.6343, rotte: {4: [(2, 5), (5, 3), (3, 9), (9, 7), (7, 8)], 6: [(2, 6), (6, 4), (4, 8)]}, padri: [27, 36, 36, 36, 46, 59, 59, 63, 64, 64, 64, 65, 67, 74], figli: [3, 4, 2, 69, 70], mosse: [(4, 4, 5, 3, 2), (6, 6, 6, 4, 3), (6, 6, 4, 8, 3), (6, 6, 8, 4), (6, 6, 2, 6, 1), (6, 6, 6, 4, 3), (6, 6, 4, 6), (4, 4, 9, 7, 2), (4, 4, 9, 7, 2), (4, 4, 7, 8, 1), (4, 4, 8, 7), (4, 4, 3, 9, 4), (4, 4, 9, 7, 2), (4, 4, 2, 5, 2)]
29 -> costo: 141.595066, rotte: {4: [(2, 5), (5, 9), (9, 7), (7, 3), (3, 8)], 6: [(2, 6), (6, 4), (4, 8)]}, padri: [26, 37, 37, 37, 47, 60, 60, 68, 68], figli: [3, 23, 27, 27, 27, 76, 76, 76], mosse: [(4, 4, 3, 8, 1), (6, 6, 6, 4, 3), (6, 6, 4, 8, 3), (6, 6, 8, 4), (6, 6, 2, 6, 1), (6, 6, 6, 4, 3), (6, 6, 4, 6), (4, 4, 9, 7, 2), (4, 4, 7, 9)]
30 -> costo: 146.42005, rotte: {4: [(2, 3), (3, 5), (5, 9), (9, 8), (8, 7)], 6: [(2, 6), (6, 8), (8, 4)]}, padri: [21, 48, 78, 81, 83], figli: [31, 6, 6, 6, 32, 32, 32, 22, 22, 22, 34, 34, 34, 35, 36, 36, 36, 39, 42, 42, 42, 50, 57, 57, 57, 62, 62, 62, 87, 87, 87], mosse: [(6, 6, 8, 4, 3), (6, 6, 2, 6, 1), (4, 4, 8, 7, 2), (4, 4, 3, 5, 2), (4, 4, 8, 7, 2)]
31 -> costo: 136.52254100000002, rotte: {4: [(2, 5), (5, 9), (9, 3), (3, 8), (8, 7)], 6: [(2, 6), (6, 8), (8, 4)]}, padri: [30, 33, 34, 37, 38, 40, 81, 85], figli: [7, 7, 7, 23, 23, 23], mosse: [(4, 4, 9, 3, 2), (4, 4, 5, 9, 4), (4, 4, 9, 3, 2), (4, 4, 8, 7, 2), (6, 6, 8, 4, 3), (6, 6, 2, 6, 1), (4, 4, 9, 3, 2), (4, 4, 8, 7, 2)]
32 -> costo: 144.315365, rotte: {4: [(2, 3), (3, 9), (9, 5), (5, 8), (8, 7)], 6: [(2, 6), (6, 8), (8, 4)]}, padri: [30, 49, 55, 79, 81], figli: [8, 8, 8, 33, 33, 33, 24, 24, 24], mosse: [(4, 4, 9, 5, 2), (6, 6, 2, 6, 1), (6, 6, 8, 4, 3), (4, 4, 8, 7, 2), (4, 4, 9, 5, 2)]
33 -> costo: 140.130346, rotte: {4: [(2, 9), (9, 5), (5, 3), (3, 8), (8, 7)], 6: [(2, 6), (6, 8), (8, 4)]}, padri: [32, 50, 56], figli: [9, 9, 9, 31, 25, 25, 25, 35, 39], mosse: [(4, 4, 5, 3, 2), (6, 6, 2, 6, 1), (6, 6, 8, 4, 3)]
34 -> costo: 145.843176, rotte: {4: [(2, 5), (5, 9), (9, 8), (8, 7), (7, 3)], 6: [(2, 6), (6, 8), (8, 4)]}, padri: [30, 51, 57, 81], figli: [31, 35, 37, 26, 26, 26, 39, 45, 45, 45, 93], mosse: [(4, 4, 7, 3, 2), (6, 6, 2, 6, 1), (6, 6, 8, 4, 3), (4, 4, 7, 3, 2)]
35 -> costo: 142.952003, rotte: {4: [(2, 5), (5, 9), (9, 7), (7, 8), (8, 3)], 6: [(2, 6), (6, 8), (8, 4)]}, padri: [34, 37, 37, 37, 52, 58, 92, 93], figli: [7, 6, 36, 27, 27, 27, 76, 76, 76, 81, 87], mosse: [(4, 4, 7, 8, 1), (4, 4, 3, 8), (4, 4, 8, 3, 2), (4, 4, 7, 8, 1), (6, 6, 2, 6, 1), (6, 6, 8, 4, 3), (4, 4, 5, 9, 4), (4, 4, 5, 9, 4)]
36 -> costo: 140.69799, rotte: {4: [(2, 5), (5, 3), (3, 9), (9, 7), (7, 8)], 6: [(2, 6), (6, 8), (8, 4)]}, padri: [35, 53, 59, 80, 81, 81, 81, 82, 84, 91], figli: [7, 8, 28, 28, 28, 6, 64, 64, 64, 87], mosse: [(4, 4, 5, 3, 2), (6, 6, 2, 6, 1), (6, 6, 8, 4, 3), (4, 4, 9, 7, 2), (4, 4, 9, 7, 2), (4, 4, 7, 8, 1), (4, 4, 8, 7), (4, 4, 3, 9, 4), (4, 4, 9, 7, 2), (4, 4, 2, 5, 2)]
37 -> costo: 143.65875599999998, rotte: {4: [(2, 5), (5, 9), (9, 7), (7, 3), (3, 8)], 6: [(2, 6), (6, 8), (8, 4)]}, padri: [34, 54, 60, 85, 85], figli: [7, 31, 29, 29, 29, 35, 35, 35, 39, 93, 93, 93], mosse: [(4, 4, 3, 8, 1), (6, 6, 2, 6, 1), (6, 6, 8, 4, 3), (4, 4, 9, 7, 2), (4, 4, 7, 9)]
38 -> costo: 146.622309, rotte: {4: [(2, 5), (5, 9), (9, 3), (3, 8), (8, 7)], 6: [(2, 4), (4, 6), (6, 8)]}, padri: [21, 56, 57, 60, 99, 124], figli: [23, 31, 39, 39, 39, 10, 10, 10, 40, 40, 40, 23], mosse: [(4, 4, 9, 3, 2), (4, 4, 5, 9, 4), (4, 4, 9, 3, 2), (4, 4, 8, 7, 2), (4, 4, 9, 3, 2), (4, 4, 8, 7, 2)]
39 -> costo: 138.126265, rotte: {4: [(2, 5), (5, 9), (9, 3), (3, 8), (8, 7)], 6: [(2, 4), (4, 8), (8, 6)]}, padri: [38, 38, 38, 40, 41, 43, 44, 47, 100, 110], figli: [11, 11, 11, 23], mosse: [(6, 6, 4, 8, 3), (6, 6, 8, 6, 1), (6, 6, 6, 8), (6, 6, 4, 8, 3), (4, 4, 9, 3, 2), (4, 4, 5, 9, 4), (4, 4, 9, 3, 2), (4, 4, 8, 7, 2), (4, 4, 9, 3, 2), (4, 4, 8, 7, 2)]
40 -> costo: 141.61838500000002, rotte: {4: [(2, 5), (5, 9), (9, 3), (3, 8), (8, 7)], 6: [(2, 8), (8, 4), (4, 6)]}, padri: [38, 48, 50, 51, 54, 101, 125], figli: [12, 12, 12, 31, 39], mosse: [(6, 6, 2, 8, 3), (4, 4, 9, 3, 2), (4, 4, 5, 9, 4), (4, 4, 9, 3, 2), (4, 4, 8, 7, 2), (4, 4, 9, 3, 2), (4, 4, 8, 7, 2)]
41 -> costo: 148.02377399999997, rotte: {4: [(2, 3), (3, 5), (5, 9), (9, 8), (8, 7)], 6: [(2, 4), (4, 8), (8, 6)]}, padri: [21, 21, 21, 48, 100, 107, 108], figli: [39, 13, 13, 13, 22, 42, 44, 46, 46, 46, 52, 57, 62, 112, 112, 112], mosse: [(6, 6, 4, 8, 3), (6, 6, 8, 6, 1), (6, 6, 6, 8), (6, 6, 4, 8, 3), (4, 4, 3, 5, 2), (4, 4, 8, 7, 2), (4, 4, 8, 7, 2)]
42 -> costo: 145.91908899999999, rotte: {4: [(2, 3), (3, 9), (9, 5), (5, 8), (8, 7)], 6: [(2, 4), (4, 8), (8, 6)]}, padri: [41, 49, 55, 55, 55, 96, 100], figli: [14, 14, 14, 43, 43, 43, 24], mosse: [(4, 4, 9, 5, 2), (6, 6, 4, 8, 3), (6, 6, 4, 8, 3), (6, 6, 8, 6, 1), (6, 6, 6, 8), (4, 4, 8, 7, 2), (4, 4, 9, 5, 2)]
43 -> costo: 141.73406999999997, rotte: {4: [(2, 9), (9, 5), (5, 3), (3, 8), (8, 7)], 6: [(2, 4), (4, 8), (8, 6)]}, padri: [42, 50, 56, 56, 56], figli: [15, 15, 15, 25, 39], mosse: [(4, 4, 5, 3, 2), (6, 6, 4, 8, 3), (6, 6, 4, 8, 3), (6, 6, 8, 6, 1), (6, 6, 6, 8)]
44 -> costo: 147.4469, rotte: {4: [(2, 5), (5, 9), (9, 8), (8, 7), (7, 3)], 6: [(2, 4), (4, 8), (8, 6)]}, padri: [41, 51, 57, 57, 57, 100], figli: [39, 26, 45, 47, 118], mosse: [(4, 4, 7, 3, 2), (6, 6, 4, 8, 3), (6, 6, 4, 8, 3), (6, 6, 8, 6, 1), (6, 6, 6, 8), (4, 4, 7, 3, 2)]
45 -> costo: 144.55572699999996, rotte: {4: [(2, 5), (5, 9), (9, 7), (7, 8), (8, 3)], 6: [(2, 4), (4, 8), (8, 6)]}, padri: [44, 47, 47, 47, 52, 58, 58, 58, 117, 118], figli: [11, 27, 13, 46, 76, 112], mosse: [(4, 4, 7, 8, 1), (4, 4, 3, 8), (4, 4, 8, 3, 2), (4, 4, 7, 8, 1), (6, 6, 4, 8, 3), (6, 6, 4, 8, 3), (6, 6, 8, 6, 1), (6, 6, 6, 8), (4, 4, 5, 9, 4), (4, 4, 5, 9, 4)]
46 -> costo: 142.30171399999998, rotte: {4: [(2, 5), (5, 3), (3, 9), (9, 7), (7, 8)], 6: [(2, 4), (4, 8), (8, 6)]}, padri: [45, 53, 59, 59, 59, 100, 100, 100, 102, 103, 109, 116], figli: [11, 28, 14, 13, 64, 112], mosse: [(4, 4, 5, 3, 2), (6, 6, 4, 8, 3), (6, 6, 4, 8, 3), (6, 6, 8, 6, 1), (6, 6, 6, 8), (4, 4, 9, 7, 2), (4, 4, 7, 8, 1), (4, 4, 8, 7), (4, 4, 9, 7, 2), (4, 4, 3, 9, 4), (4, 4, 9, 7, 2), (4, 4, 2, 5, 2)]
47 -> costo: 145.26247999999995, rotte: {4: [(2, 5), (5, 9), (9, 7), (7, 3), (3, 8)], 6: [(2, 4), (4, 8), (8, 6)]}, padri: [44, 54, 60, 60, 60, 110, 110], figli: [11, 39, 29, 45, 45, 45, 118, 118, 118], mosse: [(4, 4, 3, 8, 1), (6, 6, 4, 8, 3), (6, 6, 4, 8, 3), (6, 6, 8, 6, 1), (6, 6, 6, 8), (4, 4, 9, 7, 2), (4, 4, 7, 9)]
48 -> costo: 151.515894, rotte: {4: [(2, 3), (3, 5), (5, 9), (9, 8), (8, 7)], 6: [(2, 8), (8, 4), (4, 6)]}, padri: [21, 101, 121, 126], figli: [40, 16, 16, 16, 30, 41, 49, 51, 53, 53, 53, 56, 58, 79, 128, 128, 128], mosse: [(6, 6, 2, 8, 3), (4, 4, 3, 5, 2), (4, 4, 8, 7, 2), (4, 4, 8, 7, 2)]
49 -> costo: 149.41120899999999, rotte: {4: [(2, 3), (3, 9), (9, 5), (5, 8), (8, 7)], 6: [(2, 8), (8, 4), (4, 6)]}, padri: [48, 55, 97, 101], figli: [17, 17, 17, 32, 50, 42], mosse: [(4, 4, 9, 5, 2), (6, 6, 2, 8, 3), (4, 4, 8, 7, 2), (4, 4, 9, 5, 2)]
50 -> costo: 145.22619, rotte: {4: [(2, 9), (9, 5), (5, 3), (3, 8), (8, 7)], 6: [(2, 8), (8, 4), (4, 6)]}, padri: [49, 56], figli: [18, 18, 18, 33, 40, 43], mosse: [(4, 4, 5, 3, 2), (6, 6, 2, 8, 3)]
51 -> costo: 150.93902, rotte: {4: [(2, 5), (5, 9), (9, 8), (8, 7), (7, 3)], 6: [(2, 8), (8, 4), (4, 6)]}, padri: [48, 57, 101], figli: [40, 34, 44, 52, 54, 134], mosse: [(4, 4, 7, 3, 2), (6, 6, 2, 8, 3), (4, 4, 7, 3, 2)]
52 -> costo: 148.047847, rotte: {4: [(2, 5), (5, 9), (9, 7), (7, 8), (8, 3)], 6: [(2, 8), (8, 4), (4, 6)]}, padri: [51, 54, 54, 54, 58, 133, 134], figli: [12, 35, 45, 16, 53, 93, 118, 128], mosse: [(4, 4, 7, 8, 1), (4, 4, 3, 8), (4, 4, 8, 3, 2), (4, 4, 7, 8, 1), (6, 6, 2, 8, 3), (4, 4, 5, 9, 4), (4, 4, 5, 9, 4)]
53 -> costo: 145.793834, rotte: {4: [(2, 5), (5, 3), (3, 9), (9, 7), (7, 8)], 6: [(2, 8), (8, 4), (4, 6)]}, padri: [52, 59, 101, 101, 101, 104, 105, 123, 132], figli: [12, 36, 46, 17, 16, 81, 128], mosse: [(4, 4, 5, 3, 2), (6, 6, 2, 8, 3), (4, 4, 9, 7, 2), (4, 4, 7, 8, 1), (4, 4, 8, 7), (4, 4, 9, 7, 2), (4, 4, 3, 9, 4), (4, 4, 9, 7, 2), (4, 4, 2, 5, 2)]
54 -> costo: 148.75459999999998, rotte: {4: [(2, 5), (5, 9), (9, 7), (7, 3), (3, 8)], 6: [(2, 8), (8, 4), (4, 6)]}, padri: [51, 60, 125, 125], figli: [12, 40, 37, 47, 52, 52, 52, 134, 134, 134], mosse: [(4, 4, 3, 8, 1), (6, 6, 2, 8, 3), (4, 4, 9, 7, 2), (4, 4, 7, 9)]
55 -> costo: 154.415133, rotte: {4: [(2, 3), (3, 9), (9, 5), (5, 8), (8, 7)], 6: [(2, 4), (4, 6), (6, 8)]}, padri: [21, 95, 99], figli: [24, 32, 42, 42, 42, 19, 19, 19, 49, 56, 24], mosse: [(4, 4, 9, 5, 2), (4, 4, 8, 7, 2), (4, 4, 9, 5, 2)]
56 -> costo: 150.230114, rotte: {4: [(2, 9), (9, 5), (5, 3), (3, 8), (8, 7)], 6: [(2, 4), (4, 6), (6, 8)]}, padri: [55], figli: [25, 33, 43, 43, 43, 20, 20, 20, 50, 38, 25, 100], mosse: [(4, 4, 5, 3, 2)]
57 -> costo: 155.942944, rotte: {4: [(2, 5), (5, 9), (9, 8), (8, 7), (7, 3)], 6: [(2, 4), (4, 6), (6, 8)]}, padri: [21, 99], figli: [26, 34, 38, 44, 44, 44, 51, 58, 60, 26, 100, 143], mosse: [(4, 4, 7, 3, 2), (4, 4, 7, 3, 2)]
58 -> costo: 153.05177099999997, rotte: {4: [(2, 5), (5, 9), (9, 7), (7, 8), (8, 3)], 6: [(2, 4), (4, 6), (6, 8)]}, padri: [57, 60, 60, 60, 142, 143], figli: [27, 10, 35, 45, 45, 45, 52, 1, 59, 27, 76, 76, 93, 101, 118, 118, 118, 134, 137], mosse: [(4, 4, 7, 8, 1), (4, 4, 3, 8), (4, 4, 8, 3, 2), (4, 4, 7, 8, 1), (4, 4, 5, 9, 4), (4, 4, 5, 9, 4)]
59 -> costo: 150.797758, rotte: {4: [(2, 5), (5, 3), (3, 9), (9, 7), (7, 8)], 6: [(2, 4), (4, 6), (6, 8)]}, padri: [58, 98, 99, 99, 99, 106, 122, 141], figli: [28, 36, 10, 46, 46, 46, 53, 19, 28, 1, 64, 64, 81, 137], mosse: [(4, 4, 5, 3, 2), (4, 4, 9, 7, 2), (4, 4, 9, 7, 2), (4, 4, 7, 8, 1), (4, 4, 8, 7), (4, 4, 3, 9, 4), (4, 4, 9, 7, 2), (4, 4, 2, 5, 2)]
60 -> costo: 153.75852399999997, rotte: {4: [(2, 5), (5, 9), (9, 7), (7, 3), (3, 8)], 6: [(2, 4), (4, 6), (6, 8)]}, padri: [57, 124, 124], figli: [10, 29, 37, 47, 47, 47, 38, 54, 29, 58, 58, 58, 100, 143, 143, 143], mosse: [(4, 4, 3, 8, 1), (4, 4, 9, 7, 2), (4, 4, 7, 9)]
61 -> costo: 162.22528600000004, rotte: {4: [(2, 3), (3, 5), (5, 7), (7, 9), (9, 8)], 6: [(2, 6), (6, 4), (4, 8)]}, padri: [0, 78, 78, 78, 107, 0], figli: [2, 22, 62, 63, 65, 66, 67, 68, 2, 69, 69, 70, 70, 69, 69, 94, 94, 94, 119, 119, 119, 144, 144, 144], mosse: [(6, 6, 6, 4, 3), (6, 6, 6, 4, 3), (6, 6, 4, 8, 3), (6, 6, 8, 4), (6, 6, 2, 6, 1), (6, 6, 4, 6)]
62 -> costo: 153.463614, rotte: {4: [(2, 3), (3, 7), (7, 9), (9, 5), (5, 8)], 6: [(2, 6), (6, 4), (4, 8)]}, padri: [61, 63, 66, 71, 79, 79, 79, 95, 96, 95], figli: [4, 24], mosse: [(4, 4, 9, 5, 2), (4, 4, 9, 5, 2), (4, 4, 9, 5, 2), (4, 4, 5, 8, 1), (6, 6, 6, 4, 3), (6, 6, 4, 8, 3), (6, 6, 8, 4), (6, 6, 6, 4, 3), (6, 6, 2, 6, 1), (6, 6, 4, 6)]
63 -> costo: 153.63468200000003, rotte: {4: [(2, 5), (5, 3), (3, 7), (7, 9), (9, 8)], 6: [(2, 6), (6, 4), (4, 8)]}, padri: [61, 67, 80, 80, 80, 98, 102, 98], figli: [28, 64, 62, 65, 65, 65, 71, 71, 71], mosse: [(4, 4, 5, 3, 2), (4, 4, 3, 7, 2), (6, 6, 6, 4, 3), (6, 6, 4, 8, 3), (6, 6, 8, 4), (6, 6, 6, 4, 3), (6, 6, 2, 6, 1), (6, 6, 4, 6)]
64 -> costo: 144.51865700000002, rotte: {4: [(2, 5), (5, 3), (3, 9), (9, 8), (8, 7)], 6: [(2, 6), (6, 4), (4, 8)]}, padri: [63, 67, 81, 81, 81, 99, 100, 99], figli: [23, 28, 28, 28, 24, 26, 22], mosse: [(4, 4, 8, 7, 2), (4, 4, 8, 7, 2), (6, 6, 6, 4, 3), (6, 6, 4, 8, 3), (6, 6, 8, 4), (6, 6, 6, 4, 3), (6, 6, 2, 6, 1), (6, 6, 4, 6)]
65 -> costo: 153.49735700000002, rotte: {4: [(2, 5), (5, 3), (3, 7), (7, 8), (8, 9)], 6: [(2, 6), (6, 4), (4, 8)]}, padri: [63, 63, 63, 69, 71, 77, 82, 82, 82, 103, 106, 106], figli: [3, 5, 28], mosse: [(4, 4, 7, 8, 1), (4, 4, 8, 9, 4), (4, 4, 9, 8), (4, 4, 5, 3, 2), (4, 4, 2, 5, 2), (4, 4, 5, 3, 2), (6, 6, 6, 4, 3), (6, 6, 4, 8, 3), (6, 6, 8, 4), (6, 6, 2, 6, 1), (6, 6, 6, 4, 3), (6, 6, 4, 6)]
66 -> costo: 155.46290400000004, rotte: {4: [(2, 3), (3, 7), (7, 5), (5, 9), (9, 8)], 6: [(2, 6), (6, 4), (4, 8)]}, padri: [61, 72, 83, 83, 83, 108, 120, 120], figli: [2, 22, 62, 69, 70], mosse: [(4, 4, 7, 5, 2), (4, 4, 9, 8, 1), (6, 6, 6, 4, 3), (6, 6, 4, 8, 3), (6, 6, 8, 4), (6, 6, 2, 6, 1), (6, 6, 6, 4, 3), (6, 6, 4, 6)]
67 -> costo: 156.27878300000003, rotte: {4: [(2, 5), (5, 7), (7, 3), (3, 9), (9, 8)], 6: [(2, 6), (6, 4), (4, 8)]}, padri: [61, 68, 75, 84, 84, 84, 109, 122, 122], figli: [28, 64, 63], mosse: [(4, 4, 7, 3, 2), (4, 4, 3, 9, 4), (4, 4, 9, 8, 1), (6, 6, 6, 4, 3), (6, 6, 4, 8, 3), (6, 6, 8, 4), (6, 6, 2, 6, 1), (6, 6, 6, 4, 3), (6, 6, 4, 6)]
68 -> costo: 156.597595, rotte: {4: [(2, 5), (5, 7), (7, 9), (9, 3), (3, 8)], 6: [(2, 6), (6, 4), (4, 8)]}, padri: [61, 77, 85, 85, 85, 110, 124, 124], figli: [3, 23, 29, 29, 67], mosse: [(4, 4, 9, 3, 2), (4, 4, 3, 8, 1), (6, 6, 6, 4, 3), (6, 6, 4, 8, 3), (6, 6, 8, 4), (6, 6, 2, 6, 1), (6, 6, 6, 4, 3), (6, 6, 4, 6)]
69 -> costo: 162.087961, rotte: {4: [(2, 3), (3, 5), (5, 7), (7, 8), (8, 9)], 6: [(2, 6), (6, 4), (4, 8)]}, padri: [61, 61, 61, 86, 86, 86, 111, 136, 136], figli: [4, 2, 70, 65, 71, 72, 75, 77, 140], mosse: [(4, 4, 7, 8, 1), (4, 4, 8, 9, 4), (4, 4, 9, 8), (6, 6, 6, 4, 3), (6, 6, 4, 8, 3), (6, 6, 8, 4), (6, 6, 2, 6, 1), (6, 6, 6, 4, 3), (6, 6, 4, 6)]
70 -> costo: 139.34316600000002, rotte: {4: [(2, 9), (9, 3), (3, 5), (5, 7), (7, 8)], 6: [(2, 6), (6, 4), (4, 8)]}, padri: [69, 73, 76, 87, 87, 87, 112, 137, 137], figli: [5, 4, 2], mosse: [(4, 4, 2, 9, 4), (4, 4, 3, 5, 2), (4, 4, 9, 3, 2), (6, 6, 6, 4, 3), (6, 6, 4, 8, 3), (6, 6, 8, 4), (6, 6, 2, 6, 1), (6, 6, 6, 4, 3), (6, 6, 4, 6)]
71 -> costo: 153.89205300000003, rotte: {4: [(2, 3), (3, 7), (7, 8), (8, 9), (9, 5)], 6: [(2, 6), (6, 4), (4, 8)]}, padri: [69, 72, 72, 72, 88, 88, 88, 113, 138, 138], figli: [62, 65], mosse: [(4, 4, 9, 5, 2), (4, 4, 9, 5, 2), (4, 4, 5, 9), (4, 4, 8, 9, 4), (6, 6, 6, 4, 3), (6, 6, 4, 8, 3), (6, 6, 8, 4), (6, 6, 2, 6, 1), (6, 6, 6, 4, 3), (6, 6, 4, 6)]
72 -> costo: 157.36497300000002, rotte: {4: [(2, 3), (3, 7), (7, 8), (8, 5), (5, 9)], 6: [(2, 6), (6, 4), (4, 8)]}, padri: [69, 89, 89, 89, 114, 139, 139], figli: [73, 74, 71, 71, 71, 66], mosse: [(4, 4, 8, 5, 2), (6, 6, 6, 4, 3), (6, 6, 4, 8, 3), (6, 6, 8, 4), (6, 6, 2, 6, 1), (6, 6, 6, 4, 3), (6, 6, 4, 6)]
73 -> costo: 145.65466000000004, rotte: {4: [(2, 9), (9, 3), (3, 7), (7, 8), (8, 5)], 6: [(2, 6), (6, 4), (4, 8)]}, padri: [72, 74, 90, 90, 90, 115, 140, 140], figli: [3, 5, 70], mosse: [(4, 4, 2, 9, 4), (4, 4, 9, 3, 2), (6, 6, 6, 4, 3), (6, 6, 4, 8, 3), (6, 6, 8, 4), (6, 6, 2, 6, 1), (6, 6, 6, 4, 3), (6, 6, 4, 6)]
74 -> costo: 150.068272, rotte: {4: [(2, 3), (3, 9), (9, 7), (7, 8), (8, 5)], 6: [(2, 6), (6, 4), (4, 8)]}, padri: [72, 91, 91, 91, 116, 141, 141], figli: [4, 2, 28, 73], mosse: [(4, 4, 3, 9, 4), (6, 6, 6, 4, 3), (6, 6, 4, 8, 3), (6, 6, 8, 4), (6, 6, 2, 6, 1), (6, 6, 6, 4, 3), (6, 6, 4, 6)]
75 -> costo: 157.81847500000003, rotte: {4: [(2, 5), (5, 7), (7, 8), (8, 3), (3, 9)], 6: [(2, 6), (6, 4), (4, 8)]}, padri: [69, 77, 77, 77, 92, 92, 92, 117, 142, 142], figli: [27, 76, 67], mosse: [(4, 4, 8, 3, 2), (4, 4, 8, 3, 2), (4, 4, 3, 9, 4), (4, 4, 9, 3), (6, 6, 6, 4, 3), (6, 6, 4, 8, 3), (6, 6, 8, 4), (6, 6, 2, 6, 1), (6, 6, 6, 4, 3), (6, 6, 4, 6)]
76 -> costo: 144.41172300000002, rotte: {4: [(2, 9), (9, 5), (5, 7), (7, 8), (8, 3)], 6: [(2, 6), (6, 4), (4, 8)]}, padri: [75, 93, 93, 93, 118, 143, 143], figli: [5, 4, 70, 27], mosse: [(4, 4, 2, 9, 4), (6, 6, 6, 4, 3), (6, 6, 4, 8, 3), (6, 6, 8, 4), (6, 6, 2, 6, 1), (6, 6, 6, 4, 3), (6, 6, 4, 6)]
77 -> costo: 160.56665300000003, rotte: {4: [(2, 5), (5, 7), (7, 8), (8, 9), (9, 3)], 6: [(2, 6), (6, 4), (4, 8)]}, padri: [69, 94, 94, 94, 119, 144, 144], figli: [65, 68, 75, 75, 75], mosse: [(4, 4, 9, 3, 2), (6, 6, 6, 4, 3), (6, 6, 4, 8, 3), (6, 6, 8, 4), (6, 6, 2, 6, 1), (6, 6, 6, 4, 3), (6, 6, 4, 6)]
78 -> costo: 164.28897600000002, rotte: {4: [(2, 3), (3, 5), (5, 7), (7, 9), (9, 8)], 6: [(2, 6), (6, 8), (8, 4)]}, padri: [0, 126], figli: [6, 30, 79, 80, 82, 83, 84, 85, 6, 61, 61, 61, 86, 86, 86, 87, 87, 86, 86, 96, 99, 111, 111, 111, 130, 130, 130, 136, 136, 136], mosse: [(6, 6, 8, 4, 3), (6, 6, 2, 6, 1)]
79 -> costo: 155.527304, rotte: {4: [(2, 3), (3, 7), (7, 9), (9, 5), (5, 8)], 6: [(2, 6), (6, 8), (8, 4)]}, padri: [78, 80, 83, 88, 95, 97], figli: [8, 32, 62, 62, 62], mosse: [(4, 4, 9, 5, 2), (4, 4, 9, 5, 2), (4, 4, 9, 5, 2), (4, 4, 5, 8, 1), (6, 6, 8, 4, 3), (6, 6, 2, 6, 1)]
80 -> costo: 155.698372, rotte: {4: [(2, 5), (5, 3), (3, 7), (7, 9), (9, 8)], 6: [(2, 6), (6, 8), (8, 4)]}, padri: [78, 84, 98, 104], figli: [36, 81, 63, 63, 63, 79, 82, 82, 82, 88, 88, 88, 96], mosse: [(4, 4, 5, 3, 2), (4, 4, 3, 7, 2), (6, 6, 8, 4, 3), (6, 6, 2, 6, 1)]
81 -> costo: 146.582347, rotte: {4: [(2, 5), (5, 3), (3, 9), (9, 8), (8, 7)], 6: [(2, 6), (6, 8), (8, 4)]}, padri: [80, 84, 99, 101], figli: [31, 36, 36, 36, 32, 64, 64, 64, 34, 30], mosse: [(4, 4, 8, 7, 2), (4, 4, 8, 7, 2), (6, 6, 8, 4, 3), (6, 6, 2, 6, 1)]
82 -> costo: 155.561047, rotte: {4: [(2, 5), (5, 3), (3, 7), (7, 8), (8, 9)], 6: [(2, 6), (6, 8), (8, 4)]}, padri: [80, 80, 80, 86, 88, 94, 105, 106], figli: [7, 9, 36, 65, 65, 65], mosse: [(4, 4, 7, 8, 1), (4, 4, 8, 9, 4), (4, 4, 9, 8), (4, 4, 5, 3, 2), (4, 4, 2, 5, 2), (4, 4, 5, 3, 2), (6, 6, 2, 6, 1), (6, 6, 8, 4, 3)]
83 -> costo: 157.52659400000002, rotte: {4: [(2, 3), (3, 7), (7, 5), (5, 9), (9, 8)], 6: [(2, 6), (6, 8), (8, 4)]}, padri: [78, 89, 120, 121], figli: [6, 30, 66, 66, 66, 79, 87, 96], mosse: [(4, 4, 7, 5, 2), (4, 4, 9, 8, 1), (6, 6, 8, 4, 3), (6, 6, 2, 6, 1)]
84 -> costo: 158.342473, rotte: {4: [(2, 5), (5, 7), (7, 3), (3, 9), (9, 8)], 6: [(2, 6), (6, 8), (8, 4)]}, padri: [78, 85, 92, 122, 123], figli: [36, 81, 80, 67, 67, 67, 99], mosse: [(4, 4, 7, 3, 2), (4, 4, 3, 9, 4), (4, 4, 9, 8, 1), (6, 6, 8, 4, 3), (6, 6, 2, 6, 1)]
85 -> costo: 158.661285, rotte: {4: [(2, 5), (5, 7), (7, 9), (9, 3), (3, 8)], 6: [(2, 6), (6, 8), (8, 4)]}, padri: [78, 94, 124, 125], figli: [7, 31, 37, 37, 68, 68, 68, 84], mosse: [(4, 4, 9, 3, 2), (4, 4, 3, 8, 1), (6, 6, 8, 4, 3), (6, 6, 2, 6, 1)]
86 -> costo: 164.151651, rotte: {4: [(2, 3), (3, 5), (5, 7), (7, 8), (8, 9)], 6: [(2, 6), (6, 8), (8, 4)]}, padri: [78, 78, 78, 127, 136], figli: [8, 6, 87, 82, 88, 89, 92, 69, 69, 69, 94, 94, 94, 119, 119, 119, 144, 144, 144], mosse: [(4, 4, 7, 8, 1), (4, 4, 8, 9, 4), (4, 4, 9, 8), (6, 6, 2, 6, 1), (6, 6, 8, 4, 3)]
87 -> costo: 141.40685600000003, rotte: {4: [(2, 9), (9, 3), (3, 5), (5, 7), (7, 8)], 6: [(2, 6), (6, 8), (8, 4)]}, padri: [86, 90, 93, 128, 137], figli: [9, 8, 70, 70, 70, 6], mosse: [(4, 4, 2, 9, 4), (4, 4, 3, 5, 2), (4, 4, 9, 3, 2), (6, 6, 2, 6, 1), (6, 6, 8, 4, 3)]
88 -> costo: 155.955743, rotte: {4: [(2, 3), (3, 7), (7, 8), (8, 9), (9, 5)], 6: [(2, 6), (6, 8), (8, 4)]}, padri: [86, 89, 89, 89, 129, 138], figli: [71, 71, 71, 79, 82, 96], mosse: [(4, 4, 9, 5, 2), (4, 4, 9, 5, 2), (4, 4, 5, 9), (4, 4, 8, 9, 4), (6, 6, 2, 6, 1), (6, 6, 8, 4, 3)]
89 -> costo: 159.428663, rotte: {4: [(2, 3), (3, 7), (7, 8), (8, 5), (5, 9)], 6: [(2, 6), (6, 8), (8, 4)]}, padri: [86, 130, 139], figli: [90, 91, 88, 88, 88, 72, 72, 72, 83, 140, 140, 140], mosse: [(4, 4, 8, 5, 2), (6, 6, 2, 6, 1), (6, 6, 8, 4, 3)]
90 -> costo: 147.71835000000002, rotte: {4: [(2, 9), (9, 3), (3, 7), (7, 8), (8, 5)], 6: [(2, 6), (6, 8), (8, 4)]}, padri: [89, 91, 131, 140], figli: [7, 9, 87, 73, 73, 73], mosse: [(4, 4, 2, 9, 4), (4, 4, 9, 3, 2), (6, 6, 2, 6, 1), (6, 6, 8, 4, 3)]
91 -> costo: 152.131962, rotte: {4: [(2, 3), (3, 9), (9, 7), (7, 8), (8, 5)], 6: [(2, 6), (6, 8), (8, 4)]}, padri: [89, 132, 141], figli: [8, 6, 36, 90, 74, 74, 74], mosse: [(4, 4, 3, 9, 4), (6, 6, 2, 6, 1), (6, 6, 8, 4, 3)]
92 -> costo: 159.88216500000001, rotte: {4: [(2, 5), (5, 7), (7, 8), (8, 3), (3, 9)], 6: [(2, 6), (6, 8), (8, 4)]}, padri: [86, 94, 94, 94, 133, 142], figli: [35, 93, 75, 75, 75, 84], mosse: [(4, 4, 8, 3, 2), (4, 4, 8, 3, 2), (4, 4, 3, 9, 4), (4, 4, 9, 3), (6, 6, 2, 6, 1), (6, 6, 8, 4, 3)]
93 -> costo: 146.475413, rotte: {4: [(2, 9), (9, 5), (5, 7), (7, 8), (8, 3)], 6: [(2, 6), (6, 8), (8, 4)]}, padri: [92, 134, 143], figli: [9, 8, 87, 35, 76, 76, 76], mosse: [(4, 4, 2, 9, 4), (6, 6, 2, 6, 1), (6, 6, 8, 4, 3)]
94 -> costo: 162.630343, rotte: {4: [(2, 5), (5, 7), (7, 8), (8, 9), (9, 3)], 6: [(2, 6), (6, 8), (8, 4)]}, padri: [86, 135, 144], figli: [82, 85, 92, 92, 92, 77, 77, 77], mosse: [(4, 4, 9, 3, 2), (6, 6, 2, 6, 1), (6, 6, 8, 4, 3)]
95 -> costo: 165.62707199999997, rotte: {4: [(2, 3), (3, 7), (7, 9), (9, 5), (5, 8)], 6: [(2, 4), (4, 6), (6, 8)]}, padri: [0, 98, 120, 138], figli: [19, 62, 55, 79, 96, 96, 96, 97, 97, 97, 62, 103, 103, 103, 105], mosse: [(4, 4, 9, 5, 2), (4, 4, 9, 5, 2), (4, 4, 9, 5, 2), (4, 4, 5, 8, 1)]
96 -> costo: 157.13102799999996, rotte: {4: [(2, 3), (3, 7), (7, 9), (9, 5), (5, 8)], 6: [(2, 4), (4, 8), (8, 6)]}, padri: [95, 95, 95, 97, 102, 107, 108, 113], figli: [14, 42, 62], mosse: [(6, 6, 4, 8, 3), (6, 6, 8, 6, 1), (6, 6, 6, 8), (6, 6, 4, 8, 3), (4, 4, 9, 5, 2), (4, 4, 9, 5, 2), (4, 4, 9, 5, 2), (4, 4, 5, 8, 1)]
97 -> costo: 160.62314799999996, rotte: {4: [(2, 3), (3, 7), (7, 9), (9, 5), (5, 8)], 6: [(2, 8), (8, 4), (4, 6)]}, padri: [95, 104, 121, 126, 129], figli: [17, 49, 79, 96, 103], mosse: [(6, 6, 2, 8, 3), (4, 4, 9, 5, 2), (4, 4, 9, 5, 2), (4, 4, 9, 5, 2), (4, 4, 5, 8, 1)]
98 -> costo: 165.79814, rotte: {4: [(2, 5), (5, 3), (3, 7), (7, 9), (9, 8)], 6: [(2, 4), (4, 6), (6, 8)]}, padri: [0, 122], figli: [59, 63, 80, 99, 101, 102, 102, 102, 104, 104, 104, 63, 95, 106, 106, 106, 108, 108, 108], mosse: [(4, 4, 5, 3, 2), (4, 4, 3, 7, 2)]
99 -> costo: 156.682115, rotte: {4: [(2, 5), (5, 3), (3, 9), (9, 8), (8, 7)], 6: [(2, 4), (4, 6), (6, 8)]}, padri: [98, 122], figli: [64, 81, 38, 100, 100, 100, 59, 59, 59, 101, 101, 101, 55, 64, 57, 21], mosse: [(4, 4, 8, 7, 2), (4, 4, 8, 7, 2)]
100 -> costo: 148.186071, rotte: {4: [(2, 5), (5, 3), (3, 9), (9, 8), (8, 7)], 6: [(2, 4), (4, 8), (8, 6)]}, padri: [99, 99, 99, 101, 102, 109], figli: [39, 46, 46, 46, 64, 42, 44, 41], mosse: [(6, 6, 4, 8, 3), (6, 6, 8, 6, 1), (6, 6, 6, 8), (6, 6, 4, 8, 3), (4, 4, 8, 7, 2), (4, 4, 8, 7, 2)]
101 -> costo: 151.678191, rotte: {4: [(2, 5), (5, 3), (3, 9), (9, 8), (8, 7)], 6: [(2, 8), (8, 4), (4, 6)]}, padri: [99, 104, 123], figli: [40, 53, 53, 53, 81, 100, 49, 51, 48], mosse: [(6, 6, 2, 8, 3), (4, 4, 8, 7, 2), (4, 4, 8, 7, 2)]
102 -> costo: 157.30209599999998, rotte: {4: [(2, 5), (5, 3), (3, 7), (7, 9), (9, 8)], 6: [(2, 4), (4, 8), (8, 6)]}, padri: [98, 98, 98, 104, 107, 109], figli: [46, 100, 63, 96, 103, 103, 103, 113, 113, 113], mosse: [(6, 6, 4, 8, 3), (6, 6, 8, 6, 1), (6, 6, 6, 8), (6, 6, 4, 8, 3), (4, 4, 5, 3, 2), (4, 4, 3, 7, 2)]
103 -> costo: 157.16477099999997, rotte: {4: [(2, 5), (5, 3), (3, 7), (7, 8), (8, 9)], 6: [(2, 4), (4, 8), (8, 6)]}, padri: [102, 102, 102, 105, 106, 106, 106, 111, 113, 119], figli: [11, 15, 46, 65], mosse: [(4, 4, 7, 8, 1), (4, 4, 8, 9, 4), (4, 4, 9, 8), (6, 6, 4, 8, 3), (6, 6, 4, 8, 3), (6, 6, 8, 6, 1), (6, 6, 6, 8), (4, 4, 5, 3, 2), (4, 4, 2, 5, 2), (4, 4, 5, 3, 2)]
104 -> costo: 160.79421599999998, rotte: {4: [(2, 5), (5, 3), (3, 7), (7, 9), (9, 8)], 6: [(2, 8), (8, 4), (4, 6)]}, padri: [98, 123, 126], figli: [53, 101, 80, 102, 97, 105, 105, 105, 108, 129, 129, 129], mosse: [(6, 6, 2, 8, 3), (4, 4, 3, 7, 2), (4, 4, 5, 3, 2)]
105 -> costo: 160.65689099999997, rotte: {4: [(2, 5), (5, 3), (3, 7), (7, 8), (8, 9)], 6: [(2, 8), (8, 4), (4, 6)]}, padri: [104, 104, 104, 106, 127, 129, 135], figli: [12, 18, 53, 82, 103, 113], mosse: [(4, 4, 7, 8, 1), (4, 4, 8, 9, 4), (4, 4, 9, 8), (6, 6, 2, 8, 3), (4, 4, 5, 3, 2), (4, 4, 2, 5, 2), (4, 4, 5, 3, 2)]
106 -> costo: 165.66081499999999, rotte: {4: [(2, 5), (5, 3), (3, 7), (7, 8), (8, 9)], 6: [(2, 4), (4, 6), (6, 8)]}, padri: [98, 98, 98, 136, 138, 144], figli: [10, 20, 59, 65, 82, 103, 103, 103, 105, 65, 113, 113, 113, 129], mosse: [(4, 4, 7, 8, 1), (4, 4, 8, 9, 4), (4, 4, 9, 8), (4, 4, 5, 3, 2), (4, 4, 2, 5, 2), (4, 4, 5, 3, 2)]
107 -> costo: 165.8927, rotte: {4: [(2, 3), (3, 5), (5, 7), (7, 9), (9, 8)], 6: [(2, 4), (4, 8), (8, 6)]}, padri: [0, 0, 0, 126], figli: [13, 41, 96, 102, 108, 109, 110, 13, 61, 111, 112, 112, 111, 111, 121, 123, 125, 135, 135, 135, 136, 138, 138, 138], mosse: [(6, 6, 4, 8, 3), (6, 6, 8, 6, 1), (6, 6, 6, 8), (6, 6, 4, 8, 3)]
108 -> costo: 159.130318, rotte: {4: [(2, 3), (3, 7), (7, 5), (5, 9), (9, 8)], 6: [(2, 4), (4, 8), (8, 6)]}, padri: [107, 114, 120, 120, 120, 121], figli: [13, 41, 66, 96, 112], mosse: [(4, 4, 7, 5, 2), (4, 4, 9, 8, 1), (6, 6, 4, 8, 3), (6, 6, 8, 6, 1), (6, 6, 6, 8), (6, 6, 4, 8, 3)]
109 -> costo: 159.94619699999998, rotte: {4: [(2, 5), (5, 7), (7, 3), (3, 9), (9, 8)], 6: [(2, 4), (4, 8), (8, 6)]}, padri: [107, 110, 117, 122, 122, 122, 123], figli: [46, 100, 67, 102], mosse: [(4, 4, 7, 3, 2), (4, 4, 3, 9, 4), (4, 4, 9, 8, 1), (6, 6, 4, 8, 3), (6, 6, 8, 6, 1), (6, 6, 6, 8), (6, 6, 4, 8, 3)]
110 -> costo: 160.26500899999996, rotte: {4: [(2, 5), (5, 7), (7, 9), (9, 3), (3, 8)], 6: [(2, 4), (4, 8), (8, 6)]}, padri: [107, 119, 124, 124, 124, 125], figli: [11, 39, 47, 47, 68, 109, 123], mosse: [(4, 4, 9, 3, 2), (4, 4, 3, 8, 1), (6, 6, 4, 8, 3), (6, 6, 8, 6, 1), (6, 6, 6, 8), (6, 6, 4, 8, 3)]
111 -> costo: 165.75537499999996, rotte: {4: [(2, 3), (3, 5), (5, 7), (7, 8), (8, 9)], 6: [(2, 4), (4, 8), (8, 6)]}, padri: [107, 107, 107, 127, 136, 136, 136], figli: [14, 13, 112, 103, 113, 114, 117, 69, 119, 141, 144], mosse: [(4, 4, 7, 8, 1), (4, 4, 8, 9, 4), (4, 4, 9, 8), (6, 6, 4, 8, 3), (6, 6, 4, 8, 3), (6, 6, 8, 6, 1), (6, 6, 6, 8)]
112 -> costo: 143.01058, rotte: {4: [(2, 9), (9, 3), (3, 5), (5, 7), (7, 8)], 6: [(2, 4), (4, 8), (8, 6)]}, padri: [111, 115, 118, 128, 137, 137, 137], figli: [15, 70, 14, 13], mosse: [(4, 4, 2, 9, 4), (4, 4, 3, 5, 2), (4, 4, 9, 3, 2), (6, 6, 4, 8, 3), (6, 6, 4, 8, 3), (6, 6, 8, 6, 1), (6, 6, 6, 8)]
113 -> costo: 157.55946699999998, rotte: {4: [(2, 3), (3, 7), (7, 8), (8, 9), (9, 5)], 6: [(2, 4), (4, 8), (8, 6)]}, padri: [111, 114, 114, 114, 129, 138, 138, 138], figli: [71, 96, 103], mosse: [(4, 4, 9, 5, 2), (4, 4, 9, 5, 2), (4, 4, 5, 9), (4, 4, 8, 9, 4), (6, 6, 4, 8, 3), (6, 6, 4, 8, 3), (6, 6, 8, 6, 1), (6, 6, 6, 8)]
114 -> costo: 161.03238699999997, rotte: {4: [(2, 3), (3, 7), (7, 8), (8, 5), (5, 9)], 6: [(2, 4), (4, 8), (8, 6)]}, padri: [111, 130, 139, 139, 139], figli: [115, 116, 72, 113, 113, 113, 108, 121, 140], mosse: [(4, 4, 8, 5, 2), (6, 6, 4, 8, 3), (6, 6, 4, 8, 3), (6, 6, 8, 6, 1), (6, 6, 6, 8)]
115 -> costo: 149.32207400000001, rotte: {4: [(2, 9), (9, 3), (3, 7), (7, 8), (8, 5)], 6: [(2, 4), (4, 8), (8, 6)]}, padri: [114, 116, 131, 140, 140, 140], figli: [11, 15, 112, 73], mosse: [(4, 4, 2, 9, 4), (4, 4, 9, 3, 2), (6, 6, 4, 8, 3), (6, 6, 4, 8, 3), (6, 6, 8, 6, 1), (6, 6, 6, 8)]
116 -> costo: 153.73568599999996, rotte: {4: [(2, 3), (3, 9), (9, 7), (7, 8), (8, 5)], 6: [(2, 4), (4, 8), (8, 6)]}, padri: [114, 132, 141, 141, 141], figli: [14, 13, 46, 115, 74], mosse: [(4, 4, 3, 9, 4), (6, 6, 4, 8, 3), (6, 6, 4, 8, 3), (6, 6, 8, 6, 1), (6, 6, 6, 8)]
117 -> costo: 161.485889, rotte: {4: [(2, 5), (5, 7), (7, 8), (8, 3), (3, 9)], 6: [(2, 4), (4, 8), (8, 6)]}, padri: [111, 119, 119, 119, 133, 142, 142, 142], figli: [45, 118, 75, 109, 123], mosse: [(4, 4, 8, 3, 2), (4, 4, 8, 3, 2), (4, 4, 3, 9, 4), (4, 4, 9, 3), (6, 6, 4, 8, 3), (6, 6, 4, 8, 3), (6, 6, 8, 6, 1), (6, 6, 6, 8)]
118 -> costo: 148.079137, rotte: {4: [(2, 9), (9, 5), (5, 7), (7, 8), (8, 3)], 6: [(2, 4), (4, 8), (8, 6)]}, padri: [117, 134, 143, 143, 143], figli: [15, 14, 112, 76, 45], mosse: [(4, 4, 2, 9, 4), (6, 6, 4, 8, 3), (6, 6, 4, 8, 3), (6, 6, 8, 6, 1), (6, 6, 6, 8)]
119 -> costo: 164.23406699999998, rotte: {4: [(2, 5), (5, 7), (7, 8), (8, 9), (9, 3)], 6: [(2, 4), (4, 8), (8, 6)]}, padri: [111, 135, 144, 144, 144], figli: [103, 110, 77, 117, 117, 117, 125], mosse: [(4, 4, 9, 3, 2), (6, 6, 4, 8, 3), (6, 6, 4, 8, 3), (6, 6, 8, 6, 1), (6, 6, 6, 8)]
120 -> costo: 167.626362, rotte: {4: [(2, 3), (3, 7), (7, 5), (5, 9), (9, 8)], 6: [(2, 4), (4, 6), (6, 8)]}, padri: [0, 139], figli: [1, 66, 21, 83, 108, 108, 108, 121, 121, 121, 66, 95, 137], mosse: [(4, 4, 7, 5, 2), (4, 4, 9, 8, 1)]
121 -> costo: 162.622438, rotte: {4: [(2, 3), (3, 7), (7, 5), (5, 9), (9, 8)], 6: [(2, 8), (8, 4), (4, 6)]}, padri: [120, 126, 130], figli: [16, 48, 83, 108, 97, 128], mosse: [(6, 6, 2, 8, 3), (4, 4, 7, 5, 2), (4, 4, 9, 8, 1)]
122 -> costo: 168.442241, rotte: {4: [(2, 5), (5, 7), (7, 3), (3, 9), (9, 8)], 6: [(2, 4), (4, 6), (6, 8)]}, padri: [0, 124, 142], figli: [59, 67, 99, 84, 109, 109, 109, 123, 123, 123, 98, 67], mosse: [(4, 4, 7, 3, 2), (4, 4, 3, 9, 4), (4, 4, 9, 8, 1)]
123 -> costo: 163.438317, rotte: {4: [(2, 5), (5, 7), (7, 3), (3, 9), (9, 8)], 6: [(2, 8), (8, 4), (4, 6)]}, padri: [122, 125, 126, 133], figli: [53, 101, 84, 109, 104], mosse: [(6, 6, 2, 8, 3), (4, 4, 3, 9, 4), (4, 4, 7, 3, 2), (4, 4, 9, 8, 1)]
124 -> costo: 168.76105299999998, rotte: {4: [(2, 5), (5, 7), (7, 9), (9, 3), (3, 8)], 6: [(2, 4), (4, 6), (6, 8)]}, padri: [0, 144], figli: [10, 38, 60, 68, 85, 60, 110, 110, 110, 125, 125, 125, 68, 122], mosse: [(4, 4, 9, 3, 2), (4, 4, 3, 8, 1)]
125 -> costo: 163.757129, rotte: {4: [(2, 5), (5, 7), (7, 9), (9, 3), (3, 8)], 6: [(2, 8), (8, 4), (4, 6)]}, padri: [124, 126, 135], figli: [12, 40, 54, 54, 85, 110, 123], mosse: [(6, 6, 2, 8, 3), (4, 4, 9, 3, 2), (4, 4, 3, 8, 1)]
126 -> costo: 169.38482, rotte: {4: [(2, 3), (3, 5), (5, 7), (7, 9), (9, 8)], 6: [(2, 8), (8, 4), (4, 6)]}, padri: [0], figli: [16, 48, 97, 104, 121, 123, 125, 78, 16, 107, 127, 128, 128, 127, 127, 139, 139, 139], mosse: [(6, 6, 2, 8, 3)]
127 -> costo: 169.247495, rotte: {4: [(2, 3), (3, 5), (5, 7), (7, 8), (8, 9)], 6: [(2, 8), (8, 4), (4, 6)]}, padri: [126, 126, 126, 136], figli: [17, 16, 128, 105, 129, 86, 130, 133, 111, 135, 138], mosse: [(4, 4, 7, 8, 1), (4, 4, 8, 9, 4), (4, 4, 9, 8), (6, 6, 2, 8, 3)]
128 -> costo: 146.5027, rotte: {4: [(2, 9), (9, 3), (3, 5), (5, 7), (7, 8)], 6: [(2, 8), (8, 4), (4, 6)]}, padri: [127, 131, 134, 137], figli: [18, 87, 112, 17, 16], mosse: [(4, 4, 2, 9, 4), (4, 4, 3, 5, 2), (4, 4, 9, 3, 2), (6, 6, 2, 8, 3)]
129 -> costo: 161.05158699999998, rotte: {4: [(2, 3), (3, 7), (7, 8), (8, 9), (9, 5)], 6: [(2, 8), (8, 4), (4, 6)]}, padri: [127, 130, 130, 130, 138], figli: [88, 113, 97, 105], mosse: [(4, 4, 9, 5, 2), (4, 4, 9, 5, 2), (4, 4, 5, 9), (4, 4, 8, 9, 4), (6, 6, 2, 8, 3)]
130 -> costo: 164.52450699999997, rotte: {4: [(2, 3), (3, 7), (7, 8), (8, 5), (5, 9)], 6: [(2, 8), (8, 4), (4, 6)]}, padri: [127, 139], figli: [131, 132, 89, 114, 129, 129, 129, 121, 141], mosse: [(4, 4, 8, 5, 2), (6, 6, 2, 8, 3)]
131 -> costo: 152.81419400000001, rotte: {4: [(2, 9), (9, 3), (3, 7), (7, 8), (8, 5)], 6: [(2, 8), (8, 4), (4, 6)]}, padri: [130, 132, 140], figli: [12, 18, 128, 90, 115], mosse: [(4, 4, 2, 9, 4), (4, 4, 9, 3, 2), (6, 6, 2, 8, 3)]
132 -> costo: 157.22780599999996, rotte: {4: [(2, 3), (3, 9), (9, 7), (7, 8), (8, 5)], 6: [(2, 8), (8, 4), (4, 6)]}, padri: [130, 141], figli: [17, 16, 53, 91, 131, 116], mosse: [(4, 4, 3, 9, 4), (6, 6, 2, 8, 3)]
133 -> costo: 164.97800900000001, rotte: {4: [(2, 5), (5, 7), (7, 8), (8, 3), (3, 9)], 6: [(2, 8), (8, 4), (4, 6)]}, padri: [127, 135, 135, 135, 142], figli: [52, 134, 92, 117, 123], mosse: [(4, 4, 8, 3, 2), (4, 4, 8, 3, 2), (4, 4, 3, 9, 4), (4, 4, 9, 3), (6, 6, 2, 8, 3)]
134 -> costo: 151.571257, rotte: {4: [(2, 9), (9, 5), (5, 7), (7, 8), (8, 3)], 6: [(2, 8), (8, 4), (4, 6)]}, padri: [133, 143], figli: [18, 17, 93, 128, 52, 118], mosse: [(4, 4, 2, 9, 4), (6, 6, 2, 8, 3)]
135 -> costo: 167.72618699999998, rotte: {4: [(2, 5), (5, 7), (7, 8), (8, 9), (9, 3)], 6: [(2, 8), (8, 4), (4, 6)]}, padri: [127, 144], figli: [105, 94, 125, 119, 133, 133, 133], mosse: [(4, 4, 9, 3, 2), (6, 6, 2, 8, 3)]
136 -> costo: 174.25141899999997, rotte: {4: [(2, 3), (3, 5), (5, 7), (7, 8), (8, 9)], 6: [(2, 4), (4, 6), (6, 8)]}, padri: [0, 0, 0], figli: [19, 1, 137, 69, 86, 106, 111, 111, 111, 138, 138, 138, 127, 139, 142, 69, 144, 144], mosse: [(4, 4, 7, 8, 1), (4, 4, 8, 9, 4), (4, 4, 9, 8)]
137 -> costo: 151.50662400000002, rotte: {4: [(2, 9), (9, 3), (3, 5), (5, 7), (7, 8)], 6: [(2, 4), (4, 6), (6, 8)]}, padri: [136, 140, 143], figli: [70, 87, 112, 112, 112, 20, 128, 19, 70, 1], mosse: [(4, 4, 2, 9, 4), (4, 4, 3, 5, 2), (4, 4, 9, 3, 2)]
138 -> costo: 166.055511, rotte: {4: [(2, 3), (3, 7), (7, 8), (8, 9), (9, 5)], 6: [(2, 4), (4, 6), (6, 8)]}, padri: [136, 139, 139, 139], figli: [71, 88, 113, 113, 113, 129, 71, 95, 106], mosse: [(4, 4, 9, 5, 2), (4, 4, 9, 5, 2), (4, 4, 5, 9), (4, 4, 8, 9, 4)]
139 -> costo: 169.52843099999998, rotte: {4: [(2, 3), (3, 7), (7, 8), (8, 5), (5, 9)], 6: [(2, 4), (4, 6), (6, 8)]}, padri: [136], figli: [72, 140, 89, 114, 114, 114, 141, 141, 141, 130, 138, 138, 138, 72, 120], mosse: [(4, 4, 8, 5, 2)]
140 -> costo: 157.81811800000003, rotte: {4: [(2, 9), (9, 3), (3, 7), (7, 8), (8, 5)], 6: [(2, 4), (4, 6), (6, 8)]}, padri: [139, 141], figli: [10, 20, 73, 90, 115, 115, 115, 137, 131, 73], mosse: [(4, 4, 2, 9, 4), (4, 4, 9, 3, 2)]
141 -> costo: 162.23172999999997, rotte: {4: [(2, 3), (3, 9), (9, 7), (7, 8), (8, 5)], 6: [(2, 4), (4, 6), (6, 8)]}, padri: [139], figli: [19, 74, 1, 59, 91, 116, 116, 116, 132, 140, 74], mosse: [(4, 4, 3, 9, 4)]
142 -> costo: 169.981933, rotte: {4: [(2, 5), (5, 7), (7, 8), (8, 3), (3, 9)], 6: [(2, 4), (4, 6), (6, 8)]}, padri: [136, 144, 144, 144], figli: [58, 143, 75, 92, 117, 117, 117, 133, 75, 122], mosse: [(4, 4, 8, 3, 2), (4, 4, 8, 3, 2), (4, 4, 3, 9, 4), (4, 4, 9, 3)]
143 -> costo: 156.57518100000001, rotte: {4: [(2, 9), (9, 5), (5, 7), (7, 8), (8, 3)], 6: [(2, 4), (4, 6), (6, 8)]}, padri: [142], figli: [76, 20, 93, 118, 118, 118, 19, 137, 134, 58, 76], mosse: [(4, 4, 2, 9, 4)]
144 -> costo: 172.730111, rotte: {4: [(2, 5), (5, 7), (7, 8), (8, 9), (9, 3)], 6: [(2, 4), (4, 6), (6, 8)]}, padri: [136], figli: [77, 94, 119, 119, 119, 106, 135, 124, 142, 142, 142, 77], mosse: [(4, 4, 9, 3, 2)]
bestSolutionIndice: 3
itMosseLS: 942, itMosseTS: 942
time elapsed: 852.88s.


