itNSIMax: 5, itMosseTSMax: 100.
##########################################################################################
s: 1
dictSolutions[1]:
0 -> costo: 43080.3, rotte: {3: [(1, 5), (5, 7), (7, 2)], 2: [(1, 3), (3, 6), (6, 4)]}, padri: [-1], figli: [1, 6, 6, 6, 10, 10, 10, 14], mosse: [-1]
1 -> costo: 39281.1, rotte: {3: [(1, 2), (2, 5), (5, 7)], 2: [(1, 3), (3, 6), (6, 4)]}, padri: [0, 11, 11, 11], figli: [2, 2, 2, 4, 4, 4, 7, 7, 7, 13], mosse: [(3, 3, 1, 2, 6), (3, 3, 2, 5, 20), (3, 3, 5, 7, 11), (3, 3, 7, 5)]
2 -> costo: 35744.8, rotte: {3: [(1, 2), (2, 5), (5, 7)], 2: [(1, 3), (3, 4), (4, 6)]}, padri: [1, 1, 1, 6, 8, 8, 8], figli: [3, 5], mosse: [(2, 2, 3, 4, 17), (2, 2, 4, 6, 5), (2, 2, 6, 4), (3, 3, 1, 2, 6), (3, 3, 2, 5, 20), (3, 3, 5, 7, 11), (3, 3, 7, 5)]
3 -> costo: 33981.9, rotte: {3: [(1, 5), (5, 7)], 2: [(1, 3), (3, 2), (2, 4), (4, 6)]}, padri: [2, 4, 4, 4, 5, 9, 9, 9], figli: [], mosse: [(2, 3, 3, 2, 6), (2, 2, 2, 4, 17), (2, 2, 4, 6, 5), (2, 2, 6, 4), (2, 2, 2, 4, 17), (3, 3, 7, 5), (3, 3, 1, 5, 20), (3, 3, 5, 7, 11)]
4 -> costo: 38321.8, rotte: {3: [(1, 5), (5, 7)], 2: [(1, 3), (3, 2), (2, 6), (6, 4)]}, padri: [1, 12, 12, 12, 15], figli: [3, 3, 3, 5, 5, 5], mosse: [(2, 3, 3, 2, 6), (3, 3, 7, 5), (3, 3, 1, 5, 20), (3, 3, 5, 7, 11), (2, 2, 3, 2, 6)]
5 -> costo: 38075.700000000004, rotte: {3: [(1, 5), (5, 7)], 2: [(1, 3), (3, 4), (4, 2), (2, 6)]}, padri: [4, 13, 13, 13, 15], figli: [3], mosse: [(2, 2, 3, 4, 17), (3, 3, 7, 5), (3, 3, 1, 5, 20), (3, 3, 5, 7, 11), (2, 2, 2, 6, 5)]
6 -> costo: 39544.0, rotte: {3: [(1, 5), (5, 7), (7, 2)], 2: [(1, 3), (3, 4), (4, 6)]}, padri: [0, 0, 0], figli: [2, 7, 11], mosse: [(2, 2, 3, 4, 17), (2, 2, 4, 6, 5), (2, 2, 6, 4)]
7 -> costo: 38705.9, rotte: {3: [(1, 7), (7, 5), (5, 2)], 2: [(1, 3), (3, 4), (4, 6)]}, padri: [6, 10, 10, 10], figli: [8, 12], mosse: [(3, 3, 7, 5, 20), (2, 2, 3, 4, 17), (2, 2, 4, 6, 5), (2, 2, 6, 4)]
8 -> costo: 36911.700000000004, rotte: {3: [(1, 2), (2, 7), (7, 5)], 2: [(1, 3), (3, 4), (4, 6)]}, padri: [7, 11, 11, 11], figli: [9, 2, 2, 2], mosse: [(3, 3, 1, 2, 6), (2, 2, 3, 4, 17), (2, 2, 4, 6, 5), (2, 2, 6, 4)]
9 -> costo: 34289.7, rotte: {3: [(1, 7), (7, 5)], 2: [(1, 3), (3, 2), (2, 4), (4, 6)]}, padri: [8, 12, 12, 12, 13], figli: [3, 3, 3], mosse: [(2, 3, 3, 2, 6), (2, 2, 2, 4, 17), (2, 2, 4, 6, 5), (2, 2, 6, 4), (2, 2, 2, 4, 17)]
10 -> costo: 42242.200000000004, rotte: {3: [(1, 7), (7, 5), (5, 2)], 2: [(1, 3), (3, 6), (6, 4)]}, padri: [0], figli: [7, 7, 7, 11, 11, 11], mosse: [(3, 3, 7, 5, 20)]
11 -> costo: 40448.0, rotte: {3: [(1, 2), (2, 7), (7, 5)], 2: [(1, 3), (3, 6), (6, 4)]}, padri: [10], figli: [8, 8, 8, 12, 12, 12, 1, 1, 1, 14, 14, 14, 15], mosse: [(3, 3, 1, 2, 6)]
12 -> costo: 38629.6, rotte: {3: [(1, 7), (7, 5)], 2: [(1, 3), (3, 2), (2, 6), (6, 4)]}, padri: [11, 14], figli: [9, 9, 9, 4, 4, 4, 13, 13, 13], mosse: [(2, 3, 3, 2, 6), (2, 2, 3, 2, 6)]
13 -> costo: 38383.5, rotte: {3: [(1, 7), (7, 5)], 2: [(1, 3), (3, 4), (4, 2), (2, 6)]}, padri: [12, 14], figli: [9, 5, 5, 5], mosse: [(2, 2, 3, 4, 17), (2, 2, 2, 6, 5)]
14 -> costo: 39856.4, rotte: {3: [(1, 7), (7, 5)], 2: [(1, 3), (3, 6), (6, 4), (4, 2)]}, padri: [11], figli: [13, 12, 15, 15, 15], mosse: [(2, 3, 4, 2, 6)]
15 -> costo: 39548.600000000006, rotte: {3: [(1, 5), (5, 7)], 2: [(1, 3), (3, 6), (6, 4), (4, 2)]}, padri: [14, 14, 14], figli: [5, 4], mosse: [(3, 3, 7, 5), (3, 3, 1, 5, 20), (3, 3, 5, 7, 11)]
bestSolutionIndice: 3
3 -> costo: 33981.9, rotte: {3: [(1, 5), (5, 7)], 2: [(1, 3), (3, 2), (2, 4), (4, 6)]}, padri: [2, 4, 4, 4, 5, 9, 9, 9], figli: [], mosse: [(2, 3, 3, 2, 6), (2, 2, 2, 4, 17), (2, 2, 4, 6, 5), (2, 2, 6, 4), (2, 2, 2, 4, 17), (3, 3, 7, 5), (3, 3, 1, 5, 20), (3, 3, 5, 7, 11)]
trasportoPalletDiGamma: {3: [(5, 20), (7, 11)], 2: [(3, 11), (2, 6), (4, 17), (6, 5)]}
itMosseLS: 55, itMosseTS: 55
time elapsed: 11.58s.


##########################################################################################
s: 1
dictSolutions[1]:
0 -> costo: 43823.399999999994, rotte: {3: [(1, 2), (2, 7), (7, 5)], 2: [(1, 4), (4, 3), (3, 6)]}, padri: [-1], figli: [1, 5, 6, 13, 15], mosse: [-1]
1 -> costo: 36911.700000000004, rotte: {3: [(1, 2), (2, 7), (7, 5)], 2: [(1, 3), (3, 4), (4, 6)]}, padri: [0, 5, 5, 5, 14], figli: [2, 4, 4, 4, 7], mosse: [(2, 2, 3, 4, 17), (2, 2, 3, 4, 17), (2, 2, 4, 6, 5), (2, 2, 6, 4), (3, 2, 1, 2, 6)]
2 -> costo: 34289.7, rotte: {3: [(1, 7), (7, 5)], 2: [(1, 3), (3, 2), (2, 4), (4, 6)]}, padri: [1, 6, 6, 6, 9, 14], figli: [3, 3, 3, 8, 8, 8], mosse: [(2, 3, 3, 2, 6), (2, 2, 2, 4, 17), (2, 2, 4, 6, 5), (2, 2, 6, 4), (2, 2, 2, 4, 17), (2, 2, 3, 2, 6)]
3 -> costo: 33981.9, rotte: {3: [(1, 5), (5, 7)], 2: [(1, 3), (3, 2), (2, 4), (4, 6)]}, padri: [2, 2, 2, 4, 7, 7, 7, 8, 15], figli: [], mosse: [(3, 3, 7, 5), (3, 3, 1, 5, 20), (3, 3, 5, 7, 11), (2, 3, 3, 2, 6), (2, 2, 2, 4, 17), (2, 2, 4, 6, 5), (2, 2, 6, 4), (2, 2, 2, 4, 17), (2, 2, 3, 2, 6)]
4 -> costo: 35744.8, rotte: {3: [(1, 2), (2, 5), (5, 7)], 2: [(1, 3), (3, 4), (4, 6)]}, padri: [1, 1, 1, 10, 10, 10, 15], figli: [3, 8], mosse: [(3, 3, 2, 5, 20), (3, 3, 5, 7, 11), (3, 3, 7, 5), (2, 2, 3, 4, 17), (2, 2, 4, 6, 5), (2, 2, 6, 4), (3, 2, 1, 2, 6)]
5 -> costo: 40448.0, rotte: {3: [(1, 2), (2, 7), (7, 5)], 2: [(1, 3), (3, 6), (6, 4)]}, padri: [0], figli: [1, 1, 1, 6, 6, 6, 10, 10, 10, 11, 11, 11, 12, 15, 15, 15], mosse: [(2, 2, 6, 4, 17)]
6 -> costo: 38629.6, rotte: {3: [(1, 7), (7, 5)], 2: [(1, 3), (3, 2), (2, 6), (6, 4)]}, padri: [5, 11], figli: [2, 2, 2, 7, 7, 7, 7, 7, 9, 9, 9], mosse: [(2, 3, 3, 2, 6), (2, 2, 3, 2, 6)]
7 -> costo: 38321.8, rotte: {3: [(1, 5), (5, 7)], 2: [(1, 3), (3, 2), (2, 6), (6, 4)]}, padri: [6, 6, 6, 10, 12], figli: [3, 3, 3, 8, 8, 8], mosse: [(3, 3, 7, 5), (3, 3, 1, 5, 20), (3, 3, 5, 7, 11), (2, 3, 3, 2, 6), (2, 2, 3, 2, 6)]
8 -> costo: 38075.700000000004, rotte: {3: [(1, 5), (5, 7)], 2: [(1, 3), (3, 4), (4, 2), (2, 6)]}, padri: [7, 9, 9, 9, 12, 15], figli: [3], mosse: [(2, 2, 3, 4, 17), (3, 3, 7, 5), (3, 3, 1, 5, 20), (3, 3, 5, 7, 11), (2, 2, 2, 6, 5), (2, 2, 4, 2, 6)]
9 -> costo: 38383.5, rotte: {3: [(1, 7), (7, 5)], 2: [(1, 3), (3, 4), (4, 2), (2, 6)]}, padri: [6, 11, 14], figli: [2, 8, 8, 8], mosse: [(2, 2, 3, 4, 17), (2, 2, 2, 6, 5), (2, 2, 4, 2, 6)]
10 -> costo: 39281.1, rotte: {3: [(1, 2), (2, 5), (5, 7)], 2: [(1, 3), (3, 6), (6, 4)]}, padri: [5, 5, 5], figli: [4, 4, 4, 7], mosse: [(3, 3, 2, 5, 20), (3, 3, 5, 7, 11), (3, 3, 7, 5)]
11 -> costo: 39856.4, rotte: {3: [(1, 7), (7, 5)], 2: [(1, 3), (3, 6), (6, 4), (4, 2)]}, padri: [5], figli: [9, 6, 12, 12, 12], mosse: [(2, 3, 4, 2, 6)]
12 -> costo: 39548.600000000006, rotte: {3: [(1, 5), (5, 7)], 2: [(1, 3), (3, 6), (6, 4), (4, 2)]}, padri: [11, 11, 11], figli: [8, 7], mosse: [(3, 3, 7, 5), (3, 3, 1, 5, 20), (3, 3, 5, 7, 11)]
13 -> costo: 41130.1, rotte: {3: [(1, 7), (7, 5)], 2: [(1, 4), (4, 2), (2, 3), (3, 6)]}, padri: [0], figli: [14, 16], mosse: [(2, 3, 4, 2, 6)]
14 -> costo: 38600.1, rotte: {3: [(1, 7), (7, 5)], 2: [(1, 2), (2, 3), (3, 4), (4, 6)]}, padri: [13], figli: [2, 1, 15, 15, 15, 9], mosse: [(2, 2, 3, 4, 17)]
15 -> costo: 38292.3, rotte: {3: [(1, 5), (5, 7)], 2: [(1, 2), (2, 3), (3, 4), (4, 6)]}, padri: [14, 14, 14], figli: [3, 4, 8], mosse: [(3, 3, 7, 5), (3, 3, 1, 5, 20), (3, 3, 5, 7, 11)]
16 -> costo: 39942.100000000006, rotte: {3: [(1, 7), (7, 5)], 2: [(1, 6), (6, 4), (4, 2), (2, 3)]}, padri: [13], figli: [17, 26, 29], mosse: [(2, 2, 1, 6, 5)]
17 -> costo: 33894.2, rotte: {3: [(1, 7), (7, 6), (6, 5)], 2: [(1, 4), (4, 2), (2, 3)]}, padri: [16, 26], figli: [18, 24, 30], mosse: [(3, 2, 7, 6, 5), (3, 3, 7, 6, 5)]
18 -> costo: 32750.3, rotte: {3: [(1, 7), (7, 6), (6, 5)], 2: [(1, 3), (3, 4), (4, 2)]}, padri: [17, 27], figli: [19, 19, 19, 22, 22, 22, 25], mosse: [(2, 2, 1, 3, 11), (3, 3, 7, 6, 5)]
19 -> costo: 30719.899999999998, rotte: {3: [(1, 7), (7, 6), (6, 5)], 2: [(1, 3), (3, 2), (2, 4)]}, padri: [18, 18, 18, 28, 31, 31, 31], figli: [20, 23], mosse: [(2, 2, 3, 2, 6), (2, 2, 2, 4, 17), (2, 2, 4, 2), (3, 3, 7, 6, 5), (3, 3, 7, 6, 5), (3, 3, 6, 5, 20), (3, 3, 5, 6)]
20 -> costo: 30417.199999999997, rotte: {3: [(1, 5), (5, 7), (7, 6)], 2: [(1, 3), (3, 2), (2, 4)]}, padri: [19, 22, 22, 22, 31], figli: [21, 21, 21], mosse: [(3, 3, 1, 5, 20), (2, 2, 3, 2, 6), (2, 2, 2, 4, 17), (2, 2, 4, 2), (3, 3, 5, 7, 11)]
21 -> costo: 30412.1, rotte: {3: [(1, 5), (5, 6), (6, 7)], 2: [(1, 3), (3, 2), (2, 4)]}, padri: [20, 20, 20, 23, 23, 23, 28, 31], figli: [], mosse: [(3, 3, 5, 6, 5), (3, 3, 6, 7, 11), (3, 3, 7, 6), (2, 2, 3, 2, 6), (2, 2, 2, 4, 17), (2, 2, 4, 2), (3, 3, 1, 5, 20), (3, 3, 6, 7, 11)]
22 -> costo: 32447.599999999995, rotte: {3: [(1, 5), (5, 7), (7, 6)], 2: [(1, 3), (3, 4), (4, 2)]}, padri: [18, 24], figli: [20, 20, 20, 23, 23, 23, 23, 23], mosse: [(3, 3, 1, 5, 20), (2, 2, 1, 3, 11)]
23 -> costo: 32442.499999999996, rotte: {3: [(1, 5), (5, 6), (6, 7)], 2: [(1, 3), (3, 4), (4, 2)]}, padri: [22, 22, 22, 25, 27], figli: [21, 21, 21], mosse: [(3, 3, 5, 6, 5), (3, 3, 6, 7, 11), (3, 3, 7, 6), (2, 2, 1, 3, 11), (3, 3, 1, 5, 20)]
24 -> costo: 33591.5, rotte: {3: [(1, 5), (5, 7), (7, 6)], 2: [(1, 4), (4, 2), (2, 3)]}, padri: [17, 29], figli: [22, 25, 25, 25], mosse: [(3, 3, 1, 5, 20), (3, 3, 5, 7, 11)]
25 -> costo: 33586.4, rotte: {3: [(1, 5), (5, 6), (6, 7)], 2: [(1, 4), (4, 2), (2, 3)]}, padri: [24, 24, 24, 26, 29], figli: [23], mosse: [(3, 3, 5, 6, 5), (3, 3, 6, 7, 11), (3, 3, 7, 6), (3, 3, 1, 5, 20), (3, 3, 6, 7, 11)]
26 -> costo: 34689.3, rotte: {3: [(1, 6), (6, 7), (7, 5)], 2: [(1, 4), (4, 2), (2, 3)]}, padri: [16], figli: [27, 25, 17], mosse: [(3, 2, 1, 6, 5)]
27 -> costo: 33545.4, rotte: {3: [(1, 6), (6, 7), (7, 5)], 2: [(1, 3), (3, 4), (4, 2)]}, padri: [26], figli: [28, 28, 28, 23, 18], mosse: [(2, 2, 1, 3, 11)]
28 -> costo: 31515.0, rotte: {3: [(1, 6), (6, 7), (7, 5)], 2: [(1, 3), (3, 2), (2, 4)]}, padri: [27, 27, 27, 31], figli: [21, 19], mosse: [(2, 2, 3, 2, 6), (2, 2, 2, 4, 17), (2, 2, 4, 2), (3, 3, 1, 6, 5)]
29 -> costo: 34938.4, rotte: {3: [(1, 7), (7, 5), (5, 6)], 2: [(1, 4), (4, 2), (2, 3)]}, padri: [16], figli: [25, 24, 30], mosse: [(3, 2, 5, 6, 5)]
30 -> costo: 33794.5, rotte: {3: [(1, 7), (7, 5), (5, 6)], 2: [(1, 3), (3, 4), (4, 2)]}, padri: [29], figli: [31, 31], mosse: [(2, 2, 1, 3, 11)]
31 -> costo: 31764.1, rotte: {3: [(1, 7), (7, 5), (5, 6)], 2: [(1, 3), (3, 2), (2, 4)]}, padri: [30, 30], figli: [21, 20, 19, 19, 19, 28], mosse: [(2, 2, 3, 2, 6), (2, 2, 2, 4, 17)]
bestSolutionIndice: 21
21 -> costo: 30412.1, rotte: {3: [(1, 5), (5, 6), (6, 7)], 2: [(1, 3), (3, 2), (2, 4)]}, padri: [20, 20, 20, 23, 23, 23, 28, 31], figli: [], mosse: [(3, 3, 5, 6, 5), (3, 3, 6, 7, 11), (3, 3, 7, 6), (2, 2, 3, 2, 6), (2, 2, 2, 4, 17), (2, 2, 4, 2), (3, 3, 1, 5, 20), (3, 3, 6, 7, 11)]
trasportoPalletDiGamma: {3: [(5, 20), (6, 5), (7, 11)], 2: [(3, 11), (2, 6), (4, 17)]}
itMosseLS: 105, itMosseTS: 100
time elapsed: 13.82s.


##########################################################################################
s: 1
dictSolutions[1]:
0 -> costo: 49254.1, rotte: {2: [(1, 7), (7, 2), (2, 5)], 3: [(1, 4), (4, 6), (6, 3)]}, padri: [-1], figli: [1, 8], mosse: [-1]
1 -> costo: 42478.799999999996, rotte: {2: [(1, 7), (7, 2), (2, 5)], 3: [(1, 3), (3, 4), (4, 6)]}, padri: [0], figli: [2, 4, 6, 6, 6, 7, 7, 7, 9, 11], mosse: [(3, 3, 1, 3, 11)]
2 -> costo: 35744.8, rotte: {2: [(1, 2), (2, 5), (5, 7)], 3: [(1, 3), (3, 4), (4, 6)]}, padri: [1, 4, 4, 4, 7, 8, 10, 10, 10, 32], figli: [3, 12], mosse: [(2, 2, 5, 7, 11), (2, 2, 2, 5, 20), (2, 2, 5, 7, 11), (2, 2, 7, 5), (2, 2, 1, 2, 6), (3, 3, 1, 3, 11), (3, 3, 3, 4, 17), (3, 3, 4, 6, 5), (3, 3, 6, 4), (2, 3, 1, 2, 6)]
3 -> costo: 33981.9, rotte: {2: [(1, 5), (5, 7)], 3: [(1, 3), (3, 2), (2, 4), (4, 6)]}, padri: [2, 5, 5, 5, 11, 11, 11, 12, 31, 32], figli: [], mosse: [(3, 2, 3, 2, 6), (2, 2, 7, 5), (2, 2, 1, 5, 20), (2, 2, 5, 7, 11), (3, 3, 2, 4, 17), (3, 3, 4, 6, 5), (3, 3, 6, 4), (3, 3, 2, 4, 17), (3, 3, 3, 2, 6), (3, 3, 3, 2, 6)]
4 -> costo: 36911.700000000004, rotte: {2: [(1, 2), (2, 7), (7, 5)], 3: [(1, 3), (3, 4), (4, 6)]}, padri: [1, 6], figli: [5, 2, 2, 2, 9, 9, 9, 11, 11, 11], mosse: [(2, 2, 2, 7, 11), (2, 2, 1, 2, 6)]
5 -> costo: 34289.7, rotte: {2: [(1, 7), (7, 5)], 3: [(1, 3), (3, 2), (2, 4), (4, 6)]}, padri: [4], figli: [3, 3, 3, 12, 12, 12], mosse: [(3, 2, 3, 2, 6)]
6 -> costo: 38705.9, rotte: {2: [(1, 7), (7, 5), (5, 2)], 3: [(1, 3), (3, 4), (4, 6)]}, padri: [1, 1, 1, 7], figli: [4], mosse: [(2, 2, 7, 5, 20), (2, 2, 5, 2, 6), (2, 2, 2, 5), (2, 2, 7, 5, 20)]
7 -> costo: 39544.0, rotte: {2: [(1, 5), (5, 7), (7, 2)], 3: [(1, 3), (3, 4), (4, 6)]}, padri: [1], figli: [2, 6, 9, 11], mosse: [(2, 2, 1, 5, 20)]
8 -> costo: 42520.1, rotte: {2: [(1, 2), (2, 5), (5, 7)], 3: [(1, 4), (4, 6), (6, 3)]}, padri: [0], figli: [2, 9, 11, 30], mosse: [(2, 2, 5, 7, 11)]
9 -> costo: 41468.5, rotte: {2: [(1, 2), (2, 5), (5, 7)], 3: [(1, 6), (6, 4), (4, 3)]}, padri: [8], figli: [10, 13, 31], mosse: [(3, 3, 6, 4, 17)]
10 -> costo: 39281.1, rotte: {2: [(1, 2), (2, 5), (5, 7)], 3: [(1, 3), (3, 6), (6, 4)]}, padri: [9], figli: [2, 2, 2, 11, 11, 11], mosse: [(3, 3, 1, 3, 11)]
11 -> costo: 38321.8, rotte: {2: [(1, 5), (5, 7)], 3: [(1, 3), (3, 2), (2, 6), (6, 4)]}, padri: [10, 29], figli: [3, 3, 3, 12, 12, 12, 32], mosse: [(3, 2, 3, 2, 6), (3, 3, 3, 2, 6)]
12 -> costo: 38075.700000000004, rotte: {2: [(1, 5), (5, 7)], 3: [(1, 3), (3, 4), (4, 2), (2, 6)]}, padri: [11, 29, 31, 31, 31, 32], figli: [3], mosse: [(3, 3, 3, 4, 17), (3, 3, 2, 6, 5), (3, 3, 4, 2, 6), (3, 3, 2, 6, 5), (3, 3, 6, 2), (3, 3, 4, 2, 6)]
13 -> costo: 39634.3, rotte: {2: [(1, 5), (5, 7)], 3: [(1, 6), (6, 4), (4, 2), (2, 3)]}, padri: [9, 30], figli: [14, 17, 20, 21, 29], mosse: [(3, 2, 4, 2, 6), (3, 3, 6, 4, 17)]
14 -> costo: 33586.4, rotte: {2: [(1, 5), (5, 6), (6, 7)], 3: [(1, 4), (4, 2), (2, 3)]}, padri: [13, 17, 17, 17, 20, 28], figli: [15], mosse: [(2, 3, 5, 6, 5), (2, 2, 5, 6, 5), (2, 2, 6, 7, 11), (2, 2, 7, 6), (2, 2, 5, 6, 5), (2, 2, 1, 5, 20)]
15 -> costo: 32442.499999999996, rotte: {2: [(1, 5), (5, 6), (6, 7)], 3: [(1, 3), (3, 4), (4, 2)]}, padri: [14, 18, 18, 18, 24, 27], figli: [16, 16, 16], mosse: [(3, 3, 1, 3, 11), (2, 2, 5, 6, 5), (2, 2, 6, 7, 11), (2, 2, 7, 6), (2, 2, 5, 6, 5), (2, 2, 1, 5, 20)]
16 -> costo: 30412.1, rotte: {2: [(1, 5), (5, 6), (6, 7)], 3: [(1, 3), (3, 2), (2, 4)]}, padri: [15, 15, 15, 19, 19, 19, 25, 26], figli: [], mosse: [(3, 3, 3, 2, 6), (3, 3, 2, 4, 17), (3, 3, 4, 2), (2, 2, 5, 6, 5), (2, 2, 6, 7, 11), (2, 2, 7, 6), (2, 2, 5, 6, 5), (2, 2, 1, 5, 20)]
17 -> costo: 33591.5, rotte: {2: [(1, 5), (5, 7), (7, 6)], 3: [(1, 4), (4, 2), (2, 3)]}, padri: [13, 20, 21], figli: [18, 14, 14, 14, 25], mosse: [(2, 3, 7, 6, 5), (2, 2, 7, 6, 5), (2, 2, 1, 5, 20)]
18 -> costo: 32447.599999999995, rotte: {2: [(1, 5), (5, 7), (7, 6)], 3: [(1, 3), (3, 4), (4, 2)]}, padri: [17, 22, 24], figli: [19, 19, 19, 15, 15, 15], mosse: [(3, 3, 1, 3, 11), (2, 2, 1, 5, 20), (2, 2, 7, 6, 5)]
19 -> costo: 30417.199999999997, rotte: {2: [(1, 5), (5, 7), (7, 6)], 3: [(1, 3), (3, 2), (2, 4)]}, padri: [18, 18, 18, 23, 25], figli: [16, 16, 16], mosse: [(3, 3, 3, 2, 6), (3, 3, 2, 4, 17), (3, 3, 4, 2), (2, 2, 1, 5, 20), (2, 2, 7, 6, 5)]
20 -> costo: 35728.4, rotte: {2: [(1, 6), (6, 5), (5, 7)], 3: [(1, 4), (4, 2), (2, 3)]}, padri: [13], figli: [14, 17, 21, 24, 28, 28, 28], mosse: [(2, 3, 1, 6, 5)]
21 -> costo: 33894.2, rotte: {2: [(1, 7), (7, 6), (6, 5)], 3: [(1, 4), (4, 2), (2, 3)]}, padri: [20, 28], figli: [22, 17, 27], mosse: [(2, 2, 1, 7, 11), (2, 2, 7, 6, 5)]
22 -> costo: 32750.3, rotte: {2: [(1, 7), (7, 6), (6, 5)], 3: [(1, 3), (3, 4), (4, 2)]}, padri: [21, 24, 27], figli: [23, 23, 23, 18, 25, 26, 26, 26], mosse: [(3, 3, 1, 3, 11), (2, 2, 1, 7, 11), (2, 2, 7, 6, 5)]
23 -> costo: 30719.899999999998, rotte: {2: [(1, 7), (7, 6), (6, 5)], 3: [(1, 3), (3, 2), (2, 4)]}, padri: [22, 22, 22, 25, 26], figli: [19], mosse: [(3, 3, 3, 2, 6), (3, 3, 2, 4, 17), (3, 3, 4, 2), (2, 2, 1, 7, 11), (2, 2, 7, 6, 5)]
24 -> costo: 34584.5, rotte: {2: [(1, 6), (6, 5), (5, 7)], 3: [(1, 3), (3, 4), (4, 2)]}, padri: [20], figli: [15, 18, 25, 25, 25, 22, 27, 27, 27], mosse: [(3, 3, 1, 3, 11)]
25 -> costo: 32554.1, rotte: {2: [(1, 6), (6, 5), (5, 7)], 3: [(1, 3), (3, 2), (2, 4)]}, padri: [24, 24, 24], figli: [16, 19, 23, 26, 26, 26], mosse: [(3, 3, 3, 2, 6), (3, 3, 2, 4, 17), (3, 3, 4, 2)]
26 -> costo: 31515.0, rotte: {2: [(1, 6), (6, 7), (7, 5)], 3: [(1, 3), (3, 2), (2, 4)]}, padri: [25, 25, 25, 27, 27, 27], figli: [16, 23], mosse: [(2, 2, 5, 7), (2, 2, 6, 7, 11), (2, 2, 7, 5, 20), (3, 3, 3, 2, 6), (3, 3, 2, 4, 17), (3, 3, 4, 2)]
27 -> costo: 33545.4, rotte: {2: [(1, 6), (6, 7), (7, 5)], 3: [(1, 3), (3, 4), (4, 2)]}, padri: [24, 24, 24, 28], figli: [26, 26, 26, 15, 22], mosse: [(2, 2, 5, 7), (2, 2, 6, 7, 11), (2, 2, 7, 5, 20), (3, 3, 1, 3, 11)]
28 -> costo: 34689.3, rotte: {2: [(1, 6), (6, 7), (7, 5)], 3: [(1, 4), (4, 2), (2, 3)]}, padri: [20, 20, 20], figli: [27, 14, 21], mosse: [(2, 2, 5, 7), (2, 2, 6, 7, 11), (2, 2, 7, 5, 20)]
29 -> costo: 39548.600000000006, rotte: {2: [(1, 5), (5, 7)], 3: [(1, 3), (3, 6), (6, 4), (4, 2)]}, padri: [13], figli: [12, 11, 32], mosse: [(3, 3, 1, 3, 11)]
30 -> costo: 41485.5, rotte: {2: [(1, 5), (5, 7)], 3: [(1, 4), (4, 6), (6, 2), (2, 3)]}, padri: [8], figli: [13, 31], mosse: [(3, 2, 6, 2, 6)]
31 -> costo: 40341.6, rotte: {2: [(1, 5), (5, 7)], 3: [(1, 3), (3, 4), (4, 6), (6, 2)]}, padri: [30], figli: [3, 12, 12, 12, 32, 32, 32], mosse: [(3, 3, 1, 3, 11)]
32 -> costo: 38292.3, rotte: {2: [(1, 5), (5, 7)], 3: [(1, 2), (2, 3), (3, 4), (4, 6)]}, padri: [31], figli: [3, 2, 12], mosse: [(3, 3, 1, 2, 6)]
bestSolutionIndice: 16
16 -> costo: 30412.1, rotte: {2: [(1, 5), (5, 6), (6, 7)], 3: [(1, 3), (3, 2), (2, 4)]}, padri: [15, 15, 15, 19, 19, 19, 25, 26], figli: [], mosse: [(3, 3, 3, 2, 6), (3, 3, 2, 4, 17), (3, 3, 4, 2), (2, 2, 5, 6, 5), (2, 2, 6, 7, 11), (2, 2, 7, 6), (2, 2, 5, 6, 5), (2, 2, 1, 5, 20)]
trasportoPalletDiGamma: {2: [(5, 20), (6, 5), (7, 11)], 3: [(3, 11), (2, 6), (4, 17)]}
itMosseLS: 105, itMosseTS: 100
time elapsed: 11.90s.


##########################################################################################
s: 1
dictSolutions[1]:
0 -> costo: 53339.299999999996, rotte: {3: [(1, 2), (2, 6), (6, 3), (3, 5)], 2: [(1, 7), (7, 4), (4, 5)]}, padri: [-1], figli: [1, 11, 20, 21, 27], mosse: [-1]
1 -> costo: 43118.899999999994, rotte: {3: [(1, 2), (2, 3), (3, 5), (5, 6)], 2: [(1, 7), (7, 4), (4, 5)]}, padri: [0, 11, 11, 11, 21], figli: [2, 7, 8, 9, 9, 9, 10, 10, 10, 16, 22, 23], mosse: [(3, 3, 5, 6, 5), (3, 3, 3, 5, 8), (3, 3, 5, 6, 5), (3, 3, 6, 5), (3, 3, 2, 3, 11)]
2 -> costo: 38808.5, rotte: {3: [(1, 3), (3, 2), (2, 5), (5, 6)], 2: [(1, 7), (7, 4), (4, 5)]}, padri: [1, 14, 14, 14, 21], figli: [3, 4, 5, 5, 5, 6, 6, 6], mosse: [(3, 3, 3, 2, 6), (3, 3, 6, 5), (3, 3, 2, 5, 8), (3, 3, 5, 6, 5), (3, 3, 1, 3, 11)]
3 -> costo: 35270.0, rotte: {3: [(1, 3), (3, 2), (2, 5), (5, 6)], 2: [(1, 4), (4, 5), (5, 7)]}, padri: [2, 4, 4, 4, 6, 7, 13, 13, 13, 22, 26], figli: [], mosse: [(2, 2, 5, 7, 11), (2, 2, 7, 5), (2, 2, 4, 5, 12), (2, 2, 5, 7, 11), (2, 2, 1, 4, 17), (3, 3, 3, 2, 6), (3, 3, 6, 5), (3, 3, 2, 5, 8), (3, 3, 5, 6, 5), (3, 3, 1, 3, 11), (3, 3, 3, 2, 6)]
4 -> costo: 36568.0, rotte: {3: [(1, 3), (3, 2), (2, 5), (5, 6)], 2: [(1, 4), (4, 7), (7, 5)]}, padri: [2, 5, 8, 15, 15, 15, 27], figli: [3, 3, 3], mosse: [(2, 2, 4, 7, 11), (2, 2, 1, 4, 17), (3, 3, 3, 2, 6), (3, 3, 6, 5), (3, 3, 2, 5, 8), (3, 3, 5, 6, 5), (3, 3, 1, 3, 11)]
5 -> costo: 36958.1, rotte: {3: [(1, 3), (3, 2), (2, 5), (5, 6)], 2: [(1, 7), (7, 5), (5, 4)]}, padri: [2, 2, 2, 6, 9, 16, 16, 16], figli: [4], mosse: [(2, 2, 4, 5), (2, 2, 7, 5, 12), (2, 2, 5, 4, 17), (2, 2, 7, 5, 12), (3, 3, 3, 2, 6), (3, 3, 6, 5), (3, 3, 2, 5, 8), (3, 3, 5, 6, 5)]
6 -> costo: 37940.9, rotte: {3: [(1, 3), (3, 2), (2, 5), (5, 6)], 2: [(1, 5), (5, 7), (7, 4)]}, padri: [2, 10, 17, 17, 17], figli: [3, 5], mosse: [(2, 2, 1, 5, 12), (3, 3, 3, 2, 6), (3, 3, 6, 5), (3, 3, 2, 5, 8), (3, 3, 5, 6, 5)]
7 -> costo: 39580.4, rotte: {3: [(1, 2), (2, 3), (3, 5), (5, 6)], 2: [(1, 4), (4, 5), (5, 7)]}, padri: [1, 8, 8, 8, 10, 12, 12, 12, 22, 26], figli: [3], mosse: [(2, 2, 5, 7, 11), (2, 2, 7, 5), (2, 2, 4, 5, 12), (2, 2, 5, 7, 11), (2, 2, 1, 4, 17), (3, 3, 3, 5, 8), (3, 3, 5, 6, 5), (3, 3, 6, 5), (3, 3, 2, 3, 11), (3, 3, 1, 2, 6)]
8 -> costo: 40878.399999999994, rotte: {3: [(1, 2), (2, 3), (3, 5), (5, 6)], 2: [(1, 4), (4, 7), (7, 5)]}, padri: [1, 9, 18, 18, 18, 27], figli: [4, 7, 7, 7, 23, 23, 23], mosse: [(2, 2, 4, 7, 11), (2, 2, 1, 4, 17), (3, 3, 3, 5, 8), (3, 3, 5, 6, 5), (3, 3, 6, 5), (3, 3, 2, 3, 11)]
9 -> costo: 41268.49999999999, rotte: {3: [(1, 2), (2, 3), (3, 5), (5, 6)], 2: [(1, 7), (7, 5), (5, 4)]}, padri: [1, 1, 1, 10, 19, 19, 19], figli: [5, 8], mosse: [(2, 2, 4, 5), (2, 2, 7, 5, 12), (2, 2, 5, 4, 17), (2, 2, 7, 5, 12), (3, 3, 3, 5, 8), (3, 3, 5, 6, 5), (3, 3, 6, 5)]
10 -> costo: 42251.3, rotte: {3: [(1, 2), (2, 3), (3, 5), (5, 6)], 2: [(1, 5), (5, 7), (7, 4)]}, padri: [1, 20, 20, 20], figli: [6, 7, 9, 23], mosse: [(2, 2, 1, 5, 12), (3, 3, 3, 5, 8), (3, 3, 5, 6, 5), (3, 3, 6, 5)]
11 -> costo: 44272.2, rotte: {3: [(1, 2), (2, 3), (3, 6), (6, 5)], 2: [(1, 7), (7, 4), (4, 5)]}, padri: [0], figli: [12, 14, 18, 19, 1, 1, 1, 20, 20, 20, 27, 27, 27], mosse: [(3, 3, 3, 6, 5)]
12 -> costo: 40733.7, rotte: {3: [(1, 2), (2, 3), (3, 6), (6, 5)], 2: [(1, 4), (4, 5), (5, 7)]}, padri: [11, 18, 18, 20, 25], figli: [13, 7, 7, 7, 15, 23, 23, 23], mosse: [(2, 2, 5, 7, 11), (2, 2, 4, 5, 12), (2, 2, 5, 7, 11), (2, 2, 1, 4, 17), (3, 3, 1, 2, 6)]
13 -> costo: 37226.9, rotte: {3: [(1, 3), (3, 2), (2, 6), (6, 5)], 2: [(1, 4), (4, 5), (5, 7)]}, padri: [12, 14, 15, 15, 17, 25], figli: [3, 3, 3], mosse: [(3, 3, 3, 2, 6), (2, 2, 5, 7, 11), (2, 2, 4, 5, 12), (2, 2, 5, 7, 11), (2, 2, 1, 4, 17), (3, 3, 3, 2, 6)]
14 -> costo: 40765.399999999994, rotte: {3: [(1, 3), (3, 2), (2, 6), (6, 5)], 2: [(1, 7), (7, 4), (4, 5)]}, padri: [11], figli: [13, 15, 2, 2, 2, 16, 16, 16, 17, 22, 22, 22], mosse: [(3, 3, 3, 2, 6)]
15 -> costo: 38524.899999999994, rotte: {3: [(1, 3), (3, 2), (2, 6), (6, 5)], 2: [(1, 4), (4, 7), (7, 5)]}, padri: [14, 16, 18], figli: [4, 4, 4, 13, 13], mosse: [(2, 2, 4, 7, 11), (2, 2, 1, 4, 17), (3, 3, 3, 2, 6)]
16 -> costo: 38914.99999999999, rotte: {3: [(1, 3), (3, 2), (2, 6), (6, 5)], 2: [(1, 7), (7, 5), (5, 4)]}, padri: [14, 17, 19], figli: [5, 5, 5, 15], mosse: [(2, 2, 4, 5), (2, 2, 7, 5, 12), (3, 3, 3, 2, 6)]
17 -> costo: 39897.8, rotte: {3: [(1, 3), (3, 2), (2, 6), (6, 5)], 2: [(1, 5), (5, 7), (7, 4)]}, padri: [14, 20], figli: [13, 6, 6, 6, 16], mosse: [(2, 2, 1, 5, 12), (3, 3, 3, 2, 6)]
18 -> costo: 42031.69999999999, rotte: {3: [(1, 2), (2, 3), (3, 6), (6, 5)], 2: [(1, 4), (4, 7), (7, 5)]}, padri: [11, 19], figli: [15, 12, 12, 8, 8, 8], mosse: [(2, 2, 4, 7, 11), (2, 2, 1, 4, 17)]
19 -> costo: 42421.799999999996, rotte: {3: [(1, 2), (2, 3), (3, 6), (6, 5)], 2: [(1, 7), (7, 5), (5, 4)]}, padri: [11, 20], figli: [16, 9, 9, 9, 18], mosse: [(2, 2, 4, 5), (2, 2, 7, 5, 12)]
20 -> costo: 43404.6, rotte: {3: [(1, 2), (2, 3), (3, 6), (6, 5)], 2: [(1, 5), (5, 7), (7, 4)]}, padri: [11], figli: [17, 12, 10, 10, 10, 19], mosse: [(2, 2, 1, 5, 12)]
21 -> costo: 46344.0, rotte: {3: [(1, 2), (2, 5), (5, 6), (6, 3)], 2: [(1, 7), (7, 4), (4, 5)]}, padri: [0], figli: [2, 22, 1, 27], mosse: [(3, 3, 2, 5, 8)]
22 -> costo: 42805.5, rotte: {3: [(1, 2), (2, 5), (5, 6), (6, 3)], 2: [(1, 4), (4, 5), (5, 7)]}, padri: [21, 27], figli: [3, 7, 23], mosse: [(2, 2, 5, 7, 11), (2, 2, 7, 5)]
23 -> costo: 41770.90000000001, rotte: {3: [(1, 5), (5, 6), (6, 2), (2, 3)], 2: [(1, 4), (4, 5), (5, 7)]}, padri: [22], figli: [24, 26], mosse: [(3, 3, 6, 2, 6)]
24 -> costo: 40925.2, rotte: {3: [(1, 6), (6, 5), (5, 2), (2, 3)], 2: [(1, 4), (4, 5), (5, 7)]}, padri: [23], figli: [25], mosse: [(3, 3, 6, 5, 8)]
25 -> costo: 40839.5, rotte: {3: [(1, 3), (3, 6), (6, 5), (5, 2)], 2: [(1, 4), (4, 5), (5, 7)]}, padri: [24, 26], figli: [13, 12], mosse: [(3, 3, 1, 3, 11), (3, 3, 6, 5, 8)]
26 -> costo: 41629.7, rotte: {3: [(1, 3), (3, 5), (5, 6), (6, 2)], 2: [(1, 4), (4, 5), (5, 7)]}, padri: [23], figli: [3, 7, 25], mosse: [(3, 3, 1, 3, 11)]
27 -> costo: 44103.49999999999, rotte: {3: [(1, 2), (2, 5), (5, 6), (6, 3)], 2: [(1, 4), (4, 7), (7, 5)]}, padri: [21], figli: [4, 8, 22], mosse: [(2, 2, 4, 7, 11)]
bestSolutionIndice: 3
3 -> costo: 35270.0, rotte: {3: [(1, 3), (3, 2), (2, 5), (5, 6)], 2: [(1, 4), (4, 5), (5, 7)]}, padri: [2, 4, 4, 4, 6, 7, 13, 13, 13, 22, 26], figli: [], mosse: [(2, 2, 5, 7, 11), (2, 2, 7, 5), (2, 2, 4, 5, 12), (2, 2, 5, 7, 11), (2, 2, 1, 4, 17), (3, 3, 3, 2, 6), (3, 3, 6, 5), (3, 3, 2, 5, 8), (3, 3, 5, 6, 5), (3, 3, 1, 3, 11), (3, 3, 3, 2, 6)]
trasportoPalletDiGamma: {3: [(3, 11), (2, 6), (5, 8), (6, 5)], 2: [(4, 17), (5, 12), (7, 11)]}
itMosseLS: 103, itMosseTS: 100
time elapsed: 28.81s.


##########################################################################################
s: 1
dictSolutions[1]:
0 -> costo: 48275.1, rotte: {2: [(1, 7), (7, 2), (2, 3), (3, 5)], 3: [(1, 4), (4, 6), (6, 5)]}, padri: [-1], figli: [1, 5, 9, 13, 16, 17, 17, 23, 23], mosse: [-1]
1 -> costo: 41541.1, rotte: {2: [(1, 2), (2, 3), (3, 5), (5, 7)], 3: [(1, 4), (4, 6), (6, 5)]}, padri: [0, 5, 5, 5, 16], figli: [2, 4, 4, 4], mosse: [(2, 2, 5, 7, 11), (2, 2, 7, 5), (2, 2, 3, 5, 2), (2, 2, 5, 7, 11), (2, 2, 1, 2, 6)]
2 -> costo: 37230.7, rotte: {2: [(1, 3), (3, 2), (2, 5), (5, 7)], 3: [(1, 4), (4, 6), (6, 5)]}, padri: [1, 6, 6, 16, 23], figli: [3, 3, 3], mosse: [(2, 2, 3, 2, 6), (2, 2, 2, 5, 2), (2, 2, 5, 7, 11), (2, 2, 3, 2, 6), (2, 2, 5, 7, 11)]
3 -> costo: 35270.0, rotte: {2: [(1, 3), (3, 2), (2, 5), (5, 7)], 3: [(1, 4), (4, 5), (5, 6)]}, padri: [2, 2, 2, 4, 7, 7, 7, 15, 18, 21, 22], figli: [], mosse: [(3, 3, 6, 5), (3, 3, 4, 5, 18), (3, 3, 5, 6, 5), (2, 2, 3, 2, 6), (2, 2, 2, 5, 2), (2, 2, 5, 7, 11), (2, 2, 7, 5), (2, 2, 3, 2, 6), (2, 2, 5, 7, 11), (2, 2, 1, 3, 11), (2, 2, 5, 7, 11)]
4 -> costo: 39580.399999999994, rotte: {2: [(1, 2), (2, 3), (3, 5), (5, 7)], 3: [(1, 4), (4, 5), (5, 6)]}, padri: [1, 1, 1, 8, 8, 8, 15, 17, 21], figli: [3], mosse: [(3, 3, 6, 5), (3, 3, 4, 5, 18), (3, 3, 5, 6, 5), (2, 2, 7, 5), (2, 2, 3, 5, 2), (2, 2, 5, 7, 11), (2, 2, 1, 2, 6), (2, 2, 5, 7, 11), (2, 2, 2, 3, 11)]
5 -> costo: 41904.4, rotte: {2: [(1, 2), (2, 3), (3, 7), (7, 5)], 3: [(1, 4), (4, 6), (6, 5)]}, padri: [0, 12], figli: [6, 8, 8, 1, 1, 1, 24], mosse: [(2, 2, 3, 7, 11), (2, 2, 1, 2, 6)]
6 -> costo: 38397.6, rotte: {2: [(1, 3), (3, 2), (2, 7), (7, 5)], 3: [(1, 4), (4, 6), (6, 5)]}, padri: [5, 12, 23], figli: [7, 7, 2, 2, 19, 19], mosse: [(2, 2, 3, 2, 6), (2, 2, 3, 2, 6), (2, 2, 2, 7, 11)]
7 -> costo: 36436.899999999994, rotte: {2: [(1, 3), (3, 2), (2, 7), (7, 5)], 3: [(1, 4), (4, 5), (5, 6)]}, padri: [6, 6, 8, 11, 18, 22], figli: [3, 3, 3], mosse: [(3, 3, 4, 5, 18), (3, 3, 5, 6, 5), (2, 2, 3, 2, 6), (2, 2, 3, 2, 6), (2, 2, 2, 7, 11), (2, 2, 2, 7, 11)]
8 -> costo: 39943.7, rotte: {2: [(1, 2), (2, 3), (3, 7), (7, 5)], 3: [(1, 4), (4, 5), (5, 6)]}, padri: [5, 5, 11, 17], figli: [7, 4, 4, 4, 19], mosse: [(3, 3, 4, 5, 18), (3, 3, 5, 6, 5), (2, 2, 1, 2, 6), (2, 2, 3, 7, 11)]
9 -> costo: 42095.9, rotte: {2: [(1, 7), (7, 5), (5, 2), (2, 3)], 3: [(1, 4), (4, 6), (6, 5)]}, padri: [0, 13, 24, 24, 24], figli: [10, 10, 10, 12, 12, 12, 15, 15, 15], mosse: [(2, 2, 7, 5, 2), (2, 2, 7, 5, 2), (2, 2, 5, 2, 6), (2, 2, 2, 3, 11), (2, 2, 3, 2)]
10 -> costo: 40135.2, rotte: {2: [(1, 7), (7, 5), (5, 2), (2, 3)], 3: [(1, 4), (4, 5), (5, 6)]}, padri: [9, 9, 9, 14, 17, 19, 19, 19], figli: [11], mosse: [(3, 3, 6, 5), (3, 3, 4, 5, 18), (3, 3, 5, 6, 5), (2, 2, 7, 5, 2), (2, 2, 7, 5, 2), (2, 2, 5, 2, 6), (2, 2, 2, 3, 11), (2, 2, 3, 2)]
11 -> costo: 40049.5, rotte: {2: [(1, 3), (3, 7), (7, 5), (5, 2)], 3: [(1, 4), (4, 5), (5, 6)]}, padri: [10, 12, 12, 12, 15, 22, 22, 22], figli: [7, 8, 19], mosse: [(2, 2, 1, 3, 11), (3, 3, 6, 5), (3, 3, 4, 5, 18), (3, 3, 5, 6, 5), (2, 2, 7, 5, 2), (2, 2, 7, 5, 2), (2, 2, 5, 2, 6), (2, 2, 2, 5)]
12 -> costo: 42010.200000000004, rotte: {2: [(1, 3), (3, 7), (7, 5), (5, 2)], 3: [(1, 4), (4, 6), (6, 5)]}, padri: [9, 16], figli: [6, 11, 11, 11, 5, 24], mosse: [(2, 2, 1, 3, 11), (2, 2, 7, 5, 2)]
13 -> costo: 42934.0, rotte: {2: [(1, 5), (5, 7), (7, 2), (2, 3)], 3: [(1, 4), (4, 6), (6, 5)]}, padri: [0, 25, 25, 25], figli: [14, 14, 14, 9, 16, 18, 18, 18, 21, 21, 21], mosse: [(2, 2, 1, 5, 2), (2, 2, 7, 2, 6), (2, 2, 2, 3, 11), (2, 2, 3, 2)]
14 -> costo: 40973.299999999996, rotte: {2: [(1, 5), (5, 7), (7, 2), (2, 3)], 3: [(1, 4), (4, 5), (5, 6)]}, padri: [13, 13, 13, 17, 20, 20, 20, 21], figli: [10, 15], mosse: [(3, 3, 6, 5), (3, 3, 4, 5, 18), (3, 3, 5, 6, 5), (2, 2, 1, 5, 2), (2, 2, 7, 2, 6), (2, 2, 2, 3, 11), (2, 2, 3, 2), (2, 2, 7, 2, 6)]
15 -> costo: 40832.09999999999, rotte: {2: [(1, 3), (3, 5), (5, 7), (7, 2)], 3: [(1, 4), (4, 5), (5, 6)]}, padri: [14, 16, 16, 16, 22], figli: [3, 4, 11], mosse: [(2, 2, 1, 3, 11), (3, 3, 6, 5), (3, 3, 4, 5, 18), (3, 3, 5, 6, 5), (2, 2, 3, 5, 2)]
16 -> costo: 42792.799999999996, rotte: {2: [(1, 3), (3, 5), (5, 7), (7, 2)], 3: [(1, 4), (4, 6), (6, 5)]}, padri: [13], figli: [2, 15, 15, 15, 1, 12], mosse: [(2, 2, 1, 3, 11)]
17 -> costo: 46314.399999999994, rotte: {2: [(1, 7), (7, 2), (2, 3), (3, 5)], 3: [(1, 4), (4, 5), (5, 6)]}, padri: [0, 0], figli: [4, 8, 10, 14, 18, 21], mosse: [(3, 3, 4, 5, 18), (3, 3, 5, 6, 5)]
18 -> costo: 45586.09999999999, rotte: {2: [(1, 7), (7, 3), (3, 2), (2, 5)], 3: [(1, 4), (4, 5), (5, 6)]}, padri: [17], figli: [3, 7, 19, 20, 22], mosse: [(2, 2, 3, 2, 6)]
19 -> costo: 42612.799999999996, rotte: {2: [(1, 7), (7, 5), (5, 3), (3, 2)], 3: [(1, 4), (4, 5), (5, 6)]}, padri: [18, 20, 24, 24, 24], figli: [10, 10, 10], mosse: [(2, 2, 7, 5, 2), (2, 2, 7, 5, 2), (3, 3, 6, 5), (3, 3, 4, 5, 18), (3, 3, 5, 6, 5)]
20 -> costo: 42651.299999999996, rotte: {2: [(1, 5), (5, 7), (7, 3), (3, 2)], 3: [(1, 4), (4, 5), (5, 6)]}, padri: [18, 25, 25, 25], figli: [14, 14, 14, 21, 21, 21, 19], mosse: [(2, 2, 1, 5, 2), (3, 3, 6, 5), (3, 3, 4, 5, 18), (3, 3, 5, 6, 5)]
21 -> costo: 42007.899999999994, rotte: {2: [(1, 2), (2, 5), (5, 7), (7, 3)], 3: [(1, 4), (4, 5), (5, 6)]}, padri: [20], figli: [3, 4, 14], mosse: [(2, 2, 1, 2, 6)]
22 -> costo: 43822.399999999994, rotte: {2: [(1, 3), (3, 7), (7, 2), (2, 5)], 3: [(1, 4), (4, 5), (5, 6)]}, padri: [18], figli: [3, 7, 11, 11, 11, 15], mosse: [(2, 2, 3, 7, 11)]
23 -> costo: 47546.799999999996, rotte: {2: [(1, 7), (7, 3), (3, 2), (2, 5)], 3: [(1, 4), (4, 6), (6, 5)]}, padri: [0], figli: [2, 6, 24, 25], mosse: [(2, 2, 3, 2, 6)]
24 -> costo: 44573.5, rotte: {2: [(1, 7), (7, 5), (5, 3), (3, 2)], 3: [(1, 4), (4, 6), (6, 5)]}, padri: [23], figli: [9, 9, 9, 19, 19, 19], mosse: [(2, 2, 7, 5, 2)]
25 -> costo: 44612.0, rotte: {2: [(1, 5), (5, 7), (7, 3), (3, 2)], 3: [(1, 4), (4, 6), (6, 5)]}, padri: [23], figli: [20, 20, 20, 13, 13, 13], mosse: [(2, 2, 1, 5, 2)]
bestSolutionIndice: 3
3 -> costo: 35270.0, rotte: {2: [(1, 3), (3, 2), (2, 5), (5, 7)], 3: [(1, 4), (4, 5), (5, 6)]}, padri: [2, 2, 2, 4, 7, 7, 7, 15, 18, 21, 22], figli: [], mosse: [(3, 3, 6, 5), (3, 3, 4, 5, 18), (3, 3, 5, 6, 5), (2, 2, 3, 2, 6), (2, 2, 2, 5, 2), (2, 2, 5, 7, 11), (2, 2, 7, 5), (2, 2, 3, 2, 6), (2, 2, 5, 7, 11), (2, 2, 1, 3, 11), (2, 2, 5, 7, 11)]
trasportoPalletDiGamma: {2: [(3, 11), (2, 6), (5, 2), (7, 11)], 3: [(4, 17), (5, 18), (6, 5)]}
itMosseLS: 103, itMosseTS: 100
time elapsed: 27.93s.


