itNSIMax: 20, itMosseTSMax: 10.
##########################################################################################
s: 1
dictSolutions[1]:
0 -> costo: 55132.6, rotte: {2: [(1, 6), (6, 3), (3, 7), (7, 2)], 3: [(1, 5), (5, 4), (4, 2)]}, padri: [-1], figli: [1], mosse: [-1]
1 -> costo: 42974.7, rotte: {2: [(1, 3), (3, 6), (6, 7), (7, 2)], 3: [(1, 5), (5, 4), (4, 2)]}, padri: [0], figli: [2], mosse: [(2, 2, 3, 6, 5)]
2 -> costo: 38216.2, rotte: {2: [(1, 3), (3, 2), (2, 6), (6, 7)], 3: [(1, 5), (5, 4), (4, 2)]}, padri: [1], figli: [3], mosse: [(2, 2, 3, 2, 3)]
3 -> costo: 35316.9, rotte: {2: [(1, 3), (3, 2), (2, 6), (6, 7)], 3: [(1, 5), (5, 4)]}, padri: [2], figli: [4, 4, 4, 6, 6, 6, 6], mosse: [(2, 3, 1, 2, 3)]
4 -> costo: 33936.6, rotte: {2: [(1, 3), (3, 2), (2, 6), (6, 7)], 3: [(1, 4), (4, 5)]}, padri: [3, 3, 3], figli: [5, 5, 5], mosse: [(3, 3, 1, 4, 17), (3, 3, 4, 5, 20), (3, 3, 5, 4)]
5 -> costo: 33146.6, rotte: {2: [(1, 3), (3, 2), (2, 7), (7, 6)], 3: [(1, 4), (4, 5)]}, padri: [4, 4, 4, 6, 6, 6], figli: [], mosse: [(2, 2, 6, 7), (2, 2, 2, 7, 11), (2, 2, 7, 6, 5), (3, 3, 1, 4, 17), (3, 3, 4, 5, 20), (3, 3, 5, 4)]
6 -> costo: 34526.9, rotte: {2: [(1, 3), (3, 2), (2, 7), (7, 6)], 3: [(1, 5), (5, 4)]}, padri: [3, 3], figli: [5, 5, 5], mosse: [(2, 2, 6, 7), (2, 2, 2, 7, 11)]
bestSolutionIndice: 5
5 -> costo: 33146.6, rotte: {2: [(1, 3), (3, 2), (2, 7), (7, 6)], 3: [(1, 4), (4, 5)]}, padri: [4, 4, 4, 6, 6, 6], figli: [], mosse: [(2, 2, 6, 7), (2, 2, 2, 7, 11), (2, 2, 7, 6, 5), (3, 3, 1, 4, 17), (3, 3, 4, 5, 20), (3, 3, 5, 4)]
trasportoPalletDiGamma: {2: [(3, 11), (2, 6), (7, 11), (6, 5)], 3: [(4, 17), (5, 20)]}
itMosseLS: 14, itMosseTS: 10
time elapsed: 1.30s.


##########################################################################################
s: 1
dictSolutions[1]:
0 -> costo: 38523.1, rotte: {2: [(1, 7), (7, 4), (4, 6)], 3: [(1, 3), (3, 2), (2, 5)]}, padri: [-1], figli: [1, 2, 3, 3, 3, 4, 4, 4], mosse: [-1]
1 -> costo: 33277.7, rotte: {2: [(1, 4), (4, 7), (7, 6)], 3: [(1, 3), (3, 2), (2, 5)]}, padri: [0, 2, 2, 2, 3], figli: [], mosse: [(2, 2, 4, 7, 11), (2, 2, 6, 7), (2, 2, 4, 7, 11), (2, 2, 7, 6, 5), (2, 2, 1, 4, 17)]
2 -> costo: 33940.399999999994, rotte: {2: [(1, 4), (4, 6), (6, 7)], 3: [(1, 3), (3, 2), (2, 5)]}, padri: [0, 4], figli: [1, 1, 1], mosse: [(2, 2, 6, 7, 11), (2, 2, 1, 4, 17)]
3 -> costo: 35628.5, rotte: {2: [(1, 7), (7, 6), (6, 4)], 3: [(1, 3), (3, 2), (2, 5)]}, padri: [0, 0, 0, 4], figli: [1], mosse: [(2, 2, 4, 6), (2, 2, 7, 6, 5), (2, 2, 6, 4, 17), (2, 2, 7, 6, 5)]
4 -> costo: 35748.4, rotte: {2: [(1, 6), (6, 7), (7, 4)], 3: [(1, 3), (3, 2), (2, 5)]}, padri: [0], figli: [2, 3], mosse: [(2, 2, 1, 6, 5)]
bestSolutionIndice: 1
1 -> costo: 33277.7, rotte: {2: [(1, 4), (4, 7), (7, 6)], 3: [(1, 3), (3, 2), (2, 5)]}, padri: [0, 2, 2, 2, 3], figli: [], mosse: [(2, 2, 4, 7, 11), (2, 2, 6, 7), (2, 2, 4, 7, 11), (2, 2, 7, 6, 5), (2, 2, 1, 4, 17)]
trasportoPalletDiGamma: {2: [(4, 17), (7, 11), (6, 5)], 3: [(3, 11), (2, 6), (5, 20)]}
itMosseLS: 12, itMosseTS: 10
time elapsed: 1.72s.


##########################################################################################
s: 1
dictSolutions[1]:
0 -> costo: 35744.8, rotte: {2: [(1, 2), (2, 5), (5, 7)], 3: [(1, 3), (3, 4), (4, 6)]}, padri: [-1], figli: [1], mosse: [-1]
1 -> costo: 33981.9, rotte: {2: [(1, 5), (5, 7)], 3: [(1, 3), (3, 2), (2, 4), (4, 6)]}, padri: [0], figli: [], mosse: [(3, 2, 3, 2, 6)]
bestSolutionIndice: 1
1 -> costo: 33981.9, rotte: {2: [(1, 5), (5, 7)], 3: [(1, 3), (3, 2), (2, 4), (4, 6)]}, padri: [0], figli: [], mosse: [(3, 2, 3, 2, 6)]
trasportoPalletDiGamma: {2: [(5, 20), (7, 11)], 3: [(3, 11), (2, 6), (4, 17), (6, 5)]}
itMosseLS: 1, itMosseTS: 1
time elapsed: 0.27s.


##########################################################################################
s: 1
dictSolutions[1]:
0 -> costo: 42974.7, rotte: {3: [(1, 3), (3, 6), (6, 7), (7, 2)], 2: [(1, 5), (5, 4), (4, 2)]}, padri: [-1], figli: [1], mosse: [-1]
1 -> costo: 38216.2, rotte: {3: [(1, 3), (3, 2), (2, 6), (6, 7)], 2: [(1, 5), (5, 4), (4, 2)]}, padri: [0], figli: [2], mosse: [(3, 3, 3, 2, 3)]
2 -> costo: 35316.9, rotte: {3: [(1, 3), (3, 2), (2, 6), (6, 7)], 2: [(1, 5), (5, 4)]}, padri: [1], figli: [3, 3, 3, 5, 5, 5, 5], mosse: [(3, 2, 1, 2, 3)]
3 -> costo: 33936.6, rotte: {3: [(1, 3), (3, 2), (2, 6), (6, 7)], 2: [(1, 4), (4, 5)]}, padri: [2, 2, 2], figli: [4, 4, 4], mosse: [(2, 2, 1, 4, 17), (2, 2, 4, 5, 20), (2, 2, 5, 4)]
4 -> costo: 33146.6, rotte: {3: [(1, 3), (3, 2), (2, 7), (7, 6)], 2: [(1, 4), (4, 5)]}, padri: [3, 3, 3, 5, 5, 5], figli: [], mosse: [(3, 3, 6, 7), (3, 3, 2, 7, 11), (3, 3, 7, 6, 5), (2, 2, 1, 4, 17), (2, 2, 4, 5, 20), (2, 2, 5, 4)]
5 -> costo: 34526.9, rotte: {3: [(1, 3), (3, 2), (2, 7), (7, 6)], 2: [(1, 5), (5, 4)]}, padri: [2, 2], figli: [4, 4, 4], mosse: [(3, 3, 6, 7), (3, 3, 2, 7, 11)]
bestSolutionIndice: 4
4 -> costo: 33146.6, rotte: {3: [(1, 3), (3, 2), (2, 7), (7, 6)], 2: [(1, 4), (4, 5)]}, padri: [3, 3, 3, 5, 5, 5], figli: [], mosse: [(3, 3, 6, 7), (3, 3, 2, 7, 11), (3, 3, 7, 6, 5), (2, 2, 1, 4, 17), (2, 2, 4, 5, 20), (2, 2, 5, 4)]
trasportoPalletDiGamma: {3: [(3, 11), (2, 6), (7, 11), (6, 5)], 2: [(4, 17), (5, 20)]}
itMosseLS: 13, itMosseTS: 10
time elapsed: 1.46s.


##########################################################################################
s: 1
dictSolutions[1]:
0 -> costo: 42593.9, rotte: {2: [(1, 3), (3, 6), (6, 7), (7, 4)], 3: [(1, 5), (5, 2), (2, 4)]}, padri: [-1], figli: [1], mosse: [-1]
1 -> costo: 37873.4, rotte: {2: [(1, 3), (3, 6), (6, 7), (7, 4)], 3: [(1, 2), (2, 4), (4, 5)]}, padri: [0], figli: [2], mosse: [(3, 3, 4, 5, 20)]
2 -> costo: 35007.2, rotte: {2: [(1, 3), (3, 4), (4, 6), (6, 7)], 3: [(1, 2), (2, 4), (4, 5)]}, padri: [1], figli: [3], mosse: [(2, 2, 3, 4, 3)]
3 -> costo: 34247.0, rotte: {2: [(1, 3), (3, 2), (2, 4), (4, 6), (6, 7)], 3: [(1, 4), (4, 5)]}, padri: [2], figli: [4, 4, 4, 6, 6, 6, 6], mosse: [(2, 3, 3, 2, 6)]
4 -> costo: 33584.299999999996, rotte: {2: [(1, 3), (3, 2), (2, 4), (4, 7), (7, 6)], 3: [(1, 4), (4, 5)]}, padri: [3, 3, 3], figli: [5, 5], mosse: [(2, 2, 6, 7), (2, 2, 4, 7, 11), (2, 2, 7, 6, 5)]
5 -> costo: 33146.6, rotte: {2: [(1, 3), (3, 2), (2, 7), (7, 6)], 3: [(1, 4), (4, 5)]}, padri: [4, 4, 6, 6, 6], figli: [], mosse: [(3, 2, 1, 4, 3), (3, 2, 5, 4, 3), (2, 2, 6, 7), (2, 2, 2, 7, 11), (2, 2, 7, 6, 5)]
6 -> costo: 33936.6, rotte: {2: [(1, 3), (3, 2), (2, 6), (6, 7)], 3: [(1, 4), (4, 5)]}, padri: [3, 3], figli: [5, 5, 5], mosse: [(3, 2, 1, 4, 3), (3, 2, 5, 4, 3)]
bestSolutionIndice: 5
5 -> costo: 33146.6, rotte: {2: [(1, 3), (3, 2), (2, 7), (7, 6)], 3: [(1, 4), (4, 5)]}, padri: [4, 4, 6, 6, 6], figli: [], mosse: [(3, 2, 1, 4, 3), (3, 2, 5, 4, 3), (2, 2, 6, 7), (2, 2, 2, 7, 11), (2, 2, 7, 6, 5)]
trasportoPalletDiGamma: {2: [(3, 11), (2, 6), (7, 11), (6, 5)], 3: [(4, 17), (5, 20)]}
itMosseLS: 13, itMosseTS: 10
time elapsed: 1.53s.


##########################################################################################
s: 1
dictSolutions[1]:
0 -> costo: 39669.299999999996, rotte: {2: [(1, 2), (2, 5), (5, 3)], 3: [(1, 4), (4, 7), (7, 6)]}, padri: [-1], figli: [1, 2, 3, 2, 2, 5, 5, 5, 6, 6, 6], mosse: [-1]
1 -> costo: 33277.7, rotte: {2: [(1, 3), (3, 2), (2, 5)], 3: [(1, 4), (4, 7), (7, 6)]}, padri: [0, 2, 3, 6], figli: [], mosse: [(2, 2, 1, 3, 11), (2, 2, 3, 2, 6), (2, 3, 3, 2, 6), (2, 2, 3, 2, 6)]
2 -> costo: 37588.1, rotte: {2: [(1, 2), (2, 3), (3, 5)], 3: [(1, 4), (4, 7), (7, 6)]}, padri: [0, 0, 0, 5], figli: [1, 3, 4], mosse: [(2, 2, 2, 3, 11), (2, 2, 3, 5, 20), (2, 2, 5, 3), (2, 2, 3, 5, 20)]
3 -> costo: 34037.9, rotte: {2: [(1, 3), (3, 5)], 3: [(1, 2), (2, 4), (4, 7), (7, 6)]}, padri: [2, 4], figli: [1], mosse: [(3, 2, 1, 2, 6), (3, 3, 2, 4, 17)]
4 -> costo: 37244.2, rotte: {2: [(1, 3), (3, 5)], 3: [(1, 4), (4, 2), (2, 7), (7, 6)]}, padri: [2], figli: [3], mosse: [(3, 2, 4, 2, 6)]
5 -> costo: 37835.1, rotte: {2: [(1, 5), (5, 2), (2, 3)], 3: [(1, 4), (4, 7), (7, 6)]}, padri: [0], figli: [2, 6], mosse: [(2, 2, 5, 2, 6)]
6 -> costo: 37693.9, rotte: {2: [(1, 3), (3, 5), (5, 2)], 3: [(1, 4), (4, 7), (7, 6)]}, padri: [5], figli: [1], mosse: [(2, 2, 1, 3, 11)]
bestSolutionIndice: 1
1 -> costo: 33277.7, rotte: {2: [(1, 3), (3, 2), (2, 5)], 3: [(1, 4), (4, 7), (7, 6)]}, padri: [0, 2, 3, 6], figli: [], mosse: [(2, 2, 1, 3, 11), (2, 2, 3, 2, 6), (2, 3, 3, 2, 6), (2, 2, 3, 2, 6)]
trasportoPalletDiGamma: {2: [(3, 11), (2, 6), (5, 20)], 3: [(4, 17), (7, 11), (6, 5)]}
itMosseLS: 13, itMosseTS: 10
time elapsed: 1.61s.


##########################################################################################
s: 1
dictSolutions[1]:
0 -> costo: 40312.7, rotte: {2: [(1, 5), (5, 3), (3, 2)], 3: [(1, 4), (4, 7), (7, 6)]}, padri: [-1], figli: [1, 2, 3, 4], mosse: [-1]
1 -> costo: 33277.7, rotte: {2: [(1, 3), (3, 2), (2, 5)], 3: [(1, 4), (4, 7), (7, 6)]}, padri: [0, 2, 2, 2, 3, 4], figli: [], mosse: [(2, 2, 2, 5, 20), (2, 2, 3, 2, 6), (2, 2, 2, 5, 20), (2, 2, 5, 2), (2, 2, 3, 2, 6), (2, 3, 3, 2, 6)]
2 -> costo: 37693.9, rotte: {2: [(1, 3), (3, 5), (5, 2)], 3: [(1, 4), (4, 7), (7, 6)]}, padri: [0], figli: [1, 1, 1, 3, 3, 3, 4, 4, 4], mosse: [(2, 2, 3, 5, 20)]
3 -> costo: 37588.1, rotte: {2: [(1, 2), (2, 3), (3, 5)], 3: [(1, 4), (4, 7), (7, 6)]}, padri: [2], figli: [1, 4, 5], mosse: [(2, 2, 1, 2, 6)]
4 -> costo: 34037.9, rotte: {2: [(1, 3), (3, 5)], 3: [(1, 2), (2, 4), (4, 7), (7, 6)]}, padri: [3, 5], figli: [1], mosse: [(3, 2, 1, 2, 6), (3, 3, 2, 4, 17)]
5 -> costo: 37244.2, rotte: {2: [(1, 3), (3, 5)], 3: [(1, 4), (4, 2), (2, 7), (7, 6)]}, padri: [3], figli: [4], mosse: [(3, 2, 4, 2, 6)]
bestSolutionIndice: 1
1 -> costo: 33277.7, rotte: {2: [(1, 3), (3, 2), (2, 5)], 3: [(1, 4), (4, 7), (7, 6)]}, padri: [0, 2, 2, 2, 3, 4], figli: [], mosse: [(2, 2, 2, 5, 20), (2, 2, 3, 2, 6), (2, 2, 2, 5, 20), (2, 2, 5, 2), (2, 2, 3, 2, 6), (2, 3, 3, 2, 6)]
trasportoPalletDiGamma: {2: [(3, 11), (2, 6), (5, 20)], 3: [(4, 17), (7, 11), (6, 5)]}
itMosseLS: 11, itMosseTS: 10
time elapsed: 1.52s.


##########################################################################################
s: 1
dictSolutions[1]:
0 -> costo: 43754.399999999994, rotte: {2: [(1, 7), (7, 4), (4, 3)], 3: [(1, 6), (6, 5), (5, 2)]}, padri: [-1], figli: [1], mosse: [-1]
1 -> costo: 41566.99999999999, rotte: {2: [(1, 3), (3, 7), (7, 4)], 3: [(1, 6), (6, 5), (5, 2)]}, padri: [0], figli: [2, 2, 2, 5, 5, 5], mosse: [(2, 2, 1, 3, 11)]
2 -> costo: 38828.1, rotte: {2: [(1, 3), (3, 4), (4, 7)], 3: [(1, 6), (6, 5), (5, 2)]}, padri: [1, 1, 1], figli: [3, 6], mosse: [(2, 2, 7, 4), (2, 2, 3, 4, 17), (2, 2, 4, 7, 11)]
3 -> costo: 37033.899999999994, rotte: {2: [(1, 3), (3, 4), (4, 7)], 3: [(1, 2), (2, 6), (6, 5)]}, padri: [2, 5, 5, 5], figli: [4, 4, 4], mosse: [(3, 3, 1, 2, 6), (2, 2, 7, 4), (2, 2, 3, 4, 17), (2, 2, 4, 7, 11)]
4 -> costo: 35076.99999999999, rotte: {2: [(1, 3), (3, 4), (4, 7)], 3: [(1, 2), (2, 5), (5, 6)]}, padri: [3, 3, 3, 6], figli: [], mosse: [(3, 3, 6, 5), (3, 3, 2, 5, 20), (3, 3, 5, 6, 5), (2, 2, 7, 4)]
5 -> costo: 39772.799999999996, rotte: {2: [(1, 3), (3, 7), (7, 4)], 3: [(1, 2), (2, 6), (6, 5)]}, padri: [1], figli: [3, 3, 3, 6, 6, 6], mosse: [(3, 3, 1, 2, 6)]
6 -> costo: 37815.899999999994, rotte: {2: [(1, 3), (3, 7), (7, 4)], 3: [(1, 2), (2, 5), (5, 6)]}, padri: [5], figli: [4], mosse: [(3, 3, 6, 5)]
bestSolutionIndice: 4
4 -> costo: 35076.99999999999, rotte: {2: [(1, 3), (3, 4), (4, 7)], 3: [(1, 2), (2, 5), (5, 6)]}, padri: [3, 3, 3, 6], figli: [], mosse: [(3, 3, 6, 5), (3, 3, 2, 5, 20), (3, 3, 5, 6, 5), (2, 2, 7, 4)]
trasportoPalletDiGamma: {2: [(3, 11), (4, 17), (7, 11)], 3: [(2, 6), (5, 20), (6, 5)]}
itMosseLS: 14, itMosseTS: 10
time elapsed: 2.38s.


##########################################################################################
s: 1
dictSolutions[1]:
0 -> costo: 40940.1, rotte: {2: [(1, 2), (2, 7), (7, 6), (6, 4)], 3: [(1, 3), (3, 5), (5, 4)]}, padri: [-1], figli: [1], mosse: [-1]
1 -> costo: 36727.49999999999, rotte: {2: [(1, 2), (2, 4), (4, 7), (7, 6)], 3: [(1, 3), (3, 5), (5, 4)]}, padri: [0], figli: [2, 2, 2, 2, 4, 4, 4, 4, 4], mosse: [(2, 2, 2, 4, 8)]
2 -> costo: 34037.899999999994, rotte: {2: [(1, 2), (2, 4), (4, 7), (7, 6)], 3: [(1, 3), (3, 5)]}, padri: [1, 1, 1, 1, 4, 4, 4, 4], figli: [3], mosse: [(2, 3, 1, 4, 9), (2, 3, 2, 4, 9), (2, 3, 7, 4, 9), (2, 3, 6, 4, 9), (2, 3, 1, 4, 9), (2, 3, 2, 4, 9), (2, 3, 7, 4, 9), (2, 3, 6, 4, 9)]
3 -> costo: 33277.7, rotte: {2: [(1, 4), (4, 7), (7, 6)], 3: [(1, 3), (3, 2), (2, 5)]}, padri: [2], figli: [], mosse: [(3, 2, 3, 2, 6)]
4 -> costo: 34344.5, rotte: {2: [(1, 2), (2, 4), (4, 7), (7, 6)], 3: [(1, 3), (3, 4), (4, 5)]}, padri: [1, 1], figli: [2, 2, 2, 2], mosse: [(3, 3, 3, 4, 9), (3, 3, 4, 5, 20)]
bestSolutionIndice: 3
3 -> costo: 33277.7, rotte: {2: [(1, 4), (4, 7), (7, 6)], 3: [(1, 3), (3, 2), (2, 5)]}, padri: [2], figli: [], mosse: [(3, 2, 3, 2, 6)]
trasportoPalletDiGamma: {2: [(4, 17), (7, 11), (6, 5)], 3: [(3, 11), (2, 6), (5, 20)]}
itMosseLS: 12, itMosseTS: 10
time elapsed: 1.66s.


##########################################################################################
s: 1
dictSolutions[1]:
0 -> costo: 39436.6, rotte: {3: [(1, 4), (4, 2), (2, 7)], 2: [(1, 3), (3, 6), (6, 5)]}, padri: [-1], figli: [1, 3, 3, 3, 5, 5, 5], mosse: [-1]
1 -> costo: 36230.299999999996, rotte: {3: [(1, 2), (2, 4), (4, 7)], 2: [(1, 3), (3, 6), (6, 5)]}, padri: [0], figli: [2, 2, 2, 4, 4, 4], mosse: [(3, 3, 2, 4, 17)]
2 -> costo: 35077.0, rotte: {3: [(1, 2), (2, 4), (4, 7)], 2: [(1, 3), (3, 5), (5, 6)]}, padri: [1, 1, 1, 3], figli: [], mosse: [(2, 2, 3, 5, 20), (2, 2, 5, 6, 5), (2, 2, 6, 5), (3, 3, 2, 4, 17)]
3 -> costo: 38283.299999999996, rotte: {3: [(1, 4), (4, 2), (2, 7)], 2: [(1, 3), (3, 5), (5, 6)]}, padri: [0, 0, 0], figli: [2, 4], mosse: [(2, 2, 3, 5, 20), (2, 2, 5, 6, 5), (2, 2, 6, 5)]
4 -> costo: 38027.899999999994, rotte: {3: [(1, 7), (7, 4), (4, 2)], 2: [(1, 3), (3, 5), (5, 6)]}, padri: [3, 5, 5], figli: [], mosse: [(3, 3, 1, 7, 11), (2, 2, 3, 5, 20), (2, 2, 5, 6, 5)]
5 -> costo: 39181.2, rotte: {3: [(1, 7), (7, 4), (4, 2)], 2: [(1, 3), (3, 6), (6, 5)]}, padri: [0], figli: [4, 4], mosse: [(3, 3, 1, 7, 11)]
bestSolutionIndice: 2
2 -> costo: 35077.0, rotte: {3: [(1, 2), (2, 4), (4, 7)], 2: [(1, 3), (3, 5), (5, 6)]}, padri: [1, 1, 1, 3], figli: [], mosse: [(2, 2, 3, 5, 20), (2, 2, 5, 6, 5), (2, 2, 6, 5), (3, 3, 2, 4, 17)]
trasportoPalletDiGamma: {3: [(2, 6), (4, 17), (7, 11)], 2: [(3, 11), (5, 20), (6, 5)]}
itMosseLS: 12, itMosseTS: 10
time elapsed: 2.26s.


##########################################################################################
s: 1
dictSolutions[1]:
0 -> costo: 39281.1, rotte: {2: [(1, 3), (3, 6), (6, 4)], 3: [(1, 2), (2, 5), (5, 7)]}, padri: [-1], figli: [1, 1, 1, 3, 3, 3], mosse: [-1]
1 -> costo: 35744.8, rotte: {2: [(1, 3), (3, 4), (4, 6)], 3: [(1, 2), (2, 5), (5, 7)]}, padri: [0, 0, 0], figli: [2, 4], mosse: [(2, 2, 3, 4, 17), (2, 2, 4, 6, 5), (2, 2, 6, 4)]
2 -> costo: 33981.9, rotte: {2: [(1, 3), (3, 2), (2, 4), (4, 6)], 3: [(1, 5), (5, 7)]}, padri: [1, 3, 3, 3, 4], figli: [], mosse: [(2, 3, 3, 2, 6), (2, 2, 2, 4, 17), (2, 2, 4, 6, 5), (2, 2, 6, 4), (2, 2, 2, 4, 17)]
3 -> costo: 38321.8, rotte: {2: [(1, 3), (3, 2), (2, 6), (6, 4)], 3: [(1, 5), (5, 7)]}, padri: [0], figli: [2, 2, 2, 4, 4, 4], mosse: [(2, 3, 3, 2, 6)]
4 -> costo: 38075.7, rotte: {2: [(1, 3), (3, 4), (4, 2), (2, 6)], 3: [(1, 5), (5, 7)]}, padri: [3], figli: [2], mosse: [(2, 2, 3, 4, 17)]
bestSolutionIndice: 2
2 -> costo: 33981.9, rotte: {2: [(1, 3), (3, 2), (2, 4), (4, 6)], 3: [(1, 5), (5, 7)]}, padri: [1, 3, 3, 3, 4], figli: [], mosse: [(2, 3, 3, 2, 6), (2, 2, 2, 4, 17), (2, 2, 4, 6, 5), (2, 2, 6, 4), (2, 2, 2, 4, 17)]
trasportoPalletDiGamma: {2: [(3, 11), (2, 6), (4, 17), (6, 5)], 3: [(5, 20), (7, 11)]}
itMosseLS: 10, itMosseTS: 10
time elapsed: 1.93s.


##########################################################################################
s: 1
dictSolutions[1]:
0 -> costo: 36064.0, rotte: {2: [(1, 4), (4, 3), (3, 2)], 3: [(1, 5), (5, 6), (6, 7)]}, padri: [-1], figli: [1, 2, 3, 3, 3, 4, 4, 4], mosse: [-1]
1 -> costo: 30412.1, rotte: {2: [(1, 3), (3, 2), (2, 4)], 3: [(1, 5), (5, 6), (6, 7)]}, padri: [0, 2, 2, 2, 4], figli: [], mosse: [(2, 2, 2, 4, 17), (2, 2, 3, 2, 6), (2, 2, 2, 4, 17), (2, 2, 4, 2), (2, 2, 1, 3, 11)]
2 -> costo: 32442.5, rotte: {2: [(1, 3), (3, 4), (4, 2)], 3: [(1, 5), (5, 6), (6, 7)]}, padri: [0, 3], figli: [1, 1, 1], mosse: [(2, 2, 3, 4, 17), (2, 2, 1, 3, 11)]
3 -> costo: 33586.4, rotte: {2: [(1, 4), (4, 2), (2, 3)], 3: [(1, 5), (5, 6), (6, 7)]}, padri: [0, 0, 0, 4], figli: [2], mosse: [(2, 2, 4, 2, 6), (2, 2, 2, 3, 11), (2, 2, 3, 2), (2, 2, 4, 2, 6)]
4 -> costo: 34417.9, rotte: {2: [(1, 2), (2, 4), (4, 3)], 3: [(1, 5), (5, 6), (6, 7)]}, padri: [0], figli: [1, 3], mosse: [(2, 2, 1, 2, 6)]
bestSolutionIndice: 1
1 -> costo: 30412.1, rotte: {2: [(1, 3), (3, 2), (2, 4)], 3: [(1, 5), (5, 6), (6, 7)]}, padri: [0, 2, 2, 2, 4], figli: [], mosse: [(2, 2, 2, 4, 17), (2, 2, 3, 2, 6), (2, 2, 2, 4, 17), (2, 2, 4, 2), (2, 2, 1, 3, 11)]
trasportoPalletDiGamma: {2: [(3, 11), (2, 6), (4, 17)], 3: [(5, 20), (6, 5), (7, 11)]}
itMosseLS: 12, itMosseTS: 10
time elapsed: 0.77s.


##########################################################################################
s: 1
dictSolutions[1]:
0 -> costo: 30417.199999999997, rotte: {3: [(1, 5), (5, 7), (7, 6)], 2: [(1, 3), (3, 2), (2, 4)]}, padri: [-1], figli: [1, 1, 1], mosse: [-1]
1 -> costo: 30412.1, rotte: {3: [(1, 5), (5, 6), (6, 7)], 2: [(1, 3), (3, 2), (2, 4)]}, padri: [0, 0, 0], figli: [], mosse: [(3, 3, 5, 6, 5), (3, 3, 6, 7, 11), (3, 3, 7, 6)]
bestSolutionIndice: 1
1 -> costo: 30412.1, rotte: {3: [(1, 5), (5, 6), (6, 7)], 2: [(1, 3), (3, 2), (2, 4)]}, padri: [0, 0, 0], figli: [], mosse: [(3, 3, 5, 6, 5), (3, 3, 6, 7, 11), (3, 3, 7, 6)]
trasportoPalletDiGamma: {3: [(5, 20), (6, 5), (7, 11)], 2: [(3, 11), (2, 6), (4, 17)]}
itMosseLS: 3, itMosseTS: 3
time elapsed: 0.22s.


##########################################################################################
s: 1
dictSolutions[1]:
0 -> costo: 41468.5, rotte: {2: [(1, 2), (2, 5), (5, 7)], 3: [(1, 6), (6, 4), (4, 3)]}, padri: [-1], figli: [1], mosse: [-1]
1 -> costo: 39281.1, rotte: {2: [(1, 2), (2, 5), (5, 7)], 3: [(1, 3), (3, 6), (6, 4)]}, padri: [0], figli: [2, 2, 2, 4, 4, 4], mosse: [(3, 3, 1, 3, 11)]
2 -> costo: 35744.8, rotte: {2: [(1, 2), (2, 5), (5, 7)], 3: [(1, 3), (3, 4), (4, 6)]}, padri: [1, 1, 1], figli: [3, 5], mosse: [(3, 3, 3, 4, 17), (3, 3, 4, 6, 5), (3, 3, 6, 4)]
3 -> costo: 33981.9, rotte: {2: [(1, 5), (5, 7)], 3: [(1, 3), (3, 2), (2, 4), (4, 6)]}, padri: [2, 4, 4, 4, 5], figli: [], mosse: [(3, 2, 3, 2, 6), (3, 3, 2, 4, 17), (3, 3, 4, 6, 5), (3, 3, 6, 4), (3, 3, 2, 4, 17)]
4 -> costo: 38321.8, rotte: {2: [(1, 5), (5, 7)], 3: [(1, 3), (3, 2), (2, 6), (6, 4)]}, padri: [1], figli: [3, 3, 3, 5, 5, 5], mosse: [(3, 2, 3, 2, 6)]
5 -> costo: 38075.700000000004, rotte: {2: [(1, 5), (5, 7)], 3: [(1, 3), (3, 4), (4, 2), (2, 6)]}, padri: [4], figli: [3], mosse: [(3, 3, 3, 4, 17)]
bestSolutionIndice: 3
3 -> costo: 33981.9, rotte: {2: [(1, 5), (5, 7)], 3: [(1, 3), (3, 2), (2, 4), (4, 6)]}, padri: [2, 4, 4, 4, 5], figli: [], mosse: [(3, 2, 3, 2, 6), (3, 3, 2, 4, 17), (3, 3, 4, 6, 5), (3, 3, 6, 4), (3, 3, 2, 4, 17)]
trasportoPalletDiGamma: {2: [(5, 20), (7, 11)], 3: [(3, 11), (2, 6), (4, 17), (6, 5)]}
itMosseLS: 11, itMosseTS: 10
time elapsed: 1.79s.


##########################################################################################
s: 1
dictSolutions[1]:
0 -> costo: 44272.2, rotte: {2: [(1, 7), (7, 4), (4, 5)], 3: [(1, 2), (2, 3), (3, 6), (6, 5)]}, padri: [-1], figli: [1, 5], mosse: [-1]
1 -> costo: 40733.7, rotte: {2: [(1, 4), (4, 5), (5, 7)], 3: [(1, 2), (2, 3), (3, 6), (6, 5)]}, padri: [0], figli: [2, 4, 4, 4, 6], mosse: [(2, 2, 5, 7, 11)]
2 -> costo: 37226.899999999994, rotte: {2: [(1, 4), (4, 5), (5, 7)], 3: [(1, 3), (3, 2), (2, 6), (6, 5)]}, padri: [1, 5], figli: [3, 3, 3], mosse: [(3, 3, 3, 2, 6), (2, 2, 5, 7, 11)]
3 -> costo: 35269.99999999999, rotte: {2: [(1, 4), (4, 5), (5, 7)], 3: [(1, 3), (3, 2), (2, 5), (5, 6)]}, padri: [2, 2, 2, 4, 7], figli: [], mosse: [(3, 3, 6, 5), (3, 3, 2, 5, 8), (3, 3, 5, 6, 5), (3, 3, 3, 2, 6), (2, 2, 7, 5)]
4 -> costo: 39580.399999999994, rotte: {2: [(1, 4), (4, 5), (5, 7)], 3: [(1, 2), (2, 3), (3, 5), (5, 6)]}, padri: [1, 1, 1], figli: [3], mosse: [(3, 3, 3, 5, 8), (3, 3, 5, 6, 5), (3, 3, 6, 5)]
5 -> costo: 40765.399999999994, rotte: {2: [(1, 7), (7, 4), (4, 5)], 3: [(1, 3), (3, 2), (2, 6), (6, 5)]}, padri: [0], figli: [2, 6], mosse: [(3, 3, 3, 2, 6)]
6 -> costo: 38524.899999999994, rotte: {2: [(1, 4), (4, 7), (7, 5)], 3: [(1, 3), (3, 2), (2, 6), (6, 5)]}, padri: [5], figli: [7], mosse: [(2, 2, 4, 7, 11)]
7 -> costo: 36567.99999999999, rotte: {2: [(1, 4), (4, 7), (7, 5)], 3: [(1, 3), (3, 2), (2, 5), (5, 6)]}, padri: [6], figli: [3], mosse: [(3, 3, 6, 5)]
bestSolutionIndice: 3
3 -> costo: 35269.99999999999, rotte: {2: [(1, 4), (4, 5), (5, 7)], 3: [(1, 3), (3, 2), (2, 5), (5, 6)]}, padri: [2, 2, 2, 4, 7], figli: [], mosse: [(3, 3, 6, 5), (3, 3, 2, 5, 8), (3, 3, 5, 6, 5), (3, 3, 3, 2, 6), (2, 2, 7, 5)]
trasportoPalletDiGamma: {2: [(4, 17), (5, 12), (7, 11)], 3: [(3, 11), (2, 6), (5, 8), (6, 5)]}
itMosseLS: 14, itMosseTS: 10
time elapsed: 2.39s.


##########################################################################################
s: 1
dictSolutions[1]:
0 -> costo: 35769.9, rotte: {2: [(1, 7), (7, 5), (5, 6)], 3: [(1, 2), (2, 4), (4, 3)]}, padri: [-1], figli: [1], mosse: [-1]
1 -> costo: 31764.1, rotte: {2: [(1, 7), (7, 5), (5, 6)], 3: [(1, 3), (3, 2), (2, 4)]}, padri: [0], figli: [2, 3, 4, 4, 4, 5, 5, 5], mosse: [(3, 3, 1, 3, 11)]
2 -> costo: 30412.1, rotte: {2: [(1, 5), (5, 6), (6, 7)], 3: [(1, 3), (3, 2), (2, 4)]}, padri: [1, 3, 3, 3, 5], figli: [], mosse: [(2, 2, 6, 7, 11), (2, 2, 5, 6, 5), (2, 2, 6, 7, 11), (2, 2, 7, 6), (2, 2, 1, 5, 20)]
3 -> costo: 30417.199999999997, rotte: {2: [(1, 5), (5, 7), (7, 6)], 3: [(1, 3), (3, 2), (2, 4)]}, padri: [1, 4], figli: [2, 2, 2], mosse: [(2, 2, 5, 7, 11), (2, 2, 1, 5, 20)]
4 -> costo: 30719.899999999998, rotte: {2: [(1, 7), (7, 6), (6, 5)], 3: [(1, 3), (3, 2), (2, 4)]}, padri: [1, 1, 1, 5], figli: [3], mosse: [(2, 2, 7, 6, 5), (2, 2, 6, 5, 20), (2, 2, 5, 6), (2, 2, 7, 6, 5)]
5 -> costo: 31515.0, rotte: {2: [(1, 6), (6, 7), (7, 5)], 3: [(1, 3), (3, 2), (2, 4)]}, padri: [1], figli: [2, 4], mosse: [(2, 2, 1, 6, 5)]
bestSolutionIndice: 2
2 -> costo: 30412.1, rotte: {2: [(1, 5), (5, 6), (6, 7)], 3: [(1, 3), (3, 2), (2, 4)]}, padri: [1, 3, 3, 3, 5], figli: [], mosse: [(2, 2, 6, 7, 11), (2, 2, 5, 6, 5), (2, 2, 6, 7, 11), (2, 2, 7, 6), (2, 2, 1, 5, 20)]
trasportoPalletDiGamma: {2: [(5, 20), (6, 5), (7, 11)], 3: [(3, 11), (2, 6), (4, 17)]}
itMosseLS: 13, itMosseTS: 10
time elapsed: 0.60s.


##########################################################################################
s: 1
dictSolutions[1]:
0 -> costo: 50717.299999999996, rotte: {2: [(1, 7), (7, 4), (4, 5)], 3: [(1, 6), (6, 3), (3, 2), (2, 5)]}, padri: [-1], figli: [1], mosse: [-1]
1 -> costo: 40765.399999999994, rotte: {2: [(1, 7), (7, 4), (4, 5)], 3: [(1, 3), (3, 2), (2, 6), (6, 5)]}, padri: [0], figli: [2, 4], mosse: [(3, 3, 2, 6, 5)]
2 -> costo: 37226.899999999994, rotte: {2: [(1, 4), (4, 5), (5, 7)], 3: [(1, 3), (3, 2), (2, 6), (6, 5)]}, padri: [1, 4], figli: [3, 3, 3], mosse: [(2, 2, 5, 7, 11), (2, 2, 4, 5, 12)]
3 -> costo: 35269.99999999999, rotte: {2: [(1, 4), (4, 5), (5, 7)], 3: [(1, 3), (3, 2), (2, 5), (5, 6)]}, padri: [2, 2, 2, 5, 5, 5], figli: [], mosse: [(3, 3, 6, 5), (3, 3, 2, 5, 8), (3, 3, 5, 6, 5), (2, 2, 7, 5), (2, 2, 4, 5, 12), (2, 2, 5, 7, 11)]
4 -> costo: 38524.899999999994, rotte: {2: [(1, 4), (4, 7), (7, 5)], 3: [(1, 3), (3, 2), (2, 6), (6, 5)]}, padri: [1], figli: [5, 5, 5, 2], mosse: [(2, 2, 4, 7, 11)]
5 -> costo: 36567.99999999999, rotte: {2: [(1, 4), (4, 7), (7, 5)], 3: [(1, 3), (3, 2), (2, 5), (5, 6)]}, padri: [4, 4, 4], figli: [3, 3, 3], mosse: [(3, 3, 6, 5), (3, 3, 2, 5, 8), (3, 3, 5, 6, 5)]
bestSolutionIndice: 3
3 -> costo: 35269.99999999999, rotte: {2: [(1, 4), (4, 5), (5, 7)], 3: [(1, 3), (3, 2), (2, 5), (5, 6)]}, padri: [2, 2, 2, 5, 5, 5], figli: [], mosse: [(3, 3, 6, 5), (3, 3, 2, 5, 8), (3, 3, 5, 6, 5), (2, 2, 7, 5), (2, 2, 4, 5, 12), (2, 2, 5, 7, 11)]
trasportoPalletDiGamma: {2: [(4, 17), (5, 12), (7, 11)], 3: [(3, 11), (2, 6), (5, 8), (6, 5)]}
itMosseLS: 13, itMosseTS: 10
time elapsed: 2.45s.


##########################################################################################
s: 1
dictSolutions[1]:
0 -> costo: 45783.1, rotte: {3: [(1, 3), (3, 7), (7, 2), (2, 5)], 2: [(1, 4), (4, 6), (6, 5)]}, padri: [-1], figli: [1, 3], mosse: [-1]
1 -> costo: 37230.7, rotte: {3: [(1, 3), (3, 2), (2, 5), (5, 7)], 2: [(1, 4), (4, 6), (6, 5)]}, padri: [0, 3, 3], figli: [2, 2, 2], mosse: [(3, 3, 5, 7, 11), (3, 3, 2, 5, 2), (3, 3, 5, 7, 11)]
2 -> costo: 35270.0, rotte: {3: [(1, 3), (3, 2), (2, 5), (5, 7)], 2: [(1, 4), (4, 5), (5, 6)]}, padri: [1, 1, 1, 4, 4, 4], figli: [], mosse: [(2, 2, 6, 5), (2, 2, 4, 5, 18), (2, 2, 5, 6, 5), (3, 3, 2, 5, 2), (3, 3, 5, 7, 11), (3, 3, 7, 5)]
3 -> costo: 38397.6, rotte: {3: [(1, 3), (3, 2), (2, 7), (7, 5)], 2: [(1, 4), (4, 6), (6, 5)]}, padri: [0], figli: [4, 4, 1, 1], mosse: [(3, 3, 2, 7, 11)]
4 -> costo: 36436.899999999994, rotte: {3: [(1, 3), (3, 2), (2, 7), (7, 5)], 2: [(1, 4), (4, 5), (5, 6)]}, padri: [3, 3], figli: [2, 2, 2], mosse: [(2, 2, 4, 5, 18), (2, 2, 5, 6, 5)]
bestSolutionIndice: 2
2 -> costo: 35270.0, rotte: {3: [(1, 3), (3, 2), (2, 5), (5, 7)], 2: [(1, 4), (4, 5), (5, 6)]}, padri: [1, 1, 1, 4, 4, 4], figli: [], mosse: [(2, 2, 6, 5), (2, 2, 4, 5, 18), (2, 2, 5, 6, 5), (3, 3, 2, 5, 2), (3, 3, 5, 7, 11), (3, 3, 7, 5)]
trasportoPalletDiGamma: {3: [(3, 11), (2, 6), (5, 2), (7, 11)], 2: [(4, 17), (5, 18), (6, 5)]}
itMosseLS: 12, itMosseTS: 10
time elapsed: 2.37s.


##########################################################################################
s: 1
dictSolutions[1]:
0 -> costo: 37033.899999999994, rotte: {2: [(1, 3), (3, 4), (4, 7)], 3: [(1, 2), (2, 6), (6, 5)]}, padri: [-1], figli: [1, 1, 1], mosse: [-1]
1 -> costo: 35076.99999999999, rotte: {2: [(1, 3), (3, 4), (4, 7)], 3: [(1, 2), (2, 5), (5, 6)]}, padri: [0, 0, 0], figli: [], mosse: [(3, 3, 6, 5), (3, 3, 2, 5, 20), (3, 3, 5, 6, 5)]
bestSolutionIndice: 1
1 -> costo: 35076.99999999999, rotte: {2: [(1, 3), (3, 4), (4, 7)], 3: [(1, 2), (2, 5), (5, 6)]}, padri: [0, 0, 0], figli: [], mosse: [(3, 3, 6, 5), (3, 3, 2, 5, 20), (3, 3, 5, 6, 5)]
trasportoPalletDiGamma: {2: [(3, 11), (4, 17), (7, 11)], 3: [(2, 6), (5, 20), (6, 5)]}
itMosseLS: 3, itMosseTS: 3
time elapsed: 0.52s.


##########################################################################################
s: 1
dictSolutions[1]:
0 -> costo: 43980.19999999999, rotte: {2: [(1, 3), (3, 6), (6, 7), (7, 2)], 3: [(1, 4), (4, 5), (5, 2)]}, padri: [-1], figli: [1], mosse: [-1]
1 -> costo: 38695.09999999999, rotte: {2: [(1, 3), (3, 6), (6, 7), (7, 2)], 3: [(1, 4), (4, 5)]}, padri: [0], figli: [2, 4, 5], mosse: [(2, 3, 1, 2, 3)]
2 -> costo: 33936.6, rotte: {2: [(1, 3), (3, 2), (2, 6), (6, 7)], 3: [(1, 4), (4, 5)]}, padri: [1, 4], figli: [3, 3, 3], mosse: [(2, 2, 3, 2, 6), (2, 2, 3, 2, 6)]
3 -> costo: 33146.6, rotte: {2: [(1, 3), (3, 2), (2, 7), (7, 6)], 3: [(1, 4), (4, 5)]}, padri: [2, 2, 2, 5], figli: [], mosse: [(2, 2, 6, 7), (2, 2, 2, 7, 11), (2, 2, 7, 6, 5), (2, 2, 3, 2, 6)]
4 -> costo: 37443.399999999994, rotte: {2: [(1, 2), (2, 3), (3, 6), (6, 7)], 3: [(1, 4), (4, 5)]}, padri: [1], figli: [2, 5, 5, 5], mosse: [(2, 2, 1, 2, 6)]
5 -> costo: 36653.399999999994, rotte: {2: [(1, 2), (2, 3), (3, 7), (7, 6)], 3: [(1, 4), (4, 5)]}, padri: [4, 4, 4], figli: [3], mosse: [(2, 2, 3, 7, 11), (2, 2, 7, 6, 5), (2, 2, 6, 7)]
bestSolutionIndice: 3
3 -> costo: 33146.6, rotte: {2: [(1, 3), (3, 2), (2, 7), (7, 6)], 3: [(1, 4), (4, 5)]}, padri: [2, 2, 2, 5], figli: [], mosse: [(2, 2, 6, 7), (2, 2, 2, 7, 11), (2, 2, 7, 6, 5), (2, 2, 3, 2, 6)]
trasportoPalletDiGamma: {2: [(3, 11), (2, 6), (7, 11), (6, 5)], 3: [(4, 17), (5, 20)]}
itMosseLS: 11, itMosseTS: 10
time elapsed: 1.15s.


