itNSIMax: 1, itMosseTSMax: 20.
##########################################################################################
s: 1
dictSolutions[1]:
0 -> costo: 36843.899999999994, rotte: {2: [(1, 2), (2, 4), (4, 6), (6, 7)], 3: [(1, 3), (3, 5), (5, 7)]}, padri: [-1], figli: [1], mosse: [-1]
1 -> costo: 34700.6, rotte: {2: [(1, 2), (2, 4), (4, 6), (6, 7)], 3: [(1, 3), (3, 5)]}, padri: [0], figli: [2, 9], mosse: [(2, 3, 1, 7, 9)]
2 -> costo: 35973.32, rotte: {2: [(1, 2), (2, 5), (5, 6), (6, 7)], 3: [(1, 3), (3, 4)]}, padri: [1], figli: [3, 4, 5, 10], mosse: [(2, 3, 4, 5)]
3 -> costo: 29347.6, rotte: {2: [(1, 4), (4, 5), (5, 6), (6, 7)], 3: [(1, 3), (3, 2)]}, padri: [2, 6, 14, 14, 14], figli: [], mosse: [(2, 3, 2, 4), (3, 2, 1, 3, 11), (2, 2, 5, 6, 5), (2, 2, 6, 7, 11), (2, 2, 7, 6)]
4 -> costo: 30412.1, rotte: {2: [(1, 5), (5, 6), (6, 7)], 3: [(1, 3), (3, 2), (2, 4)]}, padri: [2], figli: [], mosse: [(3, 2, 3, 2, 6)]
5 -> costo: 31414.8, rotte: {2: [(1, 3), (3, 2), (2, 5), (5, 6), (6, 7)], 3: [(1, 4)]}, padri: [2, 9], figli: [6, 8], mosse: [(2, 3, 1, 3, 11), (2, 3, 4, 5)]
6 -> costo: 30107.799999999996, rotte: {2: [(1, 3), (3, 4), (4, 5), (5, 6), (6, 7)], 3: [(1, 2)]}, padri: [5, 12, 12, 12], figli: [7, 3], mosse: [(2, 3, 2, 4), (2, 2, 5, 6, 5), (2, 2, 6, 7, 11), (2, 2, 7, 6)]
7 -> costo: 31561.14, rotte: {2: [(1, 2), (2, 4), (4, 5), (5, 6), (6, 7)], 3: [(1, 3)]}, padri: [6, 8, 13, 13, 13], figli: [], mosse: [(2, 3, 3, 2), (2, 2, 2, 4, 17), (2, 2, 5, 6, 5), (2, 2, 6, 7, 11), (2, 2, 7, 6)]
8 -> costo: 31038.899999999998, rotte: {2: [(1, 4), (4, 2), (2, 5), (5, 6), (6, 7)], 3: [(1, 3)]}, padri: [5], figli: [7], mosse: [(2, 3, 3, 4)]
9 -> costo: 32937.7, rotte: {2: [(1, 3), (3, 2), (2, 4), (4, 6), (6, 7)], 3: [(1, 5)]}, padri: [1], figli: [5, 10], mosse: [(2, 3, 1, 3, 11)]
10 -> costo: 32274.999999999996, rotte: {2: [(1, 3), (3, 2), (2, 4), (4, 7), (7, 6)], 3: [(1, 5)]}, padri: [9], figli: [11], mosse: [(2, 2, 6, 7)]
11 -> costo: 31419.899999999998, rotte: {2: [(1, 3), (3, 2), (2, 5), (5, 7), (7, 6)], 3: [(1, 4)]}, padri: [10], figli: [12], mosse: [(2, 3, 4, 5)]
12 -> costo: 30112.9, rotte: {2: [(1, 3), (3, 4), (4, 5), (5, 7), (7, 6)], 3: [(1, 2)]}, padri: [11], figli: [13, 14, 6, 6, 6], mosse: [(2, 3, 2, 4)]
13 -> costo: 31567.26, rotte: {2: [(1, 2), (2, 4), (4, 5), (5, 7), (7, 6)], 3: [(1, 3)]}, padri: [12], figli: [7, 7, 7], mosse: [(2, 3, 3, 2)]
14 -> costo: 29352.699999999997, rotte: {2: [(1, 4), (4, 5), (5, 7), (7, 6)], 3: [(1, 3), (3, 2)]}, padri: [12], figli: [3, 3, 3], mosse: [(3, 2, 1, 3, 11)]
bestSolutionIndice: 3
3 -> costo: 29347.6, rotte: {2: [(1, 4), (4, 5), (5, 6), (6, 7)], 3: [(1, 3), (3, 2)]}, padri: [2, 6, 14, 14, 14], figli: [], mosse: [(2, 3, 2, 4), (3, 2, 1, 3, 11), (2, 2, 5, 6, 5), (2, 2, 6, 7, 11), (2, 2, 7, 6)]
trasportoPalletDiGamma: {2: [(4, 17), (5, 20), (6, 5), (7, 11)], 3: [(3, 11), (2, 6)]}
itMosseLS: 26, itMosseTS: 20
time elapsed: 1.38s.


