itNSIMax: 5, itMosseTSMax: 75.
##########################################################################################
s: 1
dictSolutions[1]:
0 -> costo: 72221.5, rotte: {3: [(1, 8), (8, 7)], 5: [(1, 3), (3, 6)], 4: [(1, 5), (5, 4)], 6: [(1, 2), (2, 7), (7, 6)], 2: [(1, 4)]}, padri: [-1], figli: [1], mosse: [-1]
1 -> costo: 67186.2, rotte: {3: [(1, 8), (8, 7)], 5: [(1, 3), (3, 6)], 4: [(1, 4), (4, 5)], 6: [(1, 2), (2, 7), (7, 6)], 2: [(1, 4)]}, padri: [0], figli: [2, 2, 2, 4, 4, 4, 5, 5, 5, 4, 4, 10, 10, 10, 31], mosse: [(4, 4, 5, 4)]
2 -> costo: 63559.3, rotte: {3: [(1, 8)], 5: [(1, 3), (3, 6)], 4: [(1, 4), (4, 5)], 6: [(1, 2), (2, 7), (7, 6)], 2: [(1, 4)]}, padri: [1, 1, 1, 4, 4, 4], figli: [3], mosse: [(6, 3, 1, 7, 9), (6, 3, 2, 7, 9), (6, 3, 6, 7, 9), (6, 3, 1, 7, 9), (6, 3, 2, 7, 9), (6, 3, 6, 7, 9)]
3 -> costo: 63222.899999999994, rotte: {3: [(1, 8)], 5: [(1, 3), (3, 6)], 4: [(1, 5)], 6: [(1, 4), (4, 2), (2, 7), (7, 6)], 2: [(1, 4)]}, padri: [2, 9, 9, 9, 9, 31, 31], figli: [], mosse: [(6, 4, 1, 4, 1), (6, 3, 1, 7, 9), (6, 3, 4, 7, 9), (6, 3, 2, 7, 9), (6, 3, 6, 7, 9), (6, 3, 1, 7, 9), (6, 3, 4, 7, 9)]
4 -> costo: 65440.8, rotte: {3: [(1, 7), (7, 8)], 5: [(1, 3), (3, 6)], 4: [(1, 4), (4, 5)], 6: [(1, 2), (2, 7), (7, 6)], 2: [(1, 4)]}, padri: [1, 1, 1], figli: [2, 2, 2, 5, 5, 5, 9, 11], mosse: [(3, 3, 1, 7, 9), (3, 3, 7, 8, 1), (3, 3, 8, 7)]
5 -> costo: 65005.600000000006, rotte: {3: [(1, 7), (7, 8)], 5: [(1, 6)], 4: [(1, 4), (4, 5)], 6: [(1, 2), (2, 3), (3, 7), (7, 6)], 2: [(1, 4)]}, padri: [4, 10, 10, 10], figli: [6, 8], mosse: [(6, 5, 2, 3, 7), (3, 3, 1, 7, 9), (3, 3, 7, 8, 1), (3, 3, 8, 7)]
6 -> costo: 64167.600000000006, rotte: {3: [(1, 7), (7, 8)], 5: [(1, 6)], 4: [(1, 4), (4, 5)], 6: [(1, 2), (2, 3), (3, 7)], 2: [(1, 4)]}, padri: [5, 25, 25, 25], figli: [7, 27], mosse: [(5, 6, 1, 6, 4), (3, 3, 1, 7, 9), (3, 3, 7, 8, 1), (3, 3, 8, 7)]
7 -> costo: 63831.2, rotte: {3: [(1, 7), (7, 8)], 5: [(1, 6)], 4: [(1, 5)], 6: [(1, 4), (4, 2), (2, 3), (3, 7)], 2: [(1, 4)]}, padri: [6, 8, 26, 26, 26], figli: [], mosse: [(6, 4, 1, 4, 1), (5, 6, 1, 6, 4), (3, 3, 1, 7, 9), (3, 3, 7, 8, 1), (3, 3, 8, 7)]
8 -> costo: 64669.2, rotte: {3: [(1, 7), (7, 8)], 5: [(1, 6)], 4: [(1, 5)], 6: [(1, 4), (4, 2), (2, 3), (3, 7), (7, 6)], 2: [(1, 4)]}, padri: [5, 9, 28, 28, 28], figli: [7, 27], mosse: [(6, 4, 1, 4, 1), (6, 5, 2, 3, 7), (3, 3, 1, 7, 9), (3, 3, 7, 8, 1), (3, 3, 8, 7)]
9 -> costo: 65104.399999999994, rotte: {3: [(1, 7), (7, 8)], 5: [(1, 3), (3, 6)], 4: [(1, 5)], 6: [(1, 4), (4, 2), (2, 7), (7, 6)], 2: [(1, 4)]}, padri: [4], figli: [3, 3, 3, 3, 8], mosse: [(6, 4, 1, 4, 1)]
10 -> costo: 66751.0, rotte: {3: [(1, 8), (8, 7)], 5: [(1, 6)], 4: [(1, 4), (4, 5)], 6: [(1, 2), (2, 3), (3, 7), (7, 6)], 2: [(1, 4)]}, padri: [1], figli: [5, 5, 5, 11, 11, 11, 17, 25, 28], mosse: [(6, 5, 2, 3, 7)]
11 -> costo: 65517.5, rotte: {3: [(1, 7)], 5: [(1, 6), (6, 8)], 4: [(1, 4), (4, 5)], 6: [(1, 2), (2, 3), (3, 7), (7, 6)], 2: [(1, 4)]}, padri: [10], figli: [12, 12, 14, 14, 14, 14, 16, 16, 16, 26, 26, 29], mosse: [(5, 3, 6, 8, 1)]
12 -> costo: 64679.5, rotte: {3: [(1, 7)], 5: [(1, 6), (6, 8)], 4: [(1, 4), (4, 5)], 6: [(1, 2), (2, 3), (3, 7)], 2: [(1, 4)]}, padri: [11, 11, 14, 14, 25], figli: [13], mosse: [(5, 6, 1, 6, 4), (5, 6, 8, 6, 4), (5, 6, 1, 6, 4), (5, 6, 8, 6, 4), (5, 3, 6, 8, 1)]
13 -> costo: 64343.100000000006, rotte: {3: [(1, 7)], 5: [(1, 6), (6, 8)], 4: [(1, 5)], 6: [(1, 4), (4, 2), (2, 3), (3, 7)], 2: [(1, 4)]}, padri: [12, 15, 15, 16, 16, 26], figli: [], mosse: [(6, 4, 1, 4, 1), (5, 6, 1, 6, 4), (5, 6, 8, 6, 4), (5, 6, 1, 6, 4), (5, 6, 8, 6, 4), (5, 3, 6, 8, 1)]
14 -> costo: 64944.5, rotte: {3: [(1, 7)], 5: [(1, 6), (6, 8)], 4: [(1, 4), (4, 5)], 6: [(1, 2), (2, 3), (3, 6), (6, 7)], 2: [(1, 4)]}, padri: [11, 11, 11], figli: [15, 12, 12, 26, 26], mosse: [(6, 6, 3, 6, 4), (6, 6, 6, 7, 10), (6, 6, 7, 6)]
15 -> costo: 64608.100000000006, rotte: {3: [(1, 7)], 5: [(1, 6), (6, 8)], 4: [(1, 5)], 6: [(1, 4), (4, 2), (2, 3), (3, 6), (6, 7)], 2: [(1, 4)]}, padri: [14, 16, 16, 16], figli: [13, 13], mosse: [(6, 4, 1, 4, 1), (6, 6, 3, 6, 4), (6, 6, 6, 7, 10), (6, 6, 7, 6)]
16 -> costo: 65181.100000000006, rotte: {3: [(1, 7)], 5: [(1, 6), (6, 8)], 4: [(1, 5)], 6: [(1, 4), (4, 2), (2, 3), (3, 7), (7, 6)], 2: [(1, 4)]}, padri: [11, 28], figli: [13, 13, 15, 15, 15], mosse: [(6, 4, 1, 4, 1), (5, 3, 6, 8, 1)]
17 -> costo: 65517.5, rotte: {3: [(1, 7)], 5: [(1, 6)], 4: [(1, 4), (4, 5)], 6: [(1, 2), (2, 3), (3, 7), (7, 6), (6, 8)], 2: [(1, 4)]}, padri: [10], figli: [18, 20, 23], mosse: [(6, 3, 6, 8, 1)]
18 -> costo: 64167.59999999999, rotte: {3: [(1, 7)], 5: [(1, 6)], 4: [(1, 4), (4, 5)], 6: [(1, 2), (2, 3), (3, 7), (7, 8)], 2: [(1, 4)]}, padri: [17, 20, 25], figli: [19], mosse: [(5, 6, 1, 6, 4), (5, 6, 1, 6, 4), (6, 3, 7, 8, 1)]
19 -> costo: 63831.2, rotte: {3: [(1, 7)], 5: [(1, 6)], 4: [(1, 5)], 6: [(1, 4), (4, 2), (2, 3), (3, 7), (7, 8)], 2: [(1, 4)]}, padri: [18], figli: [], mosse: [(6, 4, 1, 4, 1)]
20 -> costo: 64432.59999999999, rotte: {3: [(1, 7)], 5: [(1, 6)], 4: [(1, 4), (4, 5)], 6: [(1, 2), (2, 3), (3, 6), (6, 7), (7, 8)], 2: [(1, 4)]}, padri: [17], figli: [21, 18], mosse: [(6, 6, 6, 7, 10)]
21 -> costo: 64096.2, rotte: {3: [(1, 7)], 5: [(1, 6)], 4: [(1, 5)], 6: [(1, 4), (4, 2), (2, 3), (3, 6), (6, 7), (7, 8)], 2: [(1, 4)]}, padri: [20, 23, 29], figli: [22], mosse: [(6, 4, 1, 4, 1), (6, 6, 6, 7, 10), (6, 6, 6, 7, 10)]
22 -> costo: 63831.2, rotte: {3: [(1, 7)], 5: [(1, 6)], 4: [(1, 5)], 6: [(1, 4), (4, 2), (2, 3), (3, 7), (7, 8)], 2: [(1, 4)]}, padri: [21], figli: [], mosse: [(5, 6, 1, 6, 4)]
23 -> costo: 65181.100000000006, rotte: {3: [(1, 7)], 5: [(1, 6)], 4: [(1, 5)], 6: [(1, 4), (4, 2), (2, 3), (3, 7), (7, 6), (6, 8)], 2: [(1, 4)]}, padri: [17], figli: [24, 21], mosse: [(6, 4, 1, 4, 1)]
24 -> costo: 63831.2, rotte: {3: [(1, 7)], 5: [(1, 6)], 4: [(1, 5)], 6: [(1, 4), (4, 2), (2, 3), (3, 7), (7, 8)], 2: [(1, 4)]}, padri: [23], figli: [], mosse: [(5, 6, 1, 6, 4)]
25 -> costo: 65913.0, rotte: {3: [(1, 8), (8, 7)], 5: [(1, 6)], 4: [(1, 4), (4, 5)], 6: [(1, 2), (2, 3), (3, 7)], 2: [(1, 4)]}, padri: [10], figli: [6, 6, 6, 18, 12, 26], mosse: [(5, 6, 1, 6, 4)]
26 -> costo: 65576.6, rotte: {3: [(1, 8), (8, 7)], 5: [(1, 6)], 4: [(1, 5)], 6: [(1, 4), (4, 2), (2, 3), (3, 7)], 2: [(1, 4)]}, padri: [25, 28], figli: [7, 7, 7, 27, 27, 27, 13], mosse: [(6, 4, 1, 4, 1), (5, 6, 1, 6, 4)]
27 -> costo: 63831.2, rotte: {3: [(1, 7)], 5: [(1, 6)], 4: [(1, 5)], 6: [(1, 4), (4, 2), (2, 3), (3, 7), (7, 8)], 2: [(1, 4)]}, padri: [6, 8, 26, 26, 26], figli: [], mosse: [(6, 3, 7, 8, 1)]
28 -> costo: 66414.6, rotte: {3: [(1, 8), (8, 7)], 5: [(1, 6)], 4: [(1, 5)], 6: [(1, 4), (4, 2), (2, 3), (3, 7), (7, 6)], 2: [(1, 4)]}, padri: [10], figli: [8, 8, 8, 16, 29, 26], mosse: [(6, 4, 1, 4, 1)]
29 -> costo: 65181.100000000006, rotte: {3: [(1, 7)], 5: [(1, 6)], 4: [(1, 5)], 6: [(1, 4), (4, 2), (2, 3), (3, 7), (7, 6), (6, 8)], 2: [(1, 4)]}, padri: [11, 28], figli: [30, 21], mosse: [(6, 3, 6, 8, 1)]
30 -> costo: 63831.2, rotte: {3: [(1, 7)], 5: [(1, 6)], 4: [(1, 5)], 6: [(1, 4), (4, 2), (2, 3), (3, 7), (7, 8)], 2: [(1, 4)]}, padri: [29], figli: [], mosse: [(5, 6, 1, 6, 4)]
31 -> costo: 66849.8, rotte: {3: [(1, 8), (8, 7)], 5: [(1, 3), (3, 6)], 4: [(1, 5)], 6: [(1, 4), (4, 2), (2, 7), (7, 6)], 2: [(1, 4)]}, padri: [1], figli: [3, 3], mosse: [(6, 4, 1, 4, 1)]
bestSolutionIndice: 3
3 -> costo: 63222.899999999994, rotte: {3: [(1, 8)], 5: [(1, 3), (3, 6)], 4: [(1, 5)], 6: [(1, 4), (4, 2), (2, 7), (7, 6)], 2: [(1, 4)]}, padri: [2, 9, 9, 9, 9, 31, 31], figli: [], mosse: [(6, 4, 1, 4, 1), (6, 3, 1, 7, 9), (6, 3, 4, 7, 9), (6, 3, 2, 7, 9), (6, 3, 6, 7, 9), (6, 3, 1, 7, 9), (6, 3, 4, 7, 9)]
trasportoPalletDiGamma: {3: [(8, 1)], 5: [(3, 7), (6, 13)], 4: [(5, 14)], 6: [(4, 1), (2, 5), (7, 19), (6, 4)], 2: [(4, 10)]}
itMosseLS: 78, itMosseTS: 75
time elapsed: 181.31s.


##########################################################################################
s: 1
dictSolutions[1]:
0 -> costo: 74042.4, rotte: {5: [(1, 5), (5, 7)], 3: [(1, 8), (8, 2)], 4: [(1, 4), (4, 7)], 6: [(1, 6), (6, 7)], 2: [(1, 3)]}, padri: [-1], figli: [1, 3, 3, 3, 5, 5, 5, 11, 13, 15, 16, 17, 17, 17], mosse: [-1]
1 -> costo: 68673.49999999999, rotte: {5: [(1, 5), (5, 7)], 3: [(1, 2)], 4: [(1, 4), (4, 7)], 6: [(1, 6), (6, 7)], 2: [(1, 3), (3, 8)]}, padri: [0, 5, 15, 15, 15], figli: [2, 2, 2, 9, 9, 9], mosse: [(2, 3, 3, 8, 1), (2, 6, 3, 8, 1), (2, 2, 1, 3, 7), (2, 2, 3, 8, 1), (2, 2, 8, 3)]
2 -> costo: 67501.09999999999, rotte: {5: [(1, 7), (7, 5)], 3: [(1, 2)], 4: [(1, 4), (4, 7)], 6: [(1, 6), (6, 7)], 2: [(1, 3), (3, 8)]}, padri: [1, 1, 1, 8, 16, 16, 16, 17], figli: [], mosse: [(5, 5, 5, 7), (5, 5, 1, 7, 6), (5, 5, 7, 5, 14), (2, 6, 3, 8, 1), (2, 2, 1, 3, 7), (2, 2, 3, 8, 1), (2, 2, 8, 3), (2, 3, 3, 8, 1)]
3 -> costo: 69320.0, rotte: {5: [(1, 5), (5, 7)], 3: [(1, 2), (2, 8)], 4: [(1, 4), (4, 7)], 6: [(1, 6), (6, 7)], 2: [(1, 3)]}, padri: [0, 0, 0, 5, 15], figli: [4, 4, 4], mosse: [(3, 3, 1, 2, 5), (3, 3, 2, 8, 1), (3, 3, 8, 2), (3, 6, 2, 8, 1), (3, 2, 2, 8, 1)]
4 -> costo: 68147.59999999999, rotte: {5: [(1, 7), (7, 5)], 3: [(1, 2), (2, 8)], 4: [(1, 4), (4, 7)], 6: [(1, 6), (6, 7)], 2: [(1, 3)]}, padri: [3, 3, 3, 8, 16, 17, 17, 17], figli: [], mosse: [(5, 5, 5, 7), (5, 5, 1, 7, 6), (5, 5, 7, 5, 14), (3, 6, 2, 8, 1), (3, 2, 2, 8, 1), (3, 3, 1, 2, 5), (3, 3, 2, 8, 1), (3, 3, 8, 2)]
5 -> costo: 69620.7, rotte: {5: [(1, 5), (5, 7)], 3: [(1, 2)], 4: [(1, 4), (4, 7)], 6: [(1, 8), (8, 6), (6, 7)], 2: [(1, 3)]}, padri: [0, 13, 15], figli: [6, 8, 8, 8, 1, 11, 3], mosse: [(6, 3, 1, 8, 1), (6, 6, 8, 6, 17), (6, 2, 1, 8, 1)]
6 -> costo: 66764.69999999998, rotte: {5: [(1, 5), (5, 7)], 3: [(1, 2)], 4: [(1, 4), (4, 7)], 6: [(1, 6), (6, 7), (7, 8)], 2: [(1, 3)]}, padri: [5, 12, 13, 13, 13], figli: [7, 7, 7], mosse: [(6, 6, 7, 8, 1), (6, 6, 6, 7, 9), (6, 6, 6, 7, 9), (6, 6, 7, 8, 1), (6, 6, 8, 7)]
7 -> costo: 65592.29999999999, rotte: {5: [(1, 7), (7, 5)], 3: [(1, 2)], 4: [(1, 4), (4, 7)], 6: [(1, 6), (6, 7), (7, 8)], 2: [(1, 3)]}, padri: [6, 6, 6, 8, 14, 14, 14], figli: [], mosse: [(5, 5, 5, 7), (5, 5, 1, 7, 6), (5, 5, 7, 5, 14), (6, 6, 7, 8, 1), (6, 6, 6, 7, 9), (6, 6, 7, 8, 1), (6, 6, 8, 7)]
8 -> costo: 68448.3, rotte: {5: [(1, 7), (7, 5)], 3: [(1, 2)], 4: [(1, 4), (4, 7)], 6: [(1, 8), (8, 6), (6, 7)], 2: [(1, 3)]}, padri: [5, 5, 5, 14, 16, 17], figli: [7, 2, 9, 4], mosse: [(5, 5, 5, 7), (5, 5, 1, 7, 6), (5, 5, 7, 5, 14), (6, 6, 8, 6, 17), (6, 2, 1, 8, 1), (6, 3, 1, 8, 1)]
9 -> costo: 67948.7, rotte: {5: [(1, 7), (7, 5)], 3: [(1, 2)], 4: [(1, 4), (4, 7)], 6: [(1, 8), (8, 7), (7, 6)], 2: [(1, 3)]}, padri: [8, 11, 11, 11], figli: [10], mosse: [(6, 6, 6, 7), (5, 5, 5, 7), (5, 5, 1, 7, 6), (5, 5, 7, 5, 14)]
10 -> costo: 66715.2, rotte: {5: [(1, 7), (7, 5)], 3: [(1, 2)], 4: [(1, 4), (4, 7)], 6: [(1, 7), (7, 6), (6, 8)], 2: [(1, 3)]}, padri: [9, 12, 12, 12, 14], figli: [], mosse: [(6, 6, 6, 8, 1), (5, 5, 5, 7), (5, 5, 1, 7, 6), (5, 5, 7, 5, 14), (6, 6, 1, 7, 9)]
11 -> costo: 69121.09999999999, rotte: {5: [(1, 5), (5, 7)], 3: [(1, 2)], 4: [(1, 4), (4, 7)], 6: [(1, 8), (8, 7), (7, 6)], 2: [(1, 3)]}, padri: [5], figli: [12, 9, 9, 9, 14], mosse: [(6, 6, 6, 7)]
12 -> costo: 67887.59999999999, rotte: {5: [(1, 5), (5, 7)], 3: [(1, 2)], 4: [(1, 4), (4, 7)], 6: [(1, 7), (7, 6), (6, 8)], 2: [(1, 3)]}, padri: [11, 13], figli: [10, 10, 10, 6], mosse: [(6, 6, 6, 8, 1), (6, 6, 1, 7, 9)]
13 -> costo: 70082.49999999999, rotte: {5: [(1, 5), (5, 7)], 3: [(1, 2)], 4: [(1, 4), (4, 7)], 6: [(1, 6), (6, 8), (8, 7)], 2: [(1, 3)]}, padri: [0, 15], figli: [6, 6, 6, 12, 14, 14, 14, 5], mosse: [(6, 3, 6, 8, 1), (6, 2, 6, 8, 1)]
14 -> costo: 68910.09999999999, rotte: {5: [(1, 7), (7, 5)], 3: [(1, 2)], 4: [(1, 4), (4, 7)], 6: [(1, 6), (6, 8), (8, 7)], 2: [(1, 3)]}, padri: [13, 13, 13, 16, 17], figli: [7, 7, 7, 10, 8], mosse: [(5, 5, 5, 7), (5, 5, 1, 7, 6), (5, 5, 7, 5, 14), (6, 2, 6, 8, 1), (6, 3, 6, 8, 1)]
15 -> costo: 72271.49999999999, rotte: {5: [(1, 5), (5, 7)], 3: [(1, 2)], 4: [(1, 4), (4, 7)], 6: [(1, 6), (6, 7)], 2: [(1, 8), (8, 3)]}, padri: [0], figli: [1, 1, 1, 3, 5, 13, 16, 16, 16], mosse: [(2, 3, 1, 8, 1)]
16 -> costo: 71099.09999999999, rotte: {5: [(1, 7), (7, 5)], 3: [(1, 2)], 4: [(1, 4), (4, 7)], 6: [(1, 6), (6, 7)], 2: [(1, 8), (8, 3)]}, padri: [15, 15, 15, 17], figli: [2, 2, 2, 4, 8, 14], mosse: [(5, 5, 5, 7), (5, 5, 1, 7, 6), (5, 5, 7, 5, 14), (2, 3, 1, 8, 1)]
17 -> costo: 72870.0, rotte: {5: [(1, 7), (7, 5)], 3: [(1, 8), (8, 2)], 4: [(1, 4), (4, 7)], 6: [(1, 6), (6, 7)], 2: [(1, 3)]}, padri: [0, 0, 0], figli: [2, 4, 4, 4, 8, 14, 16], mosse: [(5, 5, 5, 7), (5, 5, 1, 7, 6), (5, 5, 7, 5, 14)]
bestSolutionIndice: 7
7 -> costo: 65592.29999999999, rotte: {5: [(1, 7), (7, 5)], 3: [(1, 2)], 4: [(1, 4), (4, 7)], 6: [(1, 6), (6, 7), (7, 8)], 2: [(1, 3)]}, padri: [6, 6, 6, 8, 14, 14, 14], figli: [], mosse: [(5, 5, 5, 7), (5, 5, 1, 7, 6), (5, 5, 7, 5, 14), (6, 6, 7, 8, 1), (6, 6, 6, 7, 9), (6, 6, 7, 8, 1), (6, 6, 8, 7)]
trasportoPalletDiGamma: {5: [(7, 6), (5, 14)], 3: [(2, 5)], 4: [(4, 11), (7, 4)], 6: [(6, 17), (7, 9), (8, 1)], 2: [(3, 7)]}
itMosseLS: 74, itMosseTS: 74
time elapsed: 198.19s.


##########################################################################################
s: 1
dictSolutions[1]:
0 -> costo: 76545.70000000001, rotte: {3: [(1, 8), (8, 2)], 6: [(1, 7), (7, 3)], 5: [(1, 5), (5, 6)], 2: [(1, 6)], 4: [(1, 4), (4, 6)]}, padri: [-1], figli: [1, 7, 9, 9, 9, 13, 13, 13, 15, 19], mosse: [-1]
1 -> costo: 71013.40000000001, rotte: {3: [(1, 2)], 6: [(1, 8), (8, 7), (7, 3)], 5: [(1, 5), (5, 6)], 2: [(1, 6)], 4: [(1, 4), (4, 6)]}, padri: [0, 7, 13], figli: [2, 2, 2, 5, 5, 5], mosse: [(6, 3, 1, 8, 1), (6, 6, 1, 8, 1), (6, 6, 8, 7, 19)]
2 -> costo: 69228.20000000001, rotte: {3: [(1, 2)], 6: [(1, 8), (8, 7), (7, 3)], 5: [(1, 6), (6, 5)], 2: [(1, 6)], 4: [(1, 4), (4, 6)]}, padri: [1, 1, 1, 8, 14], figli: [3], mosse: [(5, 5, 1, 6, 6), (5, 5, 6, 5, 14), (5, 5, 5, 6), (6, 6, 1, 8, 1), (6, 6, 8, 7, 19)]
3 -> costo: 68892.3, rotte: {3: [(1, 2)], 6: [(1, 3), (3, 8), (8, 7)], 5: [(1, 6), (6, 5)], 2: [(1, 6)], 4: [(1, 4), (4, 6)]}, padri: [2, 5, 5, 5, 8], figli: [4, 4, 4], mosse: [(6, 6, 1, 3, 7), (5, 5, 1, 6, 6), (5, 5, 6, 5, 14), (5, 5, 5, 6), (6, 6, 8, 7, 19)]
4 -> costo: 65616.1, rotte: {3: [(1, 2)], 6: [(1, 3), (3, 7), (7, 8)], 5: [(1, 6), (6, 5)], 2: [(1, 6)], 4: [(1, 4), (4, 6)]}, padri: [3, 3, 3, 6, 6, 6, 8, 14], figli: [], mosse: [(6, 6, 3, 7, 19), (6, 6, 7, 8, 1), (6, 6, 8, 7), (5, 5, 1, 6, 6), (5, 5, 6, 5, 14), (5, 5, 5, 6), (6, 6, 3, 7, 19), (6, 6, 1, 3, 7)]
5 -> costo: 70677.50000000001, rotte: {3: [(1, 2)], 6: [(1, 3), (3, 8), (8, 7)], 5: [(1, 5), (5, 6)], 2: [(1, 6)], 4: [(1, 4), (4, 6)]}, padri: [1, 7, 19], figli: [6, 6, 6, 3, 3, 3, 8, 8, 8, 14, 14, 14], mosse: [(6, 6, 1, 3, 7), (6, 6, 8, 7, 19), (6, 3, 3, 8, 1)]
6 -> costo: 67401.3, rotte: {3: [(1, 2)], 6: [(1, 3), (3, 7), (7, 8)], 5: [(1, 5), (5, 6)], 2: [(1, 6)], 4: [(1, 4), (4, 6)]}, padri: [5, 5, 5, 7, 13, 19], figli: [4, 4, 4], mosse: [(6, 6, 3, 7, 19), (6, 6, 7, 8, 1), (6, 6, 8, 7), (6, 6, 3, 7, 19), (6, 6, 1, 3, 7), (6, 3, 7, 8, 1)]
7 -> costo: 71176.8, rotte: {3: [(1, 2)], 6: [(1, 7), (7, 3), (3, 8)], 5: [(1, 5), (5, 6)], 2: [(1, 6)], 4: [(1, 4), (4, 6)]}, padri: [0, 13, 13, 13], figli: [6, 8, 8, 8, 5, 1, 14], mosse: [(6, 3, 3, 8, 1), (6, 6, 8, 3), (6, 6, 7, 3, 7), (6, 6, 3, 8, 1)]
8 -> costo: 69391.6, rotte: {3: [(1, 2)], 6: [(1, 7), (7, 3), (3, 8)], 5: [(1, 6), (6, 5)], 2: [(1, 6)], 4: [(1, 4), (4, 6)]}, padri: [7, 7, 7, 14, 14, 14], figli: [4, 3, 2], mosse: [(5, 5, 1, 6, 6), (5, 5, 6, 5, 14), (5, 5, 5, 6), (6, 6, 8, 3), (6, 6, 7, 3, 7), (6, 6, 3, 8, 1)]
9 -> costo: 71823.3, rotte: {3: [(1, 2), (2, 8)], 6: [(1, 7), (7, 3)], 5: [(1, 5), (5, 6)], 2: [(1, 6)], 4: [(1, 4), (4, 6)]}, padri: [0, 0, 0], figli: [10, 10, 10, 12, 12, 12, 12, 12], mosse: [(3, 3, 1, 2, 5), (3, 3, 2, 8, 1), (3, 3, 8, 2)]
10 -> costo: 69956.6, rotte: {3: [(1, 2), (2, 8)], 6: [(1, 3), (3, 7)], 5: [(1, 5), (5, 6)], 2: [(1, 6)], 4: [(1, 4), (4, 6)]}, padri: [9, 9, 9, 19, 19, 19], figli: [11, 11, 11], mosse: [(6, 6, 1, 3, 7), (6, 6, 3, 7, 19), (6, 6, 7, 3), (3, 3, 1, 2, 5), (3, 3, 2, 8, 1), (3, 3, 8, 2)]
11 -> costo: 68171.40000000001, rotte: {3: [(1, 2), (2, 8)], 6: [(1, 3), (3, 7)], 5: [(1, 6), (6, 5)], 2: [(1, 6)], 4: [(1, 4), (4, 6)]}, padri: [10, 10, 10, 12, 12, 12], figli: [], mosse: [(5, 5, 1, 6, 6), (5, 5, 6, 5, 14), (5, 5, 5, 6), (6, 6, 1, 3, 7), (6, 6, 3, 7, 19), (6, 6, 7, 3)]
12 -> costo: 70038.1, rotte: {3: [(1, 2), (2, 8)], 6: [(1, 7), (7, 3)], 5: [(1, 6), (6, 5)], 2: [(1, 6)], 4: [(1, 4), (4, 6)]}, padri: [9, 9, 9], figli: [11, 11, 11], mosse: [(5, 5, 1, 6, 6), (5, 5, 6, 5, 14), (5, 5, 5, 6)]
13 -> costo: 72530.1, rotte: {3: [(1, 2)], 6: [(1, 7), (7, 8), (8, 3)], 5: [(1, 5), (5, 6)], 2: [(1, 6)], 4: [(1, 4), (4, 6)]}, padri: [0], figli: [6, 14, 14, 14, 1, 7, 7, 7], mosse: [(6, 3, 7, 8, 1)]
14 -> costo: 70744.90000000001, rotte: {3: [(1, 2)], 6: [(1, 7), (7, 8), (8, 3)], 5: [(1, 6), (6, 5)], 2: [(1, 6)], 4: [(1, 4), (4, 6)]}, padri: [13, 13, 13], figli: [4, 2, 8, 8, 8], mosse: [(5, 5, 1, 6, 6), (5, 5, 6, 5, 14), (5, 5, 5, 6)]
15 -> costo: 73182.2, rotte: {3: [(1, 2)], 6: [(1, 7), (7, 3)], 5: [(1, 5), (5, 6)], 2: [(1, 6)], 4: [(1, 4), (4, 8), (8, 6)]}, padri: [0], figli: [16, 16, 16, 18, 18, 18, 18, 18], mosse: [(4, 3, 4, 8, 1)]
16 -> costo: 71315.5, rotte: {3: [(1, 2)], 6: [(1, 3), (3, 7)], 5: [(1, 5), (5, 6)], 2: [(1, 6)], 4: [(1, 4), (4, 8), (8, 6)]}, padri: [15, 15, 15, 19], figli: [17, 17, 17], mosse: [(6, 6, 1, 3, 7), (6, 6, 3, 7, 19), (6, 6, 7, 3), (4, 3, 4, 8, 1)]
17 -> costo: 69530.29999999999, rotte: {3: [(1, 2)], 6: [(1, 3), (3, 7)], 5: [(1, 6), (6, 5)], 2: [(1, 6)], 4: [(1, 4), (4, 8), (8, 6)]}, padri: [16, 16, 16, 18, 18, 18], figli: [], mosse: [(5, 5, 1, 6, 6), (5, 5, 6, 5, 14), (5, 5, 5, 6), (6, 6, 1, 3, 7), (6, 6, 3, 7, 19), (6, 6, 7, 3)]
18 -> costo: 71397.0, rotte: {3: [(1, 2)], 6: [(1, 7), (7, 3)], 5: [(1, 6), (6, 5)], 2: [(1, 6)], 4: [(1, 4), (4, 8), (8, 6)]}, padri: [15, 15, 15], figli: [17, 17, 17], mosse: [(5, 5, 1, 6, 6), (5, 5, 6, 5, 14), (5, 5, 5, 6)]
19 -> costo: 74679.00000000001, rotte: {3: [(1, 8), (8, 2)], 6: [(1, 3), (3, 7)], 5: [(1, 5), (5, 6)], 2: [(1, 6)], 4: [(1, 4), (4, 6)]}, padri: [0], figli: [6, 10, 10, 10, 5, 16], mosse: [(6, 6, 1, 3, 7)]
bestSolutionIndice: 4
4 -> costo: 65616.1, rotte: {3: [(1, 2)], 6: [(1, 3), (3, 7), (7, 8)], 5: [(1, 6), (6, 5)], 2: [(1, 6)], 4: [(1, 4), (4, 6)]}, padri: [3, 3, 3, 6, 6, 6, 8, 14], figli: [], mosse: [(6, 6, 3, 7, 19), (6, 6, 7, 8, 1), (6, 6, 8, 7), (5, 5, 1, 6, 6), (5, 5, 6, 5, 14), (5, 5, 5, 6), (6, 6, 3, 7, 19), (6, 6, 1, 3, 7)]
trasportoPalletDiGamma: {3: [(2, 5)], 6: [(3, 7), (7, 19), (8, 1)], 5: [(6, 6), (5, 14)], 2: [(6, 10)], 4: [(4, 11), (6, 1)]}
itMosseLS: 77, itMosseTS: 75
time elapsed: 220.74s.


##########################################################################################
s: 1
dictSolutions[1]:
0 -> costo: 75989.59999999999, rotte: {5: [(1, 8), (8, 7)], 6: [(1, 6), (6, 2)], 2: [(1, 3), (3, 5)], 4: [(1, 4), (4, 5)], 3: [(1, 5)]}, padri: [-1], figli: [1, 1, 6, 6, 6, 6, 15, 15, 15], mosse: [-1]
1 -> costo: 71971.29999999999, rotte: {5: [(1, 8), (8, 7)], 6: [(1, 6), (6, 2)], 2: [(1, 3)], 4: [(1, 4), (4, 5)], 3: [(1, 5)]}, padri: [0, 0], figli: [2, 2, 2, 5, 5, 5, 5, 5, 7, 7, 7], mosse: [(4, 2, 1, 5, 3), (4, 2, 4, 5, 3)]
2 -> costo: 69595.79999999999, rotte: {5: [(1, 8), (8, 7)], 6: [(1, 2), (2, 6)], 2: [(1, 3)], 4: [(1, 4), (4, 5)], 3: [(1, 5)]}, padri: [1, 1, 1, 6, 6], figli: [3, 3, 3, 4, 4, 4, 8, 8, 8, 11], mosse: [(6, 6, 1, 2, 5), (6, 6, 2, 6, 17), (6, 6, 6, 2), (4, 2, 1, 5, 3), (4, 2, 4, 5, 3)]
3 -> costo: 67850.4, rotte: {5: [(1, 7), (7, 8)], 6: [(1, 2), (2, 6)], 2: [(1, 3)], 4: [(1, 4), (4, 5)], 3: [(1, 5)]}, padri: [2, 2, 2, 5, 5, 5, 7, 7], figli: [], mosse: [(5, 5, 1, 7, 19), (5, 5, 7, 8, 1), (5, 5, 8, 7), (6, 6, 1, 2, 5), (6, 6, 2, 6, 17), (6, 6, 6, 2), (4, 2, 1, 5, 3), (4, 2, 4, 5, 3)]
4 -> costo: 68362.29999999999, rotte: {5: [(1, 7)], 6: [(1, 2), (2, 6), (6, 8)], 2: [(1, 3)], 4: [(1, 4), (4, 5)], 3: [(1, 5)]}, padri: [2, 10, 10], figli: [], mosse: [(6, 5, 6, 8, 1), (4, 2, 1, 5, 3), (4, 2, 4, 5, 3)]
5 -> costo: 70225.9, rotte: {5: [(1, 7), (7, 8)], 6: [(1, 6), (6, 2)], 2: [(1, 3)], 4: [(1, 4), (4, 5)], 3: [(1, 5)]}, padri: [1, 1, 1, 15, 15], figli: [3, 3, 3, 8, 8, 8], mosse: [(5, 5, 1, 7, 19), (5, 5, 7, 8, 1), (5, 5, 8, 7), (4, 2, 1, 5, 3), (4, 2, 4, 5, 3)]
6 -> costo: 73614.09999999999, rotte: {5: [(1, 8), (8, 7)], 6: [(1, 2), (2, 6)], 2: [(1, 3), (3, 5)], 4: [(1, 4), (4, 5)], 3: [(1, 5)]}, padri: [0, 0, 0], figli: [2, 2, 7, 7, 7, 7, 10, 10, 10, 13, 16, 16, 16], mosse: [(6, 6, 1, 2, 5), (6, 6, 2, 6, 17), (6, 6, 6, 2)]
7 -> costo: 71868.7, rotte: {5: [(1, 7), (7, 8)], 6: [(1, 2), (2, 6)], 2: [(1, 3), (3, 5)], 4: [(1, 4), (4, 5)], 3: [(1, 5)]}, padri: [6, 6, 6, 15, 15, 15], figli: [3, 3, 8, 8, 23], mosse: [(5, 5, 1, 7, 19), (5, 5, 7, 8, 1), (5, 5, 8, 7), (6, 6, 1, 2, 5), (6, 6, 2, 6, 17), (6, 6, 6, 2)]
8 -> costo: 71508.29999999999, rotte: {5: [(1, 7), (7, 8)], 6: [(1, 2), (2, 3), (3, 6)], 2: [(1, 5)], 4: [(1, 4), (4, 5)], 3: [(1, 5)]}, padri: [7, 13, 13, 13, 22, 22, 22, 26], figli: [9, 19], mosse: [(6, 2, 2, 3, 7), (5, 5, 1, 7, 19), (5, 5, 7, 8, 1), (5, 5, 8, 7), (6, 6, 2, 3, 7), (6, 6, 3, 6, 17), (6, 6, 6, 3), (6, 2, 1, 2, 5)]
9 -> costo: 64388.799999999996, rotte: {5: [(1, 7), (7, 8)], 6: [(1, 2), (2, 3), (3, 6)], 2: [(1, 5)], 4: [(1, 4)], 3: [(1, 5)]}, padri: [8, 14, 14, 14, 18, 18, 18, 20, 21], figli: [], mosse: [(2, 4, 1, 5, 1), (5, 5, 1, 7, 19), (5, 5, 7, 8, 1), (5, 5, 8, 7), (6, 6, 2, 3, 7), (6, 6, 3, 6, 17), (6, 6, 6, 3), (6, 2, 1, 2, 5), (6, 6, 2, 3, 7)]
10 -> costo: 72380.59999999999, rotte: {5: [(1, 7)], 6: [(1, 2), (2, 6), (6, 8)], 2: [(1, 3), (3, 5)], 4: [(1, 4), (4, 5)], 3: [(1, 5)]}, padri: [6], figli: [4, 4, 11, 11], mosse: [(6, 5, 6, 8, 1)]
11 -> costo: 72020.2, rotte: {5: [(1, 7)], 6: [(1, 2), (2, 3), (3, 6), (6, 8)], 2: [(1, 5)], 4: [(1, 4), (4, 5)], 3: [(1, 5)]}, padri: [10, 13], figli: [12], mosse: [(6, 2, 2, 3, 7), (6, 5, 6, 8, 1)]
12 -> costo: 64900.700000000004, rotte: {5: [(1, 7)], 6: [(1, 2), (2, 3), (3, 6), (6, 8)], 2: [(1, 5)], 4: [(1, 4)], 3: [(1, 5)]}, padri: [11, 14], figli: [], mosse: [(2, 4, 1, 5, 1), (6, 5, 6, 8, 1)]
13 -> costo: 73253.7, rotte: {5: [(1, 8), (8, 7)], 6: [(1, 2), (2, 3), (3, 6)], 2: [(1, 5)], 4: [(1, 4), (4, 5)], 3: [(1, 5)]}, padri: [6], figli: [14, 8, 8, 8, 11, 23, 23, 23], mosse: [(6, 2, 2, 3, 7)]
14 -> costo: 66134.2, rotte: {5: [(1, 8), (8, 7)], 6: [(1, 2), (2, 3), (3, 6)], 2: [(1, 5)], 4: [(1, 4)], 3: [(1, 5)]}, padri: [13], figli: [9, 9, 9, 12, 19, 19, 19], mosse: [(2, 4, 1, 5, 1)]
15 -> costo: 74244.2, rotte: {5: [(1, 7), (7, 8)], 6: [(1, 6), (6, 2)], 2: [(1, 3), (3, 5)], 4: [(1, 4), (4, 5)], 3: [(1, 5)]}, padri: [0], figli: [5, 5, 7, 7, 7, 16, 16, 16], mosse: [(5, 5, 1, 7, 19)]
16 -> costo: 73883.79999999999, rotte: {5: [(1, 7), (7, 8)], 6: [(1, 6), (6, 3), (3, 2)], 2: [(1, 5)], 4: [(1, 4), (4, 5)], 3: [(1, 5)]}, padri: [15], figli: [17, 22], mosse: [(6, 2, 6, 3, 7)]
17 -> costo: 66764.29999999999, rotte: {5: [(1, 7), (7, 8)], 6: [(1, 6), (6, 3), (3, 2)], 2: [(1, 5)], 4: [(1, 4)], 3: [(1, 5)]}, padri: [16], figli: [18, 21], mosse: [(2, 4, 1, 5, 1)]
18 -> costo: 66075.09999999999, rotte: {5: [(1, 7), (7, 8)], 6: [(1, 2), (2, 6), (6, 3)], 2: [(1, 5)], 4: [(1, 4)], 3: [(1, 5)]}, padri: [17, 21, 22], figli: [9, 9, 9, 19, 19, 19, 24], mosse: [(6, 6, 1, 2, 5), (6, 6, 6, 3, 7), (2, 4, 1, 5, 1)]
19 -> costo: 66024.9, rotte: {5: [(1, 7), (7, 8)], 6: [(1, 6), (6, 3)], 2: [(1, 2), (2, 5)], 4: [(1, 4)], 3: [(1, 5)]}, padri: [18, 23, 23], figli: [20, 20, 20], mosse: [(2, 6, 1, 2, 5), (2, 4, 1, 5, 1), (2, 4, 2, 5, 1)]
20 -> costo: 64773.799999999996, rotte: {5: [(1, 7), (7, 8)], 6: [(1, 3), (3, 6)], 2: [(1, 2), (2, 5)], 4: [(1, 4)], 3: [(1, 5)]}, padri: [19, 19, 19, 26, 26], figli: [9], mosse: [(6, 6, 1, 3, 7), (6, 6, 3, 6, 17), (6, 6, 6, 3), (2, 4, 1, 5, 1), (2, 4, 2, 5, 1)]
21 -> costo: 66159.7, rotte: {5: [(1, 7), (7, 8)], 6: [(1, 3), (3, 2), (2, 6)], 2: [(1, 5)], 4: [(1, 4)], 3: [(1, 5)]}, padri: [17], figli: [9, 18], mosse: [(6, 6, 2, 6, 17)]
22 -> costo: 73194.59999999999, rotte: {5: [(1, 7), (7, 8)], 6: [(1, 2), (2, 6), (6, 3)], 2: [(1, 5)], 4: [(1, 4), (4, 5)], 3: [(1, 5)]}, padri: [16], figli: [18, 8, 8, 8, 23, 23, 23], mosse: [(6, 6, 1, 2, 5)]
23 -> costo: 73144.4, rotte: {5: [(1, 7), (7, 8)], 6: [(1, 6), (6, 3)], 2: [(1, 2), (2, 5)], 4: [(1, 4), (4, 5)], 3: [(1, 5)]}, padri: [22], figli: [19, 19, 24, 24, 24, 26, 26], mosse: [(2, 6, 1, 2, 5)]
24 -> costo: 68454.99999999999, rotte: {5: [(1, 7), (7, 8)], 6: [(1, 6), (6, 3)], 2: [(1, 2)], 4: [(1, 4), (4, 5)], 3: [(1, 5)]}, padri: [23, 23], figli: [25, 25, 25], mosse: [(4, 2, 1, 5, 3), (4, 2, 4, 5, 3)]
25 -> costo: 67203.9, rotte: {5: [(1, 7), (7, 8)], 6: [(1, 3), (3, 6)], 2: [(1, 2)], 4: [(1, 4), (4, 5)], 3: [(1, 5)]}, padri: [24, 24, 24, 26, 26], figli: [], mosse: [(6, 6, 1, 3, 7), (6, 6, 3, 6, 17), (6, 6, 6, 3), (4, 2, 1, 5, 3), (4, 2, 4, 5, 3)]
26 -> costo: 71893.29999999999, rotte: {5: [(1, 7), (7, 8)], 6: [(1, 3), (3, 6)], 2: [(1, 2), (2, 5)], 4: [(1, 4), (4, 5)], 3: [(1, 5)]}, padri: [23], figli: [20, 20, 25, 25, 8], mosse: [(6, 6, 1, 3, 7)]
bestSolutionIndice: 9
9 -> costo: 64388.799999999996, rotte: {5: [(1, 7), (7, 8)], 6: [(1, 2), (2, 3), (3, 6)], 2: [(1, 5)], 4: [(1, 4)], 3: [(1, 5)]}, padri: [8, 14, 14, 14, 18, 18, 18, 20, 21], figli: [], mosse: [(2, 4, 1, 5, 1), (5, 5, 1, 7, 19), (5, 5, 7, 8, 1), (5, 5, 8, 7), (6, 6, 2, 3, 7), (6, 6, 3, 6, 17), (6, 6, 6, 3), (6, 2, 1, 2, 5), (6, 6, 2, 3, 7)]
trasportoPalletDiGamma: {5: [(7, 19), (8, 1)], 6: [(2, 5), (3, 7), (6, 17)], 2: [(5, 4)], 4: [(4, 11)], 3: [(5, 10)]}
itMosseLS: 81, itMosseTS: 75
time elapsed: 153.44s.


##########################################################################################
s: 1
dictSolutions[1]:
0 -> costo: 71369.8, rotte: {2: [(1, 6)], 3: [(1, 2), (2, 3)], 6: [(1, 8), (8, 7), (7, 6)], 4: [(1, 4), (4, 6)], 5: [(1, 5), (5, 3)]}, padri: [-1], figli: [1, 1, 1], mosse: [-1]
1 -> costo: 68332.4, rotte: {2: [(1, 6)], 3: [(1, 2), (2, 3)], 6: [(1, 8), (8, 7), (7, 6)], 4: [(1, 4), (4, 6)], 5: [(1, 3), (3, 5)]}, padri: [0, 0, 0], figli: [], mosse: [(5, 5, 5, 3), (5, 5, 1, 3, 2), (5, 5, 3, 5, 14)]
bestSolutionIndice: 1
1 -> costo: 68332.4, rotte: {2: [(1, 6)], 3: [(1, 2), (2, 3)], 6: [(1, 8), (8, 7), (7, 6)], 4: [(1, 4), (4, 6)], 5: [(1, 3), (3, 5)]}, padri: [0, 0, 0], figli: [], mosse: [(5, 5, 5, 3), (5, 5, 1, 3, 2), (5, 5, 3, 5, 14)]
trasportoPalletDiGamma: {2: [(6, 10)], 3: [(2, 5), (3, 5)], 6: [(8, 1), (7, 19), (6, 3)], 4: [(4, 11), (6, 4)], 5: [(3, 2), (5, 14)]}
itMosseLS: 3, itMosseTS: 3
time elapsed: 7.67s.


