itNSIMax: 5, itMosseTSMax: 100.
##########################################################################################
s: 1
dictSolutions[1]:
0 -> costo: 74270.2, rotte: {2: [(1, 7)], 5: [(1, 5), (5, 6)], 4: [(1, 4), (4, 3)], 6: [(1, 8), (8, 7), (7, 3), (3, 6)], 3: [(1, 2), (2, 6)]}, padri: [-1], figli: [1], mosse: [-1]
1 -> costo: 70880.79999999999, rotte: {2: [(1, 7)], 5: [(1, 5), (5, 6)], 4: [(1, 4)], 6: [(1, 8), (8, 7), (7, 3), (3, 6)], 3: [(1, 2), (2, 6)]}, padri: [0], figli: [2], mosse: [(6, 4, 1, 3, 4)]
2 -> costo: 68306.0, rotte: {2: [(1, 7)], 5: [(1, 5)], 4: [(1, 4)], 6: [(1, 8), (8, 7), (7, 3), (3, 6)], 3: [(1, 2), (2, 6)]}, padri: [1], figli: [3, 3, 8, 8, 23, 24, 24, 32, 32, 43], mosse: [(6, 5, 1, 6, 6)]
3 -> costo: 66862.9, rotte: {2: [(1, 7)], 5: [(1, 5)], 4: [(1, 4)], 6: [(1, 8), (8, 7), (7, 6), (6, 3)], 3: [(1, 2), (2, 6)]}, padri: [2, 2, 21, 23, 31], figli: [4], mosse: [(6, 6, 7, 6, 12), (6, 6, 6, 3, 7), (6, 6, 1, 8, 1), (6, 6, 7, 6, 12), (6, 6, 6, 3, 7)]
4 -> costo: 66812.7, rotte: {2: [(1, 7)], 5: [(1, 2), (2, 5)], 4: [(1, 4)], 6: [(1, 8), (8, 7), (7, 6), (6, 3)], 3: [(1, 6)]}, padri: [3, 18, 32, 41, 43], figli: [5], mosse: [(5, 3, 1, 2, 5), (6, 6, 1, 8, 1), (6, 6, 6, 3, 7), (6, 6, 7, 6, 12), (6, 6, 7, 6, 12)]
5 -> costo: 65579.2, rotte: {2: [(1, 7)], 5: [(1, 2), (2, 5)], 4: [(1, 4)], 6: [(1, 7), (7, 6), (6, 3)], 3: [(1, 6), (6, 8)]}, padri: [4], figli: [6], mosse: [(3, 6, 6, 8, 1)]
6 -> costo: 64290.100000000006, rotte: {2: [(1, 7)], 5: [(1, 2), (2, 5)], 4: [(1, 4)], 6: [(1, 3), (3, 7), (7, 6)], 3: [(1, 6), (6, 8)]}, padri: [5], figli: [7, 7, 7], mosse: [(6, 6, 1, 3, 7)]
7 -> costo: 63717.100000000006, rotte: {2: [(1, 7)], 5: [(1, 2), (2, 5)], 4: [(1, 4)], 6: [(1, 3), (3, 6), (6, 7)], 3: [(1, 6), (6, 8)]}, padri: [6, 6, 6, 42], figli: [], mosse: [(6, 6, 3, 6, 12), (6, 6, 6, 7, 9), (6, 6, 7, 6), (6, 6, 1, 3, 7)]
8 -> costo: 67072.5, rotte: {2: [(1, 7)], 5: [(1, 5)], 4: [(1, 4)], 6: [(1, 7), (7, 3), (3, 6), (6, 8)], 3: [(1, 2), (2, 6)]}, padri: [2], figli: [9, 11, 12, 13, 14, 16, 21, 31], mosse: [(6, 6, 6, 8, 1)]
9 -> costo: 63255.4, rotte: {2: [(1, 7)], 5: [(1, 5)], 4: [(1, 4)], 6: [(1, 3), (3, 6), (6, 7), (7, 8)], 3: [(1, 2), (2, 6)]}, padri: [8, 11, 13, 13, 13, 22, 34], figli: [10, 15, 17, 20, 36, 37], mosse: [(6, 6, 6, 7, 9), (6, 6, 6, 7, 9), (6, 6, 6, 7, 9), (6, 6, 7, 8, 1), (6, 6, 8, 7), (6, 6, 3, 6, 12), (6, 6, 3, 6, 12)]
10 -> costo: 63205.2, rotte: {2: [(1, 7)], 5: [(1, 2), (2, 5)], 4: [(1, 4)], 6: [(1, 3), (3, 6), (6, 7), (7, 8)], 3: [(1, 6)]}, padri: [9, 12, 14, 14, 14, 15, 16, 17, 19, 20, 33, 35, 36, 37], figli: [], mosse: [(5, 3, 1, 2, 5), (6, 6, 6, 7, 9), (6, 6, 6, 7, 9), (6, 6, 7, 8, 1), (6, 6, 8, 7), (6, 6, 6, 7, 9), (6, 6, 6, 7, 9), (6, 6, 6, 7, 9), (6, 6, 3, 6, 12), (6, 6, 6, 7, 9), (6, 6, 6, 7, 9), (6, 6, 3, 6, 12), (6, 6, 6, 7, 9), (6, 6, 6, 7, 9)]
11 -> costo: 64340.3, rotte: {2: [(1, 7)], 5: [(1, 5)], 4: [(1, 4)], 6: [(1, 3), (3, 7), (7, 6), (6, 8)], 3: [(1, 2), (2, 6)]}, padri: [8, 13, 22, 31, 34, 34], figli: [9, 12], mosse: [(6, 6, 3, 7, 9), (6, 6, 3, 7, 9), (6, 6, 7, 6, 12), (6, 6, 6, 8, 1), (6, 6, 7, 6, 12), (6, 6, 6, 8, 1)]
12 -> costo: 64290.100000000006, rotte: {2: [(1, 7)], 5: [(1, 2), (2, 5)], 4: [(1, 4)], 6: [(1, 3), (3, 7), (7, 6), (6, 8)], 3: [(1, 6)]}, padri: [8, 11], figli: [10, 15, 17, 20, 36, 37], mosse: [(5, 3, 1, 2, 5)]
13 -> costo: 66573.20000000001, rotte: {2: [(1, 7)], 5: [(1, 5)], 4: [(1, 4)], 6: [(1, 3), (3, 6), (6, 8), (8, 7)], 3: [(1, 2), (2, 6)]}, padri: [8, 30, 31], figli: [9, 9, 9, 11, 14, 18], mosse: [(6, 6, 8, 7, 9), (6, 6, 6, 8, 1), (6, 6, 3, 6, 12)]
14 -> costo: 66523.0, rotte: {2: [(1, 7)], 5: [(1, 2), (2, 5)], 4: [(1, 4)], 6: [(1, 3), (3, 6), (6, 8), (8, 7)], 3: [(1, 6)]}, padri: [13, 16, 32, 38], figli: [10, 10, 10, 15, 15, 15, 17, 17, 17, 20, 20, 20, 36, 36, 36, 37, 37, 37], mosse: [(5, 3, 1, 2, 5), (6, 6, 8, 7, 9), (6, 6, 3, 6, 12), (6, 6, 6, 8, 1)]
15 -> costo: 64290.100000000006, rotte: {2: [(1, 7)], 5: [(1, 2), (2, 5)], 4: [(1, 4)], 6: [(1, 3), (3, 7), (7, 6), (6, 8)], 3: [(1, 6)]}, padri: [9, 12, 14, 14, 14], figli: [10, 17, 20, 36, 37], mosse: [(6, 6, 3, 7, 9)]
16 -> costo: 67022.3, rotte: {2: [(1, 7)], 5: [(1, 2), (2, 5)], 4: [(1, 4)], 6: [(1, 7), (7, 3), (3, 6), (6, 8)], 3: [(1, 6)]}, padri: [8], figli: [10, 17, 14, 18, 20, 36, 37], mosse: [(5, 3, 1, 2, 5)]
17 -> costo: 64290.100000000006, rotte: {2: [(1, 7)], 5: [(1, 2), (2, 5)], 4: [(1, 4)], 6: [(1, 3), (3, 7), (7, 6), (6, 8)], 3: [(1, 6)]}, padri: [9, 12, 14, 14, 14, 15, 16], figli: [10, 20, 36, 37], mosse: [(6, 6, 3, 7, 9)]
18 -> costo: 66976.1, rotte: {2: [(1, 7)], 5: [(1, 2), (2, 5)], 4: [(1, 4)], 6: [(1, 7), (7, 6), (6, 3), (3, 8)], 3: [(1, 6)]}, padri: [16, 21], figli: [19, 4], mosse: [(6, 6, 6, 3, 7), (5, 3, 1, 2, 5)]
19 -> costo: 65894.8, rotte: {2: [(1, 7)], 5: [(1, 2), (2, 5)], 4: [(1, 4)], 6: [(1, 6), (6, 3), (3, 7), (7, 8)], 3: [(1, 6)]}, padri: [18, 22, 25, 35], figli: [10, 20, 36, 37], mosse: [(6, 6, 3, 7, 9), (5, 3, 1, 2, 5), (6, 6, 3, 7, 9), (6, 6, 1, 6, 12)]
20 -> costo: 64290.100000000006, rotte: {2: [(1, 7)], 5: [(1, 2), (2, 5)], 4: [(1, 4)], 6: [(1, 3), (3, 7), (7, 6), (6, 8)], 3: [(1, 6)]}, padri: [9, 12, 14, 14, 14, 15, 16, 17, 19], figli: [10, 36, 37], mosse: [(6, 6, 7, 6, 12)]
21 -> costo: 67026.3, rotte: {2: [(1, 7)], 5: [(1, 5)], 4: [(1, 4)], 6: [(1, 7), (7, 6), (6, 3), (3, 8)], 3: [(1, 2), (2, 6)]}, padri: [8], figli: [22, 3, 18, 24, 25, 32, 35], mosse: [(6, 6, 6, 3, 7)]
22 -> costo: 65945.0, rotte: {2: [(1, 7)], 5: [(1, 5)], 4: [(1, 4)], 6: [(1, 6), (6, 3), (3, 7), (7, 8)], 3: [(1, 2), (2, 6)]}, padri: [21, 24, 34], figli: [9, 11, 19], mosse: [(6, 6, 3, 7, 9), (6, 6, 3, 7, 9), (6, 6, 1, 6, 12)]
23 -> costo: 67940.1, rotte: {2: [(1, 7)], 5: [(1, 5)], 4: [(1, 4)], 6: [(1, 8), (8, 6), (6, 7), (7, 3)], 3: [(1, 2), (2, 6)]}, padri: [2], figli: [3, 24, 26, 30, 32, 39, 41], mosse: [(6, 6, 8, 6, 12)]
24 -> costo: 66992.9, rotte: {2: [(1, 7)], 5: [(1, 5)], 4: [(1, 4)], 6: [(1, 6), (6, 7), (7, 3), (3, 8)], 3: [(1, 2), (2, 6)]}, padri: [23, 39], figli: [22, 25, 35], mosse: [(6, 6, 3, 8, 1), (6, 5, 3, 8, 1)]
25 -> costo: 66942.7, rotte: {2: [(1, 7)], 5: [(1, 2), (2, 5)], 4: [(1, 4)], 6: [(1, 6), (6, 7), (7, 3), (3, 8)], 3: [(1, 6)]}, padri: [24, 41], figli: [19], mosse: [(5, 3, 1, 2, 5), (6, 6, 3, 8, 1)]
26 -> costo: 67186.5, rotte: {2: [(1, 7)], 5: [(1, 5), (5, 8)], 4: [(1, 4)], 6: [(1, 6), (6, 7), (7, 3)], 3: [(1, 2), (2, 6)]}, padri: [23, 39, 39, 39], figli: [27, 29], mosse: [(5, 6, 5, 8, 1), (5, 5, 1, 5, 14), (5, 5, 5, 8, 1), (5, 5, 8, 5)]
27 -> costo: 65357.8, rotte: {2: [(1, 7)], 5: [(1, 5), (5, 8)], 4: [(1, 4)], 6: [(1, 3), (3, 6), (6, 7)], 3: [(1, 2), (2, 6)]}, padri: [26, 40, 40, 40], figli: [28], mosse: [(6, 6, 1, 3, 7), (5, 5, 1, 5, 14), (5, 5, 5, 8, 1), (5, 5, 8, 5)]
28 -> costo: 65307.600000000006, rotte: {2: [(1, 7)], 5: [(1, 2), (2, 5), (5, 8)], 4: [(1, 4)], 6: [(1, 3), (3, 6), (6, 7)], 3: [(1, 6)]}, padri: [27, 29], figli: [], mosse: [(5, 3, 1, 2, 5), (6, 6, 1, 3, 7)]
29 -> costo: 67136.3, rotte: {2: [(1, 7)], 5: [(1, 2), (2, 5), (5, 8)], 4: [(1, 4)], 6: [(1, 6), (6, 7), (7, 3)], 3: [(1, 6)]}, padri: [26, 41], figli: [28], mosse: [(5, 3, 1, 2, 5), (5, 6, 5, 8, 1)]
30 -> costo: 67604.20000000001, rotte: {2: [(1, 7)], 5: [(1, 5)], 4: [(1, 4)], 6: [(1, 3), (3, 8), (8, 6), (6, 7)], 3: [(1, 2), (2, 6)]}, padri: [23], figli: [13, 31, 34, 38], mosse: [(6, 6, 1, 3, 7)]
31 -> costo: 67104.6, rotte: {2: [(1, 7)], 5: [(1, 5)], 4: [(1, 4)], 6: [(1, 3), (3, 8), (8, 7), (7, 6)], 3: [(1, 2), (2, 6)]}, padri: [30, 34], figli: [11, 13, 3, 32], mosse: [(6, 6, 6, 7), (6, 6, 8, 7, 9)]
32 -> costo: 67054.40000000001, rotte: {2: [(1, 7)], 5: [(1, 2), (2, 5)], 4: [(1, 4)], 6: [(1, 3), (3, 8), (8, 7), (7, 6)], 3: [(1, 6)]}, padri: [31, 35, 38], figli: [33, 14, 4], mosse: [(5, 3, 1, 2, 5), (6, 6, 8, 7, 9), (6, 6, 6, 7)]
33 -> costo: 64290.100000000006, rotte: {2: [(1, 7)], 5: [(1, 2), (2, 5)], 4: [(1, 4)], 6: [(1, 3), (3, 7), (7, 6), (6, 8)], 3: [(1, 6)]}, padri: [32], figli: [10, 36, 37], mosse: [(6, 6, 6, 8, 1)]
34 -> costo: 67133.9, rotte: {2: [(1, 7)], 5: [(1, 5)], 4: [(1, 4)], 6: [(1, 3), (3, 7), (7, 8), (8, 6)], 3: [(1, 2), (2, 6)]}, padri: [30], figli: [9, 11, 11, 22, 35, 31], mosse: [(6, 6, 3, 7, 9)]
35 -> costo: 67083.7, rotte: {2: [(1, 7)], 5: [(1, 2), (2, 5)], 4: [(1, 4)], 6: [(1, 3), (3, 7), (7, 8), (8, 6)], 3: [(1, 6)]}, padri: [34, 38], figli: [10, 36, 37, 19, 32], mosse: [(5, 3, 1, 2, 5), (6, 6, 3, 7, 9)]
36 -> costo: 64290.100000000006, rotte: {2: [(1, 7)], 5: [(1, 2), (2, 5)], 4: [(1, 4)], 6: [(1, 3), (3, 7), (7, 6), (6, 8)], 3: [(1, 6)]}, padri: [9, 12, 14, 14, 14, 15, 16, 17, 19, 20, 33, 35], figli: [10], mosse: [(6, 6, 7, 6, 12)]
37 -> costo: 64290.100000000006, rotte: {2: [(1, 7)], 5: [(1, 2), (2, 5)], 4: [(1, 4)], 6: [(1, 3), (3, 7), (7, 6), (6, 8)], 3: [(1, 6)]}, padri: [9, 12, 14, 14, 14, 15, 16, 17, 19, 20, 33, 35], figli: [10], mosse: [(6, 6, 6, 8, 1)]
38 -> costo: 67554.0, rotte: {2: [(1, 7)], 5: [(1, 2), (2, 5)], 4: [(1, 4)], 6: [(1, 3), (3, 8), (8, 6), (6, 7)], 3: [(1, 6)]}, padri: [30, 41], figli: [14, 32, 35], mosse: [(5, 3, 1, 2, 5), (6, 6, 1, 3, 7)]
39 -> costo: 67753.5, rotte: {2: [(1, 7)], 5: [(1, 8), (8, 5)], 4: [(1, 4)], 6: [(1, 6), (6, 7), (7, 3)], 3: [(1, 2), (2, 6)]}, padri: [23], figli: [40, 24, 26, 26, 26], mosse: [(5, 6, 1, 8, 1)]
40 -> costo: 65924.8, rotte: {2: [(1, 7)], 5: [(1, 8), (8, 5)], 4: [(1, 4)], 6: [(1, 3), (3, 6), (6, 7)], 3: [(1, 2), (2, 6)]}, padri: [39], figli: [27, 27, 27], mosse: [(6, 6, 1, 3, 7)]
41 -> costo: 67889.9, rotte: {2: [(1, 7)], 5: [(1, 2), (2, 5)], 4: [(1, 4)], 6: [(1, 8), (8, 6), (6, 7), (7, 3)], 3: [(1, 6)]}, padri: [23], figli: [42, 4, 25, 29, 38], mosse: [(5, 3, 1, 2, 5)]
42 -> costo: 65545.8, rotte: {2: [(1, 7)], 5: [(1, 2), (2, 5)], 4: [(1, 4)], 6: [(1, 6), (6, 7), (7, 3)], 3: [(1, 6), (6, 8)]}, padri: [41], figli: [7], mosse: [(3, 6, 6, 8, 1)]
43 -> costo: 68255.8, rotte: {2: [(1, 7)], 5: [(1, 2), (2, 5)], 4: [(1, 4)], 6: [(1, 8), (8, 7), (7, 3), (3, 6)], 3: [(1, 6)]}, padri: [2], figli: [4], mosse: [(5, 3, 1, 2, 5)]
bestSolutionIndice: 10
10 -> costo: 63205.2, rotte: {2: [(1, 7)], 5: [(1, 2), (2, 5)], 4: [(1, 4)], 6: [(1, 3), (3, 6), (6, 7), (7, 8)], 3: [(1, 6)]}, padri: [9, 12, 14, 14, 14, 15, 16, 17, 19, 20, 33, 35, 36, 37], figli: [], mosse: [(5, 3, 1, 2, 5), (6, 6, 6, 7, 9), (6, 6, 6, 7, 9), (6, 6, 7, 8, 1), (6, 6, 8, 7), (6, 6, 6, 7, 9), (6, 6, 6, 7, 9), (6, 6, 6, 7, 9), (6, 6, 3, 6, 12), (6, 6, 6, 7, 9), (6, 6, 6, 7, 9), (6, 6, 3, 6, 12), (6, 6, 6, 7, 9), (6, 6, 6, 7, 9)]
trasportoPalletDiGamma: {2: [(7, 10)], 5: [(2, 5), (5, 14)], 4: [(4, 11)], 6: [(3, 7), (6, 12), (7, 9), (8, 1)], 3: [(6, 5)]}
itMosseLS: 104, itMosseTS: 100
time elapsed: 261.61s.


##########################################################################################
s: 1
dictSolutions[1]:
0 -> costo: 77216.5, rotte: {3: [(1, 8), (8, 4)], 2: [(1, 2), (2, 5)], 4: [(1, 3), (3, 4)], 6: [(1, 6), (6, 5)], 5: [(1, 7)]}, padri: [-1], figli: [1, 7, 10, 13, 14, 22], mosse: [-1]
1 -> costo: 67081.8, rotte: {3: [(1, 4)], 2: [(1, 2), (2, 5)], 4: [(1, 3), (3, 4)], 6: [(1, 6), (6, 5)], 5: [(1, 7), (7, 8)]}, padri: [0, 7, 7, 7, 13], figli: [2, 2, 2, 4, 4, 4, 5, 9, 9, 9, 12], mosse: [(5, 3, 7, 8, 1), (5, 5, 1, 7, 19), (5, 5, 7, 8, 1), (5, 5, 8, 7), (5, 6, 7, 8, 1)]
2 -> costo: 65087.299999999996, rotte: {3: [(1, 4)], 2: [(1, 2), (2, 5)], 4: [(1, 4), (4, 3)], 6: [(1, 6), (6, 5)], 5: [(1, 7), (7, 8)]}, padri: [1, 1, 1, 8, 8, 8, 14], figli: [3], mosse: [(4, 4, 3, 4), (4, 4, 1, 4, 2), (4, 4, 4, 3, 7), (5, 5, 1, 7, 19), (5, 5, 7, 8, 1), (5, 5, 8, 7), (5, 6, 7, 8, 1)]
3 -> costo: 64750.89999999999, rotte: {3: [(1, 4)], 2: [(1, 5)], 4: [(1, 4), (4, 2), (2, 3)], 6: [(1, 6), (6, 5)], 5: [(1, 7), (7, 8)]}, padri: [2, 4, 6, 6, 6, 9, 9, 9, 19, 21], figli: [], mosse: [(4, 2, 4, 2, 5), (4, 4, 1, 4, 2), (4, 4, 4, 2, 5), (4, 4, 2, 3, 7), (4, 4, 3, 2), (5, 5, 1, 7, 19), (5, 5, 7, 8, 1), (5, 5, 8, 7), (5, 6, 7, 8, 1), (5, 2, 7, 8, 1)]
4 -> costo: 66696.8, rotte: {3: [(1, 4)], 2: [(1, 5)], 4: [(1, 2), (2, 3), (3, 4)], 6: [(1, 6), (6, 5)], 5: [(1, 7), (7, 8)]}, padri: [1, 5, 10, 10, 10, 26, 28], figli: [3], mosse: [(4, 2, 1, 2, 5), (4, 4, 2, 3, 7), (5, 5, 1, 7, 19), (5, 5, 7, 8, 1), (5, 5, 8, 7), (5, 6, 7, 8, 1), (5, 2, 7, 8, 1)]
5 -> costo: 66745.40000000001, rotte: {3: [(1, 4)], 2: [(1, 5)], 4: [(1, 3), (3, 2), (2, 4)], 6: [(1, 6), (6, 5)], 5: [(1, 7), (7, 8)]}, padri: [1, 11, 11, 11, 32], figli: [6, 4], mosse: [(4, 2, 3, 2, 5), (5, 5, 1, 7, 19), (5, 5, 7, 8, 1), (5, 5, 8, 7), (5, 6, 7, 8, 1)]
6 -> costo: 65826.7, rotte: {3: [(1, 4)], 2: [(1, 5)], 4: [(1, 4), (4, 3), (3, 2)], 6: [(1, 6), (6, 5)], 5: [(1, 7), (7, 8)]}, padri: [5, 12, 12, 12], figli: [3, 3, 3], mosse: [(4, 4, 1, 4, 2), (5, 5, 1, 7, 19), (5, 5, 7, 8, 1), (5, 5, 8, 7)]
7 -> costo: 68827.2, rotte: {3: [(1, 4)], 2: [(1, 2), (2, 5)], 4: [(1, 3), (3, 4)], 6: [(1, 6), (6, 5)], 5: [(1, 8), (8, 7)]}, padri: [0, 13], figli: [8, 8, 8, 1, 1, 1, 10, 10, 10, 11, 14, 14, 14, 15, 15, 15, 29, 30], mosse: [(5, 3, 1, 8, 1), (5, 6, 1, 8, 1)]
8 -> costo: 66832.7, rotte: {3: [(1, 4)], 2: [(1, 2), (2, 5)], 4: [(1, 4), (4, 3)], 6: [(1, 6), (6, 5)], 5: [(1, 8), (8, 7)]}, padri: [7, 7, 7, 14], figli: [2, 2, 2, 9, 9, 9], mosse: [(4, 4, 3, 4), (4, 4, 1, 4, 2), (4, 4, 4, 3, 7), (5, 6, 1, 8, 1)]
9 -> costo: 66496.29999999999, rotte: {3: [(1, 4)], 2: [(1, 5)], 4: [(1, 4), (4, 2), (2, 3)], 6: [(1, 6), (6, 5)], 5: [(1, 8), (8, 7)]}, padri: [8, 10, 12, 12, 12, 19, 21], figli: [3, 3, 3], mosse: [(4, 2, 4, 2, 5), (4, 4, 1, 4, 2), (4, 4, 4, 2, 5), (4, 4, 2, 3, 7), (4, 4, 3, 2), (5, 6, 1, 8, 1), (5, 2, 1, 8, 1)]
10 -> costo: 68442.2, rotte: {3: [(1, 4)], 2: [(1, 5)], 4: [(1, 2), (2, 3), (3, 4)], 6: [(1, 6), (6, 5)], 5: [(1, 8), (8, 7)]}, padri: [7, 11, 26, 28], figli: [9, 4, 4, 4], mosse: [(4, 2, 1, 2, 5), (4, 4, 2, 3, 7), (5, 6, 1, 8, 1), (5, 2, 1, 8, 1)]
11 -> costo: 68490.8, rotte: {3: [(1, 4)], 2: [(1, 5)], 4: [(1, 3), (3, 2), (2, 4)], 6: [(1, 6), (6, 5)], 5: [(1, 8), (8, 7)]}, padri: [7, 32], figli: [5, 5, 5, 12, 12, 12, 10, 29, 30], mosse: [(4, 2, 3, 2, 5), (5, 6, 1, 8, 1)]
12 -> costo: 67572.09999999999, rotte: {3: [(1, 4)], 2: [(1, 5)], 4: [(1, 4), (4, 3), (3, 2)], 6: [(1, 6), (6, 5)], 5: [(1, 8), (8, 7)]}, padri: [11], figli: [6, 6, 6, 9, 9, 9], mosse: [(4, 4, 1, 4, 2)]
13 -> costo: 69937.8, rotte: {3: [(1, 4)], 2: [(1, 2), (2, 5)], 4: [(1, 3), (3, 4)], 6: [(1, 8), (8, 6), (6, 5)], 5: [(1, 7)]}, padri: [0], figli: [1, 14, 14, 14, 7, 22, 26, 32], mosse: [(6, 3, 1, 8, 1)]
14 -> costo: 67943.29999999999, rotte: {3: [(1, 4)], 2: [(1, 2), (2, 5)], 4: [(1, 4), (4, 3)], 6: [(1, 8), (8, 6), (6, 5)], 5: [(1, 7)]}, padri: [13, 13, 13], figli: [2, 8, 15, 17, 19, 23], mosse: [(4, 4, 3, 4), (4, 4, 1, 4, 2), (4, 4, 4, 3, 7)]
15 -> costo: 66996.09999999999, rotte: {3: [(1, 4)], 2: [(1, 2), (2, 5)], 4: [(1, 4), (4, 3), (3, 8)], 6: [(1, 6), (6, 5)], 5: [(1, 7)]}, padri: [14], figli: [16], mosse: [(4, 6, 3, 8, 1)]
16 -> costo: 66659.7, rotte: {3: [(1, 4)], 2: [(1, 5)], 4: [(1, 4), (4, 2), (2, 3), (3, 8)], 6: [(1, 6), (6, 5)], 5: [(1, 7)]}, padri: [15, 19, 21], figli: [], mosse: [(4, 2, 4, 2, 5), (4, 6, 3, 8, 1), (4, 2, 3, 8, 1)]
17 -> costo: 67189.7, rotte: {3: [(1, 4)], 2: [(1, 2), (2, 5)], 4: [(1, 4), (4, 3)], 6: [(1, 6), (6, 5), (5, 8)], 5: [(1, 7)]}, padri: [14, 22, 22, 22], figli: [18, 20], mosse: [(6, 6, 5, 8, 1), (4, 4, 3, 4), (4, 4, 1, 4, 2), (4, 4, 4, 3, 7)]
18 -> costo: 66853.29999999999, rotte: {3: [(1, 4)], 2: [(1, 5)], 4: [(1, 4), (4, 2), (2, 3)], 6: [(1, 6), (6, 5), (5, 8)], 5: [(1, 7)]}, padri: [17, 19, 21, 23, 25, 25, 25], figli: [], mosse: [(4, 2, 4, 2, 5), (6, 6, 5, 8, 1), (6, 2, 5, 8, 1), (4, 4, 1, 4, 2), (4, 4, 4, 2, 5), (4, 4, 2, 3, 7), (4, 4, 3, 2)]
19 -> costo: 67606.9, rotte: {3: [(1, 4)], 2: [(1, 5)], 4: [(1, 4), (4, 2), (2, 3)], 6: [(1, 8), (8, 6), (6, 5)], 5: [(1, 7)]}, padri: [14, 26], figli: [3, 9, 16, 18, 20, 21], mosse: [(4, 2, 4, 2, 5), (4, 4, 1, 4, 2)]
20 -> costo: 66853.3, rotte: {3: [(1, 4)], 2: [(1, 5), (5, 8)], 4: [(1, 4), (4, 2), (2, 3)], 6: [(1, 6), (6, 5)], 5: [(1, 7)]}, padri: [19, 21, 21, 21, 27, 29, 30, 31], figli: [], mosse: [(2, 6, 5, 8, 1), (2, 2, 1, 5, 5), (2, 2, 5, 8, 1), (2, 2, 8, 5), (4, 4, 1, 4, 2), (4, 4, 1, 4, 2), (4, 4, 1, 4, 2), (4, 4, 1, 4, 2)]
21 -> costo: 67420.3, rotte: {3: [(1, 4)], 2: [(1, 8), (8, 5)], 4: [(1, 4), (4, 2), (2, 3)], 6: [(1, 6), (6, 5)], 5: [(1, 7)]}, padri: [19, 28], figli: [3, 9, 16, 20, 20, 18, 20], mosse: [(2, 6, 1, 8, 1), (4, 4, 1, 4, 2)]
22 -> costo: 69184.2, rotte: {3: [(1, 4)], 2: [(1, 2), (2, 5)], 4: [(1, 3), (3, 4)], 6: [(1, 6), (6, 5), (5, 8)], 5: [(1, 7)]}, padri: [13], figli: [17, 17, 17, 23, 23, 23, 24, 27, 28, 31], mosse: [(6, 6, 5, 8, 1)]
23 -> costo: 68799.2, rotte: {3: [(1, 4)], 2: [(1, 5)], 4: [(1, 2), (2, 3), (3, 4)], 6: [(1, 6), (6, 5), (5, 8)], 5: [(1, 7)]}, padri: [22, 24, 26, 28], figli: [18], mosse: [(4, 2, 1, 2, 5), (4, 4, 2, 3, 7), (6, 6, 5, 8, 1), (6, 2, 5, 8, 1)]
24 -> costo: 68847.8, rotte: {3: [(1, 4)], 2: [(1, 5)], 4: [(1, 3), (3, 2), (2, 4)], 6: [(1, 6), (6, 5), (5, 8)], 5: [(1, 7)]}, padri: [22], figli: [25, 23, 27, 28, 31], mosse: [(4, 2, 3, 2, 5)]
25 -> costo: 67929.09999999999, rotte: {3: [(1, 4)], 2: [(1, 5)], 4: [(1, 4), (4, 3), (3, 2)], 6: [(1, 6), (6, 5), (5, 8)], 5: [(1, 7)]}, padri: [24], figli: [18, 18, 18], mosse: [(4, 4, 1, 4, 2)]
26 -> costo: 69552.8, rotte: {3: [(1, 4)], 2: [(1, 5)], 4: [(1, 2), (2, 3), (3, 4)], 6: [(1, 8), (8, 6), (6, 5)], 5: [(1, 7)]}, padri: [13], figli: [4, 19, 10, 23, 27, 28, 29, 30, 31], mosse: [(4, 2, 1, 2, 5)]
27 -> costo: 68799.2, rotte: {3: [(1, 4)], 2: [(1, 5), (5, 8)], 4: [(1, 2), (2, 3), (3, 4)], 6: [(1, 6), (6, 5)], 5: [(1, 7)]}, padri: [22, 24, 26], figli: [20], mosse: [(2, 6, 5, 8, 1)]
28 -> costo: 69366.2, rotte: {3: [(1, 4)], 2: [(1, 8), (8, 5)], 4: [(1, 2), (2, 3), (3, 4)], 6: [(1, 6), (6, 5)], 5: [(1, 7)]}, padri: [26], figli: [4, 21, 10, 29, 30, 23, 31], mosse: [(2, 6, 1, 8, 1)]
29 -> costo: 68799.2, rotte: {3: [(1, 4)], 2: [(1, 5), (5, 8)], 4: [(1, 2), (2, 3), (3, 4)], 6: [(1, 6), (6, 5)], 5: [(1, 7)]}, padri: [7, 11, 26, 28], figli: [20], mosse: [(2, 2, 1, 5, 5)]
30 -> costo: 68799.2, rotte: {3: [(1, 4)], 2: [(1, 5), (5, 8)], 4: [(1, 2), (2, 3), (3, 4)], 6: [(1, 6), (6, 5)], 5: [(1, 7)]}, padri: [7, 11, 26, 28], figli: [20], mosse: [(2, 2, 5, 8, 1)]
31 -> costo: 68799.2, rotte: {3: [(1, 4)], 2: [(1, 5), (5, 8)], 4: [(1, 2), (2, 3), (3, 4)], 6: [(1, 6), (6, 5)], 5: [(1, 7)]}, padri: [22, 24, 26, 28], figli: [20], mosse: [(2, 2, 8, 5)]
32 -> costo: 69601.4, rotte: {3: [(1, 4)], 2: [(1, 5)], 4: [(1, 3), (3, 2), (2, 4)], 6: [(1, 8), (8, 6), (6, 5)], 5: [(1, 7)]}, padri: [13], figli: [5, 11], mosse: [(4, 2, 3, 2, 5)]
bestSolutionIndice: 3
3 -> costo: 64750.89999999999, rotte: {3: [(1, 4)], 2: [(1, 5)], 4: [(1, 4), (4, 2), (2, 3)], 6: [(1, 6), (6, 5)], 5: [(1, 7), (7, 8)]}, padri: [2, 4, 6, 6, 6, 9, 9, 9, 19, 21], figli: [], mosse: [(4, 2, 4, 2, 5), (4, 4, 1, 4, 2), (4, 4, 4, 2, 5), (4, 4, 2, 3, 7), (4, 4, 3, 2), (5, 5, 1, 7, 19), (5, 5, 7, 8, 1), (5, 5, 8, 7), (5, 6, 7, 8, 1), (5, 2, 7, 8, 1)]
trasportoPalletDiGamma: {3: [(4, 9)], 2: [(5, 5)], 4: [(4, 2), (2, 5), (3, 7)], 6: [(6, 17), (5, 9)], 5: [(7, 19), (8, 1)]}
itMosseLS: 103, itMosseTS: 100
time elapsed: 181.23s.


##########################################################################################
s: 1
dictSolutions[1]:
0 -> costo: 72888.49999999999, rotte: {3: [(1, 6)], 4: [(1, 4), (4, 2)], 6: [(1, 5), (5, 7)], 5: [(1, 3), (3, 6), (6, 7)], 2: [(1, 8), (8, 2)]}, padri: [-1], figli: [1, 7, 24, 25], mosse: [-1]
1 -> costo: 68928.6, rotte: {3: [(1, 6)], 4: [(1, 4), (4, 2)], 6: [(1, 5), (5, 7)], 5: [(1, 3), (3, 6), (6, 8), (8, 7)], 2: [(1, 2)]}, padri: [0, 7, 24], figli: [2, 2, 2, 4, 4, 4, 6, 6, 6, 9, 9, 9, 10, 10, 10, 30, 31, 31, 31], mosse: [(5, 2, 6, 8, 1), (5, 5, 6, 8, 1), (5, 5, 3, 6, 7)]
2 -> costo: 65610.79999999999, rotte: {3: [(1, 6)], 4: [(1, 4), (4, 2)], 6: [(1, 5), (5, 7)], 5: [(1, 3), (3, 6), (6, 7), (7, 8)], 2: [(1, 2)]}, padri: [1, 1, 1, 4, 29, 30], figli: [3, 3, 3, 16, 16, 16], mosse: [(5, 5, 6, 7, 3), (5, 5, 7, 8, 1), (5, 5, 8, 7), (5, 5, 6, 7, 3), (5, 5, 3, 6, 7), (5, 5, 3, 6, 7)]
3 -> costo: 64438.4, rotte: {3: [(1, 6)], 4: [(1, 4), (4, 2)], 6: [(1, 7), (7, 5)], 5: [(1, 3), (3, 6), (6, 7), (7, 8)], 2: [(1, 2)]}, padri: [2, 2, 2, 5, 6, 6, 6, 8, 14, 15], figli: [], mosse: [(6, 6, 5, 7), (6, 6, 1, 7, 16), (6, 6, 7, 5, 14), (5, 5, 6, 7, 3), (5, 5, 6, 7, 3), (5, 5, 7, 8, 1), (5, 5, 8, 7), (5, 5, 7, 8, 1), (5, 5, 3, 6, 7), (5, 5, 3, 6, 7)]
4 -> costo: 66695.7, rotte: {3: [(1, 6)], 4: [(1, 4), (4, 2)], 6: [(1, 5), (5, 7)], 5: [(1, 3), (3, 7), (7, 6), (6, 8)], 2: [(1, 2)]}, padri: [1, 24, 29, 29], figli: [5, 5, 5, 2, 15, 15, 15, 31], mosse: [(5, 5, 3, 7, 3), (5, 5, 6, 8, 1), (5, 5, 7, 6, 7), (5, 5, 6, 8, 1)]
5 -> costo: 65523.3, rotte: {3: [(1, 6)], 4: [(1, 4), (4, 2)], 6: [(1, 7), (7, 5)], 5: [(1, 3), (3, 7), (7, 6), (6, 8)], 2: [(1, 2)]}, padri: [4, 4, 4, 6, 9, 14, 14, 15], figli: [3, 16], mosse: [(6, 6, 5, 7), (6, 6, 1, 7, 16), (6, 6, 7, 5, 14), (5, 5, 3, 7, 3), (5, 5, 6, 8, 1), (5, 5, 7, 6, 7), (5, 5, 6, 8, 1), (5, 5, 7, 6, 7)]
6 -> costo: 67756.20000000001, rotte: {3: [(1, 6)], 4: [(1, 4), (4, 2)], 6: [(1, 7), (7, 5)], 5: [(1, 3), (3, 6), (6, 8), (8, 7)], 2: [(1, 2)]}, padri: [1, 1, 1, 8, 9], figli: [3, 3, 3, 5, 15, 16, 16, 16], mosse: [(6, 6, 5, 7), (6, 6, 1, 7, 16), (6, 6, 7, 5, 14), (5, 5, 6, 8, 1), (5, 5, 3, 6, 7)]
7 -> costo: 69959.6, rotte: {3: [(1, 6)], 4: [(1, 4), (4, 2)], 6: [(1, 5), (5, 7)], 5: [(1, 3), (3, 8), (8, 6), (6, 7)], 2: [(1, 2)]}, padri: [0], figli: [8, 8, 8, 1, 24, 25, 29], mosse: [(5, 2, 3, 8, 1)]
8 -> costo: 68787.20000000001, rotte: {3: [(1, 6)], 4: [(1, 4), (4, 2)], 6: [(1, 7), (7, 5)], 5: [(1, 3), (3, 8), (8, 6), (6, 7)], 2: [(1, 2)]}, padri: [7, 7, 7], figli: [3, 6, 9, 10, 9, 9, 14, 14, 14, 16, 19], mosse: [(6, 6, 5, 7), (6, 6, 1, 7, 16), (6, 6, 7, 5, 14)]
9 -> costo: 68287.6, rotte: {3: [(1, 6)], 4: [(1, 4), (4, 2)], 6: [(1, 7), (7, 5)], 5: [(1, 3), (3, 8), (8, 7), (7, 6)], 2: [(1, 2)]}, padri: [8, 8, 8, 14, 24, 24, 24], figli: [5, 6, 10, 12, 15, 28], mosse: [(5, 5, 6, 7), (5, 5, 8, 7, 3), (5, 5, 7, 6, 7), (5, 5, 8, 7, 3), (6, 6, 5, 7), (6, 6, 1, 7, 16), (6, 6, 7, 5, 14)]
10 -> costo: 68045.9, rotte: {3: [(1, 6)], 4: [(1, 4), (4, 2)], 6: [(1, 7), (7, 5)], 5: [(1, 8), (8, 7), (7, 6), (6, 3)], 2: [(1, 2)]}, padri: [9, 25, 25, 25], figli: [11], mosse: [(5, 5, 6, 3, 7), (6, 6, 5, 7), (6, 6, 1, 7, 16), (6, 6, 7, 5, 14)]
11 -> costo: 65567.2, rotte: {3: [(1, 6)], 4: [(1, 4)], 6: [(1, 7), (7, 5)], 5: [(1, 8), (8, 7), (7, 6), (6, 3)], 2: [(1, 2)]}, padri: [10, 26, 26, 26], figli: [], mosse: [(2, 4, 1, 2, 4), (6, 6, 5, 7), (6, 6, 1, 7, 16), (6, 6, 7, 5, 14)]
12 -> costo: 68130.5, rotte: {3: [(1, 6)], 4: [(1, 4), (4, 2)], 6: [(1, 7), (7, 5)], 5: [(1, 8), (8, 7), (7, 6)], 2: [(1, 3), (3, 2)]}, padri: [9, 19, 19, 19, 27, 27, 27], figli: [13, 13], mosse: [(2, 5, 1, 3, 7), (5, 5, 6, 7), (5, 5, 8, 7, 3), (5, 5, 7, 6, 7), (6, 6, 5, 7), (6, 6, 1, 7, 16), (6, 6, 7, 5, 14)]
13 -> costo: 67006.1, rotte: {3: [(1, 6)], 4: [(1, 4), (4, 2)], 6: [(1, 7), (7, 5)], 5: [(1, 8), (8, 7), (7, 6)], 2: [(1, 2), (2, 3)]}, padri: [12, 12, 22, 22, 22, 28, 28, 28], figli: [], mosse: [(2, 2, 1, 2, 1), (2, 2, 2, 3, 7), (5, 5, 6, 7), (5, 5, 8, 7, 3), (5, 5, 7, 6, 7), (6, 6, 5, 7), (6, 6, 1, 7, 16), (6, 6, 7, 5, 14)]
14 -> costo: 68316.9, rotte: {3: [(1, 6)], 4: [(1, 4), (4, 2)], 6: [(1, 7), (7, 5)], 5: [(1, 3), (3, 7), (7, 8), (8, 6)], 2: [(1, 2)]}, padri: [8], figli: [3, 5, 5, 15, 15, 16, 9], mosse: [(5, 5, 3, 7, 3)]
15 -> costo: 67128.0, rotte: {3: [(1, 6)], 4: [(1, 4), (4, 2)], 6: [(1, 7), (7, 5)], 5: [(1, 6), (6, 3), (3, 7), (7, 8)], 2: [(1, 2)]}, padri: [14], figli: [3, 16, 5], mosse: [(5, 5, 1, 6, 7)]
16 -> costo: 64649.29999999999, rotte: {3: [(1, 6)], 4: [(1, 4)], 6: [(1, 7), (7, 5)], 5: [(1, 6), (6, 3), (3, 7), (7, 8)], 2: [(1, 2)]}, padri: [15, 31, 31, 31], figli: [17, 18], mosse: [(2, 4, 1, 2, 4), (6, 6, 5, 7), (6, 6, 1, 7, 16), (6, 6, 7, 5, 14)]
17 -> costo: 61959.69999999999, rotte: {3: [(1, 6)], 4: [(1, 4)], 6: [(1, 7), (7, 5)], 5: [(1, 3), (3, 6), (6, 7), (7, 8)], 2: [(1, 2)]}, padri: [16, 18, 32, 32, 32], figli: [], mosse: [(5, 5, 3, 6, 7), (5, 5, 6, 7, 3), (6, 6, 5, 7), (6, 6, 1, 7, 16), (6, 6, 7, 5, 14)]
18 -> costo: 63044.59999999999, rotte: {3: [(1, 6)], 4: [(1, 4)], 6: [(1, 7), (7, 5)], 5: [(1, 3), (3, 7), (7, 6), (6, 8)], 2: [(1, 2)]}, padri: [16, 33, 33, 33], figli: [17], mosse: [(5, 5, 7, 6, 7), (6, 6, 5, 7), (6, 6, 1, 7, 16), (6, 6, 7, 5, 14)]
19 -> costo: 68630.09999999999, rotte: {3: [(1, 6)], 4: [(1, 4), (4, 2)], 6: [(1, 7), (7, 5)], 5: [(1, 8), (8, 6), (6, 7)], 2: [(1, 3), (3, 2)]}, padri: [8], figli: [20, 22, 22, 12, 12, 12, 28, 28, 28], mosse: [(2, 5, 1, 3, 7)]
20 -> costo: 65774.09999999999, rotte: {3: [(1, 6)], 4: [(1, 4), (4, 2)], 6: [(1, 7), (7, 5)], 5: [(1, 6), (6, 7), (7, 8)], 2: [(1, 3), (3, 2)]}, padri: [19], figli: [21, 21, 23, 23], mosse: [(5, 5, 7, 8, 1)]
21 -> costo: 64649.700000000004, rotte: {3: [(1, 6)], 4: [(1, 4), (4, 2)], 6: [(1, 7), (7, 5)], 5: [(1, 6), (6, 7), (7, 8)], 2: [(1, 2), (2, 3)]}, padri: [20, 20, 22], figli: [], mosse: [(2, 2, 1, 2, 1), (2, 2, 2, 3, 7), (5, 5, 7, 8, 1)]
22 -> costo: 67505.7, rotte: {3: [(1, 6)], 4: [(1, 4), (4, 2)], 6: [(1, 7), (7, 5)], 5: [(1, 8), (8, 6), (6, 7)], 2: [(1, 2), (2, 3)]}, padri: [19, 19], figli: [21, 23, 13, 13, 13], mosse: [(2, 2, 1, 2, 1), (2, 2, 2, 3, 7)]
23 -> costo: 66558.5, rotte: {3: [(1, 6)], 4: [(1, 4), (4, 2)], 6: [(1, 7), (7, 5)], 5: [(1, 6), (6, 7)], 2: [(1, 2), (2, 3), (3, 8)]}, padri: [22], figli: [], mosse: [(2, 5, 3, 8, 1)]
24 -> costo: 69460.0, rotte: {3: [(1, 6)], 4: [(1, 4), (4, 2)], 6: [(1, 5), (5, 7)], 5: [(1, 3), (3, 8), (8, 7), (7, 6)], 2: [(1, 2)]}, padri: [7], figli: [4, 9, 9, 9, 1, 25, 27, 30], mosse: [(5, 5, 6, 7)]
25 -> costo: 69218.29999999999, rotte: {3: [(1, 6)], 4: [(1, 4), (4, 2)], 6: [(1, 5), (5, 7)], 5: [(1, 8), (8, 7), (7, 6), (6, 3)], 2: [(1, 2)]}, padri: [24], figli: [26, 10, 10, 10], mosse: [(5, 5, 6, 3, 7)]
26 -> costo: 66739.6, rotte: {3: [(1, 6)], 4: [(1, 4)], 6: [(1, 5), (5, 7)], 5: [(1, 8), (8, 7), (7, 6), (6, 3)], 2: [(1, 2)]}, padri: [25], figli: [11, 11, 11], mosse: [(2, 4, 1, 2, 4)]
27 -> costo: 69302.9, rotte: {3: [(1, 6)], 4: [(1, 4), (4, 2)], 6: [(1, 5), (5, 7)], 5: [(1, 8), (8, 7), (7, 6)], 2: [(1, 3), (3, 2)]}, padri: [24], figli: [12, 12, 12, 28, 28, 28, 28], mosse: [(2, 5, 1, 3, 7)]
28 -> costo: 68178.5, rotte: {3: [(1, 6)], 4: [(1, 4), (4, 2)], 6: [(1, 5), (5, 7)], 5: [(1, 8), (8, 7), (7, 6)], 2: [(1, 2), (2, 3)]}, padri: [27, 27], figli: [13, 13, 13], mosse: [(2, 2, 1, 2, 1), (2, 2, 2, 3, 7)]
29 -> costo: 69489.29999999999, rotte: {3: [(1, 6)], 4: [(1, 4), (4, 2)], 6: [(1, 5), (5, 7)], 5: [(1, 3), (3, 7), (7, 8), (8, 6)], 2: [(1, 2)]}, padri: [7], figli: [2, 4, 4, 30, 30, 31], mosse: [(5, 5, 3, 7, 3)]
30 -> costo: 68300.4, rotte: {3: [(1, 6)], 4: [(1, 4), (4, 2)], 6: [(1, 5), (5, 7)], 5: [(1, 6), (6, 3), (3, 7), (7, 8)], 2: [(1, 2)]}, padri: [29], figli: [2, 31], mosse: [(5, 5, 1, 6, 7)]
31 -> costo: 65821.7, rotte: {3: [(1, 6)], 4: [(1, 4)], 6: [(1, 5), (5, 7)], 5: [(1, 6), (6, 3), (3, 7), (7, 8)], 2: [(1, 2)]}, padri: [30], figli: [32, 33, 16, 16, 16], mosse: [(2, 4, 1, 2, 4)]
32 -> costo: 63132.1, rotte: {3: [(1, 6)], 4: [(1, 4)], 6: [(1, 5), (5, 7)], 5: [(1, 3), (3, 6), (6, 7), (7, 8)], 2: [(1, 2)]}, padri: [31, 33], figli: [17, 17, 17], mosse: [(5, 5, 3, 6, 7), (5, 5, 6, 7, 3)]
33 -> costo: 64217.0, rotte: {3: [(1, 6)], 4: [(1, 4)], 6: [(1, 5), (5, 7)], 5: [(1, 3), (3, 7), (7, 6), (6, 8)], 2: [(1, 2)]}, padri: [31], figli: [18, 18, 18, 32], mosse: [(5, 5, 7, 6, 7)]
bestSolutionIndice: 17
17 -> costo: 61959.69999999999, rotte: {3: [(1, 6)], 4: [(1, 4)], 6: [(1, 7), (7, 5)], 5: [(1, 3), (3, 6), (6, 7), (7, 8)], 2: [(1, 2)]}, padri: [16, 18, 32, 32, 32], figli: [], mosse: [(5, 5, 3, 6, 7), (5, 5, 6, 7, 3), (6, 6, 5, 7), (6, 6, 1, 7, 16), (6, 6, 7, 5, 14)]
trasportoPalletDiGamma: {3: [(6, 10)], 4: [(4, 11)], 6: [(7, 16), (5, 14)], 5: [(3, 7), (6, 7), (7, 3), (8, 1)], 2: [(2, 5)]}
itMosseLS: 105, itMosseTS: 100
time elapsed: 215.93s.


##########################################################################################
s: 1
dictSolutions[1]:
0 -> costo: 78087.3, rotte: {2: [(1, 2), (2, 5)], 3: [(1, 8), (8, 6)], 4: [(1, 3), (3, 5)], 5: [(1, 7), (7, 6)], 6: [(1, 4), (4, 5), (5, 6)]}, padri: [-1], figli: [1, 1, 19, 19], mosse: [-1]
1 -> costo: 75743.20000000001, rotte: {2: [(1, 2), (2, 5)], 3: [(1, 6), (6, 8)], 4: [(1, 3), (3, 5)], 5: [(1, 7), (7, 6)], 6: [(1, 4), (4, 5), (5, 6)]}, padri: [0, 0], figli: [2, 2, 16, 16, 16, 18, 18, 20, 20], mosse: [(3, 3, 1, 6, 9), (3, 3, 6, 8, 1)]
2 -> costo: 74008.20000000001, rotte: {2: [(1, 2), (2, 5)], 3: [(1, 6), (6, 8)], 4: [(1, 3), (3, 5)], 5: [(1, 7), (7, 6)], 6: [(1, 4), (4, 6), (6, 5)]}, padri: [1, 1, 19, 19], figli: [3, 3, 3, 10, 10, 10, 13, 17, 17, 17], mosse: [(6, 6, 4, 6, 7), (6, 6, 6, 5, 1), (3, 3, 1, 6, 9), (3, 3, 6, 8, 1)]
3 -> costo: 73397.20000000001, rotte: {2: [(1, 2), (2, 5)], 3: [(1, 6), (6, 8)], 4: [(1, 3), (3, 5)], 5: [(1, 6), (6, 7)], 6: [(1, 4), (4, 6), (6, 5)]}, padri: [2, 2, 2, 16, 16], figli: [4, 7], mosse: [(5, 5, 1, 6, 1), (5, 5, 6, 7, 19), (5, 5, 7, 6), (6, 6, 4, 6, 7), (6, 6, 6, 5, 1)]
4 -> costo: 73036.79999999999, rotte: {2: [(1, 2), (2, 5)], 3: [(1, 6), (6, 8)], 4: [(1, 5)], 5: [(1, 6), (6, 7)], 6: [(1, 4), (4, 3), (3, 6), (6, 5)]}, padri: [3, 10, 10, 10], figli: [5], mosse: [(6, 4, 4, 3, 7), (5, 5, 1, 6, 1), (5, 5, 6, 7, 19), (5, 5, 7, 6)]
5 -> costo: 68347.40000000001, rotte: {2: [(1, 2)], 3: [(1, 6), (6, 8)], 4: [(1, 5)], 5: [(1, 6), (6, 7)], 6: [(1, 4), (4, 3), (3, 6), (6, 5)]}, padri: [4, 11, 11, 11], figli: [6], mosse: [(4, 2, 1, 5, 5), (5, 5, 1, 6, 1), (5, 5, 6, 7, 19), (5, 5, 7, 6)]
6 -> costo: 65168.200000000004, rotte: {2: [(1, 2)], 3: [(1, 6), (6, 8)], 4: [(1, 5)], 5: [(1, 6), (6, 7)], 6: [(1, 4), (4, 3), (3, 6)]}, padri: [5, 12, 12], figli: [], mosse: [(4, 6, 1, 5, 1), (5, 5, 1, 6, 1), (5, 5, 6, 7, 19)]
7 -> costo: 73060.8, rotte: {2: [(1, 5)], 3: [(1, 6), (6, 8)], 4: [(1, 3), (3, 5)], 5: [(1, 6), (6, 7)], 6: [(1, 4), (4, 2), (2, 6), (6, 5)]}, padri: [3, 13, 13, 13, 17, 17, 17], figli: [8, 15], mosse: [(6, 2, 4, 2, 5), (5, 5, 1, 6, 1), (5, 5, 6, 7, 19), (5, 5, 7, 6), (6, 6, 2, 6, 7), (6, 6, 6, 5, 1), (6, 6, 5, 6)]
8 -> costo: 69881.6, rotte: {2: [(1, 5)], 3: [(1, 6), (6, 8)], 4: [(1, 3), (3, 5)], 5: [(1, 6), (6, 7)], 6: [(1, 4), (4, 2), (2, 6)]}, padri: [7, 14, 14, 17], figli: [9], mosse: [(2, 6, 1, 5, 1), (5, 5, 1, 6, 1), (5, 5, 6, 7, 19), (2, 6, 1, 5, 1)]
9 -> costo: 69521.2, rotte: {2: [(1, 5)], 3: [(1, 6), (6, 8)], 4: [(1, 5)], 5: [(1, 6), (6, 7)], 6: [(1, 4), (4, 2), (2, 3), (3, 6)]}, padri: [8, 15, 15], figli: [], mosse: [(6, 4, 2, 3, 7), (5, 5, 1, 6, 1), (5, 5, 6, 7, 19)]
10 -> costo: 73647.79999999999, rotte: {2: [(1, 2), (2, 5)], 3: [(1, 6), (6, 8)], 4: [(1, 5)], 5: [(1, 7), (7, 6)], 6: [(1, 4), (4, 3), (3, 6), (6, 5)]}, padri: [2], figli: [11, 4, 4, 4], mosse: [(6, 4, 4, 3, 7)]
11 -> costo: 68958.4, rotte: {2: [(1, 2)], 3: [(1, 6), (6, 8)], 4: [(1, 5)], 5: [(1, 7), (7, 6)], 6: [(1, 4), (4, 3), (3, 6), (6, 5)]}, padri: [10], figli: [12, 5, 5, 5, 23, 38], mosse: [(4, 2, 1, 5, 5)]
12 -> costo: 65779.2, rotte: {2: [(1, 2)], 3: [(1, 6), (6, 8)], 4: [(1, 5)], 5: [(1, 7), (7, 6)], 6: [(1, 4), (4, 3), (3, 6)]}, padri: [11, 22, 22, 37], figli: [6, 6], mosse: [(4, 6, 1, 5, 1), (3, 3, 1, 6, 9), (3, 3, 6, 8, 1), (3, 4, 6, 8, 1)]
13 -> costo: 73671.8, rotte: {2: [(1, 5)], 3: [(1, 6), (6, 8)], 4: [(1, 3), (3, 5)], 5: [(1, 7), (7, 6)], 6: [(1, 4), (4, 2), (2, 6), (6, 5)]}, padri: [2], figli: [14, 7, 7, 7], mosse: [(6, 2, 4, 2, 5)]
14 -> costo: 70492.6, rotte: {2: [(1, 5)], 3: [(1, 6), (6, 8)], 4: [(1, 3), (3, 5)], 5: [(1, 7), (7, 6)], 6: [(1, 4), (4, 2), (2, 6)]}, padri: [13, 18], figli: [8, 8, 15, 15], mosse: [(2, 6, 1, 5, 1), (2, 6, 1, 5, 1)]
15 -> costo: 70132.2, rotte: {2: [(1, 5)], 3: [(1, 6), (6, 8)], 4: [(1, 5)], 5: [(1, 7), (7, 6)], 6: [(1, 4), (4, 2), (2, 3), (3, 6)]}, padri: [14], figli: [9, 9], mosse: [(6, 4, 2, 3, 7)]
16 -> costo: 75132.20000000001, rotte: {2: [(1, 2), (2, 5)], 3: [(1, 6), (6, 8)], 4: [(1, 3), (3, 5)], 5: [(1, 6), (6, 7)], 6: [(1, 4), (4, 5), (5, 6)]}, padri: [1, 1], figli: [3, 3, 17, 17], mosse: [(5, 5, 1, 6, 1), (5, 5, 6, 7, 19)]
17 -> costo: 74795.8, rotte: {2: [(1, 5)], 3: [(1, 6), (6, 8)], 4: [(1, 3), (3, 5)], 5: [(1, 6), (6, 7)], 6: [(1, 4), (4, 2), (2, 5), (5, 6)]}, padri: [16, 18, 18], figli: [8, 7, 7, 7], mosse: [(6, 2, 4, 2, 5), (5, 5, 1, 6, 1), (5, 5, 6, 7, 19)]
18 -> costo: 75406.8, rotte: {2: [(1, 5)], 3: [(1, 6), (6, 8)], 4: [(1, 3), (3, 5)], 5: [(1, 7), (7, 6)], 6: [(1, 4), (4, 2), (2, 5), (5, 6)]}, padri: [1], figli: [14, 17, 17], mosse: [(6, 2, 4, 2, 5)]
19 -> costo: 76352.3, rotte: {2: [(1, 2), (2, 5)], 3: [(1, 8), (8, 6)], 4: [(1, 3), (3, 5)], 5: [(1, 7), (7, 6)], 6: [(1, 4), (4, 6), (6, 5)]}, padri: [0], figli: [2, 2, 20, 20], mosse: [(6, 6, 4, 6, 7)]
20 -> costo: 75991.9, rotte: {2: [(1, 2), (2, 5)], 3: [(1, 8), (8, 6)], 4: [(1, 5)], 5: [(1, 7), (7, 6)], 6: [(1, 4), (4, 3), (3, 6), (6, 5)]}, padri: [19], figli: [21], mosse: [(6, 4, 4, 3, 7)]
21 -> costo: 71302.5, rotte: {2: [(1, 2)], 3: [(1, 8), (8, 6)], 4: [(1, 5)], 5: [(1, 7), (7, 6)], 6: [(1, 4), (4, 3), (3, 6), (6, 5)]}, padri: [20], figli: [22], mosse: [(4, 2, 1, 5, 5)]
22 -> costo: 68123.3, rotte: {2: [(1, 2)], 3: [(1, 8), (8, 6)], 4: [(1, 5)], 5: [(1, 7), (7, 6)], 6: [(1, 4), (4, 3), (3, 6)]}, padri: [21], figli: [12, 12, 23, 23, 28, 37, 38, 38], mosse: [(4, 6, 1, 5, 1)]
23 -> costo: 67369.7, rotte: {2: [(1, 2)], 3: [(1, 6)], 4: [(1, 5), (5, 8)], 5: [(1, 7), (7, 6)], 6: [(1, 4), (4, 3), (3, 6)]}, padri: [22], figli: [24], mosse: [(4, 3, 5, 8, 1)]
24 -> costo: 66531.7, rotte: {2: [(1, 2)], 3: [(1, 6)], 4: [(1, 5), (5, 8)], 5: [(1, 7)], 6: [(1, 4), (4, 3), (3, 6)]}, padri: [23, 38, 38, 38], figli: [], mosse: [(3, 5, 1, 6, 1), (4, 4, 1, 5, 14), (4, 4, 5, 8, 1), (4, 4, 8, 5)]
25 -> costo: 66531.7, rotte: {2: [(1, 2)], 3: [(1, 6)], 4: [(1, 5), (5, 8)], 5: [(1, 7)], 6: [(1, 4), (4, 3), (3, 6)]}, padri: [23], figli: [], mosse: [(6, 5, 1, 6, 1)]
26 -> costo: 66531.7, rotte: {2: [(1, 2)], 3: [(1, 6)], 4: [(1, 5), (5, 8)], 5: [(1, 7)], 6: [(1, 4), (4, 3), (3, 6)]}, padri: [23], figli: [], mosse: [(6, 5, 4, 6, 1)]
27 -> costo: 66531.7, rotte: {2: [(1, 2)], 3: [(1, 6)], 4: [(1, 5), (5, 8)], 5: [(1, 7)], 6: [(1, 4), (4, 3), (3, 6)]}, padri: [23], figli: [], mosse: [(6, 5, 3, 6, 1)]
28 -> costo: 67822.59999999999, rotte: {2: [(1, 2), (2, 8)], 3: [(1, 6)], 4: [(1, 5)], 5: [(1, 7), (7, 6)], 6: [(1, 4), (4, 3), (3, 6)]}, padri: [22], figli: [29, 31, 36], mosse: [(2, 3, 2, 8, 1)]
29 -> costo: 65943.2, rotte: {2: [(1, 8)], 3: [(1, 6)], 4: [(1, 5)], 5: [(1, 7), (7, 6)], 6: [(1, 4), (4, 2), (2, 3), (3, 6)]}, padri: [28, 36], figli: [30, 32], mosse: [(6, 2, 4, 2, 5), (6, 6, 2, 3, 7)]
30 -> costo: 65105.2, rotte: {2: [(1, 8)], 3: [(1, 6)], 4: [(1, 5)], 5: [(1, 7)], 6: [(1, 4), (4, 2), (2, 3), (3, 6)]}, padri: [29, 31, 32], figli: [], mosse: [(3, 5, 1, 6, 1), (6, 2, 4, 2, 5), (6, 6, 2, 3, 7)]
31 -> costo: 66984.59999999999, rotte: {2: [(1, 2), (2, 8)], 3: [(1, 6)], 4: [(1, 5)], 5: [(1, 7)], 6: [(1, 4), (4, 3), (3, 6)]}, padri: [28, 38], figli: [30, 32], mosse: [(3, 5, 1, 6, 1), (2, 4, 2, 8, 1)]
32 -> costo: 66827.5, rotte: {2: [(1, 8)], 3: [(1, 6)], 4: [(1, 5)], 5: [(1, 7)], 6: [(1, 4), (4, 3), (3, 2), (2, 6)]}, padri: [31, 36], figli: [30], mosse: [(6, 2, 3, 2, 5), (3, 5, 1, 6, 1)]
33 -> costo: 66984.59999999999, rotte: {2: [(1, 2), (2, 8)], 3: [(1, 6)], 4: [(1, 5)], 5: [(1, 7)], 6: [(1, 4), (4, 3), (3, 6)]}, padri: [28], figli: [], mosse: [(6, 5, 1, 6, 1)]
34 -> costo: 66984.59999999999, rotte: {2: [(1, 2), (2, 8)], 3: [(1, 6)], 4: [(1, 5)], 5: [(1, 7)], 6: [(1, 4), (4, 3), (3, 6)]}, padri: [28], figli: [], mosse: [(6, 5, 4, 6, 1)]
35 -> costo: 66984.59999999999, rotte: {2: [(1, 2), (2, 8)], 3: [(1, 6)], 4: [(1, 5)], 5: [(1, 7)], 6: [(1, 4), (4, 3), (3, 6)]}, padri: [28], figli: [], mosse: [(6, 5, 3, 6, 1)]
36 -> costo: 67665.5, rotte: {2: [(1, 8)], 3: [(1, 6)], 4: [(1, 5)], 5: [(1, 7), (7, 6)], 6: [(1, 4), (4, 3), (3, 2), (2, 6)]}, padri: [28], figli: [29, 32], mosse: [(6, 2, 3, 2, 5)]
37 -> costo: 67936.7, rotte: {2: [(1, 2)], 3: [(1, 6)], 4: [(1, 8), (8, 5)], 5: [(1, 7), (7, 6)], 6: [(1, 4), (4, 3), (3, 6)]}, padri: [22], figli: [12, 38], mosse: [(4, 3, 1, 8, 1)]
38 -> costo: 67098.7, rotte: {2: [(1, 2)], 3: [(1, 6)], 4: [(1, 8), (8, 5)], 5: [(1, 7)], 6: [(1, 4), (4, 3), (3, 6)]}, padri: [37], figli: [39, 40, 24, 24, 24, 31], mosse: [(3, 5, 1, 6, 1)]
39 -> costo: 64429.299999999996, rotte: {2: [(1, 2)], 3: [(1, 6)], 4: [(1, 5)], 5: [(1, 7), (7, 8)], 6: [(1, 4), (4, 3), (3, 6)]}, padri: [38, 40, 40, 40], figli: [], mosse: [(5, 4, 7, 8, 1), (5, 5, 1, 7, 19), (5, 5, 7, 8, 1), (5, 5, 8, 7)]
40 -> costo: 66174.7, rotte: {2: [(1, 2)], 3: [(1, 6)], 4: [(1, 5)], 5: [(1, 8), (8, 7)], 6: [(1, 4), (4, 3), (3, 6)]}, padri: [38], figli: [39, 39, 39], mosse: [(5, 4, 1, 8, 1)]
41 -> costo: 67098.7, rotte: {2: [(1, 2)], 3: [(1, 6)], 4: [(1, 8), (8, 5)], 5: [(1, 7)], 6: [(1, 4), (4, 3), (3, 6)]}, padri: [37], figli: [43, 44, 49, 56], mosse: [(6, 5, 1, 6, 1)]
42 -> costo: 64429.299999999996, rotte: {2: [(1, 2)], 3: [(1, 6)], 4: [(1, 5)], 5: [(1, 7), (7, 8)], 6: [(1, 4), (4, 3), (3, 6)]}, padri: [41], figli: [], mosse: [(5, 4, 7, 8, 1)]
43 -> costo: 64941.200000000004, rotte: {2: [(1, 2)], 3: [(1, 6), (6, 8)], 4: [(1, 5)], 5: [(1, 7)], 6: [(1, 4), (4, 3), (3, 6)]}, padri: [41, 45, 54, 57], figli: [], mosse: [(3, 4, 6, 8, 1), (3, 5, 6, 8, 1), (3, 4, 6, 8, 1), (3, 5, 6, 8, 1)]
44 -> costo: 64941.200000000004, rotte: {2: [(1, 2)], 3: [(1, 6)], 4: [(1, 5)], 5: [(1, 7)], 6: [(1, 4), (4, 3), (3, 6), (6, 8)]}, padri: [41], figli: [], mosse: [(6, 4, 6, 8, 1)]
45 -> costo: 66174.7, rotte: {2: [(1, 2)], 3: [(1, 6)], 4: [(1, 5)], 5: [(1, 8), (8, 7)], 6: [(1, 4), (4, 3), (3, 6)]}, padri: [41], figli: [43, 49, 56], mosse: [(5, 4, 1, 8, 1)]
46 -> costo: 64429.299999999996, rotte: {2: [(1, 2)], 3: [(1, 6)], 4: [(1, 5)], 5: [(1, 7), (7, 8)], 6: [(1, 4), (4, 3), (3, 6)]}, padri: [45], figli: [], mosse: [(5, 5, 1, 7, 19)]
47 -> costo: 64429.299999999996, rotte: {2: [(1, 2)], 3: [(1, 6)], 4: [(1, 5)], 5: [(1, 7), (7, 8)], 6: [(1, 4), (4, 3), (3, 6)]}, padri: [45], figli: [], mosse: [(5, 5, 7, 8, 1)]
48 -> costo: 64429.299999999996, rotte: {2: [(1, 2)], 3: [(1, 6)], 4: [(1, 5)], 5: [(1, 7), (7, 8)], 6: [(1, 4), (4, 3), (3, 6)]}, padri: [45], figli: [], mosse: [(5, 5, 8, 7)]
49 -> costo: 64941.200000000004, rotte: {2: [(1, 2)], 3: [(1, 6)], 4: [(1, 5)], 5: [(1, 7)], 6: [(1, 4), (4, 3), (3, 6), (6, 8)]}, padri: [41, 45], figli: [], mosse: [(6, 5, 6, 8, 1)]
50 -> costo: 66531.7, rotte: {2: [(1, 2)], 3: [(1, 6)], 4: [(1, 5), (5, 8)], 5: [(1, 7)], 6: [(1, 4), (4, 3), (3, 6)]}, padri: [41], figli: [], mosse: [(4, 4, 1, 5, 14)]
51 -> costo: 66531.7, rotte: {2: [(1, 2)], 3: [(1, 6)], 4: [(1, 5), (5, 8)], 5: [(1, 7)], 6: [(1, 4), (4, 3), (3, 6)]}, padri: [41], figli: [], mosse: [(4, 4, 5, 8, 1)]
52 -> costo: 66531.7, rotte: {2: [(1, 2)], 3: [(1, 6)], 4: [(1, 5), (5, 8)], 5: [(1, 7)], 6: [(1, 4), (4, 3), (3, 6)]}, padri: [41], figli: [], mosse: [(4, 4, 8, 5)]
53 -> costo: 66984.59999999999, rotte: {2: [(1, 2), (2, 8)], 3: [(1, 6)], 4: [(1, 5)], 5: [(1, 7)], 6: [(1, 4), (4, 3), (3, 6)]}, padri: [41], figli: [], mosse: [(2, 4, 2, 8, 1)]
54 -> costo: 67098.7, rotte: {2: [(1, 2)], 3: [(1, 6)], 4: [(1, 8), (8, 5)], 5: [(1, 7)], 6: [(1, 4), (4, 3), (3, 6)]}, padri: [37], figli: [43, 56], mosse: [(6, 5, 4, 6, 1)]
55 -> costo: 64429.299999999996, rotte: {2: [(1, 2)], 3: [(1, 6)], 4: [(1, 5)], 5: [(1, 7), (7, 8)], 6: [(1, 4), (4, 3), (3, 6)]}, padri: [54], figli: [], mosse: [(5, 4, 7, 8, 1)]
56 -> costo: 64941.200000000004, rotte: {2: [(1, 2)], 3: [(1, 6)], 4: [(1, 5)], 5: [(1, 7)], 6: [(1, 4), (4, 3), (3, 6), (6, 8)]}, padri: [41, 45, 54], figli: [], mosse: [(6, 4, 6, 8, 1)]
57 -> costo: 66174.7, rotte: {2: [(1, 2)], 3: [(1, 6)], 4: [(1, 5)], 5: [(1, 8), (8, 7)], 6: [(1, 4), (4, 3), (3, 6)]}, padri: [54], figli: [43], mosse: [(5, 4, 1, 8, 1)]
58 -> costo: 64429.299999999996, rotte: {2: [(1, 2)], 3: [(1, 6)], 4: [(1, 5)], 5: [(1, 7), (7, 8)], 6: [(1, 4), (4, 3), (3, 6)]}, padri: [57], figli: [], mosse: [(5, 5, 1, 7, 19)]
59 -> costo: 64429.299999999996, rotte: {2: [(1, 2)], 3: [(1, 6)], 4: [(1, 5)], 5: [(1, 7), (7, 8)], 6: [(1, 4), (4, 3), (3, 6)]}, padri: [57], figli: [], mosse: [(5, 5, 7, 8, 1)]
60 -> costo: 64429.299999999996, rotte: {2: [(1, 2)], 3: [(1, 6)], 4: [(1, 5)], 5: [(1, 7), (7, 8)], 6: [(1, 4), (4, 3), (3, 6)]}, padri: [57], figli: [], mosse: [(5, 5, 8, 7)]
bestSolutionIndice: 39
39 -> costo: 64429.299999999996, rotte: {2: [(1, 2)], 3: [(1, 6)], 4: [(1, 5)], 5: [(1, 7), (7, 8)], 6: [(1, 4), (4, 3), (3, 6)]}, padri: [38, 40, 40, 40], figli: [], mosse: [(5, 4, 7, 8, 1), (5, 5, 1, 7, 19), (5, 5, 7, 8, 1), (5, 5, 8, 7)]
trasportoPalletDiGamma: {2: [(2, 5)], 3: [(6, 10)], 4: [(5, 14)], 5: [(7, 19), (8, 1)], 6: [(4, 11), (3, 7), (6, 7)]}
itMosseLS: 108, itMosseTS: 100
time elapsed: 218.04s.


##########################################################################################
s: 1
dictSolutions[1]:
0 -> costo: 78706.5, rotte: {6: [(1, 4), (4, 8), (8, 7), (7, 3)], 4: [(1, 5), (5, 3)], 3: [(1, 2), (2, 7)], 2: [(1, 7)], 5: [(1, 6), (6, 3)]}, padri: [-1], figli: [1], mosse: [-1]
1 -> costo: 74995.90000000001, rotte: {6: [(1, 4), (4, 8), (8, 7), (7, 3)], 4: [(1, 5)], 3: [(1, 2), (2, 7)], 2: [(1, 7)], 5: [(1, 6), (6, 3)]}, padri: [0], figli: [2, 2, 2, 2, 14, 14, 14, 14], mosse: [(6, 4, 1, 3, 1)]
2 -> costo: 72089.90000000001, rotte: {6: [(1, 4), (4, 8), (8, 7), (7, 3)], 4: [(1, 5)], 3: [(1, 2)], 2: [(1, 7)], 5: [(1, 6), (6, 3)]}, padri: [1, 1, 1, 1], figli: [3, 3, 3, 3, 7, 7, 7, 7, 11, 13, 15, 15, 15, 15], mosse: [(6, 3, 1, 7, 5), (6, 3, 4, 7, 5), (6, 3, 8, 7, 5), (6, 3, 3, 7, 5)]
3 -> costo: 70090.8, rotte: {6: [(1, 4), (4, 8), (8, 7), (7, 3)], 4: [(1, 5)], 3: [(1, 2)], 2: [(1, 7)], 5: [(1, 6)]}, padri: [2, 2, 2, 2, 11, 11, 11, 11, 14, 14, 14, 14], figli: [4, 6, 10, 19], mosse: [(6, 5, 1, 3, 3), (6, 5, 4, 3, 3), (6, 5, 8, 3, 3), (6, 5, 7, 3, 3), (6, 5, 1, 3, 3), (6, 5, 4, 3, 3), (6, 5, 8, 3, 3), (6, 5, 7, 3, 3), (6, 3, 1, 7, 5), (6, 3, 4, 7, 5), (6, 3, 8, 7, 5), (6, 3, 3, 7, 5)]
4 -> costo: 68261.5, rotte: {6: [(1, 4), (4, 3), (3, 8), (8, 7)], 4: [(1, 5)], 3: [(1, 2)], 2: [(1, 7)], 5: [(1, 6)]}, padri: [3, 6, 7, 7, 7, 7, 10, 10, 10, 10, 15, 15, 15, 15], figli: [5, 5, 5, 9, 9, 9, 17, 17, 17], mosse: [(6, 6, 4, 3, 7), (6, 6, 8, 7, 9), (6, 5, 1, 3, 3), (6, 5, 4, 3, 3), (6, 5, 8, 3, 3), (6, 5, 7, 3, 3), (6, 5, 1, 3, 3), (6, 5, 4, 3, 3), (6, 5, 8, 3, 3), (6, 5, 7, 3, 3), (6, 3, 1, 7, 5), (6, 3, 4, 7, 5), (6, 3, 3, 7, 5), (6, 3, 8, 7, 5)]
5 -> costo: 64985.3, rotte: {6: [(1, 4), (4, 3), (3, 7), (7, 8)], 4: [(1, 5)], 3: [(1, 2)], 2: [(1, 7)], 5: [(1, 6)]}, padri: [4, 4, 4, 6, 8, 8, 8, 8, 9, 9, 9, 9, 16, 16, 16, 16], figli: [], mosse: [(6, 6, 3, 7, 9), (6, 6, 7, 8, 1), (6, 6, 8, 7), (6, 6, 3, 7, 9), (6, 5, 1, 3, 3), (6, 5, 4, 3, 3), (6, 5, 7, 3, 3), (6, 5, 8, 3, 3), (6, 5, 1, 3, 3), (6, 5, 4, 3, 3), (6, 5, 7, 3, 3), (6, 5, 8, 3, 3), (6, 3, 1, 7, 5), (6, 3, 4, 7, 5), (6, 3, 3, 7, 5), (6, 3, 8, 7, 5)]
6 -> costo: 69158.0, rotte: {6: [(1, 4), (4, 7), (7, 3), (3, 8)], 4: [(1, 5)], 3: [(1, 2)], 2: [(1, 7)], 5: [(1, 6)]}, padri: [3, 12, 12, 12, 12, 13, 13, 13, 13, 20, 20, 20, 20], figli: [5, 4, 9, 10, 17, 19], mosse: [(6, 6, 3, 8, 1), (6, 5, 1, 3, 3), (6, 5, 4, 3, 3), (6, 5, 7, 3, 3), (6, 5, 8, 3, 3), (6, 5, 1, 3, 3), (6, 5, 4, 3, 3), (6, 5, 7, 3, 3), (6, 5, 8, 3, 3), (6, 3, 1, 7, 5), (6, 3, 4, 7, 5), (6, 3, 3, 7, 5), (6, 3, 8, 7, 5)]
7 -> costo: 70260.6, rotte: {6: [(1, 4), (4, 3), (3, 8), (8, 7)], 4: [(1, 5)], 3: [(1, 2)], 2: [(1, 7)], 5: [(1, 6), (6, 3)]}, padri: [2, 13], figli: [8, 8, 8, 4, 4, 4, 4, 10, 10, 10, 10, 10, 10, 12, 12, 12, 19, 19, 19, 19], mosse: [(6, 6, 4, 3, 4), (6, 6, 8, 7, 9)]
8 -> costo: 66984.40000000001, rotte: {6: [(1, 4), (4, 3), (3, 7), (7, 8)], 4: [(1, 5)], 3: [(1, 2)], 2: [(1, 7)], 5: [(1, 6), (6, 3)]}, padri: [7, 7, 7, 13], figli: [5, 5, 5, 5, 9, 9, 9, 9, 9, 9, 17, 17, 17, 17], mosse: [(6, 6, 3, 7, 9), (6, 6, 7, 8, 1), (6, 6, 8, 7), (6, 6, 3, 7, 9)]
9 -> costo: 65733.3, rotte: {6: [(1, 4), (4, 3), (3, 7), (7, 8)], 4: [(1, 5)], 3: [(1, 2)], 2: [(1, 7)], 5: [(1, 3), (3, 6)]}, padri: [8, 8, 8, 10, 10, 10, 12], figli: [5, 5, 5, 5, 17, 17, 17, 17], mosse: [(5, 5, 1, 3, 3), (5, 5, 3, 6, 17), (5, 5, 6, 3), (6, 6, 3, 7, 9), (6, 6, 7, 8, 1), (6, 6, 8, 7), (6, 6, 3, 7, 9)]
10 -> costo: 69009.5, rotte: {6: [(1, 4), (4, 3), (3, 8), (8, 7)], 4: [(1, 5)], 3: [(1, 2)], 2: [(1, 7)], 5: [(1, 3), (3, 6)]}, padri: [7, 7, 7, 11, 12], figli: [9, 9, 9, 4, 4, 4, 4, 19, 19, 19, 19], mosse: [(5, 5, 1, 3, 3), (5, 5, 3, 6, 17), (5, 5, 6, 3), (6, 6, 4, 3, 4), (6, 6, 8, 7, 9)]
11 -> costo: 70838.8, rotte: {6: [(1, 4), (4, 8), (8, 7), (7, 3)], 4: [(1, 5)], 3: [(1, 2)], 2: [(1, 7)], 5: [(1, 3), (3, 6)]}, padri: [2], figli: [10, 12, 3, 3, 3, 3, 15, 15, 15, 15], mosse: [(5, 5, 6, 3)]
12 -> costo: 69906.0, rotte: {6: [(1, 4), (4, 7), (7, 3), (3, 8)], 4: [(1, 5)], 3: [(1, 2)], 2: [(1, 7)], 5: [(1, 3), (3, 6)]}, padri: [11, 13, 13, 13], figli: [9, 10, 6, 6, 6, 6], mosse: [(6, 6, 3, 8, 1), (5, 5, 1, 3, 3), (5, 5, 3, 6, 17), (5, 5, 6, 3)]
13 -> costo: 71157.1, rotte: {6: [(1, 4), (4, 7), (7, 3), (3, 8)], 4: [(1, 5)], 3: [(1, 2)], 2: [(1, 7)], 5: [(1, 6), (6, 3)]}, padri: [2], figli: [8, 6, 6, 6, 6, 12, 12, 12, 7], mosse: [(6, 6, 3, 8, 1)]
14 -> costo: 72996.8, rotte: {6: [(1, 4), (4, 8), (8, 7), (7, 3)], 4: [(1, 5)], 3: [(1, 2), (2, 7)], 2: [(1, 7)], 5: [(1, 6)]}, padri: [1], figli: [3, 3, 3, 3, 15, 15, 15, 15, 20, 21], mosse: [(6, 5, 1, 3, 3)]
15 -> costo: 71167.5, rotte: {6: [(1, 4), (4, 3), (3, 8), (8, 7)], 4: [(1, 5)], 3: [(1, 2), (2, 7)], 2: [(1, 7)], 5: [(1, 6)]}, padri: [14, 20], figli: [16, 16, 16, 4, 4, 4, 4, 19, 19, 19, 19], mosse: [(6, 6, 4, 3, 7), (6, 6, 8, 7, 4)]
16 -> costo: 67891.3, rotte: {6: [(1, 4), (4, 3), (3, 7), (7, 8)], 4: [(1, 5)], 3: [(1, 2), (2, 7)], 2: [(1, 7)], 5: [(1, 6)]}, padri: [15, 15, 15, 20], figli: [5, 5, 5, 5, 17, 17, 17, 17], mosse: [(6, 6, 3, 7, 4), (6, 6, 7, 8, 1), (6, 6, 8, 7), (6, 6, 3, 7, 4)]
17 -> costo: 67542.7, rotte: {6: [(1, 4), (4, 2), (2, 3), (3, 7), (7, 8)], 4: [(1, 5)], 3: [(1, 7)], 2: [(1, 7)], 5: [(1, 6)]}, padri: [16, 19, 19, 19, 21], figli: [18], mosse: [(6, 3, 4, 2, 5), (6, 6, 3, 7, 4), (6, 6, 7, 8, 1), (6, 6, 8, 7), (6, 6, 3, 7, 4)]
18 -> costo: 67192.0, rotte: {6: [(1, 4), (4, 2), (2, 3), (3, 8)], 4: [(1, 5)], 3: [(1, 7)], 2: [(1, 7)], 5: [(1, 6)]}, padri: [17, 19, 21], figli: [], mosse: [(3, 6, 1, 7, 4), (3, 6, 1, 7, 4), (3, 6, 1, 7, 4)]
19 -> costo: 70818.90000000001, rotte: {6: [(1, 4), (4, 2), (2, 3), (3, 8), (8, 7)], 4: [(1, 5)], 3: [(1, 7)], 2: [(1, 7)], 5: [(1, 6)]}, padri: [15, 21], figli: [18, 17, 17, 17], mosse: [(6, 3, 4, 2, 5), (6, 6, 8, 7, 4)]
20 -> costo: 72064.0, rotte: {6: [(1, 4), (4, 7), (7, 3), (3, 8)], 4: [(1, 5)], 3: [(1, 2), (2, 7)], 2: [(1, 7)], 5: [(1, 6)]}, padri: [14], figli: [16, 6, 6, 6, 6, 15, 21], mosse: [(6, 6, 3, 8, 1)]
21 -> costo: 71715.40000000001, rotte: {6: [(1, 4), (4, 2), (2, 7), (7, 3), (3, 8)], 4: [(1, 5)], 3: [(1, 7)], 2: [(1, 7)], 5: [(1, 6)]}, padri: [20], figli: [18, 17, 19], mosse: [(6, 3, 4, 2, 5)]
bestSolutionIndice: 5
5 -> costo: 64985.3, rotte: {6: [(1, 4), (4, 3), (3, 7), (7, 8)], 4: [(1, 5)], 3: [(1, 2)], 2: [(1, 7)], 5: [(1, 6)]}, padri: [4, 4, 4, 6, 8, 8, 8, 8, 9, 9, 9, 9, 16, 16, 16, 16], figli: [], mosse: [(6, 6, 3, 7, 9), (6, 6, 7, 8, 1), (6, 6, 8, 7), (6, 6, 3, 7, 9), (6, 5, 1, 3, 3), (6, 5, 4, 3, 3), (6, 5, 7, 3, 3), (6, 5, 8, 3, 3), (6, 5, 1, 3, 3), (6, 5, 4, 3, 3), (6, 5, 7, 3, 3), (6, 5, 8, 3, 3), (6, 3, 1, 7, 5), (6, 3, 4, 7, 5), (6, 3, 3, 7, 5), (6, 3, 8, 7, 5)]
trasportoPalletDiGamma: {6: [(4, 11), (3, 7), (7, 9), (8, 1)], 4: [(5, 14)], 3: [(2, 5)], 2: [(7, 10)], 5: [(6, 17)]}
itMosseLS: 103, itMosseTS: 100
time elapsed: 274.78s.


