itNSIMax: 10, itMosseTSMax: 30.
##########################################################################################
s: 1
dictSolutions[1]:
0 -> costo: 79970.0, rotte: {2: [(1, 2), (2, 7)], 5: [(1, 8), (8, 3)], 4: [(1, 5), (5, 10), (10, 7), (7, 4)], 3: [(1, 9), (9, 6), (6, 4)]}, padri: [-1], figli: [1], mosse: [-1]
1 -> costo: 70384.59999999999, rotte: {2: [(1, 2), (2, 7)], 5: [(1, 8), (8, 3)], 4: [(1, 5), (5, 9), (9, 10), (10, 7), (7, 4)], 3: [(1, 6), (6, 4)]}, padri: [0], figli: [2, 10], mosse: [(4, 3, 5, 9, 1)]
2 -> costo: 68384.19999999998, rotte: {2: [(1, 2), (2, 7)], 5: [(1, 8), (8, 3)], 4: [(1, 9), (9, 10), (10, 7), (7, 4), (4, 5)], 3: [(1, 6), (6, 4)]}, padri: [1], figli: [3, 3, 7, 7, 9, 9, 9], mosse: [(4, 4, 4, 5, 11)]
3 -> costo: 68130.79999999999, rotte: {2: [(1, 2), (2, 7)], 5: [(1, 8), (8, 3)], 4: [(1, 9), (9, 10), (10, 7), (7, 4), (4, 5)], 3: [(1, 4), (4, 6)]}, padri: [2, 2], figli: [4, 6, 6, 6, 8], mosse: [(3, 3, 1, 4, 6), (3, 3, 4, 6, 13)]
4 -> costo: 67910.49999999999, rotte: {2: [(1, 2), (2, 7)], 5: [(1, 8), (8, 3)], 4: [(1, 9), (9, 10), (10, 4), (4, 5), (5, 7)], 3: [(1, 4), (4, 6)]}, padri: [3, 7, 7, 12], figli: [5, 5, 5], mosse: [(4, 4, 5, 7, 3), (3, 3, 1, 4, 6), (3, 3, 4, 6, 13), (4, 4, 4, 5, 11)]
5 -> costo: 67847.59999999999, rotte: {2: [(1, 7), (7, 2)], 5: [(1, 8), (8, 3)], 4: [(1, 9), (9, 10), (10, 4), (4, 5), (5, 7)], 3: [(1, 4), (4, 6)]}, padri: [4, 4, 4, 6, 8, 8, 13], figli: [], mosse: [(2, 2, 2, 7), (2, 2, 1, 7, 12), (2, 2, 7, 2, 3), (4, 4, 5, 7, 3), (3, 3, 1, 4, 6), (3, 3, 4, 6, 13), (4, 4, 4, 5, 11)]
6 -> costo: 68067.9, rotte: {2: [(1, 7), (7, 2)], 5: [(1, 8), (8, 3)], 4: [(1, 9), (9, 10), (10, 7), (7, 4), (4, 5)], 3: [(1, 4), (4, 6)]}, padri: [3, 3, 3, 9, 9], figli: [5], mosse: [(2, 2, 2, 7), (2, 2, 1, 7, 12), (2, 2, 7, 2, 3), (3, 3, 1, 4, 6), (3, 3, 4, 6, 13)]
7 -> costo: 68163.89999999998, rotte: {2: [(1, 2), (2, 7)], 5: [(1, 8), (8, 3)], 4: [(1, 9), (9, 10), (10, 4), (4, 5), (5, 7)], 3: [(1, 6), (6, 4)]}, padri: [2], figli: [4, 4, 8, 8, 8, 8], mosse: [(4, 4, 5, 7, 3)]
8 -> costo: 68100.99999999999, rotte: {2: [(1, 7), (7, 2)], 5: [(1, 8), (8, 3)], 4: [(1, 9), (9, 10), (10, 4), (4, 5), (5, 7)], 3: [(1, 6), (6, 4)]}, padri: [7, 7, 7, 9], figli: [5, 5], mosse: [(2, 2, 2, 7), (2, 2, 1, 7, 12), (2, 2, 7, 2, 3), (4, 4, 5, 7, 3)]
9 -> costo: 68321.29999999999, rotte: {2: [(1, 7), (7, 2)], 5: [(1, 8), (8, 3)], 4: [(1, 9), (9, 10), (10, 7), (7, 4), (4, 5)], 3: [(1, 6), (6, 4)]}, padri: [2, 2, 2], figli: [6, 6, 8], mosse: [(2, 2, 2, 7), (2, 2, 1, 7, 12), (2, 2, 7, 2, 3)]
10 -> costo: 68641.19999999998, rotte: {2: [(1, 2), (2, 7)], 5: [(1, 8), (8, 3)], 4: [(1, 9), (9, 10), (10, 7), (7, 5), (5, 4)], 3: [(1, 6), (6, 4)]}, padri: [1], figli: [11], mosse: [(4, 4, 7, 5, 11)]
11 -> costo: 68163.9, rotte: {2: [(1, 2), (2, 7)], 5: [(1, 8), (8, 3)], 4: [(1, 9), (9, 10), (10, 5), (5, 4), (4, 7)], 3: [(1, 6), (6, 4)]}, padri: [10], figli: [12], mosse: [(4, 4, 4, 7, 3)]
12 -> costo: 67910.5, rotte: {2: [(1, 2), (2, 7)], 5: [(1, 8), (8, 3)], 4: [(1, 9), (9, 10), (10, 5), (5, 4), (4, 7)], 3: [(1, 4), (4, 6)]}, padri: [11], figli: [13, 13, 13, 4], mosse: [(3, 3, 1, 4, 6)]
13 -> costo: 67847.6, rotte: {2: [(1, 7), (7, 2)], 5: [(1, 8), (8, 3)], 4: [(1, 9), (9, 10), (10, 5), (5, 4), (4, 7)], 3: [(1, 4), (4, 6)]}, padri: [12, 12, 12], figli: [5], mosse: [(2, 2, 2, 7), (2, 2, 1, 7, 12), (2, 2, 7, 2, 3)]
bestSolutionIndice: 5
5 -> costo: 67847.59999999999, rotte: {2: [(1, 7), (7, 2)], 5: [(1, 8), (8, 3)], 4: [(1, 9), (9, 10), (10, 4), (4, 5), (5, 7)], 3: [(1, 4), (4, 6)]}, padri: [4, 4, 4, 6, 8, 8, 13], figli: [], mosse: [(2, 2, 2, 7), (2, 2, 1, 7, 12), (2, 2, 7, 2, 3), (4, 4, 5, 7, 3), (3, 3, 1, 4, 6), (3, 3, 4, 6, 13), (4, 4, 4, 5, 11)]
trasportoPalletDiGamma: {2: [(7, 12), (2, 3)], 5: [(8, 19), (3, 6)], 4: [(9, 1), (10, 2), (4, 2), (5, 11), (7, 3)], 3: [(4, 6), (6, 13)]}
itMosseLS: 34, itMosseTS: 30
time elapsed: 121.81s.


##########################################################################################
s: 1
dictSolutions[1]:
0 -> costo: 78948.6, rotte: {4: [(1, 10), (10, 8)], 5: [(1, 2), (2, 4), (4, 9), (9, 8), (8, 6)], 2: [(1, 7)], 3: [(1, 3), (3, 5), (5, 6)]}, padri: [-1], figli: [1], mosse: [-1]
1 -> costo: 70627.4, rotte: {4: [(1, 8)], 5: [(1, 2), (2, 4), (4, 10), (10, 9), (9, 8), (8, 6)], 2: [(1, 7)], 3: [(1, 3), (3, 5), (5, 6)]}, padri: [0], figli: [2], mosse: [(5, 4, 4, 10, 2)]
2 -> costo: 69539.7, rotte: {4: [(1, 8)], 5: [(1, 2), (2, 10), (10, 9), (9, 8), (8, 4), (4, 6)], 2: [(1, 7)], 3: [(1, 3), (3, 5), (5, 6)]}, padri: [1], figli: [3, 11, 12, 15], mosse: [(5, 5, 8, 4, 8)]
3 -> costo: 67574.2, rotte: {4: [(1, 8)], 5: [(1, 10), (10, 9), (9, 8), (8, 2), (2, 4), (4, 6)], 2: [(1, 7)], 3: [(1, 3), (3, 5), (5, 6)]}, padri: [2, 11], figli: [4, 4, 4, 10, 10, 10], mosse: [(5, 5, 8, 2, 3), (5, 5, 8, 2, 3)]
4 -> costo: 67486.2, rotte: {4: [(1, 8)], 5: [(1, 10), (10, 9), (9, 8), (8, 2), (2, 4), (4, 6)], 2: [(1, 7)], 3: [(1, 3), (3, 6), (6, 5)]}, padri: [3, 3, 3, 12], figli: [5, 9, 14], mosse: [(3, 3, 3, 6, 3), (3, 3, 6, 5, 11), (3, 3, 5, 6), (5, 5, 8, 2, 3)]
5 -> costo: 67089.8, rotte: {4: [(1, 8)], 5: [(1, 10), (10, 9), (9, 8), (8, 2), (2, 4), (4, 6)], 2: [(1, 7)], 3: [(1, 6), (6, 5), (5, 3)]}, padri: [4, 13], figli: [6, 8], mosse: [(3, 3, 5, 3, 6), (5, 5, 8, 2, 3)]
6 -> costo: 66788.3, rotte: {4: [(1, 8)], 5: [(1, 10), (10, 9), (9, 8), (8, 2), (2, 4), (4, 6)], 2: [(1, 7)], 3: [(1, 5), (5, 6), (6, 3)]}, padri: [5, 14, 16], figli: [7], mosse: [(3, 3, 5, 6, 3), (5, 5, 8, 2, 3), (5, 5, 8, 2, 3)]
7 -> costo: 66708.40000000001, rotte: {4: [(1, 8)], 5: [(1, 10), (10, 9), (9, 2), (2, 4), (4, 6)], 2: [(1, 7)], 3: [(1, 5), (5, 6), (6, 3)]}, padri: [6, 8, 14], figli: [], mosse: [(4, 5, 1, 8, 1), (3, 3, 5, 6, 3), (4, 5, 1, 8, 1)]
8 -> costo: 67009.90000000001, rotte: {4: [(1, 8)], 5: [(1, 10), (10, 9), (9, 2), (2, 4), (4, 6)], 2: [(1, 7)], 3: [(1, 6), (6, 5), (5, 3)]}, padri: [5, 9, 13], figli: [7], mosse: [(4, 5, 1, 8, 1), (3, 3, 5, 3, 6), (4, 5, 1, 8, 1)]
9 -> costo: 67406.3, rotte: {4: [(1, 8)], 5: [(1, 10), (10, 9), (9, 2), (2, 4), (4, 6)], 2: [(1, 7)], 3: [(1, 3), (3, 6), (6, 5)]}, padri: [4, 10, 10, 10, 12], figli: [8], mosse: [(4, 5, 1, 8, 1), (3, 3, 3, 6, 3), (3, 3, 6, 5, 11), (3, 3, 5, 6), (4, 5, 1, 8, 1)]
10 -> costo: 67494.3, rotte: {4: [(1, 8)], 5: [(1, 10), (10, 9), (9, 2), (2, 4), (4, 6)], 2: [(1, 7)], 3: [(1, 3), (3, 5), (5, 6)]}, padri: [3, 11], figli: [9, 9, 9], mosse: [(4, 5, 1, 8, 1), (4, 5, 1, 8, 1)]
11 -> costo: 67879.6, rotte: {4: [(1, 8)], 5: [(1, 10), (10, 9), (9, 2), (2, 8), (8, 4), (4, 6)], 2: [(1, 7)], 3: [(1, 3), (3, 5), (5, 6)]}, padri: [2], figli: [10, 3, 12, 12, 12], mosse: [(5, 5, 9, 2, 3)]
12 -> costo: 67791.6, rotte: {4: [(1, 8)], 5: [(1, 10), (10, 9), (9, 2), (2, 8), (8, 4), (4, 6)], 2: [(1, 7)], 3: [(1, 3), (3, 6), (6, 5)]}, padri: [11, 11, 11], figli: [13, 9, 4], mosse: [(3, 3, 3, 6, 3), (3, 3, 6, 5, 11), (3, 3, 5, 6)]
13 -> costo: 67395.2, rotte: {4: [(1, 8)], 5: [(1, 10), (10, 9), (9, 2), (2, 8), (8, 4), (4, 6)], 2: [(1, 7)], 3: [(1, 6), (6, 5), (5, 3)]}, padri: [12], figli: [8, 5, 14], mosse: [(3, 3, 5, 3, 6)]
14 -> costo: 67093.7, rotte: {4: [(1, 8)], 5: [(1, 10), (10, 9), (9, 2), (2, 8), (8, 4), (4, 6)], 2: [(1, 7)], 3: [(1, 5), (5, 6), (6, 3)]}, padri: [13, 16], figli: [7, 6], mosse: [(3, 3, 5, 6, 3), (5, 5, 9, 2, 3)]
15 -> costo: 67995.8, rotte: {4: [(1, 8)], 5: [(1, 10), (10, 9), (9, 8), (8, 4), (4, 6), (6, 2)], 2: [(1, 7)], 3: [(1, 3), (3, 5), (5, 6)]}, padri: [2], figli: [16], mosse: [(5, 5, 6, 2, 3)]
16 -> costo: 67209.9, rotte: {4: [(1, 8)], 5: [(1, 10), (10, 9), (9, 8), (8, 4), (4, 6), (6, 2)], 2: [(1, 7)], 3: [(1, 5), (5, 6), (6, 3)]}, padri: [15], figli: [6, 14], mosse: [(3, 3, 6, 3, 6)]
bestSolutionIndice: 7
7 -> costo: 66708.40000000001, rotte: {4: [(1, 8)], 5: [(1, 10), (10, 9), (9, 2), (2, 4), (4, 6)], 2: [(1, 7)], 3: [(1, 5), (5, 6), (6, 3)]}, padri: [6, 8, 14], figli: [], mosse: [(4, 5, 1, 8, 1), (3, 3, 5, 6, 3), (4, 5, 1, 8, 1)]
trasportoPalletDiGamma: {4: [(8, 19)], 5: [(10, 2), (9, 1), (2, 3), (4, 8), (6, 10)], 2: [(7, 15)], 3: [(5, 11), (6, 3), (3, 6)]}
itMosseLS: 35, itMosseTS: 30
time elapsed: 136.00s.


##########################################################################################
s: 1
dictSolutions[1]:
0 -> costo: 77874.29999999997, rotte: {4: [(1, 6), (6, 3), (3, 7)], 3: [(1, 8), (8, 5)], 2: [(1, 9), (9, 4), (4, 5)], 5: [(1, 10), (10, 2), (2, 7), (7, 5)]}, padri: [-1], figli: [1], mosse: [-1]
1 -> costo: 68288.9, rotte: {4: [(1, 6), (6, 3), (3, 7)], 3: [(1, 8), (8, 5)], 2: [(1, 4), (4, 5)], 5: [(1, 9), (9, 10), (10, 2), (2, 7), (7, 5)]}, padri: [0], figli: [2, 2], mosse: [(5, 2, 1, 9, 1)]
2 -> costo: 67387.1, rotte: {4: [(1, 6), (6, 3), (3, 7)], 3: [(1, 8)], 2: [(1, 4), (4, 5)], 5: [(1, 9), (9, 10), (10, 2), (2, 7), (7, 5)]}, padri: [1, 1], figli: [3, 3, 3, 3, 3, 4, 4, 4, 4, 4, 4, 4], mosse: [(2, 3, 1, 5, 1), (2, 3, 4, 5, 1)]
3 -> costo: 67041.8, rotte: {4: [(1, 6), (6, 3)], 3: [(1, 8)], 2: [(1, 4), (4, 5)], 5: [(1, 9), (9, 10), (10, 2), (2, 7), (7, 5)]}, padri: [2, 2, 2, 2, 2, 4, 4, 4, 4, 4], figli: [], mosse: [(5, 4, 1, 7, 1), (5, 4, 9, 7, 1), (5, 4, 10, 7, 1), (5, 4, 2, 7, 1), (5, 4, 5, 7, 1), (5, 4, 1, 7, 1), (5, 4, 9, 7, 1), (5, 4, 10, 7, 1), (5, 4, 2, 7, 1), (5, 4, 5, 7, 1)]
4 -> costo: 67275.5, rotte: {4: [(1, 6), (6, 7), (7, 3)], 3: [(1, 8)], 2: [(1, 4), (4, 5)], 5: [(1, 9), (9, 10), (10, 2), (2, 7), (7, 5)]}, padri: [2, 2, 2], figli: [3, 3, 3, 3, 3], mosse: [(4, 4, 6, 7, 1), (4, 4, 7, 3, 6), (4, 4, 3, 7)]
5 -> costo: 67387.1, rotte: {4: [(1, 6), (6, 3), (3, 7)], 3: [(1, 8)], 2: [(1, 4), (4, 5)], 5: [(1, 9), (9, 10), (10, 2), (2, 7), (7, 5)]}, padri: [1], figli: [], mosse: [(5, 3, 1, 5, 1)]
6 -> costo: 67275.5, rotte: {4: [(1, 6), (6, 7), (7, 3)], 3: [(1, 8)], 2: [(1, 4), (4, 5)], 5: [(1, 9), (9, 10), (10, 2), (2, 7), (7, 5)]}, padri: [5], figli: [], mosse: [(4, 4, 6, 7, 1)]
7 -> costo: 67275.5, rotte: {4: [(1, 6), (6, 7), (7, 3)], 3: [(1, 8)], 2: [(1, 4), (4, 5)], 5: [(1, 9), (9, 10), (10, 2), (2, 7), (7, 5)]}, padri: [5], figli: [], mosse: [(4, 4, 7, 3, 6)]
8 -> costo: 67275.5, rotte: {4: [(1, 6), (6, 7), (7, 3)], 3: [(1, 8)], 2: [(1, 4), (4, 5)], 5: [(1, 9), (9, 10), (10, 2), (2, 7), (7, 5)]}, padri: [5], figli: [], mosse: [(4, 4, 3, 7)]
9 -> costo: 67387.1, rotte: {4: [(1, 6), (6, 3), (3, 7)], 3: [(1, 8)], 2: [(1, 4), (4, 5)], 5: [(1, 9), (9, 10), (10, 2), (2, 7), (7, 5)]}, padri: [1], figli: [], mosse: [(5, 3, 9, 5, 1)]
10 -> costo: 67275.5, rotte: {4: [(1, 6), (6, 7), (7, 3)], 3: [(1, 8)], 2: [(1, 4), (4, 5)], 5: [(1, 9), (9, 10), (10, 2), (2, 7), (7, 5)]}, padri: [9], figli: [], mosse: [(4, 4, 6, 7, 1)]
11 -> costo: 67275.5, rotte: {4: [(1, 6), (6, 7), (7, 3)], 3: [(1, 8)], 2: [(1, 4), (4, 5)], 5: [(1, 9), (9, 10), (10, 2), (2, 7), (7, 5)]}, padri: [9], figli: [], mosse: [(4, 4, 7, 3, 6)]
12 -> costo: 67275.5, rotte: {4: [(1, 6), (6, 7), (7, 3)], 3: [(1, 8)], 2: [(1, 4), (4, 5)], 5: [(1, 9), (9, 10), (10, 2), (2, 7), (7, 5)]}, padri: [9], figli: [], mosse: [(4, 4, 3, 7)]
13 -> costo: 67387.1, rotte: {4: [(1, 6), (6, 3), (3, 7)], 3: [(1, 8)], 2: [(1, 4), (4, 5)], 5: [(1, 9), (9, 10), (10, 2), (2, 7), (7, 5)]}, padri: [1], figli: [], mosse: [(5, 3, 10, 5, 1)]
14 -> costo: 67275.5, rotte: {4: [(1, 6), (6, 7), (7, 3)], 3: [(1, 8)], 2: [(1, 4), (4, 5)], 5: [(1, 9), (9, 10), (10, 2), (2, 7), (7, 5)]}, padri: [13], figli: [], mosse: [(4, 4, 6, 7, 1)]
15 -> costo: 67275.5, rotte: {4: [(1, 6), (6, 7), (7, 3)], 3: [(1, 8)], 2: [(1, 4), (4, 5)], 5: [(1, 9), (9, 10), (10, 2), (2, 7), (7, 5)]}, padri: [13], figli: [], mosse: [(4, 4, 7, 3, 6)]
16 -> costo: 67275.5, rotte: {4: [(1, 6), (6, 7), (7, 3)], 3: [(1, 8)], 2: [(1, 4), (4, 5)], 5: [(1, 9), (9, 10), (10, 2), (2, 7), (7, 5)]}, padri: [13], figli: [], mosse: [(4, 4, 3, 7)]
17 -> costo: 67387.1, rotte: {4: [(1, 6), (6, 3), (3, 7)], 3: [(1, 8)], 2: [(1, 4), (4, 5)], 5: [(1, 9), (9, 10), (10, 2), (2, 7), (7, 5)]}, padri: [1], figli: [], mosse: [(5, 3, 2, 5, 1)]
18 -> costo: 67275.5, rotte: {4: [(1, 6), (6, 7), (7, 3)], 3: [(1, 8)], 2: [(1, 4), (4, 5)], 5: [(1, 9), (9, 10), (10, 2), (2, 7), (7, 5)]}, padri: [17], figli: [], mosse: [(4, 4, 6, 7, 1)]
19 -> costo: 67275.5, rotte: {4: [(1, 6), (6, 7), (7, 3)], 3: [(1, 8)], 2: [(1, 4), (4, 5)], 5: [(1, 9), (9, 10), (10, 2), (2, 7), (7, 5)]}, padri: [17], figli: [], mosse: [(4, 4, 7, 3, 6)]
20 -> costo: 67275.5, rotte: {4: [(1, 6), (6, 7), (7, 3)], 3: [(1, 8)], 2: [(1, 4), (4, 5)], 5: [(1, 9), (9, 10), (10, 2), (2, 7), (7, 5)]}, padri: [17], figli: [], mosse: [(4, 4, 3, 7)]
bestSolutionIndice: 3
3 -> costo: 67041.8, rotte: {4: [(1, 6), (6, 3)], 3: [(1, 8)], 2: [(1, 4), (4, 5)], 5: [(1, 9), (9, 10), (10, 2), (2, 7), (7, 5)]}, padri: [2, 2, 2, 2, 2, 4, 4, 4, 4, 4], figli: [], mosse: [(5, 4, 1, 7, 1), (5, 4, 9, 7, 1), (5, 4, 10, 7, 1), (5, 4, 2, 7, 1), (5, 4, 5, 7, 1), (5, 4, 1, 7, 1), (5, 4, 9, 7, 1), (5, 4, 10, 7, 1), (5, 4, 2, 7, 1), (5, 4, 5, 7, 1)]
trasportoPalletDiGamma: {4: [(6, 13), (3, 6)], 3: [(8, 19)], 2: [(4, 8), (5, 7)], 5: [(9, 1), (10, 2), (2, 3), (7, 15), (5, 4)]}
itMosseLS: 32, itMosseTS: 30
time elapsed: 125.59s.


##########################################################################################
s: 1
dictSolutions[1]:
0 -> costo: 74858.9, rotte: {5: [(1, 5), (5, 8)], 3: [(1, 6), (6, 3), (3, 2)], 4: [(1, 4), (4, 9), (9, 8), (8, 2), (2, 10)], 2: [(1, 7)]}, padri: [-1], figli: [1, 5], mosse: [-1]
1 -> costo: 64375.200000000004, rotte: {5: [(1, 5), (5, 8)], 3: [(1, 6), (6, 3), (3, 2)], 4: [(1, 4), (4, 8), (8, 2), (2, 10), (10, 9)], 2: [(1, 7)]}, padri: [0], figli: [2, 2, 2, 2, 2, 4, 4, 4, 4, 4], mosse: [(4, 4, 10, 9, 1)]
2 -> costo: 63797.3, rotte: {5: [(1, 5), (5, 8)], 3: [(1, 6), (6, 3)], 4: [(1, 4), (4, 8), (8, 2), (2, 10), (10, 9)], 2: [(1, 7)]}, padri: [1, 1, 1, 1, 1, 6, 6, 6], figli: [3], mosse: [(4, 3, 1, 2, 1), (4, 3, 4, 2, 1), (4, 3, 8, 2, 1), (4, 3, 10, 2, 1), (4, 3, 9, 2, 1), (4, 4, 2, 10, 2), (4, 4, 10, 9, 1), (4, 4, 9, 10)]
3 -> costo: 63491.9, rotte: {5: [(1, 5), (5, 8)], 3: [(1, 6), (6, 3)], 4: [(1, 4), (4, 2), (2, 8), (8, 10), (10, 9)], 2: [(1, 7)]}, padri: [2, 4, 4, 4, 4, 4, 7, 7, 7], figli: [], mosse: [(4, 4, 2, 8, 5), (4, 3, 1, 2, 1), (4, 3, 4, 2, 1), (4, 3, 8, 2, 1), (4, 3, 10, 2, 1), (4, 3, 9, 2, 1), (4, 4, 8, 10, 2), (4, 4, 10, 9, 1), (4, 4, 9, 10)]
4 -> costo: 64069.8, rotte: {5: [(1, 5), (5, 8)], 3: [(1, 6), (6, 3), (3, 2)], 4: [(1, 4), (4, 2), (2, 8), (8, 10), (10, 9)], 2: [(1, 7)]}, padri: [1, 8], figli: [3, 3, 3, 3, 3], mosse: [(4, 4, 2, 8, 5), (4, 4, 8, 10, 2)]
5 -> costo: 64610.2, rotte: {5: [(1, 5), (5, 8)], 3: [(1, 6), (6, 3), (3, 2)], 4: [(1, 4), (4, 8), (8, 2), (2, 9), (9, 10)], 2: [(1, 7)]}, padri: [0], figli: [6, 6, 6, 6, 6, 8, 8, 8, 8, 8], mosse: [(4, 4, 2, 9, 1)]
6 -> costo: 64032.299999999996, rotte: {5: [(1, 5), (5, 8)], 3: [(1, 6), (6, 3)], 4: [(1, 4), (4, 8), (8, 2), (2, 9), (9, 10)], 2: [(1, 7)]}, padri: [5, 5, 5, 5, 5], figli: [7, 2, 2, 2], mosse: [(4, 3, 1, 2, 1), (4, 3, 4, 2, 1), (4, 3, 8, 2, 1), (4, 3, 9, 2, 1), (4, 3, 10, 2, 1)]
7 -> costo: 63726.9, rotte: {5: [(1, 5), (5, 8)], 3: [(1, 6), (6, 3)], 4: [(1, 4), (4, 2), (2, 8), (8, 9), (9, 10)], 2: [(1, 7)]}, padri: [6, 8, 8, 8, 8, 8], figli: [3, 3, 3], mosse: [(4, 4, 2, 8, 5), (4, 3, 1, 2, 1), (4, 3, 4, 2, 1), (4, 3, 8, 2, 1), (4, 3, 9, 2, 1), (4, 3, 10, 2, 1)]
8 -> costo: 64304.8, rotte: {5: [(1, 5), (5, 8)], 3: [(1, 6), (6, 3), (3, 2)], 4: [(1, 4), (4, 2), (2, 8), (8, 9), (9, 10)], 2: [(1, 7)]}, padri: [5], figli: [7, 7, 7, 7, 7, 4], mosse: [(4, 4, 2, 8, 5)]
bestSolutionIndice: 3
3 -> costo: 63491.9, rotte: {5: [(1, 5), (5, 8)], 3: [(1, 6), (6, 3)], 4: [(1, 4), (4, 2), (2, 8), (8, 10), (10, 9)], 2: [(1, 7)]}, padri: [2, 4, 4, 4, 4, 4, 7, 7, 7], figli: [], mosse: [(4, 4, 2, 8, 5), (4, 3, 1, 2, 1), (4, 3, 4, 2, 1), (4, 3, 8, 2, 1), (4, 3, 10, 2, 1), (4, 3, 9, 2, 1), (4, 4, 8, 10, 2), (4, 4, 10, 9, 1), (4, 4, 9, 10)]
trasportoPalletDiGamma: {5: [(5, 11), (8, 14)], 3: [(6, 13), (3, 6)], 4: [(4, 8), (2, 3), (8, 5), (10, 2), (9, 1)], 2: [(7, 15)]}
itMosseLS: 33, itMosseTS: 30
time elapsed: 113.93s.


##########################################################################################
s: 1
dictSolutions[1]:
0 -> costo: 78914.20000000001, rotte: {3: [(1, 10), (10, 8)], 5: [(1, 7), (7, 5)], 4: [(1, 6), (6, 2), (2, 9), (9, 5)], 2: [(1, 4), (4, 3), (3, 8)]}, padri: [-1], figli: [1], mosse: [-1]
1 -> costo: 70593.0, rotte: {3: [(1, 8)], 5: [(1, 7), (7, 5)], 4: [(1, 6), (6, 2), (2, 10), (10, 9), (9, 5)], 2: [(1, 4), (4, 3), (3, 8)]}, padri: [0], figli: [2, 6, 10, 11], mosse: [(4, 3, 2, 10, 2)]
2 -> costo: 64968.8, rotte: {3: [(1, 8)], 5: [(1, 7), (7, 5)], 4: [(1, 5), (5, 6), (6, 2), (2, 10), (10, 9)], 2: [(1, 4), (4, 3), (3, 8)]}, padri: [1, 6], figli: [3, 5, 5], mosse: [(4, 4, 1, 5, 1), (4, 4, 5, 6, 13)]
3 -> costo: 64121.600000000006, rotte: {3: [(1, 8)], 5: [(1, 7), (7, 5)], 4: [(1, 5), (5, 6), (6, 2), (2, 10), (10, 9)], 2: [(1, 4), (4, 3)]}, padri: [2, 7], figli: [4, 4], mosse: [(3, 2, 1, 8, 1), (4, 4, 5, 6, 13)]
4 -> costo: 63433.700000000004, rotte: {3: [(1, 8)], 5: [(1, 5), (5, 7)], 4: [(1, 5), (5, 6), (6, 2), (2, 10), (10, 9)], 2: [(1, 4), (4, 3)]}, padri: [3, 3, 5, 8, 14], figli: [], mosse: [(5, 5, 1, 5, 10), (5, 5, 5, 7, 15), (3, 2, 1, 8, 1), (4, 4, 5, 6, 13), (4, 4, 6, 2, 3)]
5 -> costo: 64280.9, rotte: {3: [(1, 8)], 5: [(1, 5), (5, 7)], 4: [(1, 5), (5, 6), (6, 2), (2, 10), (10, 9)], 2: [(1, 4), (4, 3), (3, 8)]}, padri: [2, 2, 9], figli: [4], mosse: [(5, 5, 1, 5, 10), (5, 5, 5, 7, 15), (4, 4, 5, 6, 13)]
6 -> costo: 65226.8, rotte: {3: [(1, 8)], 5: [(1, 7), (7, 5)], 4: [(1, 6), (6, 5), (5, 2), (2, 10), (10, 9)], 2: [(1, 4), (4, 3), (3, 8)]}, padri: [1, 10], figli: [7, 9, 9, 2, 12], mosse: [(4, 4, 6, 5, 1), (4, 4, 5, 2, 3)]
7 -> costo: 64379.600000000006, rotte: {3: [(1, 8)], 5: [(1, 7), (7, 5)], 4: [(1, 6), (6, 5), (5, 2), (2, 10), (10, 9)], 2: [(1, 4), (4, 3)]}, padri: [6, 11, 15], figli: [8, 8, 3, 13, 13], mosse: [(3, 2, 1, 8, 1), (4, 4, 5, 2, 3), (4, 4, 5, 2, 3)]
8 -> costo: 63691.700000000004, rotte: {3: [(1, 8)], 5: [(1, 5), (5, 7)], 4: [(1, 6), (6, 5), (5, 2), (2, 10), (10, 9)], 2: [(1, 4), (4, 3)]}, padri: [7, 7, 9, 12, 13], figli: [4], mosse: [(5, 5, 1, 5, 10), (5, 5, 5, 7, 15), (3, 2, 1, 8, 1), (4, 4, 5, 2, 3), (4, 4, 5, 2, 3)]
9 -> costo: 64538.9, rotte: {3: [(1, 8)], 5: [(1, 5), (5, 7)], 4: [(1, 6), (6, 5), (5, 2), (2, 10), (10, 9)], 2: [(1, 4), (4, 3), (3, 8)]}, padri: [6, 6], figli: [8, 5, 13], mosse: [(5, 5, 1, 5, 10), (5, 5, 5, 7, 15)]
10 -> costo: 66466.70000000001, rotte: {3: [(1, 8)], 5: [(1, 7), (7, 5)], 4: [(1, 6), (6, 2), (2, 5), (5, 10), (10, 9)], 2: [(1, 4), (4, 3), (3, 8)]}, padri: [1], figli: [6, 11], mosse: [(4, 4, 2, 5, 1)]
11 -> costo: 65619.5, rotte: {3: [(1, 8)], 5: [(1, 7), (7, 5)], 4: [(1, 6), (6, 2), (2, 5), (5, 10), (10, 9)], 2: [(1, 4), (4, 3)]}, padri: [10], figli: [7, 12, 12, 15, 15], mosse: [(3, 2, 1, 8, 1)]
12 -> costo: 64931.600000000006, rotte: {3: [(1, 8)], 5: [(1, 5), (5, 7)], 4: [(1, 6), (6, 2), (2, 5), (5, 10), (10, 9)], 2: [(1, 4), (4, 3)]}, padri: [11, 11], figli: [8, 13, 14], mosse: [(5, 5, 1, 5, 10), (5, 5, 5, 7, 15)]
13 -> costo: 64633.700000000004, rotte: {3: [(1, 8)], 5: [(1, 5), (5, 7)], 4: [(1, 2), (2, 6), (6, 5), (5, 10), (10, 9)], 2: [(1, 4), (4, 3)]}, padri: [12, 14, 15, 15], figli: [8], mosse: [(4, 4, 2, 6, 13), (4, 4, 6, 5, 1), (5, 5, 1, 5, 10), (5, 5, 5, 7, 15)]
14 -> costo: 64675.4, rotte: {3: [(1, 8)], 5: [(1, 5), (5, 7)], 4: [(1, 2), (2, 5), (5, 6), (6, 10), (10, 9)], 2: [(1, 4), (4, 3)]}, padri: [12], figli: [4, 13], mosse: [(4, 4, 5, 6, 13)]
15 -> costo: 65321.600000000006, rotte: {3: [(1, 8)], 5: [(1, 7), (7, 5)], 4: [(1, 2), (2, 6), (6, 5), (5, 10), (10, 9)], 2: [(1, 4), (4, 3)]}, padri: [11], figli: [7, 13, 13], mosse: [(4, 4, 2, 6, 13)]
bestSolutionIndice: 4
4 -> costo: 63433.700000000004, rotte: {3: [(1, 8)], 5: [(1, 5), (5, 7)], 4: [(1, 5), (5, 6), (6, 2), (2, 10), (10, 9)], 2: [(1, 4), (4, 3)]}, padri: [3, 3, 5, 8, 14], figli: [], mosse: [(5, 5, 1, 5, 10), (5, 5, 5, 7, 15), (3, 2, 1, 8, 1), (4, 4, 5, 6, 13), (4, 4, 6, 2, 3)]
trasportoPalletDiGamma: {3: [(8, 19)], 5: [(5, 10), (7, 15)], 4: [(5, 1), (6, 13), (2, 3), (10, 2), (9, 1)], 2: [(4, 8), (3, 6)]}
itMosseLS: 35, itMosseTS: 30
time elapsed: 123.57s.


##########################################################################################
s: 1
dictSolutions[1]:
0 -> costo: 75945.8, rotte: {2: [(1, 3), (3, 2), (2, 6)], 5: [(1, 7), (7, 9), (9, 10), (10, 6)], 4: [(1, 5), (5, 4), (4, 6)], 3: [(1, 8), (8, 10)]}, padri: [-1], figli: [1], mosse: [-1]
1 -> costo: 70195.2, rotte: {2: [(1, 3), (3, 2), (2, 6)], 5: [(1, 7), (7, 9), (9, 10), (10, 6)], 4: [(1, 5), (5, 4), (4, 6)], 3: [(1, 8)]}, padri: [0], figli: [2], mosse: [(5, 3, 1, 10, 1)]
2 -> costo: 65130.4, rotte: {2: [(1, 3), (3, 2), (2, 6)], 5: [(1, 6), (6, 7), (7, 9), (9, 10)], 4: [(1, 5), (5, 4), (4, 6)], 3: [(1, 8)]}, padri: [1], figli: [3, 9], mosse: [(5, 5, 1, 6, 6)]
3 -> costo: 64549.4, rotte: {2: [(1, 6), (6, 3), (3, 2)], 5: [(1, 6), (6, 7), (7, 9), (9, 10)], 4: [(1, 5), (5, 4), (4, 6)], 3: [(1, 8)]}, padri: [2], figli: [4, 4, 4, 7, 7, 7, 8, 8, 8, 10, 10, 10], mosse: [(2, 2, 1, 6, 6)]
4 -> costo: 64314.4, rotte: {2: [(1, 6), (6, 3), (3, 2)], 5: [(1, 6), (6, 7), (7, 10), (10, 9)], 4: [(1, 5), (5, 4), (4, 6)], 3: [(1, 8)]}, padri: [3, 3, 3, 9, 14, 14, 14], figli: [5, 6, 6, 6, 11], mosse: [(5, 5, 7, 10, 2), (5, 5, 10, 9, 1), (5, 5, 9, 10), (2, 2, 1, 6, 6), (2, 2, 6, 3, 6), (2, 2, 3, 2, 3), (2, 2, 2, 3)]
5 -> costo: 64228.6, rotte: {2: [(1, 6), (6, 3), (3, 2)], 5: [(1, 6), (6, 7), (7, 10), (10, 9)], 4: [(1, 4), (4, 6), (6, 5)], 3: [(1, 8)]}, padri: [4, 7, 7, 7, 10, 12, 12, 12], figli: [], mosse: [(4, 4, 6, 5, 11), (5, 5, 7, 10, 2), (5, 5, 10, 9, 1), (5, 5, 9, 10), (2, 2, 1, 6, 6), (2, 2, 6, 3, 6), (2, 2, 3, 2, 3), (2, 2, 2, 3)]
6 -> costo: 64273.0, rotte: {2: [(1, 6), (6, 3), (3, 2)], 5: [(1, 6), (6, 7), (7, 10), (10, 9)], 4: [(1, 5), (5, 6), (6, 4)], 3: [(1, 8)]}, padri: [4, 4, 4, 8, 8, 8, 15], figli: [], mosse: [(4, 4, 5, 6, 1), (4, 4, 6, 4, 8), (4, 4, 4, 6), (5, 5, 7, 10, 2), (5, 5, 10, 9, 1), (5, 5, 9, 10), (2, 2, 6, 3, 6)]
7 -> costo: 64463.6, rotte: {2: [(1, 6), (6, 3), (3, 2)], 5: [(1, 6), (6, 7), (7, 9), (9, 10)], 4: [(1, 4), (4, 6), (6, 5)], 3: [(1, 8)]}, padri: [3], figli: [5, 5, 5, 11, 11, 11], mosse: [(4, 4, 6, 5, 11)]
8 -> costo: 64508.0, rotte: {2: [(1, 6), (6, 3), (3, 2)], 5: [(1, 6), (6, 7), (7, 9), (9, 10)], 4: [(1, 5), (5, 6), (6, 4)], 3: [(1, 8)]}, padri: [3, 3, 3], figli: [6, 6, 6], mosse: [(4, 4, 5, 6, 1), (4, 4, 6, 4, 8), (4, 4, 4, 6)]
9 -> costo: 64895.4, rotte: {2: [(1, 3), (3, 2), (2, 6)], 5: [(1, 6), (6, 7), (7, 10), (10, 9)], 4: [(1, 5), (5, 4), (4, 6)], 3: [(1, 8)]}, padri: [2], figli: [4, 10, 13], mosse: [(5, 5, 7, 10, 2)]
10 -> costo: 64809.6, rotte: {2: [(1, 3), (3, 2), (2, 6)], 5: [(1, 6), (6, 7), (7, 10), (10, 9)], 4: [(1, 4), (4, 6), (6, 5)], 3: [(1, 8)]}, padri: [9], figli: [5, 11], mosse: [(4, 4, 6, 5, 11)]
11 -> costo: 64766.1, rotte: {2: [(1, 2), (2, 3), (3, 6)], 5: [(1, 6), (6, 7), (7, 10), (10, 9)], 4: [(1, 4), (4, 6), (6, 5)], 3: [(1, 8)]}, padri: [10], figli: [12, 15], mosse: [(2, 2, 2, 3, 6)]
12 -> costo: 64320.7, rotte: {2: [(1, 6), (6, 2), (2, 3)], 5: [(1, 6), (6, 7), (7, 10), (10, 9)], 4: [(1, 4), (4, 6), (6, 5)], 3: [(1, 8)]}, padri: [11, 14], figli: [5, 5, 5], mosse: [(2, 2, 1, 6, 6), (4, 4, 6, 5, 11)]
13 -> costo: 64851.9, rotte: {2: [(1, 2), (2, 3), (3, 6)], 5: [(1, 6), (6, 7), (7, 10), (10, 9)], 4: [(1, 5), (5, 4), (4, 6)], 3: [(1, 8)]}, padri: [9], figli: [14], mosse: [(2, 2, 2, 3, 6)]
14 -> costo: 64406.5, rotte: {2: [(1, 6), (6, 2), (2, 3)], 5: [(1, 6), (6, 7), (7, 10), (10, 9)], 4: [(1, 5), (5, 4), (4, 6)], 3: [(1, 8)]}, padri: [13], figli: [4, 4, 4, 12, 15], mosse: [(2, 2, 1, 6, 6)]
15 -> costo: 64365.1, rotte: {2: [(1, 6), (6, 2), (2, 3)], 5: [(1, 6), (6, 7), (7, 10), (10, 9)], 4: [(1, 5), (5, 6), (6, 4)], 3: [(1, 8)]}, padri: [14], figli: [6], mosse: [(4, 4, 5, 6, 1)]
bestSolutionIndice: 5
5 -> costo: 64228.6, rotte: {2: [(1, 6), (6, 3), (3, 2)], 5: [(1, 6), (6, 7), (7, 10), (10, 9)], 4: [(1, 4), (4, 6), (6, 5)], 3: [(1, 8)]}, padri: [4, 7, 7, 7, 10, 12, 12, 12], figli: [], mosse: [(4, 4, 6, 5, 11), (5, 5, 7, 10, 2), (5, 5, 10, 9, 1), (5, 5, 9, 10), (2, 2, 1, 6, 6), (2, 2, 6, 3, 6), (2, 2, 3, 2, 3), (2, 2, 2, 3)]
trasportoPalletDiGamma: {2: [(6, 6), (3, 6), (2, 3)], 5: [(6, 6), (7, 15), (10, 2), (9, 1)], 4: [(4, 8), (6, 1), (5, 11)], 3: [(8, 19)]}
itMosseLS: 37, itMosseTS: 30
time elapsed: 139.51s.


##########################################################################################
s: 1
dictSolutions[1]:
0 -> costo: 78219.29999999999, rotte: {2: [(1, 4), (4, 8)], 4: [(1, 10), (10, 3), (3, 2), (2, 6), (6, 8)], 3: [(1, 5), (5, 6)], 5: [(1, 9), (9, 7), (7, 8)]}, padri: [-1], figli: [1], mosse: [-1]
1 -> costo: 68888.9, rotte: {2: [(1, 4), (4, 8)], 4: [(1, 9), (9, 10), (10, 3), (3, 2), (2, 6), (6, 8)], 3: [(1, 5), (5, 6)], 5: [(1, 7), (7, 8)]}, padri: [0], figli: [2, 6, 6, 6], mosse: [(4, 5, 1, 9, 1)]
2 -> costo: 67931.2, rotte: {2: [(1, 4), (4, 8)], 4: [(1, 9), (9, 10), (10, 8), (8, 3), (3, 2), (2, 6)], 3: [(1, 5), (5, 6)], 5: [(1, 7), (7, 8)]}, padri: [1, 10], figli: [3, 5, 5, 5], mosse: [(4, 4, 10, 8, 3), (4, 4, 3, 2, 3)]
3 -> costo: 67526.49999999999, rotte: {2: [(1, 4), (4, 8)], 4: [(1, 9), (9, 10), (10, 8), (8, 2), (2, 3), (3, 6)], 3: [(1, 5), (5, 6)], 5: [(1, 7), (7, 8)]}, padri: [2, 10], figli: [4, 4, 4], mosse: [(4, 4, 2, 3, 6), (4, 4, 8, 2, 3)]
4 -> costo: 67419.2, rotte: {2: [(1, 4), (4, 8)], 4: [(1, 9), (9, 10), (10, 8), (8, 2), (2, 3), (3, 6)], 3: [(1, 5), (5, 6)], 5: [(1, 8), (8, 7)]}, padri: [3, 3, 3, 5, 8], figli: [], mosse: [(5, 5, 1, 8, 9), (5, 5, 8, 7, 15), (5, 5, 7, 8), (4, 4, 2, 3, 6), (4, 4, 8, 2, 3)]
5 -> costo: 67823.90000000001, rotte: {2: [(1, 4), (4, 8)], 4: [(1, 9), (9, 10), (10, 8), (8, 3), (3, 2), (2, 6)], 3: [(1, 5), (5, 6)], 5: [(1, 8), (8, 7)]}, padri: [2, 2, 2, 8], figli: [4], mosse: [(5, 5, 1, 8, 9), (5, 5, 8, 7, 15), (5, 5, 7, 8), (4, 4, 3, 2, 3)]
6 -> costo: 68313.49999999999, rotte: {2: [(1, 4), (4, 8)], 4: [(1, 9), (9, 10), (10, 3), (3, 2), (2, 8), (8, 6)], 3: [(1, 5), (5, 6)], 5: [(1, 7), (7, 8)]}, padri: [1, 1, 1], figli: [7, 7, 7, 10, 10, 10, 11], mosse: [(4, 4, 2, 8, 3), (4, 4, 8, 6, 4), (4, 4, 6, 8)]
7 -> costo: 68206.2, rotte: {2: [(1, 4), (4, 8)], 4: [(1, 9), (9, 10), (10, 3), (3, 2), (2, 8), (8, 6)], 3: [(1, 5), (5, 6)], 5: [(1, 8), (8, 7)]}, padri: [6, 6, 6], figli: [8, 9], mosse: [(5, 5, 1, 8, 9), (5, 5, 8, 7, 15), (5, 5, 7, 8)]
8 -> costo: 68121.8, rotte: {2: [(1, 4), (4, 8)], 4: [(1, 9), (9, 10), (10, 2), (2, 8), (8, 3), (3, 6)], 3: [(1, 5), (5, 6)], 5: [(1, 8), (8, 7)]}, padri: [7, 9, 10, 10, 10], figli: [4, 5], mosse: [(4, 4, 8, 3, 6), (4, 4, 8, 3, 6), (5, 5, 1, 8, 9), (5, 5, 8, 7, 15), (5, 5, 7, 8)]
9 -> costo: 68171.0, rotte: {2: [(1, 4), (4, 8)], 4: [(1, 9), (9, 10), (10, 2), (2, 3), (3, 8), (8, 6)], 3: [(1, 5), (5, 6)], 5: [(1, 8), (8, 7)]}, padri: [7, 11, 11, 11], figli: [8], mosse: [(4, 4, 2, 3, 6), (5, 5, 1, 8, 9), (5, 5, 8, 7, 15), (5, 5, 7, 8)]
10 -> costo: 68229.09999999999, rotte: {2: [(1, 4), (4, 8)], 4: [(1, 9), (9, 10), (10, 2), (2, 8), (8, 3), (3, 6)], 3: [(1, 5), (5, 6)], 5: [(1, 7), (7, 8)]}, padri: [6, 11], figli: [3, 2, 8, 8, 8], mosse: [(4, 4, 8, 3, 6), (4, 4, 8, 3, 6)]
11 -> costo: 68278.3, rotte: {2: [(1, 4), (4, 8)], 4: [(1, 9), (9, 10), (10, 2), (2, 3), (3, 8), (8, 6)], 3: [(1, 5), (5, 6)], 5: [(1, 7), (7, 8)]}, padri: [6], figli: [9, 9, 9, 10], mosse: [(4, 4, 2, 3, 6)]
bestSolutionIndice: 4
4 -> costo: 67419.2, rotte: {2: [(1, 4), (4, 8)], 4: [(1, 9), (9, 10), (10, 8), (8, 2), (2, 3), (3, 6)], 3: [(1, 5), (5, 6)], 5: [(1, 8), (8, 7)]}, padri: [3, 3, 3, 5, 8], figli: [], mosse: [(5, 5, 1, 8, 9), (5, 5, 8, 7, 15), (5, 5, 7, 8), (4, 4, 2, 3, 6), (4, 4, 8, 2, 3)]
trasportoPalletDiGamma: {2: [(4, 8), (8, 7)], 4: [(9, 1), (10, 2), (8, 3), (2, 3), (3, 6), (6, 4)], 3: [(5, 11), (6, 9)], 5: [(8, 9), (7, 15)]}
itMosseLS: 32, itMosseTS: 30
time elapsed: 147.84s.


##########################################################################################
s: 1
dictSolutions[1]:
0 -> costo: 80945.4, rotte: {3: [(1, 4), (4, 2), (2, 7)], 2: [(1, 9), (9, 6), (6, 5)], 4: [(1, 8), (8, 5)], 5: [(1, 3), (3, 10), (10, 7), (7, 5)]}, padri: [-1], figli: [1], mosse: [-1]
1 -> costo: 71360.00000000001, rotte: {3: [(1, 4), (4, 2), (2, 7)], 2: [(1, 6), (6, 5)], 4: [(1, 8), (8, 5)], 5: [(1, 3), (3, 9), (9, 10), (10, 7), (7, 5)]}, padri: [0], figli: [2], mosse: [(5, 2, 3, 9, 1)]
2 -> costo: 68480.20000000001, rotte: {3: [(1, 4), (4, 2), (2, 7)], 2: [(1, 6), (6, 5)], 4: [(1, 8), (8, 5)], 5: [(1, 9), (9, 10), (10, 3), (3, 7), (7, 5)]}, padri: [1], figli: [3, 3], mosse: [(5, 5, 10, 3, 6)]
3 -> costo: 67578.40000000001, rotte: {3: [(1, 4), (4, 2), (2, 7)], 2: [(1, 6), (6, 5)], 4: [(1, 8)], 5: [(1, 9), (9, 10), (10, 3), (3, 7), (7, 5)]}, padri: [2, 2], figli: [4, 4, 4, 6, 6, 6, 6, 6], mosse: [(2, 4, 1, 5, 1), (2, 4, 6, 5, 1)]
4 -> costo: 67369.40000000001, rotte: {3: [(1, 4), (4, 2), (2, 7)], 2: [(1, 5), (5, 6)], 4: [(1, 8)], 5: [(1, 9), (9, 10), (10, 3), (3, 7), (7, 5)]}, padri: [3, 3, 3], figli: [5, 5, 5], mosse: [(2, 2, 1, 5, 2), (2, 2, 5, 6, 13), (2, 2, 6, 5)]
5 -> costo: 67298.90000000001, rotte: {3: [(1, 4), (4, 7), (7, 2)], 2: [(1, 5), (5, 6)], 4: [(1, 8)], 5: [(1, 9), (9, 10), (10, 3), (3, 7), (7, 5)]}, padri: [4, 4, 4, 6, 6, 6], figli: [], mosse: [(3, 3, 4, 7, 9), (3, 3, 7, 2, 3), (3, 3, 2, 7), (2, 2, 1, 5, 2), (2, 2, 5, 6, 13), (2, 2, 6, 5)]
6 -> costo: 67507.90000000001, rotte: {3: [(1, 4), (4, 7), (7, 2)], 2: [(1, 6), (6, 5)], 4: [(1, 8)], 5: [(1, 9), (9, 10), (10, 3), (3, 7), (7, 5)]}, padri: [3, 3, 3], figli: [5, 5, 5], mosse: [(3, 3, 4, 7, 9), (3, 3, 7, 2, 3), (3, 3, 2, 7)]
7 -> costo: 67578.40000000001, rotte: {3: [(1, 4), (4, 2), (2, 7)], 2: [(1, 6), (6, 5)], 4: [(1, 8)], 5: [(1, 9), (9, 10), (10, 3), (3, 7), (7, 5)]}, padri: [2], figli: [], mosse: [(5, 4, 1, 5, 1)]
8 -> costo: 67369.40000000001, rotte: {3: [(1, 4), (4, 2), (2, 7)], 2: [(1, 5), (5, 6)], 4: [(1, 8)], 5: [(1, 9), (9, 10), (10, 3), (3, 7), (7, 5)]}, padri: [7], figli: [], mosse: [(2, 2, 1, 5, 1)]
9 -> costo: 67298.90000000001, rotte: {3: [(1, 4), (4, 7), (7, 2)], 2: [(1, 5), (5, 6)], 4: [(1, 8)], 5: [(1, 9), (9, 10), (10, 3), (3, 7), (7, 5)]}, padri: [8], figli: [], mosse: [(3, 3, 4, 7, 9)]
10 -> costo: 67298.90000000001, rotte: {3: [(1, 4), (4, 7), (7, 2)], 2: [(1, 5), (5, 6)], 4: [(1, 8)], 5: [(1, 9), (9, 10), (10, 3), (3, 7), (7, 5)]}, padri: [8], figli: [], mosse: [(3, 3, 7, 2, 3)]
11 -> costo: 67298.90000000001, rotte: {3: [(1, 4), (4, 7), (7, 2)], 2: [(1, 5), (5, 6)], 4: [(1, 8)], 5: [(1, 9), (9, 10), (10, 3), (3, 7), (7, 5)]}, padri: [8], figli: [], mosse: [(3, 3, 2, 7)]
12 -> costo: 67369.40000000001, rotte: {3: [(1, 4), (4, 2), (2, 7)], 2: [(1, 5), (5, 6)], 4: [(1, 8)], 5: [(1, 9), (9, 10), (10, 3), (3, 7), (7, 5)]}, padri: [7], figli: [], mosse: [(2, 2, 5, 6, 13)]
13 -> costo: 67298.90000000001, rotte: {3: [(1, 4), (4, 7), (7, 2)], 2: [(1, 5), (5, 6)], 4: [(1, 8)], 5: [(1, 9), (9, 10), (10, 3), (3, 7), (7, 5)]}, padri: [12], figli: [], mosse: [(3, 3, 4, 7, 9)]
14 -> costo: 67298.90000000001, rotte: {3: [(1, 4), (4, 7), (7, 2)], 2: [(1, 5), (5, 6)], 4: [(1, 8)], 5: [(1, 9), (9, 10), (10, 3), (3, 7), (7, 5)]}, padri: [12], figli: [], mosse: [(3, 3, 7, 2, 3)]
15 -> costo: 67298.90000000001, rotte: {3: [(1, 4), (4, 7), (7, 2)], 2: [(1, 5), (5, 6)], 4: [(1, 8)], 5: [(1, 9), (9, 10), (10, 3), (3, 7), (7, 5)]}, padri: [12], figli: [], mosse: [(3, 3, 2, 7)]
16 -> costo: 67369.40000000001, rotte: {3: [(1, 4), (4, 2), (2, 7)], 2: [(1, 5), (5, 6)], 4: [(1, 8)], 5: [(1, 9), (9, 10), (10, 3), (3, 7), (7, 5)]}, padri: [7], figli: [], mosse: [(2, 2, 6, 5)]
17 -> costo: 67298.90000000001, rotte: {3: [(1, 4), (4, 7), (7, 2)], 2: [(1, 5), (5, 6)], 4: [(1, 8)], 5: [(1, 9), (9, 10), (10, 3), (3, 7), (7, 5)]}, padri: [16], figli: [], mosse: [(3, 3, 4, 7, 9)]
18 -> costo: 67298.90000000001, rotte: {3: [(1, 4), (4, 7), (7, 2)], 2: [(1, 5), (5, 6)], 4: [(1, 8)], 5: [(1, 9), (9, 10), (10, 3), (3, 7), (7, 5)]}, padri: [16], figli: [], mosse: [(3, 3, 7, 2, 3)]
19 -> costo: 67298.90000000001, rotte: {3: [(1, 4), (4, 7), (7, 2)], 2: [(1, 5), (5, 6)], 4: [(1, 8)], 5: [(1, 9), (9, 10), (10, 3), (3, 7), (7, 5)]}, padri: [16], figli: [], mosse: [(3, 3, 2, 7)]
20 -> costo: 67507.90000000001, rotte: {3: [(1, 4), (4, 7), (7, 2)], 2: [(1, 6), (6, 5)], 4: [(1, 8)], 5: [(1, 9), (9, 10), (10, 3), (3, 7), (7, 5)]}, padri: [7], figli: [], mosse: [(3, 3, 4, 7, 9)]
21 -> costo: 67298.90000000001, rotte: {3: [(1, 4), (4, 7), (7, 2)], 2: [(1, 5), (5, 6)], 4: [(1, 8)], 5: [(1, 9), (9, 10), (10, 3), (3, 7), (7, 5)]}, padri: [20], figli: [], mosse: [(2, 2, 1, 5, 1)]
22 -> costo: 67298.90000000001, rotte: {3: [(1, 4), (4, 7), (7, 2)], 2: [(1, 5), (5, 6)], 4: [(1, 8)], 5: [(1, 9), (9, 10), (10, 3), (3, 7), (7, 5)]}, padri: [20], figli: [], mosse: [(2, 2, 5, 6, 13)]
23 -> costo: 67298.90000000001, rotte: {3: [(1, 4), (4, 7), (7, 2)], 2: [(1, 5), (5, 6)], 4: [(1, 8)], 5: [(1, 9), (9, 10), (10, 3), (3, 7), (7, 5)]}, padri: [20], figli: [], mosse: [(2, 2, 6, 5)]
24 -> costo: 67507.90000000001, rotte: {3: [(1, 4), (4, 7), (7, 2)], 2: [(1, 6), (6, 5)], 4: [(1, 8)], 5: [(1, 9), (9, 10), (10, 3), (3, 7), (7, 5)]}, padri: [7], figli: [], mosse: [(3, 3, 7, 2, 3)]
25 -> costo: 67298.90000000001, rotte: {3: [(1, 4), (4, 7), (7, 2)], 2: [(1, 5), (5, 6)], 4: [(1, 8)], 5: [(1, 9), (9, 10), (10, 3), (3, 7), (7, 5)]}, padri: [24], figli: [], mosse: [(2, 2, 1, 5, 1)]
bestSolutionIndice: 5
5 -> costo: 67298.90000000001, rotte: {3: [(1, 4), (4, 7), (7, 2)], 2: [(1, 5), (5, 6)], 4: [(1, 8)], 5: [(1, 9), (9, 10), (10, 3), (3, 7), (7, 5)]}, padri: [4, 4, 4, 6, 6, 6], figli: [], mosse: [(3, 3, 4, 7, 9), (3, 3, 7, 2, 3), (3, 3, 2, 7), (2, 2, 1, 5, 2), (2, 2, 5, 6, 13), (2, 2, 6, 5)]
trasportoPalletDiGamma: {3: [(4, 8), (7, 9), (2, 3)], 2: [(5, 2), (6, 13)], 4: [(8, 19)], 5: [(9, 1), (10, 2), (3, 6), (7, 6), (5, 9)]}
itMosseLS: 35, itMosseTS: 30
time elapsed: 105.41s.


##########################################################################################
s: 1
dictSolutions[1]:
0 -> costo: 68636.09999999998, rotte: {4: [(1, 2), (2, 5), (5, 3)], 3: [(1, 7), (7, 8)], 2: [(1, 9), (9, 10), (10, 8)], 5: [(1, 4), (4, 6), (6, 8)]}, padri: [-1], figli: [1], mosse: [-1]
1 -> costo: 66065.5, rotte: {4: [(1, 2), (2, 5), (5, 3)], 3: [(1, 7), (7, 8)], 2: [(1, 8), (8, 9), (9, 10)], 5: [(1, 4), (4, 6), (6, 8)]}, padri: [0], figli: [2, 6], mosse: [(2, 2, 1, 8, 12)]
2 -> costo: 64768.3, rotte: {4: [(1, 5), (5, 3), (3, 2)], 3: [(1, 7), (7, 8)], 2: [(1, 8), (8, 9), (9, 10)], 5: [(1, 4), (4, 6), (6, 8)]}, padri: [1], figli: [3, 3, 3, 5, 5, 5, 5, 5], mosse: [(4, 4, 3, 2, 3)]
3 -> costo: 64533.3, rotte: {4: [(1, 5), (5, 3), (3, 2)], 3: [(1, 7), (7, 8)], 2: [(1, 8), (8, 10), (10, 9)], 5: [(1, 4), (4, 6), (6, 8)]}, padri: [2, 2, 2, 7, 7, 7], figli: [4, 4, 4], mosse: [(2, 2, 8, 10, 2), (2, 2, 10, 9, 1), (2, 2, 9, 10), (4, 4, 5, 3, 6), (4, 4, 3, 2, 3), (4, 4, 2, 3)]
4 -> costo: 64426.00000000001, rotte: {4: [(1, 5), (5, 3), (3, 2)], 3: [(1, 8), (8, 7)], 2: [(1, 8), (8, 10), (10, 9)], 5: [(1, 4), (4, 6), (6, 8)]}, padri: [3, 3, 3, 5, 5, 5, 8, 8, 8], figli: [], mosse: [(3, 3, 1, 8, 5), (3, 3, 8, 7, 15), (3, 3, 7, 8), (2, 2, 8, 10, 2), (2, 2, 10, 9, 1), (2, 2, 9, 10), (4, 4, 5, 3, 6), (4, 4, 3, 2, 3), (4, 4, 2, 3)]
5 -> costo: 64661.00000000001, rotte: {4: [(1, 5), (5, 3), (3, 2)], 3: [(1, 8), (8, 7)], 2: [(1, 8), (8, 9), (9, 10)], 5: [(1, 4), (4, 6), (6, 8)]}, padri: [2, 2, 2, 9, 9, 9], figli: [4, 4, 4], mosse: [(3, 3, 1, 8, 5), (3, 3, 8, 7, 15), (3, 3, 7, 8), (4, 4, 5, 3, 6), (4, 4, 3, 2, 3), (4, 4, 2, 3)]
6 -> costo: 64816.90000000001, rotte: {4: [(1, 5), (5, 2), (2, 3)], 3: [(1, 7), (7, 8)], 2: [(1, 8), (8, 9), (9, 10)], 5: [(1, 4), (4, 6), (6, 8)]}, padri: [1], figli: [7, 7, 7, 9, 9, 9], mosse: [(4, 4, 5, 2, 3)]
7 -> costo: 64581.90000000001, rotte: {4: [(1, 5), (5, 2), (2, 3)], 3: [(1, 7), (7, 8)], 2: [(1, 8), (8, 10), (10, 9)], 5: [(1, 4), (4, 6), (6, 8)]}, padri: [6, 6, 6], figli: [8, 8, 8, 3, 3, 3], mosse: [(2, 2, 8, 10, 2), (2, 2, 10, 9, 1), (2, 2, 9, 10)]
8 -> costo: 64474.600000000006, rotte: {4: [(1, 5), (5, 2), (2, 3)], 3: [(1, 8), (8, 7)], 2: [(1, 8), (8, 10), (10, 9)], 5: [(1, 4), (4, 6), (6, 8)]}, padri: [7, 7, 7, 9, 9, 9], figli: [4, 4, 4], mosse: [(3, 3, 1, 8, 5), (3, 3, 8, 7, 15), (3, 3, 7, 8), (2, 2, 8, 10, 2), (2, 2, 10, 9, 1), (2, 2, 9, 10)]
9 -> costo: 64709.600000000006, rotte: {4: [(1, 5), (5, 2), (2, 3)], 3: [(1, 8), (8, 7)], 2: [(1, 8), (8, 9), (9, 10)], 5: [(1, 4), (4, 6), (6, 8)]}, padri: [6], figli: [8, 8, 8, 5, 5, 5], mosse: [(3, 3, 1, 8, 5)]
bestSolutionIndice: 4
4 -> costo: 64426.00000000001, rotte: {4: [(1, 5), (5, 3), (3, 2)], 3: [(1, 8), (8, 7)], 2: [(1, 8), (8, 10), (10, 9)], 5: [(1, 4), (4, 6), (6, 8)]}, padri: [3, 3, 3, 5, 5, 5, 8, 8, 8], figli: [], mosse: [(3, 3, 1, 8, 5), (3, 3, 8, 7, 15), (3, 3, 7, 8), (2, 2, 8, 10, 2), (2, 2, 10, 9, 1), (2, 2, 9, 10), (4, 4, 5, 3, 6), (4, 4, 3, 2, 3), (4, 4, 2, 3)]
trasportoPalletDiGamma: {4: [(5, 11), (3, 6), (2, 3)], 3: [(8, 5), (7, 15)], 2: [(8, 12), (10, 2), (9, 1)], 5: [(4, 8), (6, 13), (8, 2)]}
itMosseLS: 34, itMosseTS: 30
time elapsed: 109.01s.


##########################################################################################
s: 1
dictSolutions[1]:
0 -> costo: 79165.69999999998, rotte: {4: [(1, 4), (4, 10), (10, 8)], 2: [(1, 3), (3, 2), (2, 8)], 5: [(1, 6), (6, 5), (5, 8)], 3: [(1, 9), (9, 7), (7, 8)]}, padri: [-1], figli: [1, 1, 9, 9], mosse: [-1]
1 -> costo: 74667.59999999998, rotte: {4: [(1, 4), (4, 8), (8, 10)], 2: [(1, 3), (3, 2), (2, 8)], 5: [(1, 6), (6, 5), (5, 8)], 3: [(1, 9), (9, 7), (7, 8)]}, padri: [0, 0], figli: [2, 4, 6, 4, 4, 8, 8, 8, 10, 11], mosse: [(4, 4, 4, 8, 10), (4, 4, 8, 10, 2)]
2 -> costo: 70852.79999999999, rotte: {4: [(1, 4), (4, 8), (8, 10)], 2: [(1, 3), (3, 2), (2, 8)], 5: [(1, 6), (6, 5), (5, 8)], 3: [(1, 7), (7, 8), (8, 9)]}, padri: [1, 5, 9, 9, 10], figli: [3], mosse: [(3, 3, 8, 9, 1), (3, 3, 7, 8, 2), (4, 4, 4, 8, 10), (4, 4, 8, 10, 2), (4, 4, 4, 8, 10)]
3 -> costo: 70640.99999999999, rotte: {4: [(1, 4), (4, 8), (8, 10)], 2: [(1, 3), (3, 2), (2, 8)], 5: [(1, 5), (5, 6), (6, 8)], 3: [(1, 7), (7, 8), (8, 9)]}, padri: [2, 6, 8, 11], figli: [], mosse: [(5, 5, 5, 6, 13), (3, 3, 7, 8, 2), (3, 3, 8, 9, 1), (4, 4, 4, 8, 10)]
4 -> costo: 73551.09999999999, rotte: {4: [(1, 4), (4, 8), (8, 10)], 2: [(1, 3), (3, 2), (2, 8)], 5: [(1, 6), (6, 5), (5, 8)], 3: [(1, 9), (9, 8), (8, 7)]}, padri: [1, 1, 1], figli: [5, 7], mosse: [(3, 3, 9, 8, 2), (3, 3, 8, 7, 15), (3, 3, 7, 8)]
5 -> costo: 71863.9, rotte: {4: [(1, 4), (4, 8), (8, 10)], 2: [(1, 3), (3, 2), (2, 8)], 5: [(1, 6), (6, 5), (5, 8)], 3: [(1, 8), (8, 7), (7, 9)]}, padri: [4], figli: [2, 6, 10, 11], mosse: [(3, 3, 7, 9, 1)]
6 -> costo: 71652.09999999999, rotte: {4: [(1, 4), (4, 8), (8, 10)], 2: [(1, 3), (3, 2), (2, 8)], 5: [(1, 5), (5, 6), (6, 8)], 3: [(1, 8), (8, 7), (7, 9)]}, padri: [5, 7], figli: [3], mosse: [(5, 5, 5, 6, 13), (3, 3, 7, 9, 1)]
7 -> costo: 73339.3, rotte: {4: [(1, 4), (4, 8), (8, 10)], 2: [(1, 3), (3, 2), (2, 8)], 5: [(1, 5), (5, 6), (6, 8)], 3: [(1, 9), (9, 8), (8, 7)]}, padri: [4, 8, 8, 8], figli: [6], mosse: [(5, 5, 5, 6, 13), (3, 3, 9, 8, 2), (3, 3, 8, 7, 15), (3, 3, 7, 8)]
8 -> costo: 74455.79999999999, rotte: {4: [(1, 4), (4, 8), (8, 10)], 2: [(1, 3), (3, 2), (2, 8)], 5: [(1, 5), (5, 6), (6, 8)], 3: [(1, 9), (9, 7), (7, 8)]}, padri: [1], figli: [3, 7, 7, 7], mosse: [(5, 5, 5, 6, 13)]
9 -> costo: 75350.89999999998, rotte: {4: [(1, 4), (4, 10), (10, 8)], 2: [(1, 3), (3, 2), (2, 8)], 5: [(1, 6), (6, 5), (5, 8)], 3: [(1, 7), (7, 8), (8, 9)]}, padri: [0], figli: [2, 2, 10, 10, 11, 11, 12], mosse: [(3, 3, 8, 9, 1)]
10 -> costo: 72120.99999999999, rotte: {4: [(1, 8), (8, 4), (4, 10)], 2: [(1, 3), (3, 2), (2, 8)], 5: [(1, 6), (6, 5), (5, 8)], 3: [(1, 7), (7, 8), (8, 9)]}, padri: [9], figli: [2, 11], mosse: [(4, 4, 1, 8, 10)]
11 -> costo: 71909.2, rotte: {4: [(1, 8), (8, 4), (4, 10)], 2: [(1, 3), (3, 2), (2, 8)], 5: [(1, 5), (5, 6), (6, 8)], 3: [(1, 7), (7, 8), (8, 9)]}, padri: [10], figli: [3], mosse: [(5, 5, 5, 6, 13)]
12 -> costo: 74039.59999999999, rotte: {4: [(1, 10), (10, 8), (8, 4)], 2: [(1, 3), (3, 2), (2, 8)], 5: [(1, 6), (6, 5), (5, 8)], 3: [(1, 7), (7, 8), (8, 9)]}, padri: [9], figli: [13], mosse: [(4, 4, 8, 4, 8)]
13 -> costo: 65718.4, rotte: {4: [(1, 8), (8, 4)], 2: [(1, 3), (3, 2), (2, 8)], 5: [(1, 6), (6, 5), (5, 8)], 3: [(1, 7), (7, 8), (8, 10), (10, 9)]}, padri: [12], figli: [14], mosse: [(3, 4, 8, 10, 2)]
14 -> costo: 64713.2, rotte: {4: [(1, 8), (8, 4)], 2: [(1, 3), (3, 2), (2, 8)], 5: [(1, 6), (6, 5)], 3: [(1, 7), (7, 8), (8, 10), (10, 9)]}, padri: [13], figli: [15, 15, 15, 17, 17, 17], mosse: [(4, 5, 1, 8, 1)]
15 -> costo: 64096.99999999999, rotte: {4: [(1, 4), (4, 8)], 2: [(1, 3), (3, 2), (2, 8)], 5: [(1, 6), (6, 5)], 3: [(1, 7), (7, 8), (8, 10), (10, 9)]}, padri: [14, 14, 14], figli: [16, 16, 16], mosse: [(4, 4, 1, 4, 8), (4, 4, 4, 8, 11), (4, 4, 8, 4)]
16 -> costo: 63887.99999999999, rotte: {4: [(1, 4), (4, 8)], 2: [(1, 3), (3, 2), (2, 8)], 5: [(1, 5), (5, 6)], 3: [(1, 7), (7, 8), (8, 10), (10, 9)]}, padri: [15, 15, 15, 17], figli: [], mosse: [(5, 5, 1, 5, 11), (5, 5, 5, 6, 13), (5, 5, 6, 5), (4, 4, 1, 4, 8)]
17 -> costo: 64504.2, rotte: {4: [(1, 8), (8, 4)], 2: [(1, 3), (3, 2), (2, 8)], 5: [(1, 5), (5, 6)], 3: [(1, 7), (7, 8), (8, 10), (10, 9)]}, padri: [14], figli: [16], mosse: [(5, 5, 1, 5, 11)]
bestSolutionIndice: 16
16 -> costo: 63887.99999999999, rotte: {4: [(1, 4), (4, 8)], 2: [(1, 3), (3, 2), (2, 8)], 5: [(1, 5), (5, 6)], 3: [(1, 7), (7, 8), (8, 10), (10, 9)]}, padri: [15, 15, 15, 17], figli: [], mosse: [(5, 5, 1, 5, 11), (5, 5, 5, 6, 13), (5, 5, 6, 5), (4, 4, 1, 4, 8)]
trasportoPalletDiGamma: {4: [(4, 8), (8, 11)], 2: [(3, 6), (2, 3), (8, 6)], 5: [(5, 11), (6, 13)], 3: [(7, 15), (8, 2), (10, 2), (9, 1)]}
itMosseLS: 36, itMosseTS: 30
time elapsed: 125.41s.


