itNSIMax: 10, itMosseTSMax: 50.
##########################################################################################
s: 1
dictSolutions[1]:
0 -> costo: 79493.9, rotte: {4: [(1, 7), (7, 3)], 5: [(1, 2), (2, 10), (10, 4), (4, 8)], 3: [(1, 5), (5, 8)], 2: [(1, 9), (9, 6), (6, 3)]}, padri: [-1], figli: [1], mosse: [-1]
1 -> costo: 69908.49999999999, rotte: {4: [(1, 7), (7, 3)], 5: [(1, 2), (2, 9), (9, 10), (10, 4), (4, 8)], 3: [(1, 5), (5, 8)], 2: [(1, 6), (6, 3)]}, padri: [0], figli: [2, 5, 7, 8], mosse: [(5, 2, 2, 9, 1)]
2 -> costo: 67793.7, rotte: {4: [(1, 7), (7, 3)], 5: [(1, 9), (9, 10), (10, 4), (4, 8), (8, 2)], 3: [(1, 5), (5, 8)], 2: [(1, 6), (6, 3)]}, padri: [1, 5, 5, 7], figli: [3, 4, 6], mosse: [(5, 5, 8, 2, 3), (5, 5, 4, 8, 10), (5, 5, 8, 2, 3), (5, 5, 8, 2, 3)]
3 -> costo: 67294.99999999999, rotte: {4: [(1, 7), (7, 3)], 5: [(1, 9), (9, 10), (10, 8), (8, 2), (2, 4)], 3: [(1, 5), (5, 8)], 2: [(1, 6), (6, 3)]}, padri: [2, 4, 4, 6, 7], figli: [], mosse: [(5, 5, 2, 4, 8), (5, 5, 8, 2, 3), (5, 5, 2, 4, 8), (5, 5, 8, 2, 3), (5, 5, 10, 8, 10)]
4 -> costo: 67509.4, rotte: {4: [(1, 7), (7, 3)], 5: [(1, 9), (9, 10), (10, 8), (8, 4), (4, 2)], 3: [(1, 5), (5, 8)], 2: [(1, 6), (6, 3)]}, padri: [2, 5, 6], figli: [3, 3], mosse: [(5, 5, 8, 4, 8), (5, 5, 10, 8, 10), (5, 5, 4, 2, 3)]
5 -> costo: 67943.0, rotte: {4: [(1, 7), (7, 3)], 5: [(1, 9), (9, 10), (10, 4), (4, 2), (2, 8)], 3: [(1, 5), (5, 8)], 2: [(1, 6), (6, 3)]}, padri: [1, 7], figli: [4, 6, 2, 2], mosse: [(5, 5, 4, 2, 3), (5, 5, 4, 2, 3)]
6 -> costo: 67600.4, rotte: {4: [(1, 7), (7, 3)], 5: [(1, 9), (9, 10), (10, 2), (2, 8), (8, 4)], 3: [(1, 5), (5, 8)], 2: [(1, 6), (6, 3)]}, padri: [5, 7, 7], figli: [3, 4], mosse: [(5, 5, 8, 4, 8), (5, 5, 2, 8, 10), (5, 5, 8, 4, 8)]
7 -> costo: 67964.09999999999, rotte: {4: [(1, 7), (7, 3)], 5: [(1, 9), (9, 10), (10, 2), (2, 4), (4, 8)], 3: [(1, 5), (5, 8)], 2: [(1, 6), (6, 3)]}, padri: [1], figli: [3, 6, 6, 2, 5], mosse: [(5, 5, 10, 2, 3)]
8 -> costo: 69239.4, rotte: {4: [(1, 7), (7, 3)], 5: [(1, 2), (2, 8), (8, 9), (9, 10), (10, 4)], 3: [(1, 5), (5, 8)], 2: [(1, 6), (6, 3)]}, padri: [1], figli: [9, 11, 12, 13, 15, 16], mosse: [(5, 5, 2, 8, 10)]
9 -> costo: 64108.2, rotte: {4: [(1, 7), (7, 3)], 5: [(1, 4), (4, 2), (2, 8), (8, 9), (9, 10)], 3: [(1, 5), (5, 8)], 2: [(1, 6), (6, 3)]}, padri: [8, 11, 12, 19], figli: [10, 10, 10], mosse: [(5, 5, 1, 4, 8), (5, 5, 4, 2, 3), (5, 5, 2, 8, 10), (5, 5, 2, 8, 10)]
10 -> costo: 63873.200000000004, rotte: {4: [(1, 7), (7, 3)], 5: [(1, 4), (4, 2), (2, 8), (8, 10), (10, 9)], 3: [(1, 5), (5, 8)], 2: [(1, 6), (6, 3)]}, padri: [9, 9, 9, 13, 14, 17], figli: [], mosse: [(5, 5, 8, 10, 2), (5, 5, 10, 9, 1), (5, 5, 9, 10), (5, 5, 2, 8, 10), (5, 5, 4, 2, 3), (5, 5, 2, 8, 10)]
11 -> costo: 65109.0, rotte: {4: [(1, 7), (7, 3)], 5: [(1, 2), (2, 4), (4, 8), (8, 9), (9, 10)], 3: [(1, 5), (5, 8)], 2: [(1, 6), (6, 3)]}, padri: [8, 15, 20], figli: [9, 12, 13, 14, 14, 14, 17, 17, 17], mosse: [(5, 5, 2, 4, 8), (5, 5, 4, 8, 10), (5, 5, 4, 8, 10)]
12 -> costo: 64413.6, rotte: {4: [(1, 7), (7, 3)], 5: [(1, 4), (4, 8), (8, 2), (2, 9), (9, 10)], 3: [(1, 5), (5, 8)], 2: [(1, 6), (6, 3)]}, padri: [11, 19], figli: [9, 13, 13, 13, 18, 18, 18], mosse: [(5, 5, 8, 2, 3), (5, 5, 4, 8, 10)]
13 -> costo: 64178.6, rotte: {4: [(1, 7), (7, 3)], 5: [(1, 4), (4, 8), (8, 2), (2, 10), (10, 9)], 3: [(1, 5), (5, 8)], 2: [(1, 6), (6, 3)]}, padri: [12, 12, 12, 14, 17], figli: [10], mosse: [(5, 5, 2, 10, 2), (5, 5, 10, 9, 1), (5, 5, 9, 10), (5, 5, 8, 2, 3), (5, 5, 4, 8, 10)]
14 -> costo: 64874.0, rotte: {4: [(1, 7), (7, 3)], 5: [(1, 2), (2, 4), (4, 8), (8, 10), (10, 9)], 3: [(1, 5), (5, 8)], 2: [(1, 6), (6, 3)]}, padri: [11, 11, 11, 16, 18], figli: [10, 13, 18], mosse: [(5, 5, 8, 10, 2), (5, 5, 10, 9, 1), (5, 5, 9, 10), (5, 5, 4, 8, 10), (5, 5, 4, 8, 10)]
15 -> costo: 65397.299999999996, rotte: {4: [(1, 7), (7, 3)], 5: [(1, 2), (2, 8), (8, 4), (4, 9), (9, 10)], 3: [(1, 5), (5, 8)], 2: [(1, 6), (6, 3)]}, padri: [8], figli: [11, 16, 16, 16, 19, 19, 19], mosse: [(5, 5, 8, 4, 8)]
16 -> costo: 65162.299999999996, rotte: {4: [(1, 7), (7, 3)], 5: [(1, 2), (2, 8), (8, 4), (4, 10), (10, 9)], 3: [(1, 5), (5, 8)], 2: [(1, 6), (6, 3)]}, padri: [15, 15, 15], figli: [14, 17, 20], mosse: [(5, 5, 4, 10, 2), (5, 5, 10, 9, 1), (5, 5, 9, 10)]
17 -> costo: 65158.50000000001, rotte: {4: [(1, 7), (7, 3)], 5: [(1, 8), (8, 4), (4, 2), (2, 10), (10, 9)], 3: [(1, 5), (5, 8)], 2: [(1, 6), (6, 3)]}, padri: [16, 19, 19, 19], figli: [10, 13, 18], mosse: [(5, 5, 4, 2, 3), (5, 5, 2, 10, 2), (5, 5, 10, 9, 1), (5, 5, 9, 10)]
18 -> costo: 65141.4, rotte: {4: [(1, 7), (7, 3)], 5: [(1, 8), (8, 2), (2, 4), (4, 10), (10, 9)], 3: [(1, 5), (5, 8)], 2: [(1, 6), (6, 3)]}, padri: [17], figli: [14], mosse: [(5, 5, 2, 4, 8)]
19 -> costo: 65393.5, rotte: {4: [(1, 7), (7, 3)], 5: [(1, 8), (8, 4), (4, 2), (2, 9), (9, 10)], 3: [(1, 5), (5, 8)], 2: [(1, 6), (6, 3)]}, padri: [15], figli: [9, 12, 17, 17, 17, 20, 20, 20], mosse: [(5, 5, 4, 2, 3)]
20 -> costo: 65376.4, rotte: {4: [(1, 7), (7, 3)], 5: [(1, 8), (8, 2), (2, 4), (4, 9), (9, 10)], 3: [(1, 5), (5, 8)], 2: [(1, 6), (6, 3)]}, padri: [19], figli: [11], mosse: [(5, 5, 2, 4, 8)]
bestSolutionIndice: 10
10 -> costo: 63873.200000000004, rotte: {4: [(1, 7), (7, 3)], 5: [(1, 4), (4, 2), (2, 8), (8, 10), (10, 9)], 3: [(1, 5), (5, 8)], 2: [(1, 6), (6, 3)]}, padri: [9, 9, 9, 13, 14, 17], figli: [], mosse: [(5, 5, 8, 10, 2), (5, 5, 10, 9, 1), (5, 5, 9, 10), (5, 5, 2, 8, 10), (5, 5, 4, 2, 3), (5, 5, 2, 8, 10)]
trasportoPalletDiGamma: {4: [(7, 15), (3, 5)], 5: [(4, 8), (2, 3), (8, 10), (10, 2), (9, 1)], 3: [(5, 11), (8, 9)], 2: [(6, 13), (3, 1)]}
itMosseLS: 56, itMosseTS: 50
time elapsed: 175.58s.


##########################################################################################
s: 1
dictSolutions[1]:
0 -> costo: 79906.29999999999, rotte: {2: [(1, 4), (4, 7)], 3: [(1, 9), (9, 6), (6, 8)], 5: [(1, 2), (2, 5), (5, 7), (7, 8)], 4: [(1, 10), (10, 3), (3, 8)]}, padri: [-1], figli: [1], mosse: [-1]
1 -> costo: 75836.49999999999, rotte: {2: [(1, 4), (4, 7)], 3: [(1, 6), (6, 8)], 5: [(1, 2), (2, 5), (5, 7), (7, 8), (8, 9)], 4: [(1, 10), (10, 3), (3, 8)]}, padri: [0], figli: [2, 15], mosse: [(5, 3, 8, 9, 1)]
2 -> costo: 72585.0, rotte: {2: [(1, 4), (4, 7)], 3: [(1, 6), (6, 8)], 5: [(1, 2), (2, 5), (5, 7), (7, 8), (8, 9)], 4: [(1, 3), (3, 8), (8, 10)]}, padri: [1], figli: [3, 5, 6, 7, 8, 10, 14, 14, 16, 18], mosse: [(4, 4, 8, 10, 2)]
3 -> costo: 70975.2, rotte: {2: [(1, 4), (4, 7)], 3: [(1, 6), (6, 8)], 5: [(1, 5), (5, 7), (7, 2), (2, 8), (8, 9)], 4: [(1, 3), (3, 8), (8, 10)]}, padri: [2, 5, 7, 9, 15, 17], figli: [4, 4], mosse: [(5, 5, 7, 2, 3), (5, 5, 7, 2, 3), (5, 5, 2, 8, 1), (5, 5, 5, 7, 8), (4, 4, 8, 10, 2), (4, 4, 3, 8, 12)]
4 -> costo: 70895.3, rotte: {2: [(1, 4), (4, 7)], 3: [(1, 6), (6, 8)], 5: [(1, 5), (5, 7), (7, 2), (2, 9)], 4: [(1, 3), (3, 8), (8, 10)]}, padri: [3, 3, 6, 7, 7, 10, 14, 18], figli: [], mosse: [(3, 5, 1, 8, 1), (3, 5, 6, 8, 1), (5, 5, 7, 2, 3), (3, 5, 1, 8, 1), (3, 5, 6, 8, 1), (5, 5, 5, 7, 8), (5, 5, 7, 2, 3), (4, 4, 3, 8, 12)]
5 -> costo: 71672.3, rotte: {2: [(1, 4), (4, 7)], 3: [(1, 6), (6, 8)], 5: [(1, 5), (5, 2), (2, 7), (7, 8), (8, 9)], 4: [(1, 3), (3, 8), (8, 10)]}, padri: [2, 9], figli: [3, 6, 6, 16, 18], mosse: [(5, 5, 5, 2, 3), (5, 5, 2, 7, 8)]
6 -> costo: 71629.5, rotte: {2: [(1, 4), (4, 7)], 3: [(1, 6), (6, 8)], 5: [(1, 5), (5, 2), (2, 7), (7, 9)], 4: [(1, 3), (3, 8), (8, 10)]}, padri: [5, 5, 10, 14], figli: [4], mosse: [(3, 5, 1, 8, 1), (3, 5, 6, 8, 1), (5, 5, 2, 7, 8), (5, 5, 5, 2, 3)]
7 -> costo: 71677.79999999999, rotte: {2: [(1, 4), (4, 7)], 3: [(1, 6), (6, 8)], 5: [(1, 5), (5, 7), (7, 8), (8, 2), (2, 9)], 4: [(1, 3), (3, 8), (8, 10)]}, padri: [2], figli: [4, 4, 3, 16, 18], mosse: [(5, 5, 8, 2, 3)]
8 -> costo: 72196.6, rotte: {2: [(1, 4), (4, 7)], 3: [(1, 6), (6, 8)], 5: [(1, 2), (2, 7), (7, 5), (5, 8), (8, 9)], 4: [(1, 3), (3, 8), (8, 10)]}, padri: [2], figli: [9, 11, 11, 13, 13], mosse: [(5, 5, 7, 5, 11)]
9 -> costo: 71904.3, rotte: {2: [(1, 4), (4, 7)], 3: [(1, 6), (6, 8)], 5: [(1, 7), (7, 5), (5, 2), (2, 8), (8, 9)], 4: [(1, 3), (3, 8), (8, 10)]}, padri: [8, 13], figli: [3, 5, 10, 10, 12, 12, 16, 18], mosse: [(5, 5, 5, 2, 3), (5, 5, 5, 2, 3)]
10 -> costo: 71824.4, rotte: {2: [(1, 4), (4, 7)], 3: [(1, 6), (6, 8)], 5: [(1, 7), (7, 5), (5, 2), (2, 9)], 4: [(1, 3), (3, 8), (8, 10)]}, padri: [9, 9, 11, 12], figli: [4, 6], mosse: [(3, 5, 1, 8, 1), (3, 5, 6, 8, 1), (5, 5, 5, 2, 3), (5, 5, 5, 2, 3)]
11 -> costo: 72099.6, rotte: {2: [(1, 4), (4, 7)], 3: [(1, 6), (6, 8)], 5: [(1, 2), (2, 7), (7, 5), (5, 9)], 4: [(1, 3), (3, 8), (8, 10)]}, padri: [8, 8, 14], figli: [10, 12], mosse: [(3, 5, 1, 8, 1), (3, 5, 6, 8, 1), (5, 5, 7, 5, 11)]
12 -> costo: 72098.4, rotte: {2: [(1, 4), (4, 7)], 3: [(1, 6), (6, 8)], 5: [(1, 7), (7, 2), (2, 5), (5, 9)], 4: [(1, 3), (3, 8), (8, 10)]}, padri: [11, 13, 13], figli: [10], mosse: [(5, 5, 7, 2, 3), (3, 5, 1, 8, 1), (3, 5, 6, 8, 1)]
13 -> costo: 72195.4, rotte: {2: [(1, 4), (4, 7)], 3: [(1, 6), (6, 8)], 5: [(1, 7), (7, 2), (2, 5), (5, 8), (8, 9)], 4: [(1, 3), (3, 8), (8, 10)]}, padri: [8], figli: [9, 12, 12], mosse: [(5, 5, 7, 2, 3)]
14 -> costo: 72542.2, rotte: {2: [(1, 4), (4, 7)], 3: [(1, 6), (6, 8)], 5: [(1, 2), (2, 5), (5, 7), (7, 9)], 4: [(1, 3), (3, 8), (8, 10)]}, padri: [2, 2], figli: [4, 6, 11], mosse: [(3, 5, 1, 8, 1), (3, 5, 6, 8, 1)]
15 -> costo: 74226.7, rotte: {2: [(1, 4), (4, 7)], 3: [(1, 6), (6, 8)], 5: [(1, 5), (5, 7), (7, 2), (2, 8), (8, 9)], 4: [(1, 10), (10, 3), (3, 8)]}, padri: [1], figli: [3, 16, 18, 16], mosse: [(5, 5, 7, 2, 3)]
16 -> costo: 73424.20000000001, rotte: {2: [(1, 4), (4, 7)], 3: [(1, 6), (6, 8)], 5: [(1, 5), (5, 7), (7, 2), (2, 8), (8, 9)], 4: [(1, 10), (10, 8), (8, 3)]}, padri: [15, 15], figli: [17, 19, 19], mosse: [(4, 4, 10, 8, 12), (4, 4, 8, 3, 6)]
17 -> costo: 71658.0, rotte: {2: [(1, 4), (4, 7)], 3: [(1, 6), (6, 8)], 5: [(1, 5), (5, 7), (7, 2), (2, 8), (8, 9)], 4: [(1, 8), (8, 3), (3, 10)]}, padri: [16], figli: [3, 18, 18], mosse: [(4, 4, 3, 10, 2)]
18 -> costo: 71578.09999999999, rotte: {2: [(1, 4), (4, 7)], 3: [(1, 6), (6, 8)], 5: [(1, 5), (5, 7), (7, 2), (2, 9)], 4: [(1, 8), (8, 3), (3, 10)]}, padri: [17, 17, 19], figli: [4], mosse: [(3, 5, 1, 8, 1), (3, 5, 6, 8, 1), (4, 4, 3, 10, 2)]
19 -> costo: 73344.3, rotte: {2: [(1, 4), (4, 7)], 3: [(1, 6), (6, 8)], 5: [(1, 5), (5, 7), (7, 2), (2, 9)], 4: [(1, 10), (10, 8), (8, 3)]}, padri: [16, 16], figli: [20, 21, 18], mosse: [(3, 5, 1, 8, 1), (3, 5, 6, 8, 1)]
20 -> costo: 65023.100000000006, rotte: {2: [(1, 4), (4, 7)], 3: [(1, 6), (6, 8)], 5: [(1, 5), (5, 7), (7, 2), (2, 10), (10, 9)], 4: [(1, 8), (8, 3)]}, padri: [19, 21, 21, 21], figli: [], mosse: [(5, 4, 2, 10, 2), (5, 5, 2, 10, 2), (5, 5, 10, 9, 1), (5, 5, 9, 10)]
21 -> costo: 65258.1, rotte: {2: [(1, 4), (4, 7)], 3: [(1, 6), (6, 8)], 5: [(1, 5), (5, 7), (7, 2), (2, 9), (9, 10)], 4: [(1, 8), (8, 3)]}, padri: [19], figli: [20, 20, 20], mosse: [(5, 4, 9, 10, 2)]
bestSolutionIndice: 20
20 -> costo: 65023.100000000006, rotte: {2: [(1, 4), (4, 7)], 3: [(1, 6), (6, 8)], 5: [(1, 5), (5, 7), (7, 2), (2, 10), (10, 9)], 4: [(1, 8), (8, 3)]}, padri: [19, 21, 21, 21], figli: [], mosse: [(5, 4, 2, 10, 2), (5, 5, 2, 10, 2), (5, 5, 10, 9, 1), (5, 5, 9, 10)]
trasportoPalletDiGamma: {2: [(4, 8), (7, 7)], 3: [(6, 13), (8, 7)], 5: [(5, 11), (7, 8), (2, 3), (10, 2), (9, 1)], 4: [(8, 12), (3, 6)]}
itMosseLS: 53, itMosseTS: 50
time elapsed: 243.16s.


##########################################################################################
s: 1
dictSolutions[1]:
0 -> costo: 78777.3, rotte: {5: [(1, 2), (2, 10), (10, 4), (4, 8)], 3: [(1, 9), (9, 3), (3, 7)], 2: [(1, 6), (6, 7)], 4: [(1, 5), (5, 8)]}, padri: [-1], figli: [1], mosse: [-1]
1 -> costo: 69775.2, rotte: {5: [(1, 2), (2, 9), (9, 10), (10, 4), (4, 8)], 3: [(1, 3), (3, 7)], 2: [(1, 6), (6, 7)], 4: [(1, 5), (5, 8)]}, padri: [0], figli: [2, 8, 11, 12, 13], mosse: [(5, 3, 2, 9, 1)]
2 -> costo: 67660.4, rotte: {5: [(1, 9), (9, 10), (10, 4), (4, 8), (8, 2)], 3: [(1, 3), (3, 7)], 2: [(1, 6), (6, 7)], 4: [(1, 5), (5, 8)]}, padri: [1, 8, 8, 12], figli: [3, 5, 6, 7, 7, 7, 9, 10], mosse: [(5, 5, 8, 2, 3), (5, 5, 4, 8, 10), (5, 5, 8, 2, 3), (5, 5, 8, 2, 3)]
3 -> costo: 67161.7, rotte: {5: [(1, 9), (9, 10), (10, 8), (8, 2), (2, 4)], 3: [(1, 3), (3, 7)], 2: [(1, 6), (6, 7)], 4: [(1, 5), (5, 8)]}, padri: [2, 5, 5, 9, 12], figli: [4, 4, 4], mosse: [(5, 5, 2, 4, 8), (5, 5, 8, 2, 3), (5, 5, 2, 4, 8), (5, 5, 8, 2, 3), (5, 5, 10, 8, 10)]
4 -> costo: 67147.40000000001, rotte: {5: [(1, 9), (9, 10), (10, 8), (8, 2), (2, 4)], 3: [(1, 7), (7, 3)], 2: [(1, 6), (6, 7)], 4: [(1, 5), (5, 8)]}, padri: [3, 3, 3, 6, 6, 7, 10, 13], figli: [], mosse: [(3, 3, 3, 7), (3, 3, 1, 7, 13), (3, 3, 7, 3, 6), (5, 5, 8, 2, 3), (5, 5, 2, 4, 8), (5, 5, 2, 4, 8), (5, 5, 8, 2, 3), (5, 5, 10, 8, 10)]
5 -> costo: 67376.09999999999, rotte: {5: [(1, 9), (9, 10), (10, 8), (8, 4), (4, 2)], 3: [(1, 3), (3, 7)], 2: [(1, 6), (6, 7)], 4: [(1, 5), (5, 8)]}, padri: [2, 8, 9], figli: [3, 3, 6, 6, 6, 6], mosse: [(5, 5, 8, 4, 8), (5, 5, 10, 8, 10), (5, 5, 4, 2, 3)]
6 -> costo: 67361.8, rotte: {5: [(1, 9), (9, 10), (10, 8), (8, 4), (4, 2)], 3: [(1, 7), (7, 3)], 2: [(1, 6), (6, 7)], 4: [(1, 5), (5, 8)]}, padri: [5, 5, 5, 7, 10, 11], figli: [4, 4], mosse: [(3, 3, 3, 7), (3, 3, 1, 7, 13), (3, 3, 7, 3, 6), (5, 5, 8, 4, 8), (5, 5, 4, 2, 3), (5, 5, 10, 8, 10)]
7 -> costo: 67646.1, rotte: {5: [(1, 9), (9, 10), (10, 4), (4, 8), (8, 2)], 3: [(1, 7), (7, 3)], 2: [(1, 6), (6, 7)], 4: [(1, 5), (5, 8)]}, padri: [2, 2, 2, 11, 11, 13], figli: [4, 6], mosse: [(3, 3, 3, 7), (3, 3, 1, 7, 13), (3, 3, 7, 3, 6), (5, 5, 4, 8, 10), (5, 5, 8, 2, 3), (5, 5, 8, 2, 3)]
8 -> costo: 67809.7, rotte: {5: [(1, 9), (9, 10), (10, 4), (4, 2), (2, 8)], 3: [(1, 3), (3, 7)], 2: [(1, 6), (6, 7)], 4: [(1, 5), (5, 8)]}, padri: [1, 12], figli: [5, 9, 10, 2, 2, 11, 11, 11, 11], mosse: [(5, 5, 4, 2, 3), (5, 5, 4, 2, 3)]
9 -> costo: 67467.09999999999, rotte: {5: [(1, 9), (9, 10), (10, 2), (2, 8), (8, 4)], 3: [(1, 3), (3, 7)], 2: [(1, 6), (6, 7)], 4: [(1, 5), (5, 8)]}, padri: [8, 12, 12], figli: [3, 5, 10, 10, 10], mosse: [(5, 5, 8, 4, 8), (5, 5, 2, 8, 10), (5, 5, 8, 4, 8)]
10 -> costo: 67452.8, rotte: {5: [(1, 9), (9, 10), (10, 2), (2, 8), (8, 4)], 3: [(1, 7), (7, 3)], 2: [(1, 6), (6, 7)], 4: [(1, 5), (5, 8)]}, padri: [9, 9, 9, 11, 13, 13], figli: [4, 6], mosse: [(3, 3, 3, 7), (3, 3, 1, 7, 13), (3, 3, 7, 3, 6), (5, 5, 8, 4, 8), (5, 5, 2, 8, 10), (5, 5, 8, 4, 8)]
11 -> costo: 67795.4, rotte: {5: [(1, 9), (9, 10), (10, 4), (4, 2), (2, 8)], 3: [(1, 7), (7, 3)], 2: [(1, 6), (6, 7)], 4: [(1, 5), (5, 8)]}, padri: [8, 8, 8, 13], figli: [6, 10, 7, 7], mosse: [(3, 3, 3, 7), (3, 3, 1, 7, 13), (3, 3, 7, 3, 6), (5, 5, 4, 2, 3)]
12 -> costo: 67830.8, rotte: {5: [(1, 9), (9, 10), (10, 2), (2, 4), (4, 8)], 3: [(1, 3), (3, 7)], 2: [(1, 6), (6, 7)], 4: [(1, 5), (5, 8)]}, padri: [1], figli: [3, 9, 9, 2, 8, 13, 13, 13], mosse: [(5, 5, 10, 2, 3)]
13 -> costo: 67816.5, rotte: {5: [(1, 9), (9, 10), (10, 2), (2, 4), (4, 8)], 3: [(1, 7), (7, 3)], 2: [(1, 6), (6, 7)], 4: [(1, 5), (5, 8)]}, padri: [12, 12, 12], figli: [4, 10, 10, 7, 11], mosse: [(3, 3, 3, 7), (3, 3, 1, 7, 13), (3, 3, 7, 3, 6)]
bestSolutionIndice: 4
4 -> costo: 67147.40000000001, rotte: {5: [(1, 9), (9, 10), (10, 8), (8, 2), (2, 4)], 3: [(1, 7), (7, 3)], 2: [(1, 6), (6, 7)], 4: [(1, 5), (5, 8)]}, padri: [3, 3, 3, 6, 6, 7, 10, 13], figli: [], mosse: [(3, 3, 3, 7), (3, 3, 1, 7, 13), (3, 3, 7, 3, 6), (5, 5, 8, 2, 3), (5, 5, 2, 4, 8), (5, 5, 2, 4, 8), (5, 5, 8, 2, 3), (5, 5, 10, 8, 10)]
trasportoPalletDiGamma: {5: [(9, 1), (10, 2), (8, 10), (2, 3), (4, 8)], 3: [(7, 13), (3, 6)], 2: [(6, 13), (7, 2)], 4: [(5, 11), (8, 9)]}
itMosseLS: 52, itMosseTS: 50
time elapsed: 131.97s.


##########################################################################################
s: 1
dictSolutions[1]:
0 -> costo: 81787.90000000001, rotte: {3: [(1, 8), (8, 3)], 2: [(1, 2), (2, 9), (9, 7)], 5: [(1, 6), (6, 4), (4, 3)], 4: [(1, 5), (5, 10), (10, 7), (7, 3)]}, padri: [-1], figli: [1], mosse: [-1]
1 -> costo: 76691.70000000001, rotte: {3: [(1, 8), (8, 3)], 2: [(1, 7), (7, 2), (2, 9)], 5: [(1, 6), (6, 4), (4, 3)], 4: [(1, 5), (5, 10), (10, 7), (7, 3)]}, padri: [0], figli: [2, 6, 13, 14, 15, 19, 20], mosse: [(2, 2, 1, 7, 11)]
2 -> costo: 75202.50000000001, rotte: {3: [(1, 8), (8, 3)], 2: [(1, 7), (7, 2), (2, 9)], 5: [(1, 6), (6, 4), (4, 3)], 4: [(1, 10), (10, 5), (5, 7), (7, 3)]}, padri: [1, 6, 14, 15, 15, 15], figli: [3, 5, 17], mosse: [(4, 4, 10, 5, 11), (4, 4, 10, 5, 11), (4, 4, 5, 7, 4), (4, 4, 3, 7), (4, 4, 5, 7, 4), (4, 4, 7, 3, 1)]
3 -> costo: 71960.30000000002, rotte: {3: [(1, 8), (8, 3)], 2: [(1, 7), (7, 2), (2, 9)], 5: [(1, 6), (6, 4), (4, 3)], 4: [(1, 5), (5, 7), (7, 3), (3, 10)]}, padri: [2, 16], figli: [4], mosse: [(4, 4, 3, 10, 2), (4, 4, 7, 3, 1)]
4 -> costo: 71870.60000000002, rotte: {3: [(1, 8), (8, 3)], 2: [(1, 7), (7, 2), (2, 9)], 5: [(1, 4), (4, 6), (6, 3)], 4: [(1, 5), (5, 7), (7, 3), (3, 10)]}, padri: [3, 5, 17], figli: [], mosse: [(5, 5, 4, 6, 13), (4, 4, 3, 10, 2), (4, 4, 7, 3, 1)]
5 -> costo: 75112.8, rotte: {3: [(1, 8), (8, 3)], 2: [(1, 7), (7, 2), (2, 9)], 5: [(1, 4), (4, 6), (6, 3)], 4: [(1, 10), (10, 5), (5, 7), (7, 3)]}, padri: [2, 13, 18, 18, 18, 19], figli: [4], mosse: [(5, 5, 4, 6, 13), (4, 4, 10, 5, 11), (4, 4, 3, 7), (4, 4, 5, 7, 4), (4, 4, 7, 3, 1), (4, 4, 5, 7, 4)]
6 -> costo: 75436.70000000001, rotte: {3: [(1, 8), (8, 3)], 2: [(1, 7), (7, 2), (2, 9)], 5: [(1, 6), (6, 4), (4, 3)], 4: [(1, 10), (10, 7), (7, 3), (3, 5)]}, padri: [1, 14, 14, 14], figli: [7, 9, 2, 13, 15, 18], mosse: [(4, 4, 3, 5, 11), (4, 4, 7, 3, 1), (4, 4, 3, 5, 11), (4, 4, 5, 3)]
7 -> costo: 72765.1, rotte: {3: [(1, 8), (8, 3)], 2: [(1, 7), (7, 2), (2, 9)], 5: [(1, 6), (6, 4), (4, 3)], 4: [(1, 7), (7, 3), (3, 5), (5, 10)]}, padri: [6, 10], figli: [8], mosse: [(4, 4, 5, 10, 2), (4, 4, 7, 3, 1)]
8 -> costo: 72675.40000000001, rotte: {3: [(1, 8), (8, 3)], 2: [(1, 7), (7, 2), (2, 9)], 5: [(1, 4), (4, 6), (6, 3)], 4: [(1, 7), (7, 3), (3, 5), (5, 10)]}, padri: [7, 11, 13], figli: [], mosse: [(5, 5, 4, 6, 13), (4, 4, 7, 3, 1), (4, 4, 5, 10, 2)]
9 -> costo: 75109.6, rotte: {3: [(1, 8), (8, 3)], 2: [(1, 7), (7, 2), (2, 9)], 5: [(1, 6), (6, 4), (4, 3)], 4: [(1, 10), (10, 3), (3, 7), (7, 5)]}, padri: [6, 15, 20], figli: [10, 12], mosse: [(4, 4, 3, 7, 4), (4, 4, 7, 5, 11), (4, 4, 7, 5, 11)]
10 -> costo: 72766.3, rotte: {3: [(1, 8), (8, 3)], 2: [(1, 7), (7, 2), (2, 9)], 5: [(1, 6), (6, 4), (4, 3)], 4: [(1, 3), (3, 7), (7, 5), (5, 10)]}, padri: [9, 22], figli: [11, 7], mosse: [(4, 4, 5, 10, 2), (4, 4, 7, 5, 11)]
11 -> costo: 72676.6, rotte: {3: [(1, 8), (8, 3)], 2: [(1, 7), (7, 2), (2, 9)], 5: [(1, 4), (4, 6), (6, 3)], 4: [(1, 3), (3, 7), (7, 5), (5, 10)]}, padri: [10, 12], figli: [8], mosse: [(5, 5, 4, 6, 13), (4, 4, 5, 10, 2)]
12 -> costo: 75019.9, rotte: {3: [(1, 8), (8, 3)], 2: [(1, 7), (7, 2), (2, 9)], 5: [(1, 4), (4, 6), (6, 3)], 4: [(1, 10), (10, 3), (3, 7), (7, 5)]}, padri: [9, 13, 18], figli: [11], mosse: [(5, 5, 4, 6, 13), (4, 4, 3, 7, 4), (4, 4, 7, 5, 11)]
13 -> costo: 75347.0, rotte: {3: [(1, 8), (8, 3)], 2: [(1, 7), (7, 2), (2, 9)], 5: [(1, 4), (4, 6), (6, 3)], 4: [(1, 10), (10, 7), (7, 3), (3, 5)]}, padri: [6, 19, 19, 19], figli: [8, 12, 5], mosse: [(5, 5, 4, 6, 13), (4, 4, 7, 3, 1), (4, 4, 3, 5, 11), (4, 4, 5, 3)]
14 -> costo: 76144.8, rotte: {3: [(1, 8), (8, 3)], 2: [(1, 7), (7, 2), (2, 9)], 5: [(1, 6), (6, 4), (4, 3)], 4: [(1, 10), (10, 7), (7, 5), (5, 3)]}, padri: [1], figli: [2, 15, 6, 6, 6, 19, 19, 19, 21], mosse: [(4, 4, 7, 5, 11)]
15 -> costo: 75224.40000000001, rotte: {3: [(1, 8), (8, 3)], 2: [(1, 7), (7, 2), (2, 9)], 5: [(1, 6), (6, 4), (4, 3)], 4: [(1, 10), (10, 5), (5, 3), (3, 7)]}, padri: [14, 20], figli: [16, 9, 18, 2, 2, 2], mosse: [(4, 4, 3, 7, 4), (4, 4, 10, 5, 11)]
16 -> costo: 72296.20000000001, rotte: {3: [(1, 8), (8, 3)], 2: [(1, 7), (7, 2), (2, 9)], 5: [(1, 6), (6, 4), (4, 3)], 4: [(1, 5), (5, 3), (3, 7), (7, 10)]}, padri: [15, 20, 22], figli: [3, 17], mosse: [(4, 4, 7, 10, 2), (4, 4, 7, 10, 2), (4, 4, 5, 3, 1)]
17 -> costo: 72206.5, rotte: {3: [(1, 8), (8, 3)], 2: [(1, 7), (7, 2), (2, 9)], 5: [(1, 4), (4, 6), (6, 3)], 4: [(1, 5), (5, 3), (3, 7), (7, 10)]}, padri: [16, 18], figli: [4], mosse: [(5, 5, 4, 6, 13), (4, 4, 7, 10, 2)]
18 -> costo: 75134.7, rotte: {3: [(1, 8), (8, 3)], 2: [(1, 7), (7, 2), (2, 9)], 5: [(1, 4), (4, 6), (6, 3)], 4: [(1, 10), (10, 5), (5, 3), (3, 7)]}, padri: [15, 19], figli: [17, 12, 5, 5, 5], mosse: [(5, 5, 4, 6, 13), (4, 4, 3, 7, 4)]
19 -> costo: 76055.09999999999, rotte: {3: [(1, 8), (8, 3)], 2: [(1, 7), (7, 2), (2, 9)], 5: [(1, 4), (4, 6), (6, 3)], 4: [(1, 10), (10, 7), (7, 5), (5, 3)]}, padri: [14], figli: [5, 18, 13, 13, 13], mosse: [(5, 5, 4, 6, 13)]
20 -> costo: 76377.70000000001, rotte: {3: [(1, 8), (8, 3)], 2: [(1, 7), (7, 2), (2, 9)], 5: [(1, 6), (6, 4), (4, 3)], 4: [(1, 5), (5, 10), (10, 3), (3, 7)]}, padri: [1], figli: [16, 9, 15, 21], mosse: [(4, 4, 10, 3, 1)]
21 -> costo: 75822.00000000001, rotte: {3: [(1, 8), (8, 3)], 2: [(1, 7), (7, 2), (2, 9)], 5: [(1, 6), (6, 4), (4, 3)], 4: [(1, 10), (10, 3), (3, 5), (5, 7)]}, padri: [20], figli: [22], mosse: [(4, 4, 3, 5, 11)]
22 -> costo: 73688.90000000001, rotte: {3: [(1, 8), (8, 3)], 2: [(1, 7), (7, 2), (2, 9)], 5: [(1, 6), (6, 4), (4, 3)], 4: [(1, 3), (3, 5), (5, 7), (7, 10)]}, padri: [21], figli: [16, 10], mosse: [(4, 4, 7, 10, 2)]
bestSolutionIndice: 4
4 -> costo: 71870.60000000002, rotte: {3: [(1, 8), (8, 3)], 2: [(1, 7), (7, 2), (2, 9)], 5: [(1, 4), (4, 6), (6, 3)], 4: [(1, 5), (5, 7), (7, 3), (3, 10)]}, padri: [3, 5, 17], figli: [], mosse: [(5, 5, 4, 6, 13), (4, 4, 3, 10, 2), (4, 4, 7, 3, 1)]
trasportoPalletDiGamma: {3: [(8, 19), (3, 1)], 2: [(7, 11), (2, 3), (9, 1)], 5: [(4, 8), (6, 13), (3, 4)], 4: [(5, 11), (7, 4), (3, 1), (10, 2)]}
itMosseLS: 55, itMosseTS: 50
time elapsed: 300.98s.


##########################################################################################
s: 1
dictSolutions[1]:
0 -> costo: 79472.5, rotte: {3: [(1, 5), (5, 9), (9, 4)], 2: [(1, 10), (10, 2), (2, 6)], 5: [(1, 3), (3, 7), (7, 6)], 4: [(1, 8), (8, 6)]}, padri: [-1], figli: [1], mosse: [-1]
1 -> costo: 74098.7, rotte: {3: [(1, 5), (5, 4), (4, 9)], 2: [(1, 10), (10, 2), (2, 6)], 5: [(1, 3), (3, 7), (7, 6)], 4: [(1, 8), (8, 6)]}, padri: [0], figli: [2], mosse: [(3, 3, 9, 4)]
2 -> costo: 72149.0, rotte: {3: [(1, 5), (5, 4), (4, 9)], 2: [(1, 2), (2, 6)], 5: [(1, 3), (3, 7), (7, 6), (6, 10)], 4: [(1, 8), (8, 6)]}, padri: [1], figli: [3, 3, 5, 5, 5, 17, 17], mosse: [(5, 2, 6, 10, 2)]
3 -> costo: 71210.0, rotte: {3: [(1, 5), (5, 4), (4, 9)], 2: [(1, 2), (2, 6)], 5: [(1, 3), (3, 7), (7, 6), (6, 10)], 4: [(1, 8)]}, padri: [2, 2], figli: [4, 4, 4], mosse: [(2, 4, 1, 6, 1), (2, 4, 2, 6, 1)]
4 -> costo: 70672.5, rotte: {3: [(1, 5), (5, 4), (4, 9)], 2: [(1, 6), (6, 2)], 5: [(1, 3), (3, 7), (7, 6), (6, 10)], 4: [(1, 8)]}, padri: [3, 3, 3, 17, 17], figli: [], mosse: [(2, 2, 1, 6, 11), (2, 2, 6, 2, 3), (2, 2, 2, 6), (2, 4, 1, 6, 1), (2, 4, 2, 6, 1)]
5 -> costo: 71519.1, rotte: {3: [(1, 5), (5, 4), (4, 9)], 2: [(1, 2), (2, 6)], 5: [(1, 3), (3, 7), (7, 10)], 4: [(1, 8), (8, 6)]}, padri: [2, 2], figli: [6, 6, 6, 12, 12, 12, 12, 16, 16, 18, 18, 18], mosse: [(2, 5, 1, 6, 2), (2, 5, 2, 6, 2)]
6 -> costo: 70981.6, rotte: {3: [(1, 5), (5, 4), (4, 9)], 2: [(1, 6), (6, 2)], 5: [(1, 3), (3, 7), (7, 10)], 4: [(1, 8), (8, 6)]}, padri: [5, 5, 5, 17, 17], figli: [7, 7, 7, 11, 11, 11, 13, 13, 13], mosse: [(2, 2, 1, 6, 12), (2, 2, 6, 2, 3), (2, 2, 2, 6), (2, 5, 1, 6, 2), (2, 5, 2, 6, 2)]
7 -> costo: 70618.79999999999, rotte: {3: [(1, 5), (5, 4), (4, 9)], 2: [(1, 6), (6, 2)], 5: [(1, 3), (3, 7), (7, 10)], 4: [(1, 6), (6, 8)]}, padri: [6, 6, 6, 12, 12, 12, 18, 18], figli: [8, 10, 14], mosse: [(4, 4, 8, 6), (4, 4, 1, 6, 1), (4, 4, 6, 8, 19), (2, 2, 1, 6, 12), (2, 2, 6, 2, 3), (2, 2, 2, 6), (2, 5, 1, 6, 2), (2, 5, 2, 6, 2)]
8 -> costo: 70290.49999999999, rotte: {3: [(1, 5), (5, 4), (4, 9)], 2: [(1, 6), (6, 2)], 5: [(1, 7), (7, 3), (3, 10)], 4: [(1, 6), (6, 8)]}, padri: [7, 11, 11, 11, 13, 13, 13], figli: [9], mosse: [(5, 5, 7, 3, 6), (4, 4, 8, 6), (4, 4, 1, 6, 1), (4, 4, 6, 8, 19), (2, 2, 1, 6, 12), (2, 2, 6, 2, 3), (2, 2, 2, 6)]
9 -> costo: 70082.6, rotte: {3: [(1, 5), (5, 4), (4, 9)], 2: [(1, 6), (6, 2)], 5: [(1, 6), (6, 7), (7, 3), (3, 10)], 4: [(1, 8)]}, padri: [8, 10, 14, 14, 14], figli: [], mosse: [(5, 4, 1, 6, 1), (5, 5, 7, 3, 6), (2, 2, 1, 6, 12), (2, 2, 6, 2, 3), (2, 2, 2, 6)]
10 -> costo: 70508.2, rotte: {3: [(1, 5), (5, 4), (4, 9)], 2: [(1, 6), (6, 2)], 5: [(1, 6), (6, 3), (3, 7), (7, 10)], 4: [(1, 8)]}, padri: [7, 15, 15, 15], figli: [9], mosse: [(5, 4, 1, 6, 1), (2, 2, 1, 6, 12), (2, 2, 6, 2, 3), (2, 2, 2, 6)]
11 -> costo: 70653.3, rotte: {3: [(1, 5), (5, 4), (4, 9)], 2: [(1, 6), (6, 2)], 5: [(1, 7), (7, 3), (3, 10)], 4: [(1, 8), (8, 6)]}, padri: [6, 16, 16, 16], figli: [8, 8, 8, 14, 14, 14], mosse: [(5, 5, 7, 3, 6), (2, 2, 1, 6, 12), (2, 2, 6, 2, 3), (2, 2, 2, 6)]
12 -> costo: 71156.29999999999, rotte: {3: [(1, 5), (5, 4), (4, 9)], 2: [(1, 2), (2, 6)], 5: [(1, 3), (3, 7), (7, 10)], 4: [(1, 6), (6, 8)]}, padri: [5, 5], figli: [7, 7, 7, 13, 13, 13, 15], mosse: [(4, 4, 1, 6, 1), (4, 4, 6, 8, 19)]
13 -> costo: 70827.99999999999, rotte: {3: [(1, 5), (5, 4), (4, 9)], 2: [(1, 2), (2, 6)], 5: [(1, 7), (7, 3), (3, 10)], 4: [(1, 6), (6, 8)]}, padri: [12, 16, 16], figli: [8, 8, 8, 14, 14, 14], mosse: [(5, 5, 7, 3, 6), (4, 4, 1, 6, 1), (4, 4, 6, 8, 19)]
14 -> costo: 70620.1, rotte: {3: [(1, 5), (5, 4), (4, 9)], 2: [(1, 2), (2, 6)], 5: [(1, 6), (6, 7), (7, 3), (3, 10)], 4: [(1, 8)]}, padri: [13, 15], figli: [9, 9, 9], mosse: [(5, 4, 1, 6, 1), (5, 5, 7, 3, 6)]
15 -> costo: 71045.7, rotte: {3: [(1, 5), (5, 4), (4, 9)], 2: [(1, 2), (2, 6)], 5: [(1, 6), (6, 3), (3, 7), (7, 10)], 4: [(1, 8)]}, padri: [12], figli: [10, 10, 10, 14], mosse: [(5, 4, 1, 6, 1)]
16 -> costo: 71190.8, rotte: {3: [(1, 5), (5, 4), (4, 9)], 2: [(1, 2), (2, 6)], 5: [(1, 7), (7, 3), (3, 10)], 4: [(1, 8), (8, 6)]}, padri: [5], figli: [11, 11, 11, 13, 13], mosse: [(5, 5, 7, 3, 6)]
17 -> costo: 71611.5, rotte: {3: [(1, 5), (5, 4), (4, 9)], 2: [(1, 6), (6, 2)], 5: [(1, 3), (3, 7), (7, 6), (6, 10)], 4: [(1, 8), (8, 6)]}, padri: [2], figli: [4, 4, 6, 6, 18, 18], mosse: [(2, 2, 1, 6, 10)]
18 -> costo: 71248.7, rotte: {3: [(1, 5), (5, 4), (4, 9)], 2: [(1, 6), (6, 2)], 5: [(1, 3), (3, 7), (7, 6), (6, 10)], 4: [(1, 6), (6, 8)]}, padri: [17], figli: [7, 7], mosse: [(4, 4, 8, 6)]
bestSolutionIndice: 9
9 -> costo: 70082.6, rotte: {3: [(1, 5), (5, 4), (4, 9)], 2: [(1, 6), (6, 2)], 5: [(1, 6), (6, 7), (7, 3), (3, 10)], 4: [(1, 8)]}, padri: [8, 10, 14, 14, 14], figli: [], mosse: [(5, 4, 1, 6, 1), (5, 5, 7, 3, 6), (2, 2, 1, 6, 12), (2, 2, 6, 2, 3), (2, 2, 2, 6)]
trasportoPalletDiGamma: {3: [(5, 11), (4, 8), (9, 1)], 2: [(6, 12), (2, 3)], 5: [(6, 1), (7, 15), (3, 6), (10, 2)], 4: [(8, 19)]}
itMosseLS: 55, itMosseTS: 50
time elapsed: 193.47s.


##########################################################################################
s: 1
dictSolutions[1]:
0 -> costo: 80557.60000000002, rotte: {4: [(1, 9), (9, 6), (6, 8)], 3: [(1, 3), (3, 4), (4, 7)], 2: [(1, 5), (5, 7)], 5: [(1, 2), (2, 10), (10, 8), (8, 7)]}, padri: [-1], figli: [1], mosse: [-1]
1 -> costo: 70972.2, rotte: {4: [(1, 6), (6, 8)], 3: [(1, 3), (3, 4), (4, 7)], 2: [(1, 5), (5, 7)], 5: [(1, 2), (2, 9), (9, 10), (10, 8), (8, 7)]}, padri: [0], figli: [2, 7, 10, 12], mosse: [(5, 4, 2, 9, 1)]
2 -> costo: 68609.5, rotte: {4: [(1, 6), (6, 8)], 3: [(1, 3), (3, 4), (4, 7)], 2: [(1, 5), (5, 7)], 5: [(1, 9), (9, 10), (10, 8), (8, 2), (2, 7)]}, padri: [1, 7, 7, 7, 12], figli: [3, 4, 5, 6, 6, 6], mosse: [(5, 5, 8, 2, 3), (5, 5, 7, 2), (5, 5, 8, 2, 3), (5, 5, 2, 7, 5), (5, 5, 8, 2, 3)]
3 -> costo: 67406.7, rotte: {4: [(1, 6), (6, 8)], 3: [(1, 4), (4, 7), (7, 3)], 2: [(1, 5), (5, 7)], 5: [(1, 9), (9, 10), (10, 8), (8, 2), (2, 7)]}, padri: [2, 4, 4, 4, 5, 8, 8, 8, 13], figli: [], mosse: [(3, 3, 7, 3, 6), (3, 3, 4, 7, 6), (3, 3, 7, 3, 6), (3, 3, 3, 7), (3, 3, 1, 4, 8), (5, 5, 7, 2), (5, 5, 8, 2, 3), (5, 5, 2, 7, 5), (5, 5, 8, 2, 3)]
4 -> costo: 67428.59999999999, rotte: {4: [(1, 6), (6, 8)], 3: [(1, 4), (4, 3), (3, 7)], 2: [(1, 5), (5, 7)], 5: [(1, 9), (9, 10), (10, 8), (8, 2), (2, 7)]}, padri: [2, 6, 9, 9, 9, 14], figli: [3, 3, 3], mosse: [(3, 3, 4, 3, 6), (3, 3, 1, 4, 8), (5, 5, 7, 2), (5, 5, 8, 2, 3), (5, 5, 2, 7, 5), (5, 5, 8, 2, 3)]
5 -> costo: 68152.09999999999, rotte: {4: [(1, 6), (6, 8)], 3: [(1, 7), (7, 3), (3, 4)], 2: [(1, 5), (5, 7)], 5: [(1, 9), (9, 10), (10, 8), (8, 2), (2, 7)]}, padri: [2, 6, 10, 10, 10], figli: [3], mosse: [(3, 3, 1, 7, 6), (3, 3, 7, 3, 6), (5, 5, 7, 2), (5, 5, 8, 2, 3), (5, 5, 2, 7, 5)]
6 -> costo: 68152.5, rotte: {4: [(1, 6), (6, 8)], 3: [(1, 3), (3, 7), (7, 4)], 2: [(1, 5), (5, 7)], 5: [(1, 9), (9, 10), (10, 8), (8, 2), (2, 7)]}, padri: [2, 2, 2, 11, 11, 11], figli: [4, 5], mosse: [(3, 3, 3, 7, 6), (3, 3, 7, 4, 8), (3, 3, 4, 7), (5, 5, 7, 2), (5, 5, 8, 2, 3), (5, 5, 2, 7, 5)]
7 -> costo: 69236.1, rotte: {4: [(1, 6), (6, 8)], 3: [(1, 3), (3, 4), (4, 7)], 2: [(1, 5), (5, 7)], 5: [(1, 9), (9, 10), (10, 8), (8, 7), (7, 2)]}, padri: [1], figli: [8, 9, 2, 2, 2, 10, 10, 10, 11, 11, 11], mosse: [(5, 5, 7, 2, 3)]
8 -> costo: 68033.3, rotte: {4: [(1, 6), (6, 8)], 3: [(1, 4), (4, 7), (7, 3)], 2: [(1, 5), (5, 7)], 5: [(1, 9), (9, 10), (10, 8), (8, 7), (7, 2)]}, padri: [7, 9, 9, 9, 10, 13], figli: [3, 3, 3], mosse: [(3, 3, 7, 3, 6), (3, 3, 4, 7, 6), (3, 3, 7, 3, 6), (3, 3, 3, 7), (3, 3, 1, 4, 8), (5, 5, 7, 2, 3)]
9 -> costo: 68055.2, rotte: {4: [(1, 6), (6, 8)], 3: [(1, 4), (4, 3), (3, 7)], 2: [(1, 5), (5, 7)], 5: [(1, 9), (9, 10), (10, 8), (8, 7), (7, 2)]}, padri: [7, 11, 14], figli: [4, 4, 4, 8, 8, 8], mosse: [(3, 3, 4, 3, 6), (3, 3, 1, 4, 8), (5, 5, 7, 2, 3)]
10 -> costo: 68778.7, rotte: {4: [(1, 6), (6, 8)], 3: [(1, 7), (7, 3), (3, 4)], 2: [(1, 5), (5, 7)], 5: [(1, 9), (9, 10), (10, 8), (8, 7), (7, 2)]}, padri: [7, 11], figli: [8, 5, 5, 5], mosse: [(3, 3, 1, 7, 6), (3, 3, 7, 3, 6)]
11 -> costo: 68779.1, rotte: {4: [(1, 6), (6, 8)], 3: [(1, 3), (3, 7), (7, 4)], 2: [(1, 5), (5, 7)], 5: [(1, 9), (9, 10), (10, 8), (8, 7), (7, 2)]}, padri: [7, 7, 7], figli: [9, 6, 6, 6, 10], mosse: [(3, 3, 3, 7, 6), (3, 3, 7, 4, 8), (3, 3, 4, 7)]
12 -> costo: 69312.09999999999, rotte: {4: [(1, 6), (6, 8)], 3: [(1, 3), (3, 4), (4, 7)], 2: [(1, 5), (5, 7)], 5: [(1, 9), (9, 10), (10, 2), (2, 8), (8, 7)]}, padri: [1], figli: [13, 14, 2], mosse: [(5, 5, 10, 2, 3)]
13 -> costo: 68109.3, rotte: {4: [(1, 6), (6, 8)], 3: [(1, 4), (4, 7), (7, 3)], 2: [(1, 5), (5, 7)], 5: [(1, 9), (9, 10), (10, 2), (2, 8), (8, 7)]}, padri: [12, 14, 14, 14], figli: [3, 8], mosse: [(3, 3, 7, 3, 6), (3, 3, 4, 7, 6), (3, 3, 7, 3, 6), (3, 3, 3, 7)]
14 -> costo: 68131.2, rotte: {4: [(1, 6), (6, 8)], 3: [(1, 4), (4, 3), (3, 7)], 2: [(1, 5), (5, 7)], 5: [(1, 9), (9, 10), (10, 2), (2, 8), (8, 7)]}, padri: [12], figli: [4, 9, 13, 13, 13], mosse: [(3, 3, 4, 3, 6)]
bestSolutionIndice: 3
3 -> costo: 67406.7, rotte: {4: [(1, 6), (6, 8)], 3: [(1, 4), (4, 7), (7, 3)], 2: [(1, 5), (5, 7)], 5: [(1, 9), (9, 10), (10, 8), (8, 2), (2, 7)]}, padri: [2, 4, 4, 4, 5, 8, 8, 8, 13], figli: [], mosse: [(3, 3, 7, 3, 6), (3, 3, 4, 7, 6), (3, 3, 7, 3, 6), (3, 3, 3, 7), (3, 3, 1, 4, 8), (5, 5, 7, 2), (5, 5, 8, 2, 3), (5, 5, 2, 7, 5), (5, 5, 8, 2, 3)]
trasportoPalletDiGamma: {4: [(6, 13), (8, 6)], 3: [(4, 8), (7, 6), (3, 6)], 2: [(5, 11), (7, 4)], 5: [(9, 1), (10, 2), (8, 13), (2, 3), (7, 5)]}
itMosseLS: 53, itMosseTS: 50
time elapsed: 207.39s.


##########################################################################################
s: 1
dictSolutions[1]:
0 -> costo: 80774.20000000001, rotte: {3: [(1, 3), (3, 10), (10, 4), (4, 8)], 5: [(1, 2), (2, 6), (6, 7), (7, 8)], 4: [(1, 5), (5, 7)], 2: [(1, 9), (9, 8)]}, padri: [-1], figli: [1], mosse: [-1]
1 -> costo: 75576.4, rotte: {3: [(1, 3), (3, 4), (4, 8), (8, 10)], 5: [(1, 2), (2, 6), (6, 7), (7, 8)], 4: [(1, 5), (5, 7)], 2: [(1, 9), (9, 8)]}, padri: [0], figli: [2, 14], mosse: [(3, 3, 8, 10, 2)]
2 -> costo: 72770.8, rotte: {3: [(1, 3), (3, 4), (4, 8), (8, 10)], 5: [(1, 2), (2, 6), (6, 7), (7, 8), (8, 9)], 4: [(1, 5), (5, 7)], 2: [(1, 8)]}, padri: [1], figli: [3, 5, 6, 7, 11, 12], mosse: [(5, 2, 8, 9, 1)]
3 -> costo: 71414.5, rotte: {3: [(1, 3), (3, 4), (4, 8), (8, 10)], 5: [(1, 6), (6, 7), (7, 2), (2, 8), (8, 9)], 4: [(1, 5), (5, 7)], 2: [(1, 8)]}, padri: [2, 5, 11, 13], figli: [4], mosse: [(5, 5, 7, 2, 3), (5, 5, 2, 8, 1), (5, 5, 7, 2, 3), (5, 5, 6, 7, 6)]
4 -> costo: 70774.90000000001, rotte: {3: [(1, 4), (4, 3), (3, 8), (8, 10)], 5: [(1, 6), (6, 7), (7, 2), (2, 8), (8, 9)], 4: [(1, 5), (5, 7)], 2: [(1, 8)]}, padri: [3, 6, 7, 8, 10], figli: [], mosse: [(3, 3, 4, 3, 6), (5, 5, 2, 8, 1), (5, 5, 7, 2, 3), (5, 5, 7, 2, 3), (5, 5, 6, 7, 6)]
5 -> costo: 72117.09999999999, rotte: {3: [(1, 3), (3, 4), (4, 8), (8, 10)], 5: [(1, 6), (6, 7), (7, 8), (8, 2), (2, 9)], 4: [(1, 5), (5, 7)], 2: [(1, 8)]}, padri: [2, 11], figli: [3, 6, 8], mosse: [(5, 5, 8, 2, 3), (5, 5, 8, 2, 3)]
6 -> costo: 71477.5, rotte: {3: [(1, 4), (4, 3), (3, 8), (8, 10)], 5: [(1, 6), (6, 7), (7, 8), (8, 2), (2, 9)], 4: [(1, 5), (5, 7)], 2: [(1, 8)]}, padri: [5, 7, 8], figli: [4], mosse: [(3, 3, 4, 3, 6), (5, 5, 8, 2, 3), (5, 5, 8, 2, 3)]
7 -> costo: 72131.2, rotte: {3: [(1, 4), (4, 3), (3, 8), (8, 10)], 5: [(1, 2), (2, 6), (6, 7), (7, 8), (8, 9)], 4: [(1, 5), (5, 7)], 2: [(1, 8)]}, padri: [2], figli: [4, 6, 8, 9, 13], mosse: [(3, 3, 4, 3, 6)]
8 -> costo: 71605.2, rotte: {3: [(1, 4), (4, 3), (3, 8), (8, 10)], 5: [(1, 6), (6, 2), (2, 7), (7, 8), (8, 9)], 4: [(1, 5), (5, 7)], 2: [(1, 8)]}, padri: [7, 11], figli: [4, 6], mosse: [(5, 5, 6, 2, 3), (3, 3, 4, 3, 6)]
9 -> costo: 71780.20000000001, rotte: {3: [(1, 4), (4, 3), (3, 8), (8, 10)], 5: [(1, 2), (2, 7), (7, 6), (6, 8), (8, 9)], 4: [(1, 5), (5, 7)], 2: [(1, 8)]}, padri: [7, 12], figli: [10], mosse: [(5, 5, 7, 6, 13), (3, 3, 4, 3, 6)]
10 -> costo: 71441.7, rotte: {3: [(1, 4), (4, 3), (3, 8), (8, 10)], 5: [(1, 7), (7, 6), (6, 2), (2, 8), (8, 9)], 4: [(1, 5), (5, 7)], 2: [(1, 8)]}, padri: [9, 13], figli: [4], mosse: [(5, 5, 6, 2, 3), (3, 3, 4, 3, 6)]
11 -> costo: 72244.8, rotte: {3: [(1, 3), (3, 4), (4, 8), (8, 10)], 5: [(1, 6), (6, 2), (2, 7), (7, 8), (8, 9)], 4: [(1, 5), (5, 7)], 2: [(1, 8)]}, padri: [2], figli: [3, 8, 5], mosse: [(5, 5, 6, 2, 3)]
12 -> costo: 72419.8, rotte: {3: [(1, 3), (3, 4), (4, 8), (8, 10)], 5: [(1, 2), (2, 7), (7, 6), (6, 8), (8, 9)], 4: [(1, 5), (5, 7)], 2: [(1, 8)]}, padri: [2], figli: [9, 13], mosse: [(5, 5, 7, 6, 13)]
13 -> costo: 72081.3, rotte: {3: [(1, 3), (3, 4), (4, 8), (8, 10)], 5: [(1, 7), (7, 6), (6, 2), (2, 8), (8, 9)], 4: [(1, 5), (5, 7)], 2: [(1, 8)]}, padri: [12], figli: [3, 10], mosse: [(5, 5, 6, 2, 3)]
14 -> costo: 72770.79999999999, rotte: {3: [(1, 3), (3, 4), (4, 8), (8, 10)], 5: [(1, 2), (2, 6), (6, 7), (7, 8)], 4: [(1, 5), (5, 7)], 2: [(1, 8), (8, 9)]}, padri: [1], figli: [15, 17, 24, 28], mosse: [(2, 2, 9, 8)]
15 -> costo: 71414.5, rotte: {3: [(1, 3), (3, 4), (4, 8), (8, 10)], 5: [(1, 6), (6, 7), (7, 2), (2, 8)], 4: [(1, 5), (5, 7)], 2: [(1, 8), (8, 9)]}, padri: [14], figli: [16], mosse: [(5, 5, 7, 2, 3)]
16 -> costo: 70774.9, rotte: {3: [(1, 4), (4, 3), (3, 8), (8, 10)], 5: [(1, 6), (6, 7), (7, 2), (2, 8)], 4: [(1, 5), (5, 7)], 2: [(1, 8), (8, 9)]}, padri: [15, 20, 21, 22, 30], figli: [], mosse: [(3, 3, 4, 3, 6), (3, 3, 4, 3, 6), (3, 3, 4, 3, 6), (3, 3, 4, 3, 6), (5, 5, 1, 6, 13)]
17 -> costo: 71662.4, rotte: {3: [(1, 3), (3, 4), (4, 8), (8, 10)], 5: [(1, 6), (6, 7), (7, 8), (8, 2)], 4: [(1, 5), (5, 7)], 2: [(1, 8), (8, 9)]}, padri: [14], figli: [18, 20, 21, 22, 23], mosse: [(5, 5, 8, 2, 3)]
18 -> costo: 71022.79999999999, rotte: {3: [(1, 4), (4, 3), (3, 8), (8, 10)], 5: [(1, 6), (6, 7), (7, 8), (8, 2)], 4: [(1, 5), (5, 7)], 2: [(1, 8), (8, 9)]}, padri: [17], figli: [19], mosse: [(3, 3, 4, 3, 6)]
19 -> costo: 70875.5, rotte: {3: [(1, 4), (4, 3), (3, 8), (8, 10)], 5: [(1, 6), (6, 8), (8, 2), (2, 7)], 4: [(1, 5), (5, 7)], 2: [(1, 8), (8, 9)]}, padri: [18, 23, 26], figli: [], mosse: [(5, 5, 2, 7, 6), (3, 3, 4, 3, 6), (5, 5, 1, 6, 13)]
20 -> costo: 71414.5, rotte: {3: [(1, 3), (3, 4), (4, 8), (8, 10)], 5: [(1, 6), (6, 7), (7, 2), (2, 8)], 4: [(1, 5), (5, 7)], 2: [(1, 8), (8, 9)]}, padri: [17], figli: [16], mosse: [(5, 5, 7, 2, 3)]
21 -> costo: 71414.5, rotte: {3: [(1, 3), (3, 4), (4, 8), (8, 10)], 5: [(1, 6), (6, 7), (7, 2), (2, 8)], 4: [(1, 5), (5, 7)], 2: [(1, 8), (8, 9)]}, padri: [17], figli: [16], mosse: [(5, 5, 2, 8, 1)]
22 -> costo: 71414.5, rotte: {3: [(1, 3), (3, 4), (4, 8), (8, 10)], 5: [(1, 6), (6, 7), (7, 2), (2, 8)], 4: [(1, 5), (5, 7)], 2: [(1, 8), (8, 9)]}, padri: [17], figli: [16], mosse: [(5, 5, 8, 2)]
23 -> costo: 71515.09999999999, rotte: {3: [(1, 3), (3, 4), (4, 8), (8, 10)], 5: [(1, 6), (6, 8), (8, 2), (2, 7)], 4: [(1, 5), (5, 7)], 2: [(1, 8), (8, 9)]}, padri: [17, 27], figli: [19], mosse: [(5, 5, 2, 7, 6), (5, 5, 1, 6, 13)]
24 -> costo: 71973.99999999999, rotte: {3: [(1, 3), (3, 4), (4, 8), (8, 10)], 5: [(1, 8), (8, 2), (2, 6), (6, 7)], 4: [(1, 5), (5, 7)], 2: [(1, 8), (8, 9)]}, padri: [14], figli: [25, 27, 27, 30], mosse: [(5, 5, 1, 8, 1)]
25 -> costo: 71334.4, rotte: {3: [(1, 4), (4, 3), (3, 8), (8, 10)], 5: [(1, 8), (8, 2), (2, 6), (6, 7)], 4: [(1, 5), (5, 7)], 2: [(1, 8), (8, 9)]}, padri: [24, 29], figli: [26, 26], mosse: [(3, 3, 4, 3, 6), (5, 5, 8, 2, 3)]
26 -> costo: 71142.2, rotte: {3: [(1, 4), (4, 3), (3, 8), (8, 10)], 5: [(1, 8), (8, 2), (2, 7), (7, 6)], 4: [(1, 5), (5, 7)], 2: [(1, 8), (8, 9)]}, padri: [25, 25, 27], figli: [19], mosse: [(5, 5, 2, 7, 6), (5, 5, 7, 6, 13), (3, 3, 4, 3, 6)]
27 -> costo: 71781.79999999999, rotte: {3: [(1, 3), (3, 4), (4, 8), (8, 10)], 5: [(1, 8), (8, 2), (2, 7), (7, 6)], 4: [(1, 5), (5, 7)], 2: [(1, 8), (8, 9)]}, padri: [24, 24], figli: [26, 23], mosse: [(5, 5, 2, 7, 6), (5, 5, 7, 6, 13)]
28 -> costo: 72036.59999999999, rotte: {3: [(1, 3), (3, 4), (4, 8), (8, 10)], 5: [(1, 2), (2, 8), (8, 6), (6, 7)], 4: [(1, 5), (5, 7)], 2: [(1, 8), (8, 9)]}, padri: [14], figli: [29], mosse: [(5, 5, 2, 8, 1)]
29 -> costo: 71397.0, rotte: {3: [(1, 4), (4, 3), (3, 8), (8, 10)], 5: [(1, 2), (2, 8), (8, 6), (6, 7)], 4: [(1, 5), (5, 7)], 2: [(1, 8), (8, 9)]}, padri: [28], figli: [25, 30], mosse: [(3, 3, 4, 3, 6)]
30 -> costo: 71345.59999999999, rotte: {3: [(1, 4), (4, 3), (3, 8), (8, 10)], 5: [(1, 7), (7, 2), (2, 8), (8, 6)], 4: [(1, 5), (5, 7)], 2: [(1, 8), (8, 9)]}, padri: [29], figli: [16], mosse: [(5, 5, 1, 7, 6)]
bestSolutionIndice: 16
16 -> costo: 70774.9, rotte: {3: [(1, 4), (4, 3), (3, 8), (8, 10)], 5: [(1, 6), (6, 7), (7, 2), (2, 8)], 4: [(1, 5), (5, 7)], 2: [(1, 8), (8, 9)]}, padri: [15, 20, 21, 22, 30], figli: [], mosse: [(3, 3, 4, 3, 6), (3, 3, 4, 3, 6), (3, 3, 4, 3, 6), (3, 3, 4, 3, 6), (5, 5, 1, 6, 13)]
trasportoPalletDiGamma: {3: [(4, 8), (3, 6), (8, 4), (10, 2)], 5: [(6, 13), (7, 6), (2, 3), (8, 1)], 4: [(5, 11), (7, 9)], 2: [(8, 14), (9, 1)]}
itMosseLS: 54, itMosseTS: 50
time elapsed: 294.26s.


##########################################################################################
s: 1
dictSolutions[1]:
0 -> costo: 80346.1, rotte: {2: [(1, 4), (4, 6)], 3: [(1, 9), (9, 7), (7, 2), (2, 5)], 4: [(1, 3), (3, 10), (10, 6), (6, 5)], 5: [(1, 8), (8, 5)]}, padri: [-1], figli: [1], mosse: [-1]
1 -> costo: 71015.7, rotte: {2: [(1, 4), (4, 6)], 3: [(1, 7), (7, 2), (2, 5)], 4: [(1, 3), (3, 9), (9, 10), (10, 6), (6, 5)], 5: [(1, 8), (8, 5)]}, padri: [0], figli: [2, 8], mosse: [(4, 3, 3, 9, 1)]
2 -> costo: 68984.2, rotte: {2: [(1, 4), (4, 6)], 3: [(1, 7), (7, 2), (2, 5)], 4: [(1, 9), (9, 10), (10, 3), (3, 6), (6, 5)], 5: [(1, 8), (8, 5)]}, padri: [1], figli: [3, 3, 3, 3, 3, 5, 5, 5, 5, 5, 7, 7, 7, 10, 10, 10, 10, 10], mosse: [(4, 4, 10, 3, 6)]
3 -> costo: 67933.1, rotte: {2: [(1, 4), (4, 6)], 3: [(1, 7), (7, 2)], 4: [(1, 9), (9, 10), (10, 3), (3, 6), (6, 5)], 5: [(1, 8), (8, 5)]}, padri: [2, 2, 2, 2, 2, 5, 5, 5, 5, 5, 9, 10, 10, 10], figli: [4, 4, 4], mosse: [(4, 3, 1, 5, 1), (4, 3, 9, 5, 1), (4, 3, 10, 5, 1), (4, 3, 3, 5, 1), (4, 3, 6, 5, 1), (4, 3, 1, 5, 1), (4, 3, 9, 5, 1), (4, 3, 10, 5, 1), (4, 3, 3, 5, 1), (4, 3, 6, 5, 1), (4, 4, 3, 6, 6), (4, 4, 3, 6, 6), (4, 4, 6, 5, 5), (4, 4, 5, 6)]
4 -> costo: 67361.29999999999, rotte: {2: [(1, 4), (4, 6)], 3: [(1, 7), (7, 2)], 4: [(1, 9), (9, 10), (10, 3), (3, 6), (6, 5)], 5: [(1, 5), (5, 8)]}, padri: [3, 3, 3, 6, 6, 6, 6, 6, 7, 7, 7, 7, 7, 11, 11, 11, 15], figli: [], mosse: [(5, 5, 1, 5, 6), (5, 5, 5, 8, 19), (5, 5, 8, 5), (4, 3, 1, 5, 1), (4, 3, 9, 5, 1), (4, 3, 10, 5, 1), (4, 3, 3, 5, 1), (4, 3, 6, 5, 1), (4, 3, 1, 5, 1), (4, 3, 9, 5, 1), (4, 3, 10, 5, 1), (4, 3, 3, 5, 1), (4, 3, 6, 5, 1), (4, 4, 3, 6, 6), (4, 4, 6, 5, 5), (4, 4, 5, 6), (4, 4, 10, 3, 6)]
5 -> costo: 68234.6, rotte: {2: [(1, 4), (4, 6)], 3: [(1, 5), (5, 7), (7, 2)], 4: [(1, 9), (9, 10), (10, 3), (3, 6), (6, 5)], 5: [(1, 8), (8, 5)]}, padri: [2], figli: [6, 6, 6, 3, 3, 3, 3, 3, 10, 10, 10, 10, 10], mosse: [(3, 3, 1, 5, 1)]
6 -> costo: 67662.79999999999, rotte: {2: [(1, 4), (4, 6)], 3: [(1, 5), (5, 7), (7, 2)], 4: [(1, 9), (9, 10), (10, 3), (3, 6), (6, 5)], 5: [(1, 5), (5, 8)]}, padri: [5, 5, 5, 7], figli: [4, 4, 4, 4, 4], mosse: [(5, 5, 1, 5, 6), (5, 5, 5, 8, 19), (5, 5, 8, 5), (3, 3, 1, 5, 1)]
7 -> costo: 68412.4, rotte: {2: [(1, 4), (4, 6)], 3: [(1, 7), (7, 2), (2, 5)], 4: [(1, 9), (9, 10), (10, 3), (3, 6), (6, 5)], 5: [(1, 5), (5, 8)]}, padri: [2, 2, 2], figli: [4, 4, 4, 4, 4, 6], mosse: [(5, 5, 1, 5, 6), (5, 5, 5, 8, 19), (5, 5, 8, 5)]
8 -> costo: 69865.40000000001, rotte: {2: [(1, 4), (4, 6)], 3: [(1, 7), (7, 2), (2, 5)], 4: [(1, 9), (9, 10), (10, 6), (6, 3), (3, 5)], 5: [(1, 8), (8, 5)]}, padri: [1], figli: [9], mosse: [(4, 4, 6, 3, 6)]
9 -> costo: 68814.3, rotte: {2: [(1, 4), (4, 6)], 3: [(1, 7), (7, 2)], 4: [(1, 9), (9, 10), (10, 6), (6, 3), (3, 5)], 5: [(1, 8), (8, 5)]}, padri: [8], figli: [3, 10, 12, 14], mosse: [(4, 3, 1, 5, 1)]
10 -> costo: 68021.1, rotte: {2: [(1, 4), (4, 6)], 3: [(1, 7), (7, 2)], 4: [(1, 9), (9, 10), (10, 3), (3, 5), (5, 6)], 5: [(1, 8), (8, 5)]}, padri: [9, 12], figli: [11, 11, 11, 3, 3, 3], mosse: [(4, 4, 5, 6, 6), (4, 4, 10, 3, 6)]
11 -> costo: 67449.29999999999, rotte: {2: [(1, 4), (4, 6)], 3: [(1, 7), (7, 2)], 4: [(1, 9), (9, 10), (10, 3), (3, 5), (5, 6)], 5: [(1, 5), (5, 8)]}, padri: [10, 10, 10, 13], figli: [4, 4, 4], mosse: [(5, 5, 1, 5, 6), (5, 5, 5, 8, 19), (5, 5, 8, 5), (4, 4, 10, 3, 6)]
12 -> costo: 68030.3, rotte: {2: [(1, 4), (4, 6)], 3: [(1, 7), (7, 2)], 4: [(1, 9), (9, 10), (10, 5), (5, 6), (6, 3)], 5: [(1, 8), (8, 5)]}, padri: [9], figli: [13, 13, 13, 10], mosse: [(4, 4, 10, 5, 5)]
13 -> costo: 67458.5, rotte: {2: [(1, 4), (4, 6)], 3: [(1, 7), (7, 2)], 4: [(1, 9), (9, 10), (10, 5), (5, 6), (6, 3)], 5: [(1, 5), (5, 8)]}, padri: [12, 12, 12, 15], figli: [11], mosse: [(5, 5, 1, 5, 6), (5, 5, 5, 8, 19), (5, 5, 8, 5), (4, 4, 5, 6, 6)]
14 -> costo: 68120.0, rotte: {2: [(1, 4), (4, 6)], 3: [(1, 7), (7, 2)], 4: [(1, 9), (9, 10), (10, 6), (6, 5), (5, 3)], 5: [(1, 8), (8, 5)]}, padri: [9], figli: [15], mosse: [(4, 4, 6, 5, 5)]
15 -> costo: 67548.2, rotte: {2: [(1, 4), (4, 6)], 3: [(1, 7), (7, 2)], 4: [(1, 9), (9, 10), (10, 6), (6, 5), (5, 3)], 5: [(1, 5), (5, 8)]}, padri: [14], figli: [4, 13], mosse: [(5, 5, 1, 5, 6)]
bestSolutionIndice: 4
4 -> costo: 67361.29999999999, rotte: {2: [(1, 4), (4, 6)], 3: [(1, 7), (7, 2)], 4: [(1, 9), (9, 10), (10, 3), (3, 6), (6, 5)], 5: [(1, 5), (5, 8)]}, padri: [3, 3, 3, 6, 6, 6, 6, 6, 7, 7, 7, 7, 7, 11, 11, 11, 15], figli: [], mosse: [(5, 5, 1, 5, 6), (5, 5, 5, 8, 19), (5, 5, 8, 5), (4, 3, 1, 5, 1), (4, 3, 9, 5, 1), (4, 3, 10, 5, 1), (4, 3, 3, 5, 1), (4, 3, 6, 5, 1), (4, 3, 1, 5, 1), (4, 3, 9, 5, 1), (4, 3, 10, 5, 1), (4, 3, 3, 5, 1), (4, 3, 6, 5, 1), (4, 4, 3, 6, 6), (4, 4, 6, 5, 5), (4, 4, 5, 6), (4, 4, 10, 3, 6)]
trasportoPalletDiGamma: {2: [(4, 8), (6, 7)], 3: [(7, 15), (2, 3)], 4: [(9, 1), (10, 2), (3, 6), (6, 6), (5, 5)], 5: [(5, 6), (8, 19)]}
itMosseLS: 56, itMosseTS: 50
time elapsed: 188.13s.


##########################################################################################
s: 1
dictSolutions[1]:
0 -> costo: 78624.5, rotte: {2: [(1, 6), (6, 7)], 3: [(1, 9), (9, 5), (5, 2), (2, 8), (8, 7)], 4: [(1, 10), (10, 8)], 5: [(1, 3), (3, 4), (4, 7)]}, padri: [-1], figli: [1], mosse: [-1]
1 -> costo: 70303.3, rotte: {2: [(1, 6), (6, 7)], 3: [(1, 10), (10, 9), (9, 5), (5, 2), (2, 8), (8, 7)], 4: [(1, 8)], 5: [(1, 3), (3, 4), (4, 7)]}, padri: [0], figli: [2, 17], mosse: [(3, 4, 1, 10, 2)]
2 -> costo: 69100.5, rotte: {2: [(1, 6), (6, 7)], 3: [(1, 10), (10, 9), (9, 5), (5, 2), (2, 8), (8, 7)], 4: [(1, 8)], 5: [(1, 4), (4, 7), (7, 3)]}, padri: [1], figli: [3, 7, 12, 13, 15, 16], mosse: [(5, 5, 7, 3, 6)]
3 -> costo: 68318.0, rotte: {2: [(1, 6), (6, 7)], 3: [(1, 10), (10, 9), (9, 5), (5, 2), (2, 7)], 4: [(1, 8)], 5: [(1, 4), (4, 7), (7, 3)]}, padri: [2, 11, 15], figli: [4, 5, 6, 6, 6, 8], mosse: [(4, 3, 1, 8, 1), (4, 3, 1, 8, 1), (4, 3, 1, 8, 1)]
4 -> costo: 67806.8, rotte: {2: [(1, 6), (6, 7)], 3: [(1, 10), (10, 9), (9, 2), (2, 7), (7, 5)], 4: [(1, 8)], 5: [(1, 4), (4, 7), (7, 3)]}, padri: [3, 5, 5, 9, 12, 14, 19, 19, 19], figli: [], mosse: [(3, 3, 7, 5, 11), (3, 3, 2, 7, 2), (3, 3, 7, 5, 11), (4, 3, 1, 8, 1), (4, 3, 1, 8, 1), (3, 3, 2, 7, 2), (5, 5, 4, 7, 11), (5, 5, 7, 3, 6), (5, 5, 3, 7)]
5 -> costo: 68039.2, rotte: {2: [(1, 6), (6, 7)], 3: [(1, 10), (10, 9), (9, 2), (2, 5), (5, 7)], 4: [(1, 8)], 5: [(1, 4), (4, 7), (7, 3)]}, padri: [3, 6, 7, 8, 14], figli: [4, 4], mosse: [(3, 3, 2, 5, 11), (3, 3, 9, 2, 3), (4, 3, 1, 8, 1), (4, 3, 1, 8, 1), (3, 3, 5, 7, 2)]
6 -> costo: 68247.5, rotte: {2: [(1, 6), (6, 7)], 3: [(1, 10), (10, 9), (9, 5), (5, 7), (7, 2)], 4: [(1, 8)], 5: [(1, 4), (4, 7), (7, 3)]}, padri: [3, 3, 3, 10, 14, 16], figli: [5, 8], mosse: [(3, 3, 5, 7, 2), (3, 3, 7, 2, 3), (3, 3, 2, 7), (4, 3, 1, 8, 1), (3, 3, 9, 5, 11), (4, 3, 1, 8, 1)]
7 -> costo: 68424.5, rotte: {2: [(1, 6), (6, 7)], 3: [(1, 10), (10, 9), (9, 2), (2, 8), (8, 5), (5, 7)], 4: [(1, 8)], 5: [(1, 4), (4, 7), (7, 3)]}, padri: [2, 12, 12, 12], figli: [5, 8, 10, 11, 14], mosse: [(3, 3, 8, 5, 11), (3, 3, 7, 5), (3, 3, 8, 5, 11), (3, 3, 5, 7, 2)]
8 -> costo: 68119.09999999999, rotte: {2: [(1, 6), (6, 7)], 3: [(1, 10), (10, 9), (9, 8), (8, 2), (2, 5), (5, 7)], 4: [(1, 8)], 5: [(1, 4), (4, 7), (7, 3)]}, padri: [7, 10, 11, 13, 15], figli: [9, 9, 5], mosse: [(3, 3, 8, 2, 3), (3, 3, 8, 2, 3), (3, 3, 2, 5, 11), (3, 3, 5, 7, 2), (3, 3, 2, 5, 11)]
9 -> costo: 67886.7, rotte: {2: [(1, 6), (6, 7)], 3: [(1, 10), (10, 9), (9, 8), (8, 2), (2, 7), (7, 5)], 4: [(1, 8)], 5: [(1, 4), (4, 7), (7, 3)]}, padri: [8, 8, 12, 13, 15], figli: [4], mosse: [(3, 3, 2, 7, 2), (3, 3, 7, 5, 11), (3, 3, 8, 2, 3), (3, 3, 2, 7, 2), (3, 3, 7, 5, 11)]
10 -> costo: 68348.5, rotte: {2: [(1, 6), (6, 7)], 3: [(1, 10), (10, 9), (9, 8), (8, 5), (5, 7), (7, 2)], 4: [(1, 8)], 5: [(1, 4), (4, 7), (7, 3)]}, padri: [7, 11, 11, 11, 13, 16], figli: [8, 6], mosse: [(3, 3, 7, 2, 3), (3, 3, 5, 7, 2), (3, 3, 7, 2, 3), (3, 3, 2, 7), (3, 3, 8, 5, 11), (3, 3, 9, 8, 1)]
11 -> costo: 68419.0, rotte: {2: [(1, 6), (6, 7)], 3: [(1, 10), (10, 9), (9, 8), (8, 5), (5, 2), (2, 7)], 4: [(1, 8)], 5: [(1, 4), (4, 7), (7, 3)]}, padri: [7, 15], figli: [8, 3, 10, 10, 10, 14, 14, 14], mosse: [(3, 3, 5, 2, 3), (3, 3, 8, 5, 11)]
12 -> costo: 68589.3, rotte: {2: [(1, 6), (6, 7)], 3: [(1, 10), (10, 9), (9, 2), (2, 8), (8, 7), (7, 5)], 4: [(1, 8)], 5: [(1, 4), (4, 7), (7, 3)]}, padri: [2], figli: [4, 9, 7, 7, 7, 13, 13, 13], mosse: [(3, 3, 7, 5, 11)]
13 -> costo: 68575.0, rotte: {2: [(1, 6), (6, 7)], 3: [(1, 10), (10, 9), (9, 8), (8, 7), (7, 2), (2, 5)], 4: [(1, 8)], 5: [(1, 4), (4, 7), (7, 3)]}, padri: [12], figli: [9, 8, 10, 14], mosse: [(3, 3, 7, 2, 3)]
14 -> costo: 68530.3, rotte: {2: [(1, 6), (6, 7)], 3: [(1, 10), (10, 9), (9, 7), (7, 2), (2, 5)], 4: [(1, 8)], 5: [(1, 4), (4, 7), (7, 3)]}, padri: [13], figli: [4, 5, 6], mosse: [(4, 3, 1, 8, 1)]
15 -> costo: 68703.3, rotte: {2: [(1, 6), (6, 7)], 3: [(1, 10), (10, 9), (9, 5), (5, 8), (8, 2), (2, 7)], 4: [(1, 8)], 5: [(1, 4), (4, 7), (7, 3)]}, padri: [2], figli: [9, 8, 3, 11], mosse: [(3, 3, 8, 2, 3)]
16 -> costo: 68782.09999999999, rotte: {2: [(1, 6), (6, 7)], 3: [(1, 10), (10, 9), (9, 5), (5, 7), (7, 2), (2, 8)], 4: [(1, 8)], 5: [(1, 4), (4, 7), (7, 3)]}, padri: [2], figli: [6, 10], mosse: [(3, 3, 5, 7, 2)]
17 -> costo: 69122.40000000001, rotte: {2: [(1, 6), (6, 7)], 3: [(1, 10), (10, 9), (9, 5), (5, 2), (2, 8), (8, 7)], 4: [(1, 8)], 5: [(1, 4), (4, 3), (3, 7)]}, padri: [1], figli: [18], mosse: [(5, 5, 4, 3, 6)]
18 -> costo: 68339.90000000001, rotte: {2: [(1, 6), (6, 7)], 3: [(1, 10), (10, 9), (9, 5), (5, 2), (2, 7)], 4: [(1, 8)], 5: [(1, 4), (4, 3), (3, 7)]}, padri: [17], figli: [19], mosse: [(4, 3, 1, 8, 1)]
19 -> costo: 67828.70000000001, rotte: {2: [(1, 6), (6, 7)], 3: [(1, 10), (10, 9), (9, 2), (2, 7), (7, 5)], 4: [(1, 8)], 5: [(1, 4), (4, 3), (3, 7)]}, padri: [18], figli: [4, 4, 4], mosse: [(3, 3, 7, 5, 11)]
bestSolutionIndice: 4
4 -> costo: 67806.8, rotte: {2: [(1, 6), (6, 7)], 3: [(1, 10), (10, 9), (9, 2), (2, 7), (7, 5)], 4: [(1, 8)], 5: [(1, 4), (4, 7), (7, 3)]}, padri: [3, 5, 5, 9, 12, 14, 19, 19, 19], figli: [], mosse: [(3, 3, 7, 5, 11), (3, 3, 2, 7, 2), (3, 3, 7, 5, 11), (4, 3, 1, 8, 1), (4, 3, 1, 8, 1), (3, 3, 2, 7, 2), (5, 5, 4, 7, 11), (5, 5, 7, 3, 6), (5, 5, 3, 7)]
trasportoPalletDiGamma: {2: [(6, 13), (7, 2)], 3: [(10, 2), (9, 1), (2, 3), (7, 2), (5, 11)], 4: [(8, 19)], 5: [(4, 8), (7, 11), (3, 6)]}
itMosseLS: 55, itMosseTS: 50
time elapsed: 251.90s.


##########################################################################################
s: 1
dictSolutions[1]:
0 -> costo: 78385.29999999999, rotte: {2: [(1, 4), (4, 7)], 5: [(1, 10), (10, 2), (2, 5), (5, 8)], 4: [(1, 9), (9, 3), (3, 7), (7, 8)], 3: [(1, 6), (6, 8)]}, padri: [-1], figli: [1, 11], mosse: [-1]
1 -> costo: 69779.59999999999, rotte: {2: [(1, 4), (4, 7)], 5: [(1, 2), (2, 5), (5, 8)], 4: [(1, 10), (10, 9), (9, 3), (3, 7), (7, 8)], 3: [(1, 6), (6, 8)]}, padri: [0], figli: [2, 4, 6, 9, 10, 10, 10], mosse: [(4, 5, 1, 10, 2)]
2 -> costo: 68417.7, rotte: {2: [(1, 4), (4, 7)], 5: [(1, 5), (5, 8), (8, 2)], 4: [(1, 10), (10, 9), (9, 3), (3, 7), (7, 8)], 3: [(1, 6), (6, 8)]}, padri: [1, 4, 4, 9], figli: [3], mosse: [(5, 5, 8, 2, 3), (5, 5, 5, 8, 9), (5, 5, 8, 2, 3), (5, 5, 1, 5, 11)]
3 -> costo: 67301.2, rotte: {2: [(1, 4), (4, 7)], 5: [(1, 5), (5, 8), (8, 2)], 4: [(1, 10), (10, 9), (9, 8), (8, 3), (3, 7)], 3: [(1, 6), (6, 8)]}, padri: [2, 5, 5, 6, 7], figli: [], mosse: [(4, 4, 9, 8, 3), (5, 5, 5, 8, 9), (5, 5, 8, 2, 3), (5, 5, 8, 2, 3), (5, 5, 1, 5, 11)]
4 -> costo: 68566.99999999999, rotte: {2: [(1, 4), (4, 7)], 5: [(1, 5), (5, 2), (2, 8)], 4: [(1, 10), (10, 9), (9, 3), (3, 7), (7, 8)], 3: [(1, 6), (6, 8)]}, padri: [1, 10], figli: [5, 2, 2, 7], mosse: [(5, 5, 5, 2, 3), (5, 5, 1, 5, 11)]
5 -> costo: 67450.5, rotte: {2: [(1, 4), (4, 7)], 5: [(1, 5), (5, 2), (2, 8)], 4: [(1, 10), (10, 9), (9, 8), (8, 3), (3, 7)], 3: [(1, 6), (6, 8)]}, padri: [4, 6, 8], figli: [3, 3], mosse: [(4, 4, 9, 8, 3), (5, 5, 5, 2, 3), (5, 5, 1, 5, 11)]
6 -> costo: 68663.1, rotte: {2: [(1, 4), (4, 7)], 5: [(1, 2), (2, 5), (5, 8)], 4: [(1, 10), (10, 9), (9, 8), (8, 3), (3, 7)], 3: [(1, 6), (6, 8)]}, padri: [1], figli: [3, 5, 7, 8, 8, 8], mosse: [(4, 4, 9, 8, 3)]
7 -> costo: 68022.3, rotte: {2: [(1, 4), (4, 7)], 5: [(1, 8), (8, 2), (2, 5)], 4: [(1, 10), (10, 9), (9, 8), (8, 3), (3, 7)], 3: [(1, 6), (6, 8)]}, padri: [6, 8, 9], figli: [3], mosse: [(5, 5, 1, 8, 9), (5, 5, 8, 2, 3), (4, 4, 9, 8, 3)]
8 -> costo: 68043.2, rotte: {2: [(1, 4), (4, 7)], 5: [(1, 2), (2, 8), (8, 5)], 4: [(1, 10), (10, 9), (9, 8), (8, 3), (3, 7)], 3: [(1, 6), (6, 8)]}, padri: [6, 6, 6, 10], figli: [5, 7], mosse: [(5, 5, 2, 8, 9), (5, 5, 8, 5, 11), (5, 5, 5, 8), (4, 4, 9, 8, 3)]
9 -> costo: 69138.79999999999, rotte: {2: [(1, 4), (4, 7)], 5: [(1, 8), (8, 2), (2, 5)], 4: [(1, 10), (10, 9), (9, 3), (3, 7), (7, 8)], 3: [(1, 6), (6, 8)]}, padri: [1, 10], figli: [7, 2], mosse: [(5, 5, 1, 8, 9), (5, 5, 8, 2, 3)]
10 -> costo: 69159.69999999998, rotte: {2: [(1, 4), (4, 7)], 5: [(1, 2), (2, 8), (8, 5)], 4: [(1, 10), (10, 9), (9, 3), (3, 7), (7, 8)], 3: [(1, 6), (6, 8)]}, padri: [1, 1, 1], figli: [8, 4, 9], mosse: [(5, 5, 2, 8, 9), (5, 5, 8, 5, 11), (5, 5, 5, 8)]
11 -> costo: 69779.59999999999, rotte: {2: [(1, 4), (4, 7)], 5: [(1, 2), (2, 5), (5, 8)], 4: [(1, 9), (9, 10), (10, 3), (3, 7), (7, 8)], 3: [(1, 6), (6, 8)]}, padri: [0], figli: [12, 14, 18], mosse: [(4, 5, 9, 10, 2)]
12 -> costo: 68417.69999999998, rotte: {2: [(1, 4), (4, 7)], 5: [(1, 5), (5, 8), (8, 2)], 4: [(1, 9), (9, 10), (10, 3), (3, 7), (7, 8)], 3: [(1, 6), (6, 8)]}, padri: [11, 14, 14], figli: [13], mosse: [(5, 5, 8, 2, 3), (5, 5, 5, 8, 9), (5, 5, 8, 2, 3)]
13 -> costo: 67301.2, rotte: {2: [(1, 4), (4, 7)], 5: [(1, 5), (5, 8), (8, 2)], 4: [(1, 9), (9, 10), (10, 8), (8, 3), (3, 7)], 3: [(1, 6), (6, 8)]}, padri: [12], figli: [], mosse: [(4, 4, 10, 8, 3)]
14 -> costo: 68566.99999999999, rotte: {2: [(1, 4), (4, 7)], 5: [(1, 5), (5, 2), (2, 8)], 4: [(1, 9), (9, 10), (10, 3), (3, 7), (7, 8)], 3: [(1, 6), (6, 8)]}, padri: [11], figli: [15, 12, 12], mosse: [(5, 5, 5, 2, 3)]
15 -> costo: 67450.5, rotte: {2: [(1, 4), (4, 7)], 5: [(1, 5), (5, 2), (2, 8)], 4: [(1, 9), (9, 10), (10, 8), (8, 3), (3, 7)], 3: [(1, 6), (6, 8)]}, padri: [14], figli: [16, 17], mosse: [(4, 4, 10, 8, 3)]
16 -> costo: 67301.2, rotte: {2: [(1, 4), (4, 7)], 5: [(1, 5), (5, 8), (8, 2)], 4: [(1, 9), (9, 10), (10, 8), (8, 3), (3, 7)], 3: [(1, 6), (6, 8)]}, padri: [15], figli: [], mosse: [(5, 5, 5, 8, 9)]
17 -> costo: 67301.2, rotte: {2: [(1, 4), (4, 7)], 5: [(1, 5), (5, 8), (8, 2)], 4: [(1, 9), (9, 10), (10, 8), (8, 3), (3, 7)], 3: [(1, 6), (6, 8)]}, padri: [15], figli: [], mosse: [(5, 5, 8, 2, 3)]
18 -> costo: 68663.09999999999, rotte: {2: [(1, 4), (4, 7)], 5: [(1, 2), (2, 5), (5, 8)], 4: [(1, 9), (9, 10), (10, 8), (8, 3), (3, 7)], 3: [(1, 6), (6, 8)]}, padri: [11], figli: [19, 20, 23, 25, 31], mosse: [(4, 4, 10, 8, 3)]
19 -> costo: 67301.2, rotte: {2: [(1, 4), (4, 7)], 5: [(1, 5), (5, 8), (8, 2)], 4: [(1, 9), (9, 10), (10, 8), (8, 3), (3, 7)], 3: [(1, 6), (6, 8)]}, padri: [18], figli: [], mosse: [(5, 5, 8, 2, 3)]
20 -> costo: 67450.5, rotte: {2: [(1, 4), (4, 7)], 5: [(1, 5), (5, 2), (2, 8)], 4: [(1, 9), (9, 10), (10, 8), (8, 3), (3, 7)], 3: [(1, 6), (6, 8)]}, padri: [18], figli: [21, 22], mosse: [(5, 5, 5, 2, 3)]
21 -> costo: 67301.2, rotte: {2: [(1, 4), (4, 7)], 5: [(1, 5), (5, 8), (8, 2)], 4: [(1, 9), (9, 10), (10, 8), (8, 3), (3, 7)], 3: [(1, 6), (6, 8)]}, padri: [20], figli: [], mosse: [(5, 5, 5, 8, 9)]
22 -> costo: 67301.2, rotte: {2: [(1, 4), (4, 7)], 5: [(1, 5), (5, 8), (8, 2)], 4: [(1, 9), (9, 10), (10, 8), (8, 3), (3, 7)], 3: [(1, 6), (6, 8)]}, padri: [20], figli: [], mosse: [(5, 5, 8, 2, 3)]
23 -> costo: 68022.3, rotte: {2: [(1, 4), (4, 7)], 5: [(1, 8), (8, 2), (2, 5)], 4: [(1, 9), (9, 10), (10, 8), (8, 3), (3, 7)], 3: [(1, 6), (6, 8)]}, padri: [18], figli: [24], mosse: [(5, 5, 1, 8, 9)]
24 -> costo: 67301.2, rotte: {2: [(1, 4), (4, 7)], 5: [(1, 5), (5, 8), (8, 2)], 4: [(1, 9), (9, 10), (10, 8), (8, 3), (3, 7)], 3: [(1, 6), (6, 8)]}, padri: [23], figli: [], mosse: [(5, 5, 1, 5, 11)]
25 -> costo: 68043.2, rotte: {2: [(1, 4), (4, 7)], 5: [(1, 2), (2, 8), (8, 5)], 4: [(1, 9), (9, 10), (10, 8), (8, 3), (3, 7)], 3: [(1, 6), (6, 8)]}, padri: [18], figli: [26, 29], mosse: [(5, 5, 2, 8, 9)]
26 -> costo: 67450.5, rotte: {2: [(1, 4), (4, 7)], 5: [(1, 5), (5, 2), (2, 8)], 4: [(1, 9), (9, 10), (10, 8), (8, 3), (3, 7)], 3: [(1, 6), (6, 8)]}, padri: [25], figli: [27, 28], mosse: [(5, 5, 1, 5, 11)]
27 -> costo: 67301.2, rotte: {2: [(1, 4), (4, 7)], 5: [(1, 5), (5, 8), (8, 2)], 4: [(1, 9), (9, 10), (10, 8), (8, 3), (3, 7)], 3: [(1, 6), (6, 8)]}, padri: [26], figli: [], mosse: [(5, 5, 5, 8, 9)]
28 -> costo: 67301.2, rotte: {2: [(1, 4), (4, 7)], 5: [(1, 5), (5, 8), (8, 2)], 4: [(1, 9), (9, 10), (10, 8), (8, 3), (3, 7)], 3: [(1, 6), (6, 8)]}, padri: [26], figli: [], mosse: [(5, 5, 8, 2, 3)]
29 -> costo: 68022.3, rotte: {2: [(1, 4), (4, 7)], 5: [(1, 8), (8, 2), (2, 5)], 4: [(1, 9), (9, 10), (10, 8), (8, 3), (3, 7)], 3: [(1, 6), (6, 8)]}, padri: [25], figli: [30], mosse: [(5, 5, 8, 2, 3)]
30 -> costo: 67301.2, rotte: {2: [(1, 4), (4, 7)], 5: [(1, 5), (5, 8), (8, 2)], 4: [(1, 9), (9, 10), (10, 8), (8, 3), (3, 7)], 3: [(1, 6), (6, 8)]}, padri: [29], figli: [], mosse: [(5, 5, 1, 5, 11)]
31 -> costo: 68043.2, rotte: {2: [(1, 4), (4, 7)], 5: [(1, 2), (2, 8), (8, 5)], 4: [(1, 9), (9, 10), (10, 8), (8, 3), (3, 7)], 3: [(1, 6), (6, 8)]}, padri: [18], figli: [32], mosse: [(5, 5, 8, 5, 11)]
32 -> costo: 67450.5, rotte: {2: [(1, 4), (4, 7)], 5: [(1, 5), (5, 2), (2, 8)], 4: [(1, 9), (9, 10), (10, 8), (8, 3), (3, 7)], 3: [(1, 6), (6, 8)]}, padri: [31], figli: [33, 34], mosse: [(5, 5, 1, 5, 11)]
33 -> costo: 67301.2, rotte: {2: [(1, 4), (4, 7)], 5: [(1, 5), (5, 8), (8, 2)], 4: [(1, 9), (9, 10), (10, 8), (8, 3), (3, 7)], 3: [(1, 6), (6, 8)]}, padri: [32], figli: [], mosse: [(5, 5, 5, 8, 9)]
34 -> costo: 67301.2, rotte: {2: [(1, 4), (4, 7)], 5: [(1, 5), (5, 8), (8, 2)], 4: [(1, 9), (9, 10), (10, 8), (8, 3), (3, 7)], 3: [(1, 6), (6, 8)]}, padri: [32], figli: [], mosse: [(5, 5, 8, 2, 3)]
bestSolutionIndice: 3
3 -> costo: 67301.2, rotte: {2: [(1, 4), (4, 7)], 5: [(1, 5), (5, 8), (8, 2)], 4: [(1, 10), (10, 9), (9, 8), (8, 3), (3, 7)], 3: [(1, 6), (6, 8)]}, padri: [2, 5, 5, 6, 7], figli: [], mosse: [(4, 4, 9, 8, 3), (5, 5, 5, 8, 9), (5, 5, 8, 2, 3), (5, 5, 8, 2, 3), (5, 5, 1, 5, 11)]
trasportoPalletDiGamma: {2: [(4, 8), (7, 7)], 5: [(5, 11), (8, 9), (2, 3)], 4: [(10, 2), (9, 1), (8, 3), (3, 6), (7, 8)], 3: [(6, 13), (8, 7)]}
itMosseLS: 54, itMosseTS: 50
time elapsed: 203.23s.


