itNSIMax: 20, itMosseTSMax: 10.
##########################################################################################
s: 1
dictSolutions[1]:
0 -> costo: 67985.09999999999, rotte: {4: [(1, 10), (10, 9), (9, 7)], 3: [(1, 5), (5, 6)], 5: [(1, 2), (2, 8), (8, 6)], 2: [(1, 4), (4, 3), (3, 6)]}, padri: [-1], figli: [1], mosse: [-1]
1 -> costo: 65288.7, rotte: {4: [(1, 7), (7, 10), (10, 9)], 3: [(1, 5), (5, 6)], 5: [(1, 2), (2, 8), (8, 6)], 2: [(1, 4), (4, 3), (3, 6)]}, padri: [0], figli: [2, 2, 2, 6, 6, 6], mosse: [(4, 4, 1, 7, 15)]
2 -> costo: 64695.799999999996, rotte: {4: [(1, 7), (7, 10), (10, 9)], 3: [(1, 5), (5, 6)], 5: [(1, 2), (2, 8), (8, 6)], 2: [(1, 4), (4, 6), (6, 3)]}, padri: [1, 1, 1], figli: [3, 5], mosse: [(2, 2, 3, 6), (2, 2, 4, 6, 1), (2, 2, 6, 3, 6)]
3 -> costo: 64265.899999999994, rotte: {4: [(1, 7), (7, 10), (10, 9)], 3: [(1, 5), (5, 6)], 5: [(1, 6), (6, 2), (2, 8)], 2: [(1, 4), (4, 6), (6, 3)]}, padri: [2], figli: [4, 4, 4, 9, 9, 9], mosse: [(5, 5, 1, 6, 3)]
4 -> costo: 64162.799999999996, rotte: {4: [(1, 7), (7, 10), (10, 9)], 3: [(1, 5), (5, 6)], 5: [(1, 6), (6, 8), (8, 2)], 2: [(1, 4), (4, 6), (6, 3)]}, padri: [3, 3, 3, 5, 8, 9], figli: [], mosse: [(5, 5, 2, 8), (5, 5, 6, 8, 19), (5, 5, 8, 2, 3), (5, 5, 1, 6, 3), (2, 2, 4, 6, 1), (2, 4, 4, 6, 1)]
5 -> costo: 64633.19999999999, rotte: {4: [(1, 7), (7, 10), (10, 9)], 3: [(1, 5), (5, 6)], 5: [(1, 8), (8, 2), (2, 6)], 2: [(1, 4), (4, 6), (6, 3)]}, padri: [2], figli: [4, 9], mosse: [(5, 5, 8, 2, 3)]
6 -> costo: 64785.5, rotte: {4: [(1, 7), (7, 10), (10, 9)], 3: [(1, 5), (5, 6)], 5: [(1, 2), (2, 8), (8, 6)], 2: [(1, 6), (6, 4), (4, 3)]}, padri: [1], figli: [7], mosse: [(2, 2, 1, 6, 1)]
7 -> costo: 64355.6, rotte: {4: [(1, 7), (7, 10), (10, 9)], 3: [(1, 5), (5, 6)], 5: [(1, 6), (6, 2), (2, 8)], 2: [(1, 6), (6, 4), (4, 3)]}, padri: [6], figli: [8], mosse: [(5, 5, 1, 6, 3)]
8 -> costo: 64252.5, rotte: {4: [(1, 7), (7, 10), (10, 9)], 3: [(1, 5), (5, 6)], 5: [(1, 6), (6, 8), (8, 2)], 2: [(1, 6), (6, 4), (4, 3)]}, padri: [7], figli: [4, 9], mosse: [(5, 5, 2, 8)]
9 -> costo: 64169.5, rotte: {4: [(1, 6), (6, 7), (7, 10), (10, 9)], 3: [(1, 5), (5, 6)], 5: [(1, 6), (6, 8), (8, 2)], 2: [(1, 4), (4, 3)]}, padri: [8], figli: [4], mosse: [(4, 2, 1, 6, 1)]
bestSolutionIndice: 4
4 -> costo: 64162.799999999996, rotte: {4: [(1, 7), (7, 10), (10, 9)], 3: [(1, 5), (5, 6)], 5: [(1, 6), (6, 8), (8, 2)], 2: [(1, 4), (4, 6), (6, 3)]}, padri: [3, 3, 3, 5, 8, 9], figli: [], mosse: [(5, 5, 2, 8), (5, 5, 6, 8, 19), (5, 5, 8, 2, 3), (5, 5, 1, 6, 3), (2, 2, 4, 6, 1), (2, 4, 4, 6, 1)]
trasportoPalletDiGamma: {4: [(7, 15), (10, 2), (9, 1)], 3: [(5, 11), (6, 9)], 5: [(6, 3), (8, 19), (2, 3)], 2: [(4, 8), (6, 1), (3, 6)]}
itMosseLS: 16, itMosseTS: 10
time elapsed: 39.85s.


##########################################################################################
s: 1
dictSolutions[1]:
0 -> costo: 80478.90000000001, rotte: {2: [(1, 10), (10, 3), (3, 7)], 4: [(1, 5), (5, 9), (9, 4), (4, 7)], 3: [(1, 2), (2, 6), (6, 7)], 5: [(1, 8), (8, 4)]}, padri: [-1], figli: [1], mosse: [-1]
1 -> costo: 71476.80000000002, rotte: {2: [(1, 3), (3, 7)], 4: [(1, 5), (5, 10), (10, 9), (9, 4), (4, 7)], 3: [(1, 2), (2, 6), (6, 7)], 5: [(1, 8), (8, 4)]}, padri: [0], figli: [2], mosse: [(4, 2, 5, 10, 2)]
2 -> costo: 70860.6, rotte: {2: [(1, 3), (3, 7)], 4: [(1, 5), (5, 10), (10, 9), (9, 4), (4, 7)], 3: [(1, 2), (2, 6), (6, 7)], 5: [(1, 4), (4, 8)]}, padri: [1], figli: [3], mosse: [(5, 5, 8, 4)]
3 -> costo: 69116.4, rotte: {2: [(1, 3), (3, 7)], 4: [(1, 10), (10, 9), (9, 5), (5, 4), (4, 7)], 3: [(1, 2), (2, 6), (6, 7)], 5: [(1, 4), (4, 8)]}, padri: [2], figli: [4], mosse: [(4, 4, 9, 5, 11)]
4 -> costo: 68924.20000000001, rotte: {2: [(1, 3), (3, 7)], 4: [(1, 10), (10, 9), (9, 5), (5, 4), (4, 7)], 3: [(1, 2), (2, 7), (7, 6)], 5: [(1, 4), (4, 8)]}, padri: [3], figli: [5, 10], mosse: [(3, 3, 6, 7)]
5 -> costo: 68590.4, rotte: {2: [(1, 3), (3, 7)], 4: [(1, 10), (10, 9), (9, 5), (5, 4), (4, 7)], 3: [(1, 6), (6, 2), (2, 7)], 5: [(1, 4), (4, 8)]}, padri: [4], figli: [6, 9, 9, 9], mosse: [(3, 3, 1, 6, 13)]
6 -> costo: 68386.70000000001, rotte: {2: [(1, 3), (3, 7)], 4: [(1, 10), (10, 9), (9, 5), (5, 4), (4, 7)], 3: [(1, 6), (6, 7), (7, 2)], 5: [(1, 4), (4, 8)]}, padri: [5], figli: [7, 7, 7], mosse: [(3, 3, 2, 7)]
7 -> costo: 68372.40000000001, rotte: {2: [(1, 7), (7, 3)], 4: [(1, 10), (10, 9), (9, 5), (5, 4), (4, 7)], 3: [(1, 6), (6, 7), (7, 2)], 5: [(1, 4), (4, 8)]}, padri: [6, 6, 6, 9], figli: [8], mosse: [(2, 2, 1, 7, 7), (2, 2, 3, 7), (2, 2, 7, 3, 6), (3, 3, 2, 7)]
8 -> costo: 68372.4, rotte: {2: [(1, 7), (7, 3)], 4: [(1, 10), (10, 9), (9, 4), (4, 5), (5, 7)], 3: [(1, 6), (6, 7), (7, 2)], 5: [(1, 4), (4, 8)]}, padri: [7], figli: [], mosse: [(4, 4, 4, 5, 11)]
9 -> costo: 68576.1, rotte: {2: [(1, 7), (7, 3)], 4: [(1, 10), (10, 9), (9, 5), (5, 4), (4, 7)], 3: [(1, 6), (6, 2), (2, 7)], 5: [(1, 4), (4, 8)]}, padri: [5, 5, 5, 10], figli: [7], mosse: [(2, 2, 3, 7), (2, 2, 1, 7, 7), (2, 2, 7, 3, 6), (3, 3, 1, 6, 13)]
10 -> costo: 68909.90000000001, rotte: {2: [(1, 7), (7, 3)], 4: [(1, 10), (10, 9), (9, 5), (5, 4), (4, 7)], 3: [(1, 2), (2, 7), (7, 6)], 5: [(1, 4), (4, 8)]}, padri: [4], figli: [9], mosse: [(2, 2, 3, 7)]
bestSolutionIndice: 8
8 -> costo: 68372.4, rotte: {2: [(1, 7), (7, 3)], 4: [(1, 10), (10, 9), (9, 4), (4, 5), (5, 7)], 3: [(1, 6), (6, 7), (7, 2)], 5: [(1, 4), (4, 8)]}, padri: [7], figli: [], mosse: [(4, 4, 4, 5, 11)]
trasportoPalletDiGamma: {2: [(7, 7), (3, 6)], 4: [(10, 2), (9, 1), (4, 2), (5, 11), (7, 4)], 3: [(6, 13), (7, 4), (2, 3)], 5: [(4, 6), (8, 19)]}
itMosseLS: 16, itMosseTS: 10
time elapsed: 44.11s.


##########################################################################################
s: 1
dictSolutions[1]:
0 -> costo: 81946.69999999998, rotte: {3: [(1, 5), (5, 7)], 4: [(1, 6), (6, 10), (10, 2), (2, 8)], 2: [(1, 3), (3, 8)], 5: [(1, 4), (4, 9), (9, 7), (7, 8)]}, padri: [-1], figli: [1], mosse: [-1]
1 -> costo: 76175.89999999998, rotte: {3: [(1, 5), (5, 7)], 4: [(1, 6), (6, 10), (10, 2), (2, 8)], 2: [(1, 3), (3, 8)], 5: [(1, 4), (4, 7), (7, 8), (8, 9)]}, padri: [0], figli: [2], mosse: [(5, 5, 8, 9, 1)]
2 -> costo: 75721.19999999998, rotte: {3: [(1, 5), (5, 7)], 4: [(1, 6), (6, 10), (10, 8), (8, 2)], 2: [(1, 3), (3, 8)], 5: [(1, 4), (4, 7), (7, 8), (8, 9)]}, padri: [1], figli: [3, 7], mosse: [(4, 4, 2, 8)]
3 -> costo: 71677.8, rotte: {3: [(1, 5), (5, 7)], 4: [(1, 6), (6, 8), (8, 2), (2, 10)], 2: [(1, 3), (3, 8)], 5: [(1, 4), (4, 7), (7, 8), (8, 9)]}, padri: [2], figli: [4, 6, 4, 4, 8, 8, 8], mosse: [(4, 4, 2, 10, 2)]
4 -> costo: 71556.2, rotte: {3: [(1, 5), (5, 7)], 4: [(1, 6), (6, 8), (8, 2), (2, 10)], 2: [(1, 8), (8, 3)], 5: [(1, 4), (4, 7), (7, 8), (8, 9)]}, padri: [3, 3, 3, 7], figli: [5], mosse: [(2, 2, 3, 8), (2, 2, 1, 8, 9), (2, 2, 8, 3, 6), (4, 4, 2, 10, 2)]
5 -> costo: 71204.59999999999, rotte: {3: [(1, 5), (5, 7)], 4: [(1, 6), (6, 2), (2, 8), (8, 10)], 2: [(1, 8), (8, 3)], 5: [(1, 4), (4, 7), (7, 8), (8, 9)]}, padri: [4, 6, 6, 6], figli: [], mosse: [(4, 4, 2, 8, 2), (2, 2, 3, 8), (2, 2, 1, 8, 9), (2, 2, 8, 3, 6)]
6 -> costo: 71326.2, rotte: {3: [(1, 5), (5, 7)], 4: [(1, 6), (6, 2), (2, 8), (8, 10)], 2: [(1, 3), (3, 8)], 5: [(1, 4), (4, 7), (7, 8), (8, 9)]}, padri: [3], figli: [5, 5, 5], mosse: [(4, 4, 2, 8, 2)]
7 -> costo: 75599.59999999999, rotte: {3: [(1, 5), (5, 7)], 4: [(1, 6), (6, 10), (10, 8), (8, 2)], 2: [(1, 8), (8, 3)], 5: [(1, 4), (4, 7), (7, 8), (8, 9)]}, padri: [2], figli: [4, 8], mosse: [(2, 2, 3, 8)]
8 -> costo: 74142.49999999999, rotte: {3: [(1, 5), (5, 7)], 4: [(1, 10), (10, 8), (8, 2), (2, 6)], 2: [(1, 8), (8, 3)], 5: [(1, 4), (4, 7), (7, 8), (8, 9)]}, padri: [7], figli: [9], mosse: [(4, 4, 2, 6, 13)]
9 -> costo: 65821.3, rotte: {3: [(1, 5), (5, 7)], 4: [(1, 8), (8, 2), (2, 6)], 2: [(1, 8), (8, 3)], 5: [(1, 4), (4, 7), (7, 8), (8, 10), (10, 9)]}, padri: [8], figli: [10], mosse: [(5, 4, 8, 10, 2)]
10 -> costo: 65350.90000000001, rotte: {3: [(1, 5), (5, 7)], 4: [(1, 6), (6, 8), (8, 2)], 2: [(1, 8), (8, 3)], 5: [(1, 4), (4, 7), (7, 8), (8, 10), (10, 9)]}, padri: [9], figli: [], mosse: [(4, 4, 1, 6, 13)]
bestSolutionIndice: 10
10 -> costo: 65350.90000000001, rotte: {3: [(1, 5), (5, 7)], 4: [(1, 6), (6, 8), (8, 2)], 2: [(1, 8), (8, 3)], 5: [(1, 4), (4, 7), (7, 8), (8, 10), (10, 9)]}, padri: [9], figli: [], mosse: [(4, 4, 1, 6, 13)]
trasportoPalletDiGamma: {3: [(5, 11), (7, 9)], 4: [(6, 13), (8, 2), (2, 3)], 2: [(8, 9), (3, 6)], 5: [(4, 8), (7, 6), (8, 8), (10, 2), (9, 1)]}
itMosseLS: 16, itMosseTS: 10
time elapsed: 51.65s.


##########################################################################################
s: 1
dictSolutions[1]:
0 -> costo: 75913.29999999999, rotte: {2: [(1, 7)], 4: [(1, 2), (2, 4), (4, 9), (9, 8), (8, 10)], 5: [(1, 5), (5, 3), (3, 8)], 3: [(1, 6), (6, 8)]}, padri: [-1], figli: [1], mosse: [-1]
1 -> costo: 65429.600000000006, rotte: {2: [(1, 7)], 4: [(1, 2), (2, 4), (4, 8), (8, 10), (10, 9)], 5: [(1, 5), (5, 3), (3, 8)], 3: [(1, 6), (6, 8)]}, padri: [0], figli: [2, 5, 6], mosse: [(4, 4, 10, 9, 1)]
2 -> costo: 65328.90000000001, rotte: {2: [(1, 7)], 4: [(1, 2), (2, 4), (4, 8), (8, 10), (10, 9)], 5: [(1, 5), (5, 8), (8, 3)], 3: [(1, 6), (6, 8)]}, padri: [1], figli: [3, 4], mosse: [(5, 5, 3, 8)]
3 -> costo: 64328.100000000006, rotte: {2: [(1, 7)], 4: [(1, 4), (4, 2), (2, 8), (8, 10), (10, 9)], 5: [(1, 5), (5, 8), (8, 3)], 3: [(1, 6), (6, 8)]}, padri: [2, 4, 5, 5, 5], figli: [], mosse: [(4, 4, 4, 2, 3), (4, 4, 2, 8, 4), (5, 5, 3, 8), (5, 5, 5, 8, 8), (5, 5, 8, 3, 6)]
4 -> costo: 64633.50000000001, rotte: {2: [(1, 7)], 4: [(1, 4), (4, 8), (8, 2), (2, 10), (10, 9)], 5: [(1, 5), (5, 8), (8, 3)], 3: [(1, 6), (6, 8)]}, padri: [2, 6, 6], figli: [3], mosse: [(4, 4, 8, 2, 3), (5, 5, 3, 8), (5, 5, 5, 8, 8)]
5 -> costo: 64428.8, rotte: {2: [(1, 7)], 4: [(1, 4), (4, 2), (2, 8), (8, 10), (10, 9)], 5: [(1, 5), (5, 3), (3, 8)], 3: [(1, 6), (6, 8)]}, padri: [1, 6], figli: [3, 3, 3], mosse: [(4, 4, 4, 2, 3), (4, 4, 2, 8, 4)]
6 -> costo: 64734.200000000004, rotte: {2: [(1, 7)], 4: [(1, 4), (4, 8), (8, 2), (2, 10), (10, 9)], 5: [(1, 5), (5, 3), (3, 8)], 3: [(1, 6), (6, 8)]}, padri: [1], figli: [4, 5, 4], mosse: [(4, 4, 8, 2, 3)]
bestSolutionIndice: 3
3 -> costo: 64328.100000000006, rotte: {2: [(1, 7)], 4: [(1, 4), (4, 2), (2, 8), (8, 10), (10, 9)], 5: [(1, 5), (5, 8), (8, 3)], 3: [(1, 6), (6, 8)]}, padri: [2, 4, 5, 5, 5], figli: [], mosse: [(4, 4, 4, 2, 3), (4, 4, 2, 8, 4), (5, 5, 3, 8), (5, 5, 5, 8, 8), (5, 5, 8, 3, 6)]
trasportoPalletDiGamma: {2: [(7, 15)], 4: [(4, 8), (2, 3), (8, 4), (10, 2), (9, 1)], 5: [(5, 11), (8, 8), (3, 6)], 3: [(6, 13), (8, 7)]}
itMosseLS: 13, itMosseTS: 10
time elapsed: 44.66s.


##########################################################################################
s: 1
dictSolutions[1]:
0 -> costo: 78905.49999999999, rotte: {2: [(1, 3), (3, 7)], 5: [(1, 6), (6, 9), (9, 5)], 3: [(1, 10), (10, 8)], 4: [(1, 4), (4, 2), (2, 7), (7, 8)]}, padri: [-1], figli: [1], mosse: [-1]
1 -> costo: 73281.29999999997, rotte: {2: [(1, 3), (3, 7)], 5: [(1, 5), (5, 6), (6, 9)], 3: [(1, 10), (10, 8)], 4: [(1, 4), (4, 2), (2, 7), (7, 8)]}, padri: [0], figli: [2], mosse: [(5, 5, 1, 5, 11)]
2 -> costo: 70710.69999999998, rotte: {2: [(1, 3), (3, 7)], 5: [(1, 5), (5, 6), (6, 9)], 3: [(1, 8), (8, 10)], 4: [(1, 4), (4, 2), (2, 7), (7, 8)]}, padri: [1], figli: [3, 5, 6], mosse: [(3, 3, 10, 8)]
3 -> costo: 69934.79999999999, rotte: {2: [(1, 3), (3, 7)], 5: [(1, 5), (5, 6), (6, 9)], 3: [(1, 8), (8, 10)], 4: [(1, 4), (4, 8), (8, 2), (2, 7)]}, padri: [2, 5], figli: [4, 4, 4, 7, 7, 7], mosse: [(4, 4, 4, 8, 1), (4, 4, 8, 2, 3)]
4 -> costo: 69920.49999999999, rotte: {2: [(1, 7), (7, 3)], 5: [(1, 5), (5, 6), (6, 9)], 3: [(1, 8), (8, 10)], 4: [(1, 4), (4, 8), (8, 2), (2, 7)]}, padri: [3, 3, 3, 6], figli: [], mosse: [(2, 2, 3, 7), (2, 2, 1, 7, 9), (2, 2, 7, 3, 6), (4, 4, 8, 2, 3)]
5 -> costo: 70332.0, rotte: {2: [(1, 3), (3, 7)], 5: [(1, 5), (5, 6), (6, 9)], 3: [(1, 8), (8, 10)], 4: [(1, 4), (4, 2), (2, 8), (8, 7)]}, padri: [2], figli: [3, 6, 8], mosse: [(4, 4, 7, 8)]
6 -> costo: 70317.7, rotte: {2: [(1, 7), (7, 3)], 5: [(1, 5), (5, 6), (6, 9)], 3: [(1, 8), (8, 10)], 4: [(1, 4), (4, 2), (2, 8), (8, 7)]}, padri: [5], figli: [4, 7], mosse: [(2, 2, 3, 7)]
7 -> costo: 69999.29999999999, rotte: {2: [(1, 7), (7, 3)], 5: [(1, 5), (5, 6), (6, 9)], 3: [(1, 8), (8, 10)], 4: [(1, 4), (4, 7), (7, 2), (2, 8)]}, padri: [6, 8, 8, 8], figli: [], mosse: [(4, 4, 4, 7, 6), (2, 2, 3, 7), (2, 2, 1, 7, 9), (2, 2, 7, 3, 6)]
8 -> costo: 70013.59999999999, rotte: {2: [(1, 3), (3, 7)], 5: [(1, 5), (5, 6), (6, 9)], 3: [(1, 8), (8, 10)], 4: [(1, 4), (4, 7), (7, 2), (2, 8)]}, padri: [5], figli: [7, 7, 7], mosse: [(4, 4, 4, 7, 6)]
bestSolutionIndice: 4
4 -> costo: 69920.49999999999, rotte: {2: [(1, 7), (7, 3)], 5: [(1, 5), (5, 6), (6, 9)], 3: [(1, 8), (8, 10)], 4: [(1, 4), (4, 8), (8, 2), (2, 7)]}, padri: [3, 3, 3, 6], figli: [], mosse: [(2, 2, 3, 7), (2, 2, 1, 7, 9), (2, 2, 7, 3, 6), (4, 4, 8, 2, 3)]
trasportoPalletDiGamma: {2: [(7, 9), (3, 6)], 5: [(5, 11), (6, 13), (9, 1)], 3: [(8, 18), (10, 2)], 4: [(4, 8), (8, 1), (2, 3), (7, 6)]}
itMosseLS: 15, itMosseTS: 10
time elapsed: 28.84s.


##########################################################################################
s: 1
dictSolutions[1]:
0 -> costo: 70083.79999999999, rotte: {2: [(1, 5), (5, 7)], 5: [(1, 3), (3, 4), (4, 2), (2, 8)], 3: [(1, 9), (9, 10), (10, 7), (7, 8)], 4: [(1, 6), (6, 8)]}, padri: [-1], figli: [1], mosse: [-1]
1 -> costo: 68967.29999999999, rotte: {2: [(1, 5), (5, 7)], 5: [(1, 3), (3, 4), (4, 2), (2, 8)], 3: [(1, 9), (9, 10), (10, 8), (8, 7)], 4: [(1, 6), (6, 8)]}, padri: [0], figli: [2], mosse: [(3, 3, 10, 8, 4)]
2 -> costo: 68818.0, rotte: {2: [(1, 5), (5, 7)], 5: [(1, 3), (3, 4), (4, 8), (8, 2)], 3: [(1, 9), (9, 10), (10, 8), (8, 7)], 4: [(1, 6), (6, 8)]}, padri: [1], figli: [3, 4, 5, 6], mosse: [(5, 5, 2, 8)]
3 -> costo: 67829.8, rotte: {2: [(1, 5), (5, 7)], 5: [(1, 4), (4, 8), (8, 2), (2, 3)], 3: [(1, 9), (9, 10), (10, 8), (8, 7)], 4: [(1, 6), (6, 8)]}, padri: [2, 4, 4, 4, 6], figli: [], mosse: [(5, 5, 2, 3, 6), (5, 5, 3, 2), (5, 5, 8, 2, 3), (5, 5, 2, 3, 6), (5, 5, 2, 3, 6)]
4 -> costo: 68142.4, rotte: {2: [(1, 5), (5, 7)], 5: [(1, 4), (4, 8), (8, 3), (3, 2)], 3: [(1, 9), (9, 10), (10, 8), (8, 7)], 4: [(1, 6), (6, 8)]}, padri: [2, 6], figli: [3, 3, 3, 5, 5, 5], mosse: [(5, 5, 8, 3, 6), (5, 5, 8, 3, 6)]
5 -> costo: 67930.5, rotte: {2: [(1, 5), (5, 7)], 5: [(1, 4), (4, 3), (3, 2), (2, 8)], 3: [(1, 9), (9, 10), (10, 8), (8, 7)], 4: [(1, 6), (6, 8)]}, padri: [4, 6, 6, 6], figli: [], mosse: [(5, 5, 2, 8, 8), (5, 5, 8, 2), (5, 5, 3, 2, 3), (5, 5, 2, 8, 8)]
6 -> costo: 68178.4, rotte: {2: [(1, 5), (5, 7)], 5: [(1, 4), (4, 3), (3, 8), (8, 2)], 3: [(1, 9), (9, 10), (10, 8), (8, 7)], 4: [(1, 6), (6, 8)]}, padri: [2], figli: [5, 3, 5, 5, 4], mosse: [(5, 5, 4, 3, 6)]
bestSolutionIndice: 3
3 -> costo: 67829.8, rotte: {2: [(1, 5), (5, 7)], 5: [(1, 4), (4, 8), (8, 2), (2, 3)], 3: [(1, 9), (9, 10), (10, 8), (8, 7)], 4: [(1, 6), (6, 8)]}, padri: [2, 4, 4, 4, 6], figli: [], mosse: [(5, 5, 2, 3, 6), (5, 5, 3, 2), (5, 5, 8, 2, 3), (5, 5, 2, 3, 6), (5, 5, 2, 3, 6)]
trasportoPalletDiGamma: {2: [(5, 11), (7, 4)], 5: [(4, 8), (8, 8), (2, 3), (3, 6)], 3: [(9, 1), (10, 2), (8, 4), (7, 11)], 4: [(6, 13), (8, 7)]}
itMosseLS: 14, itMosseTS: 10
time elapsed: 43.82s.


##########################################################################################
s: 1
dictSolutions[1]:
0 -> costo: 77974.29999999999, rotte: {2: [(1, 2), (2, 8)], 5: [(1, 10), (10, 7), (7, 5)], 4: [(1, 9), (9, 3), (3, 8), (8, 6), (6, 5)], 3: [(1, 4), (4, 6)]}, padri: [-1], figli: [1], mosse: [-1]
1 -> costo: 68643.9, rotte: {2: [(1, 2), (2, 8)], 5: [(1, 7), (7, 5)], 4: [(1, 10), (10, 9), (9, 3), (3, 8), (8, 6), (6, 5)], 3: [(1, 4), (4, 6)]}, padri: [0], figli: [2], mosse: [(4, 5, 1, 10, 2)]
2 -> costo: 67955.99999999999, rotte: {2: [(1, 2), (2, 8)], 5: [(1, 5), (5, 7)], 4: [(1, 10), (10, 9), (9, 3), (3, 8), (8, 6), (6, 5)], 3: [(1, 4), (4, 6)]}, padri: [1], figli: [3, 5], mosse: [(5, 5, 7, 5)]
3 -> costo: 67169.0, rotte: {2: [(1, 2), (2, 8)], 5: [(1, 5), (5, 7)], 4: [(1, 10), (10, 9), (9, 8), (8, 3), (3, 6), (6, 5)], 3: [(1, 4), (4, 6)]}, padri: [2], figli: [4, 4, 4, 6, 6, 6, 7, 7, 7], mosse: [(4, 4, 8, 3, 6)]
4 -> costo: 66998.79999999999, rotte: {2: [(1, 8), (8, 2)], 5: [(1, 5), (5, 7)], 4: [(1, 10), (10, 9), (9, 8), (8, 3), (3, 6), (6, 5)], 3: [(1, 4), (4, 6)]}, padri: [3, 3, 3, 5, 6, 8, 8, 8], figli: [], mosse: [(2, 2, 2, 8), (2, 2, 1, 8, 12), (2, 2, 8, 2, 3), (4, 4, 8, 3, 6), (4, 4, 8, 3, 6), (4, 4, 5, 6), (4, 4, 3, 6, 1), (4, 4, 6, 5, 3)]
5 -> costo: 67785.79999999999, rotte: {2: [(1, 8), (8, 2)], 5: [(1, 5), (5, 7)], 4: [(1, 10), (10, 9), (9, 3), (3, 8), (8, 6), (6, 5)], 3: [(1, 4), (4, 6)]}, padri: [2], figli: [4, 6, 7], mosse: [(2, 2, 2, 8)]
6 -> costo: 67242.0, rotte: {2: [(1, 8), (8, 2)], 5: [(1, 5), (5, 7)], 4: [(1, 10), (10, 9), (9, 8), (8, 6), (6, 5), (5, 3)], 3: [(1, 4), (4, 6)]}, padri: [5], figli: [4, 7], mosse: [(4, 4, 5, 3, 6)]
7 -> costo: 67152.29999999999, rotte: {2: [(1, 8), (8, 2)], 5: [(1, 5), (5, 7)], 4: [(1, 10), (10, 9), (9, 8), (8, 5), (5, 6), (6, 3)], 3: [(1, 4), (4, 6)]}, padri: [6], figli: [8], mosse: [(4, 4, 5, 6, 1)]
8 -> costo: 67086.79999999999, rotte: {2: [(1, 8), (8, 2)], 5: [(1, 5), (5, 7)], 4: [(1, 10), (10, 9), (9, 8), (8, 3), (3, 5), (5, 6)], 3: [(1, 4), (4, 6)]}, padri: [7], figli: [4, 4, 4], mosse: [(4, 4, 8, 3, 6)]
bestSolutionIndice: 4
4 -> costo: 66998.79999999999, rotte: {2: [(1, 8), (8, 2)], 5: [(1, 5), (5, 7)], 4: [(1, 10), (10, 9), (9, 8), (8, 3), (3, 6), (6, 5)], 3: [(1, 4), (4, 6)]}, padri: [3, 3, 3, 5, 6, 8, 8, 8], figli: [], mosse: [(2, 2, 2, 8), (2, 2, 1, 8, 12), (2, 2, 8, 2, 3), (4, 4, 8, 3, 6), (4, 4, 8, 3, 6), (4, 4, 5, 6), (4, 4, 3, 6, 1), (4, 4, 6, 5, 3)]
trasportoPalletDiGamma: {2: [(8, 12), (2, 3)], 5: [(5, 8), (7, 15)], 4: [(10, 2), (9, 1), (8, 7), (3, 6), (6, 1), (5, 3)], 3: [(4, 8), (6, 12)]}
itMosseLS: 15, itMosseTS: 10
time elapsed: 35.57s.


##########################################################################################
s: 1
dictSolutions[1]:
0 -> costo: 67904.5, rotte: {4: [(1, 8), (8, 3)], 2: [(1, 7)], 3: [(1, 5), (5, 6)], 5: [(1, 10), (10, 9), (9, 3), (3, 6), (6, 4), (4, 2)]}, padri: [-1], figli: [1], mosse: [-1]
1 -> costo: 67060.7, rotte: {4: [(1, 8)], 2: [(1, 7)], 3: [(1, 5), (5, 6)], 5: [(1, 10), (10, 9), (9, 3), (3, 6), (6, 4), (4, 2)]}, padri: [0], figli: [2, 4, 6, 7], mosse: [(5, 4, 1, 3, 1)]
2 -> costo: 66413.9, rotte: {4: [(1, 8)], 2: [(1, 7)], 3: [(1, 5), (5, 6)], 5: [(1, 10), (10, 9), (9, 2), (2, 3), (3, 6), (6, 4)]}, padri: [1], figli: [3, 3, 3], mosse: [(5, 5, 9, 2, 3)]
3 -> costo: 66245.7, rotte: {4: [(1, 8)], 2: [(1, 7)], 3: [(1, 5), (5, 6)], 5: [(1, 10), (10, 9), (9, 2), (2, 3), (3, 4), (4, 6)]}, padri: [2, 2, 2], figli: [], mosse: [(5, 5, 6, 4), (5, 5, 3, 4, 8), (5, 5, 4, 6, 4)]
4 -> costo: 66692.40000000001, rotte: {4: [(1, 8)], 2: [(1, 7)], 3: [(1, 5), (5, 6)], 5: [(1, 10), (10, 9), (9, 6), (6, 4), (4, 3), (3, 2)]}, padri: [1, 6, 6, 6], figli: [5], mosse: [(5, 5, 4, 3, 6), (5, 5, 2, 3), (5, 5, 4, 3, 6), (5, 5, 3, 2, 3)]
5 -> costo: 66602.7, rotte: {4: [(1, 8)], 2: [(1, 7)], 3: [(1, 5), (5, 6)], 5: [(1, 10), (10, 9), (9, 4), (4, 6), (6, 3), (3, 2)]}, padri: [4, 7, 7], figli: [], mosse: [(5, 5, 4, 6, 4), (5, 5, 2, 3), (5, 5, 6, 3, 6)]
6 -> costo: 66741.0, rotte: {4: [(1, 8)], 2: [(1, 7)], 3: [(1, 5), (5, 6)], 5: [(1, 10), (10, 9), (9, 6), (6, 4), (4, 2), (2, 3)]}, padri: [1], figli: [4, 4, 4, 7, 7, 7], mosse: [(5, 5, 2, 3, 6)]
7 -> costo: 66694.8, rotte: {4: [(1, 8)], 2: [(1, 7)], 3: [(1, 5), (5, 6)], 5: [(1, 10), (10, 9), (9, 4), (4, 6), (6, 2), (2, 3)]}, padri: [6], figli: [5, 5], mosse: [(5, 5, 4, 6, 4)]
bestSolutionIndice: 3
3 -> costo: 66245.7, rotte: {4: [(1, 8)], 2: [(1, 7)], 3: [(1, 5), (5, 6)], 5: [(1, 10), (10, 9), (9, 2), (2, 3), (3, 4), (4, 6)]}, padri: [2, 2, 2], figli: [], mosse: [(5, 5, 6, 4), (5, 5, 3, 4, 8), (5, 5, 4, 6, 4)]
trasportoPalletDiGamma: {4: [(8, 19)], 2: [(7, 15)], 3: [(5, 11), (6, 9)], 5: [(10, 2), (9, 1), (2, 3), (3, 6), (4, 8), (6, 4)]}
itMosseLS: 14, itMosseTS: 10
time elapsed: 29.16s.


##########################################################################################
s: 1
dictSolutions[1]:
0 -> costo: 79902.6, rotte: {5: [(1, 8), (8, 10), (10, 6)], 4: [(1, 2), (2, 4), (4, 7), (7, 6)], 3: [(1, 3), (3, 7)], 2: [(1, 9), (9, 5), (5, 6)]}, padri: [-1], figli: [1], mosse: [-1]
1 -> costo: 75045.7, rotte: {5: [(1, 6), (6, 8), (8, 10)], 4: [(1, 2), (2, 4), (4, 7), (7, 6)], 3: [(1, 3), (3, 7)], 2: [(1, 9), (9, 5), (5, 6)]}, padri: [0], figli: [2], mosse: [(5, 5, 1, 6, 4)]
2 -> costo: 74474.7, rotte: {5: [(1, 6), (6, 8), (8, 10)], 4: [(1, 2), (2, 4), (4, 6), (6, 7)], 3: [(1, 3), (3, 7)], 2: [(1, 9), (9, 5), (5, 6)]}, padri: [1], figli: [3], mosse: [(4, 4, 7, 6)]
3 -> costo: 71098.5, rotte: {5: [(1, 6), (6, 8), (8, 10)], 4: [(1, 2), (2, 4), (4, 6), (6, 7)], 3: [(1, 3), (3, 7)], 2: [(1, 5), (5, 6), (6, 9)]}, padri: [2], figli: [4, 9], mosse: [(2, 2, 6, 9, 1)]
4 -> costo: 71084.20000000001, rotte: {5: [(1, 6), (6, 8), (8, 10)], 4: [(1, 2), (2, 4), (4, 6), (6, 7)], 3: [(1, 7), (7, 3)], 2: [(1, 5), (5, 6), (6, 9)]}, padri: [3], figli: [5, 6, 7, 8], mosse: [(3, 3, 3, 7)]
5 -> costo: 70312.8, rotte: {5: [(1, 6), (6, 8), (8, 10)], 4: [(1, 4), (4, 6), (6, 7), (7, 2)], 3: [(1, 7), (7, 3)], 2: [(1, 5), (5, 6), (6, 9)]}, padri: [4, 6, 6, 6, 9, 9], figli: [], mosse: [(4, 4, 7, 2, 3), (4, 4, 2, 7), (4, 4, 6, 7, 1), (4, 4, 7, 2, 3), (3, 3, 3, 7), (3, 3, 1, 7, 14)]
6 -> costo: 70516.5, rotte: {5: [(1, 6), (6, 8), (8, 10)], 4: [(1, 4), (4, 6), (6, 2), (2, 7)], 3: [(1, 7), (7, 3)], 2: [(1, 5), (5, 6), (6, 9)]}, padri: [4], figli: [5, 5, 5], mosse: [(4, 4, 6, 2, 3)]
7 -> costo: 71032.8, rotte: {5: [(1, 6), (6, 8), (8, 10)], 4: [(1, 7), (7, 2), (2, 4), (4, 6)], 3: [(1, 7), (7, 3)], 2: [(1, 5), (5, 6), (6, 9)]}, padri: [4, 8], figli: [], mosse: [(4, 4, 1, 7, 1), (4, 4, 7, 2, 3)]
8 -> costo: 71033.20000000001, rotte: {5: [(1, 6), (6, 8), (8, 10)], 4: [(1, 2), (2, 7), (7, 4), (4, 6)], 3: [(1, 7), (7, 3)], 2: [(1, 5), (5, 6), (6, 9)]}, padri: [4], figli: [7], mosse: [(4, 4, 2, 7, 1)]
9 -> costo: 70327.1, rotte: {5: [(1, 6), (6, 8), (8, 10)], 4: [(1, 4), (4, 6), (6, 7), (7, 2)], 3: [(1, 3), (3, 7)], 2: [(1, 5), (5, 6), (6, 9)]}, padri: [3], figli: [5, 5], mosse: [(4, 4, 7, 2, 3)]
bestSolutionIndice: 5
5 -> costo: 70312.8, rotte: {5: [(1, 6), (6, 8), (8, 10)], 4: [(1, 4), (4, 6), (6, 7), (7, 2)], 3: [(1, 7), (7, 3)], 2: [(1, 5), (5, 6), (6, 9)]}, padri: [4, 6, 6, 6, 9, 9], figli: [], mosse: [(4, 4, 7, 2, 3), (4, 4, 2, 7), (4, 4, 6, 7, 1), (4, 4, 7, 2, 3), (3, 3, 3, 7), (3, 3, 1, 7, 14)]
trasportoPalletDiGamma: {5: [(6, 4), (8, 19), (10, 2)], 4: [(4, 8), (6, 6), (7, 1), (2, 3)], 3: [(7, 14), (3, 6)], 2: [(5, 11), (6, 3), (9, 1)]}
itMosseLS: 15, itMosseTS: 10
time elapsed: 42.71s.


##########################################################################################
s: 1
dictSolutions[1]:
0 -> costo: 68067.3, rotte: {3: [(1, 3), (3, 7)], 2: [(1, 10), (10, 9), (9, 6)], 4: [(1, 4), (4, 5), (5, 7)], 5: [(1, 8), (8, 2), (2, 6)]}, padri: [-1], figli: [1], mosse: [-1]
1 -> costo: 64902.899999999994, rotte: {3: [(1, 3), (3, 7)], 2: [(1, 6), (6, 10), (10, 9)], 4: [(1, 4), (4, 5), (5, 7)], 5: [(1, 8), (8, 2), (2, 6)]}, padri: [0], figli: [2, 6], mosse: [(2, 2, 1, 6, 12)]
2 -> costo: 64888.59999999999, rotte: {3: [(1, 7), (7, 3)], 2: [(1, 6), (6, 10), (10, 9)], 4: [(1, 4), (4, 5), (5, 7)], 5: [(1, 8), (8, 2), (2, 6)]}, padri: [1], figli: [3, 5, 7], mosse: [(3, 3, 3, 7)]
3 -> costo: 64418.2, rotte: {3: [(1, 7), (7, 3)], 2: [(1, 6), (6, 10), (10, 9)], 4: [(1, 4), (4, 5), (5, 7)], 5: [(1, 6), (6, 8), (8, 2)]}, padri: [2, 6, 6], figli: [4], mosse: [(5, 5, 1, 6, 1), (3, 3, 3, 7), (3, 3, 1, 7, 14)]
4 -> costo: 64206.4, rotte: {3: [(1, 7), (7, 3)], 2: [(1, 6), (6, 10), (10, 9)], 4: [(1, 5), (5, 4), (4, 7)], 5: [(1, 6), (6, 8), (8, 2)]}, padri: [3, 5, 7, 7, 7], figli: [], mosse: [(4, 4, 5, 4, 8), (5, 5, 1, 6, 1), (3, 3, 3, 7), (3, 3, 1, 7, 14), (3, 3, 7, 3, 6)]
5 -> costo: 64676.799999999996, rotte: {3: [(1, 7), (7, 3)], 2: [(1, 6), (6, 10), (10, 9)], 4: [(1, 5), (5, 4), (4, 7)], 5: [(1, 8), (8, 2), (2, 6)]}, padri: [2], figli: [4], mosse: [(4, 4, 5, 4, 8)]
6 -> costo: 64432.5, rotte: {3: [(1, 3), (3, 7)], 2: [(1, 6), (6, 10), (10, 9)], 4: [(1, 4), (4, 5), (5, 7)], 5: [(1, 6), (6, 8), (8, 2)]}, padri: [1], figli: [3, 7, 3], mosse: [(5, 5, 1, 6, 1)]
7 -> costo: 64220.700000000004, rotte: {3: [(1, 3), (3, 7)], 2: [(1, 6), (6, 10), (10, 9)], 4: [(1, 5), (5, 4), (4, 7)], 5: [(1, 6), (6, 8), (8, 2)]}, padri: [6], figli: [4, 4, 4], mosse: [(4, 4, 5, 4, 8)]
bestSolutionIndice: 4
4 -> costo: 64206.4, rotte: {3: [(1, 7), (7, 3)], 2: [(1, 6), (6, 10), (10, 9)], 4: [(1, 5), (5, 4), (4, 7)], 5: [(1, 6), (6, 8), (8, 2)]}, padri: [3, 5, 7, 7, 7], figli: [], mosse: [(4, 4, 5, 4, 8), (5, 5, 1, 6, 1), (3, 3, 3, 7), (3, 3, 1, 7, 14), (3, 3, 7, 3, 6)]
trasportoPalletDiGamma: {3: [(7, 14), (3, 6)], 2: [(6, 12), (10, 2), (9, 1)], 4: [(5, 11), (4, 8), (7, 1)], 5: [(6, 1), (8, 19), (2, 3)]}
itMosseLS: 13, itMosseTS: 10
time elapsed: 32.92s.


##########################################################################################
s: 1
dictSolutions[1]:
0 -> costo: 80208.3, rotte: {5: [(1, 5), (5, 4), (4, 6)], 3: [(1, 3), (3, 9), (9, 8)], 4: [(1, 2), (2, 10), (10, 6), (6, 8)], 2: [(1, 7)]}, padri: [-1], figli: [1], mosse: [-1]
1 -> costo: 75421.0, rotte: {5: [(1, 5), (5, 4), (4, 6)], 3: [(1, 3), (3, 8), (8, 9)], 4: [(1, 2), (2, 10), (10, 6), (6, 8)], 2: [(1, 7)]}, padri: [0], figli: [2], mosse: [(3, 3, 3, 8, 13)]
2 -> costo: 74519.6, rotte: {5: [(1, 5), (5, 4), (4, 6)], 3: [(1, 3), (3, 8), (8, 9)], 4: [(1, 2), (2, 10), (10, 8), (8, 6)], 2: [(1, 7)]}, padri: [1], figli: [3], mosse: [(4, 4, 6, 8)]
3 -> costo: 70909.79999999999, rotte: {5: [(1, 5), (5, 4), (4, 6)], 3: [(1, 3), (3, 8), (8, 9)], 4: [(1, 2), (2, 8), (8, 6), (6, 10)], 2: [(1, 7)]}, padri: [2], figli: [4], mosse: [(4, 4, 6, 10, 2)]
4 -> costo: 70868.4, rotte: {5: [(1, 5), (5, 6), (6, 4)], 3: [(1, 3), (3, 8), (8, 9)], 4: [(1, 2), (2, 8), (8, 6), (6, 10)], 2: [(1, 7)]}, padri: [3], figli: [5, 8, 9], mosse: [(5, 5, 4, 6)]
5 -> costo: 70538.4, rotte: {5: [(1, 5), (5, 6), (6, 4)], 3: [(1, 3), (3, 8), (8, 9)], 4: [(1, 2), (2, 6), (6, 8), (8, 10)], 2: [(1, 7)]}, padri: [4, 8], figli: [6, 7], mosse: [(4, 4, 6, 8, 6), (4, 4, 6, 8, 6)]
6 -> costo: 69533.1, rotte: {5: [(1, 5), (5, 6), (6, 4)], 3: [(1, 3), (3, 8), (8, 9)], 4: [(1, 6), (6, 2), (2, 8), (8, 10)], 2: [(1, 7)]}, padri: [5, 7, 9], figli: [], mosse: [(4, 4, 6, 2, 3), (4, 4, 2, 8, 6), (4, 4, 2, 8, 6)]
7 -> costo: 69884.70000000001, rotte: {5: [(1, 5), (5, 6), (6, 4)], 3: [(1, 3), (3, 8), (8, 9)], 4: [(1, 6), (6, 8), (8, 2), (2, 10)], 2: [(1, 7)]}, padri: [5, 9], figli: [6], mosse: [(4, 4, 8, 2, 3), (4, 4, 6, 8, 6)]
8 -> costo: 70805.79999999999, rotte: {5: [(1, 5), (5, 6), (6, 4)], 3: [(1, 3), (3, 8), (8, 9)], 4: [(1, 8), (8, 2), (2, 6), (6, 10)], 2: [(1, 7)]}, padri: [4, 9], figli: [5], mosse: [(4, 4, 8, 2, 3), (4, 4, 2, 6, 7)]
9 -> costo: 70818.4, rotte: {5: [(1, 5), (5, 6), (6, 4)], 3: [(1, 3), (3, 8), (8, 9)], 4: [(1, 8), (8, 6), (6, 2), (2, 10)], 2: [(1, 7)]}, padri: [4], figli: [6, 7, 8], mosse: [(4, 4, 6, 2, 3)]
bestSolutionIndice: 6
6 -> costo: 69533.1, rotte: {5: [(1, 5), (5, 6), (6, 4)], 3: [(1, 3), (3, 8), (8, 9)], 4: [(1, 6), (6, 2), (2, 8), (8, 10)], 2: [(1, 7)]}, padri: [5, 7, 9], figli: [], mosse: [(4, 4, 6, 2, 3), (4, 4, 2, 8, 6), (4, 4, 2, 8, 6)]
trasportoPalletDiGamma: {5: [(5, 11), (6, 6), (4, 8)], 3: [(3, 6), (8, 13), (9, 1)], 4: [(6, 7), (2, 3), (8, 6), (10, 2)], 2: [(7, 15)]}
itMosseLS: 14, itMosseTS: 10
time elapsed: 45.10s.


##########################################################################################
s: 1
dictSolutions[1]:
0 -> costo: 79508.09999999999, rotte: {2: [(1, 10), (10, 4), (4, 3)], 4: [(1, 6), (6, 2), (2, 8)], 5: [(1, 7), (7, 8)], 3: [(1, 9), (9, 5), (5, 3), (3, 8)]}, padri: [-1], figli: [1], mosse: [-1]
1 -> costo: 69922.69999999998, rotte: {2: [(1, 4), (4, 3)], 4: [(1, 6), (6, 2), (2, 8)], 5: [(1, 7), (7, 8)], 3: [(1, 10), (10, 9), (9, 5), (5, 3), (3, 8)]}, padri: [0], figli: [2], mosse: [(3, 2, 1, 10, 2)]
2 -> costo: 69815.4, rotte: {2: [(1, 4), (4, 3)], 4: [(1, 6), (6, 2), (2, 8)], 5: [(1, 8), (8, 7)], 3: [(1, 10), (10, 9), (9, 5), (5, 3), (3, 8)]}, padri: [1], figli: [3], mosse: [(5, 5, 7, 8)]
3 -> costo: 68870.9, rotte: {2: [(1, 4), (4, 3)], 4: [(1, 6), (6, 2), (2, 8)], 5: [(1, 8), (8, 7)], 3: [(1, 10), (10, 9), (9, 5), (5, 8)]}, padri: [2], figli: [4, 6, 4, 4, 6], mosse: [(2, 3, 1, 3, 1)]
4 -> costo: 67966.70000000001, rotte: {2: [(1, 4), (4, 3)], 4: [(1, 6), (6, 2), (2, 8)], 5: [(1, 8), (8, 7)], 3: [(1, 10), (10, 9), (9, 8), (8, 5)]}, padri: [3, 3, 3], figli: [5, 5, 5], mosse: [(3, 3, 5, 8), (3, 3, 9, 8, 5), (3, 3, 8, 5, 11)]
5 -> costo: 67863.60000000002, rotte: {2: [(1, 4), (4, 3)], 4: [(1, 6), (6, 8), (8, 2)], 5: [(1, 8), (8, 7)], 3: [(1, 10), (10, 9), (9, 8), (8, 5)]}, padri: [4, 4, 4, 6, 6, 6], figli: [], mosse: [(4, 4, 6, 8, 4), (4, 4, 2, 8), (4, 4, 8, 2, 3), (3, 3, 9, 8, 5), (3, 3, 5, 8), (3, 3, 8, 5, 11)]
6 -> costo: 68767.8, rotte: {2: [(1, 4), (4, 3)], 4: [(1, 6), (6, 8), (8, 2)], 5: [(1, 8), (8, 7)], 3: [(1, 10), (10, 9), (9, 5), (5, 8)]}, padri: [3, 3], figli: [5, 5, 5], mosse: [(4, 4, 2, 8), (4, 4, 6, 8, 4)]
bestSolutionIndice: 5
5 -> costo: 67863.60000000002, rotte: {2: [(1, 4), (4, 3)], 4: [(1, 6), (6, 8), (8, 2)], 5: [(1, 8), (8, 7)], 3: [(1, 10), (10, 9), (9, 8), (8, 5)]}, padri: [4, 4, 4, 6, 6, 6], figli: [], mosse: [(4, 4, 6, 8, 4), (4, 4, 2, 8), (4, 4, 8, 2, 3), (3, 3, 9, 8, 5), (3, 3, 5, 8), (3, 3, 8, 5, 11)]
trasportoPalletDiGamma: {2: [(4, 8), (3, 6)], 4: [(6, 13), (8, 4), (2, 3)], 5: [(8, 10), (7, 15)], 3: [(10, 2), (9, 1), (8, 5), (5, 11)]}
itMosseLS: 14, itMosseTS: 10
time elapsed: 34.50s.


##########################################################################################
s: 1
dictSolutions[1]:
0 -> costo: 81815.5, rotte: {3: [(1, 7), (7, 2), (2, 4)], 2: [(1, 3), (3, 8)], 4: [(1, 5), (5, 10), (10, 8)], 5: [(1, 6), (6, 9), (9, 4), (4, 8)]}, padri: [-1], figli: [1], mosse: [-1]
1 -> costo: 78797.40000000001, rotte: {3: [(1, 7), (7, 2), (2, 4)], 2: [(1, 3), (3, 8)], 4: [(1, 8), (8, 5), (5, 10)], 5: [(1, 6), (6, 9), (9, 4), (4, 8)]}, padri: [0], figli: [2], mosse: [(4, 4, 1, 8, 7)]
2 -> costo: 78149.40000000002, rotte: {3: [(1, 7), (7, 2), (2, 4)], 2: [(1, 3), (3, 8)], 4: [(1, 8), (8, 5), (5, 10)], 5: [(1, 6), (6, 9), (9, 8), (8, 4)]}, padri: [1], figli: [3], mosse: [(5, 5, 4, 8)]
3 -> costo: 74068.3, rotte: {3: [(1, 7), (7, 2), (2, 4)], 2: [(1, 3), (3, 8)], 4: [(1, 8), (8, 5), (5, 10)], 5: [(1, 6), (6, 8), (8, 4), (4, 9)]}, padri: [2], figli: [4], mosse: [(5, 5, 4, 9, 1)]
4 -> costo: 73946.70000000001, rotte: {3: [(1, 7), (7, 2), (2, 4)], 2: [(1, 8), (8, 3)], 4: [(1, 8), (8, 5), (5, 10)], 5: [(1, 6), (6, 8), (8, 4), (4, 9)]}, padri: [3], figli: [5], mosse: [(2, 2, 3, 8)]
5 -> costo: 72466.7, rotte: {3: [(1, 7), (7, 2), (2, 4)], 2: [(1, 8), (8, 3)], 4: [(1, 5), (5, 8), (8, 10)], 5: [(1, 6), (6, 8), (8, 4), (4, 9)]}, padri: [4], figli: [6], mosse: [(4, 4, 5, 8, 7)]
6 -> costo: 72389.2, rotte: {3: [(1, 7), (7, 4), (4, 2)], 2: [(1, 8), (8, 3)], 4: [(1, 5), (5, 8), (8, 10)], 5: [(1, 6), (6, 8), (8, 4), (4, 9)]}, padri: [5], figli: [7, 7, 7, 7, 12, 12, 12, 12], mosse: [(3, 3, 2, 4)]
7 -> costo: 71576.29999999999, rotte: {3: [(1, 7), (7, 2)], 2: [(1, 8), (8, 3)], 4: [(1, 5), (5, 8), (8, 10)], 5: [(1, 6), (6, 8), (8, 4), (4, 9)]}, padri: [6, 6, 6, 6], figli: [8, 9, 10], mosse: [(5, 3, 1, 4, 2), (5, 3, 6, 4, 2), (5, 3, 8, 4, 2), (5, 3, 9, 4, 2)]
8 -> costo: 70183.2, rotte: {3: [(1, 7), (7, 2)], 2: [(1, 8), (8, 3)], 4: [(1, 5), (5, 8), (8, 10)], 5: [(1, 6), (6, 4), (4, 8), (8, 9)]}, padri: [7, 9, 14], figli: [], mosse: [(5, 5, 4, 8, 3), (5, 5, 4, 8, 3), (5, 3, 1, 4, 2)]
9 -> costo: 71451.39999999998, rotte: {3: [(1, 7), (7, 2)], 2: [(1, 8), (8, 3)], 4: [(1, 5), (5, 8), (8, 10)], 5: [(1, 8), (8, 6), (6, 4), (4, 9)]}, padri: [7, 10], figli: [8], mosse: [(5, 5, 8, 6, 13), (5, 5, 6, 4, 8)]
10 -> costo: 71451.4, rotte: {3: [(1, 7), (7, 2)], 2: [(1, 8), (8, 3)], 4: [(1, 5), (5, 8), (8, 10)], 5: [(1, 8), (8, 4), (4, 6), (6, 9)]}, padri: [7], figli: [11, 9], mosse: [(5, 5, 4, 6, 13)]
11 -> costo: 70183.2, rotte: {3: [(1, 7), (7, 2)], 2: [(1, 8), (8, 3)], 4: [(1, 5), (5, 8), (8, 10)], 5: [(1, 4), (4, 6), (6, 8), (8, 9)]}, padri: [10], figli: [], mosse: [(5, 5, 6, 8, 3)]
12 -> costo: 71672.7, rotte: {3: [(1, 4), (4, 7), (7, 2)], 2: [(1, 8), (8, 3)], 4: [(1, 5), (5, 8), (8, 10)], 5: [(1, 6), (6, 8), (8, 4), (4, 9)]}, padri: [6], figli: [13], mosse: [(3, 3, 4, 7, 15)]
13 -> costo: 71547.79999999999, rotte: {3: [(1, 4), (4, 7), (7, 2)], 2: [(1, 8), (8, 3)], 4: [(1, 5), (5, 8), (8, 10)], 5: [(1, 8), (8, 6), (6, 4), (4, 9)]}, padri: [12], figli: [14], mosse: [(5, 5, 8, 6, 13)]
14 -> costo: 70279.59999999999, rotte: {3: [(1, 4), (4, 7), (7, 2)], 2: [(1, 8), (8, 3)], 4: [(1, 5), (5, 8), (8, 10)], 5: [(1, 6), (6, 4), (4, 8), (8, 9)]}, padri: [13], figli: [8], mosse: [(5, 5, 4, 8, 3)]
bestSolutionIndice: 8
8 -> costo: 70183.2, rotte: {3: [(1, 7), (7, 2)], 2: [(1, 8), (8, 3)], 4: [(1, 5), (5, 8), (8, 10)], 5: [(1, 6), (6, 4), (4, 8), (8, 9)]}, padri: [7, 9, 14], figli: [], mosse: [(5, 5, 4, 8, 3), (5, 5, 4, 8, 3), (5, 3, 1, 4, 2)]
trasportoPalletDiGamma: {3: [(7, 15), (2, 3)], 2: [(8, 9), (3, 6)], 4: [(5, 11), (8, 7), (10, 2)], 5: [(6, 13), (4, 8), (8, 3), (9, 1)]}
itMosseLS: 20, itMosseTS: 10
time elapsed: 44.76s.


##########################################################################################
s: 1
dictSolutions[1]:
0 -> costo: 80629.0, rotte: {5: [(1, 2), (2, 10), (10, 8)], 4: [(1, 7), (7, 9), (9, 4)], 3: [(1, 3), (3, 5), (5, 4)], 2: [(1, 6), (6, 4)]}, padri: [-1], figli: [1], mosse: [-1]
1 -> costo: 75255.2, rotte: {5: [(1, 2), (2, 10), (10, 8)], 4: [(1, 4), (4, 7), (7, 9)], 3: [(1, 3), (3, 5), (5, 4)], 2: [(1, 6), (6, 4)]}, padri: [0], figli: [2], mosse: [(4, 4, 1, 4, 4)]
2 -> costo: 70740.0, rotte: {5: [(1, 2), (2, 8), (8, 10)], 4: [(1, 4), (4, 7), (7, 9)], 3: [(1, 3), (3, 5), (5, 4)], 2: [(1, 6), (6, 4)]}, padri: [1], figli: [3, 5], mosse: [(5, 5, 10, 8)]
3 -> costo: 69790.4, rotte: {5: [(1, 2), (2, 8), (8, 10)], 4: [(1, 4), (4, 7), (7, 9)], 3: [(1, 5), (5, 4), (4, 3)], 2: [(1, 6), (6, 4)]}, padri: [2, 6], figli: [4, 4, 4], mosse: [(3, 3, 4, 3, 6), (3, 3, 5, 4, 2)]
4 -> costo: 69537.0, rotte: {5: [(1, 2), (2, 8), (8, 10)], 4: [(1, 4), (4, 7), (7, 9)], 3: [(1, 5), (5, 4), (4, 3)], 2: [(1, 4), (4, 6)]}, padri: [3, 3, 3, 7], figli: [], mosse: [(2, 2, 6, 4), (2, 2, 1, 4, 2), (2, 2, 4, 6, 13), (3, 3, 5, 4, 2)]
5 -> costo: 70483.8, rotte: {5: [(1, 2), (2, 8), (8, 10)], 4: [(1, 4), (4, 7), (7, 9)], 3: [(1, 3), (3, 4), (4, 5)], 2: [(1, 6), (6, 4)]}, padri: [2], figli: [6, 8], mosse: [(3, 3, 5, 4)]
6 -> costo: 70002.2, rotte: {5: [(1, 2), (2, 8), (8, 10)], 4: [(1, 4), (4, 7), (7, 9)], 3: [(1, 4), (4, 5), (5, 3)], 2: [(1, 6), (6, 4)]}, padri: [5], figli: [7, 7, 7, 3], mosse: [(3, 3, 5, 3, 6)]
7 -> costo: 69748.79999999999, rotte: {5: [(1, 2), (2, 8), (8, 10)], 4: [(1, 4), (4, 7), (7, 9)], 3: [(1, 4), (4, 5), (5, 3)], 2: [(1, 4), (4, 6)]}, padri: [6, 6, 6, 8], figli: [4], mosse: [(2, 2, 6, 4), (2, 2, 1, 4, 2), (2, 2, 4, 6, 13), (3, 3, 5, 3, 6)]
8 -> costo: 70230.4, rotte: {5: [(1, 2), (2, 8), (8, 10)], 4: [(1, 4), (4, 7), (7, 9)], 3: [(1, 3), (3, 4), (4, 5)], 2: [(1, 4), (4, 6)]}, padri: [5], figli: [7], mosse: [(2, 2, 6, 4)]
bestSolutionIndice: 4
4 -> costo: 69537.0, rotte: {5: [(1, 2), (2, 8), (8, 10)], 4: [(1, 4), (4, 7), (7, 9)], 3: [(1, 5), (5, 4), (4, 3)], 2: [(1, 4), (4, 6)]}, padri: [3, 3, 3, 7], figli: [], mosse: [(2, 2, 6, 4), (2, 2, 1, 4, 2), (2, 2, 4, 6, 13), (3, 3, 5, 4, 2)]
trasportoPalletDiGamma: {5: [(2, 3), (8, 19), (10, 2)], 4: [(4, 4), (7, 15), (9, 1)], 3: [(5, 11), (4, 2), (3, 6)], 2: [(4, 2), (6, 13)]}
itMosseLS: 15, itMosseTS: 10
time elapsed: 29.54s.


##########################################################################################
s: 1
dictSolutions[1]:
0 -> costo: 86354.8, rotte: {2: [(1, 4), (4, 3), (3, 6)], 4: [(1, 8), (8, 10)], 5: [(1, 9), (9, 5), (5, 10), (10, 6)], 3: [(1, 7), (7, 2), (2, 6)]}, padri: [-1], figli: [1], mosse: [-1]
1 -> costo: 76557.6, rotte: {2: [(1, 4), (4, 3), (3, 6)], 4: [(1, 8), (8, 10)], 5: [(1, 5), (5, 10), (10, 9), (9, 6)], 3: [(1, 7), (7, 2), (2, 6)]}, padri: [0], figli: [2], mosse: [(5, 5, 10, 9, 1)]
2 -> costo: 75964.70000000001, rotte: {2: [(1, 4), (4, 6), (6, 3)], 4: [(1, 8), (8, 10)], 5: [(1, 5), (5, 10), (10, 9), (9, 6)], 3: [(1, 7), (7, 2), (2, 6)]}, padri: [1], figli: [3], mosse: [(2, 2, 3, 6)]
3 -> costo: 70214.1, rotte: {2: [(1, 4), (4, 6), (6, 3)], 4: [(1, 8)], 5: [(1, 5), (5, 10), (10, 9), (9, 6)], 3: [(1, 7), (7, 2), (2, 6)]}, padri: [2], figli: [4], mosse: [(5, 4, 1, 10, 1)]
4 -> costo: 70202.6, rotte: {2: [(1, 4), (4, 6), (6, 3)], 4: [(1, 8)], 5: [(1, 5), (5, 10), (10, 9), (9, 6)], 3: [(1, 7), (7, 6), (6, 2)]}, padri: [3], figli: [5], mosse: [(3, 3, 2, 6)]
5 -> costo: 64787.4, rotte: {2: [(1, 4), (4, 6), (6, 3)], 4: [(1, 8)], 5: [(1, 5), (5, 6), (6, 10), (10, 9)], 3: [(1, 7), (7, 6), (6, 2)]}, padri: [4], figli: [6, 8, 9], mosse: [(5, 5, 5, 6, 10)]
6 -> costo: 64120.600000000006, rotte: {2: [(1, 4), (4, 6), (6, 3)], 4: [(1, 8)], 5: [(1, 5), (5, 6), (6, 10), (10, 9)], 3: [(1, 6), (6, 7), (7, 2)]}, padri: [5, 8], figli: [7, 7, 7, 7], mosse: [(3, 3, 6, 7, 15), (3, 3, 2, 7)]
7 -> costo: 63759.00000000001, rotte: {2: [(1, 4), (4, 3)], 4: [(1, 8)], 5: [(1, 5), (5, 6), (6, 10), (10, 9)], 3: [(1, 6), (6, 7), (7, 2)]}, padri: [6, 6, 6, 6, 9, 9, 9], figli: [], mosse: [(5, 2, 1, 6, 1), (5, 2, 5, 6, 1), (5, 2, 10, 6, 1), (5, 2, 9, 6, 1), (3, 3, 2, 7), (3, 3, 6, 7, 15), (3, 3, 7, 2, 3)]
8 -> costo: 64324.3, rotte: {2: [(1, 4), (4, 6), (6, 3)], 4: [(1, 8)], 5: [(1, 5), (5, 6), (6, 10), (10, 9)], 3: [(1, 6), (6, 2), (2, 7)]}, padri: [5], figli: [6, 9, 9], mosse: [(3, 3, 2, 7, 15)]
9 -> costo: 63962.700000000004, rotte: {2: [(1, 4), (4, 3)], 4: [(1, 8)], 5: [(1, 5), (5, 6), (6, 10), (10, 9)], 3: [(1, 6), (6, 2), (2, 7)]}, padri: [8, 8], figli: [7, 7, 7], mosse: [(5, 2, 1, 6, 1), (5, 2, 5, 6, 1)]
bestSolutionIndice: 7
7 -> costo: 63759.00000000001, rotte: {2: [(1, 4), (4, 3)], 4: [(1, 8)], 5: [(1, 5), (5, 6), (6, 10), (10, 9)], 3: [(1, 6), (6, 7), (7, 2)]}, padri: [6, 6, 6, 6, 9, 9, 9], figli: [], mosse: [(5, 2, 1, 6, 1), (5, 2, 5, 6, 1), (5, 2, 10, 6, 1), (5, 2, 9, 6, 1), (3, 3, 2, 7), (3, 3, 6, 7, 15), (3, 3, 7, 2, 3)]
trasportoPalletDiGamma: {2: [(4, 8), (3, 6)], 4: [(8, 19)], 5: [(5, 11), (6, 11), (10, 2), (9, 1)], 3: [(6, 2), (7, 15), (2, 3)]}
itMosseLS: 17, itMosseTS: 10
time elapsed: 31.09s.


##########################################################################################
s: 1
dictSolutions[1]:
0 -> costo: 77763.6, rotte: {3: [(1, 9), (9, 2), (2, 8)], 2: [(1, 5), (5, 3)], 4: [(1, 4), (4, 7)], 5: [(1, 10), (10, 6), (6, 3), (3, 7), (7, 8)]}, padri: [-1], figli: [1], mosse: [-1]
1 -> costo: 69157.90000000001, rotte: {3: [(1, 2), (2, 8)], 2: [(1, 5), (5, 3)], 4: [(1, 4), (4, 7)], 5: [(1, 9), (9, 10), (10, 6), (6, 3), (3, 7), (7, 8)]}, padri: [0], figli: [2], mosse: [(5, 3, 1, 9, 1)]
2 -> costo: 68987.7, rotte: {3: [(1, 8), (8, 2)], 2: [(1, 5), (5, 3)], 4: [(1, 4), (4, 7)], 5: [(1, 9), (9, 10), (10, 6), (6, 3), (3, 7), (7, 8)]}, padri: [1], figli: [3, 5, 6, 8, 9], mosse: [(3, 3, 2, 8)]
3 -> costo: 67927.5, rotte: {3: [(1, 8), (8, 2)], 2: [(1, 5), (5, 3)], 4: [(1, 4), (4, 7)], 5: [(1, 9), (9, 10), (10, 8), (8, 6), (6, 3), (3, 7)]}, padri: [2, 8], figli: [4, 4, 4], mosse: [(5, 5, 10, 8, 3), (5, 5, 8, 6, 13)]
4 -> costo: 67815.90000000001, rotte: {3: [(1, 8), (8, 2)], 2: [(1, 5), (5, 3)], 4: [(1, 4), (4, 7)], 5: [(1, 9), (9, 10), (10, 8), (8, 6), (6, 7), (7, 3)]}, padri: [3, 3, 3, 5], figli: [], mosse: [(5, 5, 3, 7), (5, 5, 6, 7, 3), (5, 5, 7, 3, 2), (5, 5, 10, 8, 3)]
5 -> costo: 68562.1, rotte: {3: [(1, 8), (8, 2)], 2: [(1, 5), (5, 3)], 4: [(1, 4), (4, 7)], 5: [(1, 9), (9, 10), (10, 6), (6, 7), (7, 3), (3, 8)]}, padri: [2], figli: [4], mosse: [(5, 5, 7, 3, 2)]
6 -> costo: 68622.90000000001, rotte: {3: [(1, 8), (8, 2)], 2: [(1, 5), (5, 3)], 4: [(1, 4), (4, 7)], 5: [(1, 9), (9, 10), (10, 3), (3, 7), (7, 6), (6, 8)]}, padri: [2], figli: [7], mosse: [(5, 5, 7, 6, 13)]
7 -> costo: 67665.20000000001, rotte: {3: [(1, 8), (8, 2)], 2: [(1, 5), (5, 3)], 4: [(1, 4), (4, 7)], 5: [(1, 9), (9, 10), (10, 8), (8, 3), (3, 7), (7, 6)]}, padri: [6, 8, 9], figli: [], mosse: [(5, 5, 10, 8, 3), (5, 5, 7, 6, 13), (5, 5, 6, 7)]
8 -> costo: 68662.70000000001, rotte: {3: [(1, 8), (8, 2)], 2: [(1, 5), (5, 3)], 4: [(1, 4), (4, 7)], 5: [(1, 9), (9, 10), (10, 6), (6, 8), (8, 3), (3, 7)]}, padri: [2], figli: [7, 3, 9], mosse: [(5, 5, 6, 8, 3)]
9 -> costo: 68293.90000000001, rotte: {3: [(1, 8), (8, 2)], 2: [(1, 5), (5, 3)], 4: [(1, 4), (4, 7)], 5: [(1, 9), (9, 10), (10, 8), (8, 3), (3, 6), (6, 7)]}, padri: [8], figli: [7], mosse: [(5, 5, 3, 6, 13)]
bestSolutionIndice: 7
7 -> costo: 67665.20000000001, rotte: {3: [(1, 8), (8, 2)], 2: [(1, 5), (5, 3)], 4: [(1, 4), (4, 7)], 5: [(1, 9), (9, 10), (10, 8), (8, 3), (3, 7), (7, 6)]}, padri: [6, 8, 9], figli: [], mosse: [(5, 5, 10, 8, 3), (5, 5, 7, 6, 13), (5, 5, 6, 7)]
trasportoPalletDiGamma: {3: [(8, 16), (2, 3)], 2: [(5, 11), (3, 4)], 4: [(4, 8), (7, 12)], 5: [(9, 1), (10, 2), (8, 3), (3, 2), (7, 3), (6, 13)]}
itMosseLS: 15, itMosseTS: 10
time elapsed: 33.79s.


##########################################################################################
s: 1
dictSolutions[1]:
0 -> costo: 67799.7, rotte: {5: [(1, 4), (4, 3), (3, 7)], 2: [(1, 8)], 3: [(1, 6), (6, 5)], 4: [(1, 9), (9, 10), (10, 2), (2, 8), (8, 5), (5, 7)]}, padri: [-1], figli: [1], mosse: [-1]
1 -> costo: 67590.7, rotte: {5: [(1, 4), (4, 3), (3, 7)], 2: [(1, 8)], 3: [(1, 5), (5, 6)], 4: [(1, 9), (9, 10), (10, 2), (2, 8), (8, 5), (5, 7)]}, padri: [0], figli: [2], mosse: [(3, 3, 6, 5)]
2 -> costo: 67285.29999999999, rotte: {5: [(1, 4), (4, 3), (3, 7)], 2: [(1, 8)], 3: [(1, 5), (5, 6)], 4: [(1, 9), (9, 10), (10, 8), (8, 2), (2, 5), (5, 7)]}, padri: [1], figli: [3, 5, 3, 3, 5], mosse: [(4, 4, 8, 2, 3)]
3 -> costo: 67052.9, rotte: {5: [(1, 4), (4, 3), (3, 7)], 2: [(1, 8)], 3: [(1, 5), (5, 6)], 4: [(1, 9), (9, 10), (10, 8), (8, 2), (2, 7), (7, 5)]}, padri: [2, 2, 2], figli: [4, 4, 4], mosse: [(4, 4, 5, 7), (4, 4, 2, 7, 4), (4, 4, 7, 5, 4)]
4 -> costo: 67031.0, rotte: {5: [(1, 4), (4, 7), (7, 3)], 2: [(1, 8)], 3: [(1, 5), (5, 6)], 4: [(1, 9), (9, 10), (10, 8), (8, 2), (2, 7), (7, 5)]}, padri: [3, 3, 3, 5, 5, 5], figli: [], mosse: [(5, 5, 4, 7, 11), (5, 5, 3, 7), (5, 5, 7, 3, 6), (4, 4, 2, 7, 4), (4, 4, 5, 7), (4, 4, 7, 5, 4)]
5 -> costo: 67263.4, rotte: {5: [(1, 4), (4, 7), (7, 3)], 2: [(1, 8)], 3: [(1, 5), (5, 6)], 4: [(1, 9), (9, 10), (10, 8), (8, 2), (2, 5), (5, 7)]}, padri: [2, 2], figli: [4, 4, 4], mosse: [(5, 5, 3, 7), (5, 5, 4, 7, 11)]
bestSolutionIndice: 4
4 -> costo: 67031.0, rotte: {5: [(1, 4), (4, 7), (7, 3)], 2: [(1, 8)], 3: [(1, 5), (5, 6)], 4: [(1, 9), (9, 10), (10, 8), (8, 2), (2, 7), (7, 5)]}, padri: [3, 3, 3, 5, 5, 5], figli: [], mosse: [(5, 5, 4, 7, 11), (5, 5, 3, 7), (5, 5, 7, 3, 6), (4, 4, 2, 7, 4), (4, 4, 5, 7), (4, 4, 7, 5, 4)]
trasportoPalletDiGamma: {5: [(4, 8), (7, 11), (3, 6)], 2: [(8, 15)], 3: [(5, 7), (6, 13)], 4: [(9, 1), (10, 2), (8, 4), (2, 3), (7, 4), (5, 4)]}
itMosseLS: 13, itMosseTS: 10
time elapsed: 25.91s.


##########################################################################################
s: 1
dictSolutions[1]:
0 -> costo: 80649.1, rotte: {4: [(1, 5), (5, 2), (2, 4)], 3: [(1, 6), (6, 10), (10, 7), (7, 4)], 2: [(1, 9), (9, 7)], 5: [(1, 3), (3, 8)]}, padri: [-1], figli: [1], mosse: [-1]
1 -> costo: 71318.7, rotte: {4: [(1, 5), (5, 2), (2, 4)], 3: [(1, 6), (6, 9), (9, 10), (10, 7), (7, 4)], 2: [(1, 7)], 5: [(1, 3), (3, 8)]}, padri: [0], figli: [2], mosse: [(3, 2, 6, 9, 1)]
2 -> costo: 70524.7, rotte: {4: [(1, 5), (5, 4), (4, 2)], 3: [(1, 6), (6, 9), (9, 10), (10, 7), (7, 4)], 2: [(1, 7)], 5: [(1, 3), (3, 8)]}, padri: [1], figli: [3], mosse: [(4, 4, 2, 4)]
3 -> costo: 68218.9, rotte: {4: [(1, 5), (5, 4), (4, 2)], 3: [(1, 9), (9, 10), (10, 7), (7, 4), (4, 6)], 2: [(1, 7)], 5: [(1, 3), (3, 8)]}, padri: [2], figli: [4, 7, 8], mosse: [(3, 3, 4, 6, 13)]
4 -> costo: 68097.3, rotte: {4: [(1, 5), (5, 4), (4, 2)], 3: [(1, 9), (9, 10), (10, 7), (7, 4), (4, 6)], 2: [(1, 7)], 5: [(1, 8), (8, 3)]}, padri: [3], figli: [5, 6], mosse: [(5, 5, 3, 8)]
5 -> costo: 66832.40000000001, rotte: {4: [(1, 5), (5, 4), (4, 2)], 3: [(1, 9), (9, 10), (10, 4), (4, 6)], 2: [(1, 7)], 5: [(1, 8), (8, 3)]}, padri: [4, 6, 7, 7, 7], figli: [], mosse: [(2, 3, 1, 7, 1), (2, 3, 1, 7, 1), (5, 5, 3, 8), (5, 5, 1, 8, 19), (5, 5, 8, 3, 6)]
6 -> costo: 67694.8, rotte: {4: [(1, 5), (5, 4), (4, 2)], 3: [(1, 9), (9, 10), (10, 4), (4, 6), (6, 7)], 2: [(1, 7)], 5: [(1, 8), (8, 3)]}, padri: [4, 8, 8], figli: [5], mosse: [(3, 3, 6, 7, 1), (5, 5, 3, 8), (5, 5, 1, 8, 19)]
7 -> costo: 66954.0, rotte: {4: [(1, 5), (5, 4), (4, 2)], 3: [(1, 9), (9, 10), (10, 4), (4, 6)], 2: [(1, 7)], 5: [(1, 3), (3, 8)]}, padri: [3, 8], figli: [5, 5, 5], mosse: [(2, 3, 1, 7, 1), (2, 3, 1, 7, 1)]
8 -> costo: 67816.4, rotte: {4: [(1, 5), (5, 4), (4, 2)], 3: [(1, 9), (9, 10), (10, 4), (4, 6), (6, 7)], 2: [(1, 7)], 5: [(1, 3), (3, 8)]}, padri: [3], figli: [6, 7, 6], mosse: [(3, 3, 6, 7, 1)]
bestSolutionIndice: 5
5 -> costo: 66832.40000000001, rotte: {4: [(1, 5), (5, 4), (4, 2)], 3: [(1, 9), (9, 10), (10, 4), (4, 6)], 2: [(1, 7)], 5: [(1, 8), (8, 3)]}, padri: [4, 6, 7, 7, 7], figli: [], mosse: [(2, 3, 1, 7, 1), (2, 3, 1, 7, 1), (5, 5, 3, 8), (5, 5, 1, 8, 19), (5, 5, 8, 3, 6)]
trasportoPalletDiGamma: {4: [(5, 11), (4, 6), (2, 3)], 3: [(9, 1), (10, 2), (4, 2), (6, 13)], 2: [(7, 15)], 5: [(8, 19), (3, 6)]}
itMosseLS: 15, itMosseTS: 10
time elapsed: 24.80s.


##########################################################################################
s: 1
dictSolutions[1]:
0 -> costo: 82000.6, rotte: {3: [(1, 6), (6, 9), (9, 7)], 2: [(1, 2), (2, 10), (10, 4), (4, 7)], 5: [(1, 8), (8, 4)], 4: [(1, 5), (5, 3), (3, 7)]}, padri: [-1], figli: [1], mosse: [-1]
1 -> costo: 77168.8, rotte: {3: [(1, 6), (6, 7), (7, 9)], 2: [(1, 2), (2, 10), (10, 4), (4, 7)], 5: [(1, 8), (8, 4)], 4: [(1, 5), (5, 3), (3, 7)]}, padri: [0], figli: [2], mosse: [(3, 3, 6, 7, 6)]
2 -> costo: 76552.6, rotte: {3: [(1, 6), (6, 7), (7, 9)], 2: [(1, 2), (2, 10), (10, 4), (4, 7)], 5: [(1, 4), (4, 8)], 4: [(1, 5), (5, 3), (3, 7)]}, padri: [1], figli: [3], mosse: [(5, 5, 8, 4)]
3 -> costo: 72871.5, rotte: {3: [(1, 6), (6, 7), (7, 9)], 2: [(1, 2), (2, 4), (4, 7), (7, 10)], 5: [(1, 4), (4, 8)], 4: [(1, 5), (5, 3), (3, 7)]}, padri: [2], figli: [4, 10], mosse: [(2, 2, 7, 10, 2)]
4 -> costo: 72849.6, rotte: {3: [(1, 6), (6, 7), (7, 9)], 2: [(1, 2), (2, 4), (4, 7), (7, 10)], 5: [(1, 4), (4, 8)], 4: [(1, 5), (5, 7), (7, 3)]}, padri: [3], figli: [5, 6, 7], mosse: [(4, 4, 3, 7)]
5 -> costo: 71414.50000000001, rotte: {3: [(1, 6), (6, 7), (7, 9)], 2: [(1, 4), (4, 7), (7, 2), (2, 10)], 5: [(1, 4), (4, 8)], 4: [(1, 5), (5, 7), (7, 3)]}, padri: [4, 8, 10, 10, 10], figli: [], mosse: [(2, 2, 7, 2, 3), (2, 2, 4, 7, 6), (4, 4, 3, 7), (4, 4, 5, 7, 3), (4, 4, 7, 3, 6)]
6 -> costo: 72148.70000000001, rotte: {3: [(1, 6), (6, 7), (7, 9)], 2: [(1, 4), (4, 2), (2, 7), (7, 10)], 5: [(1, 4), (4, 8)], 4: [(1, 5), (5, 7), (7, 3)]}, padri: [4], figli: [], mosse: [(2, 2, 4, 2, 3)]
7 -> costo: 72406.20000000001, rotte: {3: [(1, 6), (6, 7), (7, 9)], 2: [(1, 2), (2, 7), (7, 4), (4, 10)], 5: [(1, 4), (4, 8)], 4: [(1, 5), (5, 7), (7, 3)]}, padri: [4], figli: [8, 9], mosse: [(2, 2, 7, 4, 2)]
8 -> costo: 72131.00000000001, rotte: {3: [(1, 6), (6, 7), (7, 9)], 2: [(1, 7), (7, 4), (4, 2), (2, 10)], 5: [(1, 4), (4, 8)], 4: [(1, 5), (5, 7), (7, 3)]}, padri: [7, 9], figli: [5], mosse: [(2, 2, 4, 2, 3), (2, 2, 4, 2, 3)]
9 -> costo: 72405.8, rotte: {3: [(1, 6), (6, 7), (7, 9)], 2: [(1, 7), (7, 2), (2, 4), (4, 10)], 5: [(1, 4), (4, 8)], 4: [(1, 5), (5, 7), (7, 3)]}, padri: [7], figli: [8], mosse: [(2, 2, 7, 2, 3)]
10 -> costo: 71436.40000000001, rotte: {3: [(1, 6), (6, 7), (7, 9)], 2: [(1, 4), (4, 7), (7, 2), (2, 10)], 5: [(1, 4), (4, 8)], 4: [(1, 5), (5, 3), (3, 7)]}, padri: [3], figli: [5, 5, 5], mosse: [(2, 2, 7, 2, 3)]
bestSolutionIndice: 5
5 -> costo: 71414.50000000001, rotte: {3: [(1, 6), (6, 7), (7, 9)], 2: [(1, 4), (4, 7), (7, 2), (2, 10)], 5: [(1, 4), (4, 8)], 4: [(1, 5), (5, 7), (7, 3)]}, padri: [4, 8, 10, 10, 10], figli: [], mosse: [(2, 2, 7, 2, 3), (2, 2, 4, 7, 6), (4, 4, 3, 7), (4, 4, 5, 7, 3), (4, 4, 7, 3, 6)]
trasportoPalletDiGamma: {3: [(6, 13), (7, 6), (9, 1)], 2: [(4, 2), (7, 6), (2, 3), (10, 2)], 5: [(4, 6), (8, 19)], 4: [(5, 11), (7, 3), (3, 6)]}
itMosseLS: 15, itMosseTS: 10
time elapsed: 43.10s.


##########################################################################################
s: 1
dictSolutions[1]:
0 -> costo: 80012.40000000001, rotte: {3: [(1, 10), (10, 6), (6, 7)], 2: [(1, 3), (3, 9), (9, 7)], 5: [(1, 2), (2, 8), (8, 7)], 4: [(1, 4), (4, 5)]}, padri: [-1], figli: [1, 7], mosse: [-1]
1 -> costo: 74436.20000000001, rotte: {3: [(1, 10), (10, 6), (6, 7)], 2: [(1, 7), (7, 3), (3, 9)], 5: [(1, 2), (2, 8), (8, 7)], 4: [(1, 4), (4, 5)]}, padri: [0], figli: [2, 5, 6], mosse: [(2, 2, 1, 7, 8)]
2 -> costo: 71719.80000000002, rotte: {3: [(1, 6), (6, 7), (7, 10)], 2: [(1, 7), (7, 3), (3, 9)], 5: [(1, 2), (2, 8), (8, 7)], 4: [(1, 4), (4, 5)]}, padri: [1, 8], figli: [3, 4], mosse: [(3, 3, 7, 10, 2), (2, 2, 7, 3, 6)]
3 -> costo: 71301.70000000001, rotte: {3: [(1, 6), (6, 7), (7, 10)], 2: [(1, 7), (7, 3), (3, 9)], 5: [(1, 8), (8, 2), (2, 7)], 4: [(1, 4), (4, 5)]}, padri: [2, 5, 9], figli: [], mosse: [(5, 5, 8, 2, 3), (3, 3, 7, 10, 2), (2, 2, 7, 3, 6)]
4 -> costo: 71409.00000000001, rotte: {3: [(1, 6), (6, 7), (7, 10)], 2: [(1, 7), (7, 3), (3, 9)], 5: [(1, 7), (7, 2), (2, 8)], 4: [(1, 4), (4, 5)]}, padri: [2, 6], figli: [], mosse: [(5, 5, 1, 7, 2), (3, 3, 7, 10, 2)]
5 -> costo: 74018.1, rotte: {3: [(1, 10), (10, 6), (6, 7)], 2: [(1, 7), (7, 3), (3, 9)], 5: [(1, 8), (8, 2), (2, 7)], 4: [(1, 4), (4, 5)]}, padri: [1], figli: [3], mosse: [(5, 5, 8, 2, 3)]
6 -> costo: 74125.40000000002, rotte: {3: [(1, 10), (10, 6), (6, 7)], 2: [(1, 7), (7, 3), (3, 9)], 5: [(1, 7), (7, 2), (2, 8)], 4: [(1, 4), (4, 5)]}, padri: [1], figli: [4], mosse: [(5, 5, 1, 7, 2)]
7 -> costo: 74764.50000000001, rotte: {3: [(1, 10), (10, 6), (6, 7)], 2: [(1, 3), (3, 7), (7, 9)], 5: [(1, 2), (2, 8), (8, 7)], 4: [(1, 4), (4, 5)]}, padri: [0], figli: [8], mosse: [(2, 2, 9, 7)]
8 -> costo: 72048.1, rotte: {3: [(1, 6), (6, 7), (7, 10)], 2: [(1, 3), (3, 7), (7, 9)], 5: [(1, 2), (2, 8), (8, 7)], 4: [(1, 4), (4, 5)]}, padri: [7], figli: [9, 2], mosse: [(3, 3, 7, 10, 2)]
9 -> costo: 71630.0, rotte: {3: [(1, 6), (6, 7), (7, 10)], 2: [(1, 3), (3, 7), (7, 9)], 5: [(1, 8), (8, 2), (2, 7)], 4: [(1, 4), (4, 5)]}, padri: [8], figli: [3], mosse: [(5, 5, 8, 2, 3)]
bestSolutionIndice: 3
3 -> costo: 71301.70000000001, rotte: {3: [(1, 6), (6, 7), (7, 10)], 2: [(1, 7), (7, 3), (3, 9)], 5: [(1, 8), (8, 2), (2, 7)], 4: [(1, 4), (4, 5)]}, padri: [2, 5, 9], figli: [], mosse: [(5, 5, 8, 2, 3), (3, 3, 7, 10, 2), (2, 2, 7, 3, 6)]
trasportoPalletDiGamma: {3: [(6, 13), (7, 5), (10, 2)], 2: [(7, 8), (3, 6), (9, 1)], 5: [(8, 19), (2, 3), (7, 2)], 4: [(4, 8), (5, 11)]}
itMosseLS: 13, itMosseTS: 10
time elapsed: 33.62s.


