itNSIMax: 10, itMosseTSMax: 50.
##########################################################################################
s: 1
dictSolutions[1]:
0 -> costo: 71740.59999999999, rotte: {2: [(1, 4), (4, 9), (9, 10), (10, 6)], 4: [(1, 8), (8, 6)], 5: [(1, 3), (3, 5), (5, 6)], 3: [(1, 7), (7, 2), (2, 6)]}, padri: [-1], figli: [1], mosse: [-1]
1 -> costo: 66758.8, rotte: {2: [(1, 4), (4, 6), (6, 9), (9, 10)], 4: [(1, 8), (8, 6)], 5: [(1, 3), (3, 5), (5, 6)], 3: [(1, 7), (7, 2), (2, 6)]}, padri: [0], figli: [2], mosse: [(2, 2, 4, 6, 2)]
2 -> costo: 66396.0, rotte: {2: [(1, 4), (4, 6), (6, 9), (9, 10)], 4: [(1, 6), (6, 8)], 5: [(1, 3), (3, 5), (5, 6)], 3: [(1, 7), (7, 2), (2, 6)]}, padri: [1], figli: [3], mosse: [(4, 4, 8, 6)]
3 -> costo: 65349.4, rotte: {2: [(1, 4), (4, 6), (6, 9), (9, 10)], 4: [(1, 6), (6, 8)], 5: [(1, 3), (3, 5), (5, 6)], 3: [(1, 7), (7, 2)]}, padri: [2], figli: [4, 12, 14, 4, 4, 18, 18, 18], mosse: [(2, 3, 1, 6, 2)]
4 -> costo: 65114.4, rotte: {2: [(1, 4), (4, 6), (6, 10), (10, 9)], 4: [(1, 6), (6, 8)], 5: [(1, 3), (3, 5), (5, 6)], 3: [(1, 7), (7, 2)]}, padri: [3, 3, 3], figli: [5, 7, 9, 11, 7, 7, 15, 17, 17, 17], mosse: [(2, 2, 9, 10), (2, 2, 6, 10, 2), (2, 2, 10, 9, 1)]
5 -> costo: 64328.5, rotte: {2: [(1, 4), (4, 6), (6, 10), (10, 9)], 4: [(1, 6), (6, 8)], 5: [(1, 5), (5, 6), (6, 3)], 3: [(1, 7), (7, 2)]}, padri: [4, 8, 14, 14, 14], figli: [6], mosse: [(5, 5, 6, 3, 6), (5, 5, 5, 6, 8), (2, 2, 9, 10), (2, 2, 6, 10, 2), (2, 2, 10, 9, 1)]
6 -> costo: 64120.600000000006, rotte: {2: [(1, 4), (4, 6), (6, 10), (10, 9)], 4: [(1, 8)], 5: [(1, 5), (5, 6), (6, 3)], 3: [(1, 6), (6, 7), (7, 2)]}, padri: [5, 9, 11, 15, 15, 15], figli: [], mosse: [(3, 4, 1, 6, 1), (5, 5, 5, 6, 8), (5, 5, 6, 3, 6), (2, 2, 9, 10), (2, 2, 6, 10, 2), (2, 2, 10, 9, 1)]
7 -> costo: 65026.4, rotte: {2: [(1, 4), (4, 6), (6, 10), (10, 9)], 4: [(1, 6), (6, 8)], 5: [(1, 3), (3, 6), (6, 5)], 3: [(1, 7), (7, 2)]}, padri: [4, 4, 4, 12, 12, 12], figli: [8, 10, 14, 16], mosse: [(5, 5, 5, 6), (5, 5, 3, 6, 8), (5, 5, 6, 5, 11), (2, 2, 9, 10), (2, 2, 6, 10, 2), (2, 2, 10, 9, 1)]
8 -> costo: 64630.0, rotte: {2: [(1, 4), (4, 6), (6, 10), (10, 9)], 4: [(1, 6), (6, 8)], 5: [(1, 6), (6, 5), (5, 3)], 3: [(1, 7), (7, 2)]}, padri: [7, 13, 13, 13], figli: [5, 9, 15], mosse: [(5, 5, 5, 3, 6), (2, 2, 9, 10), (2, 2, 6, 10, 2), (2, 2, 10, 9, 1)]
9 -> costo: 64422.100000000006, rotte: {2: [(1, 4), (4, 6), (6, 10), (10, 9)], 4: [(1, 8)], 5: [(1, 6), (6, 5), (5, 3)], 3: [(1, 6), (6, 7), (7, 2)]}, padri: [8, 10, 16, 16, 16], figli: [6], mosse: [(3, 4, 1, 6, 1), (5, 5, 5, 3, 6), (2, 2, 9, 10), (2, 2, 6, 10, 2), (2, 2, 10, 9, 1)]
10 -> costo: 64818.50000000001, rotte: {2: [(1, 4), (4, 6), (6, 10), (10, 9)], 4: [(1, 8)], 5: [(1, 3), (3, 6), (6, 5)], 3: [(1, 6), (6, 7), (7, 2)]}, padri: [7, 11, 11, 11, 17, 17, 17], figli: [9], mosse: [(3, 4, 1, 6, 1), (5, 5, 5, 6), (5, 5, 3, 6, 8), (5, 5, 6, 5, 11), (2, 2, 9, 10), (2, 2, 6, 10, 2), (2, 2, 10, 9, 1)]
11 -> costo: 64906.50000000001, rotte: {2: [(1, 4), (4, 6), (6, 10), (10, 9)], 4: [(1, 8)], 5: [(1, 3), (3, 5), (5, 6)], 3: [(1, 6), (6, 7), (7, 2)]}, padri: [4, 18, 18, 18], figli: [10, 6, 10, 10], mosse: [(3, 4, 1, 6, 1), (2, 2, 9, 10), (2, 2, 6, 10, 2), (2, 2, 10, 9, 1)]
12 -> costo: 65261.4, rotte: {2: [(1, 4), (4, 6), (6, 9), (9, 10)], 4: [(1, 6), (6, 8)], 5: [(1, 3), (3, 6), (6, 5)], 3: [(1, 7), (7, 2)]}, padri: [3], figli: [13, 7, 7, 7, 17, 17, 17], mosse: [(5, 5, 5, 6)]
13 -> costo: 64865.0, rotte: {2: [(1, 4), (4, 6), (6, 9), (9, 10)], 4: [(1, 6), (6, 8)], 5: [(1, 6), (6, 5), (5, 3)], 3: [(1, 7), (7, 2)]}, padri: [12], figli: [8, 14, 8, 8, 16, 16, 16], mosse: [(5, 5, 5, 3, 6)]
14 -> costo: 64563.5, rotte: {2: [(1, 4), (4, 6), (6, 9), (9, 10)], 4: [(1, 6), (6, 8)], 5: [(1, 5), (5, 6), (6, 3)], 3: [(1, 7), (7, 2)]}, padri: [13, 3], figli: [5, 5, 5, 15, 15, 15], mosse: [(5, 5, 5, 6, 8), (5, 5, 6, 3, 6)]
15 -> costo: 64355.600000000006, rotte: {2: [(1, 4), (4, 6), (6, 9), (9, 10)], 4: [(1, 8)], 5: [(1, 5), (5, 6), (6, 3)], 3: [(1, 6), (6, 7), (7, 2)]}, padri: [14, 16, 18], figli: [6, 6, 6], mosse: [(3, 4, 1, 6, 1), (5, 5, 5, 6, 8), (5, 5, 6, 3, 6)]
16 -> costo: 64657.100000000006, rotte: {2: [(1, 4), (4, 6), (6, 9), (9, 10)], 4: [(1, 8)], 5: [(1, 6), (6, 5), (5, 3)], 3: [(1, 6), (6, 7), (7, 2)]}, padri: [13, 17], figli: [9, 15, 9, 9], mosse: [(3, 4, 1, 6, 1), (5, 5, 5, 3, 6)]
17 -> costo: 65053.50000000001, rotte: {2: [(1, 4), (4, 6), (6, 9), (9, 10)], 4: [(1, 8)], 5: [(1, 3), (3, 6), (6, 5)], 3: [(1, 6), (6, 7), (7, 2)]}, padri: [12, 18], figli: [10, 16, 10, 10], mosse: [(3, 4, 1, 6, 1), (5, 5, 5, 6)]
18 -> costo: 65141.50000000001, rotte: {2: [(1, 4), (4, 6), (6, 9), (9, 10)], 4: [(1, 8)], 5: [(1, 3), (3, 5), (5, 6)], 3: [(1, 6), (6, 7), (7, 2)]}, padri: [3], figli: [11, 15, 17, 11, 11], mosse: [(3, 4, 1, 6, 1)]
bestSolutionIndice: 6
6 -> costo: 64120.600000000006, rotte: {2: [(1, 4), (4, 6), (6, 10), (10, 9)], 4: [(1, 8)], 5: [(1, 5), (5, 6), (6, 3)], 3: [(1, 6), (6, 7), (7, 2)]}, padri: [5, 9, 11, 15, 15, 15], figli: [], mosse: [(3, 4, 1, 6, 1), (5, 5, 5, 6, 8), (5, 5, 6, 3, 6), (2, 2, 9, 10), (2, 2, 6, 10, 2), (2, 2, 10, 9, 1)]
trasportoPalletDiGamma: {2: [(4, 8), (6, 4), (10, 2), (9, 1)], 4: [(8, 19)], 5: [(5, 11), (6, 8), (3, 6)], 3: [(6, 1), (7, 15), (2, 3)]}
itMosseLS: 55, itMosseTS: 50
time elapsed: 173.21s.


##########################################################################################
s: 1
dictSolutions[1]:
0 -> costo: 81756.3, rotte: {5: [(1, 4), (4, 9), (9, 7)], 2: [(1, 5), (5, 10), (10, 6)], 3: [(1, 3), (3, 2), (2, 6)], 4: [(1, 8), (8, 6)]}, padri: [-1], figli: [1], mosse: [-1]
1 -> costo: 76576.1, rotte: {5: [(1, 4), (4, 9), (9, 7)], 2: [(1, 5), (5, 6), (6, 10)], 3: [(1, 3), (3, 2), (2, 6)], 4: [(1, 8), (8, 6)]}, padri: [0], figli: [2, 18], mosse: [(2, 2, 5, 6, 2)]
2 -> costo: 71923.7, rotte: {5: [(1, 4), (4, 7), (7, 9)], 2: [(1, 5), (5, 6), (6, 10)], 3: [(1, 3), (3, 2), (2, 6)], 4: [(1, 8), (8, 6)]}, padri: [1], figli: [3, 7, 7, 7, 16, 16, 16], mosse: [(5, 5, 9, 7)]
3 -> costo: 71342.7, rotte: {5: [(1, 4), (4, 7), (7, 9)], 2: [(1, 5), (5, 6), (6, 10)], 3: [(1, 6), (6, 3), (3, 2)], 4: [(1, 8), (8, 6)]}, padri: [2, 17, 17, 17], figli: [4, 4, 4, 8, 8, 8], mosse: [(3, 3, 1, 6, 10), (3, 3, 2, 3), (3, 3, 6, 3, 6), (3, 3, 3, 2, 3)]
4 -> costo: 70979.9, rotte: {5: [(1, 4), (4, 7), (7, 9)], 2: [(1, 5), (5, 6), (6, 10)], 3: [(1, 6), (6, 3), (3, 2)], 4: [(1, 6), (6, 8)]}, padri: [3, 3, 3, 7, 15, 15, 15], figli: [5, 6, 9], mosse: [(4, 4, 8, 6), (4, 4, 1, 6, 1), (4, 4, 6, 8, 19), (3, 3, 1, 6, 10), (3, 3, 2, 3), (3, 3, 6, 3, 6), (3, 3, 3, 2, 3)]
5 -> costo: 70675.6, rotte: {5: [(1, 4), (4, 6), (6, 7), (7, 9)], 2: [(1, 5), (5, 6), (6, 10)], 3: [(1, 6), (6, 3), (3, 2)], 4: [(1, 8)]}, padri: [4, 6, 8, 10, 10, 10], figli: [], mosse: [(5, 4, 4, 6, 1), (5, 5, 4, 6, 1), (3, 3, 1, 6, 10), (3, 3, 2, 3), (3, 3, 6, 3, 6), (3, 3, 3, 2, 3)]
6 -> costo: 70855.0, rotte: {5: [(1, 6), (6, 4), (4, 7), (7, 9)], 2: [(1, 5), (5, 6), (6, 10)], 3: [(1, 6), (6, 3), (3, 2)], 4: [(1, 8)]}, padri: [4, 11, 13, 13, 13], figli: [5, 9], mosse: [(5, 4, 1, 6, 1), (3, 3, 1, 6, 10), (3, 3, 2, 3), (3, 3, 6, 3, 6), (3, 3, 3, 2, 3)]
7 -> costo: 71560.89999999998, rotte: {5: [(1, 4), (4, 7), (7, 9)], 2: [(1, 5), (5, 6), (6, 10)], 3: [(1, 3), (3, 2), (2, 6)], 4: [(1, 6), (6, 8)]}, padri: [2, 2, 2, 18, 18], figli: [4, 8, 11, 12, 14, 17], mosse: [(4, 4, 8, 6), (4, 4, 1, 6, 1), (4, 4, 6, 8, 19), (5, 5, 4, 7, 15), (5, 5, 9, 7)]
8 -> costo: 71256.6, rotte: {5: [(1, 4), (4, 6), (6, 7), (7, 9)], 2: [(1, 5), (5, 6), (6, 10)], 3: [(1, 3), (3, 2), (2, 6)], 4: [(1, 8)]}, padri: [7, 11], figli: [5, 9], mosse: [(5, 4, 4, 6, 1), (5, 5, 4, 6, 1)]
9 -> costo: 71213.1, rotte: {5: [(1, 4), (4, 6), (6, 7), (7, 9)], 2: [(1, 5), (5, 6), (6, 10)], 3: [(1, 2), (2, 3), (3, 6)], 4: [(1, 8)]}, padri: [8, 12, 14], figli: [10], mosse: [(3, 3, 2, 3, 6), (5, 5, 4, 6, 1), (5, 4, 4, 6, 1)]
10 -> costo: 70767.7, rotte: {5: [(1, 4), (4, 6), (6, 7), (7, 9)], 2: [(1, 5), (5, 6), (6, 10)], 3: [(1, 6), (6, 2), (2, 3)], 4: [(1, 8)]}, padri: [9, 13, 15], figli: [5, 5, 5], mosse: [(3, 3, 1, 6, 10), (5, 5, 4, 6, 1), (5, 4, 4, 6, 1)]
11 -> costo: 71436.0, rotte: {5: [(1, 6), (6, 4), (4, 7), (7, 9)], 2: [(1, 5), (5, 6), (6, 10)], 3: [(1, 3), (3, 2), (2, 6)], 4: [(1, 8)]}, padri: [7], figli: [6, 8, 12], mosse: [(5, 4, 1, 6, 1)]
12 -> costo: 71392.5, rotte: {5: [(1, 6), (6, 4), (4, 7), (7, 9)], 2: [(1, 5), (5, 6), (6, 10)], 3: [(1, 2), (2, 3), (3, 6)], 4: [(1, 8)]}, padri: [11, 14], figli: [13, 9], mosse: [(3, 3, 2, 3, 6), (5, 4, 1, 6, 1)]
13 -> costo: 70947.1, rotte: {5: [(1, 6), (6, 4), (4, 7), (7, 9)], 2: [(1, 5), (5, 6), (6, 10)], 3: [(1, 6), (6, 2), (2, 3)], 4: [(1, 8)]}, padri: [12, 15], figli: [6, 10, 6, 6], mosse: [(3, 3, 1, 6, 10), (5, 4, 1, 6, 1)]
14 -> costo: 71517.4, rotte: {5: [(1, 4), (4, 7), (7, 9)], 2: [(1, 5), (5, 6), (6, 10)], 3: [(1, 2), (2, 3), (3, 6)], 4: [(1, 6), (6, 8)]}, padri: [7, 16, 16, 16], figli: [15, 9, 12], mosse: [(3, 3, 2, 3, 6), (4, 4, 8, 6), (4, 4, 1, 6, 1), (4, 4, 6, 8, 19)]
15 -> costo: 71071.99999999999, rotte: {5: [(1, 4), (4, 7), (7, 9)], 2: [(1, 5), (5, 6), (6, 10)], 3: [(1, 6), (6, 2), (2, 3)], 4: [(1, 6), (6, 8)]}, padri: [14, 17, 17, 17], figli: [4, 10, 13, 4, 4], mosse: [(3, 3, 1, 6, 10), (4, 4, 8, 6), (4, 4, 1, 6, 1), (4, 4, 6, 8, 19)]
16 -> costo: 71880.2, rotte: {5: [(1, 4), (4, 7), (7, 9)], 2: [(1, 5), (5, 6), (6, 10)], 3: [(1, 2), (2, 3), (3, 6)], 4: [(1, 8), (8, 6)]}, padri: [2], figli: [14, 17, 14, 14], mosse: [(3, 3, 2, 3, 6)]
17 -> costo: 71434.8, rotte: {5: [(1, 4), (4, 7), (7, 9)], 2: [(1, 5), (5, 6), (6, 10)], 3: [(1, 6), (6, 2), (2, 3)], 4: [(1, 8), (8, 6)]}, padri: [16], figli: [15, 15, 3, 15, 3, 3], mosse: [(3, 3, 1, 6, 10)]
18 -> costo: 76213.29999999999, rotte: {5: [(1, 4), (4, 9), (9, 7)], 2: [(1, 5), (5, 6), (6, 10)], 3: [(1, 3), (3, 2), (2, 6)], 4: [(1, 6), (6, 8)]}, padri: [1], figli: [7, 7], mosse: [(4, 4, 8, 6)]
bestSolutionIndice: 5
5 -> costo: 70675.6, rotte: {5: [(1, 4), (4, 6), (6, 7), (7, 9)], 2: [(1, 5), (5, 6), (6, 10)], 3: [(1, 6), (6, 3), (3, 2)], 4: [(1, 8)]}, padri: [4, 6, 8, 10, 10, 10], figli: [], mosse: [(5, 4, 4, 6, 1), (5, 5, 4, 6, 1), (3, 3, 1, 6, 10), (3, 3, 2, 3), (3, 3, 6, 3, 6), (3, 3, 3, 2, 3)]
trasportoPalletDiGamma: {5: [(4, 8), (6, 1), (7, 15), (9, 1)], 2: [(5, 11), (6, 2), (10, 2)], 3: [(6, 10), (3, 6), (2, 3)], 4: [(8, 19)]}
itMosseLS: 53, itMosseTS: 50
time elapsed: 212.14s.


##########################################################################################
s: 1
dictSolutions[1]:
0 -> costo: 81909.70000000001, rotte: {2: [(1, 5), (5, 10), (10, 6)], 3: [(1, 2), (2, 3), (3, 7)], 4: [(1, 8), (8, 7)], 5: [(1, 4), (4, 9), (9, 6), (6, 7)]}, padri: [-1], figli: [1], mosse: [-1]
1 -> costo: 76729.5, rotte: {2: [(1, 5), (5, 6), (6, 10)], 3: [(1, 2), (2, 3), (3, 7)], 4: [(1, 8), (8, 7)], 5: [(1, 4), (4, 9), (9, 6), (6, 7)]}, padri: [0], figli: [2, 4, 5, 8, 14, 15], mosse: [(2, 2, 10, 6)]
2 -> costo: 71725.70000000001, rotte: {2: [(1, 5), (5, 6), (6, 10)], 3: [(1, 2), (2, 3), (3, 7)], 4: [(1, 8), (8, 7)], 5: [(1, 4), (4, 6), (6, 7), (7, 9)]}, padri: [1, 4, 9], figli: [3, 3, 3, 3], mosse: [(5, 5, 7, 9, 1), (5, 5, 7, 9, 1), (5, 5, 4, 6, 11)]
3 -> costo: 71472.8, rotte: {2: [(1, 5), (5, 10)], 3: [(1, 2), (2, 3), (3, 7)], 4: [(1, 8), (8, 7)], 5: [(1, 4), (4, 6), (6, 7), (7, 9)]}, padri: [2, 2, 2, 2, 5, 10], figli: [], mosse: [(5, 2, 1, 6, 2), (5, 2, 4, 6, 2), (5, 2, 7, 6, 2), (5, 2, 9, 6, 2), (5, 5, 7, 9, 1), (5, 5, 4, 6, 13)]
4 -> costo: 74677.09999999999, rotte: {2: [(1, 5), (5, 6), (6, 10)], 3: [(1, 2), (2, 3), (3, 7)], 4: [(1, 8), (8, 7)], 5: [(1, 9), (9, 4), (4, 6), (6, 7)]}, padri: [1, 8], figli: [2, 5, 5, 5, 5], mosse: [(5, 5, 9, 4, 8), (5, 5, 4, 6, 11)]
5 -> costo: 74424.2, rotte: {2: [(1, 5), (5, 10)], 3: [(1, 2), (2, 3), (3, 7)], 4: [(1, 8), (8, 7)], 5: [(1, 9), (9, 4), (4, 6), (6, 7)]}, padri: [4, 4, 4, 4, 11], figli: [6, 7, 3], mosse: [(5, 2, 1, 6, 2), (5, 2, 9, 6, 2), (5, 2, 4, 6, 2), (5, 2, 7, 6, 2), (5, 5, 4, 6, 13)]
6 -> costo: 64603.80000000001, rotte: {2: [(1, 5), (5, 10), (10, 9)], 3: [(1, 2), (2, 3), (3, 7)], 4: [(1, 8), (8, 7)], 5: [(1, 4), (4, 6), (6, 7)]}, padri: [5, 7, 7, 7, 12], figli: [], mosse: [(2, 5, 10, 9, 1), (2, 2, 9, 10), (2, 2, 5, 10, 2), (2, 2, 10, 9, 1), (5, 5, 4, 6, 13)]
7 -> costo: 64838.80000000001, rotte: {2: [(1, 5), (5, 9), (9, 10)], 3: [(1, 2), (2, 3), (3, 7)], 4: [(1, 8), (8, 7)], 5: [(1, 4), (4, 6), (6, 7)]}, padri: [5, 13], figli: [6, 6, 6], mosse: [(2, 5, 5, 9, 1), (5, 5, 4, 6, 13)]
8 -> costo: 74856.5, rotte: {2: [(1, 5), (5, 6), (6, 10)], 3: [(1, 2), (2, 3), (3, 7)], 4: [(1, 8), (8, 7)], 5: [(1, 9), (9, 6), (6, 4), (4, 7)]}, padri: [1, 14], figli: [9, 11, 11, 11, 11, 4, 18], mosse: [(5, 5, 6, 4, 8), (5, 5, 7, 4)]
9 -> costo: 71905.1, rotte: {2: [(1, 5), (5, 6), (6, 10)], 3: [(1, 2), (2, 3), (3, 7)], 4: [(1, 8), (8, 7)], 5: [(1, 6), (6, 4), (4, 7), (7, 9)]}, padri: [8, 15], figli: [10, 10, 10, 10, 2, 17, 17, 17, 17], mosse: [(5, 5, 7, 9, 1), (5, 5, 4, 7, 3)]
10 -> costo: 71652.20000000001, rotte: {2: [(1, 5), (5, 10)], 3: [(1, 2), (2, 3), (3, 7)], 4: [(1, 8), (8, 7)], 5: [(1, 6), (6, 4), (4, 7), (7, 9)]}, padri: [9, 9, 9, 9, 11, 16, 17], figli: [3], mosse: [(5, 2, 1, 6, 2), (5, 2, 4, 6, 2), (5, 2, 7, 6, 2), (5, 2, 9, 6, 2), (5, 5, 7, 9, 1), (5, 5, 4, 7, 3), (5, 5, 4, 7, 3)]
11 -> costo: 74603.6, rotte: {2: [(1, 5), (5, 10)], 3: [(1, 2), (2, 3), (3, 7)], 4: [(1, 8), (8, 7)], 5: [(1, 9), (9, 6), (6, 4), (4, 7)]}, padri: [8, 8, 8, 8], figli: [12, 13, 10, 5, 17], mosse: [(5, 2, 1, 6, 2), (5, 2, 9, 6, 2), (5, 2, 4, 6, 2), (5, 2, 7, 6, 2)]
12 -> costo: 64783.20000000001, rotte: {2: [(1, 5), (5, 10), (10, 9)], 3: [(1, 2), (2, 3), (3, 7)], 4: [(1, 8), (8, 7)], 5: [(1, 6), (6, 4), (4, 7)]}, padri: [11, 13, 13, 13], figli: [6], mosse: [(2, 5, 10, 9, 1), (2, 2, 9, 10), (2, 2, 5, 10, 2), (2, 2, 10, 9, 1)]
13 -> costo: 65018.20000000001, rotte: {2: [(1, 5), (5, 9), (9, 10)], 3: [(1, 2), (2, 3), (3, 7)], 4: [(1, 8), (8, 7)], 5: [(1, 6), (6, 4), (4, 7)]}, padri: [11], figli: [12, 12, 12, 7], mosse: [(2, 5, 5, 9, 1)]
14 -> costo: 75505.0, rotte: {2: [(1, 5), (5, 6), (6, 10)], 3: [(1, 2), (2, 3), (3, 7)], 4: [(1, 8), (8, 7)], 5: [(1, 9), (9, 6), (6, 7), (7, 4)]}, padri: [1], figli: [8, 15], mosse: [(5, 5, 7, 4, 8)]
15 -> costo: 72087.2, rotte: {2: [(1, 5), (5, 6), (6, 10)], 3: [(1, 2), (2, 3), (3, 7)], 4: [(1, 8), (8, 7)], 5: [(1, 6), (6, 7), (7, 4), (4, 9)]}, padri: [14], figli: [16, 16, 16, 16, 9, 18], mosse: [(5, 5, 4, 9, 1)]
16 -> costo: 71834.29999999999, rotte: {2: [(1, 5), (5, 10)], 3: [(1, 2), (2, 3), (3, 7)], 4: [(1, 8), (8, 7)], 5: [(1, 6), (6, 7), (7, 4), (4, 9)]}, padri: [15, 15, 15, 15], figli: [10, 17], mosse: [(5, 2, 1, 6, 2), (5, 2, 7, 6, 2), (5, 2, 4, 6, 2), (5, 2, 9, 6, 2)]
17 -> costo: 71734.4, rotte: {2: [(1, 5), (5, 10)], 3: [(1, 2), (2, 3), (3, 7)], 4: [(1, 8), (8, 7)], 5: [(1, 7), (7, 6), (6, 4), (4, 9)]}, padri: [16, 18, 18, 18], figli: [10], mosse: [(5, 5, 7, 6, 13), (5, 2, 1, 6, 2), (5, 2, 7, 6, 2), (5, 2, 4, 6, 2)]
18 -> costo: 71987.29999999999, rotte: {2: [(1, 5), (5, 6), (6, 10)], 3: [(1, 2), (2, 3), (3, 7)], 4: [(1, 8), (8, 7)], 5: [(1, 7), (7, 6), (6, 4), (4, 9)]}, padri: [15], figli: [17, 17, 17], mosse: [(5, 5, 7, 6, 11)]
bestSolutionIndice: 6
6 -> costo: 64603.80000000001, rotte: {2: [(1, 5), (5, 10), (10, 9)], 3: [(1, 2), (2, 3), (3, 7)], 4: [(1, 8), (8, 7)], 5: [(1, 4), (4, 6), (6, 7)]}, padri: [5, 7, 7, 7, 12], figli: [], mosse: [(2, 5, 10, 9, 1), (2, 2, 9, 10), (2, 2, 5, 10, 2), (2, 2, 10, 9, 1), (5, 5, 4, 6, 13)]
trasportoPalletDiGamma: {2: [(5, 11), (10, 2), (9, 1)], 3: [(2, 3), (3, 6), (7, 11)], 4: [(8, 19), (7, 1)], 5: [(4, 8), (6, 13), (7, 3)]}
itMosseLS: 55, itMosseTS: 50
time elapsed: 184.12s.


##########################################################################################
s: 1
dictSolutions[1]:
0 -> costo: 80746.69999999998, rotte: {4: [(1, 3), (3, 10), (10, 5)], 2: [(1, 9), (9, 4), (4, 8)], 5: [(1, 6), (6, 8)], 3: [(1, 2), (2, 7), (7, 8)]}, padri: [-1], figli: [1], mosse: [-1]
1 -> costo: 71161.29999999999, rotte: {4: [(1, 3), (3, 9), (9, 10), (10, 5)], 2: [(1, 4), (4, 8)], 5: [(1, 6), (6, 8)], 3: [(1, 2), (2, 7), (7, 8)]}, padri: [0], figli: [2], mosse: [(4, 2, 3, 9, 1)]
2 -> costo: 70782.6, rotte: {4: [(1, 3), (3, 9), (9, 10), (10, 5)], 2: [(1, 4), (4, 8)], 5: [(1, 6), (6, 8)], 3: [(1, 2), (2, 8), (8, 7)]}, padri: [1], figli: [3, 13], mosse: [(3, 3, 7, 8)]
3 -> costo: 65695.8, rotte: {4: [(1, 5), (5, 3), (3, 9), (9, 10)], 2: [(1, 4), (4, 8)], 5: [(1, 6), (6, 8)], 3: [(1, 2), (2, 8), (8, 7)]}, padri: [2], figli: [4, 9, 9, 11, 11, 12, 4, 4, 15, 15, 15], mosse: [(4, 4, 1, 5, 11)]
4 -> costo: 65460.8, rotte: {4: [(1, 5), (5, 3), (3, 10), (10, 9)], 2: [(1, 4), (4, 8)], 5: [(1, 6), (6, 8)], 3: [(1, 2), (2, 8), (8, 7)]}, padri: [3, 3, 3, 14], figli: [5, 5, 7, 7, 8, 10, 10], mosse: [(4, 4, 9, 10), (4, 4, 3, 10, 2), (4, 4, 10, 9, 1), (4, 4, 5, 3, 6)]
5 -> costo: 64678.3, rotte: {4: [(1, 5), (5, 3), (3, 10), (10, 9)], 2: [(1, 4), (4, 8)], 5: [(1, 6), (6, 8)], 3: [(1, 2), (2, 7)]}, padri: [4, 4, 7, 7, 9, 9, 9, 15], figli: [6, 6, 6], mosse: [(2, 3, 1, 8, 1), (2, 3, 4, 8, 1), (2, 3, 1, 8, 1), (2, 3, 4, 8, 1), (4, 4, 9, 10), (4, 4, 3, 10, 2), (4, 4, 10, 9, 1), (4, 4, 5, 3, 6)]
6 -> costo: 64615.4, rotte: {4: [(1, 5), (5, 3), (3, 10), (10, 9)], 2: [(1, 4), (4, 8)], 5: [(1, 6), (6, 8)], 3: [(1, 7), (7, 2)]}, padri: [5, 5, 5, 8, 8, 10, 10, 10, 16], figli: [], mosse: [(3, 3, 2, 7), (3, 3, 1, 7, 15), (3, 3, 7, 2, 3), (2, 3, 1, 8, 1), (2, 3, 4, 8, 1), (4, 4, 3, 10, 2), (4, 4, 9, 10), (4, 4, 10, 9, 1), (4, 4, 5, 3, 6)]
7 -> costo: 65042.7, rotte: {4: [(1, 5), (5, 3), (3, 10), (10, 9)], 2: [(1, 4), (4, 8)], 5: [(1, 6), (6, 8)], 3: [(1, 8), (8, 2), (2, 7)]}, padri: [4, 11, 11, 11, 17], figli: [5, 5, 10, 10], mosse: [(3, 3, 8, 2, 3), (4, 4, 9, 10), (4, 4, 3, 10, 2), (4, 4, 10, 9, 1), (4, 4, 5, 3, 6)]
8 -> costo: 65150.0, rotte: {4: [(1, 5), (5, 3), (3, 10), (10, 9)], 2: [(1, 4), (4, 8)], 5: [(1, 6), (6, 8)], 3: [(1, 7), (7, 2), (2, 8)]}, padri: [4, 12, 12, 12, 18], figli: [6, 6], mosse: [(3, 3, 1, 7, 15), (4, 4, 9, 10), (4, 4, 3, 10, 2), (4, 4, 10, 9, 1), (4, 4, 5, 3, 6)]
9 -> costo: 64913.3, rotte: {4: [(1, 5), (5, 3), (3, 9), (9, 10)], 2: [(1, 4), (4, 8)], 5: [(1, 6), (6, 8)], 3: [(1, 2), (2, 7)]}, padri: [3, 3, 11, 11], figli: [5, 5, 10, 10, 5, 10, 10], mosse: [(2, 3, 1, 8, 1), (2, 3, 4, 8, 1), (2, 3, 1, 8, 1), (2, 3, 4, 8, 1)]
10 -> costo: 64850.4, rotte: {4: [(1, 5), (5, 3), (3, 9), (9, 10)], 2: [(1, 4), (4, 8)], 5: [(1, 6), (6, 8)], 3: [(1, 7), (7, 2)]}, padri: [9, 9, 9, 12, 12], figli: [6, 6, 6], mosse: [(3, 3, 2, 7), (3, 3, 1, 7, 15), (3, 3, 7, 2, 3), (2, 3, 1, 8, 1), (2, 3, 4, 8, 1)]
11 -> costo: 65277.7, rotte: {4: [(1, 5), (5, 3), (3, 9), (9, 10)], 2: [(1, 4), (4, 8)], 5: [(1, 6), (6, 8)], 3: [(1, 8), (8, 2), (2, 7)]}, padri: [3], figli: [7, 9, 9, 7, 7], mosse: [(3, 3, 8, 2, 3)]
12 -> costo: 65385.0, rotte: {4: [(1, 5), (5, 3), (3, 9), (9, 10)], 2: [(1, 4), (4, 8)], 5: [(1, 6), (6, 8)], 3: [(1, 7), (7, 2), (2, 8)]}, padri: [3], figli: [8, 10, 10, 8, 8], mosse: [(3, 3, 1, 7, 15)]
13 -> costo: 66493.0, rotte: {4: [(1, 3), (3, 5), (5, 9), (9, 10)], 2: [(1, 4), (4, 8)], 5: [(1, 6), (6, 8)], 3: [(1, 2), (2, 8), (8, 7)]}, padri: [2], figli: [14], mosse: [(4, 4, 3, 5, 11)]
14 -> costo: 66258.0, rotte: {4: [(1, 3), (3, 5), (5, 10), (10, 9)], 2: [(1, 4), (4, 8)], 5: [(1, 6), (6, 8)], 3: [(1, 2), (2, 8), (8, 7)]}, padri: [13], figli: [4, 15, 15, 17, 17, 18], mosse: [(4, 4, 9, 10)]
15 -> costo: 65475.5, rotte: {4: [(1, 3), (3, 5), (5, 10), (10, 9)], 2: [(1, 4), (4, 8)], 5: [(1, 6), (6, 8)], 3: [(1, 2), (2, 7)]}, padri: [14, 14, 17, 17], figli: [16, 5, 16, 16], mosse: [(2, 3, 1, 8, 1), (2, 3, 4, 8, 1), (2, 3, 1, 8, 1), (2, 3, 4, 8, 1)]
16 -> costo: 65412.6, rotte: {4: [(1, 3), (3, 5), (5, 10), (10, 9)], 2: [(1, 4), (4, 8)], 5: [(1, 6), (6, 8)], 3: [(1, 7), (7, 2)]}, padri: [15, 15, 15], figli: [6], mosse: [(3, 3, 2, 7), (3, 3, 1, 7, 15), (3, 3, 7, 2, 3)]
17 -> costo: 65839.9, rotte: {4: [(1, 3), (3, 5), (5, 10), (10, 9)], 2: [(1, 4), (4, 8)], 5: [(1, 6), (6, 8)], 3: [(1, 8), (8, 2), (2, 7)]}, padri: [14], figli: [7, 15, 15], mosse: [(3, 3, 8, 2, 3)]
18 -> costo: 65947.2, rotte: {4: [(1, 3), (3, 5), (5, 10), (10, 9)], 2: [(1, 4), (4, 8)], 5: [(1, 6), (6, 8)], 3: [(1, 7), (7, 2), (2, 8)]}, padri: [14], figli: [8], mosse: [(3, 3, 1, 7, 15)]
bestSolutionIndice: 6
6 -> costo: 64615.4, rotte: {4: [(1, 5), (5, 3), (3, 10), (10, 9)], 2: [(1, 4), (4, 8)], 5: [(1, 6), (6, 8)], 3: [(1, 7), (7, 2)]}, padri: [5, 5, 5, 8, 8, 10, 10, 10, 16], figli: [], mosse: [(3, 3, 2, 7), (3, 3, 1, 7, 15), (3, 3, 7, 2, 3), (2, 3, 1, 8, 1), (2, 3, 4, 8, 1), (4, 4, 3, 10, 2), (4, 4, 9, 10), (4, 4, 10, 9, 1), (4, 4, 5, 3, 6)]
trasportoPalletDiGamma: {4: [(5, 11), (3, 6), (10, 2), (9, 1)], 2: [(4, 8), (8, 7)], 5: [(6, 13), (8, 12)], 3: [(7, 15), (2, 3)]}
itMosseLS: 56, itMosseTS: 50
time elapsed: 171.39s.


##########################################################################################
s: 1
dictSolutions[1]:
0 -> costo: 69889.49999999999, rotte: {5: [(1, 8), (8, 7)], 2: [(1, 5), (5, 10), (10, 9), (9, 6)], 4: [(1, 4), (4, 6)], 3: [(1, 3), (3, 2), (2, 7)]}, padri: [-1], figli: [1, 6, 19], mosse: [-1]
1 -> costo: 64474.3, rotte: {5: [(1, 8), (8, 7)], 2: [(1, 5), (5, 6), (6, 10), (10, 9)], 4: [(1, 4), (4, 6)], 3: [(1, 3), (3, 2), (2, 7)]}, padri: [0], figli: [2, 3, 4, 2, 2, 5, 5, 5, 7, 7, 7, 9], mosse: [(2, 2, 5, 6, 1)]
2 -> costo: 64259.700000000004, rotte: {5: [(1, 8), (8, 7)], 2: [(1, 5), (5, 6), (6, 10), (10, 9)], 4: [(1, 4), (4, 6)], 3: [(1, 3), (3, 7), (7, 2)]}, padri: [1, 1, 1, 6, 7], figli: [3, 4, 9], mosse: [(3, 3, 2, 7), (3, 3, 3, 7, 9), (3, 3, 7, 2, 3), (2, 2, 5, 6, 1), (2, 2, 5, 6, 1)]
3 -> costo: 63931.40000000001, rotte: {5: [(1, 8), (8, 7)], 2: [(1, 5), (5, 6), (6, 10), (10, 9)], 4: [(1, 4), (4, 6)], 3: [(1, 7), (7, 3), (3, 2)]}, padri: [2, 1, 5, 8, 9, 17], figli: [], mosse: [(3, 3, 7, 3, 6), (3, 3, 1, 7, 9), (3, 3, 3, 2, 3), (2, 2, 5, 6, 1), (2, 3, 5, 6, 1), (2, 2, 5, 6, 1)]
4 -> costo: 63994.30000000001, rotte: {5: [(1, 8), (8, 7)], 2: [(1, 5), (5, 6), (6, 10), (10, 9)], 4: [(1, 4), (4, 6)], 3: [(1, 2), (2, 3), (3, 7)]}, padri: [2, 1, 5, 10, 18], figli: [], mosse: [(3, 3, 1, 2, 3), (3, 3, 2, 3, 6), (3, 3, 7, 3), (2, 2, 5, 6, 1), (2, 2, 5, 6, 1)]
5 -> costo: 64308.30000000001, rotte: {5: [(1, 8), (8, 7)], 2: [(1, 5), (5, 6), (6, 10), (10, 9)], 4: [(1, 4), (4, 6)], 3: [(1, 2), (2, 7), (7, 3)]}, padri: [1], figli: [4, 3, 9], mosse: [(3, 3, 7, 3, 6)]
6 -> costo: 69674.9, rotte: {5: [(1, 8), (8, 7)], 2: [(1, 5), (5, 10), (10, 9), (9, 6)], 4: [(1, 4), (4, 6)], 3: [(1, 3), (3, 7), (7, 2)]}, padri: [0], figli: [2, 7, 11, 14, 15, 17, 18], mosse: [(3, 3, 2, 7)]
7 -> costo: 64471.50000000001, rotte: {5: [(1, 8), (8, 7)], 2: [(1, 6), (6, 5), (5, 10), (10, 9)], 4: [(1, 4), (4, 6)], 3: [(1, 3), (3, 7), (7, 2)]}, padri: [6, 19, 19, 19], figli: [8, 10, 2], mosse: [(2, 2, 1, 6, 1), (3, 3, 2, 7), (3, 3, 3, 7, 9), (3, 3, 7, 2, 3)]
8 -> costo: 64143.200000000004, rotte: {5: [(1, 8), (8, 7)], 2: [(1, 6), (6, 5), (5, 10), (10, 9)], 4: [(1, 4), (4, 6)], 3: [(1, 7), (7, 3), (3, 2)]}, padri: [7, 17, 19], figli: [3, 9], mosse: [(3, 3, 7, 3, 6), (2, 2, 1, 6, 1), (3, 3, 1, 7, 9)]
9 -> costo: 64046.80000000001, rotte: {5: [(1, 8), (8, 7)], 2: [(1, 5), (5, 10), (10, 9)], 4: [(1, 4), (4, 6)], 3: [(1, 6), (6, 7), (7, 3), (3, 2)]}, padri: [8], figli: [3], mosse: [(3, 2, 1, 6, 1)]
10 -> costo: 64206.100000000006, rotte: {5: [(1, 8), (8, 7)], 2: [(1, 6), (6, 5), (5, 10), (10, 9)], 4: [(1, 4), (4, 6)], 3: [(1, 2), (2, 3), (3, 7)]}, padri: [7, 18, 19], figli: [4], mosse: [(3, 3, 1, 2, 3), (2, 2, 1, 6, 1), (3, 3, 2, 3, 6)]
11 -> costo: 67633.09999999999, rotte: {5: [(1, 8), (8, 7)], 2: [(1, 10), (10, 9), (9, 6), (6, 5)], 4: [(1, 4), (4, 6)], 3: [(1, 3), (3, 7), (7, 2)]}, padri: [6, 14, 14, 14], figli: [12, 13], mosse: [(2, 2, 6, 5, 11), (2, 2, 5, 6), (2, 2, 9, 6, 1), (2, 2, 6, 5, 11)]
12 -> costo: 67304.8, rotte: {5: [(1, 8), (8, 7)], 2: [(1, 10), (10, 9), (9, 6), (6, 5)], 4: [(1, 4), (4, 6)], 3: [(1, 7), (7, 3), (3, 2)]}, padri: [11, 15, 15, 15, 17], figli: [], mosse: [(3, 3, 7, 3, 6), (2, 2, 5, 6), (2, 2, 9, 6, 1), (2, 2, 6, 5, 11), (2, 2, 6, 5, 11)]
13 -> costo: 67367.7, rotte: {5: [(1, 8), (8, 7)], 2: [(1, 10), (10, 9), (9, 6), (6, 5)], 4: [(1, 4), (4, 6)], 3: [(1, 2), (2, 3), (3, 7)]}, padri: [11, 16, 16, 16, 18], figli: [], mosse: [(3, 3, 1, 2, 3), (2, 2, 5, 6), (2, 2, 9, 6, 1), (2, 2, 6, 5, 11), (2, 2, 6, 5, 11)]
14 -> costo: 67635.9, rotte: {5: [(1, 8), (8, 7)], 2: [(1, 10), (10, 9), (9, 5), (5, 6)], 4: [(1, 4), (4, 6)], 3: [(1, 3), (3, 7), (7, 2)]}, padri: [6], figli: [11, 15, 16, 11, 11], mosse: [(2, 2, 9, 5, 11)]
15 -> costo: 67307.59999999999, rotte: {5: [(1, 8), (8, 7)], 2: [(1, 10), (10, 9), (9, 5), (5, 6)], 4: [(1, 4), (4, 6)], 3: [(1, 7), (7, 3), (3, 2)]}, padri: [14, 17], figli: [12, 12, 12], mosse: [(3, 3, 7, 3, 6), (2, 2, 9, 5, 11)]
16 -> costo: 67370.5, rotte: {5: [(1, 8), (8, 7)], 2: [(1, 10), (10, 9), (9, 5), (5, 6)], 4: [(1, 4), (4, 6)], 3: [(1, 2), (2, 3), (3, 7)]}, padri: [14, 18], figli: [13, 13, 13], mosse: [(3, 3, 1, 2, 3), (2, 2, 9, 5, 11)]
17 -> costo: 69346.59999999999, rotte: {5: [(1, 8), (8, 7)], 2: [(1, 5), (5, 10), (10, 9), (9, 6)], 4: [(1, 4), (4, 6)], 3: [(1, 7), (7, 3), (3, 2)]}, padri: [6], figli: [3, 8, 12, 15], mosse: [(3, 3, 7, 3, 6)]
18 -> costo: 69409.5, rotte: {5: [(1, 8), (8, 7)], 2: [(1, 5), (5, 10), (10, 9), (9, 6)], 4: [(1, 4), (4, 6)], 3: [(1, 2), (2, 3), (3, 7)]}, padri: [6], figli: [4, 10, 13, 16], mosse: [(3, 3, 1, 2, 3)]
19 -> costo: 64686.100000000006, rotte: {5: [(1, 8), (8, 7)], 2: [(1, 6), (6, 5), (5, 10), (10, 9)], 4: [(1, 4), (4, 6)], 3: [(1, 3), (3, 2), (2, 7)]}, padri: [0], figli: [7, 8, 10, 7, 7], mosse: [(2, 2, 1, 6, 1)]
bestSolutionIndice: 3
3 -> costo: 63931.40000000001, rotte: {5: [(1, 8), (8, 7)], 2: [(1, 5), (5, 6), (6, 10), (10, 9)], 4: [(1, 4), (4, 6)], 3: [(1, 7), (7, 3), (3, 2)]}, padri: [2, 1, 5, 8, 9, 17], figli: [], mosse: [(3, 3, 7, 3, 6), (3, 3, 1, 7, 9), (3, 3, 3, 2, 3), (2, 2, 5, 6, 1), (2, 3, 5, 6, 1), (2, 2, 5, 6, 1)]
trasportoPalletDiGamma: {5: [(8, 19), (7, 6)], 2: [(5, 11), (6, 1), (10, 2), (9, 1)], 4: [(4, 8), (6, 12)], 3: [(7, 9), (3, 6), (2, 3)]}
itMosseLS: 52, itMosseTS: 50
time elapsed: 101.79s.


##########################################################################################
s: 1
dictSolutions[1]:
0 -> costo: 80818.0, rotte: {4: [(1, 5), (5, 10), (10, 6)], 5: [(1, 9), (9, 2), (2, 4), (4, 8), (8, 6)], 3: [(1, 7), (7, 4)], 2: [(1, 3), (3, 8)]}, padri: [-1], figli: [1], mosse: [-1]
1 -> costo: 75637.8, rotte: {4: [(1, 5), (5, 6), (6, 10)], 5: [(1, 9), (9, 2), (2, 4), (4, 8), (8, 6)], 3: [(1, 7), (7, 4)], 2: [(1, 3), (3, 8)]}, padri: [0], figli: [2], mosse: [(4, 4, 5, 6, 7)]
2 -> costo: 74906.3, rotte: {4: [(1, 5), (5, 6), (6, 10)], 5: [(1, 9), (9, 2), (2, 4), (4, 8), (8, 6)], 3: [(1, 4), (4, 7)], 2: [(1, 3), (3, 8)]}, padri: [1], figli: [3], mosse: [(3, 3, 7, 4)]
3 -> costo: 72721.6, rotte: {4: [(1, 5), (5, 6), (6, 10)], 5: [(1, 2), (2, 4), (4, 8), (8, 6), (6, 9)], 3: [(1, 4), (4, 7)], 2: [(1, 3), (3, 8)]}, padri: [2], figli: [4, 23], mosse: [(5, 5, 6, 9, 1)]
4 -> costo: 72600.00000000001, rotte: {4: [(1, 5), (5, 6), (6, 10)], 5: [(1, 2), (2, 4), (4, 8), (8, 6), (6, 9)], 3: [(1, 4), (4, 7)], 2: [(1, 8), (8, 3)]}, padri: [3], figli: [5, 11, 16, 17, 18, 20, 21, 22, 24], mosse: [(2, 2, 3, 8)]
5 -> costo: 71206.90000000001, rotte: {4: [(1, 5), (5, 6), (6, 10)], 5: [(1, 2), (2, 4), (4, 6), (6, 8), (8, 9)], 3: [(1, 4), (4, 7)], 2: [(1, 8), (8, 3)]}, padri: [4, 16, 17, 19, 21, 23], figli: [6, 7, 8, 12], mosse: [(5, 5, 6, 8, 10), (5, 5, 6, 8, 10), (5, 5, 6, 8, 10), (5, 5, 2, 4, 3), (5, 5, 6, 8, 10), (2, 2, 3, 8)]
6 -> costo: 70159.90000000001, rotte: {4: [(1, 5), (5, 6), (6, 10)], 5: [(1, 4), (4, 6), (6, 2), (2, 8), (8, 9)], 3: [(1, 4), (4, 7)], 2: [(1, 8), (8, 3)]}, padri: [5, 7, 9, 15, 19, 22, 24, 24, 24], figli: [], mosse: [(5, 5, 6, 2, 3), (5, 5, 2, 8, 10), (5, 5, 4, 6, 6), (5, 5, 2, 8, 10), (5, 5, 6, 2, 3), (5, 5, 2, 8, 10), (2, 2, 3, 8), (2, 2, 1, 8, 9), (2, 2, 8, 3, 6)]
7 -> costo: 70511.5, rotte: {4: [(1, 5), (5, 6), (6, 10)], 5: [(1, 4), (4, 6), (6, 8), (8, 2), (2, 9)], 3: [(1, 4), (4, 7)], 2: [(1, 8), (8, 3)]}, padri: [5, 15, 19, 22], figli: [6], mosse: [(5, 5, 8, 2, 3), (5, 5, 6, 8, 10), (5, 5, 8, 2, 3), (5, 5, 6, 8, 10)]
8 -> costo: 71165.20000000001, rotte: {4: [(1, 5), (5, 6), (6, 10)], 5: [(1, 2), (2, 6), (6, 4), (4, 8), (8, 9)], 3: [(1, 4), (4, 7)], 2: [(1, 8), (8, 3)]}, padri: [5, 11, 12], figli: [9, 10, 14, 15], mosse: [(5, 5, 6, 4, 3), (5, 5, 4, 8, 10), (5, 5, 4, 8, 10)]
9 -> costo: 70206.1, rotte: {4: [(1, 5), (5, 6), (6, 10)], 5: [(1, 6), (6, 4), (4, 2), (2, 8), (8, 9)], 3: [(1, 4), (4, 7)], 2: [(1, 8), (8, 3)]}, padri: [8, 10, 13, 14], figli: [6], mosse: [(5, 5, 4, 2, 3), (5, 5, 2, 8, 10), (5, 5, 2, 8, 10), (5, 5, 2, 8, 10)]
10 -> costo: 70511.5, rotte: {4: [(1, 5), (5, 6), (6, 10)], 5: [(1, 6), (6, 4), (4, 8), (8, 2), (2, 9)], 3: [(1, 4), (4, 7)], 2: [(1, 8), (8, 3)]}, padri: [8], figli: [9, 14, 15], mosse: [(5, 5, 8, 2, 3)]
11 -> costo: 71495.20000000001, rotte: {4: [(1, 5), (5, 6), (6, 10)], 5: [(1, 2), (2, 8), (8, 6), (6, 4), (4, 9)], 3: [(1, 4), (4, 7)], 2: [(1, 8), (8, 3)]}, padri: [4, 20], figli: [8, 12, 13], mosse: [(5, 5, 6, 4, 3), (5, 5, 6, 4, 3)]
12 -> costo: 71432.6, rotte: {4: [(1, 5), (5, 6), (6, 10)], 5: [(1, 8), (8, 2), (2, 6), (6, 4), (4, 9)], 3: [(1, 4), (4, 7)], 2: [(1, 8), (8, 3)]}, padri: [11, 17, 18], figli: [8], mosse: [(5, 5, 8, 2, 3), (5, 5, 6, 4, 3), (5, 5, 6, 4, 3)]
13 -> costo: 71491.40000000001, rotte: {4: [(1, 5), (5, 6), (6, 10)], 5: [(1, 8), (8, 6), (6, 4), (4, 2), (2, 9)], 3: [(1, 4), (4, 7)], 2: [(1, 8), (8, 3)]}, padri: [11, 22], figli: [9, 14, 15], mosse: [(5, 5, 4, 2, 3), (5, 5, 6, 4, 3)]
14 -> costo: 70511.5, rotte: {4: [(1, 5), (5, 6), (6, 10)], 5: [(1, 6), (6, 4), (4, 8), (8, 2), (2, 9)], 3: [(1, 4), (4, 7)], 2: [(1, 8), (8, 3)]}, padri: [8, 10, 13], figli: [9], mosse: [(5, 5, 4, 8, 10)]
15 -> costo: 71445.2, rotte: {4: [(1, 5), (5, 6), (6, 10)], 5: [(1, 8), (8, 4), (4, 6), (6, 2), (2, 9)], 3: [(1, 4), (4, 7)], 2: [(1, 8), (8, 3)]}, padri: [13, 17, 22], figli: [6, 7], mosse: [(5, 5, 4, 6, 6), (5, 5, 6, 2, 3), (5, 5, 8, 4, 3)]
16 -> costo: 71495.20000000001, rotte: {4: [(1, 5), (5, 6), (6, 10)], 5: [(1, 2), (2, 8), (8, 4), (4, 6), (6, 9)], 3: [(1, 4), (4, 7)], 2: [(1, 8), (8, 3)]}, padri: [4], figli: [5, 17, 24], mosse: [(5, 5, 8, 4, 3)]
17 -> costo: 71474.3, rotte: {4: [(1, 5), (5, 6), (6, 10)], 5: [(1, 8), (8, 2), (2, 4), (4, 6), (6, 9)], 3: [(1, 4), (4, 7)], 2: [(1, 8), (8, 3)]}, padri: [16, 18, 21], figli: [5, 12, 15, 24], mosse: [(5, 5, 8, 2, 3), (5, 5, 2, 4, 3), (5, 5, 8, 2, 3)]
18 -> costo: 71557.5, rotte: {4: [(1, 5), (5, 6), (6, 10)], 5: [(1, 4), (4, 8), (8, 2), (2, 6), (6, 9)], 3: [(1, 4), (4, 7)], 2: [(1, 8), (8, 3)]}, padri: [4, 20, 22], figli: [19, 12, 17], mosse: [(5, 5, 8, 2, 3), (5, 5, 8, 2, 3), (5, 5, 2, 6, 6)]
19 -> costo: 71269.20000000001, rotte: {4: [(1, 5), (5, 6), (6, 10)], 5: [(1, 4), (4, 2), (2, 6), (6, 8), (8, 9)], 3: [(1, 4), (4, 7)], 2: [(1, 8), (8, 3)]}, padri: [18, 20], figli: [6, 7, 5, 24], mosse: [(5, 5, 6, 8, 10), (5, 5, 6, 8, 10)]
20 -> costo: 71599.20000000001, rotte: {4: [(1, 5), (5, 6), (6, 10)], 5: [(1, 4), (4, 2), (2, 8), (8, 6), (6, 9)], 3: [(1, 4), (4, 7)], 2: [(1, 8), (8, 3)]}, padri: [4], figli: [19, 11, 21, 18, 22], mosse: [(5, 5, 4, 2, 3)]
21 -> costo: 71495.20000000001, rotte: {4: [(1, 5), (5, 6), (6, 10)], 5: [(1, 2), (2, 8), (8, 4), (4, 6), (6, 9)], 3: [(1, 4), (4, 7)], 2: [(1, 8), (8, 3)]}, padri: [4, 20], figli: [5, 17, 24], mosse: [(5, 5, 8, 4, 3)]
22 -> costo: 71570.1, rotte: {4: [(1, 5), (5, 6), (6, 10)], 5: [(1, 4), (4, 8), (8, 6), (6, 2), (2, 9)], 3: [(1, 4), (4, 7)], 2: [(1, 8), (8, 3)]}, padri: [20], figli: [6, 7, 15, 13, 18], mosse: [(5, 5, 6, 2, 3)]
23 -> costo: 71328.5, rotte: {4: [(1, 5), (5, 6), (6, 10)], 5: [(1, 2), (2, 4), (4, 6), (6, 8), (8, 9)], 3: [(1, 4), (4, 7)], 2: [(1, 3), (3, 8)]}, padri: [3], figli: [5, 24], mosse: [(5, 5, 6, 8, 10)]
24 -> costo: 70281.5, rotte: {4: [(1, 5), (5, 6), (6, 10)], 5: [(1, 4), (4, 6), (6, 2), (2, 8), (8, 9)], 3: [(1, 4), (4, 7)], 2: [(1, 3), (3, 8)]}, padri: [23], figli: [6, 6, 6], mosse: [(5, 5, 6, 2, 3)]
bestSolutionIndice: 6
6 -> costo: 70159.90000000001, rotte: {4: [(1, 5), (5, 6), (6, 10)], 5: [(1, 4), (4, 6), (6, 2), (2, 8), (8, 9)], 3: [(1, 4), (4, 7)], 2: [(1, 8), (8, 3)]}, padri: [5, 7, 9, 15, 19, 22, 24, 24, 24], figli: [], mosse: [(5, 5, 6, 2, 3), (5, 5, 2, 8, 10), (5, 5, 4, 6, 6), (5, 5, 2, 8, 10), (5, 5, 6, 2, 3), (5, 5, 2, 8, 10), (2, 2, 3, 8), (2, 2, 1, 8, 9), (2, 2, 8, 3, 6)]
trasportoPalletDiGamma: {4: [(5, 11), (6, 7), (10, 2)], 5: [(4, 3), (6, 6), (2, 3), (8, 10), (9, 1)], 3: [(4, 5), (7, 15)], 2: [(8, 9), (3, 6)]}
itMosseLS: 56, itMosseTS: 50
time elapsed: 215.67s.


##########################################################################################
s: 1
dictSolutions[1]:
0 -> costo: 79895.8, rotte: {3: [(1, 10), (10, 5), (5, 6)], 4: [(1, 7), (7, 2), (2, 4)], 2: [(1, 8)], 5: [(1, 3), (3, 9), (9, 8), (8, 6), (6, 4)]}, padri: [-1], figli: [1], mosse: [-1]
1 -> costo: 70098.6, rotte: {3: [(1, 5), (5, 6)], 4: [(1, 7), (7, 2), (2, 4)], 2: [(1, 8)], 5: [(1, 3), (3, 10), (10, 9), (9, 8), (8, 6), (6, 4)]}, padri: [0], figli: [2], mosse: [(5, 3, 3, 10, 2)]
2 -> costo: 69845.20000000001, rotte: {3: [(1, 5), (5, 6)], 4: [(1, 7), (7, 2), (2, 4)], 2: [(1, 8)], 5: [(1, 3), (3, 10), (10, 9), (9, 8), (8, 4), (4, 6)]}, padri: [1], figli: [3, 8], mosse: [(5, 5, 6, 4)]
3 -> costo: 67842.6, rotte: {3: [(1, 5), (5, 6)], 4: [(1, 7), (7, 2), (2, 4)], 2: [(1, 8)], 5: [(1, 10), (10, 9), (9, 8), (8, 3), (3, 4), (4, 6)]}, padri: [2], figli: [4, 5, 4, 4, 7, 7, 7, 9, 9, 9, 16, 16, 16], mosse: [(5, 5, 8, 3, 6)]
4 -> costo: 67765.1, rotte: {3: [(1, 5), (5, 6)], 4: [(1, 7), (7, 4), (4, 2)], 2: [(1, 8)], 5: [(1, 10), (10, 9), (9, 8), (8, 3), (3, 4), (4, 6)]}, padri: [3, 3, 3, 8, 10, 9], figli: [5, 6], mosse: [(4, 4, 2, 4), (4, 4, 7, 4, 2), (4, 4, 4, 2, 3), (5, 5, 8, 3, 6), (5, 5, 8, 3, 6), (5, 5, 3, 4, 6)]
5 -> costo: 67048.6, rotte: {3: [(1, 5), (5, 6)], 4: [(1, 4), (4, 7), (7, 2)], 2: [(1, 8)], 5: [(1, 10), (10, 9), (9, 8), (8, 3), (3, 4), (4, 6)]}, padri: [4, 6, 6, 6, 3, 7, 11, 13, 15, 15, 15], figli: [], mosse: [(4, 4, 4, 7, 15), (4, 4, 2, 7), (4, 4, 4, 7, 15), (4, 4, 7, 2, 3), (4, 4, 1, 4, 2), (4, 4, 7, 2, 3), (5, 5, 8, 3, 6), (5, 5, 3, 4, 6), (5, 5, 6, 4), (5, 5, 3, 4, 6), (5, 5, 4, 6, 6)]
6 -> costo: 67119.1, rotte: {3: [(1, 5), (5, 6)], 4: [(1, 4), (4, 2), (2, 7)], 2: [(1, 8)], 5: [(1, 10), (10, 9), (9, 8), (8, 3), (3, 4), (4, 6)]}, padri: [4, 7, 12, 16, 18, 18, 18], figli: [5, 5, 5], mosse: [(4, 4, 2, 7, 15), (4, 4, 4, 2, 3), (5, 5, 8, 3, 6), (5, 5, 3, 4, 6), (5, 5, 6, 4), (5, 5, 3, 4, 6), (5, 5, 4, 6, 6)]
7 -> costo: 67820.00000000001, rotte: {3: [(1, 5), (5, 6)], 4: [(1, 2), (2, 4), (4, 7)], 2: [(1, 8)], 5: [(1, 10), (10, 9), (9, 8), (8, 3), (3, 4), (4, 6)]}, padri: [3], figli: [5, 6], mosse: [(4, 4, 4, 7, 15)]
8 -> costo: 69767.70000000001, rotte: {3: [(1, 5), (5, 6)], 4: [(1, 7), (7, 4), (4, 2)], 2: [(1, 8)], 5: [(1, 3), (3, 10), (10, 9), (9, 8), (8, 4), (4, 6)]}, padri: [2], figli: [4, 9, 16], mosse: [(4, 4, 2, 4)]
9 -> costo: 68423.5, rotte: {3: [(1, 5), (5, 6)], 4: [(1, 7), (7, 4), (4, 2)], 2: [(1, 8)], 5: [(1, 10), (10, 9), (9, 8), (8, 4), (4, 3), (3, 6)]}, padri: [8], figli: [10, 13, 4, 16], mosse: [(5, 5, 4, 3, 6)]
10 -> costo: 67830.6, rotte: {3: [(1, 5), (5, 6)], 4: [(1, 7), (7, 4), (4, 2)], 2: [(1, 8)], 5: [(1, 10), (10, 9), (9, 8), (8, 4), (4, 6), (6, 3)]}, padri: [9], figli: [11, 12, 4, 14, 16, 17], mosse: [(5, 5, 3, 6)]
11 -> costo: 67114.1, rotte: {3: [(1, 5), (5, 6)], 4: [(1, 4), (4, 7), (7, 2)], 2: [(1, 8)], 5: [(1, 10), (10, 9), (9, 8), (8, 4), (4, 6), (6, 3)]}, padri: [10, 12, 12, 12, 13, 13, 13], figli: [5], mosse: [(4, 4, 4, 7, 15), (4, 4, 2, 7), (4, 4, 4, 7, 15), (4, 4, 7, 2, 3), (5, 5, 3, 6), (5, 5, 4, 6, 6), (5, 5, 6, 3, 6)]
12 -> costo: 67184.6, rotte: {3: [(1, 5), (5, 6)], 4: [(1, 4), (4, 2), (2, 7)], 2: [(1, 8)], 5: [(1, 10), (10, 9), (9, 8), (8, 4), (4, 6), (6, 3)]}, padri: [10, 16, 16, 16], figli: [11, 11, 11, 6, 14, 14, 14], mosse: [(4, 4, 2, 7, 15), (5, 5, 3, 6), (5, 5, 4, 6, 6), (5, 5, 6, 3, 6)]
13 -> costo: 67707.0, rotte: {3: [(1, 5), (5, 6)], 4: [(1, 4), (4, 7), (7, 2)], 2: [(1, 8)], 5: [(1, 10), (10, 9), (9, 8), (8, 4), (4, 3), (3, 6)]}, padri: [9, 16], figli: [11, 5, 11, 11, 14, 14, 14, 15], mosse: [(4, 4, 4, 7, 15), (4, 4, 2, 7)]
14 -> costo: 67203.8, rotte: {3: [(1, 5), (5, 6)], 4: [(1, 4), (4, 7), (7, 2)], 2: [(1, 8)], 5: [(1, 10), (10, 9), (9, 8), (8, 6), (6, 4), (4, 3)]}, padri: [13, 15, 17, 17, 17], figli: [], mosse: [(5, 5, 8, 6, 6), (5, 5, 4, 3, 6), (4, 4, 2, 7), (4, 4, 4, 7, 15), (4, 4, 7, 2, 3)]
15 -> costo: 67216.8, rotte: {3: [(1, 5), (5, 6)], 4: [(1, 4), (4, 7), (7, 2)], 2: [(1, 8)], 5: [(1, 10), (10, 9), (9, 8), (8, 3), (3, 6), (6, 4)]}, padri: [13, 18, 18, 18], figli: [5, 5, 5, 14], mosse: [(5, 5, 6, 4, 6), (4, 4, 2, 7), (4, 4, 4, 7, 15), (4, 4, 7, 2, 3)]
16 -> costo: 67777.5, rotte: {3: [(1, 5), (5, 6)], 4: [(1, 4), (4, 2), (2, 7)], 2: [(1, 8)], 5: [(1, 10), (10, 9), (9, 8), (8, 4), (4, 3), (3, 6)]}, padri: [9], figli: [12, 6, 13, 12, 12, 17, 17, 17, 18], mosse: [(4, 4, 2, 7, 15)]
17 -> costo: 67274.3, rotte: {3: [(1, 5), (5, 6)], 4: [(1, 4), (4, 2), (2, 7)], 2: [(1, 8)], 5: [(1, 10), (10, 9), (9, 8), (8, 6), (6, 4), (4, 3)]}, padri: [16, 18], figli: [14, 14, 14], mosse: [(5, 5, 8, 6, 6), (5, 5, 4, 3, 6)]
18 -> costo: 67287.3, rotte: {3: [(1, 5), (5, 6)], 4: [(1, 4), (4, 2), (2, 7)], 2: [(1, 8)], 5: [(1, 10), (10, 9), (9, 8), (8, 3), (3, 6), (6, 4)]}, padri: [16], figli: [6, 6, 15, 6, 15, 15, 17], mosse: [(5, 5, 6, 4, 6)]
bestSolutionIndice: 5
5 -> costo: 67048.6, rotte: {3: [(1, 5), (5, 6)], 4: [(1, 4), (4, 7), (7, 2)], 2: [(1, 8)], 5: [(1, 10), (10, 9), (9, 8), (8, 3), (3, 4), (4, 6)]}, padri: [4, 6, 6, 6, 3, 7, 11, 13, 15, 15, 15], figli: [], mosse: [(4, 4, 4, 7, 15), (4, 4, 2, 7), (4, 4, 4, 7, 15), (4, 4, 7, 2, 3), (4, 4, 1, 4, 2), (4, 4, 7, 2, 3), (5, 5, 8, 3, 6), (5, 5, 3, 4, 6), (5, 5, 6, 4), (5, 5, 3, 4, 6), (5, 5, 4, 6, 6)]
trasportoPalletDiGamma: {3: [(5, 11), (6, 7)], 4: [(4, 2), (7, 15), (2, 3)], 2: [(8, 15)], 5: [(10, 2), (9, 1), (8, 4), (3, 6), (4, 6), (6, 6)]}
itMosseLS: 57, itMosseTS: 50
time elapsed: 167.19s.


##########################################################################################
s: 1
dictSolutions[1]:
0 -> costo: 78800.4, rotte: {2: [(1, 9), (9, 5), (5, 2)], 4: [(1, 8), (8, 6)], 3: [(1, 10), (10, 7), (7, 6)], 5: [(1, 3), (3, 4), (4, 6)]}, padri: [-1], figli: [1], mosse: [-1]
1 -> costo: 74973.49999999999, rotte: {2: [(1, 5), (5, 2), (2, 9)], 4: [(1, 8), (8, 6)], 3: [(1, 10), (10, 7), (7, 6)], 5: [(1, 3), (3, 4), (4, 6)]}, padri: [0], figli: [2], mosse: [(2, 2, 2, 9, 1)]
2 -> costo: 74610.7, rotte: {2: [(1, 5), (5, 2), (2, 9)], 4: [(1, 6), (6, 8)], 3: [(1, 10), (10, 7), (7, 6)], 5: [(1, 3), (3, 4), (4, 6)]}, padri: [1], figli: [3, 7, 19], mosse: [(4, 4, 8, 6)]
3 -> costo: 71936.3, rotte: {2: [(1, 5), (5, 2), (2, 9)], 4: [(1, 6), (6, 8)], 3: [(1, 7), (7, 6), (6, 10)], 5: [(1, 3), (3, 4), (4, 6)]}, padri: [2], figli: [4, 6, 16, 17], mosse: [(3, 3, 6, 10, 2)]
4 -> costo: 71362.2, rotte: {2: [(1, 5), (5, 2), (2, 9)], 4: [(1, 6), (6, 8)], 3: [(1, 7), (7, 6), (6, 10)], 5: [(1, 4), (4, 6), (6, 3)]}, padri: [3], figli: [5], mosse: [(5, 5, 6, 3, 6)]
5 -> costo: 71100.6, rotte: {2: [(1, 5), (5, 2), (2, 9)], 4: [(1, 6), (6, 8)], 3: [(1, 6), (6, 7), (7, 10)], 5: [(1, 4), (4, 6), (6, 3)]}, padri: [4, 6, 18], figli: [], mosse: [(3, 3, 6, 7, 15), (5, 5, 6, 3, 6), (3, 3, 7, 10, 2)]
6 -> costo: 71674.7, rotte: {2: [(1, 5), (5, 2), (2, 9)], 4: [(1, 6), (6, 8)], 3: [(1, 6), (6, 7), (7, 10)], 5: [(1, 3), (3, 4), (4, 6)]}, padri: [3, 7, 16], figli: [5], mosse: [(3, 3, 6, 7, 15), (3, 3, 7, 10, 2), (3, 5, 7, 10, 2)]
7 -> costo: 74391.1, rotte: {2: [(1, 5), (5, 2), (2, 9)], 4: [(1, 6), (6, 8)], 3: [(1, 10), (10, 6), (6, 7)], 5: [(1, 3), (3, 4), (4, 6)]}, padri: [2], figli: [8, 6, 16, 17, 18, 20], mosse: [(3, 3, 7, 6)]
8 -> costo: 71461.70000000001, rotte: {2: [(1, 5), (5, 2), (2, 9)], 4: [(1, 6), (6, 8)], 3: [(1, 6), (6, 7)], 5: [(1, 3), (3, 4), (4, 6), (6, 10)]}, padri: [7, 16, 19], figli: [9, 11, 11, 14, 14, 21, 23, 23], mosse: [(5, 3, 6, 10, 2), (5, 5, 6, 10, 2), (3, 3, 7, 6)]
9 -> costo: 70786.6, rotte: {2: [(1, 5), (5, 2), (2, 9)], 4: [(1, 6), (6, 8)], 3: [(1, 6), (6, 7)], 5: [(1, 4), (4, 6), (6, 3), (3, 10)]}, padri: [8, 15, 18, 20, 20, 20], figli: [10, 10, 12, 12], mosse: [(5, 5, 6, 3, 6), (5, 5, 4, 6, 9), (5, 3, 3, 10, 2), (3, 3, 7, 6), (3, 3, 1, 6, 3), (3, 3, 6, 7, 15)]
10 -> costo: 70210.4, rotte: {2: [(1, 5), (5, 2), (2, 9)], 4: [(1, 8)], 3: [(1, 6), (6, 7)], 5: [(1, 4), (4, 6), (6, 3), (3, 10)]}, padri: [9, 9, 11, 13, 21, 21, 21], figli: [], mosse: [(3, 4, 1, 6, 1), (3, 4, 7, 6, 1), (5, 5, 6, 3, 6), (5, 5, 4, 6, 9), (3, 3, 7, 6), (3, 3, 1, 6, 4), (3, 3, 6, 7, 15)]
11 -> costo: 70885.5, rotte: {2: [(1, 5), (5, 2), (2, 9)], 4: [(1, 8)], 3: [(1, 6), (6, 7)], 5: [(1, 3), (3, 4), (4, 6), (6, 10)]}, padri: [8, 8, 17, 22, 22, 22], figli: [10, 12, 15, 24], mosse: [(3, 4, 1, 6, 1), (3, 4, 7, 6, 1), (5, 5, 6, 10, 2), (3, 3, 7, 6), (3, 3, 1, 6, 4), (3, 3, 6, 7, 15)]
12 -> costo: 70800.3, rotte: {2: [(1, 5), (5, 2), (2, 9)], 4: [(1, 8)], 3: [(1, 6), (6, 7)], 5: [(1, 3), (3, 6), (6, 4), (4, 10)]}, padri: [11, 14, 14, 23], figli: [13], mosse: [(5, 5, 6, 4, 8), (3, 4, 1, 6, 1), (3, 4, 7, 6, 1), (3, 3, 7, 6)]
13 -> costo: 70300.09999999999, rotte: {2: [(1, 5), (5, 2), (2, 9)], 4: [(1, 8)], 3: [(1, 6), (6, 7)], 5: [(1, 6), (6, 4), (4, 3), (3, 10)]}, padri: [12, 15, 15, 24, 24, 24], figli: [10], mosse: [(5, 5, 4, 3, 6), (3, 4, 1, 6, 1), (3, 4, 7, 6, 1), (3, 3, 7, 6), (3, 3, 1, 6, 4), (3, 3, 6, 7, 15)]
14 -> costo: 71376.5, rotte: {2: [(1, 5), (5, 2), (2, 9)], 4: [(1, 6), (6, 8)], 3: [(1, 6), (6, 7)], 5: [(1, 3), (3, 6), (6, 4), (4, 10)]}, padri: [8], figli: [12, 12, 15, 15, 24, 24], mosse: [(5, 5, 6, 4, 8)]
15 -> costo: 70876.3, rotte: {2: [(1, 5), (5, 2), (2, 9)], 4: [(1, 6), (6, 8)], 3: [(1, 6), (6, 7)], 5: [(1, 6), (6, 4), (4, 3), (3, 10)]}, padri: [14], figli: [13, 13, 9, 21], mosse: [(5, 5, 4, 3, 6)]
16 -> costo: 73807.8, rotte: {2: [(1, 5), (5, 2), (2, 9)], 4: [(1, 6), (6, 8)], 3: [(1, 6), (6, 7)], 5: [(1, 10), (10, 3), (3, 4), (4, 6)]}, padri: [7], figli: [8, 6, 17, 17, 20], mosse: [(5, 3, 1, 10, 2)]
17 -> costo: 73231.59999999999, rotte: {2: [(1, 5), (5, 2), (2, 9)], 4: [(1, 8)], 3: [(1, 6), (6, 7)], 5: [(1, 10), (10, 3), (3, 4), (4, 6)]}, padri: [16, 16], figli: [11, 23], mosse: [(3, 4, 1, 6, 1), (3, 4, 7, 6, 1)]
18 -> costo: 73817.0, rotte: {2: [(1, 5), (5, 2), (2, 9)], 4: [(1, 6), (6, 8)], 3: [(1, 10), (10, 6), (6, 7)], 5: [(1, 4), (4, 6), (6, 3)]}, padri: [7], figli: [9, 5, 21], mosse: [(5, 5, 6, 3, 6)]
19 -> costo: 71936.30000000002, rotte: {2: [(1, 5), (5, 2), (2, 9)], 4: [(1, 6), (6, 8)], 3: [(1, 7), (7, 6)], 5: [(1, 3), (3, 4), (4, 6), (6, 10)]}, padri: [2], figli: [8, 20, 22], mosse: [(5, 3, 6, 10, 2)]
20 -> costo: 71261.2, rotte: {2: [(1, 5), (5, 2), (2, 9)], 4: [(1, 6), (6, 8)], 3: [(1, 7), (7, 6)], 5: [(1, 4), (4, 6), (6, 3), (3, 10)]}, padri: [19], figli: [9, 21, 21, 9, 9], mosse: [(5, 5, 6, 3, 6)]
21 -> costo: 70685.0, rotte: {2: [(1, 5), (5, 2), (2, 9)], 4: [(1, 8)], 3: [(1, 7), (7, 6)], 5: [(1, 4), (4, 6), (6, 3), (3, 10)]}, padri: [20, 20, 22], figli: [10, 10, 10], mosse: [(3, 4, 1, 6, 1), (3, 4, 7, 6, 1), (5, 5, 6, 3, 6)]
22 -> costo: 71360.1, rotte: {2: [(1, 5), (5, 2), (2, 9)], 4: [(1, 8)], 3: [(1, 7), (7, 6)], 5: [(1, 3), (3, 4), (4, 6), (6, 10)]}, padri: [19], figli: [11, 21, 11, 11, 23, 23, 23], mosse: [(3, 4, 1, 6, 1)]
23 -> costo: 71274.9, rotte: {2: [(1, 5), (5, 2), (2, 9)], 4: [(1, 8)], 3: [(1, 7), (7, 6)], 5: [(1, 3), (3, 6), (6, 4), (4, 10)]}, padri: [22], figli: [12, 24], mosse: [(5, 5, 6, 4, 8)]
24 -> costo: 70774.7, rotte: {2: [(1, 5), (5, 2), (2, 9)], 4: [(1, 8)], 3: [(1, 7), (7, 6)], 5: [(1, 6), (6, 4), (4, 3), (3, 10)]}, padri: [23], figli: [13, 13, 13], mosse: [(5, 5, 4, 3, 6)]
bestSolutionIndice: 10
10 -> costo: 70210.4, rotte: {2: [(1, 5), (5, 2), (2, 9)], 4: [(1, 8)], 3: [(1, 6), (6, 7)], 5: [(1, 4), (4, 6), (6, 3), (3, 10)]}, padri: [9, 9, 11, 13, 21, 21, 21], figli: [], mosse: [(3, 4, 1, 6, 1), (3, 4, 7, 6, 1), (5, 5, 6, 3, 6), (5, 5, 4, 6, 9), (3, 3, 7, 6), (3, 3, 1, 6, 4), (3, 3, 6, 7, 15)]
trasportoPalletDiGamma: {2: [(5, 11), (2, 3), (9, 1)], 4: [(8, 19)], 3: [(6, 4), (7, 15)], 5: [(4, 8), (6, 9), (3, 6), (10, 2)]}
itMosseLS: 57, itMosseTS: 50
time elapsed: 194.17s.


##########################################################################################
s: 1
dictSolutions[1]:
0 -> costo: 77660.8, rotte: {4: [(1, 5), (5, 2), (2, 7)], 3: [(1, 6), (6, 3), (3, 7)], 2: [(1, 10), (10, 4), (4, 7)], 5: [(1, 9), (9, 8), (8, 7)]}, padri: [-1], figli: [1, 5], mosse: [-1]
1 -> costo: 68075.40000000001, rotte: {4: [(1, 5), (5, 2), (2, 7)], 3: [(1, 6), (6, 3), (3, 7)], 2: [(1, 4), (4, 7)], 5: [(1, 10), (10, 9), (9, 8), (8, 7)]}, padri: [0], figli: [2, 4, 2, 2, 4, 4, 6, 6, 6], mosse: [(5, 2, 1, 10, 2)]
2 -> costo: 67963.80000000002, rotte: {4: [(1, 5), (5, 2), (2, 7)], 3: [(1, 6), (6, 7), (7, 3)], 2: [(1, 4), (4, 7)], 5: [(1, 10), (10, 9), (9, 8), (8, 7)]}, padri: [1, 1, 1, 5], figli: [3, 3, 3, 7, 7, 7, 15, 15, 15, 17, 17, 17], mosse: [(3, 3, 3, 7), (3, 3, 6, 7, 1), (3, 3, 7, 3, 6), (5, 2, 1, 10, 2)]
3 -> costo: 67893.30000000002, rotte: {4: [(1, 5), (5, 7), (7, 2)], 3: [(1, 6), (6, 7), (7, 3)], 2: [(1, 4), (4, 7)], 5: [(1, 10), (10, 9), (9, 8), (8, 7)]}, padri: [2, 2, 2, 4, 4, 4, 6, 10, 19, 19, 19, 21], figli: [], mosse: [(4, 4, 5, 7, 6), (4, 4, 2, 7), (4, 4, 7, 2, 3), (3, 3, 6, 7, 1), (3, 3, 3, 7), (3, 3, 7, 3, 6), (5, 2, 1, 10, 2), (5, 5, 1, 10, 2), (5, 5, 7, 8), (5, 5, 9, 8, 19), (5, 5, 8, 7, 3), (5, 5, 10, 9, 1)]
4 -> costo: 68004.90000000001, rotte: {4: [(1, 5), (5, 7), (7, 2)], 3: [(1, 6), (6, 3), (3, 7)], 2: [(1, 4), (4, 7)], 5: [(1, 10), (10, 9), (9, 8), (8, 7)]}, padri: [1, 1, 1], figli: [3, 3, 3, 7, 7, 7, 15, 15, 15, 17, 17, 17], mosse: [(4, 4, 2, 7), (4, 4, 5, 7, 6), (4, 4, 7, 2, 3)]
5 -> costo: 77549.2, rotte: {4: [(1, 5), (5, 2), (2, 7)], 3: [(1, 6), (6, 7), (7, 3)], 2: [(1, 10), (10, 4), (4, 7)], 5: [(1, 9), (9, 8), (8, 7)]}, padri: [0], figli: [2, 6], mosse: [(3, 3, 3, 7)]
6 -> costo: 77478.7, rotte: {4: [(1, 5), (5, 7), (7, 2)], 3: [(1, 6), (6, 7), (7, 3)], 2: [(1, 10), (10, 4), (4, 7)], 5: [(1, 9), (9, 8), (8, 7)]}, padri: [5], figli: [3, 7, 8, 10, 15, 17, 20], mosse: [(4, 4, 2, 7)]
7 -> costo: 67893.3, rotte: {4: [(1, 5), (5, 7), (7, 2)], 3: [(1, 6), (6, 7), (7, 3)], 2: [(1, 4), (4, 7)], 5: [(1, 9), (9, 10), (10, 8), (8, 7)]}, padri: [6, 10, 18, 18, 18], figli: [], mosse: [(5, 2, 9, 10, 2), (5, 5, 9, 10, 2), (5, 5, 7, 8), (5, 5, 10, 8, 19), (5, 5, 8, 7, 3)]
8 -> costo: 74762.3, rotte: {4: [(1, 5), (5, 7), (7, 2)], 3: [(1, 6), (6, 7), (7, 3)], 2: [(1, 4), (4, 7), (7, 10)], 5: [(1, 9), (9, 8), (8, 7)]}, padri: [6], figli: [9, 21], mosse: [(2, 2, 7, 10, 2)]
9 -> costo: 73075.1, rotte: {4: [(1, 5), (5, 7), (7, 2)], 3: [(1, 6), (6, 7), (7, 3)], 2: [(1, 4), (4, 7), (7, 10)], 5: [(1, 8), (8, 7), (7, 9)]}, padri: [8, 20], figli: [], mosse: [(5, 5, 7, 9, 1), (2, 2, 7, 10, 2)]
10 -> costo: 74762.3, rotte: {4: [(1, 5), (5, 7), (7, 2)], 3: [(1, 6), (6, 7), (7, 3)], 2: [(1, 4), (4, 7)], 5: [(1, 9), (9, 8), (8, 7), (7, 10)]}, padri: [6], figli: [11, 13, 14, 7, 3, 15, 17], mosse: [(5, 2, 7, 10, 2)]
11 -> costo: 66206.1, rotte: {4: [(1, 5), (5, 7), (7, 2)], 3: [(1, 6), (6, 7), (7, 3)], 2: [(1, 4), (4, 7)], 5: [(1, 8), (8, 7), (7, 10), (10, 9)]}, padri: [10, 13, 13, 13, 20, 21], figli: [12], mosse: [(5, 5, 10, 9, 1), (5, 5, 9, 10), (5, 5, 7, 10, 2), (5, 5, 10, 9, 1), (5, 2, 7, 10, 2), (5, 5, 7, 10, 2)]
12 -> costo: 65195.0, rotte: {4: [(1, 5), (5, 7), (7, 2)], 3: [(1, 6), (6, 7), (7, 3)], 2: [(1, 4), (4, 7)], 5: [(1, 7), (7, 8), (8, 10), (10, 9)]}, padri: [11, 14, 14, 14, 17], figli: [], mosse: [(5, 5, 7, 8, 19), (5, 5, 9, 10), (5, 5, 8, 10, 2), (5, 5, 10, 9, 1), (5, 5, 10, 9, 1)]
13 -> costo: 66441.1, rotte: {4: [(1, 5), (5, 7), (7, 2)], 3: [(1, 6), (6, 7), (7, 3)], 2: [(1, 4), (4, 7)], 5: [(1, 8), (8, 7), (7, 9), (9, 10)]}, padri: [10, 20, 21], figli: [11, 14, 11, 11, 18], mosse: [(5, 5, 7, 9, 1), (5, 2, 9, 10, 2), (5, 5, 9, 10, 2)]
14 -> costo: 65430.0, rotte: {4: [(1, 5), (5, 7), (7, 2)], 3: [(1, 6), (6, 7), (7, 3)], 2: [(1, 4), (4, 7)], 5: [(1, 7), (7, 8), (8, 9), (9, 10)]}, padri: [13, 17], figli: [12, 12, 12], mosse: [(5, 5, 7, 8, 19), (5, 5, 8, 9, 1)]
15 -> costo: 73075.1, rotte: {4: [(1, 5), (5, 7), (7, 2)], 3: [(1, 6), (6, 7), (7, 3)], 2: [(1, 4), (4, 7), (7, 9)], 5: [(1, 8), (8, 7), (7, 10)]}, padri: [2, 2, 2, 4, 4, 4, 6, 10], figli: [16], mosse: [(2, 5, 7, 9, 1)]
16 -> costo: 72064.00000000001, rotte: {4: [(1, 5), (5, 7), (7, 2)], 3: [(1, 6), (6, 7), (7, 3)], 2: [(1, 4), (4, 7), (7, 9)], 5: [(1, 7), (7, 8), (8, 10)]}, padri: [15, 17], figli: [], mosse: [(5, 5, 7, 8, 19), (2, 5, 7, 9, 1)]
17 -> costo: 74760.4, rotte: {4: [(1, 5), (5, 7), (7, 2)], 3: [(1, 6), (6, 7), (7, 3)], 2: [(1, 4), (4, 7)], 5: [(1, 9), (9, 7), (7, 8), (8, 10)]}, padri: [10], figli: [12, 14, 18, 19, 16], mosse: [(5, 5, 7, 8, 19)]
18 -> costo: 69009.8, rotte: {4: [(1, 5), (5, 7), (7, 2)], 3: [(1, 6), (6, 7), (7, 3)], 2: [(1, 4), (4, 7)], 5: [(1, 9), (9, 10), (10, 7), (7, 8)]}, padri: [17], figli: [7, 7, 7], mosse: [(5, 5, 9, 10, 2)]
19 -> costo: 69009.8, rotte: {4: [(1, 5), (5, 7), (7, 2)], 3: [(1, 6), (6, 7), (7, 3)], 2: [(1, 4), (4, 7)], 5: [(1, 10), (10, 9), (9, 7), (7, 8)]}, padri: [17], figli: [3, 3, 3], mosse: [(5, 5, 1, 10, 2)]
20 -> costo: 75791.5, rotte: {4: [(1, 5), (5, 7), (7, 2)], 3: [(1, 6), (6, 7), (7, 3)], 2: [(1, 10), (10, 4), (4, 7)], 5: [(1, 8), (8, 7), (7, 9)]}, padri: [6], figli: [11, 13, 9, 21], mosse: [(5, 5, 7, 9, 1)]
21 -> costo: 74527.30000000002, rotte: {4: [(1, 5), (5, 7), (7, 2)], 3: [(1, 6), (6, 7), (7, 3)], 2: [(1, 4), (4, 7)], 5: [(1, 10), (10, 8), (8, 7), (7, 9)]}, padri: [20], figli: [11, 13, 3], mosse: [(5, 2, 1, 10, 2)]
bestSolutionIndice: 12
12 -> costo: 65195.0, rotte: {4: [(1, 5), (5, 7), (7, 2)], 3: [(1, 6), (6, 7), (7, 3)], 2: [(1, 4), (4, 7)], 5: [(1, 7), (7, 8), (8, 10), (10, 9)]}, padri: [11, 14, 14, 14, 17], figli: [], mosse: [(5, 5, 7, 8, 19), (5, 5, 9, 10), (5, 5, 8, 10, 2), (5, 5, 10, 9, 1), (5, 5, 10, 9, 1)]
trasportoPalletDiGamma: {4: [(5, 11), (7, 6), (2, 3)], 3: [(6, 13), (7, 1), (3, 6)], 2: [(4, 8), (7, 5)], 5: [(7, 3), (8, 19), (10, 2), (9, 1)]}
itMosseLS: 55, itMosseTS: 50
time elapsed: 180.03s.


##########################################################################################
s: 1
dictSolutions[1]:
0 -> costo: 81626.4, rotte: {5: [(1, 4), (4, 10), (10, 3), (3, 8)], 3: [(1, 6), (6, 8)], 2: [(1, 7)], 4: [(1, 2), (2, 9), (9, 5), (5, 8)]}, padri: [-1], figli: [1], mosse: [-1]
1 -> costo: 76426.5, rotte: {5: [(1, 4), (4, 3), (3, 8), (8, 10)], 3: [(1, 6), (6, 8)], 2: [(1, 7)], 4: [(1, 2), (2, 9), (9, 5), (5, 8)]}, padri: [0], figli: [2, 14, 16, 17], mosse: [(5, 5, 8, 10, 2)]
2 -> costo: 75522.30000000002, rotte: {5: [(1, 4), (4, 3), (3, 8), (8, 10)], 3: [(1, 6), (6, 8)], 2: [(1, 7)], 4: [(1, 2), (2, 9), (9, 8), (8, 5)]}, padri: [1], figli: [3, 9, 10, 11, 12, 14, 15], mosse: [(4, 4, 5, 8)]
3 -> costo: 71680.3, rotte: {5: [(1, 4), (4, 3), (3, 8), (8, 10)], 3: [(1, 6), (6, 8)], 2: [(1, 7)], 4: [(1, 2), (2, 8), (8, 5), (5, 9)]}, padri: [2, 10, 15], figli: [4, 7, 8, 13], mosse: [(4, 4, 5, 9, 1), (4, 4, 5, 9, 1), (4, 4, 9, 5)]
4 -> costo: 71392.0, rotte: {5: [(1, 4), (4, 3), (3, 8), (8, 10)], 3: [(1, 6), (6, 8)], 2: [(1, 7)], 4: [(1, 2), (2, 5), (5, 8), (8, 9)]}, padri: [3, 7, 15, 17], figli: [5, 6], mosse: [(4, 4, 5, 8, 3), (4, 4, 5, 8, 3), (4, 4, 2, 5, 11), (4, 4, 8, 9, 1)]
5 -> costo: 70179.4, rotte: {5: [(1, 4), (4, 3), (3, 8), (8, 10)], 3: [(1, 6), (6, 8)], 2: [(1, 7)], 4: [(1, 5), (5, 2), (2, 8), (8, 9)]}, padri: [4, 6, 8, 12, 15, 16], figli: [], mosse: [(4, 4, 5, 2, 3), (4, 4, 2, 8, 3), (4, 4, 2, 8, 3), (4, 4, 9, 8), (4, 4, 1, 5, 11), (4, 4, 8, 9, 1)]
6 -> costo: 70484.8, rotte: {5: [(1, 4), (4, 3), (3, 8), (8, 10)], 3: [(1, 6), (6, 8)], 2: [(1, 7)], 4: [(1, 5), (5, 8), (8, 2), (2, 9)]}, padri: [4, 8, 12, 13, 14], figli: [5], mosse: [(4, 4, 8, 2, 3), (4, 4, 5, 8, 3), (4, 4, 5, 8, 3), (4, 4, 2, 9, 1), (4, 4, 2, 9, 1)]
7 -> costo: 71659.4, rotte: {5: [(1, 4), (4, 3), (3, 8), (8, 10)], 3: [(1, 6), (6, 8)], 2: [(1, 7)], 4: [(1, 8), (8, 2), (2, 5), (5, 9)]}, padri: [3, 8, 9], figli: [4], mosse: [(4, 4, 8, 2, 3), (4, 4, 2, 5, 11), (4, 4, 5, 9, 1)]
8 -> costo: 71676.50000000001, rotte: {5: [(1, 4), (4, 3), (3, 8), (8, 10)], 3: [(1, 6), (6, 8)], 2: [(1, 7)], 4: [(1, 8), (8, 5), (5, 2), (2, 9)]}, padri: [3, 11, 12], figli: [5, 6, 7], mosse: [(4, 4, 5, 2, 3), (4, 4, 2, 9, 1), (4, 4, 1, 8, 3)]
9 -> costo: 73556.8, rotte: {5: [(1, 4), (4, 3), (3, 8), (8, 10)], 3: [(1, 6), (6, 8)], 2: [(1, 7)], 4: [(1, 9), (9, 8), (8, 2), (2, 5)]}, padri: [2, 10, 11, 11, 11, 13, 14, 17], figli: [7], mosse: [(4, 4, 8, 2, 3), (4, 4, 8, 2, 3), (4, 4, 5, 2), (4, 4, 8, 2, 3), (4, 4, 2, 5, 11), (4, 4, 2, 5, 11), (4, 4, 2, 5, 11), (4, 4, 9, 8, 3)]
10 -> costo: 73862.2, rotte: {5: [(1, 4), (4, 3), (3, 8), (8, 10)], 3: [(1, 6), (6, 8)], 2: [(1, 7)], 4: [(1, 9), (9, 2), (2, 8), (8, 5)]}, padri: [2, 11, 16, 17, 17], figli: [3, 9], mosse: [(4, 4, 9, 2, 3), (4, 4, 9, 2, 3), (4, 4, 8, 5, 11), (4, 4, 5, 8), (4, 4, 2, 8, 3)]
11 -> costo: 74027.40000000001, rotte: {5: [(1, 4), (4, 3), (3, 8), (8, 10)], 3: [(1, 6), (6, 8)], 2: [(1, 7)], 4: [(1, 9), (9, 8), (8, 5), (5, 2)]}, padri: [2, 13, 14, 16], figli: [9, 8, 9, 9, 10, 13], mosse: [(4, 4, 5, 2, 3), (4, 4, 8, 5, 11), (4, 4, 8, 5, 11), (4, 4, 9, 8, 3)]
12 -> costo: 74929.60000000002, rotte: {5: [(1, 4), (4, 3), (3, 8), (8, 10)], 3: [(1, 6), (6, 8)], 2: [(1, 7)], 4: [(1, 5), (5, 2), (2, 9), (9, 8)]}, padri: [2], figli: [5, 6, 8, 13], mosse: [(4, 4, 1, 5, 11)]
13 -> costo: 74763.20000000001, rotte: {5: [(1, 4), (4, 3), (3, 8), (8, 10)], 3: [(1, 6), (6, 8)], 2: [(1, 7)], 4: [(1, 5), (5, 9), (9, 8), (8, 2)]}, padri: [12], figli: [6, 9, 11, 14, 16], mosse: [(4, 4, 8, 2, 3)]
14 -> costo: 74311.69999999998, rotte: {5: [(1, 4), (4, 3), (3, 8), (8, 10)], 3: [(1, 6), (6, 8)], 2: [(1, 7)], 4: [(1, 9), (9, 5), (5, 8), (8, 2)]}, padri: [13, 1, 16, 16, 16], figli: [6, 9, 11], mosse: [(4, 4, 9, 5, 11), (4, 4, 8, 2, 3), (4, 4, 2, 8), (4, 4, 5, 8, 3), (4, 4, 8, 2, 3)]
15 -> costo: 75501.2, rotte: {5: [(1, 4), (4, 3), (3, 8), (8, 10)], 3: [(1, 6), (6, 8)], 2: [(1, 7)], 4: [(1, 2), (2, 8), (8, 9), (9, 5)]}, padri: [2], figli: [3, 5, 4], mosse: [(4, 4, 8, 9, 1)]
16 -> costo: 74461.0, rotte: {5: [(1, 4), (4, 3), (3, 8), (8, 10)], 3: [(1, 6), (6, 8)], 2: [(1, 7)], 4: [(1, 9), (9, 5), (5, 2), (2, 8)]}, padri: [1], figli: [14, 5, 10, 11, 14, 14], mosse: [(4, 4, 5, 2, 3)]
17 -> costo: 74482.09999999999, rotte: {5: [(1, 4), (4, 3), (3, 8), (8, 10)], 3: [(1, 6), (6, 8)], 2: [(1, 7)], 4: [(1, 9), (9, 2), (2, 5), (5, 8)]}, padri: [1], figli: [10, 4, 9, 10], mosse: [(4, 4, 9, 2, 3)]
bestSolutionIndice: 5
5 -> costo: 70179.4, rotte: {5: [(1, 4), (4, 3), (3, 8), (8, 10)], 3: [(1, 6), (6, 8)], 2: [(1, 7)], 4: [(1, 5), (5, 2), (2, 8), (8, 9)]}, padri: [4, 6, 8, 12, 15, 16], figli: [], mosse: [(4, 4, 5, 2, 3), (4, 4, 2, 8, 3), (4, 4, 2, 8, 3), (4, 4, 9, 8), (4, 4, 1, 5, 11), (4, 4, 8, 9, 1)]
trasportoPalletDiGamma: {5: [(4, 8), (3, 6), (8, 9), (10, 2)], 3: [(6, 13), (8, 7)], 2: [(7, 15)], 4: [(5, 11), (2, 3), (8, 3), (9, 1)]}
itMosseLS: 53, itMosseTS: 50
time elapsed: 263.07s.


