itNSIMax: 3, itMosseTSMax: 200.
##########################################################################################
s: 1
dictSolutions[1]:
0 -> costo: 80098.20000000001, rotte: {4: [(1, 9), (9, 3), (3, 10), (10, 2), (2, 7), (7, 8)], 2: [(1, 6), (6, 2)], 5: [(1, 5), (5, 7)], 3: [(1, 4), (4, 8)]}, padri: [-1], figli: [1, 9, 28, 54], mosse: [-1]
1 -> costo: 68216.3, rotte: {4: [(1, 9), (9, 10), (10, 2), (2, 3), (3, 7), (7, 8)], 2: [(1, 6), (6, 2)], 5: [(1, 5), (5, 7)], 3: [(1, 4), (4, 8)]}, padri: [0, 28], figli: [2, 2, 2, 2, 2, 2, 6, 6, 6, 6, 6, 6, 7, 8, 29], mosse: [(4, 4, 2, 3, 6), (4, 4, 2, 3, 6)]
2 -> costo: 67132.20000000001, rotte: {4: [(1, 9), (9, 10), (10, 2), (2, 3), (3, 7), (7, 8)], 2: [(1, 6)], 5: [(1, 5), (5, 7)], 3: [(1, 4), (4, 8)]}, padri: [1, 1, 1, 1, 1, 1, 29], figli: [3, 4, 5], mosse: [(4, 2, 1, 2, 2), (4, 2, 9, 2, 2), (4, 2, 10, 2, 2), (4, 2, 3, 2, 2), (4, 2, 7, 2, 2), (4, 2, 8, 2, 2), (4, 4, 2, 3, 6)]
3 -> costo: 66050.9, rotte: {4: [(1, 9), (9, 10), (10, 8), (8, 2), (2, 3), (3, 7)], 2: [(1, 6)], 5: [(1, 5), (5, 7)], 3: [(1, 4), (4, 8)]}, padri: [2, 4, 5, 6, 6, 6, 6, 6, 6, 11, 11, 11, 56], figli: [], mosse: [(4, 4, 10, 8, 7), (4, 4, 8, 2, 3), (4, 4, 8, 2, 3), (4, 2, 1, 2, 2), (4, 2, 9, 2, 2), (4, 2, 10, 2, 2), (4, 2, 8, 2, 2), (4, 2, 3, 2, 2), (4, 2, 7, 2, 2), (4, 4, 2, 3, 6), (4, 4, 3, 7, 1), (4, 4, 7, 3), (4, 4, 2, 3, 6)]
4 -> costo: 66753.5, rotte: {4: [(1, 9), (9, 10), (10, 2), (2, 8), (8, 3), (3, 7)], 2: [(1, 6)], 5: [(1, 5), (5, 7)], 3: [(1, 4), (4, 8)]}, padri: [2, 7, 7, 7, 7, 7, 7, 12, 12, 12, 29], figli: [3, 5, 57], mosse: [(4, 4, 2, 8, 7), (4, 2, 1, 2, 2), (4, 2, 9, 2, 2), (4, 2, 10, 2, 2), (4, 2, 8, 2, 2), (4, 2, 3, 2, 2), (4, 2, 7, 2, 2), (4, 4, 7, 3), (4, 4, 8, 3, 6), (4, 4, 3, 7, 1), (4, 4, 3, 7, 1)]
5 -> costo: 66677.5, rotte: {4: [(1, 9), (9, 10), (10, 8), (8, 3), (3, 7), (7, 2)], 2: [(1, 6)], 5: [(1, 5), (5, 7)], 3: [(1, 4), (4, 8)]}, padri: [4, 8, 8, 8, 8, 8, 8, 56, 56, 56], figli: [3], mosse: [(4, 4, 7, 2, 3), (4, 2, 1, 2, 2), (4, 2, 9, 2, 2), (4, 2, 10, 2, 2), (4, 2, 8, 2, 2), (4, 2, 3, 2, 2), (4, 2, 7, 2, 2), (4, 4, 3, 7, 1), (4, 4, 7, 2, 3), (4, 4, 2, 7)]
6 -> costo: 67135.0, rotte: {4: [(1, 9), (9, 10), (10, 8), (8, 2), (2, 3), (3, 7)], 2: [(1, 6), (6, 2)], 5: [(1, 5), (5, 7)], 3: [(1, 4), (4, 8)]}, padri: [1, 7, 8, 19, 19, 19, 55], figli: [3, 3, 3, 3, 3, 3], mosse: [(4, 4, 10, 8, 7), (4, 4, 8, 2, 1), (4, 4, 8, 2, 1), (4, 4, 2, 3, 6), (4, 4, 3, 7, 1), (4, 4, 7, 3), (4, 4, 2, 3, 6)]
7 -> costo: 67837.6, rotte: {4: [(1, 9), (9, 10), (10, 2), (2, 8), (8, 3), (3, 7)], 2: [(1, 6), (6, 2)], 5: [(1, 5), (5, 7)], 3: [(1, 4), (4, 8)]}, padri: [1, 20, 20, 20, 28], figli: [4, 4, 4, 4, 4, 4, 6, 8], mosse: [(4, 4, 2, 8, 7), (4, 4, 7, 3), (4, 4, 8, 3, 6), (4, 4, 3, 7, 1), (4, 4, 3, 7, 1)]
8 -> costo: 67761.6, rotte: {4: [(1, 9), (9, 10), (10, 8), (8, 3), (3, 7), (7, 2)], 2: [(1, 6), (6, 2)], 5: [(1, 5), (5, 7)], 3: [(1, 4), (4, 8)]}, padri: [7, 55, 55, 55], figli: [5, 5, 5, 5, 5, 5, 6, 57, 57, 57, 57, 57, 57], mosse: [(4, 4, 7, 2, 1), (4, 4, 3, 7, 1), (4, 4, 7, 2, 1), (4, 4, 2, 7)]
9 -> costo: 68216.3, rotte: {4: [(1, 9), (9, 10), (10, 2), (2, 7), (7, 3), (3, 8)], 2: [(1, 6), (6, 2)], 5: [(1, 5), (5, 7)], 3: [(1, 4), (4, 8)]}, padri: [0], figli: [10, 14, 15, 16, 17, 18, 19, 20, 21, 33, 40, 47], mosse: [(4, 4, 7, 3, 6)]
10 -> costo: 67132.20000000001, rotte: {4: [(1, 9), (9, 10), (10, 2), (2, 7), (7, 3), (3, 8)], 2: [(1, 6)], 5: [(1, 5), (5, 7)], 3: [(1, 4), (4, 8)]}, padri: [9], figli: [11, 12, 13, 30, 31, 32], mosse: [(4, 2, 1, 2, 2)]
11 -> costo: 66364.9, rotte: {4: [(1, 9), (9, 10), (10, 8), (8, 2), (2, 7), (7, 3)], 2: [(1, 6)], 5: [(1, 5), (5, 7)], 3: [(1, 4), (4, 8)]}, padri: [10, 12, 13, 14, 15, 16, 17, 18, 19, 19, 19, 19, 19, 19, 22, 23, 24, 25, 26, 27, 30, 31, 32, 34, 35, 36, 37, 38, 39, 41, 42, 43, 44, 45, 46, 48, 49, 50, 51, 52, 53, 56, 57], figli: [3, 3, 3], mosse: [(4, 4, 10, 8, 7), (4, 4, 8, 2, 3), (4, 4, 8, 2, 3), (4, 4, 10, 8, 7), (4, 4, 10, 8, 7), (4, 4, 10, 8, 7), (4, 4, 10, 8, 7), (4, 4, 10, 8, 7), (4, 2, 1, 2, 2), (4, 2, 9, 2, 2), (4, 2, 10, 2, 2), (4, 2, 8, 2, 2), (4, 2, 7, 2, 2), (4, 2, 3, 2, 2), (4, 4, 8, 2, 3), (4, 4, 8, 2, 3), (4, 4, 8, 2, 3), (4, 4, 8, 2, 3), (4, 4, 8, 2, 3), (4, 4, 8, 2, 3), (4, 4, 10, 8, 7), (4, 4, 10, 8, 7), (4, 4, 10, 8, 7), (4, 4, 10, 8, 7), (4, 4, 10, 8, 7), (4, 4, 10, 8, 7), (4, 4, 10, 8, 7), (4, 4, 10, 8, 7), (4, 4, 10, 8, 7), (4, 4, 10, 8, 7), (4, 4, 10, 8, 7), (4, 4, 10, 8, 7), (4, 4, 10, 8, 7), (4, 4, 10, 8, 7), (4, 4, 10, 8, 7), (4, 4, 10, 8, 7), (4, 4, 10, 8, 7), (4, 4, 10, 8, 7), (4, 4, 10, 8, 7), (4, 4, 10, 8, 7), (4, 4, 10, 8, 7), (4, 4, 7, 3, 6), (4, 4, 8, 2, 3)]
12 -> costo: 67067.5, rotte: {4: [(1, 9), (9, 10), (10, 2), (2, 8), (8, 7), (7, 3)], 2: [(1, 6)], 5: [(1, 5), (5, 7)], 3: [(1, 4), (4, 8)]}, padri: [10, 14, 15, 16, 17, 18, 20, 20, 20, 20, 20, 20, 29, 30, 31, 32, 34, 35, 36, 37, 38, 39, 41, 42, 43, 44, 45, 46, 48, 49, 50, 51, 52, 53], figli: [11, 13, 4, 4, 4], mosse: [(4, 4, 2, 8, 7), (4, 4, 2, 8, 7), (4, 4, 2, 8, 7), (4, 4, 2, 8, 7), (4, 4, 2, 8, 7), (4, 4, 2, 8, 7), (4, 2, 1, 2, 2), (4, 2, 9, 2, 2), (4, 2, 10, 2, 2), (4, 2, 8, 2, 2), (4, 2, 7, 2, 2), (4, 2, 3, 2, 2), (4, 4, 8, 7, 1), (4, 4, 2, 8, 7), (4, 4, 2, 8, 7), (4, 4, 2, 8, 7), (4, 4, 2, 8, 7), (4, 4, 2, 8, 7), (4, 4, 2, 8, 7), (4, 4, 2, 8, 7), (4, 4, 2, 8, 7), (4, 4, 2, 8, 7), (4, 4, 2, 8, 7), (4, 4, 2, 8, 7), (4, 4, 2, 8, 7), (4, 4, 2, 8, 7), (4, 4, 2, 8, 7), (4, 4, 2, 8, 7), (4, 4, 2, 8, 7), (4, 4, 2, 8, 7), (4, 4, 2, 8, 7), (4, 4, 2, 8, 7), (4, 4, 2, 8, 7), (4, 4, 2, 8, 7)]
13 -> costo: 66677.5, rotte: {4: [(1, 9), (9, 10), (10, 8), (8, 7), (7, 3), (3, 2)], 2: [(1, 6)], 5: [(1, 5), (5, 7)], 3: [(1, 4), (4, 8)]}, padri: [10, 12], figli: [11], mosse: [(4, 4, 3, 2, 3)]
14 -> costo: 67132.20000000001, rotte: {4: [(1, 9), (9, 10), (10, 2), (2, 7), (7, 3), (3, 8)], 2: [(1, 6)], 5: [(1, 5), (5, 7)], 3: [(1, 4), (4, 8)]}, padri: [9], figli: [11, 12, 30, 31, 32], mosse: [(4, 2, 9, 2, 2)]
15 -> costo: 67132.20000000001, rotte: {4: [(1, 9), (9, 10), (10, 2), (2, 7), (7, 3), (3, 8)], 2: [(1, 6)], 5: [(1, 5), (5, 7)], 3: [(1, 4), (4, 8)]}, padri: [9], figli: [11, 12, 30, 31, 32], mosse: [(4, 2, 10, 2, 2)]
16 -> costo: 67132.20000000001, rotte: {4: [(1, 9), (9, 10), (10, 2), (2, 7), (7, 3), (3, 8)], 2: [(1, 6)], 5: [(1, 5), (5, 7)], 3: [(1, 4), (4, 8)]}, padri: [9], figli: [11, 12, 30, 31, 32], mosse: [(4, 2, 7, 2, 2)]
17 -> costo: 67132.20000000001, rotte: {4: [(1, 9), (9, 10), (10, 2), (2, 7), (7, 3), (3, 8)], 2: [(1, 6)], 5: [(1, 5), (5, 7)], 3: [(1, 4), (4, 8)]}, padri: [9], figli: [11, 12, 30, 31, 32], mosse: [(4, 2, 3, 2, 2)]
18 -> costo: 67132.20000000001, rotte: {4: [(1, 9), (9, 10), (10, 2), (2, 7), (7, 3), (3, 8)], 2: [(1, 6)], 5: [(1, 5), (5, 7)], 3: [(1, 4), (4, 8)]}, padri: [9], figli: [11, 12, 30, 31, 32], mosse: [(4, 2, 8, 2, 2)]
19 -> costo: 67449.0, rotte: {4: [(1, 9), (9, 10), (10, 8), (8, 2), (2, 7), (7, 3)], 2: [(1, 6), (6, 2)], 5: [(1, 5), (5, 7)], 3: [(1, 4), (4, 8)]}, padri: [9, 20, 21, 33, 40, 47, 55], figli: [11, 11, 11, 11, 11, 11, 6, 6, 6], mosse: [(4, 4, 10, 8, 7), (4, 4, 8, 2, 1), (4, 4, 8, 2, 1), (4, 4, 10, 8, 7), (4, 4, 10, 8, 7), (4, 4, 10, 8, 7), (4, 4, 7, 3, 6)]
20 -> costo: 68151.6, rotte: {4: [(1, 9), (9, 10), (10, 2), (2, 8), (8, 7), (7, 3)], 2: [(1, 6), (6, 2)], 5: [(1, 5), (5, 7)], 3: [(1, 4), (4, 8)]}, padri: [9, 28, 33, 40, 47], figli: [12, 12, 12, 12, 12, 12, 19, 21, 7, 7, 7, 29, 29, 29, 30, 30, 30, 30, 30, 30, 31, 31, 31, 31, 31, 31, 32, 32, 32, 32, 32, 32], mosse: [(4, 4, 2, 8, 7), (4, 4, 8, 7, 1), (4, 4, 2, 8, 7), (4, 4, 2, 8, 7), (4, 4, 2, 8, 7)]
21 -> costo: 67761.6, rotte: {4: [(1, 9), (9, 10), (10, 8), (8, 7), (7, 3), (3, 2)], 2: [(1, 6), (6, 2)], 5: [(1, 5), (5, 7)], 3: [(1, 4), (4, 8)]}, padri: [9, 20], figli: [22, 23, 24, 25, 26, 27, 19], mosse: [(4, 4, 3, 2, 1)]
22 -> costo: 66677.5, rotte: {4: [(1, 9), (9, 10), (10, 8), (8, 7), (7, 3), (3, 2)], 2: [(1, 6)], 5: [(1, 5), (5, 7)], 3: [(1, 4), (4, 8)]}, padri: [21], figli: [11], mosse: [(4, 2, 1, 2, 2)]
23 -> costo: 66677.5, rotte: {4: [(1, 9), (9, 10), (10, 8), (8, 7), (7, 3), (3, 2)], 2: [(1, 6)], 5: [(1, 5), (5, 7)], 3: [(1, 4), (4, 8)]}, padri: [21], figli: [11], mosse: [(4, 2, 9, 2, 2)]
24 -> costo: 66677.5, rotte: {4: [(1, 9), (9, 10), (10, 8), (8, 7), (7, 3), (3, 2)], 2: [(1, 6)], 5: [(1, 5), (5, 7)], 3: [(1, 4), (4, 8)]}, padri: [21], figli: [11], mosse: [(4, 2, 10, 2, 2)]
25 -> costo: 66677.5, rotte: {4: [(1, 9), (9, 10), (10, 8), (8, 7), (7, 3), (3, 2)], 2: [(1, 6)], 5: [(1, 5), (5, 7)], 3: [(1, 4), (4, 8)]}, padri: [21], figli: [11], mosse: [(4, 2, 8, 2, 2)]
26 -> costo: 66677.5, rotte: {4: [(1, 9), (9, 10), (10, 8), (8, 7), (7, 3), (3, 2)], 2: [(1, 6)], 5: [(1, 5), (5, 7)], 3: [(1, 4), (4, 8)]}, padri: [21], figli: [11], mosse: [(4, 2, 7, 2, 2)]
27 -> costo: 66677.5, rotte: {4: [(1, 9), (9, 10), (10, 8), (8, 7), (7, 3), (3, 2)], 2: [(1, 6)], 5: [(1, 5), (5, 7)], 3: [(1, 4), (4, 8)]}, padri: [21], figli: [11], mosse: [(4, 2, 3, 2, 2)]
28 -> costo: 68992.8, rotte: {4: [(1, 9), (9, 10), (10, 2), (2, 7), (7, 8), (8, 3)], 2: [(1, 6), (6, 2)], 5: [(1, 5), (5, 7)], 3: [(1, 4), (4, 8)]}, padri: [0], figli: [7, 29, 29, 29, 29, 29, 29, 20, 33, 40, 47, 1], mosse: [(4, 4, 8, 3, 6)]
29 -> costo: 67908.70000000001, rotte: {4: [(1, 9), (9, 10), (10, 2), (2, 7), (7, 8), (8, 3)], 2: [(1, 6)], 5: [(1, 5), (5, 7)], 3: [(1, 4), (4, 8)]}, padri: [28, 28, 28, 28, 28, 28], figli: [4, 12, 30, 31, 32, 2], mosse: [(4, 2, 1, 2, 2), (4, 2, 9, 2, 2), (4, 2, 10, 2, 2), (4, 2, 7, 2, 2), (4, 2, 8, 2, 2), (4, 2, 3, 2, 2)]
30 -> costo: 67132.20000000001, rotte: {4: [(1, 9), (9, 10), (10, 2), (2, 7), (7, 3), (3, 8)], 2: [(1, 6)], 5: [(1, 5), (5, 7)], 3: [(1, 4), (4, 8)]}, padri: [10, 14, 15, 16, 17, 18, 20, 20, 20, 20, 20, 20, 29], figli: [11, 12], mosse: [(4, 4, 7, 3, 6)]
31 -> costo: 67132.20000000001, rotte: {4: [(1, 9), (9, 10), (10, 2), (2, 7), (7, 3), (3, 8)], 2: [(1, 6)], 5: [(1, 5), (5, 7)], 3: [(1, 4), (4, 8)]}, padri: [10, 14, 15, 16, 17, 18, 20, 20, 20, 20, 20, 20, 29], figli: [11, 12], mosse: [(4, 4, 3, 8, 7)]
32 -> costo: 67132.20000000001, rotte: {4: [(1, 9), (9, 10), (10, 2), (2, 7), (7, 3), (3, 8)], 2: [(1, 6)], 5: [(1, 5), (5, 7)], 3: [(1, 4), (4, 8)]}, padri: [10, 14, 15, 16, 17, 18, 20, 20, 20, 20, 20, 20, 29], figli: [11, 12], mosse: [(4, 4, 8, 3)]
33 -> costo: 68216.3, rotte: {4: [(1, 9), (9, 10), (10, 2), (2, 7), (7, 3), (3, 8)], 2: [(1, 6), (6, 2)], 5: [(1, 5), (5, 7)], 3: [(1, 4), (4, 8)]}, padri: [9, 28], figli: [34, 35, 36, 37, 38, 39, 19, 20], mosse: [(4, 4, 7, 3, 6)]
34 -> costo: 67132.20000000001, rotte: {4: [(1, 9), (9, 10), (10, 2), (2, 7), (7, 3), (3, 8)], 2: [(1, 6)], 5: [(1, 5), (5, 7)], 3: [(1, 4), (4, 8)]}, padri: [33], figli: [11, 12], mosse: [(4, 2, 1, 2, 2)]
35 -> costo: 67132.20000000001, rotte: {4: [(1, 9), (9, 10), (10, 2), (2, 7), (7, 3), (3, 8)], 2: [(1, 6)], 5: [(1, 5), (5, 7)], 3: [(1, 4), (4, 8)]}, padri: [33], figli: [11, 12], mosse: [(4, 2, 9, 2, 2)]
36 -> costo: 67132.20000000001, rotte: {4: [(1, 9), (9, 10), (10, 2), (2, 7), (7, 3), (3, 8)], 2: [(1, 6)], 5: [(1, 5), (5, 7)], 3: [(1, 4), (4, 8)]}, padri: [33], figli: [11, 12], mosse: [(4, 2, 10, 2, 2)]
37 -> costo: 67132.20000000001, rotte: {4: [(1, 9), (9, 10), (10, 2), (2, 7), (7, 3), (3, 8)], 2: [(1, 6)], 5: [(1, 5), (5, 7)], 3: [(1, 4), (4, 8)]}, padri: [33], figli: [11, 12], mosse: [(4, 2, 7, 2, 2)]
38 -> costo: 67132.20000000001, rotte: {4: [(1, 9), (9, 10), (10, 2), (2, 7), (7, 3), (3, 8)], 2: [(1, 6)], 5: [(1, 5), (5, 7)], 3: [(1, 4), (4, 8)]}, padri: [33], figli: [11, 12], mosse: [(4, 2, 3, 2, 2)]
39 -> costo: 67132.20000000001, rotte: {4: [(1, 9), (9, 10), (10, 2), (2, 7), (7, 3), (3, 8)], 2: [(1, 6)], 5: [(1, 5), (5, 7)], 3: [(1, 4), (4, 8)]}, padri: [33], figli: [11, 12], mosse: [(4, 2, 8, 2, 2)]
40 -> costo: 68216.3, rotte: {4: [(1, 9), (9, 10), (10, 2), (2, 7), (7, 3), (3, 8)], 2: [(1, 6), (6, 2)], 5: [(1, 5), (5, 7)], 3: [(1, 4), (4, 8)]}, padri: [9, 28], figli: [41, 42, 43, 44, 45, 46, 19, 20], mosse: [(4, 4, 3, 8, 7)]
41 -> costo: 67132.20000000001, rotte: {4: [(1, 9), (9, 10), (10, 2), (2, 7), (7, 3), (3, 8)], 2: [(1, 6)], 5: [(1, 5), (5, 7)], 3: [(1, 4), (4, 8)]}, padri: [40], figli: [11, 12], mosse: [(4, 2, 1, 2, 2)]
42 -> costo: 67132.20000000001, rotte: {4: [(1, 9), (9, 10), (10, 2), (2, 7), (7, 3), (3, 8)], 2: [(1, 6)], 5: [(1, 5), (5, 7)], 3: [(1, 4), (4, 8)]}, padri: [40], figli: [11, 12], mosse: [(4, 2, 9, 2, 2)]
43 -> costo: 67132.20000000001, rotte: {4: [(1, 9), (9, 10), (10, 2), (2, 7), (7, 3), (3, 8)], 2: [(1, 6)], 5: [(1, 5), (5, 7)], 3: [(1, 4), (4, 8)]}, padri: [40], figli: [11, 12], mosse: [(4, 2, 10, 2, 2)]
44 -> costo: 67132.20000000001, rotte: {4: [(1, 9), (9, 10), (10, 2), (2, 7), (7, 3), (3, 8)], 2: [(1, 6)], 5: [(1, 5), (5, 7)], 3: [(1, 4), (4, 8)]}, padri: [40], figli: [11, 12], mosse: [(4, 2, 7, 2, 2)]
45 -> costo: 67132.20000000001, rotte: {4: [(1, 9), (9, 10), (10, 2), (2, 7), (7, 3), (3, 8)], 2: [(1, 6)], 5: [(1, 5), (5, 7)], 3: [(1, 4), (4, 8)]}, padri: [40], figli: [11, 12], mosse: [(4, 2, 3, 2, 2)]
46 -> costo: 67132.20000000001, rotte: {4: [(1, 9), (9, 10), (10, 2), (2, 7), (7, 3), (3, 8)], 2: [(1, 6)], 5: [(1, 5), (5, 7)], 3: [(1, 4), (4, 8)]}, padri: [40], figli: [11, 12], mosse: [(4, 2, 8, 2, 2)]
47 -> costo: 68216.3, rotte: {4: [(1, 9), (9, 10), (10, 2), (2, 7), (7, 3), (3, 8)], 2: [(1, 6), (6, 2)], 5: [(1, 5), (5, 7)], 3: [(1, 4), (4, 8)]}, padri: [9, 28], figli: [48, 49, 50, 51, 52, 53, 19, 20], mosse: [(4, 4, 8, 3)]
48 -> costo: 67132.20000000001, rotte: {4: [(1, 9), (9, 10), (10, 2), (2, 7), (7, 3), (3, 8)], 2: [(1, 6)], 5: [(1, 5), (5, 7)], 3: [(1, 4), (4, 8)]}, padri: [47], figli: [11, 12], mosse: [(4, 2, 1, 2, 2)]
49 -> costo: 67132.20000000001, rotte: {4: [(1, 9), (9, 10), (10, 2), (2, 7), (7, 3), (3, 8)], 2: [(1, 6)], 5: [(1, 5), (5, 7)], 3: [(1, 4), (4, 8)]}, padri: [47], figli: [11, 12], mosse: [(4, 2, 9, 2, 2)]
50 -> costo: 67132.20000000001, rotte: {4: [(1, 9), (9, 10), (10, 2), (2, 7), (7, 3), (3, 8)], 2: [(1, 6)], 5: [(1, 5), (5, 7)], 3: [(1, 4), (4, 8)]}, padri: [47], figli: [11, 12], mosse: [(4, 2, 10, 2, 2)]
51 -> costo: 67132.20000000001, rotte: {4: [(1, 9), (9, 10), (10, 2), (2, 7), (7, 3), (3, 8)], 2: [(1, 6)], 5: [(1, 5), (5, 7)], 3: [(1, 4), (4, 8)]}, padri: [47], figli: [11, 12], mosse: [(4, 2, 7, 2, 2)]
52 -> costo: 67132.20000000001, rotte: {4: [(1, 9), (9, 10), (10, 2), (2, 7), (7, 3), (3, 8)], 2: [(1, 6)], 5: [(1, 5), (5, 7)], 3: [(1, 4), (4, 8)]}, padri: [47], figli: [11, 12], mosse: [(4, 2, 3, 2, 2)]
53 -> costo: 67132.20000000001, rotte: {4: [(1, 9), (9, 10), (10, 2), (2, 7), (7, 3), (3, 8)], 2: [(1, 6)], 5: [(1, 5), (5, 7)], 3: [(1, 4), (4, 8)]}, padri: [47], figli: [11, 12], mosse: [(4, 2, 8, 2, 2)]
54 -> costo: 69092.70000000001, rotte: {4: [(1, 9), (9, 10), (10, 3), (3, 2), (2, 7), (7, 8)], 2: [(1, 6), (6, 2)], 5: [(1, 5), (5, 7)], 3: [(1, 4), (4, 8)]}, padri: [0], figli: [55], mosse: [(4, 4, 10, 3, 6)]
55 -> costo: 67976.20000000001, rotte: {4: [(1, 9), (9, 10), (10, 8), (8, 3), (3, 2), (2, 7)], 2: [(1, 6), (6, 2)], 5: [(1, 5), (5, 7)], 3: [(1, 4), (4, 8)]}, padri: [54], figli: [56, 56, 56, 56, 56, 56, 6, 19, 8, 8, 8], mosse: [(4, 4, 10, 8, 7)]
56 -> costo: 66892.1, rotte: {4: [(1, 9), (9, 10), (10, 8), (8, 3), (3, 2), (2, 7)], 2: [(1, 6)], 5: [(1, 5), (5, 7)], 3: [(1, 4), (4, 8)]}, padri: [55, 55, 55, 55, 55, 55], figli: [3, 11, 5, 5, 5, 57, 57, 57], mosse: [(4, 2, 1, 2, 2), (4, 2, 9, 2, 2), (4, 2, 10, 2, 2), (4, 2, 8, 2, 2), (4, 2, 3, 2, 2), (4, 2, 7, 2, 2)]
57 -> costo: 66677.5, rotte: {4: [(1, 9), (9, 10), (10, 8), (8, 7), (7, 3), (3, 2)], 2: [(1, 6)], 5: [(1, 5), (5, 7)], 3: [(1, 4), (4, 8)]}, padri: [4, 8, 8, 8, 8, 8, 8, 56, 56, 56], figli: [11], mosse: [(4, 4, 8, 7, 1)]
bestSolutionIndice: 3
3 -> costo: 66050.9, rotte: {4: [(1, 9), (9, 10), (10, 8), (8, 2), (2, 3), (3, 7)], 2: [(1, 6)], 5: [(1, 5), (5, 7)], 3: [(1, 4), (4, 8)]}, padri: [2, 4, 5, 6, 6, 6, 6, 6, 6, 11, 11, 11, 56], figli: [], mosse: [(4, 4, 10, 8, 7), (4, 4, 8, 2, 3), (4, 4, 8, 2, 3), (4, 2, 1, 2, 2), (4, 2, 9, 2, 2), (4, 2, 10, 2, 2), (4, 2, 8, 2, 2), (4, 2, 3, 2, 2), (4, 2, 7, 2, 2), (4, 4, 2, 3, 6), (4, 4, 3, 7, 1), (4, 4, 7, 3), (4, 4, 2, 3, 6)]
trasportoPalletDiGamma: {4: [(9, 1), (10, 2), (8, 7), (2, 3), (3, 6), (7, 1)], 2: [(6, 13)], 5: [(5, 11), (7, 14)], 3: [(4, 8), (8, 12)]}
itMosseLS: 203, itMosseTS: 200
time elapsed: 612.92s.


##########################################################################################
s: 1
dictSolutions[1]:
0 -> costo: 80612.3, rotte: {4: [(1, 3), (3, 7)], 3: [(1, 4), (4, 5), (5, 6)], 5: [(1, 8), (8, 9), (9, 7), (7, 6)], 2: [(1, 2), (2, 10), (10, 6)]}, padri: [-1], figli: [1], mosse: [-1]
1 -> costo: 75688.3, rotte: {4: [(1, 3), (3, 7)], 3: [(1, 4), (4, 5), (5, 6)], 5: [(1, 8), (8, 9), (9, 7), (7, 6)], 2: [(1, 6), (6, 2), (2, 10)]}, padri: [0], figli: [2], mosse: [(2, 2, 1, 6, 10)]
2 -> costo: 73708.5, rotte: {4: [(1, 3), (3, 7)], 3: [(1, 4), (4, 5), (5, 6)], 5: [(1, 9), (9, 8), (8, 7), (7, 6)], 2: [(1, 6), (6, 2), (2, 10)]}, padri: [1], figli: [3], mosse: [(5, 5, 9, 8, 19)]
3 -> costo: 71808.30000000002, rotte: {4: [(1, 3), (3, 7)], 3: [(1, 4), (4, 5), (5, 6)], 5: [(1, 8), (8, 7), (7, 6), (6, 9)], 2: [(1, 6), (6, 2), (2, 10)]}, padri: [2], figli: [4, 32, 32, 32, 32, 34, 34, 34, 34, 35, 35, 35, 35, 34, 34, 36, 36, 36], mosse: [(5, 5, 6, 9, 1)]
4 -> costo: 70851.40000000001, rotte: {4: [(1, 3), (3, 7)], 3: [(1, 4), (4, 5), (5, 6)], 5: [(1, 7), (7, 6), (6, 8), (8, 9)], 2: [(1, 6), (6, 2), (2, 10)]}, padri: [3], figli: [5, 17, 17, 17, 17, 23, 23, 23, 23, 24, 24, 24, 24, 23, 23, 25, 25, 25, 27, 27, 27, 27, 29, 29, 29, 31, 31, 31, 33, 33, 33, 33, 37], mosse: [(5, 5, 6, 8, 19)]
5 -> costo: 70535.6, rotte: {4: [(1, 3), (3, 7)], 3: [(1, 4), (4, 5), (5, 6)], 5: [(1, 6), (6, 7), (7, 8), (8, 9)], 2: [(1, 6), (6, 2), (2, 10)]}, padri: [4], figli: [6, 6, 6, 6, 8, 8, 8, 8, 9, 9, 9, 9, 8, 8, 10, 10, 10, 12, 12, 12, 12, 14, 14, 14, 16, 16, 16, 18, 18, 18, 18, 26], mosse: [(5, 5, 6, 7, 1)]
6 -> costo: 70279.90000000001, rotte: {4: [(1, 3), (3, 7)], 3: [(1, 4), (4, 5)], 5: [(1, 6), (6, 7), (7, 8), (8, 9)], 2: [(1, 6), (6, 2), (2, 10)]}, padri: [5, 5, 5, 5, 8, 8, 8, 8, 11, 11, 11, 17], figli: [7, 7, 7], mosse: [(5, 3, 1, 6, 1), (5, 3, 7, 6, 1), (5, 3, 8, 6, 1), (5, 3, 9, 6, 1), (5, 3, 1, 6, 1), (5, 3, 7, 6, 1), (5, 3, 8, 6, 1), (5, 3, 9, 6, 1), (3, 3, 1, 4, 8), (3, 3, 4, 5, 11), (3, 3, 5, 4), (5, 5, 6, 7, 1)]
7 -> costo: 70265.6, rotte: {4: [(1, 7), (7, 3)], 3: [(1, 4), (4, 5)], 5: [(1, 6), (6, 7), (7, 8), (8, 9)], 2: [(1, 6), (6, 2), (2, 10)]}, padri: [6, 6, 6, 9, 9, 9, 9, 12, 12, 12, 14, 14, 14, 14, 22], figli: [], mosse: [(4, 4, 3, 7), (4, 4, 1, 7, 14), (4, 4, 7, 3, 6), (5, 3, 1, 6, 1), (5, 3, 7, 6, 1), (5, 3, 8, 6, 1), (5, 3, 9, 6, 1), (3, 3, 1, 4, 8), (3, 3, 4, 5, 11), (3, 3, 5, 4), (5, 3, 1, 6, 1), (5, 3, 7, 6, 1), (5, 3, 8, 6, 1), (5, 3, 9, 6, 1), (5, 5, 6, 7, 1)]
8 -> costo: 70436.40000000001, rotte: {4: [(1, 3), (3, 7)], 3: [(1, 4), (4, 6), (6, 5)], 5: [(1, 6), (6, 7), (7, 8), (8, 9)], 2: [(1, 6), (6, 2), (2, 10)]}, padri: [5, 5, 5, 16, 23], figli: [6, 6, 6, 6, 9, 9, 9, 9, 9, 9, 12, 12, 12, 12, 18, 18, 18, 18], mosse: [(3, 3, 4, 6, 1), (3, 3, 6, 5, 11), (3, 3, 5, 6), (3, 3, 6, 5, 11), (5, 5, 6, 7, 1)]
9 -> costo: 70422.1, rotte: {4: [(1, 7), (7, 3)], 3: [(1, 4), (4, 6), (6, 5)], 5: [(1, 6), (6, 7), (7, 8), (8, 9)], 2: [(1, 6), (6, 2), (2, 10)]}, padri: [8, 8, 8, 14, 14, 14, 15, 24], figli: [7, 7, 7, 7], mosse: [(4, 4, 3, 7), (4, 4, 1, 7, 14), (4, 4, 7, 3, 6), (3, 3, 4, 6, 1), (3, 3, 6, 5, 11), (3, 3, 5, 6), (3, 3, 6, 5, 11), (5, 5, 6, 7, 1)]
10 -> costo: 70480.8, rotte: {4: [(1, 3), (3, 7)], 3: [(1, 5), (5, 6), (6, 4)], 5: [(1, 6), (6, 7), (7, 8), (8, 9)], 2: [(1, 6), (6, 2), (2, 10)]}, padri: [5, 16, 16, 16, 25], figli: [11, 11, 11, 11, 13, 13, 13, 13, 13, 13, 15, 15, 15], mosse: [(3, 3, 6, 4, 8), (3, 3, 5, 6, 1), (3, 3, 6, 4, 8), (3, 3, 4, 6), (5, 5, 6, 7, 1)]
11 -> costo: 70324.3, rotte: {4: [(1, 3), (3, 7)], 3: [(1, 5), (5, 4)], 5: [(1, 6), (6, 7), (7, 8), (8, 9)], 2: [(1, 6), (6, 2), (2, 10)]}, padri: [10, 10, 10, 10, 16, 16, 16, 16, 26], figli: [6, 6, 6, 12, 12, 12, 12, 12, 18, 18, 18], mosse: [(5, 3, 1, 6, 1), (5, 3, 7, 6, 1), (5, 3, 8, 6, 1), (5, 3, 9, 6, 1), (5, 3, 1, 6, 1), (5, 3, 7, 6, 1), (5, 3, 8, 6, 1), (5, 3, 9, 6, 1), (5, 5, 6, 7, 1)]
12 -> costo: 70310.0, rotte: {4: [(1, 7), (7, 3)], 3: [(1, 5), (5, 4)], 5: [(1, 6), (6, 7), (7, 8), (8, 9)], 2: [(1, 6), (6, 2), (2, 10)]}, padri: [11, 11, 11, 13, 13, 13, 13, 15, 15, 15, 15, 27], figli: [7, 7, 7], mosse: [(4, 4, 3, 7), (4, 4, 1, 7, 14), (4, 4, 7, 3, 6), (5, 3, 1, 6, 1), (5, 3, 7, 6, 1), (5, 3, 8, 6, 1), (5, 3, 9, 6, 1), (5, 3, 1, 6, 1), (5, 3, 7, 6, 1), (5, 3, 8, 6, 1), (5, 3, 9, 6, 1), (5, 5, 6, 7, 1)]
13 -> costo: 70466.5, rotte: {4: [(1, 7), (7, 3)], 3: [(1, 5), (5, 6), (6, 4)], 5: [(1, 6), (6, 7), (7, 8), (8, 9)], 2: [(1, 6), (6, 2), (2, 10)]}, padri: [10, 10, 10, 14, 15, 15, 15, 28], figli: [12, 12, 12, 12], mosse: [(4, 4, 3, 7), (4, 4, 1, 7, 14), (4, 4, 7, 3, 6), (3, 3, 6, 4, 8), (3, 3, 5, 6, 1), (3, 3, 6, 4, 8), (3, 3, 4, 6), (5, 5, 6, 7, 1)]
14 -> costo: 70521.3, rotte: {4: [(1, 7), (7, 3)], 3: [(1, 4), (4, 5), (5, 6)], 5: [(1, 6), (6, 7), (7, 8), (8, 9)], 2: [(1, 6), (6, 2), (2, 10)]}, padri: [5, 5, 5, 29], figli: [7, 7, 7, 7, 9, 9, 9, 13, 15], mosse: [(4, 4, 3, 7), (4, 4, 1, 7, 14), (4, 4, 7, 3, 6), (5, 5, 6, 7, 1)]
15 -> costo: 70507.90000000001, rotte: {4: [(1, 7), (7, 3)], 3: [(1, 5), (5, 4), (4, 6)], 5: [(1, 6), (6, 7), (7, 8), (8, 9)], 2: [(1, 6), (6, 2), (2, 10)]}, padri: [14, 16, 16, 16, 30], figli: [12, 12, 12, 12, 9, 13, 13, 13], mosse: [(3, 3, 5, 4, 8), (4, 4, 3, 7), (4, 4, 1, 7, 14), (4, 4, 7, 3, 6), (5, 5, 6, 7, 1)]
16 -> costo: 70522.20000000001, rotte: {4: [(1, 3), (3, 7)], 3: [(1, 5), (5, 4), (4, 6)], 5: [(1, 6), (6, 7), (7, 8), (8, 9)], 2: [(1, 6), (6, 2), (2, 10)]}, padri: [5, 31], figli: [11, 11, 11, 11, 8, 10, 10, 10, 15, 15, 15, 26, 26, 26], mosse: [(3, 3, 5, 4, 8), (5, 5, 6, 7, 1)]
17 -> costo: 70595.70000000001, rotte: {4: [(1, 3), (3, 7)], 3: [(1, 4), (4, 5)], 5: [(1, 7), (7, 6), (6, 8), (8, 9)], 2: [(1, 6), (6, 2), (2, 10)]}, padri: [4, 4, 4, 4, 23, 23, 23, 23, 26, 26, 26, 32], figli: [6, 18, 22, 22, 22], mosse: [(5, 3, 1, 6, 1), (5, 3, 7, 6, 1), (5, 3, 8, 6, 1), (5, 3, 9, 6, 1), (5, 3, 1, 6, 1), (5, 3, 7, 6, 1), (5, 3, 8, 6, 1), (5, 3, 9, 6, 1), (3, 3, 1, 4, 8), (3, 3, 4, 5, 11), (3, 3, 5, 4), (5, 5, 6, 8, 19)]
18 -> costo: 70303.3, rotte: {4: [(1, 3), (3, 7)], 3: [(1, 4), (4, 5), (5, 7)], 5: [(1, 6), (6, 8), (8, 9)], 2: [(1, 6), (6, 2), (2, 10)]}, padri: [17], figli: [19, 21, 21, 21], mosse: [(3, 5, 5, 7, 1)]
19 -> costo: 70091.50000000001, rotte: {4: [(1, 3), (3, 7)], 3: [(1, 5), (5, 4), (4, 7)], 5: [(1, 6), (6, 8), (8, 9)], 2: [(1, 6), (6, 2), (2, 10)]}, padri: [18, 26], figli: [20, 20, 20], mosse: [(3, 3, 5, 4, 8), (3, 5, 4, 7, 1)]
20 -> costo: 70077.20000000001, rotte: {4: [(1, 7), (7, 3)], 3: [(1, 5), (5, 4), (4, 7)], 5: [(1, 6), (6, 8), (8, 9)], 2: [(1, 6), (6, 2), (2, 10)]}, padri: [19, 19, 19, 21, 27], figli: [], mosse: [(4, 4, 3, 7), (4, 4, 1, 7, 14), (4, 4, 7, 3, 6), (3, 3, 5, 4, 8), (3, 5, 4, 7, 1)]
21 -> costo: 70289.0, rotte: {4: [(1, 7), (7, 3)], 3: [(1, 4), (4, 5), (5, 7)], 5: [(1, 6), (6, 8), (8, 9)], 2: [(1, 6), (6, 2), (2, 10)]}, padri: [18, 18, 18, 22], figli: [20], mosse: [(4, 4, 3, 7), (4, 4, 1, 7, 14), (4, 4, 7, 3, 6), (3, 5, 5, 7, 1)]
22 -> costo: 70581.40000000001, rotte: {4: [(1, 7), (7, 3)], 3: [(1, 4), (4, 5)], 5: [(1, 7), (7, 6), (6, 8), (8, 9)], 2: [(1, 6), (6, 2), (2, 10)]}, padri: [17, 17, 17, 24, 24, 24, 24, 27, 27, 27, 29, 29, 29, 29, 33], figli: [7, 21], mosse: [(4, 4, 3, 7), (4, 4, 1, 7, 14), (4, 4, 7, 3, 6), (5, 3, 1, 6, 1), (5, 3, 7, 6, 1), (5, 3, 8, 6, 1), (5, 3, 9, 6, 1), (3, 3, 1, 4, 8), (3, 3, 4, 5, 11), (3, 3, 5, 4), (5, 3, 1, 6, 1), (5, 3, 7, 6, 1), (5, 3, 8, 6, 1), (5, 3, 9, 6, 1), (5, 5, 6, 8, 19)]
23 -> costo: 70752.20000000001, rotte: {4: [(1, 3), (3, 7)], 3: [(1, 4), (4, 6), (6, 5)], 5: [(1, 7), (7, 6), (6, 8), (8, 9)], 2: [(1, 6), (6, 2), (2, 10)]}, padri: [4, 4, 4, 31, 34], figli: [8, 17, 17, 17, 17, 24, 24, 24, 24, 24, 24, 27, 27, 27, 27, 33, 33, 33, 33], mosse: [(3, 3, 4, 6, 1), (3, 3, 6, 5, 11), (3, 3, 5, 6), (3, 3, 6, 5, 11), (5, 5, 6, 8, 19)]
24 -> costo: 70737.90000000001, rotte: {4: [(1, 7), (7, 3)], 3: [(1, 4), (4, 6), (6, 5)], 5: [(1, 7), (7, 6), (6, 8), (8, 9)], 2: [(1, 6), (6, 2), (2, 10)]}, padri: [23, 23, 23, 29, 29, 29, 30, 35], figli: [9, 22, 22, 22, 22], mosse: [(4, 4, 3, 7), (4, 4, 1, 7, 14), (4, 4, 7, 3, 6), (3, 3, 4, 6, 1), (3, 3, 6, 5, 11), (3, 3, 5, 6), (3, 3, 6, 5, 11), (5, 5, 6, 8, 19)]
25 -> costo: 70796.60000000002, rotte: {4: [(1, 3), (3, 7)], 3: [(1, 5), (5, 6), (6, 4)], 5: [(1, 7), (7, 6), (6, 8), (8, 9)], 2: [(1, 6), (6, 2), (2, 10)]}, padri: [4, 31, 31, 31, 36], figli: [10, 26, 26, 26, 26, 28, 28, 28, 28, 28, 28, 30, 30, 30], mosse: [(3, 3, 6, 4, 8), (3, 3, 5, 6, 1), (3, 3, 6, 4, 8), (3, 3, 4, 6), (5, 5, 6, 8, 19)]
26 -> costo: 70640.1, rotte: {4: [(1, 3), (3, 7)], 3: [(1, 5), (5, 4)], 5: [(1, 7), (7, 6), (6, 8), (8, 9)], 2: [(1, 6), (6, 2), (2, 10)]}, padri: [25, 25, 25, 25, 31, 31, 31, 31, 37], figli: [19, 11, 17, 17, 17, 27, 27, 27, 27, 27, 33, 33, 33], mosse: [(5, 3, 1, 6, 1), (5, 3, 7, 6, 1), (5, 3, 8, 6, 1), (5, 3, 9, 6, 1), (5, 3, 1, 6, 1), (5, 3, 7, 6, 1), (5, 3, 8, 6, 1), (5, 3, 9, 6, 1), (5, 5, 6, 8, 19)]
27 -> costo: 70625.8, rotte: {4: [(1, 7), (7, 3)], 3: [(1, 5), (5, 4)], 5: [(1, 7), (7, 6), (6, 8), (8, 9)], 2: [(1, 6), (6, 2), (2, 10)]}, padri: [26, 26, 26, 28, 28, 28, 28, 30, 30, 30, 30], figli: [20, 12, 22, 22, 22], mosse: [(4, 4, 3, 7), (4, 4, 1, 7, 14), (4, 4, 7, 3, 6), (5, 3, 1, 6, 1), (5, 3, 7, 6, 1), (5, 3, 8, 6, 1), (5, 3, 9, 6, 1), (5, 3, 1, 6, 1), (5, 3, 7, 6, 1), (5, 3, 8, 6, 1), (5, 3, 9, 6, 1)]
28 -> costo: 70782.30000000002, rotte: {4: [(1, 7), (7, 3)], 3: [(1, 5), (5, 6), (6, 4)], 5: [(1, 7), (7, 6), (6, 8), (8, 9)], 2: [(1, 6), (6, 2), (2, 10)]}, padri: [25, 25, 25, 29, 30, 30, 30], figli: [13, 27, 27, 27, 27], mosse: [(4, 4, 3, 7), (4, 4, 1, 7, 14), (4, 4, 7, 3, 6), (3, 3, 6, 4, 8), (3, 3, 5, 6, 1), (3, 3, 6, 4, 8), (3, 3, 4, 6)]
29 -> costo: 70837.1, rotte: {4: [(1, 7), (7, 3)], 3: [(1, 4), (4, 5), (5, 6)], 5: [(1, 7), (7, 6), (6, 8), (8, 9)], 2: [(1, 6), (6, 2), (2, 10)]}, padri: [4, 4, 4], figli: [14, 22, 22, 22, 22, 24, 24, 24, 28, 30], mosse: [(4, 4, 3, 7), (4, 4, 1, 7, 14), (4, 4, 7, 3, 6)]
30 -> costo: 70823.70000000001, rotte: {4: [(1, 7), (7, 3)], 3: [(1, 5), (5, 4), (4, 6)], 5: [(1, 7), (7, 6), (6, 8), (8, 9)], 2: [(1, 6), (6, 2), (2, 10)]}, padri: [29, 31, 31, 31], figli: [15, 27, 27, 27, 27, 24, 28, 28, 28], mosse: [(3, 3, 5, 4, 8), (4, 4, 3, 7), (4, 4, 1, 7, 14), (4, 4, 7, 3, 6)]
31 -> costo: 70838.00000000001, rotte: {4: [(1, 3), (3, 7)], 3: [(1, 5), (5, 4), (4, 6)], 5: [(1, 7), (7, 6), (6, 8), (8, 9)], 2: [(1, 6), (6, 2), (2, 10)]}, padri: [4], figli: [16, 26, 26, 26, 26, 23, 25, 25, 25, 30, 30, 30, 37, 37, 37], mosse: [(3, 3, 5, 4, 8)]
32 -> costo: 71552.6, rotte: {4: [(1, 3), (3, 7)], 3: [(1, 4), (4, 5)], 5: [(1, 8), (8, 7), (7, 6), (6, 9)], 2: [(1, 6), (6, 2), (2, 10)]}, padri: [3, 3, 3, 3, 34, 34, 34, 34, 37], figli: [17, 33, 33, 33], mosse: [(5, 3, 1, 6, 1), (5, 3, 8, 6, 1), (5, 3, 7, 6, 1), (5, 3, 9, 6, 1), (5, 3, 1, 6, 1), (5, 3, 8, 6, 1), (5, 3, 7, 6, 1), (5, 3, 9, 6, 1), (3, 3, 1, 4, 8)]
33 -> costo: 71538.30000000002, rotte: {4: [(1, 7), (7, 3)], 3: [(1, 4), (4, 5)], 5: [(1, 8), (8, 7), (7, 6), (6, 9)], 2: [(1, 6), (6, 2), (2, 10)]}, padri: [32, 32, 32, 35, 35, 35, 35], figli: [22], mosse: [(4, 4, 3, 7), (4, 4, 1, 7, 14), (4, 4, 7, 3, 6), (5, 3, 1, 6, 1), (5, 3, 8, 6, 1), (5, 3, 7, 6, 1), (5, 3, 9, 6, 1)]
34 -> costo: 71709.10000000002, rotte: {4: [(1, 3), (3, 7)], 3: [(1, 4), (4, 6), (6, 5)], 5: [(1, 8), (8, 7), (7, 6), (6, 9)], 2: [(1, 6), (6, 2), (2, 10)]}, padri: [3, 3, 3], figli: [23, 32, 32, 32, 32, 35, 35, 35, 35, 35, 35], mosse: [(3, 3, 4, 6, 1), (3, 3, 6, 5, 11), (3, 3, 5, 6)]
35 -> costo: 71694.80000000002, rotte: {4: [(1, 7), (7, 3)], 3: [(1, 4), (4, 6), (6, 5)], 5: [(1, 8), (8, 7), (7, 6), (6, 9)], 2: [(1, 6), (6, 2), (2, 10)]}, padri: [34, 34, 34], figli: [24, 33, 33, 33, 33], mosse: [(4, 4, 3, 7), (4, 4, 1, 7, 14), (4, 4, 7, 3, 6)]
36 -> costo: 71753.50000000001, rotte: {4: [(1, 3), (3, 7)], 3: [(1, 5), (5, 6), (6, 4)], 5: [(1, 8), (8, 7), (7, 6), (6, 9)], 2: [(1, 6), (6, 2), (2, 10)]}, padri: [3], figli: [25, 37], mosse: [(3, 3, 6, 4, 8)]
37 -> costo: 71597.00000000001, rotte: {4: [(1, 3), (3, 7)], 3: [(1, 5), (5, 4)], 5: [(1, 8), (8, 7), (7, 6), (6, 9)], 2: [(1, 6), (6, 2), (2, 10)]}, padri: [36], figli: [26, 32], mosse: [(5, 3, 1, 6, 1)]
bestSolutionIndice: 20
20 -> costo: 70077.20000000001, rotte: {4: [(1, 7), (7, 3)], 3: [(1, 5), (5, 4), (4, 7)], 5: [(1, 6), (6, 8), (8, 9)], 2: [(1, 6), (6, 2), (2, 10)]}, padri: [19, 19, 19, 21, 27], figli: [], mosse: [(4, 4, 3, 7), (4, 4, 1, 7, 14), (4, 4, 7, 3, 6), (3, 3, 5, 4, 8), (3, 5, 4, 7, 1)]
trasportoPalletDiGamma: {4: [(7, 14), (3, 6)], 3: [(5, 11), (4, 8), (7, 1)], 5: [(6, 3), (8, 19), (9, 1)], 2: [(6, 10), (2, 3), (10, 2)]}
itMosseLS: 206, itMosseTS: 200
time elapsed: 721.71s.


##########################################################################################
s: 1
dictSolutions[1]:
0 -> costo: 79504.80000000002, rotte: {4: [(1, 6), (6, 8)], 2: [(1, 3), (3, 5)], 5: [(1, 10), (10, 4), (4, 7)], 3: [(1, 2), (2, 9), (9, 8), (8, 5)]}, padri: [-1], figli: [1, 41], mosse: [-1]
1 -> costo: 69919.40000000001, rotte: {4: [(1, 6), (6, 8)], 2: [(1, 3), (3, 5)], 5: [(1, 4), (4, 7)], 3: [(1, 2), (2, 10), (10, 9), (9, 8), (8, 5)]}, padri: [0], figli: [2, 4, 6, 8, 8, 23, 23], mosse: [(3, 5, 2, 10, 2)]
2 -> costo: 67953.9, rotte: {4: [(1, 6), (6, 8)], 2: [(1, 3), (3, 5)], 5: [(1, 4), (4, 7)], 3: [(1, 10), (10, 9), (9, 8), (8, 2), (2, 5)]}, padri: [1, 4, 6, 6, 6, 31, 36], figli: [3, 3], mosse: [(3, 3, 8, 2, 3), (3, 3, 8, 2, 3), (3, 3, 8, 2, 3), (3, 3, 2, 5, 2), (3, 3, 5, 2), (3, 3, 2, 5, 2), (3, 3, 2, 5, 2)]
3 -> costo: 67260.5, rotte: {4: [(1, 6), (6, 8)], 2: [(1, 5), (5, 3)], 5: [(1, 4), (4, 7)], 3: [(1, 10), (10, 9), (9, 8), (8, 2), (2, 5)]}, padri: [2, 2, 5, 7, 7, 7, 8, 17, 22], figli: [], mosse: [(2, 2, 1, 5, 9), (2, 2, 5, 3, 6), (3, 3, 8, 2, 3), (3, 3, 8, 2, 3), (3, 3, 2, 5, 2), (3, 3, 5, 2), (3, 3, 8, 2, 3), (3, 3, 2, 5, 2), (3, 3, 2, 5, 2)]
4 -> costo: 68259.3, rotte: {4: [(1, 6), (6, 8)], 2: [(1, 3), (3, 5)], 5: [(1, 4), (4, 7)], 3: [(1, 10), (10, 9), (9, 2), (2, 8), (8, 5)]}, padri: [1, 6], figli: [5, 5, 2], mosse: [(3, 3, 9, 2, 3), (3, 3, 9, 2, 3)]
5 -> costo: 67565.90000000001, rotte: {4: [(1, 6), (6, 8)], 2: [(1, 5), (5, 3)], 5: [(1, 4), (4, 7)], 3: [(1, 10), (10, 9), (9, 2), (2, 8), (8, 5)]}, padri: [4, 4, 7, 8], figli: [3], mosse: [(2, 2, 1, 5, 9), (2, 2, 5, 3, 6), (3, 3, 9, 2, 3), (3, 3, 9, 2, 3)]
6 -> costo: 68424.5, rotte: {4: [(1, 6), (6, 8)], 2: [(1, 3), (3, 5)], 5: [(1, 4), (4, 7)], 3: [(1, 10), (10, 9), (9, 8), (8, 5), (5, 2)]}, padri: [1, 31, 36], figli: [7, 7, 7, 2, 2, 2, 4, 9, 9, 9, 22, 22, 22], mosse: [(3, 3, 5, 2, 3), (3, 3, 8, 5, 2), (3, 3, 8, 5, 2)]
7 -> costo: 67731.1, rotte: {4: [(1, 6), (6, 8)], 2: [(1, 5), (5, 3)], 5: [(1, 4), (4, 7)], 3: [(1, 10), (10, 9), (9, 8), (8, 5), (5, 2)]}, padri: [6, 6, 6, 8, 17, 22], figli: [3, 3, 3, 5], mosse: [(2, 2, 1, 5, 9), (2, 2, 5, 3, 6), (2, 2, 3, 5), (3, 3, 5, 2, 3), (3, 3, 8, 5, 2), (3, 3, 8, 5, 2)]
8 -> costo: 69226.00000000001, rotte: {4: [(1, 6), (6, 8)], 2: [(1, 5), (5, 3)], 5: [(1, 4), (4, 7)], 3: [(1, 2), (2, 10), (10, 9), (9, 8), (8, 5)]}, padri: [1, 1], figli: [3, 5, 7, 9, 22, 31], mosse: [(2, 2, 1, 5, 9), (2, 2, 5, 3, 6)]
9 -> costo: 68633.3, rotte: {4: [(1, 6), (6, 8)], 2: [(1, 5), (5, 3)], 5: [(1, 4), (4, 7)], 3: [(1, 5), (5, 2), (2, 10), (10, 9), (9, 8)]}, padri: [8, 23, 23, 23], figli: [10, 11, 12, 14, 15, 17, 25, 29, 36, 86], mosse: [(3, 3, 1, 5, 2), (2, 2, 1, 5, 9), (2, 2, 5, 3, 6), (2, 2, 3, 5)]
10 -> costo: 63883.1, rotte: {4: [(1, 6), (6, 8)], 2: [(1, 5), (5, 3)], 5: [(1, 4), (4, 7)], 3: [(1, 5), (5, 2), (2, 8), (8, 10), (10, 9)]}, padri: [9, 11, 14, 16, 24, 24, 24, 84, 84, 84], figli: [], mosse: [(3, 3, 2, 8, 12), (3, 3, 2, 8, 12), (3, 3, 2, 8, 12), (3, 3, 5, 2, 3), (2, 2, 1, 5, 9), (2, 2, 5, 3, 6), (2, 2, 3, 5), (3, 3, 8, 10, 2), (3, 3, 10, 9, 1), (3, 3, 9, 10)]
11 -> costo: 64188.5, rotte: {4: [(1, 6), (6, 8)], 2: [(1, 5), (5, 3)], 5: [(1, 4), (4, 7)], 3: [(1, 5), (5, 8), (8, 2), (2, 10), (10, 9)]}, padri: [9, 14, 16, 26, 26, 26, 85, 85, 85], figli: [10, 12, 25], mosse: [(3, 3, 5, 8, 12), (3, 3, 5, 8, 12), (3, 3, 8, 2, 3), (2, 2, 1, 5, 9), (2, 2, 5, 3, 6), (2, 2, 3, 5), (3, 3, 2, 10, 2), (3, 3, 10, 9, 1), (3, 3, 9, 10)]
12 -> costo: 64160.0, rotte: {4: [(1, 6), (6, 8)], 2: [(1, 5), (5, 3)], 5: [(1, 5), (5, 4), (4, 7)], 3: [(1, 8), (8, 2), (2, 10), (10, 9)]}, padri: [11, 27, 27, 27, 40], figli: [13], mosse: [(5, 3, 1, 5, 2), (2, 2, 1, 5, 9), (2, 2, 5, 3, 6), (2, 2, 3, 5), (3, 3, 1, 8, 12)]
13 -> costo: 63875.5, rotte: {4: [(1, 6), (6, 8)], 2: [(1, 5), (5, 3)], 5: [(1, 5), (5, 4), (4, 7)], 3: [(1, 2), (2, 8), (8, 10), (10, 9)]}, padri: [12, 25, 25, 40, 87], figli: [], mosse: [(3, 3, 2, 8, 12), (2, 2, 1, 5, 9), (2, 2, 5, 3, 6), (3, 3, 2, 8, 12), (3, 3, 8, 10, 2)]
14 -> costo: 65380.200000000004, rotte: {4: [(1, 6), (6, 8)], 2: [(1, 5), (5, 3)], 5: [(1, 4), (4, 7)], 3: [(1, 8), (8, 5), (5, 2), (2, 10), (10, 9)]}, padri: [9, 28, 28, 28], figli: [10, 11, 15, 25, 30, 86], mosse: [(3, 3, 1, 8, 12), (2, 2, 1, 5, 9), (2, 2, 5, 3, 6), (2, 2, 3, 5)]
15 -> costo: 65363.1, rotte: {4: [(1, 6), (6, 8)], 2: [(1, 5), (5, 3)], 5: [(1, 4), (4, 7)], 3: [(1, 8), (8, 2), (2, 5), (5, 10), (10, 9)]}, padri: [14, 29, 29, 29], figli: [16], mosse: [(3, 3, 2, 5, 2), (2, 2, 1, 5, 9), (2, 2, 5, 3, 6), (2, 2, 3, 5)]
16 -> costo: 65095.7, rotte: {4: [(1, 6), (6, 8)], 2: [(1, 5), (5, 3)], 5: [(1, 4), (4, 7)], 3: [(1, 2), (2, 5), (5, 8), (8, 10), (10, 9)]}, padri: [15, 30, 30, 30], figli: [10, 11, 25, 86], mosse: [(3, 3, 5, 8, 12), (2, 2, 1, 5, 9), (2, 2, 5, 3, 6), (2, 2, 3, 5)]
17 -> costo: 68466.90000000001, rotte: {4: [(1, 6), (6, 8)], 2: [(1, 5), (5, 3)], 5: [(1, 4), (4, 7)], 3: [(1, 5), (5, 10), (10, 9), (9, 8), (8, 2)]}, padri: [9, 31, 31, 31], figli: [18, 19, 20, 21, 3, 7, 22], mosse: [(3, 3, 8, 2, 3), (2, 2, 1, 5, 9), (2, 2, 5, 3, 6), (2, 2, 3, 5)]
18 -> costo: 66510.90000000001, rotte: {4: [(1, 6), (6, 8)], 2: [(1, 5), (5, 3)], 5: [(1, 5), (5, 4), (4, 7)], 3: [(1, 10), (10, 9), (9, 8), (8, 2)]}, padri: [17, 19, 20, 32, 32, 32, 39, 39, 39, 40], figli: [], mosse: [(5, 3, 1, 5, 2), (5, 5, 5, 4, 8), (5, 5, 1, 5, 2), (2, 2, 1, 5, 9), (2, 2, 5, 3, 6), (2, 2, 3, 5), (3, 3, 9, 8, 12), (3, 3, 8, 2, 3), (3, 3, 2, 8), (3, 3, 8, 2, 3)]
19 -> costo: 66722.7, rotte: {4: [(1, 6), (6, 8)], 2: [(1, 5), (5, 3)], 5: [(1, 4), (4, 5), (5, 7)], 3: [(1, 10), (10, 9), (9, 8), (8, 2)]}, padri: [17, 20, 20, 20, 21, 33, 33, 33], figli: [18], mosse: [(5, 3, 4, 5, 2), (5, 5, 7, 5), (5, 5, 4, 5, 2), (5, 5, 5, 7, 15), (5, 5, 5, 7, 15), (2, 2, 1, 5, 9), (2, 2, 5, 3, 6), (2, 2, 3, 5)]
20 -> costo: 67198.8, rotte: {4: [(1, 6), (6, 8)], 2: [(1, 5), (5, 3)], 5: [(1, 4), (4, 7), (7, 5)], 3: [(1, 10), (10, 9), (9, 8), (8, 2)]}, padri: [17, 34, 34], figli: [18, 19, 19, 19, 21, 21, 21], mosse: [(5, 3, 7, 5, 2), (2, 2, 1, 5, 9), (2, 2, 5, 3, 6)]
21 -> costo: 67198.0, rotte: {4: [(1, 6), (6, 8)], 2: [(1, 5), (5, 3)], 5: [(1, 7), (7, 4), (4, 5)], 3: [(1, 10), (10, 9), (9, 8), (8, 2)]}, padri: [20, 35, 35], figli: [19], mosse: [(5, 5, 7, 4, 8), (2, 2, 1, 5, 9), (2, 2, 5, 3, 6)]
22 -> costo: 68015.4, rotte: {4: [(1, 6), (6, 8)], 2: [(1, 5), (5, 3)], 5: [(1, 4), (4, 7)], 3: [(1, 10), (10, 9), (9, 5), (5, 8), (8, 2)]}, padri: [17, 36, 36, 36], figli: [3, 7], mosse: [(3, 3, 9, 5, 2), (2, 2, 1, 5, 9), (2, 2, 5, 3, 6), (2, 2, 3, 5)]
23 -> costo: 69326.70000000001, rotte: {4: [(1, 6), (6, 8)], 2: [(1, 3), (3, 5)], 5: [(1, 4), (4, 7)], 3: [(1, 5), (5, 2), (2, 10), (10, 9), (9, 8)]}, padri: [1], figli: [24, 26, 27, 28, 9, 9, 9, 31, 31, 31, 37], mosse: [(3, 3, 1, 5, 2)]
24 -> costo: 64576.5, rotte: {4: [(1, 6), (6, 8)], 2: [(1, 3), (3, 5)], 5: [(1, 4), (4, 7)], 3: [(1, 5), (5, 2), (2, 8), (8, 10), (10, 9)]}, padri: [23, 26, 28, 30], figli: [10, 10, 10, 25, 25, 25], mosse: [(3, 3, 2, 8, 12), (3, 3, 2, 8, 12), (3, 3, 2, 8, 12), (3, 3, 5, 2, 3)]
25 -> costo: 64568.9, rotte: {4: [(1, 6), (6, 8)], 2: [(1, 3), (3, 5)], 5: [(1, 5), (5, 4), (4, 7)], 3: [(1, 2), (2, 8), (8, 10), (10, 9)]}, padri: [24, 27, 37], figli: [13, 13], mosse: [(5, 3, 1, 5, 2), (3, 3, 2, 8, 12), (3, 3, 2, 8, 12)]
26 -> costo: 64881.9, rotte: {4: [(1, 6), (6, 8)], 2: [(1, 3), (3, 5)], 5: [(1, 4), (4, 7)], 3: [(1, 5), (5, 8), (8, 2), (2, 10), (10, 9)]}, padri: [23, 28, 30], figli: [11, 11, 11, 24, 27, 86, 86, 86], mosse: [(3, 3, 5, 8, 12), (3, 3, 5, 8, 12), (3, 3, 8, 2, 3)]
27 -> costo: 64853.4, rotte: {4: [(1, 6), (6, 8)], 2: [(1, 3), (3, 5)], 5: [(1, 5), (5, 4), (4, 7)], 3: [(1, 8), (8, 2), (2, 10), (10, 9)]}, padri: [26, 37], figli: [12, 12, 12, 25], mosse: [(5, 3, 1, 5, 2), (3, 3, 1, 8, 12)]
28 -> costo: 66073.6, rotte: {4: [(1, 6), (6, 8)], 2: [(1, 3), (3, 5)], 5: [(1, 4), (4, 7)], 3: [(1, 8), (8, 5), (5, 2), (2, 10), (10, 9)]}, padri: [23], figli: [24, 26, 14, 14, 14, 29, 29, 29], mosse: [(3, 3, 1, 8, 12)]
29 -> costo: 66056.5, rotte: {4: [(1, 6), (6, 8)], 2: [(1, 3), (3, 5)], 5: [(1, 4), (4, 7)], 3: [(1, 8), (8, 2), (2, 5), (5, 10), (10, 9)]}, padri: [28], figli: [15, 15, 15, 30, 30, 30], mosse: [(3, 3, 2, 5, 2)]
30 -> costo: 65789.09999999999, rotte: {4: [(1, 6), (6, 8)], 2: [(1, 3), (3, 5)], 5: [(1, 4), (4, 7)], 3: [(1, 2), (2, 5), (5, 8), (8, 10), (10, 9)]}, padri: [29], figli: [24, 26, 16, 16, 16], mosse: [(3, 3, 5, 8, 12)]
31 -> costo: 69160.3, rotte: {4: [(1, 6), (6, 8)], 2: [(1, 3), (3, 5)], 5: [(1, 4), (4, 7)], 3: [(1, 5), (5, 10), (10, 9), (9, 8), (8, 2)]}, padri: [23], figli: [32, 33, 34, 35, 2, 6, 17, 17, 17, 36, 36, 36, 38], mosse: [(3, 3, 8, 2, 3)]
32 -> costo: 67204.3, rotte: {4: [(1, 6), (6, 8)], 2: [(1, 3), (3, 5)], 5: [(1, 5), (5, 4), (4, 7)], 3: [(1, 10), (10, 9), (9, 8), (8, 2)]}, padri: [31, 33, 34, 37, 38, 38, 38], figli: [18, 18, 18], mosse: [(5, 3, 1, 5, 2), (5, 5, 5, 4, 8), (5, 5, 1, 5, 2), (3, 3, 8, 2, 3), (3, 3, 9, 8, 12), (3, 3, 8, 2, 3), (3, 3, 2, 8)]
33 -> costo: 67416.1, rotte: {4: [(1, 6), (6, 8)], 2: [(1, 3), (3, 5)], 5: [(1, 4), (4, 5), (5, 7)], 3: [(1, 10), (10, 9), (9, 8), (8, 2)]}, padri: [31, 34, 34, 34, 35], figli: [19, 19, 19, 32, 38], mosse: [(5, 3, 4, 5, 2), (5, 5, 7, 5), (5, 5, 4, 5, 2), (5, 5, 5, 7, 15), (5, 5, 5, 7, 15)]
34 -> costo: 67892.20000000001, rotte: {4: [(1, 6), (6, 8)], 2: [(1, 3), (3, 5)], 5: [(1, 4), (4, 7), (7, 5)], 3: [(1, 10), (10, 9), (9, 8), (8, 2)]}, padri: [31], figli: [20, 20, 32, 33, 33, 33, 35, 35, 35, 38], mosse: [(5, 3, 7, 5, 2)]
35 -> costo: 67891.40000000001, rotte: {4: [(1, 6), (6, 8)], 2: [(1, 3), (3, 5)], 5: [(1, 7), (7, 4), (4, 5)], 3: [(1, 10), (10, 9), (9, 8), (8, 2)]}, padri: [34], figli: [21, 21, 33], mosse: [(5, 5, 7, 4, 8)]
36 -> costo: 68708.79999999999, rotte: {4: [(1, 6), (6, 8)], 2: [(1, 3), (3, 5)], 5: [(1, 4), (4, 7)], 3: [(1, 10), (10, 9), (9, 5), (5, 8), (8, 2)]}, padri: [31], figli: [2, 22, 22, 22, 6], mosse: [(3, 3, 9, 5, 2)]
37 -> costo: 69319.1, rotte: {4: [(1, 6), (6, 8)], 2: [(1, 3), (3, 5)], 5: [(1, 5), (5, 4), (4, 7)], 3: [(1, 2), (2, 10), (10, 9), (9, 8)]}, padri: [23], figli: [25, 27, 32, 38, 40, 40], mosse: [(5, 3, 1, 5, 2)]
38 -> costo: 67659.0, rotte: {4: [(1, 6), (6, 8)], 2: [(1, 3), (3, 5)], 5: [(1, 5), (5, 4), (4, 7)], 3: [(1, 10), (10, 9), (9, 2), (2, 8)]}, padri: [37], figli: [39, 39, 39, 32, 32, 32], mosse: [(3, 3, 9, 2, 3)]
39 -> costo: 66965.6, rotte: {4: [(1, 6), (6, 8)], 2: [(1, 5), (5, 3)], 5: [(1, 5), (5, 4), (4, 7)], 3: [(1, 10), (10, 9), (9, 2), (2, 8)]}, padri: [38, 38, 38, 40], figli: [18, 18, 18], mosse: [(2, 2, 1, 5, 9), (2, 2, 5, 3, 6), (2, 2, 3, 5), (3, 3, 9, 2, 3)]
40 -> costo: 68625.70000000001, rotte: {4: [(1, 6), (6, 8)], 2: [(1, 5), (5, 3)], 5: [(1, 5), (5, 4), (4, 7)], 3: [(1, 2), (2, 10), (10, 9), (9, 8)]}, padri: [37, 37], figli: [13, 12, 18, 39], mosse: [(2, 2, 1, 5, 9), (2, 2, 5, 3, 6)]
41 -> costo: 69919.40000000001, rotte: {4: [(1, 6), (6, 8)], 2: [(1, 3), (3, 5)], 5: [(1, 4), (4, 7)], 3: [(1, 2), (2, 9), (9, 10), (10, 8), (8, 5)]}, padri: [0], figli: [42, 45, 51, 77], mosse: [(3, 5, 9, 10, 2)]
42 -> costo: 67953.9, rotte: {4: [(1, 6), (6, 8)], 2: [(1, 3), (3, 5)], 5: [(1, 4), (4, 7)], 3: [(1, 9), (9, 10), (10, 8), (8, 2), (2, 5)]}, padri: [41], figli: [43, 44], mosse: [(3, 3, 8, 2, 3)]
43 -> costo: 67260.5, rotte: {4: [(1, 6), (6, 8)], 2: [(1, 5), (5, 3)], 5: [(1, 4), (4, 7)], 3: [(1, 9), (9, 10), (10, 8), (8, 2), (2, 5)]}, padri: [42], figli: [], mosse: [(2, 2, 1, 5, 9)]
44 -> costo: 67260.5, rotte: {4: [(1, 6), (6, 8)], 2: [(1, 5), (5, 3)], 5: [(1, 4), (4, 7)], 3: [(1, 9), (9, 10), (10, 8), (8, 2), (2, 5)]}, padri: [42], figli: [], mosse: [(2, 2, 5, 3, 6)]
45 -> costo: 68259.3, rotte: {4: [(1, 6), (6, 8)], 2: [(1, 3), (3, 5)], 5: [(1, 4), (4, 7)], 3: [(1, 9), (9, 10), (10, 2), (2, 8), (8, 5)]}, padri: [41], figli: [46, 46, 48, 48, 74, 74, 79, 79, 83, 83], mosse: [(3, 3, 10, 2, 3)]
46 -> costo: 67565.9, rotte: {4: [(1, 6), (6, 8)], 2: [(1, 5), (5, 3)], 5: [(1, 4), (4, 7)], 3: [(1, 9), (9, 10), (10, 2), (2, 8), (8, 5)]}, padri: [45, 45, 52, 56, 60, 73, 73, 77, 79], figli: [47], mosse: [(2, 2, 1, 5, 9), (2, 2, 5, 3, 6), (3, 3, 10, 2, 3), (3, 3, 10, 2, 3), (3, 3, 10, 2, 3), (2, 2, 1, 5, 9), (2, 2, 5, 3, 6), (3, 3, 10, 2, 3), (3, 3, 10, 2, 3)]
47 -> costo: 67260.5, rotte: {4: [(1, 6), (6, 8)], 2: [(1, 5), (5, 3)], 5: [(1, 4), (4, 7)], 3: [(1, 9), (9, 10), (10, 8), (8, 2), (2, 5)]}, padri: [46], figli: [], mosse: [(3, 3, 8, 2, 3)]
48 -> costo: 67953.9, rotte: {4: [(1, 6), (6, 8)], 2: [(1, 3), (3, 5)], 5: [(1, 4), (4, 7)], 3: [(1, 9), (9, 10), (10, 8), (8, 2), (2, 5)]}, padri: [45, 45], figli: [49, 50], mosse: [(3, 3, 8, 2, 3)]
49 -> costo: 67260.5, rotte: {4: [(1, 6), (6, 8)], 2: [(1, 5), (5, 3)], 5: [(1, 4), (4, 7)], 3: [(1, 9), (9, 10), (10, 8), (8, 2), (2, 5)]}, padri: [48], figli: [], mosse: [(2, 2, 1, 5, 9)]
50 -> costo: 67260.5, rotte: {4: [(1, 6), (6, 8)], 2: [(1, 5), (5, 3)], 5: [(1, 4), (4, 7)], 3: [(1, 9), (9, 10), (10, 8), (8, 2), (2, 5)]}, padri: [48], figli: [], mosse: [(2, 2, 5, 3, 6)]
51 -> costo: 68424.5, rotte: {4: [(1, 6), (6, 8)], 2: [(1, 3), (3, 5)], 5: [(1, 4), (4, 7)], 3: [(1, 9), (9, 10), (10, 8), (8, 5), (5, 2)]}, padri: [41], figli: [52, 56, 60, 64, 67, 70, 73], mosse: [(3, 3, 5, 2, 3)]
52 -> costo: 67731.1, rotte: {4: [(1, 6), (6, 8)], 2: [(1, 5), (5, 3)], 5: [(1, 4), (4, 7)], 3: [(1, 9), (9, 10), (10, 8), (8, 5), (5, 2)]}, padri: [51], figli: [53, 54, 55, 46, 74, 79, 83], mosse: [(2, 2, 1, 5, 9)]
53 -> costo: 67260.5, rotte: {4: [(1, 6), (6, 8)], 2: [(1, 5), (5, 3)], 5: [(1, 4), (4, 7)], 3: [(1, 9), (9, 10), (10, 8), (8, 2), (2, 5)]}, padri: [52], figli: [], mosse: [(3, 3, 8, 2, 3)]
54 -> costo: 67260.5, rotte: {4: [(1, 6), (6, 8)], 2: [(1, 5), (5, 3)], 5: [(1, 4), (4, 7)], 3: [(1, 9), (9, 10), (10, 8), (8, 2), (2, 5)]}, padri: [52], figli: [], mosse: [(3, 3, 2, 5, 2)]
55 -> costo: 67260.5, rotte: {4: [(1, 6), (6, 8)], 2: [(1, 5), (5, 3)], 5: [(1, 4), (4, 7)], 3: [(1, 9), (9, 10), (10, 8), (8, 2), (2, 5)]}, padri: [52], figli: [], mosse: [(3, 3, 5, 2)]
56 -> costo: 67731.1, rotte: {4: [(1, 6), (6, 8)], 2: [(1, 5), (5, 3)], 5: [(1, 4), (4, 7)], 3: [(1, 9), (9, 10), (10, 8), (8, 5), (5, 2)]}, padri: [51], figli: [57, 58, 59, 46, 74, 79, 83], mosse: [(2, 2, 5, 3, 6)]
57 -> costo: 67260.5, rotte: {4: [(1, 6), (6, 8)], 2: [(1, 5), (5, 3)], 5: [(1, 4), (4, 7)], 3: [(1, 9), (9, 10), (10, 8), (8, 2), (2, 5)]}, padri: [56], figli: [], mosse: [(3, 3, 8, 2, 3)]
58 -> costo: 67260.5, rotte: {4: [(1, 6), (6, 8)], 2: [(1, 5), (5, 3)], 5: [(1, 4), (4, 7)], 3: [(1, 9), (9, 10), (10, 8), (8, 2), (2, 5)]}, padri: [56], figli: [], mosse: [(3, 3, 2, 5, 2)]
59 -> costo: 67260.5, rotte: {4: [(1, 6), (6, 8)], 2: [(1, 5), (5, 3)], 5: [(1, 4), (4, 7)], 3: [(1, 9), (9, 10), (10, 8), (8, 2), (2, 5)]}, padri: [56], figli: [], mosse: [(3, 3, 5, 2)]
60 -> costo: 67731.1, rotte: {4: [(1, 6), (6, 8)], 2: [(1, 5), (5, 3)], 5: [(1, 4), (4, 7)], 3: [(1, 9), (9, 10), (10, 8), (8, 5), (5, 2)]}, padri: [51], figli: [61, 62, 63, 46, 74, 79, 83], mosse: [(2, 2, 3, 5)]
61 -> costo: 67260.5, rotte: {4: [(1, 6), (6, 8)], 2: [(1, 5), (5, 3)], 5: [(1, 4), (4, 7)], 3: [(1, 9), (9, 10), (10, 8), (8, 2), (2, 5)]}, padri: [60], figli: [], mosse: [(3, 3, 8, 2, 3)]
62 -> costo: 67260.5, rotte: {4: [(1, 6), (6, 8)], 2: [(1, 5), (5, 3)], 5: [(1, 4), (4, 7)], 3: [(1, 9), (9, 10), (10, 8), (8, 2), (2, 5)]}, padri: [60], figli: [], mosse: [(3, 3, 2, 5, 2)]
63 -> costo: 67260.5, rotte: {4: [(1, 6), (6, 8)], 2: [(1, 5), (5, 3)], 5: [(1, 4), (4, 7)], 3: [(1, 9), (9, 10), (10, 8), (8, 2), (2, 5)]}, padri: [60], figli: [], mosse: [(3, 3, 5, 2)]
64 -> costo: 67953.9, rotte: {4: [(1, 6), (6, 8)], 2: [(1, 3), (3, 5)], 5: [(1, 4), (4, 7)], 3: [(1, 9), (9, 10), (10, 8), (8, 2), (2, 5)]}, padri: [51], figli: [65, 66], mosse: [(3, 3, 8, 2, 3)]
65 -> costo: 67260.5, rotte: {4: [(1, 6), (6, 8)], 2: [(1, 5), (5, 3)], 5: [(1, 4), (4, 7)], 3: [(1, 9), (9, 10), (10, 8), (8, 2), (2, 5)]}, padri: [64], figli: [], mosse: [(2, 2, 1, 5, 9)]
66 -> costo: 67260.5, rotte: {4: [(1, 6), (6, 8)], 2: [(1, 5), (5, 3)], 5: [(1, 4), (4, 7)], 3: [(1, 9), (9, 10), (10, 8), (8, 2), (2, 5)]}, padri: [64], figli: [], mosse: [(2, 2, 5, 3, 6)]
67 -> costo: 67953.9, rotte: {4: [(1, 6), (6, 8)], 2: [(1, 3), (3, 5)], 5: [(1, 4), (4, 7)], 3: [(1, 9), (9, 10), (10, 8), (8, 2), (2, 5)]}, padri: [51], figli: [68, 69], mosse: [(3, 3, 2, 5, 2)]
68 -> costo: 67260.5, rotte: {4: [(1, 6), (6, 8)], 2: [(1, 5), (5, 3)], 5: [(1, 4), (4, 7)], 3: [(1, 9), (9, 10), (10, 8), (8, 2), (2, 5)]}, padri: [67], figli: [], mosse: [(2, 2, 1, 5, 9)]
69 -> costo: 67260.5, rotte: {4: [(1, 6), (6, 8)], 2: [(1, 5), (5, 3)], 5: [(1, 4), (4, 7)], 3: [(1, 9), (9, 10), (10, 8), (8, 2), (2, 5)]}, padri: [67], figli: [], mosse: [(2, 2, 5, 3, 6)]
70 -> costo: 67953.9, rotte: {4: [(1, 6), (6, 8)], 2: [(1, 3), (3, 5)], 5: [(1, 4), (4, 7)], 3: [(1, 9), (9, 10), (10, 8), (8, 2), (2, 5)]}, padri: [51], figli: [71, 72], mosse: [(3, 3, 5, 2)]
71 -> costo: 67260.5, rotte: {4: [(1, 6), (6, 8)], 2: [(1, 5), (5, 3)], 5: [(1, 4), (4, 7)], 3: [(1, 9), (9, 10), (10, 8), (8, 2), (2, 5)]}, padri: [70], figli: [], mosse: [(2, 2, 1, 5, 9)]
72 -> costo: 67260.5, rotte: {4: [(1, 6), (6, 8)], 2: [(1, 5), (5, 3)], 5: [(1, 4), (4, 7)], 3: [(1, 9), (9, 10), (10, 8), (8, 2), (2, 5)]}, padri: [70], figli: [], mosse: [(2, 2, 5, 3, 6)]
73 -> costo: 68259.3, rotte: {4: [(1, 6), (6, 8)], 2: [(1, 3), (3, 5)], 5: [(1, 4), (4, 7)], 3: [(1, 9), (9, 10), (10, 2), (2, 8), (8, 5)]}, padri: [51], figli: [46, 46, 74, 74, 79, 79, 83, 83], mosse: [(3, 3, 10, 2, 3)]
74 -> costo: 67953.9, rotte: {4: [(1, 6), (6, 8)], 2: [(1, 3), (3, 5)], 5: [(1, 4), (4, 7)], 3: [(1, 9), (9, 10), (10, 8), (8, 2), (2, 5)]}, padri: [45, 45, 52, 56, 60, 73, 73], figli: [75, 76], mosse: [(3, 3, 8, 2, 3)]
75 -> costo: 67260.5, rotte: {4: [(1, 6), (6, 8)], 2: [(1, 5), (5, 3)], 5: [(1, 4), (4, 7)], 3: [(1, 9), (9, 10), (10, 8), (8, 2), (2, 5)]}, padri: [74], figli: [], mosse: [(2, 2, 1, 5, 9)]
76 -> costo: 67260.5, rotte: {4: [(1, 6), (6, 8)], 2: [(1, 5), (5, 3)], 5: [(1, 4), (4, 7)], 3: [(1, 9), (9, 10), (10, 8), (8, 2), (2, 5)]}, padri: [74], figli: [], mosse: [(2, 2, 5, 3, 6)]
77 -> costo: 69226.0, rotte: {4: [(1, 6), (6, 8)], 2: [(1, 5), (5, 3)], 5: [(1, 4), (4, 7)], 3: [(1, 2), (2, 9), (9, 10), (10, 8), (8, 5)]}, padri: [41], figli: [78, 46, 79, 83], mosse: [(2, 2, 1, 5, 9)]
78 -> costo: 67260.5, rotte: {4: [(1, 6), (6, 8)], 2: [(1, 5), (5, 3)], 5: [(1, 4), (4, 7)], 3: [(1, 9), (9, 10), (10, 8), (8, 2), (2, 5)]}, padri: [77], figli: [], mosse: [(3, 3, 8, 2, 3)]
79 -> costo: 67731.1, rotte: {4: [(1, 6), (6, 8)], 2: [(1, 5), (5, 3)], 5: [(1, 4), (4, 7)], 3: [(1, 9), (9, 10), (10, 8), (8, 5), (5, 2)]}, padri: [45, 45, 52, 56, 60, 73, 73, 77], figli: [80, 81, 82, 46], mosse: [(3, 3, 5, 2, 3)]
80 -> costo: 67260.5, rotte: {4: [(1, 6), (6, 8)], 2: [(1, 5), (5, 3)], 5: [(1, 4), (4, 7)], 3: [(1, 9), (9, 10), (10, 8), (8, 2), (2, 5)]}, padri: [79], figli: [], mosse: [(3, 3, 8, 2, 3)]
81 -> costo: 67260.5, rotte: {4: [(1, 6), (6, 8)], 2: [(1, 5), (5, 3)], 5: [(1, 4), (4, 7)], 3: [(1, 9), (9, 10), (10, 8), (8, 2), (2, 5)]}, padri: [79], figli: [], mosse: [(3, 3, 2, 5, 2)]
82 -> costo: 67260.5, rotte: {4: [(1, 6), (6, 8)], 2: [(1, 5), (5, 3)], 5: [(1, 4), (4, 7)], 3: [(1, 9), (9, 10), (10, 8), (8, 2), (2, 5)]}, padri: [79], figli: [], mosse: [(3, 3, 5, 2)]
83 -> costo: 68633.3, rotte: {4: [(1, 6), (6, 8)], 2: [(1, 5), (5, 3)], 5: [(1, 4), (4, 7)], 3: [(1, 5), (5, 2), (2, 9), (9, 10), (10, 8)]}, padri: [45, 45, 52, 56, 60, 73, 73, 77], figli: [84, 85], mosse: [(3, 3, 1, 5, 2)]
84 -> costo: 64118.1, rotte: {4: [(1, 6), (6, 8)], 2: [(1, 5), (5, 3)], 5: [(1, 4), (4, 7)], 3: [(1, 5), (5, 2), (2, 8), (8, 9), (9, 10)]}, padri: [83, 85], figli: [10, 10, 10], mosse: [(3, 3, 2, 8, 12), (3, 3, 2, 8, 12)]
85 -> costo: 64423.49999999999, rotte: {4: [(1, 6), (6, 8)], 2: [(1, 5), (5, 3)], 5: [(1, 4), (4, 7)], 3: [(1, 5), (5, 8), (8, 2), (2, 9), (9, 10)]}, padri: [83], figli: [84, 11, 11, 11, 86, 86, 86], mosse: [(3, 3, 5, 8, 12)]
86 -> costo: 64394.99999999999, rotte: {4: [(1, 6), (6, 8)], 2: [(1, 5), (5, 3)], 5: [(1, 5), (5, 4), (4, 7)], 3: [(1, 8), (8, 2), (2, 9), (9, 10)]}, padri: [85], figli: [87], mosse: [(5, 3, 1, 5, 2)]
87 -> costo: 64110.5, rotte: {4: [(1, 6), (6, 8)], 2: [(1, 5), (5, 3)], 5: [(1, 5), (5, 4), (4, 7)], 3: [(1, 2), (2, 8), (8, 9), (9, 10)]}, padri: [86], figli: [13], mosse: [(3, 3, 2, 8, 12)]
bestSolutionIndice: 13
13 -> costo: 63875.5, rotte: {4: [(1, 6), (6, 8)], 2: [(1, 5), (5, 3)], 5: [(1, 5), (5, 4), (4, 7)], 3: [(1, 2), (2, 8), (8, 10), (10, 9)]}, padri: [12, 25, 25, 40, 87], figli: [], mosse: [(3, 3, 2, 8, 12), (2, 2, 1, 5, 9), (2, 2, 5, 3, 6), (3, 3, 2, 8, 12), (3, 3, 8, 10, 2)]
trasportoPalletDiGamma: {4: [(6, 13), (8, 7)], 2: [(5, 9), (3, 6)], 5: [(5, 2), (4, 8), (7, 15)], 3: [(2, 3), (8, 12), (10, 2), (9, 1)]}
itMosseLS: 207, itMosseTS: 200
time elapsed: 707.85s.


