itNSIMax: 5, itMosseTSMax: 100.
##########################################################################################
s: 1
dictSolutions[1]:
0 -> costo: 86792.29999999999, rotte: {6: [(1, 11), (11, 4)], 3: [(1, 8)], 7: [(1, 10), (10, 6), (6, 8)], 8: [(1, 2)], 2: [(1, 7), (7, 3)], 9: [(1, 9), (9, 4)], 4: [(1, 3)], 5: [(1, 5), (5, 8)]}, padri: [-1], figli: [1, 8], mosse: [-1]
1 -> costo: 82495.9, rotte: {6: [(1, 4)], 3: [(1, 8)], 7: [(1, 11), (11, 10), (10, 6), (6, 8)], 8: [(1, 2)], 2: [(1, 7), (7, 3)], 9: [(1, 9), (9, 4)], 4: [(1, 3)], 5: [(1, 5), (5, 8)]}, padri: [0], figli: [2, 5, 6, 5, 5, 7, 7, 7, 7, 7], mosse: [(7, 6, 1, 11, 6)]
2 -> costo: 78550.79999999999, rotte: {6: [(1, 4)], 3: [(1, 8)], 7: [(1, 11), (11, 10), (10, 6), (6, 8)], 8: [(1, 2)], 2: [(1, 7), (7, 3)], 9: [(1, 9)], 4: [(1, 3)], 5: [(1, 5), (5, 8)]}, padri: [1, 5], figli: [3, 4, 4, 4, 11], mosse: [(6, 9, 1, 4, 6), (6, 9, 1, 4, 6)]
3 -> costo: 77363.50000000001, rotte: {6: [(1, 4)], 3: [(1, 8)], 7: [(1, 11), (11, 10), (10, 6), (6, 8)], 8: [(1, 2)], 2: [(1, 3)], 9: [(1, 7), (7, 9)], 4: [(1, 3)], 5: [(1, 5), (5, 8)]}, padri: [2, 10, 20], figli: [], mosse: [(9, 2, 1, 7, 1), (7, 7, 11, 10, 9), (7, 7, 10, 6, 4)]
4 -> costo: 78221.2, rotte: {6: [(1, 4)], 3: [(1, 8)], 7: [(1, 11), (11, 10), (10, 6), (6, 8)], 8: [(1, 2)], 2: [(1, 3), (3, 7)], 9: [(1, 9)], 4: [(1, 3)], 5: [(1, 5), (5, 8)]}, padri: [2, 2, 2, 6, 7], figli: [], mosse: [(2, 2, 1, 3, 8), (2, 2, 3, 7, 1), (2, 2, 7, 3), (6, 9, 1, 4, 6), (6, 9, 1, 4, 6)]
5 -> costo: 79655.2, rotte: {6: [(1, 4)], 3: [(1, 8)], 7: [(1, 11), (11, 10), (10, 6), (6, 8)], 8: [(1, 2)], 2: [(1, 7), (7, 3)], 9: [(1, 4), (4, 9)], 4: [(1, 3)], 5: [(1, 5), (5, 8)]}, padri: [1, 1, 1], figli: [2, 6, 6, 6], mosse: [(9, 9, 9, 4), (9, 9, 1, 4, 6), (9, 9, 4, 9, 14)]
6 -> costo: 79325.6, rotte: {6: [(1, 4)], 3: [(1, 8)], 7: [(1, 11), (11, 10), (10, 6), (6, 8)], 8: [(1, 2)], 2: [(1, 3), (3, 7)], 9: [(1, 4), (4, 9)], 4: [(1, 3)], 5: [(1, 5), (5, 8)]}, padri: [5, 5, 5, 7, 7, 7], figli: [4], mosse: [(2, 2, 1, 3, 8), (2, 2, 3, 7, 1), (2, 2, 7, 3), (9, 9, 9, 4), (9, 9, 1, 4, 6), (9, 9, 4, 9, 14)]
7 -> costo: 82166.3, rotte: {6: [(1, 4)], 3: [(1, 8)], 7: [(1, 11), (11, 10), (10, 6), (6, 8)], 8: [(1, 2)], 2: [(1, 3), (3, 7)], 9: [(1, 9), (9, 4)], 4: [(1, 3)], 5: [(1, 5), (5, 8)]}, padri: [1, 1, 1], figli: [4, 6, 6, 6], mosse: [(2, 2, 1, 3, 8), (2, 2, 3, 7, 1), (2, 2, 7, 3)]
8 -> costo: 83272.9, rotte: {6: [(1, 4)], 3: [(1, 8)], 7: [(1, 10), (10, 11), (11, 6), (6, 8)], 8: [(1, 2)], 2: [(1, 7), (7, 3)], 9: [(1, 9), (9, 4)], 4: [(1, 3)], 5: [(1, 5), (5, 8)]}, padri: [0], figli: [9], mosse: [(7, 6, 10, 11, 6)]
9 -> costo: 79327.79999999999, rotte: {6: [(1, 4)], 3: [(1, 8)], 7: [(1, 10), (10, 11), (11, 6), (6, 8)], 8: [(1, 2)], 2: [(1, 7), (7, 3)], 9: [(1, 9)], 4: [(1, 3)], 5: [(1, 5), (5, 8)]}, padri: [8], figli: [10], mosse: [(6, 9, 1, 4, 6)]
10 -> costo: 78140.50000000001, rotte: {6: [(1, 4)], 3: [(1, 8)], 7: [(1, 10), (10, 11), (11, 6), (6, 8)], 8: [(1, 2)], 2: [(1, 3)], 9: [(1, 7), (7, 9)], 4: [(1, 3)], 5: [(1, 5), (5, 8)]}, padri: [9], figli: [3, 11], mosse: [(9, 2, 1, 7, 1)]
11 -> costo: 77700.40000000001, rotte: {6: [(1, 4)], 3: [(1, 8)], 7: [(1, 10), (10, 11), (11, 8), (8, 6)], 8: [(1, 2)], 2: [(1, 3)], 9: [(1, 7), (7, 9)], 4: [(1, 3)], 5: [(1, 5), (5, 8)]}, padri: [10], figli: [12, 13, 31], mosse: [(7, 7, 6, 8)]
12 -> costo: 76792.8, rotte: {6: [(1, 4)], 3: [(1, 8)], 7: [(1, 11), (11, 10), (10, 8), (8, 6)], 8: [(1, 2)], 2: [(1, 3)], 9: [(1, 7), (7, 9)], 4: [(1, 3)], 5: [(1, 5), (5, 8)]}, padri: [11, 20], figli: [], mosse: [(7, 7, 11, 10, 9), (7, 7, 8, 6, 4)]
13 -> costo: 77686.70000000001, rotte: {6: [(1, 4)], 3: [(1, 8)], 7: [(1, 6), (6, 10), (10, 11), (11, 8)], 8: [(1, 2)], 2: [(1, 3)], 9: [(1, 7), (7, 9)], 4: [(1, 3)], 5: [(1, 5), (5, 8)]}, padri: [11], figli: [14, 20, 37], mosse: [(7, 7, 1, 6, 4)]
14 -> costo: 76396.70000000001, rotte: {6: [(1, 4)], 3: [(1, 8)], 7: [(1, 8), (8, 6), (6, 10), (10, 11)], 8: [(1, 2)], 2: [(1, 3)], 9: [(1, 7), (7, 9)], 4: [(1, 3)], 5: [(1, 5), (5, 8)]}, padri: [13, 23, 23, 23], figli: [15], mosse: [(7, 7, 1, 8, 1), (7, 7, 11, 10), (7, 7, 6, 10, 9), (7, 7, 10, 11, 6)]
15 -> costo: 75497.3, rotte: {6: [(1, 4)], 3: [(1, 8)], 7: [(1, 6), (6, 10), (10, 11)], 8: [(1, 2)], 2: [(1, 3)], 9: [(1, 7), (7, 8), (8, 9)], 4: [(1, 3)], 5: [(1, 5), (5, 8)]}, padri: [14, 24, 24, 24, 36], figli: [16], mosse: [(9, 7, 7, 8, 1), (7, 7, 11, 10), (7, 7, 6, 10, 9), (7, 7, 10, 11, 6), (7, 9, 1, 6, 4)]
16 -> costo: 75349.3, rotte: {6: [(1, 4)], 3: [(1, 8)], 7: [(1, 10), (10, 11)], 8: [(1, 2)], 2: [(1, 3)], 9: [(1, 7), (7, 6), (6, 8), (8, 9)], 4: [(1, 3)], 5: [(1, 5), (5, 8)]}, padri: [15, 36], figli: [17, 17, 17, 18, 18, 18, 25, 25, 25, 41, 42], mosse: [(9, 7, 7, 6, 4), (9, 9, 7, 6, 4)]
17 -> costo: 74666.8, rotte: {6: [(1, 4)], 3: [(1, 8)], 7: [(1, 11), (11, 10)], 8: [(1, 2)], 2: [(1, 3)], 9: [(1, 7), (7, 6), (6, 8), (8, 9)], 4: [(1, 3)], 5: [(1, 5), (5, 8)]}, padri: [16, 16, 16, 19, 24, 25, 26], figli: [], mosse: [(7, 7, 1, 11, 6), (7, 7, 11, 10, 9), (7, 7, 10, 11), (9, 7, 1, 7, 1), (9, 7, 7, 6, 4), (9, 9, 7, 6, 4), (9, 9, 6, 8, 1)]
18 -> costo: 75046.4, rotte: {6: [(1, 4)], 3: [(1, 8)], 7: [(1, 7), (7, 10), (10, 11)], 8: [(1, 2)], 2: [(1, 3)], 9: [(1, 6), (6, 8), (8, 9)], 4: [(1, 3)], 5: [(1, 5), (5, 8)]}, padri: [16, 40], figli: [19, 19, 19], mosse: [(7, 9, 1, 7, 1), (9, 7, 6, 8, 1)]
19 -> costo: 74775.2, rotte: {6: [(1, 4)], 3: [(1, 8)], 7: [(1, 7), (7, 11), (11, 10)], 8: [(1, 2)], 2: [(1, 3)], 9: [(1, 6), (6, 8), (8, 9)], 4: [(1, 3)], 5: [(1, 5), (5, 8)]}, padri: [18, 18, 18, 45], figli: [17, 25], mosse: [(7, 7, 10, 11), (7, 7, 7, 11, 6), (7, 7, 11, 10, 9), (9, 7, 6, 8, 1)]
20 -> costo: 77580.3, rotte: {6: [(1, 4)], 3: [(1, 8)], 7: [(1, 6), (6, 11), (11, 10), (10, 8)], 8: [(1, 2)], 2: [(1, 3)], 9: [(1, 7), (7, 9)], 4: [(1, 3)], 5: [(1, 5), (5, 8)]}, padri: [13], figli: [21, 23, 28, 12, 31, 3, 38], mosse: [(7, 7, 11, 10, 9)]
21 -> costo: 75707.6, rotte: {6: [(1, 4)], 3: [(1, 8)], 7: [(1, 6), (6, 8), (8, 11), (11, 10)], 8: [(1, 2)], 2: [(1, 3)], 9: [(1, 7), (7, 9)], 4: [(1, 3)], 5: [(1, 5), (5, 8)]}, padri: [20, 23], figli: [22, 22, 22], mosse: [(7, 7, 6, 8, 1), (7, 7, 6, 8, 1)]
22 -> costo: 75455.00000000001, rotte: {6: [(1, 4)], 3: [(1, 8)], 7: [(1, 6), (6, 8), (8, 10), (10, 11)], 8: [(1, 2)], 2: [(1, 3)], 9: [(1, 7), (7, 9)], 4: [(1, 3)], 5: [(1, 5), (5, 8)]}, padri: [21, 21, 21], figli: [], mosse: [(7, 7, 8, 10, 9), (7, 7, 10, 11, 6), (7, 7, 11, 10)]
23 -> costo: 76515.40000000001, rotte: {6: [(1, 4)], 3: [(1, 8)], 7: [(1, 8), (8, 6), (6, 11), (11, 10)], 8: [(1, 2)], 2: [(1, 3)], 9: [(1, 7), (7, 9)], 4: [(1, 3)], 5: [(1, 5), (5, 8)]}, padri: [20], figli: [24, 21, 14, 14, 14], mosse: [(7, 7, 1, 8, 1)]
24 -> costo: 75616.0, rotte: {6: [(1, 4)], 3: [(1, 8)], 7: [(1, 6), (6, 11), (11, 10)], 8: [(1, 2)], 2: [(1, 3)], 9: [(1, 7), (7, 8), (8, 9)], 4: [(1, 3)], 5: [(1, 5), (5, 8)]}, padri: [23], figli: [17, 25, 26, 27, 15, 15, 15, 30, 33], mosse: [(9, 7, 7, 8, 1)]
25 -> costo: 75094.5, rotte: {6: [(1, 4)], 3: [(1, 8)], 7: [(1, 11), (11, 10)], 8: [(1, 2)], 2: [(1, 3)], 9: [(1, 6), (6, 7), (7, 8), (8, 9)], 4: [(1, 3)], 5: [(1, 5), (5, 8)]}, padri: [24, 32, 34, 36, 36, 36], figli: [17], mosse: [(9, 7, 1, 6, 4), (9, 7, 7, 8, 1), (9, 9, 7, 8, 1), (7, 7, 1, 11, 6), (7, 7, 11, 10, 9), (7, 7, 10, 11)]
26 -> costo: 75399.20000000001, rotte: {6: [(1, 4)], 3: [(1, 8)], 7: [(1, 11), (11, 10)], 8: [(1, 2)], 2: [(1, 3)], 9: [(1, 7), (7, 8), (8, 6), (6, 9)], 4: [(1, 3)], 5: [(1, 5), (5, 8)]}, padri: [24, 29], figli: [17], mosse: [(9, 7, 8, 6, 4), (9, 7, 7, 8, 1)]
27 -> costo: 75412.2, rotte: {6: [(1, 4)], 3: [(1, 8)], 7: [(1, 6), (6, 7), (7, 11), (11, 10)], 8: [(1, 2)], 2: [(1, 3)], 9: [(1, 8), (8, 9)], 4: [(1, 3)], 5: [(1, 5), (5, 8)]}, padri: [24], figli: [], mosse: [(7, 9, 6, 7, 1)]
28 -> costo: 76673.40000000001, rotte: {6: [(1, 4)], 3: [(1, 8)], 7: [(1, 11), (11, 10), (10, 8)], 8: [(1, 2)], 2: [(1, 3)], 9: [(1, 7), (7, 6), (6, 9)], 4: [(1, 3)], 5: [(1, 5), (5, 8)]}, padri: [20, 31, 37], figli: [29, 34], mosse: [(9, 7, 7, 6, 4), (9, 9, 7, 6, 4), (7, 7, 11, 10, 9)]
29 -> costo: 75959.20000000001, rotte: {6: [(1, 4)], 3: [(1, 8)], 7: [(1, 8), (8, 11), (11, 10)], 8: [(1, 2)], 2: [(1, 3)], 9: [(1, 7), (7, 6), (6, 9)], 4: [(1, 3)], 5: [(1, 5), (5, 8)]}, padri: [28, 32], figli: [26, 30, 30, 30, 36, 36, 36], mosse: [(7, 7, 1, 8, 1), (9, 9, 7, 6, 4)]
30 -> costo: 75706.6, rotte: {6: [(1, 4)], 3: [(1, 8)], 7: [(1, 8), (8, 10), (10, 11)], 8: [(1, 2)], 2: [(1, 3)], 9: [(1, 7), (7, 6), (6, 9)], 4: [(1, 3)], 5: [(1, 5), (5, 8)]}, padri: [29, 29, 29, 35, 37], figli: [], mosse: [(7, 7, 8, 10, 9), (7, 7, 10, 11, 6), (7, 7, 11, 10), (9, 9, 7, 6, 4), (7, 7, 1, 8, 1)]
31 -> costo: 77058.8, rotte: {6: [(1, 4)], 3: [(1, 8)], 7: [(1, 11), (11, 10), (10, 8)], 8: [(1, 2)], 2: [(1, 3)], 9: [(1, 6), (6, 7), (7, 9)], 4: [(1, 3)], 5: [(1, 5), (5, 8)]}, padri: [20], figli: [32, 28, 38], mosse: [(9, 7, 1, 6, 4)]
32 -> costo: 76344.6, rotte: {6: [(1, 4)], 3: [(1, 8)], 7: [(1, 8), (8, 11), (11, 10)], 8: [(1, 2)], 2: [(1, 3)], 9: [(1, 6), (6, 7), (7, 9)], 4: [(1, 3)], 5: [(1, 5), (5, 8)]}, padri: [31], figli: [25, 33, 29, 34, 35, 35, 35], mosse: [(7, 7, 1, 8, 1)]
33 -> costo: 75790.3, rotte: {6: [(1, 4)], 3: [(1, 8)], 7: [(1, 11), (11, 10)], 8: [(1, 2)], 2: [(1, 3)], 9: [(1, 6), (6, 8), (8, 7), (7, 9)], 4: [(1, 3)], 5: [(1, 5), (5, 8)]}, padri: [32, 34], figli: [], mosse: [(9, 7, 6, 8, 1), (9, 9, 6, 8, 1)]
34 -> costo: 75993.90000000001, rotte: {6: [(1, 4)], 3: [(1, 8)], 7: [(1, 11), (11, 10)], 8: [(1, 2)], 2: [(1, 3)], 9: [(1, 8), (8, 6), (6, 7), (7, 9)], 4: [(1, 3)], 5: [(1, 5), (5, 8)]}, padri: [32], figli: [25, 33], mosse: [(9, 7, 1, 8, 1)]
35 -> costo: 76092.0, rotte: {6: [(1, 4)], 3: [(1, 8)], 7: [(1, 8), (8, 10), (10, 11)], 8: [(1, 2)], 2: [(1, 3)], 9: [(1, 6), (6, 7), (7, 9)], 4: [(1, 3)], 5: [(1, 5), (5, 8)]}, padri: [32, 32, 32], figli: [30, 36], mosse: [(7, 7, 8, 10, 9), (7, 7, 10, 11, 6), (7, 7, 11, 10)]
36 -> costo: 75777.0, rotte: {6: [(1, 4)], 3: [(1, 8)], 7: [(1, 10), (10, 11)], 8: [(1, 2)], 2: [(1, 3)], 9: [(1, 6), (6, 7), (7, 8), (8, 9)], 4: [(1, 3)], 5: [(1, 5), (5, 8)]}, padri: [35], figli: [25, 25, 25, 16, 15], mosse: [(9, 7, 7, 8, 1)]
37 -> costo: 77581.00000000001, rotte: {6: [(1, 4)], 3: [(1, 8)], 7: [(1, 10), (10, 11), (11, 8)], 8: [(1, 2)], 2: [(1, 3)], 9: [(1, 7), (7, 6), (6, 9)], 4: [(1, 3)], 5: [(1, 5), (5, 8)]}, padri: [13], figli: [30, 28, 38], mosse: [(9, 7, 7, 6, 4)]
38 -> costo: 77278.1, rotte: {6: [(1, 4)], 3: [(1, 8)], 7: [(1, 7), (7, 10), (10, 11), (11, 8)], 8: [(1, 2)], 2: [(1, 3)], 9: [(1, 6), (6, 9)], 4: [(1, 3)], 5: [(1, 5), (5, 8)]}, padri: [37], figli: [39, 40], mosse: [(7, 9, 1, 7, 1)]
39 -> costo: 75497.3, rotte: {6: [(1, 4)], 3: [(1, 8)], 7: [(1, 7), (7, 8), (8, 10), (10, 11)], 8: [(1, 2)], 2: [(1, 3)], 9: [(1, 6), (6, 9)], 4: [(1, 3)], 5: [(1, 5), (5, 8)]}, padri: [38], figli: [], mosse: [(7, 7, 7, 8, 1)]
40 -> costo: 76421.5, rotte: {6: [(1, 4)], 3: [(1, 8)], 7: [(1, 8), (8, 7), (7, 10), (10, 11)], 8: [(1, 2)], 2: [(1, 3)], 9: [(1, 6), (6, 9)], 4: [(1, 3)], 5: [(1, 5), (5, 8)]}, padri: [38], figli: [18, 41, 42, 45], mosse: [(7, 7, 1, 8, 1)]
41 -> costo: 75497.3, rotte: {6: [(1, 4)], 3: [(1, 8)], 7: [(1, 7), (7, 8), (8, 10), (10, 11)], 8: [(1, 2)], 2: [(1, 3)], 9: [(1, 6), (6, 9)], 4: [(1, 3)], 5: [(1, 5), (5, 8)]}, padri: [16, 40], figli: [], mosse: [(7, 7, 7, 8, 1)]
42 -> costo: 75988.1, rotte: {6: [(1, 4)], 3: [(1, 8)], 7: [(1, 7), (7, 10), (10, 11)], 8: [(1, 2)], 2: [(1, 3)], 9: [(1, 8), (8, 6), (6, 9)], 4: [(1, 3)], 5: [(1, 5), (5, 8)]}, padri: [40], figli: [43, 44, 44, 44, 46, 46, 46], mosse: [(9, 7, 1, 8, 1)]
43 -> costo: 75497.3, rotte: {6: [(1, 4)], 3: [(1, 8)], 7: [(1, 7), (7, 8), (8, 10), (10, 11)], 8: [(1, 2)], 2: [(1, 3)], 9: [(1, 6), (6, 9)], 4: [(1, 3)], 5: [(1, 5), (5, 8)]}, padri: [42], figli: [], mosse: [(7, 9, 7, 8, 1)]
44 -> costo: 75716.90000000001, rotte: {6: [(1, 4)], 3: [(1, 8)], 7: [(1, 7), (7, 11), (11, 10)], 8: [(1, 2)], 2: [(1, 3)], 9: [(1, 8), (8, 6), (6, 9)], 4: [(1, 3)], 5: [(1, 5), (5, 8)]}, padri: [42, 42, 42, 45], figli: [], mosse: [(7, 7, 10, 11), (7, 7, 7, 11, 6), (7, 7, 11, 10, 9), (9, 7, 1, 8, 1)]
45 -> costo: 76150.3, rotte: {6: [(1, 4)], 3: [(1, 8)], 7: [(1, 8), (8, 7), (7, 11), (11, 10)], 8: [(1, 2)], 2: [(1, 3)], 9: [(1, 6), (6, 9)], 4: [(1, 3)], 5: [(1, 5), (5, 8)]}, padri: [40], figli: [19, 44, 46, 50], mosse: [(7, 7, 10, 11)]
46 -> costo: 75749.90000000001, rotte: {6: [(1, 4)], 3: [(1, 8)], 7: [(1, 7), (7, 8), (8, 11), (11, 10)], 8: [(1, 2)], 2: [(1, 3)], 9: [(1, 6), (6, 9)], 4: [(1, 3)], 5: [(1, 5), (5, 8)]}, padri: [45], figli: [47, 48, 49], mosse: [(7, 7, 7, 8, 1)]
47 -> costo: 75497.3, rotte: {6: [(1, 4)], 3: [(1, 8)], 7: [(1, 7), (7, 8), (8, 10), (10, 11)], 8: [(1, 2)], 2: [(1, 3)], 9: [(1, 6), (6, 9)], 4: [(1, 3)], 5: [(1, 5), (5, 8)]}, padri: [46], figli: [], mosse: [(7, 7, 8, 10, 9)]
48 -> costo: 75497.3, rotte: {6: [(1, 4)], 3: [(1, 8)], 7: [(1, 7), (7, 8), (8, 10), (10, 11)], 8: [(1, 2)], 2: [(1, 3)], 9: [(1, 6), (6, 9)], 4: [(1, 3)], 5: [(1, 5), (5, 8)]}, padri: [46], figli: [], mosse: [(7, 7, 10, 11, 6)]
49 -> costo: 75497.3, rotte: {6: [(1, 4)], 3: [(1, 8)], 7: [(1, 7), (7, 8), (8, 10), (10, 11)], 8: [(1, 2)], 2: [(1, 3)], 9: [(1, 6), (6, 9)], 4: [(1, 3)], 5: [(1, 5), (5, 8)]}, padri: [46], figli: [], mosse: [(7, 7, 11, 10)]
50 -> costo: 76122.50000000001, rotte: {6: [(1, 4)], 3: [(1, 8)], 7: [(1, 7), (7, 11), (11, 10)], 8: [(1, 2)], 2: [(1, 3), (3, 8)], 9: [(1, 6), (6, 9)], 4: [(1, 3)], 5: [(1, 5), (5, 8)]}, padri: [45], figli: [51, 52], mosse: [(2, 7, 3, 8, 1)]
51 -> costo: 76011.0, rotte: {6: [(1, 4)], 3: [(1, 8)], 7: [(1, 11), (11, 10)], 8: [(1, 2)], 2: [(1, 3), (3, 7), (7, 8)], 9: [(1, 6), (6, 9)], 4: [(1, 3)], 5: [(1, 5), (5, 8)]}, padri: [50, 52], figli: [], mosse: [(2, 7, 3, 7, 1), (2, 9, 3, 7, 1)]
52 -> costo: 76014.10000000002, rotte: {6: [(1, 4)], 3: [(1, 8)], 7: [(1, 11), (11, 10)], 8: [(1, 2)], 2: [(1, 3), (3, 8)], 9: [(1, 7), (7, 6), (6, 9)], 4: [(1, 3)], 5: [(1, 5), (5, 8)]}, padri: [50], figli: [51], mosse: [(9, 7, 1, 7, 1)]
bestSolutionIndice: 17
17 -> costo: 74666.8, rotte: {6: [(1, 4)], 3: [(1, 8)], 7: [(1, 11), (11, 10)], 8: [(1, 2)], 2: [(1, 3)], 9: [(1, 7), (7, 6), (6, 8), (8, 9)], 4: [(1, 3)], 5: [(1, 5), (5, 8)]}, padri: [16, 16, 16, 19, 24, 25, 26], figli: [], mosse: [(7, 7, 1, 11, 6), (7, 7, 11, 10, 9), (7, 7, 10, 11), (9, 7, 1, 7, 1), (9, 7, 7, 6, 4), (9, 9, 7, 6, 4), (9, 9, 6, 8, 1)]
trasportoPalletDiGamma: {6: [(4, 15)], 3: [(8, 10)], 7: [(11, 6), (10, 9)], 8: [(2, 20)], 2: [(3, 8)], 9: [(7, 1), (6, 4), (8, 1), (9, 14)], 4: [(3, 10)], 5: [(5, 8), (8, 7)]}
itMosseLS: 110, itMosseTS: 100
time elapsed: 2360.78s.


##########################################################################################
s: 1
dictSolutions[1]:
0 -> costo: 91642.50000000001, rotte: {4: [(1, 5), (5, 4)], 6: [(1, 2)], 3: [(1, 3)], 2: [(1, 11), (11, 8)], 7: [(1, 6), (6, 2), (2, 3)], 5: [(1, 9), (9, 3)], 8: [(1, 10), (10, 4)], 9: [(1, 7), (7, 8), (8, 4)]}, padri: [-1], figli: [1], mosse: [-1]
1 -> costo: 88662.0, rotte: {4: [(1, 5), (5, 4)], 6: [(1, 2)], 3: [(1, 3)], 2: [(1, 11), (11, 8)], 7: [(1, 6), (6, 2), (2, 3)], 5: [(1, 9), (9, 3)], 8: [(1, 4), (4, 10)], 9: [(1, 7), (7, 8), (8, 4)]}, padri: [0], figli: [2], mosse: [(8, 8, 10, 4)]
2 -> costo: 86180.0, rotte: {4: [(1, 5), (5, 4)], 6: [(1, 2)], 3: [(1, 3)], 2: [(1, 11), (11, 8)], 7: [(1, 6), (6, 2), (2, 3)], 5: [(1, 3), (3, 9)], 8: [(1, 4), (4, 10)], 9: [(1, 7), (7, 8), (8, 4)]}, padri: [1], figli: [3], mosse: [(5, 5, 1, 3, 1)]
3 -> costo: 84567.0, rotte: {4: [(1, 5), (5, 4)], 6: [(1, 2)], 3: [(1, 3)], 2: [(1, 11), (11, 8)], 7: [(1, 2), (2, 3), (3, 6)], 5: [(1, 3), (3, 9)], 8: [(1, 4), (4, 10)], 9: [(1, 7), (7, 8), (8, 4)]}, padri: [2], figli: [4], mosse: [(7, 7, 3, 6, 4)]
4 -> costo: 83307.0, rotte: {4: [(1, 5), (5, 4)], 6: [(1, 2)], 3: [(1, 3)], 2: [(1, 11), (11, 8)], 7: [(1, 2), (2, 3), (3, 6)], 5: [(1, 3), (3, 9)], 8: [(1, 4), (4, 10)], 9: [(1, 4), (4, 7), (7, 8)]}, padri: [3], figli: [5], mosse: [(9, 9, 1, 4, 2)]
5 -> costo: 82367.7, rotte: {4: [(1, 5), (5, 4)], 6: [(1, 2)], 3: [(1, 3)], 2: [(1, 8), (8, 11)], 7: [(1, 2), (2, 3), (3, 6)], 5: [(1, 3), (3, 9)], 8: [(1, 4), (4, 10)], 9: [(1, 4), (4, 7), (7, 8)]}, padri: [4], figli: [6], mosse: [(2, 2, 1, 8, 4)]
6 -> costo: 81397.7, rotte: {4: [(1, 5), (5, 4)], 6: [(1, 2)], 3: [(1, 3)], 2: [(1, 11)], 7: [(1, 2), (2, 3), (3, 8), (8, 6)], 5: [(1, 3), (3, 9)], 8: [(1, 4), (4, 10)], 9: [(1, 4), (4, 7), (7, 8)]}, padri: [5], figli: [7], mosse: [(7, 2, 3, 8, 4)]
7 -> costo: 80412.3, rotte: {4: [(1, 5), (5, 4)], 6: [(1, 2)], 3: [(1, 3)], 2: [(1, 4), (4, 11)], 7: [(1, 2), (2, 3), (3, 8), (8, 6)], 5: [(1, 3), (3, 9)], 8: [(1, 4), (4, 10)], 9: [(1, 7), (7, 8)]}, padri: [6], figli: [8, 8, 11, 11, 12, 12], mosse: [(2, 9, 1, 4, 2)]
8 -> costo: 78492.3, rotte: {4: [(1, 5)], 6: [(1, 2)], 3: [(1, 3)], 2: [(1, 4), (4, 11)], 7: [(1, 2), (2, 3), (3, 8), (8, 6)], 5: [(1, 3), (3, 9)], 8: [(1, 4), (4, 10)], 9: [(1, 7), (7, 8)]}, padri: [7, 7, 11, 11], figli: [9, 9, 13, 13, 14, 14, 15, 15], mosse: [(2, 4, 1, 4, 2), (2, 4, 11, 4, 2), (2, 4, 1, 4, 2), (2, 4, 11, 4, 2)]
9 -> costo: 78169.90000000001, rotte: {4: [(1, 5)], 6: [(1, 2)], 3: [(1, 3)], 2: [(1, 4), (4, 11)], 7: [(1, 2), (2, 3), (3, 6)], 5: [(1, 3), (3, 9)], 8: [(1, 4), (4, 10)], 9: [(1, 7), (7, 8)]}, padri: [8, 8, 12, 12, 13, 13, 14, 14, 15], figli: [10], mosse: [(9, 7, 1, 8, 4), (9, 7, 7, 8, 4), (2, 4, 1, 4, 2), (2, 4, 11, 4, 2), (2, 7, 1, 4, 2), (2, 7, 11, 4, 2), (2, 7, 1, 4, 2), (2, 7, 11, 4, 2), (2, 7, 1, 4, 4)]
10 -> costo: 77966.1, rotte: {4: [(1, 5)], 6: [(1, 2)], 3: [(1, 3)], 2: [(1, 4), (4, 11)], 7: [(1, 2), (2, 3), (3, 7), (7, 6)], 5: [(1, 3), (3, 9)], 8: [(1, 4), (4, 10)], 9: [(1, 8)]}, padri: [9, 18, 18, 22, 22, 23, 23], figli: [], mosse: [(7, 9, 3, 7, 1), (2, 7, 1, 4, 2), (2, 7, 11, 4, 2), (2, 7, 1, 4, 2), (2, 7, 11, 4, 2), (2, 4, 1, 4, 2), (2, 4, 11, 4, 2)]
11 -> costo: 79750.90000000001, rotte: {4: [(1, 4), (4, 5)], 6: [(1, 2)], 3: [(1, 3)], 2: [(1, 4), (4, 11)], 7: [(1, 2), (2, 3), (3, 8), (8, 6)], 5: [(1, 3), (3, 9)], 8: [(1, 4), (4, 10)], 9: [(1, 7), (7, 8)]}, padri: [7], figli: [8, 8, 12, 12], mosse: [(4, 4, 1, 4, 2)]
12 -> costo: 79428.5, rotte: {4: [(1, 4), (4, 5)], 6: [(1, 2)], 3: [(1, 3)], 2: [(1, 4), (4, 11)], 7: [(1, 2), (2, 3), (3, 6)], 5: [(1, 3), (3, 9)], 8: [(1, 4), (4, 10)], 9: [(1, 7), (7, 8)]}, padri: [11], figli: [9, 9, 13, 13, 14, 14, 15, 15, 23], mosse: [(9, 7, 1, 8, 4)]
13 -> costo: 79042.6, rotte: {4: [(1, 5)], 6: [(1, 2)], 3: [(1, 3)], 2: [(1, 4), (4, 11)], 7: [(1, 2), (2, 4), (4, 3), (3, 6)], 5: [(1, 3), (3, 9)], 8: [(1, 4), (4, 10)], 9: [(1, 7), (7, 8)]}, padri: [12], figli: [9, 9, 14, 14, 15, 15, 19, 19, 19, 19, 22, 22, 22, 22], mosse: [(7, 4, 2, 4, 2)]
14 -> costo: 78562.3, rotte: {4: [(1, 5)], 6: [(1, 2)], 3: [(1, 3)], 2: [(1, 4), (4, 11)], 7: [(1, 4), (4, 2), (2, 3), (3, 6)], 5: [(1, 3), (3, 9)], 8: [(1, 4), (4, 10)], 9: [(1, 7), (7, 8)]}, padri: [13], figli: [9, 9, 15, 15, 15, 15, 15, 18, 18, 18, 18], mosse: [(7, 7, 4, 2, 5)]
15 -> costo: 78299.5, rotte: {4: [(1, 5)], 6: [(1, 2)], 3: [(1, 3)], 2: [(1, 11)], 7: [(1, 4), (4, 2), (2, 3), (3, 6)], 5: [(1, 3), (3, 9)], 8: [(1, 4), (4, 10)], 9: [(1, 7), (7, 8)]}, padri: [14, 14, 14, 14, 19], figli: [16, 9, 21], mosse: [(7, 2, 1, 4, 2), (7, 2, 2, 4, 2), (7, 2, 3, 4, 2), (7, 2, 6, 4, 2), (7, 7, 4, 2, 5)]
16 -> costo: 77383.90000000001, rotte: {4: [(1, 5)], 6: [(1, 2)], 3: [(1, 3)], 2: [(1, 3), (3, 11)], 7: [(1, 4), (4, 2), (2, 3), (3, 6)], 5: [(1, 9)], 8: [(1, 4), (4, 10)], 9: [(1, 7), (7, 8)]}, padri: [15, 20], figli: [17], mosse: [(2, 5, 1, 3, 1), (7, 7, 4, 2, 5)]
17 -> costo: 77341.6, rotte: {4: [(1, 5)], 6: [(1, 2)], 3: [(1, 3)], 2: [(1, 3), (3, 11)], 7: [(1, 4), (4, 2), (2, 3), (3, 6)], 5: [(1, 7), (7, 9)], 8: [(1, 4), (4, 10)], 9: [(1, 8)]}, padri: [16, 21], figli: [], mosse: [(5, 9, 1, 7, 1), (7, 7, 4, 2, 5)]
18 -> costo: 78358.5, rotte: {4: [(1, 5)], 6: [(1, 2)], 3: [(1, 3)], 2: [(1, 4), (4, 11)], 7: [(1, 4), (4, 2), (2, 3), (3, 7), (7, 6)], 5: [(1, 3), (3, 9)], 8: [(1, 4), (4, 10)], 9: [(1, 8)]}, padri: [14, 22], figli: [10, 10], mosse: [(7, 9, 3, 7, 1), (7, 7, 4, 2, 5)]
19 -> costo: 78779.8, rotte: {4: [(1, 5)], 6: [(1, 2)], 3: [(1, 3)], 2: [(1, 11)], 7: [(1, 2), (2, 4), (4, 3), (3, 6)], 5: [(1, 3), (3, 9)], 8: [(1, 4), (4, 10)], 9: [(1, 7), (7, 8)]}, padri: [13, 13, 13, 13], figli: [20, 15], mosse: [(7, 2, 1, 4, 2), (7, 2, 2, 4, 2), (7, 2, 3, 4, 2), (7, 2, 6, 4, 2)]
20 -> costo: 77864.2, rotte: {4: [(1, 5)], 6: [(1, 2)], 3: [(1, 3)], 2: [(1, 3), (3, 11)], 7: [(1, 2), (2, 4), (4, 3), (3, 6)], 5: [(1, 9)], 8: [(1, 4), (4, 10)], 9: [(1, 7), (7, 8)]}, padri: [19], figli: [16, 21], mosse: [(2, 5, 1, 3, 1)]
21 -> costo: 77821.90000000001, rotte: {4: [(1, 5)], 6: [(1, 2)], 3: [(1, 3)], 2: [(1, 3), (3, 11)], 7: [(1, 2), (2, 4), (4, 3), (3, 6)], 5: [(1, 7), (7, 9)], 8: [(1, 4), (4, 10)], 9: [(1, 8)]}, padri: [20], figli: [17], mosse: [(5, 9, 1, 7, 1)]
22 -> costo: 78838.8, rotte: {4: [(1, 5)], 6: [(1, 2)], 3: [(1, 3)], 2: [(1, 4), (4, 11)], 7: [(1, 2), (2, 4), (4, 3), (3, 7), (7, 6)], 5: [(1, 3), (3, 9)], 8: [(1, 4), (4, 10)], 9: [(1, 8)]}, padri: [13, 23], figli: [10, 10, 18], mosse: [(7, 9, 3, 7, 1), (7, 4, 2, 4, 2)]
23 -> costo: 79224.7, rotte: {4: [(1, 4), (4, 5)], 6: [(1, 2)], 3: [(1, 3)], 2: [(1, 4), (4, 11)], 7: [(1, 2), (2, 3), (3, 7), (7, 6)], 5: [(1, 3), (3, 9)], 8: [(1, 4), (4, 10)], 9: [(1, 8)]}, padri: [12], figli: [10, 10, 22], mosse: [(7, 9, 3, 7, 1)]
bestSolutionIndice: 17
17 -> costo: 77341.6, rotte: {4: [(1, 5)], 6: [(1, 2)], 3: [(1, 3)], 2: [(1, 3), (3, 11)], 7: [(1, 4), (4, 2), (2, 3), (3, 6)], 5: [(1, 7), (7, 9)], 8: [(1, 4), (4, 10)], 9: [(1, 8)]}, padri: [16, 21], figli: [], mosse: [(5, 9, 1, 7, 1), (7, 7, 4, 2, 5)]
trasportoPalletDiGamma: {4: [(5, 8)], 6: [(2, 15)], 3: [(3, 10)], 2: [(3, 1), (11, 6)], 7: [(4, 4), (2, 5), (3, 7), (6, 4)], 5: [(7, 1), (9, 14)], 8: [(4, 11), (10, 9)], 9: [(8, 18)]}
itMosseLS: 51, itMosseTS: 41
time elapsed: 1249.23s.


##########################################################################################
##########################################################################################
##########################################################################################
