itNSIMax: 3, itMosseTSMax: 200.
##########################################################################################
s: 1
dictSolutions[1]:
0 -> costo: 88705.59999999999, rotte: {2: [(1, 10), (10, 7)], 5: [(1, 5), (5, 4)], 9: [(1, 11), (11, 3), (3, 4)], 8: [(1, 6), (6, 8), (8, 4)], 7: [(1, 2)], 4: [(1, 3)], 6: [(1, 9), (9, 4)], 3: [(1, 8)]}, padri: [-1], figli: [1], mosse: [-1]
1 -> costo: 85864.89999999998, rotte: {2: [(1, 10), (10, 7)], 5: [(1, 5), (5, 4)], 9: [(1, 11), (11, 3), (3, 4)], 8: [(1, 6), (6, 8), (8, 4)], 7: [(1, 2)], 4: [(1, 3)], 6: [(1, 4), (4, 9)], 3: [(1, 8)]}, padri: [0], figli: [2], mosse: [(6, 6, 9, 4)]
2 -> costo: 83585.39999999998, rotte: {2: [(1, 7), (7, 10)], 5: [(1, 5), (5, 4)], 9: [(1, 11), (11, 3), (3, 4)], 8: [(1, 6), (6, 8), (8, 4)], 7: [(1, 2)], 4: [(1, 3)], 6: [(1, 4), (4, 9)], 3: [(1, 8)]}, padri: [1], figli: [3], mosse: [(2, 2, 1, 7, 1)]
3 -> costo: 82335.79999999999, rotte: {2: [(1, 7), (7, 10)], 5: [(1, 5), (5, 4)], 9: [(1, 11), (11, 3), (3, 4)], 8: [(1, 4), (4, 6), (6, 8)], 7: [(1, 2)], 4: [(1, 3)], 6: [(1, 4), (4, 9)], 3: [(1, 8)]}, padri: [2], figli: [4, 8, 8, 8, 26, 26, 26, 28, 29], mosse: [(8, 8, 1, 4, 1)]
4 -> costo: 81305.9, rotte: {2: [(1, 7), (7, 10)], 5: [(1, 5), (5, 4)], 9: [(1, 3), (3, 4)], 8: [(1, 4), (4, 6), (6, 8), (8, 11)], 7: [(1, 2)], 4: [(1, 3)], 6: [(1, 4), (4, 9)], 3: [(1, 8)]}, padri: [3, 29], figli: [5, 5, 5, 7, 7, 7, 7, 9, 9, 9, 13, 13, 13], mosse: [(8, 9, 8, 11, 6), (8, 8, 8, 11, 6)]
5 -> costo: 80644.5, rotte: {2: [(1, 7), (7, 10)], 5: [(1, 4), (4, 5)], 9: [(1, 3), (3, 4)], 8: [(1, 4), (4, 6), (6, 8), (8, 11)], 7: [(1, 2)], 4: [(1, 3)], 6: [(1, 4), (4, 9)], 3: [(1, 8)]}, padri: [4, 4, 4, 8, 12], figli: [6, 6], mosse: [(5, 5, 1, 4, 7), (5, 5, 4, 5, 8), (5, 5, 5, 4), (8, 9, 8, 11, 6), (8, 8, 8, 11, 6)]
6 -> costo: 80348.2, rotte: {2: [(1, 7), (7, 10)], 5: [(1, 4), (4, 5)], 9: [(1, 4), (4, 3)], 8: [(1, 4), (4, 6), (6, 8), (8, 11)], 7: [(1, 2)], 4: [(1, 3)], 6: [(1, 4), (4, 9)], 3: [(1, 8)]}, padri: [5, 5, 7, 7, 7, 15], figli: [], mosse: [(9, 9, 1, 4, 6), (9, 9, 4, 3, 8), (5, 5, 1, 4, 7), (5, 5, 4, 5, 8), (5, 5, 5, 4), (8, 8, 8, 11, 6)]
7 -> costo: 81009.59999999999, rotte: {2: [(1, 7), (7, 10)], 5: [(1, 5), (5, 4)], 9: [(1, 4), (4, 3)], 8: [(1, 4), (4, 6), (6, 8), (8, 11)], 7: [(1, 2)], 4: [(1, 3)], 6: [(1, 4), (4, 9)], 3: [(1, 8)]}, padri: [4, 4, 32], figli: [6, 6, 6], mosse: [(9, 9, 1, 4, 6), (9, 9, 4, 3, 8), (8, 8, 8, 11, 6)]
8 -> costo: 81674.4, rotte: {2: [(1, 7), (7, 10)], 5: [(1, 4), (4, 5)], 9: [(1, 11), (11, 3), (3, 4)], 8: [(1, 4), (4, 6), (6, 8)], 7: [(1, 2)], 4: [(1, 3)], 6: [(1, 4), (4, 9)], 3: [(1, 8)]}, padri: [3, 3, 3], figli: [5, 9, 11, 12, 13, 30], mosse: [(5, 5, 1, 4, 7), (5, 5, 4, 5, 8), (5, 5, 5, 4)]
9 -> costo: 81260.59999999999, rotte: {2: [(1, 7), (7, 10)], 5: [(1, 4), (4, 5)], 9: [(1, 3), (3, 4), (4, 11)], 8: [(1, 4), (4, 6), (6, 8)], 7: [(1, 2)], 4: [(1, 3)], 6: [(1, 4), (4, 9)], 3: [(1, 8)]}, padri: [8, 11, 26, 26, 26], figli: [10], mosse: [(9, 9, 4, 11, 6), (9, 9, 1, 3, 8), (5, 5, 1, 4, 7), (5, 5, 4, 5, 8), (5, 5, 5, 4)]
10 -> costo: 79403.2, rotte: {2: [(1, 7), (7, 10)], 5: [(1, 4), (4, 5)], 9: [(1, 4), (4, 3), (3, 11)], 8: [(1, 4), (4, 6), (6, 8)], 7: [(1, 2)], 4: [(1, 3)], 6: [(1, 4), (4, 9)], 3: [(1, 8)]}, padri: [9, 11, 11, 27, 27, 27], figli: [], mosse: [(9, 9, 4, 3, 8), (9, 9, 4, 3, 8), (9, 9, 3, 11, 6), (5, 5, 1, 4, 7), (5, 5, 4, 5, 8), (5, 5, 5, 4)]
11 -> costo: 81378.09999999999, rotte: {2: [(1, 7), (7, 10)], 5: [(1, 4), (4, 5)], 9: [(1, 4), (4, 11), (11, 3)], 8: [(1, 4), (4, 6), (6, 8)], 7: [(1, 2)], 4: [(1, 3)], 6: [(1, 4), (4, 9)], 3: [(1, 8)]}, padri: [8, 28, 28, 28], figli: [10, 10, 9], mosse: [(9, 9, 1, 4, 6), (5, 5, 1, 4, 7), (5, 5, 4, 5, 8), (5, 5, 5, 4)]
12 -> costo: 81399.09999999999, rotte: {2: [(1, 7), (7, 10)], 5: [(1, 4), (4, 5)], 9: [(1, 3), (3, 4)], 8: [(1, 4), (4, 11), (11, 6), (6, 8)], 7: [(1, 2)], 4: [(1, 3)], 6: [(1, 4), (4, 9)], 3: [(1, 8)]}, padri: [8, 29, 29, 29], figli: [5, 13, 13, 13, 15, 15, 15, 15, 21, 21, 31, 31, 31], mosse: [(8, 9, 4, 11, 6), (5, 5, 1, 4, 7), (5, 5, 4, 5, 8), (5, 5, 5, 4)]
13 -> costo: 80958.99999999999, rotte: {2: [(1, 7), (7, 10)], 5: [(1, 4), (4, 5)], 9: [(1, 3), (3, 4)], 8: [(1, 4), (4, 11), (11, 8), (8, 6)], 7: [(1, 2)], 4: [(1, 3)], 6: [(1, 4), (4, 9)], 3: [(1, 8)]}, padri: [12, 12, 12, 30, 30, 30], figli: [14, 14, 16, 16], mosse: [(8, 8, 6, 8), (8, 8, 11, 8, 8), (8, 8, 8, 6, 4), (5, 5, 1, 4, 7), (5, 5, 4, 5, 8), (5, 5, 5, 4)]
14 -> costo: 80662.69999999998, rotte: {2: [(1, 7), (7, 10)], 5: [(1, 4), (4, 5)], 9: [(1, 4), (4, 3)], 8: [(1, 4), (4, 11), (11, 8), (8, 6)], 7: [(1, 2)], 4: [(1, 3)], 6: [(1, 4), (4, 9)], 3: [(1, 8)]}, padri: [13, 13, 15, 15, 15, 31, 31, 31], figli: [], mosse: [(9, 9, 1, 4, 6), (9, 9, 4, 3, 8), (8, 8, 6, 8), (8, 8, 11, 8, 8), (8, 8, 8, 6, 4), (5, 5, 1, 4, 7), (5, 5, 4, 5, 8), (5, 5, 5, 4)]
15 -> costo: 81102.79999999999, rotte: {2: [(1, 7), (7, 10)], 5: [(1, 4), (4, 5)], 9: [(1, 4), (4, 3)], 8: [(1, 4), (4, 11), (11, 6), (6, 8)], 7: [(1, 2)], 4: [(1, 3)], 6: [(1, 4), (4, 9)], 3: [(1, 8)]}, padri: [12, 12, 32, 32], figli: [6, 14, 14, 14, 16, 16, 16], mosse: [(9, 9, 1, 4, 6), (9, 9, 4, 3, 8), (5, 5, 1, 4, 7), (5, 5, 4, 5, 8)]
16 -> costo: 80992.59999999999, rotte: {2: [(1, 10)], 5: [(1, 4), (4, 5)], 9: [(1, 4), (4, 3)], 8: [(1, 4), (4, 11), (11, 7), (7, 6), (6, 8)], 7: [(1, 2)], 4: [(1, 3)], 6: [(1, 4), (4, 9)], 3: [(1, 8)]}, padri: [15, 21, 21], figli: [17, 20], mosse: [(8, 2, 11, 7, 1), (9, 9, 1, 4, 6), (9, 9, 4, 3, 8)]
17 -> costo: 80218.8, rotte: {2: [(1, 4), (4, 10)], 5: [(1, 4), (4, 5)], 9: [(1, 4), (4, 3)], 8: [(1, 4), (4, 11), (11, 7), (7, 6), (6, 8)], 7: [(1, 2)], 4: [(1, 3)], 6: [(1, 9)], 3: [(1, 8)]}, padri: [16, 22, 22], figli: [18, 24], mosse: [(2, 6, 1, 4, 1), (9, 9, 1, 4, 6), (9, 9, 4, 3, 8)]
18 -> costo: 79866.9, rotte: {2: [(1, 4), (4, 10)], 5: [(1, 4), (4, 5)], 9: [(1, 4), (4, 3)], 8: [(1, 4), (4, 7), (7, 6), (6, 8), (8, 11)], 7: [(1, 2)], 4: [(1, 3)], 6: [(1, 9)], 3: [(1, 8)]}, padri: [17, 20, 23, 23], figli: [19], mosse: [(8, 8, 8, 11, 6), (2, 6, 1, 4, 1), (9, 9, 1, 4, 6), (9, 9, 4, 3, 8)]
19 -> costo: 79723.09999999999, rotte: {2: [(1, 4), (4, 10)], 5: [(1, 4), (4, 5)], 9: [(1, 4), (4, 3)], 8: [(1, 7), (7, 6), (6, 8), (8, 11)], 7: [(1, 2)], 4: [(1, 3)], 6: [(1, 4), (4, 9)], 3: [(1, 8)]}, padri: [18, 20, 24, 24], figli: [], mosse: [(6, 8, 1, 4, 1), (2, 8, 1, 4, 1), (9, 9, 1, 4, 6), (9, 9, 4, 3, 8)]
20 -> costo: 80640.69999999998, rotte: {2: [(1, 10)], 5: [(1, 4), (4, 5)], 9: [(1, 4), (4, 3)], 8: [(1, 4), (4, 7), (7, 6), (6, 8), (8, 11)], 7: [(1, 2)], 4: [(1, 3)], 6: [(1, 4), (4, 9)], 3: [(1, 8)]}, padri: [16, 25, 25], figli: [19, 18, 24], mosse: [(8, 8, 8, 11, 6), (9, 9, 1, 4, 6), (9, 9, 4, 3, 8)]
21 -> costo: 81288.9, rotte: {2: [(1, 10)], 5: [(1, 4), (4, 5)], 9: [(1, 3), (3, 4)], 8: [(1, 4), (4, 11), (11, 7), (7, 6), (6, 8)], 7: [(1, 2)], 4: [(1, 3)], 6: [(1, 4), (4, 9)], 3: [(1, 8)]}, padri: [12], figli: [22, 25, 16, 16], mosse: [(8, 2, 11, 7, 1)]
22 -> costo: 80515.09999999999, rotte: {2: [(1, 4), (4, 10)], 5: [(1, 4), (4, 5)], 9: [(1, 3), (3, 4)], 8: [(1, 4), (4, 11), (11, 7), (7, 6), (6, 8)], 7: [(1, 2)], 4: [(1, 3)], 6: [(1, 9)], 3: [(1, 8)]}, padri: [21], figli: [23, 17, 17], mosse: [(2, 6, 1, 4, 1)]
23 -> costo: 80163.2, rotte: {2: [(1, 4), (4, 10)], 5: [(1, 4), (4, 5)], 9: [(1, 3), (3, 4)], 8: [(1, 4), (4, 7), (7, 6), (6, 8), (8, 11)], 7: [(1, 2)], 4: [(1, 3)], 6: [(1, 9)], 3: [(1, 8)]}, padri: [22, 25], figli: [18, 18, 24, 24], mosse: [(8, 8, 8, 11, 6), (2, 6, 1, 4, 1)]
24 -> costo: 80019.4, rotte: {2: [(1, 4), (4, 10)], 5: [(1, 4), (4, 5)], 9: [(1, 3), (3, 4)], 8: [(1, 7), (7, 6), (6, 8), (8, 11)], 7: [(1, 2)], 4: [(1, 3)], 6: [(1, 4), (4, 9)], 3: [(1, 8)]}, padri: [23, 25], figli: [19, 19], mosse: [(6, 8, 1, 4, 1), (2, 8, 1, 4, 1)]
25 -> costo: 80936.99999999999, rotte: {2: [(1, 10)], 5: [(1, 4), (4, 5)], 9: [(1, 3), (3, 4)], 8: [(1, 4), (4, 7), (7, 6), (6, 8), (8, 11)], 7: [(1, 2)], 4: [(1, 3)], 6: [(1, 4), (4, 9)], 3: [(1, 8)]}, padri: [21], figli: [24, 23, 20, 20], mosse: [(8, 8, 8, 11, 6)]
26 -> costo: 81922.0, rotte: {2: [(1, 7), (7, 10)], 5: [(1, 5), (5, 4)], 9: [(1, 3), (3, 4), (4, 11)], 8: [(1, 4), (4, 6), (6, 8)], 7: [(1, 2)], 4: [(1, 3)], 6: [(1, 4), (4, 9)], 3: [(1, 8)]}, padri: [3, 28], figli: [27, 9, 9, 9], mosse: [(9, 9, 4, 11, 6), (9, 9, 1, 3, 8)]
27 -> costo: 80064.59999999999, rotte: {2: [(1, 7), (7, 10)], 5: [(1, 5), (5, 4)], 9: [(1, 4), (4, 3), (3, 11)], 8: [(1, 4), (4, 6), (6, 8)], 7: [(1, 2)], 4: [(1, 3)], 6: [(1, 4), (4, 9)], 3: [(1, 8)]}, padri: [26, 28, 28], figli: [10, 10, 10], mosse: [(9, 9, 4, 3, 8), (9, 9, 4, 3, 8), (9, 9, 3, 11, 6)]
28 -> costo: 82039.5, rotte: {2: [(1, 7), (7, 10)], 5: [(1, 5), (5, 4)], 9: [(1, 4), (4, 11), (11, 3)], 8: [(1, 4), (4, 6), (6, 8)], 7: [(1, 2)], 4: [(1, 3)], 6: [(1, 4), (4, 9)], 3: [(1, 8)]}, padri: [3], figli: [27, 27, 11, 11, 11, 26], mosse: [(9, 9, 1, 4, 6)]
29 -> costo: 82060.49999999999, rotte: {2: [(1, 7), (7, 10)], 5: [(1, 5), (5, 4)], 9: [(1, 3), (3, 4)], 8: [(1, 4), (4, 11), (11, 6), (6, 8)], 7: [(1, 2)], 4: [(1, 3)], 6: [(1, 4), (4, 9)], 3: [(1, 8)]}, padri: [3], figli: [4, 12, 12, 12, 30, 30, 30, 30, 30, 32, 32, 32], mosse: [(8, 9, 4, 11, 6)]
30 -> costo: 81620.39999999998, rotte: {2: [(1, 7), (7, 10)], 5: [(1, 5), (5, 4)], 9: [(1, 3), (3, 4)], 8: [(1, 4), (4, 11), (11, 8), (8, 6)], 7: [(1, 2)], 4: [(1, 3)], 6: [(1, 4), (4, 9)], 3: [(1, 8)]}, padri: [29, 29, 29], figli: [13, 13, 13, 31, 31, 31, 31], mosse: [(8, 8, 6, 8), (8, 8, 11, 8, 8), (8, 8, 8, 6, 4)]
31 -> costo: 81324.09999999999, rotte: {2: [(1, 7), (7, 10)], 5: [(1, 5), (5, 4)], 9: [(1, 4), (4, 3)], 8: [(1, 4), (4, 11), (11, 8), (8, 6)], 7: [(1, 2)], 4: [(1, 3)], 6: [(1, 4), (4, 9)], 3: [(1, 8)]}, padri: [30, 30], figli: [14, 14, 14], mosse: [(9, 9, 1, 4, 6), (9, 9, 4, 3, 8)]
32 -> costo: 81764.2, rotte: {2: [(1, 7), (7, 10)], 5: [(1, 5), (5, 4)], 9: [(1, 4), (4, 3)], 8: [(1, 4), (4, 11), (11, 6), (6, 8)], 7: [(1, 2)], 4: [(1, 3)], 6: [(1, 4), (4, 9)], 3: [(1, 8)]}, padri: [29], figli: [7, 15, 15], mosse: [(9, 9, 1, 4, 6)]
bestSolutionIndice: 10
10 -> costo: 79403.2, rotte: {2: [(1, 7), (7, 10)], 5: [(1, 4), (4, 5)], 9: [(1, 4), (4, 3), (3, 11)], 8: [(1, 4), (4, 6), (6, 8)], 7: [(1, 2)], 4: [(1, 3)], 6: [(1, 4), (4, 9)], 3: [(1, 8)]}, padri: [9, 11, 11, 27, 27, 27], figli: [], mosse: [(9, 9, 4, 3, 8), (9, 9, 4, 3, 8), (9, 9, 3, 11, 6), (5, 5, 1, 4, 7), (5, 5, 4, 5, 8), (5, 5, 5, 4)]
trasportoPalletDiGamma: {2: [(7, 1), (10, 9)], 5: [(4, 7), (5, 8)], 9: [(4, 6), (3, 8), (11, 6)], 8: [(4, 1), (6, 4), (8, 8)], 7: [(2, 20)], 4: [(3, 10)], 6: [(4, 1), (9, 14)], 3: [(8, 10)]}
itMosseLS: 96, itMosseTS: 90
time elapsed: 3604.64s.


##########################################################################################
##########################################################################################
