itNSIMax: 10, itMosseTSMax: 20.
##########################################################################################
s: 1
dictSolutions[1]:
0 -> costo: 89032.5, rotte: {8: [(1, 3), (3, 8)], 3: [(1, 5), (5, 6)], 2: [(1, 9)], 5: [(1, 7), (7, 9), (9, 2)], 6: [(1, 10), (10, 2)], 7: [(1, 11), (11, 8)], 9: [(1, 4), (4, 6), (6, 8)], 4: [(1, 2)]}, padri: [-1], figli: [1], mosse: [-1]
1 -> costo: 86348.0, rotte: {8: [(1, 3), (3, 8)], 3: [(1, 5), (5, 6)], 2: [(1, 9)], 5: [(1, 2), (2, 7), (7, 9)], 6: [(1, 10), (10, 2)], 7: [(1, 11), (11, 8)], 9: [(1, 4), (4, 6), (6, 8)], 4: [(1, 2)]}, padri: [0], figli: [2, 13], mosse: [(5, 5, 1, 2, 4)]
2 -> costo: 83256.4, rotte: {8: [(1, 3), (3, 8)], 3: [(1, 5), (5, 6)], 2: [(1, 9)], 5: [(1, 2), (2, 7), (7, 9)], 6: [(1, 2), (2, 10)], 7: [(1, 11), (11, 8)], 9: [(1, 4), (4, 6), (6, 8)], 4: [(1, 2)]}, padri: [1], figli: [3, 9, 9, 9, 10, 10, 10, 11, 12], mosse: [(6, 6, 10, 2)]
3 -> costo: 82228.8, rotte: {8: [(1, 3), (3, 8)], 3: [(1, 5), (5, 6)], 2: [(1, 9)], 5: [(1, 2), (2, 7), (7, 11), (11, 9)], 6: [(1, 2), (2, 10)], 7: [(1, 8)], 9: [(1, 4), (4, 6), (6, 8)], 4: [(1, 2)]}, padri: [2, 10, 11, 11, 11], figli: [4], mosse: [(5, 7, 7, 11, 6), (5, 5, 7, 11, 6), (5, 5, 9, 11), (5, 5, 7, 11, 6), (5, 5, 11, 9, 4)]
4 -> costo: 82045.2, rotte: {8: [(1, 3), (3, 8)], 3: [(1, 5), (5, 6)], 2: [(1, 9)], 5: [(1, 7), (7, 11), (11, 9)], 6: [(1, 2), (2, 10)], 7: [(1, 2), (2, 8)], 9: [(1, 4), (4, 6), (6, 8)], 4: [(1, 2)]}, padri: [3, 12, 12, 12], figli: [5, 7], mosse: [(7, 5, 1, 2, 4), (5, 5, 9, 11), (5, 5, 7, 11, 6), (5, 5, 11, 9, 4)]
5 -> costo: 81911.09999999999, rotte: {8: [(1, 3), (3, 8)], 3: [(1, 5), (5, 6)], 2: [(1, 9)], 5: [(1, 11), (11, 9)], 6: [(1, 2), (2, 10)], 7: [(1, 2), (2, 7), (7, 8)], 9: [(1, 4), (4, 6), (6, 8)], 4: [(1, 2)]}, padri: [4], figli: [6], mosse: [(7, 5, 2, 7, 1)]
6 -> costo: 80931.2, rotte: {8: [(1, 3), (3, 8)], 3: [(1, 5), (5, 6)], 2: [(1, 9)], 5: [(1, 2), (2, 11), (11, 9)], 6: [(1, 2), (2, 10)], 7: [(1, 7), (7, 8)], 9: [(1, 4), (4, 6), (6, 8)], 4: [(1, 2)]}, padri: [5], figli: [], mosse: [(5, 7, 1, 2, 4)]
7 -> costo: 81926.4, rotte: {8: [(1, 3), (3, 8)], 3: [(1, 5), (5, 6)], 2: [(1, 9)], 5: [(1, 11), (11, 9)], 6: [(1, 2), (2, 10)], 7: [(1, 2), (2, 8)], 9: [(1, 4), (4, 7), (7, 6), (6, 8)], 4: [(1, 2)]}, padri: [4], figli: [8], mosse: [(9, 5, 4, 7, 1)]
8 -> costo: 81130.09999999999, rotte: {8: [(1, 3), (3, 8)], 3: [(1, 5), (5, 6)], 2: [(1, 9)], 5: [(1, 2), (2, 11), (11, 9)], 6: [(1, 2), (2, 10)], 7: [(1, 8)], 9: [(1, 4), (4, 7), (7, 6), (6, 8)], 4: [(1, 2)]}, padri: [7], figli: [], mosse: [(5, 7, 1, 2, 4)]
9 -> costo: 82317.1, rotte: {8: [(1, 3), (3, 8)], 3: [(1, 5), (5, 6)], 2: [(1, 9)], 5: [(1, 2), (2, 7), (7, 9)], 6: [(1, 2), (2, 10)], 7: [(1, 8), (8, 11)], 9: [(1, 4), (4, 6), (6, 8)], 4: [(1, 2)]}, padri: [2, 2, 2, 13], figli: [], mosse: [(7, 7, 11, 8), (7, 7, 1, 8, 14), (7, 7, 8, 11, 6), (6, 6, 1, 2, 6)]
10 -> costo: 82674.5, rotte: {8: [(1, 3), (3, 8)], 3: [(1, 5), (5, 6)], 2: [(1, 9)], 5: [(1, 2), (2, 11), (11, 7), (7, 9)], 6: [(1, 2), (2, 10)], 7: [(1, 8)], 9: [(1, 4), (4, 6), (6, 8)], 4: [(1, 2)]}, padri: [2], figli: [3, 11, 12], mosse: [(5, 7, 2, 11, 6)]
11 -> costo: 82422.2, rotte: {8: [(1, 3), (3, 8)], 3: [(1, 5), (5, 6)], 2: [(1, 9)], 5: [(1, 2), (2, 7), (7, 9), (9, 11)], 6: [(1, 2), (2, 10)], 7: [(1, 8)], 9: [(1, 4), (4, 6), (6, 8)], 4: [(1, 2)]}, padri: [10], figli: [3, 3, 3, 12, 12, 12], mosse: [(5, 5, 9, 11, 6)]
12 -> costo: 82238.6, rotte: {8: [(1, 3), (3, 8)], 3: [(1, 5), (5, 6)], 2: [(1, 9)], 5: [(1, 7), (7, 9), (9, 11)], 6: [(1, 2), (2, 10)], 7: [(1, 2), (2, 8)], 9: [(1, 4), (4, 6), (6, 8)], 4: [(1, 2)]}, padri: [11], figli: [4, 4, 4], mosse: [(7, 5, 1, 2, 4)]
13 -> costo: 85408.70000000001, rotte: {8: [(1, 3), (3, 8)], 3: [(1, 5), (5, 6)], 2: [(1, 9)], 5: [(1, 2), (2, 7), (7, 9)], 6: [(1, 10), (10, 2)], 7: [(1, 8), (8, 11)], 9: [(1, 4), (4, 6), (6, 8)], 4: [(1, 2)]}, padri: [1], figli: [9], mosse: [(7, 7, 11, 8)]
bestSolutionIndice: 6
6 -> costo: 80931.2, rotte: {8: [(1, 3), (3, 8)], 3: [(1, 5), (5, 6)], 2: [(1, 9)], 5: [(1, 2), (2, 11), (11, 9)], 6: [(1, 2), (2, 10)], 7: [(1, 7), (7, 8)], 9: [(1, 4), (4, 6), (6, 8)], 4: [(1, 2)]}, padri: [5], figli: [], mosse: [(5, 7, 1, 2, 4)]
trasportoPalletDiGamma: {8: [(3, 18), (8, 2)], 3: [(5, 8), (6, 2)], 2: [(9, 10)], 5: [(2, 4), (11, 6), (9, 4)], 6: [(2, 6), (10, 9)], 7: [(7, 1), (8, 14)], 9: [(4, 15), (6, 2), (8, 2)], 4: [(2, 10)]}
itMosseLS: 23, itMosseTS: 20
time elapsed: 502.35s.


##########################################################################################
s: 1
dictSolutions[1]:
0 -> costo: 93180.59999999999, rotte: {8: [(1, 6), (6, 2)], 7: [(1, 7), (7, 4)], 6: [(1, 3)], 4: [(1, 5), (5, 3)], 3: [(1, 10), (10, 2)], 9: [(1, 8), (8, 3)], 5: [(1, 9), (9, 2)], 2: [(1, 11), (11, 2)]}, padri: [-1], figli: [1], mosse: [-1]
1 -> costo: 90228.20000000001, rotte: {8: [(1, 6), (6, 2)], 7: [(1, 7), (7, 4)], 6: [(1, 3)], 4: [(1, 5), (5, 3)], 3: [(1, 10), (10, 2)], 9: [(1, 8), (8, 3)], 5: [(1, 2), (2, 9)], 2: [(1, 11), (11, 2)]}, padri: [0], figli: [2], mosse: [(5, 5, 1, 2, 1)]
2 -> costo: 87136.6, rotte: {8: [(1, 6), (6, 2)], 7: [(1, 7), (7, 4)], 6: [(1, 3)], 4: [(1, 5), (5, 3)], 3: [(1, 2), (2, 10)], 9: [(1, 8), (8, 3)], 5: [(1, 2), (2, 9)], 2: [(1, 11), (11, 2)]}, padri: [1], figli: [3], mosse: [(3, 3, 10, 2)]
3 -> costo: 84327.90000000001, rotte: {8: [(1, 6), (6, 2)], 7: [(1, 4)], 6: [(1, 3)], 4: [(1, 5), (5, 3)], 3: [(1, 2), (2, 10)], 9: [(1, 7), (7, 8), (8, 3)], 5: [(1, 2), (2, 9)], 2: [(1, 11), (11, 2)]}, padri: [2], figli: [4], mosse: [(9, 7, 1, 7, 1)]
4 -> costo: 81945.6, rotte: {8: [(1, 6), (6, 2)], 7: [(1, 4)], 6: [(1, 3)], 4: [(1, 5), (5, 3)], 3: [(1, 2), (2, 10)], 9: [(1, 7), (7, 8), (8, 3)], 5: [(1, 2), (2, 9)], 2: [(1, 2), (2, 11)]}, padri: [3], figli: [5], mosse: [(2, 2, 11, 2)]
5 -> costo: 80871.8, rotte: {8: [(1, 2), (2, 6)], 7: [(1, 4)], 6: [(1, 3)], 4: [(1, 5), (5, 3)], 3: [(1, 2), (2, 10)], 9: [(1, 7), (7, 8), (8, 3)], 5: [(1, 2), (2, 9)], 2: [(1, 2), (2, 11)]}, padri: [4], figli: [6], mosse: [(8, 8, 1, 2, 16)]
6 -> costo: 80575.40000000001, rotte: {8: [(1, 2), (2, 6)], 7: [(1, 4)], 6: [(1, 3)], 4: [(1, 3), (3, 5)], 3: [(1, 2), (2, 10)], 9: [(1, 7), (7, 8), (8, 3)], 5: [(1, 2), (2, 9)], 2: [(1, 2), (2, 11)]}, padri: [5], figli: [7], mosse: [(4, 4, 5, 3)]
7 -> costo: 79820.8, rotte: {8: [(1, 2), (2, 6)], 7: [(1, 4)], 6: [(1, 3)], 4: [(1, 3), (3, 5)], 3: [(1, 2), (2, 10)], 9: [(1, 3), (3, 7), (7, 8)], 5: [(1, 2), (2, 9)], 2: [(1, 2), (2, 11)]}, padri: [6], figli: [8], mosse: [(9, 9, 1, 3, 1)]
8 -> costo: 79448.8, rotte: {8: [(1, 2), (2, 6)], 7: [(1, 4), (4, 3)], 6: [(1, 3)], 4: [(1, 5)], 3: [(1, 2), (2, 10)], 9: [(1, 3), (3, 7), (7, 8)], 5: [(1, 2), (2, 9)], 2: [(1, 2), (2, 11)]}, padri: [7], figli: [9], mosse: [(7, 4, 4, 3, 2)]
9 -> costo: 78242.70000000001, rotte: {8: [(1, 2), (2, 6)], 7: [(1, 4), (4, 3)], 6: [(1, 3)], 4: [(1, 5)], 3: [(1, 2), (2, 10)], 9: [(1, 7), (7, 8)], 5: [(1, 2), (2, 9)], 2: [(1, 2), (2, 11)]}, padri: [8], figli: [10, 12, 13, 14, 16, 17], mosse: [(7, 9, 1, 3, 1)]
10 -> costo: 77660.3, rotte: {8: [(1, 2), (2, 6)], 7: [(1, 4), (4, 2), (2, 3)], 6: [(1, 3)], 4: [(1, 5)], 3: [(1, 2), (2, 10)], 9: [(1, 7), (7, 8)], 5: [(1, 9)], 2: [(1, 2), (2, 11)]}, padri: [9, 12, 12, 12, 15, 14], figli: [11], mosse: [(7, 5, 4, 2, 1), (7, 7, 3, 2), (7, 7, 4, 2, 1), (7, 7, 2, 3, 3), (7, 7, 1, 4, 15), (7, 7, 4, 2, 1)]
11 -> costo: 77618.0, rotte: {8: [(1, 2), (2, 6)], 7: [(1, 4), (4, 2), (2, 3)], 6: [(1, 3)], 4: [(1, 5)], 3: [(1, 2), (2, 10)], 9: [(1, 8)], 5: [(1, 7), (7, 9)], 2: [(1, 2), (2, 11)]}, padri: [10, 13, 13, 13, 16], figli: [], mosse: [(5, 9, 1, 7, 1), (7, 7, 3, 2), (7, 7, 4, 2, 1), (7, 7, 2, 3, 3), (7, 7, 1, 4, 15)]
12 -> costo: 77938.1, rotte: {8: [(1, 2), (2, 6)], 7: [(1, 4), (4, 3), (3, 2)], 6: [(1, 3)], 4: [(1, 5)], 3: [(1, 2), (2, 10)], 9: [(1, 7), (7, 8)], 5: [(1, 9)], 2: [(1, 2), (2, 11)]}, padri: [9, 14, 17], figli: [10, 10, 10, 13, 13, 13, 16, 16, 16], mosse: [(7, 5, 3, 2, 1), (7, 7, 3, 2, 1), (7, 7, 1, 4, 15)]
13 -> costo: 77895.8, rotte: {8: [(1, 2), (2, 6)], 7: [(1, 4), (4, 3), (3, 2)], 6: [(1, 3)], 4: [(1, 5)], 3: [(1, 2), (2, 10)], 9: [(1, 8)], 5: [(1, 7), (7, 9)], 2: [(1, 2), (2, 11)]}, padri: [12, 18], figli: [11, 11, 11], mosse: [(5, 9, 1, 7, 1), (7, 7, 1, 4, 15)]
14 -> costo: 78140.6, rotte: {8: [(1, 2), (2, 6)], 7: [(1, 2), (2, 4), (4, 3)], 6: [(1, 3)], 4: [(1, 5)], 3: [(1, 2), (2, 10)], 9: [(1, 7), (7, 8)], 5: [(1, 9)], 2: [(1, 2), (2, 11)]}, padri: [9], figli: [15, 10, 15, 15, 12, 17], mosse: [(7, 5, 1, 2, 1)]
15 -> costo: 77827.0, rotte: {8: [(1, 2), (2, 6)], 7: [(1, 2), (2, 3), (3, 4)], 6: [(1, 3)], 4: [(1, 5)], 3: [(1, 2), (2, 10)], 9: [(1, 7), (7, 8)], 5: [(1, 9)], 2: [(1, 2), (2, 11)]}, padri: [14, 14, 14], figli: [10, 16], mosse: [(7, 7, 4, 3), (7, 7, 2, 3, 3), (7, 7, 3, 4, 15)]
16 -> costo: 77784.7, rotte: {8: [(1, 2), (2, 6)], 7: [(1, 2), (2, 3), (3, 4)], 6: [(1, 3)], 4: [(1, 5)], 3: [(1, 2), (2, 10)], 9: [(1, 8)], 5: [(1, 7), (7, 9)], 2: [(1, 2), (2, 11)]}, padri: [15], figli: [11], mosse: [(5, 9, 1, 7, 1)]
17 -> costo: 77956.00000000001, rotte: {8: [(1, 2), (2, 6)], 7: [(1, 3), (3, 2), (2, 4)], 6: [(1, 3)], 4: [(1, 5)], 3: [(1, 2), (2, 10)], 9: [(1, 7), (7, 8)], 5: [(1, 9)], 2: [(1, 2), (2, 11)]}, padri: [14], figli: [18, 12], mosse: [(7, 7, 1, 3, 3)]
18 -> costo: 77913.7, rotte: {8: [(1, 2), (2, 6)], 7: [(1, 3), (3, 2), (2, 4)], 6: [(1, 3)], 4: [(1, 5)], 3: [(1, 2), (2, 10)], 9: [(1, 8)], 5: [(1, 7), (7, 9)], 2: [(1, 2), (2, 11)]}, padri: [17], figli: [13], mosse: [(5, 9, 1, 7, 1)]
bestSolutionIndice: 11
11 -> costo: 77618.0, rotte: {8: [(1, 2), (2, 6)], 7: [(1, 4), (4, 2), (2, 3)], 6: [(1, 3)], 4: [(1, 5)], 3: [(1, 2), (2, 10)], 9: [(1, 8)], 5: [(1, 7), (7, 9)], 2: [(1, 2), (2, 11)]}, padri: [10, 13, 13, 13, 16], figli: [], mosse: [(5, 9, 1, 7, 1), (7, 7, 3, 2), (7, 7, 4, 2, 1), (7, 7, 2, 3, 3), (7, 7, 1, 4, 15)]
trasportoPalletDiGamma: {8: [(2, 16), (6, 4)], 7: [(4, 15), (2, 1), (3, 3)], 6: [(3, 15)], 4: [(5, 8)], 3: [(2, 1), (10, 9)], 9: [(8, 18)], 5: [(7, 1), (9, 14)], 2: [(2, 2), (11, 6)]}
itMosseLS: 32, itMosseTS: 20
time elapsed: 532.68s.


##########################################################################################
s: 1
dictSolutions[1]:
0 -> costo: 88553.3, rotte: {2: [(1, 7), (7, 2)], 4: [(1, 10), (10, 11)], 7: [(1, 9), (9, 3)], 3: [(1, 3)], 5: [(1, 5), (5, 2)], 6: [(1, 4)], 9: [(1, 8), (8, 3)], 8: [(1, 6), (6, 2), (2, 11)]}, padri: [-1], figli: [1], mosse: [-1]
1 -> costo: 86071.3, rotte: {2: [(1, 7), (7, 2)], 4: [(1, 10), (10, 11)], 7: [(1, 3), (3, 9)], 3: [(1, 3)], 5: [(1, 5), (5, 2)], 6: [(1, 4)], 9: [(1, 8), (8, 3)], 8: [(1, 6), (6, 2), (2, 11)]}, padri: [0], figli: [2], mosse: [(7, 7, 1, 3, 6)]
2 -> costo: 85110.50000000001, rotte: {2: [(1, 7), (7, 2)], 4: [(1, 10), (10, 11)], 7: [(1, 3), (3, 9)], 3: [(1, 3)], 5: [(1, 5), (5, 2)], 6: [(1, 4)], 9: [(1, 3), (3, 8)], 8: [(1, 6), (6, 2), (2, 11)]}, padri: [1], figli: [3], mosse: [(9, 9, 8, 3)]
3 -> costo: 82738.6, rotte: {2: [(1, 2)], 4: [(1, 10), (10, 11)], 7: [(1, 3), (3, 9)], 3: [(1, 3)], 5: [(1, 5), (5, 2)], 6: [(1, 4)], 9: [(1, 3), (3, 8)], 8: [(1, 6), (6, 7), (7, 2), (2, 11)]}, padri: [2], figli: [4], mosse: [(8, 2, 6, 7, 1)]
4 -> costo: 81965.50000000001, rotte: {2: [(1, 2)], 4: [(1, 10), (10, 11)], 7: [(1, 3), (3, 9)], 3: [(1, 3)], 5: [(1, 2), (2, 5)], 6: [(1, 4)], 9: [(1, 3), (3, 8)], 8: [(1, 6), (6, 7), (7, 2), (2, 11)]}, padri: [3], figli: [5, 7, 8], mosse: [(5, 5, 5, 2)]
5 -> costo: 80061.50000000001, rotte: {2: [(1, 2)], 4: [(1, 10)], 7: [(1, 3), (3, 9)], 3: [(1, 3)], 5: [(1, 2), (2, 5)], 6: [(1, 4)], 9: [(1, 3), (3, 8)], 8: [(1, 6), (6, 7), (7, 2), (2, 11)]}, padri: [4, 7, 7, 7, 7], figli: [6], mosse: [(8, 4, 1, 11, 1), (8, 4, 1, 11, 1), (8, 4, 6, 11, 1), (8, 4, 7, 11, 1), (8, 4, 2, 11, 1)]
6 -> costo: 79230.09999999999, rotte: {2: [(1, 2)], 4: [(1, 10)], 7: [(1, 3), (3, 9)], 3: [(1, 3)], 5: [(1, 2), (2, 5)], 6: [(1, 4)], 9: [(1, 8)], 8: [(1, 6), (6, 7), (7, 3), (3, 2), (2, 11)]}, padri: [5, 8, 8, 8, 8, 8], figli: [], mosse: [(8, 9, 7, 3, 2), (8, 4, 1, 11, 1), (8, 4, 6, 11, 1), (8, 4, 7, 11, 1), (8, 4, 3, 11, 1), (8, 4, 2, 11, 1)]
7 -> costo: 81283.00000000001, rotte: {2: [(1, 2)], 4: [(1, 11), (11, 10)], 7: [(1, 3), (3, 9)], 3: [(1, 3)], 5: [(1, 2), (2, 5)], 6: [(1, 4)], 9: [(1, 3), (3, 8)], 8: [(1, 6), (6, 7), (7, 2), (2, 11)]}, padri: [4], figli: [5, 5, 5, 5, 8, 8, 8, 8, 9], mosse: [(4, 4, 10, 11)]
8 -> costo: 80451.59999999999, rotte: {2: [(1, 2)], 4: [(1, 11), (11, 10)], 7: [(1, 3), (3, 9)], 3: [(1, 3)], 5: [(1, 2), (2, 5)], 6: [(1, 4)], 9: [(1, 8)], 8: [(1, 6), (6, 7), (7, 3), (3, 2), (2, 11)]}, padri: [7], figli: [6, 6, 6, 6, 6], mosse: [(8, 9, 7, 3, 2)]
9 -> costo: 80535.9, rotte: {2: [(1, 2)], 4: [(1, 11), (11, 10)], 7: [(1, 9)], 3: [(1, 3)], 5: [(1, 2), (2, 5)], 6: [(1, 4)], 9: [(1, 3), (3, 8)], 8: [(1, 6), (6, 7), (7, 3), (3, 2), (2, 11)]}, padri: [7], figli: [10], mosse: [(8, 7, 7, 3, 6)]
10 -> costo: 79898.9, rotte: {2: [(1, 2)], 4: [(1, 11), (11, 10)], 7: [(1, 6), (6, 9)], 3: [(1, 3)], 5: [(1, 2), (2, 5)], 6: [(1, 4)], 9: [(1, 3), (3, 8)], 8: [(1, 7), (7, 3), (3, 2), (2, 11)]}, padri: [9], figli: [11, 11, 11, 11], mosse: [(7, 8, 1, 6, 4)]
11 -> costo: 78677.4, rotte: {2: [(1, 2)], 4: [(1, 10)], 7: [(1, 6), (6, 9)], 3: [(1, 3)], 5: [(1, 2), (2, 5)], 6: [(1, 4)], 9: [(1, 3), (3, 8)], 8: [(1, 7), (7, 3), (3, 2), (2, 11)]}, padri: [10, 10, 10, 10], figli: [12, 13, 14], mosse: [(8, 4, 1, 11, 1), (8, 4, 7, 11, 1), (8, 4, 3, 11, 1), (8, 4, 2, 11, 1)]
12 -> costo: 77438.8, rotte: {2: [(1, 2)], 4: [(1, 7), (7, 10)], 7: [(1, 6), (6, 9)], 3: [(1, 3)], 5: [(1, 2), (2, 5)], 6: [(1, 4)], 9: [(1, 3), (3, 8)], 8: [(1, 3), (3, 2), (2, 11)]}, padri: [11, 13], figli: [], mosse: [(4, 8, 1, 7, 1), (4, 7, 1, 7, 1)]
13 -> costo: 77741.7, rotte: {2: [(1, 2)], 4: [(1, 10)], 7: [(1, 7), (7, 6), (6, 9)], 3: [(1, 3)], 5: [(1, 2), (2, 5)], 6: [(1, 4)], 9: [(1, 3), (3, 8)], 8: [(1, 3), (3, 2), (2, 11)]}, padri: [11, 14], figli: [12], mosse: [(7, 8, 1, 7, 1), (7, 7, 7, 6, 4)]
14 -> costo: 78127.09999999999, rotte: {2: [(1, 2)], 4: [(1, 10)], 7: [(1, 6), (6, 7), (7, 9)], 3: [(1, 3)], 5: [(1, 2), (2, 5)], 6: [(1, 4)], 9: [(1, 3), (3, 8)], 8: [(1, 3), (3, 2), (2, 11)]}, padri: [11], figli: [13], mosse: [(7, 8, 6, 7, 1)]
bestSolutionIndice: 12
12 -> costo: 77438.8, rotte: {2: [(1, 2)], 4: [(1, 7), (7, 10)], 7: [(1, 6), (6, 9)], 3: [(1, 3)], 5: [(1, 2), (2, 5)], 6: [(1, 4)], 9: [(1, 3), (3, 8)], 8: [(1, 3), (3, 2), (2, 11)]}, padri: [11, 13], figli: [], mosse: [(4, 8, 1, 7, 1), (4, 7, 1, 7, 1)]
trasportoPalletDiGamma: {2: [(2, 9)], 4: [(7, 1), (10, 9)], 7: [(6, 4), (9, 14)], 3: [(3, 10)], 5: [(2, 7), (5, 8)], 6: [(4, 15)], 9: [(3, 2), (8, 18)], 8: [(3, 6), (2, 4), (11, 6)]}
itMosseLS: 28, itMosseTS: 20
time elapsed: 511.76s.


##########################################################################################
s: 1
dictSolutions[1]:
0 -> costo: 87455.09999999999, rotte: {3: [(1, 9)], 6: [(1, 11), (11, 5), (5, 9)], 4: [(1, 8)], 9: [(1, 4), (4, 7), (7, 3)], 7: [(1, 2)], 8: [(1, 6), (6, 8), (8, 9)], 2: [(1, 10), (10, 3)], 5: [(1, 3)]}, padri: [-1], figli: [1], mosse: [-1]
1 -> costo: 84703.09999999999, rotte: {3: [(1, 9)], 6: [(1, 11), (11, 5), (5, 9)], 4: [(1, 8)], 9: [(1, 4), (4, 7), (7, 3)], 7: [(1, 2)], 8: [(1, 6), (6, 8), (8, 9)], 2: [(1, 10)], 5: [(1, 3)]}, padri: [0], figli: [2, 6], mosse: [(9, 2, 1, 3, 1)]
2 -> costo: 83388.09999999999, rotte: {3: [(1, 9)], 6: [(1, 11), (11, 5), (5, 9)], 4: [(1, 8)], 9: [(1, 4), (4, 3), (3, 7)], 7: [(1, 2)], 8: [(1, 6), (6, 8), (8, 9)], 2: [(1, 10)], 5: [(1, 3)]}, padri: [1], figli: [3, 4, 5, 8, 9], mosse: [(9, 9, 7, 3)]
3 -> costo: 81369.79999999999, rotte: {3: [(1, 9)], 6: [(1, 5), (5, 9), (9, 11)], 4: [(1, 8)], 9: [(1, 4), (4, 3), (3, 7)], 7: [(1, 2)], 8: [(1, 6), (6, 8), (8, 9)], 2: [(1, 10)], 5: [(1, 3)]}, padri: [2, 5, 8, 8, 8], figli: [], mosse: [(6, 6, 9, 11, 6), (6, 6, 11, 9), (9, 9, 4, 3, 3), (9, 9, 7, 3), (9, 9, 3, 7, 1)]
4 -> costo: 83013.69999999998, rotte: {3: [(1, 9)], 6: [(1, 11), (11, 9), (9, 5)], 4: [(1, 8)], 9: [(1, 4), (4, 3), (3, 7)], 7: [(1, 2)], 8: [(1, 6), (6, 8), (8, 9)], 2: [(1, 10)], 5: [(1, 3)]}, padri: [2], figli: [5, 8], mosse: [(6, 6, 5, 9)]
5 -> costo: 81663.99999999999, rotte: {3: [(1, 9)], 6: [(1, 5), (5, 11), (11, 9)], 4: [(1, 8)], 9: [(1, 4), (4, 3), (3, 7)], 7: [(1, 2)], 8: [(1, 6), (6, 8), (8, 9)], 2: [(1, 10)], 5: [(1, 3)]}, padri: [4, 2, 7, 7], figli: [3, 9], mosse: [(6, 6, 1, 5, 8), (6, 6, 5, 11, 6), (9, 9, 7, 3), (9, 9, 4, 3, 3)]
6 -> costo: 84328.69999999998, rotte: {3: [(1, 9)], 6: [(1, 11), (11, 9), (9, 5)], 4: [(1, 8)], 9: [(1, 4), (4, 7), (7, 3)], 7: [(1, 2)], 8: [(1, 6), (6, 8), (8, 9)], 2: [(1, 10)], 5: [(1, 3)]}, padri: [1], figli: [7], mosse: [(6, 6, 5, 9)]
7 -> costo: 82978.99999999999, rotte: {3: [(1, 9)], 6: [(1, 5), (5, 11), (11, 9)], 4: [(1, 8)], 9: [(1, 4), (4, 7), (7, 3)], 7: [(1, 2)], 8: [(1, 6), (6, 8), (8, 9)], 2: [(1, 10)], 5: [(1, 3)]}, padri: [6], figli: [5, 5, 8, 8], mosse: [(6, 6, 1, 5, 8)]
8 -> costo: 82684.79999999999, rotte: {3: [(1, 9)], 6: [(1, 5), (5, 9), (9, 11)], 4: [(1, 8)], 9: [(1, 4), (4, 7), (7, 3)], 7: [(1, 2)], 8: [(1, 6), (6, 8), (8, 9)], 2: [(1, 10)], 5: [(1, 3)]}, padri: [7], figli: [3, 3, 3, 9, 9, 9], mosse: [(6, 6, 11, 9)]
9 -> costo: 81995.7, rotte: {3: [(1, 9)], 6: [(1, 5), (5, 9), (9, 11)], 4: [(1, 8)], 9: [(1, 7), (7, 3), (3, 4)], 7: [(1, 2)], 8: [(1, 6), (6, 8), (8, 9)], 2: [(1, 10)], 5: [(1, 3)]}, padri: [8], figli: [10, 14], mosse: [(9, 9, 3, 4, 15)]
10 -> costo: 80757.09999999999, rotte: {3: [(1, 9)], 6: [(1, 5), (5, 9), (9, 11)], 4: [(1, 8)], 9: [(1, 3), (3, 4)], 7: [(1, 2)], 8: [(1, 6), (6, 8), (8, 9)], 2: [(1, 7), (7, 10)], 5: [(1, 3)]}, padri: [9], figli: [11, 11, 11, 12, 12, 12], mosse: [(2, 9, 1, 7, 1)]
11 -> costo: 80460.79999999999, rotte: {3: [(1, 9)], 6: [(1, 5), (5, 9), (9, 11)], 4: [(1, 8)], 9: [(1, 4), (4, 3)], 7: [(1, 2)], 8: [(1, 6), (6, 8), (8, 9)], 2: [(1, 7), (7, 10)], 5: [(1, 3)]}, padri: [10, 10, 10, 12, 15], figli: [], mosse: [(9, 9, 3, 4), (9, 9, 1, 4, 15), (9, 9, 4, 3, 3), (9, 8, 4, 3, 3), (2, 8, 1, 7, 1)]
12 -> costo: 80518.9, rotte: {3: [(1, 9)], 6: [(1, 5), (5, 9), (9, 11)], 4: [(1, 8)], 9: [(1, 4)], 7: [(1, 2)], 8: [(1, 3), (3, 6), (6, 8), (8, 9)], 2: [(1, 7), (7, 10)], 5: [(1, 3)]}, padri: [10], figli: [13, 11], mosse: [(8, 9, 1, 3, 3)]
13 -> costo: 80408.7, rotte: {3: [(1, 9)], 6: [(1, 5), (5, 9), (9, 11)], 4: [(1, 8)], 9: [(1, 4)], 7: [(1, 2)], 8: [(1, 3), (3, 7), (7, 6), (6, 8), (8, 9)], 2: [(1, 10)], 5: [(1, 3)]}, padri: [12, 14], figli: [], mosse: [(8, 2, 3, 7, 1), (8, 9, 1, 3, 3)]
14 -> costo: 81060.0, rotte: {3: [(1, 9)], 6: [(1, 5), (5, 9), (9, 11)], 4: [(1, 8)], 9: [(1, 3), (3, 4)], 7: [(1, 2)], 8: [(1, 7), (7, 6), (6, 8), (8, 9)], 2: [(1, 10)], 5: [(1, 3)]}, padri: [9], figli: [15, 13], mosse: [(8, 9, 1, 7, 1)]
15 -> costo: 80763.7, rotte: {3: [(1, 9)], 6: [(1, 5), (5, 9), (9, 11)], 4: [(1, 8)], 9: [(1, 4), (4, 3)], 7: [(1, 2)], 8: [(1, 7), (7, 6), (6, 8), (8, 9)], 2: [(1, 10)], 5: [(1, 3)]}, padri: [14], figli: [11], mosse: [(9, 9, 3, 4)]
bestSolutionIndice: 13
13 -> costo: 80408.7, rotte: {3: [(1, 9)], 6: [(1, 5), (5, 9), (9, 11)], 4: [(1, 8)], 9: [(1, 4)], 7: [(1, 2)], 8: [(1, 3), (3, 7), (7, 6), (6, 8), (8, 9)], 2: [(1, 10)], 5: [(1, 3)]}, padri: [12, 14], figli: [], mosse: [(8, 2, 3, 7, 1), (8, 9, 1, 3, 3)]
trasportoPalletDiGamma: {3: [(9, 10)], 6: [(5, 8), (9, 1), (11, 6)], 4: [(8, 10)], 9: [(4, 15)], 7: [(2, 20)], 8: [(3, 3), (7, 1), (6, 4), (8, 8), (9, 3)], 2: [(10, 9)], 5: [(3, 15)]}
itMosseLS: 27, itMosseTS: 20
time elapsed: 471.27s.


##########################################################################################
s: 1
dictSolutions[1]:
0 -> costo: 87462.50000000001, rotte: {3: [(1, 8)], 2: [(1, 7), (7, 11), (11, 8)], 9: [(1, 6), (6, 9), (9, 3)], 5: [(1, 2)], 8: [(1, 4), (4, 8)], 4: [(1, 3)], 7: [(1, 5), (5, 2)], 6: [(1, 10), (10, 3)]}, padri: [-1], figli: [1], mosse: [-1]
1 -> costo: 84778.3, rotte: {3: [(1, 8)], 2: [(1, 7), (7, 11), (11, 8)], 9: [(1, 6), (6, 9), (9, 3)], 5: [(1, 2)], 8: [(1, 4), (4, 8)], 4: [(1, 3)], 7: [(1, 5), (5, 2)], 6: [(1, 3), (3, 10)]}, padri: [0], figli: [2], mosse: [(6, 6, 1, 3, 6)]
2 -> costo: 83521.29999999999, rotte: {3: [(1, 8)], 2: [(1, 7), (7, 8), (8, 11)], 9: [(1, 6), (6, 9), (9, 3)], 5: [(1, 2)], 8: [(1, 4), (4, 8)], 4: [(1, 3)], 7: [(1, 5), (5, 2)], 6: [(1, 3), (3, 10)]}, padri: [1], figli: [3, 15], mosse: [(2, 2, 11, 8)]
3 -> costo: 81742.9, rotte: {3: [(1, 8)], 2: [(1, 7), (7, 8), (8, 11)], 9: [(1, 3), (3, 6), (6, 9)], 5: [(1, 2)], 8: [(1, 4), (4, 8)], 4: [(1, 3)], 7: [(1, 5), (5, 2)], 6: [(1, 3), (3, 10)]}, padri: [2], figli: [4, 10, 4, 4], mosse: [(9, 9, 1, 3, 2)]
4 -> costo: 80969.8, rotte: {3: [(1, 8)], 2: [(1, 7), (7, 8), (8, 11)], 9: [(1, 3), (3, 6), (6, 9)], 5: [(1, 2)], 8: [(1, 4), (4, 8)], 4: [(1, 3)], 7: [(1, 2), (2, 5)], 6: [(1, 3), (3, 10)]}, padri: [3, 3, 3, 15], figli: [5], mosse: [(7, 7, 5, 2), (7, 7, 1, 2, 5), (7, 7, 2, 5, 8), (9, 9, 1, 3, 2)]
5 -> costo: 80094.40000000001, rotte: {3: [(1, 8)], 2: [(1, 7), (7, 8), (8, 11)], 9: [(1, 6), (6, 9)], 5: [(1, 2)], 8: [(1, 4), (4, 8)], 4: [(1, 3)], 7: [(1, 2), (2, 3), (3, 5)], 6: [(1, 3), (3, 10)]}, padri: [4], figli: [6], mosse: [(7, 9, 2, 3, 2)]
6 -> costo: 79985.3, rotte: {3: [(1, 8)], 2: [(1, 8), (8, 11)], 9: [(1, 6), (6, 9)], 5: [(1, 2)], 8: [(1, 4), (4, 8)], 4: [(1, 3)], 7: [(1, 2), (2, 3), (3, 7), (7, 5)], 6: [(1, 3), (3, 10)]}, padri: [5], figli: [7, 8, 9], mosse: [(7, 2, 3, 7, 1)]
7 -> costo: 79647.79999999999, rotte: {3: [(1, 8)], 2: [(1, 11)], 9: [(1, 6), (6, 9)], 5: [(1, 2)], 8: [(1, 4), (4, 8)], 4: [(1, 3)], 7: [(1, 2), (2, 3), (3, 7), (7, 5), (5, 8)], 6: [(1, 3), (3, 10)]}, padri: [6, 8, 8, 8, 9], figli: [], mosse: [(7, 2, 5, 8, 3), (7, 7, 8, 5), (7, 7, 7, 5, 8), (7, 7, 5, 8, 3), (7, 7, 5, 8, 3)]
8 -> costo: 79710.1, rotte: {3: [(1, 8)], 2: [(1, 11)], 9: [(1, 6), (6, 9)], 5: [(1, 2)], 8: [(1, 4), (4, 8)], 4: [(1, 3)], 7: [(1, 2), (2, 3), (3, 7), (7, 8), (8, 5)], 6: [(1, 3), (3, 10)]}, padri: [6, 9], figli: [7, 7, 7], mosse: [(7, 2, 7, 8, 3), (7, 7, 7, 8, 3)]
9 -> costo: 79861.8, rotte: {3: [(1, 8)], 2: [(1, 11)], 9: [(1, 6), (6, 9)], 5: [(1, 2)], 8: [(1, 4), (4, 8)], 4: [(1, 3)], 7: [(1, 2), (2, 3), (3, 8), (8, 7), (7, 5)], 6: [(1, 3), (3, 10)]}, padri: [6], figli: [7, 8], mosse: [(7, 2, 3, 8, 3)]
10 -> costo: 80798.2, rotte: {3: [(1, 8)], 2: [(1, 7), (7, 8), (8, 11)], 9: [(1, 6), (6, 9)], 5: [(1, 2)], 8: [(1, 4), (4, 8)], 4: [(1, 3)], 7: [(1, 5), (5, 3), (3, 2)], 6: [(1, 3), (3, 10)]}, padri: [3], figli: [11, 14], mosse: [(7, 9, 5, 3, 2)]
11 -> costo: 80673.9, rotte: {3: [(1, 8)], 2: [(1, 8), (8, 11)], 9: [(1, 6), (6, 9)], 5: [(1, 2)], 8: [(1, 4), (4, 8)], 4: [(1, 3)], 7: [(1, 5), (5, 7), (7, 3), (3, 2)], 6: [(1, 3), (3, 10)]}, padri: [10], figli: [12, 13], mosse: [(7, 2, 5, 7, 1)]
12 -> costo: 80403.9, rotte: {3: [(1, 8)], 2: [(1, 11)], 9: [(1, 6), (6, 9)], 5: [(1, 2)], 8: [(1, 4), (4, 8)], 4: [(1, 3)], 7: [(1, 5), (5, 8), (8, 7), (7, 3), (3, 2)], 6: [(1, 3), (3, 10)]}, padri: [11, 13], figli: [], mosse: [(7, 2, 5, 8, 3), (7, 7, 8, 7, 1)]
13 -> costo: 80544.6, rotte: {3: [(1, 8)], 2: [(1, 11)], 9: [(1, 6), (6, 9)], 5: [(1, 2)], 8: [(1, 4), (4, 8)], 4: [(1, 3)], 7: [(1, 5), (5, 7), (7, 8), (8, 3), (3, 2)], 6: [(1, 3), (3, 10)]}, padri: [11], figli: [12], mosse: [(7, 2, 7, 8, 3)]
14 -> costo: 80727.09999999999, rotte: {3: [(1, 8)], 2: [(1, 7), (7, 8), (8, 11)], 9: [(1, 6), (6, 9)], 5: [(1, 2)], 8: [(1, 4), (4, 8)], 4: [(1, 3)], 7: [(1, 3), (3, 2), (2, 5)], 6: [(1, 3), (3, 10)]}, padri: [10], figli: [], mosse: [(7, 7, 2, 5, 8)]
15 -> costo: 82748.2, rotte: {3: [(1, 8)], 2: [(1, 7), (7, 8), (8, 11)], 9: [(1, 6), (6, 9), (9, 3)], 5: [(1, 2)], 8: [(1, 4), (4, 8)], 4: [(1, 3)], 7: [(1, 2), (2, 5)], 6: [(1, 3), (3, 10)]}, padri: [2], figli: [4], mosse: [(7, 7, 5, 2)]
bestSolutionIndice: 7
7 -> costo: 79647.79999999999, rotte: {3: [(1, 8)], 2: [(1, 11)], 9: [(1, 6), (6, 9)], 5: [(1, 2)], 8: [(1, 4), (4, 8)], 4: [(1, 3)], 7: [(1, 2), (2, 3), (3, 7), (7, 5), (5, 8)], 6: [(1, 3), (3, 10)]}, padri: [6, 8, 8, 8, 9], figli: [], mosse: [(7, 2, 5, 8, 3), (7, 7, 8, 5), (7, 7, 7, 5, 8), (7, 7, 5, 8, 3), (7, 7, 5, 8, 3)]
trasportoPalletDiGamma: {3: [(8, 10)], 2: [(11, 6)], 9: [(6, 4), (9, 14)], 5: [(2, 15)], 8: [(4, 15), (8, 5)], 4: [(3, 10)], 7: [(2, 5), (3, 2), (7, 1), (5, 8), (8, 3)], 6: [(3, 6), (10, 9)]}
itMosseLS: 24, itMosseTS: 20
time elapsed: 444.13s.


##########################################################################################
s: 1
dictSolutions[1]:
0 -> costo: 83160.7, rotte: {2: [(1, 5), (5, 3)], 5: [(1, 11), (11, 10)], 4: [(1, 2)], 3: [(1, 4)], 9: [(1, 7), (7, 2), (2, 3)], 7: [(1, 6), (6, 4), (4, 3)], 6: [(1, 8)], 8: [(1, 9), (9, 8)]}, padri: [-1], figli: [1], mosse: [-1]
1 -> costo: 80765.4, rotte: {2: [(1, 5), (5, 3)], 5: [(1, 11), (11, 10)], 4: [(1, 2)], 3: [(1, 4)], 9: [(1, 2), (2, 3)], 7: [(1, 6), (6, 4), (4, 3)], 6: [(1, 8)], 8: [(1, 7), (7, 9), (9, 8)]}, padri: [0], figli: [2], mosse: [(8, 9, 1, 7, 1)]
2 -> costo: 79290.6, rotte: {2: [(1, 5), (5, 3)], 5: [(1, 11), (11, 10)], 4: [(1, 2)], 3: [(1, 4)], 9: [(1, 2), (2, 3)], 7: [(1, 6), (6, 4), (4, 3)], 6: [(1, 8)], 8: [(1, 7), (7, 8), (8, 9)]}, padri: [1], figli: [3, 8, 13], mosse: [(8, 8, 9, 8)]
3 -> costo: 77390.80000000002, rotte: {2: [(1, 5), (5, 3)], 5: [(1, 11), (11, 10)], 4: [(1, 2)], 3: [(1, 4)], 9: [(1, 2), (2, 3)], 7: [(1, 4), (4, 3), (3, 6)], 6: [(1, 8)], 8: [(1, 7), (7, 8), (8, 9)]}, padri: [2], figli: [4, 4, 4, 7, 7, 7], mosse: [(7, 7, 3, 6, 4)]
4 -> costo: 77094.40000000001, rotte: {2: [(1, 3), (3, 5)], 5: [(1, 11), (11, 10)], 4: [(1, 2)], 3: [(1, 4)], 9: [(1, 2), (2, 3)], 7: [(1, 4), (4, 3), (3, 6)], 6: [(1, 8)], 8: [(1, 7), (7, 8), (8, 9)]}, padri: [3, 3, 3, 13], figli: [5, 6], mosse: [(2, 2, 5, 3), (2, 2, 1, 3, 2), (2, 2, 3, 5, 8), (7, 7, 3, 6, 4)]
5 -> costo: 76367.40000000001, rotte: {2: [(1, 5)], 5: [(1, 11), (11, 10)], 4: [(1, 2)], 3: [(1, 4)], 9: [(1, 2), (2, 3)], 7: [(1, 4), (4, 3), (3, 6)], 6: [(1, 8)], 8: [(1, 3), (3, 7), (7, 8), (8, 9)]}, padri: [4], figli: [], mosse: [(8, 2, 1, 3, 2)]
6 -> costo: 76890.6, rotte: {2: [(1, 3), (3, 5)], 5: [(1, 11), (11, 10)], 4: [(1, 2)], 3: [(1, 4)], 9: [(1, 2), (2, 3)], 7: [(1, 4), (4, 3), (3, 7), (7, 6)], 6: [(1, 8)], 8: [(1, 8), (8, 9)]}, padri: [4, 7, 7, 7], figli: [], mosse: [(7, 8, 3, 7, 1), (2, 2, 5, 3), (2, 2, 1, 3, 2), (2, 2, 3, 5, 8)]
7 -> costo: 77187.00000000001, rotte: {2: [(1, 5), (5, 3)], 5: [(1, 11), (11, 10)], 4: [(1, 2)], 3: [(1, 4)], 9: [(1, 2), (2, 3)], 7: [(1, 4), (4, 3), (3, 7), (7, 6)], 6: [(1, 8)], 8: [(1, 8), (8, 9)]}, padri: [3], figli: [6, 6, 6], mosse: [(7, 8, 3, 7, 1)]
8 -> costo: 78277.00000000001, rotte: {2: [(1, 5), (5, 3)], 5: [(1, 11), (11, 10)], 4: [(1, 2)], 3: [(1, 4)], 9: [(1, 2), (2, 3)], 7: [(1, 6), (6, 3), (3, 4)], 6: [(1, 8)], 8: [(1, 7), (7, 8), (8, 9)]}, padri: [2], figli: [9, 9, 9, 12, 12, 12], mosse: [(7, 7, 4, 3)]
9 -> costo: 77980.6, rotte: {2: [(1, 3), (3, 5)], 5: [(1, 11), (11, 10)], 4: [(1, 2)], 3: [(1, 4)], 9: [(1, 2), (2, 3)], 7: [(1, 6), (6, 3), (3, 4)], 6: [(1, 8)], 8: [(1, 7), (7, 8), (8, 9)]}, padri: [8, 8, 8], figli: [10, 11], mosse: [(2, 2, 1, 3, 2), (2, 2, 5, 3), (2, 2, 3, 5, 8)]
10 -> costo: 77253.6, rotte: {2: [(1, 5)], 5: [(1, 11), (11, 10)], 4: [(1, 2)], 3: [(1, 4)], 9: [(1, 2), (2, 3)], 7: [(1, 6), (6, 3), (3, 4)], 6: [(1, 8)], 8: [(1, 3), (3, 7), (7, 8), (8, 9)]}, padri: [9], figli: [], mosse: [(8, 2, 1, 3, 2)]
11 -> costo: 77776.8, rotte: {2: [(1, 3), (3, 5)], 5: [(1, 11), (11, 10)], 4: [(1, 2)], 3: [(1, 4)], 9: [(1, 2), (2, 3)], 7: [(1, 6), (6, 7), (7, 3), (3, 4)], 6: [(1, 8)], 8: [(1, 8), (8, 9)]}, padri: [9, 12, 12, 12], figli: [], mosse: [(7, 8, 6, 7, 1), (2, 2, 5, 3), (2, 2, 1, 3, 2), (2, 2, 3, 5, 8)]
12 -> costo: 78073.20000000001, rotte: {2: [(1, 5), (5, 3)], 5: [(1, 11), (11, 10)], 4: [(1, 2)], 3: [(1, 4)], 9: [(1, 2), (2, 3)], 7: [(1, 6), (6, 7), (7, 3), (3, 4)], 6: [(1, 8)], 8: [(1, 8), (8, 9)]}, padri: [8], figli: [11, 11, 11], mosse: [(7, 8, 6, 7, 1)]
13 -> costo: 78994.20000000001, rotte: {2: [(1, 3), (3, 5)], 5: [(1, 11), (11, 10)], 4: [(1, 2)], 3: [(1, 4)], 9: [(1, 2), (2, 3)], 7: [(1, 6), (6, 4), (4, 3)], 6: [(1, 8)], 8: [(1, 7), (7, 8), (8, 9)]}, padri: [2], figli: [4], mosse: [(2, 2, 5, 3)]
bestSolutionIndice: 5
5 -> costo: 76367.40000000001, rotte: {2: [(1, 5)], 5: [(1, 11), (11, 10)], 4: [(1, 2)], 3: [(1, 4)], 9: [(1, 2), (2, 3)], 7: [(1, 4), (4, 3), (3, 6)], 6: [(1, 8)], 8: [(1, 3), (3, 7), (7, 8), (8, 9)]}, padri: [4], figli: [], mosse: [(8, 2, 1, 3, 2)]
trasportoPalletDiGamma: {2: [(5, 8)], 5: [(11, 6), (10, 9)], 4: [(2, 10)], 3: [(4, 10)], 9: [(2, 10), (3, 9)], 7: [(4, 5), (3, 7), (6, 4)], 6: [(8, 15)], 8: [(3, 2), (7, 1), (8, 3), (9, 14)]}
itMosseLS: 24, itMosseTS: 20
time elapsed: 297.25s.


##########################################################################################
s: 1
dictSolutions[1]:
0 -> costo: 90629.99999999999, rotte: {3: [(1, 9)], 7: [(1, 5), (5, 3)], 9: [(1, 6), (6, 11), (11, 3)], 2: [(1, 7), (7, 9), (9, 2)], 5: [(1, 8)], 4: [(1, 2)], 8: [(1, 4), (4, 8)], 6: [(1, 10), (10, 2)]}, padri: [-1], figli: [1], mosse: [-1]
1 -> costo: 87945.49999999999, rotte: {3: [(1, 9)], 7: [(1, 5), (5, 3)], 9: [(1, 6), (6, 11), (11, 3)], 2: [(1, 2), (2, 7), (7, 9)], 5: [(1, 8)], 4: [(1, 2)], 8: [(1, 4), (4, 8)], 6: [(1, 10), (10, 2)]}, padri: [0], figli: [2], mosse: [(2, 2, 1, 2, 4)]
2 -> costo: 84853.9, rotte: {3: [(1, 9)], 7: [(1, 5), (5, 3)], 9: [(1, 6), (6, 11), (11, 3)], 2: [(1, 2), (2, 7), (7, 9)], 5: [(1, 8)], 4: [(1, 2)], 8: [(1, 4), (4, 8)], 6: [(1, 2), (2, 10)]}, padri: [1], figli: [3], mosse: [(6, 6, 10, 2)]
3 -> costo: 84498.2, rotte: {3: [(1, 9)], 7: [(1, 5), (5, 3)], 9: [(1, 3), (3, 6), (6, 11)], 2: [(1, 2), (2, 7), (7, 9)], 5: [(1, 8)], 4: [(1, 2)], 8: [(1, 4), (4, 8)], 6: [(1, 2), (2, 10)]}, padri: [2], figli: [4, 10], mosse: [(9, 9, 1, 3, 6)]
4 -> costo: 84192.59999999999, rotte: {3: [(1, 9)], 7: [(1, 5), (5, 3)], 9: [(1, 3), (3, 11), (11, 6)], 2: [(1, 2), (2, 7), (7, 9)], 5: [(1, 8)], 4: [(1, 2)], 8: [(1, 4), (4, 8)], 6: [(1, 2), (2, 10)]}, padri: [3], figli: [5, 7, 9, 7, 7, 11, 11, 11], mosse: [(9, 9, 6, 11)]
5 -> costo: 83212.7, rotte: {3: [(1, 9)], 7: [(1, 5), (5, 3)], 9: [(1, 2), (2, 3), (3, 11), (11, 6)], 2: [(1, 7), (7, 9)], 5: [(1, 8)], 4: [(1, 2)], 8: [(1, 4), (4, 8)], 6: [(1, 2), (2, 10)]}, padri: [4], figli: [6, 6, 6], mosse: [(9, 2, 1, 2, 4)]
6 -> costo: 82916.3, rotte: {3: [(1, 9)], 7: [(1, 3), (3, 5)], 9: [(1, 2), (2, 3), (3, 11), (11, 6)], 2: [(1, 7), (7, 9)], 5: [(1, 8)], 4: [(1, 2)], 8: [(1, 4), (4, 8)], 6: [(1, 2), (2, 10)]}, padri: [5, 5, 5, 12, 12, 12], figli: [], mosse: [(7, 7, 5, 3), (7, 7, 1, 3, 12), (7, 7, 3, 5, 8), (9, 9, 6, 11), (9, 9, 3, 11, 6), (9, 9, 11, 6, 4)]
7 -> costo: 83896.2, rotte: {3: [(1, 9)], 7: [(1, 3), (3, 5)], 9: [(1, 3), (3, 11), (11, 6)], 2: [(1, 2), (2, 7), (7, 9)], 5: [(1, 8)], 4: [(1, 2)], 8: [(1, 4), (4, 8)], 6: [(1, 2), (2, 10)]}, padri: [4, 4, 4, 10, 10, 10], figli: [8], mosse: [(7, 7, 5, 3), (7, 7, 1, 3, 12), (7, 7, 3, 5, 8), (9, 9, 6, 11), (9, 9, 3, 11, 6), (9, 9, 11, 6, 4)]
8 -> costo: 83409.9, rotte: {3: [(1, 9)], 7: [(1, 3), (3, 5)], 9: [(1, 6), (6, 3), (3, 11)], 2: [(1, 2), (2, 7), (7, 9)], 5: [(1, 8)], 4: [(1, 2)], 8: [(1, 4), (4, 8)], 6: [(1, 2), (2, 10)]}, padri: [7, 9, 9, 9, 10], figli: [], mosse: [(9, 9, 1, 6, 4), (7, 7, 5, 3), (7, 7, 1, 3, 12), (7, 7, 3, 5, 8), (9, 9, 6, 3, 6)]
9 -> costo: 83706.29999999999, rotte: {3: [(1, 9)], 7: [(1, 5), (5, 3)], 9: [(1, 6), (6, 3), (3, 11)], 2: [(1, 2), (2, 7), (7, 9)], 5: [(1, 8)], 4: [(1, 2)], 8: [(1, 4), (4, 8)], 6: [(1, 2), (2, 10)]}, padri: [4], figli: [8, 8, 8], mosse: [(9, 9, 1, 6, 4)]
10 -> costo: 84201.79999999999, rotte: {3: [(1, 9)], 7: [(1, 3), (3, 5)], 9: [(1, 3), (3, 6), (6, 11)], 2: [(1, 2), (2, 7), (7, 9)], 5: [(1, 8)], 4: [(1, 2)], 8: [(1, 4), (4, 8)], 6: [(1, 2), (2, 10)]}, padri: [3], figli: [8, 7, 7, 7, 11, 11, 11], mosse: [(7, 7, 5, 3)]
11 -> costo: 84168.5, rotte: {3: [(1, 9)], 7: [(1, 3), (3, 5)], 9: [(1, 3), (3, 2), (2, 6), (6, 11)], 2: [(1, 7), (7, 9)], 5: [(1, 8)], 4: [(1, 2)], 8: [(1, 4), (4, 8)], 6: [(1, 2), (2, 10)]}, padri: [10], figli: [12], mosse: [(9, 2, 3, 2, 4)]
12 -> costo: 83221.9, rotte: {3: [(1, 9)], 7: [(1, 3), (3, 5)], 9: [(1, 2), (2, 3), (3, 6), (6, 11)], 2: [(1, 7), (7, 9)], 5: [(1, 8)], 4: [(1, 2)], 8: [(1, 4), (4, 8)], 6: [(1, 2), (2, 10)]}, padri: [11], figli: [6, 6, 6], mosse: [(9, 9, 2, 3, 6)]
bestSolutionIndice: 6
6 -> costo: 82916.3, rotte: {3: [(1, 9)], 7: [(1, 3), (3, 5)], 9: [(1, 2), (2, 3), (3, 11), (11, 6)], 2: [(1, 7), (7, 9)], 5: [(1, 8)], 4: [(1, 2)], 8: [(1, 4), (4, 8)], 6: [(1, 2), (2, 10)]}, padri: [5, 5, 5, 12, 12, 12], figli: [], mosse: [(7, 7, 5, 3), (7, 7, 1, 3, 12), (7, 7, 3, 5, 8), (9, 9, 6, 11), (9, 9, 3, 11, 6), (9, 9, 11, 6, 4)]
trasportoPalletDiGamma: {3: [(9, 10)], 7: [(3, 12), (5, 8)], 9: [(2, 4), (3, 6), (11, 6), (6, 4)], 2: [(7, 1), (9, 4)], 5: [(8, 15)], 4: [(2, 10)], 8: [(4, 15), (8, 3)], 6: [(2, 6), (10, 9)]}
itMosseLS: 26, itMosseTS: 20
time elapsed: 555.67s.


##########################################################################################
s: 1
dictSolutions[1]:
0 -> costo: 86894.00000000001, rotte: {2: [(1, 2)], 4: [(1, 7), (7, 11), (11, 8)], 3: [(1, 4)], 6: [(1, 10), (10, 8)], 7: [(1, 3), (3, 2)], 9: [(1, 6), (6, 4), (4, 2), (2, 8)], 8: [(1, 9), (9, 8)], 5: [(1, 5), (5, 2)]}, padri: [-1], figli: [1], mosse: [-1]
1 -> costo: 83969.30000000002, rotte: {2: [(1, 2)], 4: [(1, 7), (7, 11), (11, 8)], 3: [(1, 4)], 6: [(1, 10), (10, 8)], 7: [(1, 3), (3, 2)], 9: [(1, 4), (4, 2), (2, 8), (8, 6)], 8: [(1, 9), (9, 8)], 5: [(1, 5), (5, 2)]}, padri: [0], figli: [2], mosse: [(9, 9, 8, 6, 4)]
2 -> costo: 82320.00000000001, rotte: {2: [(1, 2)], 4: [(1, 7), (7, 11), (11, 8)], 3: [(1, 4)], 6: [(1, 8), (8, 10)], 7: [(1, 3), (3, 2)], 9: [(1, 4), (4, 2), (2, 8), (8, 6)], 8: [(1, 9), (9, 8)], 5: [(1, 5), (5, 2)]}, padri: [1], figli: [3], mosse: [(6, 6, 10, 8)]
3 -> costo: 80802.90000000001, rotte: {2: [(1, 2)], 4: [(1, 7), (7, 11), (11, 8)], 3: [(1, 4)], 6: [(1, 8), (8, 10)], 7: [(1, 3), (3, 2)], 9: [(1, 4), (4, 2), (2, 8), (8, 6)], 8: [(1, 8), (8, 9)], 5: [(1, 5), (5, 2)]}, padri: [2], figli: [4, 4, 7, 8, 8], mosse: [(8, 8, 1, 8, 6)]
4 -> costo: 79545.90000000001, rotte: {2: [(1, 2)], 4: [(1, 7), (7, 8), (8, 11)], 3: [(1, 4)], 6: [(1, 8), (8, 10)], 7: [(1, 3), (3, 2)], 9: [(1, 4), (4, 2), (2, 8), (8, 6)], 8: [(1, 8), (8, 9)], 5: [(1, 5), (5, 2)]}, padri: [3, 3], figli: [5, 5, 5, 9, 9, 9], mosse: [(4, 4, 11, 8), (4, 4, 7, 8, 3)]
5 -> costo: 78772.80000000002, rotte: {2: [(1, 2)], 4: [(1, 7), (7, 8), (8, 11)], 3: [(1, 4)], 6: [(1, 8), (8, 10)], 7: [(1, 3), (3, 2)], 9: [(1, 4), (4, 2), (2, 8), (8, 6)], 8: [(1, 8), (8, 9)], 5: [(1, 2), (2, 5)]}, padri: [4, 4, 4, 8, 8, 8], figli: [6, 10], mosse: [(5, 5, 1, 2, 7), (5, 5, 2, 5, 8), (5, 5, 5, 2), (4, 4, 7, 8, 3), (4, 4, 11, 8), (4, 4, 8, 11, 6)]
6 -> costo: 78365.40000000001, rotte: {2: [(1, 2)], 4: [(1, 7), (7, 8), (8, 11)], 3: [(1, 4)], 6: [(1, 8), (8, 10)], 7: [(1, 2), (2, 3)], 9: [(1, 4), (4, 2), (2, 8), (8, 6)], 8: [(1, 8), (8, 9)], 5: [(1, 2), (2, 5)]}, padri: [5, 7, 7, 7, 9, 9, 9, 10], figli: [], mosse: [(7, 7, 3, 2), (5, 5, 1, 2, 7), (5, 5, 5, 2), (5, 5, 2, 5, 8), (4, 4, 7, 8, 3), (4, 4, 11, 8), (4, 4, 8, 11, 6), (4, 4, 7, 8, 3)]
7 -> costo: 79138.5, rotte: {2: [(1, 2)], 4: [(1, 7), (7, 8), (8, 11)], 3: [(1, 4)], 6: [(1, 8), (8, 10)], 7: [(1, 2), (2, 3)], 9: [(1, 4), (4, 2), (2, 8), (8, 6)], 8: [(1, 8), (8, 9)], 5: [(1, 5), (5, 2)]}, padri: [4], figli: [6, 6, 6, 10, 10, 10], mosse: [(7, 7, 3, 2)]
8 -> costo: 80029.80000000002, rotte: {2: [(1, 2)], 4: [(1, 7), (7, 11), (11, 8)], 3: [(1, 4)], 6: [(1, 8), (8, 10)], 7: [(1, 3), (3, 2)], 9: [(1, 4), (4, 2), (2, 8), (8, 6)], 8: [(1, 8), (8, 9)], 5: [(1, 2), (2, 5)]}, padri: [3], figli: [5, 5, 5, 9, 9, 9], mosse: [(5, 5, 5, 2)]
9 -> costo: 79622.40000000001, rotte: {2: [(1, 2)], 4: [(1, 7), (7, 11), (11, 8)], 3: [(1, 4)], 6: [(1, 8), (8, 10)], 7: [(1, 2), (2, 3)], 9: [(1, 4), (4, 2), (2, 8), (8, 6)], 8: [(1, 8), (8, 9)], 5: [(1, 2), (2, 5)]}, padri: [8], figli: [6, 6, 6, 10, 10, 10, 11], mosse: [(7, 7, 3, 2)]
10 -> costo: 78765.80000000002, rotte: {2: [(1, 2)], 4: [(1, 8), (8, 7), (7, 11)], 3: [(1, 4)], 6: [(1, 8), (8, 10)], 7: [(1, 2), (2, 3)], 9: [(1, 4), (4, 2), (2, 8), (8, 6)], 8: [(1, 8), (8, 9)], 5: [(1, 2), (2, 5)]}, padri: [9], figli: [6], mosse: [(4, 4, 1, 8, 3)]
11 -> costo: 79488.3, rotte: {2: [(1, 2)], 4: [(1, 11), (11, 8)], 3: [(1, 4)], 6: [(1, 8), (8, 10)], 7: [(1, 2), (2, 3)], 9: [(1, 4), (4, 2), (2, 7), (7, 8), (8, 6)], 8: [(1, 8), (8, 9)], 5: [(1, 2), (2, 5)]}, padri: [9], figli: [12], mosse: [(9, 4, 2, 7, 1)]
12 -> costo: 78549.0, rotte: {2: [(1, 2)], 4: [(1, 8), (8, 11)], 3: [(1, 4)], 6: [(1, 8), (8, 10)], 7: [(1, 2), (2, 3)], 9: [(1, 4), (4, 2), (2, 7), (7, 8), (8, 6)], 8: [(1, 8), (8, 9)], 5: [(1, 2), (2, 5)]}, padri: [11], figli: [13], mosse: [(4, 4, 11, 8)]
13 -> costo: 78387.3, rotte: {2: [(1, 2)], 4: [(1, 8), (8, 11)], 3: [(1, 4)], 6: [(1, 8), (8, 10)], 7: [(1, 2), (2, 3)], 9: [(1, 4), (4, 2), (2, 7), (7, 6), (6, 8)], 8: [(1, 8), (8, 9)], 5: [(1, 2), (2, 5)]}, padri: [12], figli: [], mosse: [(9, 9, 7, 6, 4)]
bestSolutionIndice: 6
6 -> costo: 78365.40000000001, rotte: {2: [(1, 2)], 4: [(1, 7), (7, 8), (8, 11)], 3: [(1, 4)], 6: [(1, 8), (8, 10)], 7: [(1, 2), (2, 3)], 9: [(1, 4), (4, 2), (2, 8), (8, 6)], 8: [(1, 8), (8, 9)], 5: [(1, 2), (2, 5)]}, padri: [5, 7, 7, 7, 9, 9, 9, 10], figli: [], mosse: [(7, 7, 3, 2), (5, 5, 1, 2, 7), (5, 5, 5, 2), (5, 5, 2, 5, 8), (4, 4, 7, 8, 3), (4, 4, 11, 8), (4, 4, 8, 11, 6), (4, 4, 7, 8, 3)]
trasportoPalletDiGamma: {2: [(2, 10)], 4: [(7, 1), (8, 3), (11, 6)], 3: [(4, 10)], 6: [(8, 6), (10, 9)], 7: [(2, 2), (3, 18)], 9: [(4, 5), (2, 1), (8, 3), (6, 4)], 8: [(8, 6), (9, 14)], 5: [(2, 7), (5, 8)]}
itMosseLS: 26, itMosseTS: 19
time elapsed: 292.15s.


##########################################################################################
##########################################################################################
