itNSIMax: 10, itMosseTSMax: 30.
##########################################################################################
s: 1, itNSI: 1.
soluzione iniziale: 0
0 -> 
costo: 102615.4, 
rotte: {2: [(1, 10), (10, 7), (7, 4), (4, 8), (8, 16), (16, 12), (12, 6), (6, 9), (9, 14)], 3: [(1, 2), (2, 5), (5, 3), (3, 11), (11, 13), (13, 15), (15, 14)]}
trasportoPalletDiGamma: {2: [(10, 8), (7, 5), (4, 2), (8, 6), (16, 14), (12, 10), (6, 4), (9, 7), (14, 1)], 3: [(2, 12), (5, 3), (3, 1), (11, 9), (13, 11), (15, 13), (14, 11)]}
bestSolutionIndice: 8
8 -> 
costo: 65847.1, 
rotte: {2: [(1, 4), (4, 10), (10, 8), (8, 12), (12, 14), (14, 6), (6, 7), (7, 9), (9, 16)], 3: [(1, 2), (2, 5), (5, 3), (3, 15), (15, 14), (14, 13), (13, 11)]}
trasportoPalletDiGamma: {2: [(4, 2), (10, 8), (8, 6), (12, 10), (14, 1), (6, 4), (7, 5), (9, 7), (16, 14)], 3: [(2, 12), (5, 3), (3, 1), (15, 13), (14, 11), (13, 11), (11, 9)]}
itMosseLS: 36, itMosseTS: 30
numero di soluzioni totali trovati: 22.
time elapsed: 295.41s.


##########################################################################################
s: 1, itNSI: 2.
soluzione iniziale: 0
0 -> 
costo: 105007.3, 
rotte: {3: [(1, 10), (10, 11), (11, 4), (4, 3), (3, 15), (15, 16), (16, 8), (8, 9)], 2: [(1, 6), (6, 5), (5, 13), (13, 12), (12, 14), (14, 2), (2, 7)]}
trasportoPalletDiGamma: {3: [(10, 8), (11, 9), (4, 2), (3, 1), (15, 13), (16, 14), (8, 6), (9, 7)], 2: [(6, 4), (5, 3), (13, 11), (12, 10), (14, 12), (2, 12), (7, 5)]}
bestSolutionIndice: 11
11 -> 
costo: 68828.59999999999, 
rotte: {3: [(1, 4), (4, 3), (3, 8), (8, 9), (9, 16), (16, 15), (15, 10), (10, 11)], 2: [(1, 13), (13, 14), (14, 6), (6, 2), (2, 5), (5, 7), (7, 12)]}
trasportoPalletDiGamma: {3: [(4, 2), (3, 1), (8, 6), (9, 7), (16, 14), (15, 13), (10, 8), (11, 9)], 2: [(13, 11), (14, 12), (6, 4), (2, 12), (5, 3), (7, 5), (12, 10)]}
itMosseLS: 37, itMosseTS: 30
numero di soluzioni totali trovati: 23.
time elapsed: 248.98s.


##########################################################################################
s: 1, itNSI: 3.
soluzione iniziale: 0
0 -> 
costo: 114343.00000000001, 
rotte: {2: [(1, 6), (6, 10), (10, 8), (8, 11), (11, 4), (4, 15), (15, 3), (3, 2), (2, 14)], 3: [(1, 13), (13, 12), (12, 7), (7, 9), (9, 5), (5, 16), (16, 14)]}
trasportoPalletDiGamma: {2: [(6, 4), (10, 8), (8, 6), (11, 9), (4, 2), (15, 13), (3, 1), (2, 12), (14, 2)], 3: [(13, 11), (12, 10), (7, 5), (9, 7), (5, 3), (16, 14), (14, 10)]}
bestSolutionIndice: 9
9 -> 
costo: 71574.0, 
rotte: {2: [(1, 15), (15, 8), (8, 3), (3, 2), (2, 4), (4, 6), (6, 14), (14, 10), (10, 11)], 3: [(1, 13), (13, 14), (14, 5), (5, 7), (7, 12), (12, 9), (9, 16)]}
trasportoPalletDiGamma: {2: [(15, 13), (8, 6), (3, 1), (2, 12), (4, 2), (6, 4), (14, 2), (10, 8), (11, 9)], 3: [(13, 11), (14, 10), (5, 3), (7, 5), (12, 10), (9, 7), (16, 14)]}
itMosseLS: 38, itMosseTS: 30
numero di soluzioni totali trovati: 23.
time elapsed: 456.00s.


##########################################################################################
s: 1, itNSI: 4.
soluzione iniziale: 0
0 -> 
costo: 109348.59999999999, 
rotte: {3: [(1, 10), (10, 12), (12, 7), (7, 3), (3, 8), (8, 5), (5, 11), (11, 14), (14, 13)], 2: [(1, 6), (6, 9), (9, 4), (4, 2), (2, 16), (16, 15), (15, 13)]}
trasportoPalletDiGamma: {3: [(10, 8), (12, 10), (7, 5), (3, 1), (8, 6), (5, 3), (11, 9), (14, 12), (13, 3)], 2: [(6, 4), (9, 7), (4, 2), (2, 12), (16, 14), (15, 13), (13, 8)]}
bestSolutionIndice: 9
9 -> 
costo: 67700.90000000001, 
rotte: {3: [(1, 12), (12, 8), (8, 7), (7, 5), (5, 3), (3, 14), (14, 13), (13, 10), (10, 11)], 2: [(1, 4), (4, 2), (2, 13), (13, 6), (6, 15), (15, 9), (9, 16)]}
trasportoPalletDiGamma: {3: [(12, 10), (8, 6), (7, 5), (5, 3), (3, 1), (14, 12), (13, 3), (10, 8), (11, 9)], 2: [(4, 2), (2, 12), (13, 8), (6, 4), (15, 13), (9, 7), (16, 14)]}
itMosseLS: 42, itMosseTS: 30
numero di soluzioni totali trovati: 23.
time elapsed: 371.56s.


##########################################################################################
s: 1, itNSI: 5.
soluzione iniziale: 0
0 -> 
costo: 115163.7, 
rotte: {3: [(1, 16), (16, 8), (8, 10), (10, 12), (12, 13), (13, 6), (6, 11)], 2: [(1, 15), (15, 2), (2, 9), (9, 7), (7, 3), (3, 14), (14, 4), (4, 5), (5, 11)]}
trasportoPalletDiGamma: {3: [(16, 14), (8, 6), (10, 8), (12, 10), (13, 11), (6, 4), (11, 7)], 2: [(15, 13), (2, 12), (9, 7), (7, 5), (3, 1), (14, 12), (4, 2), (5, 3), (11, 2)]}
bestSolutionIndice: 6
6 -> 
costo: 101153.49999999999, 
rotte: {3: [(1, 16), (16, 8), (8, 12), (12, 13), (13, 10), (10, 6), (6, 11)], 2: [(1, 7), (7, 9), (9, 15), (15, 14), (14, 2), (2, 5), (5, 4), (4, 3), (3, 11)]}
trasportoPalletDiGamma: {3: [(16, 14), (8, 6), (12, 10), (13, 11), (10, 8), (6, 4), (11, 7)], 2: [(7, 5), (9, 7), (15, 13), (14, 12), (2, 12), (5, 3), (4, 2), (3, 1), (11, 2)]}
itMosseLS: 36, itMosseTS: 30
numero di soluzioni totali trovati: 22.
time elapsed: 475.63s.


##########################################################################################
s: 1, itNSI: 6.
soluzione iniziale: 0
0 -> 
costo: 108927.2, 
rotte: {3: [(1, 13), (13, 6), (6, 12), (12, 4), (4, 9), (9, 3), (3, 16), (16, 15)], 2: [(1, 8), (8, 11), (11, 10), (10, 5), (5, 2), (2, 7), (7, 14), (14, 15)]}
trasportoPalletDiGamma: {3: [(13, 11), (6, 4), (12, 10), (4, 2), (9, 7), (3, 1), (16, 14), (15, 11)], 2: [(8, 6), (11, 9), (10, 8), (5, 3), (2, 12), (7, 5), (14, 12), (15, 2)]}
bestSolutionIndice: 9
9 -> 
costo: 70554.89999999998, 
rotte: {3: [(1, 13), (13, 15), (15, 12), (12, 6), (6, 3), (3, 4), (4, 9), (9, 16)], 2: [(1, 5), (5, 2), (2, 7), (7, 8), (8, 15), (15, 14), (14, 10), (10, 11)]}
trasportoPalletDiGamma: {3: [(13, 11), (15, 11), (12, 10), (6, 4), (3, 1), (4, 2), (9, 7), (16, 14)], 2: [(5, 3), (2, 12), (7, 5), (8, 6), (15, 2), (14, 12), (10, 8), (11, 9)]}
itMosseLS: 36, itMosseTS: 30
numero di soluzioni totali trovati: 24.
time elapsed: 410.19s.


##########################################################################################
s: 1, itNSI: 7.
soluzione iniziale: 0
0 -> 
costo: 103389.50000000001, 
rotte: {2: [(1, 14), (14, 11), (11, 4), (4, 2), (2, 7), (7, 16), (16, 5), (5, 3)], 3: [(1, 6), (6, 15), (15, 8), (8, 13), (13, 10), (10, 9), (9, 12)]}
trasportoPalletDiGamma: {2: [(14, 12), (11, 9), (4, 2), (2, 12), (7, 5), (16, 14), (5, 3), (3, 1)], 3: [(6, 4), (15, 13), (8, 6), (13, 11), (10, 8), (9, 7), (12, 10)]}
bestSolutionIndice: 7
7 -> 
costo: 67403.2, 
rotte: {2: [(1, 4), (4, 7), (7, 16), (16, 5), (5, 2), (2, 3), (3, 14), (14, 11)], 3: [(1, 10), (10, 13), (13, 6), (6, 9), (9, 8), (8, 12), (12, 15)]}
trasportoPalletDiGamma: {2: [(4, 2), (7, 5), (16, 14), (5, 3), (2, 12), (3, 1), (14, 12), (11, 9)], 3: [(10, 8), (13, 11), (6, 4), (9, 7), (8, 6), (12, 10), (15, 13)]}
itMosseLS: 38, itMosseTS: 30
numero di soluzioni totali trovati: 21.
time elapsed: 154.16s.


##########################################################################################
s: 1, itNSI: 8.
soluzione iniziale: 0
0 -> 
costo: 102171.6, 
rotte: {2: [(1, 4), (4, 11), (11, 14), (14, 6), (6, 8), (8, 3), (3, 16), (16, 12)], 3: [(1, 7), (7, 15), (15, 10), (10, 13), (13, 5), (5, 2), (2, 9)]}
trasportoPalletDiGamma: {2: [(4, 2), (11, 9), (14, 12), (6, 4), (8, 6), (3, 1), (16, 14), (12, 10)], 3: [(7, 5), (15, 13), (10, 8), (13, 11), (5, 3), (2, 12), (9, 7)]}
bestSolutionIndice: 7
7 -> 
costo: 69742.39999999998, 
rotte: {2: [(1, 4), (4, 6), (6, 14), (14, 8), (8, 12), (12, 16), (16, 3), (3, 11)], 3: [(1, 13), (13, 10), (10, 5), (5, 2), (2, 7), (7, 9), (9, 15)]}
trasportoPalletDiGamma: {2: [(4, 2), (6, 4), (14, 12), (8, 6), (12, 10), (16, 14), (3, 1), (11, 9)], 3: [(13, 11), (10, 8), (5, 3), (2, 12), (7, 5), (9, 7), (15, 13)]}
itMosseLS: 35, itMosseTS: 30
numero di soluzioni totali trovati: 23.
time elapsed: 200.32s.


##########################################################################################
s: 1, itNSI: 9.
soluzione iniziale: 0
0 -> 
costo: 114342.9, 
rotte: {2: [(1, 11), (11, 2), (2, 16), (16, 4), (4, 7), (7, 14), (14, 12)], 3: [(1, 8), (8, 15), (15, 13), (13, 9), (9, 3), (3, 6), (6, 10), (10, 5), (5, 12)]}
trasportoPalletDiGamma: {2: [(11, 9), (2, 12), (16, 14), (4, 2), (7, 5), (14, 12), (12, 6)], 3: [(8, 6), (15, 13), (13, 11), (9, 7), (3, 1), (6, 4), (10, 8), (5, 3), (12, 4)]}
bestSolutionIndice: 12
12 -> 
costo: 70737.1, 
rotte: {2: [(1, 4), (4, 2), (2, 7), (7, 16), (16, 12), (12, 14), (14, 11)], 3: [(1, 5), (5, 15), (15, 12), (12, 8), (8, 9), (9, 6), (6, 3), (3, 10), (10, 13)]}
trasportoPalletDiGamma: {2: [(4, 2), (2, 12), (7, 5), (16, 14), (12, 6), (14, 12), (11, 9)], 3: [(5, 3), (15, 13), (12, 4), (8, 6), (9, 7), (6, 4), (3, 1), (10, 8), (13, 11)]}
itMosseLS: 39, itMosseTS: 30
numero di soluzioni totali trovati: 21.
time elapsed: 397.96s.


##########################################################################################
s: 1, itNSI: 10.
soluzione iniziale: 0
0 -> 
costo: 108264.5, 
rotte: {2: [(1, 12), (12, 15), (15, 11), (11, 14), (14, 3), (3, 7), (7, 6), (6, 10)], 3: [(1, 5), (5, 2), (2, 9), (9, 13), (13, 4), (4, 16), (16, 8), (8, 10)]}
trasportoPalletDiGamma: {2: [(12, 10), (15, 13), (11, 9), (14, 12), (3, 1), (7, 5), (6, 4), (10, 6)], 3: [(5, 3), (2, 12), (9, 7), (13, 11), (4, 2), (16, 14), (8, 6), (10, 2)]}
bestSolutionIndice: 7
7 -> 
costo: 69250.30000000002, 
rotte: {2: [(1, 12), (12, 15), (15, 14), (14, 6), (6, 7), (7, 3), (3, 10), (10, 11)], 3: [(1, 4), (4, 2), (2, 5), (5, 16), (16, 9), (9, 8), (8, 13), (13, 10)]}
trasportoPalletDiGamma: {2: [(12, 10), (15, 13), (14, 12), (6, 4), (7, 5), (3, 1), (10, 6), (11, 9)], 3: [(4, 2), (2, 12), (5, 3), (16, 14), (9, 7), (8, 6), (13, 11), (10, 2)]}
itMosseLS: 37, itMosseTS: 30
numero di soluzioni totali trovati: 23.
time elapsed: 249.15s.


##########################################################################################
##########################################################################################
##########################################################################################
Soluzione migliore in assoluto trovata:

s: 1
itNSI: 1, 
costo: 65847.1, 
rotte: {2: [(1, 4), (4, 10), (10, 8), (8, 12), (12, 14), (14, 6), (6, 7), (7, 9), (9, 16)], 3: [(1, 2), (2, 5), (5, 3), (3, 15), (15, 14), (14, 13), (13, 11)]}
trasportoPalletDiGamma: {2: [(4, 2), (10, 8), (8, 6), (12, 10), (14, 1), (6, 4), (7, 5), (9, 7), (16, 14)], 3: [(2, 12), (5, 3), (3, 1), (15, 13), (14, 11), (13, 11), (11, 9)]}

Total time elapsed: 3259.50s.