itNSIMax: 10, itMosseTSMax: 30.
##########################################################################################
s: 1, itNSI: 1.
soluzione iniziale: 0
0 -> 
costo: 106213.7, 
rotte: {2: [(1, 9), (9, 16), (16, 10), (10, 4), (4, 5), (5, 13), (13, 14), (14, 7)], 3: [(1, 15), (15, 6), (6, 11), (11, 3), (3, 2), (2, 12), (12, 8), (8, 7)]}
trasportoPalletDiGamma: {2: [(9, 7), (16, 14), (10, 8), (4, 2), (5, 3), (13, 11), (14, 12), (7, 3)], 3: [(15, 13), (6, 4), (11, 9), (3, 1), (2, 12), (12, 10), (8, 6), (7, 2)]}
bestSolutionIndice: 10
10 -> 
costo: 63548.4, 
rotte: {2: [(1, 4), (4, 5), (5, 3), (3, 10), (10, 13), (13, 14), (14, 9), (9, 16)], 3: [(1, 2), (2, 15), (15, 12), (12, 8), (8, 7), (7, 6), (6, 11)]}
trasportoPalletDiGamma: {2: [(4, 2), (5, 3), (3, 1), (10, 8), (13, 11), (14, 12), (9, 7), (16, 14)], 3: [(2, 12), (15, 13), (12, 10), (8, 6), (7, 5), (6, 4), (11, 9)]}
itMosseLS: 37, itMosseTS: 30
numero di soluzioni totali trovati: 14.
time elapsed: 164.58s.


##########################################################################################
s: 1, itNSI: 2.
soluzione iniziale: 0
0 -> 
costo: 106609.8, 
rotte: {2: [(1, 14), (14, 13), (13, 5), (5, 16), (16, 8), (8, 3), (3, 15)], 3: [(1, 2), (2, 6), (6, 9), (9, 4), (4, 11), (11, 10), (10, 12), (12, 7)]}
trasportoPalletDiGamma: {2: [(14, 12), (13, 11), (5, 3), (16, 14), (8, 6), (3, 1), (15, 13)], 3: [(2, 12), (6, 4), (9, 7), (4, 2), (11, 9), (10, 8), (12, 10), (7, 5)]}
bestSolutionIndice: 15
15 -> 
costo: 63753.3, 
rotte: {2: [(1, 3), (3, 13), (13, 14), (14, 15), (15, 8), (8, 16)], 3: [(1, 4), (4, 2), (2, 5), (5, 9), (9, 12), (12, 7), (7, 6), (6, 10), (10, 11)]}
trasportoPalletDiGamma: {2: [(3, 1), (13, 11), (14, 12), (15, 13), (8, 6), (16, 14)], 3: [(4, 2), (2, 12), (5, 3), (9, 7), (12, 10), (7, 5), (6, 4), (10, 8), (11, 9)]}
itMosseLS: 41, itMosseTS: 30
numero di soluzioni totali trovati: 28.
time elapsed: 180.43s.


##########################################################################################
s: 1, itNSI: 3.
soluzione iniziale: 0
0 -> 
costo: 107251.2, 
rotte: {2: [(1, 3), (3, 16), (16, 8), (8, 9), (9, 15), (15, 14), (14, 13)], 3: [(1, 12), (12, 11), (11, 4), (4, 5), (5, 10), (10, 7), (7, 2), (2, 6), (6, 13)]}
trasportoPalletDiGamma: {2: [(3, 1), (16, 14), (8, 6), (9, 7), (15, 13), (14, 12), (13, 7)], 3: [(12, 10), (11, 9), (4, 2), (5, 3), (10, 8), (7, 5), (2, 12), (6, 4), (13, 4)]}
bestSolutionIndice: 21
21 -> 
costo: 64179.1, 
rotte: {2: [(1, 13), (13, 14), (14, 15), (15, 8), (8, 9), (9, 16)], 3: [(1, 4), (4, 7), (7, 12), (12, 6), (6, 2), (2, 5), (5, 3), (3, 10), (10, 13), (13, 11)]}
trasportoPalletDiGamma: {2: [(13, 7), (14, 12), (15, 13), (8, 6), (9, 7), (16, 14)], 3: [(4, 2), (7, 5), (12, 10), (6, 4), (2, 12), (5, 3), (3, 1), (10, 8), (13, 4), (11, 9)]}
itMosseLS: 43, itMosseTS: 30
numero di soluzioni totali trovati: 34.
time elapsed: 231.00s.


##########################################################################################
s: 1, itNSI: 4.
soluzione iniziale: 0
0 -> 
costo: 111030.0, 
rotte: {2: [(1, 2), (2, 15), (15, 3), (3, 13), (13, 14), (14, 12), (12, 16)], 3: [(1, 6), (6, 4), (4, 10), (10, 5), (5, 7), (7, 8), (8, 9), (9, 11), (11, 16)]}
trasportoPalletDiGamma: {2: [(2, 12), (15, 13), (3, 1), (13, 11), (14, 12), (12, 10), (16, 1)], 3: [(6, 4), (4, 2), (10, 8), (5, 3), (7, 5), (8, 6), (9, 7), (11, 9), (16, 13)]}
bestSolutionIndice: 7
7 -> 
costo: 66095.20000000001, 
rotte: {2: [(1, 2), (2, 3), (3, 13), (13, 14), (14, 15), (15, 12)], 3: [(1, 4), (4, 5), (5, 16), (16, 9), (9, 8), (8, 7), (7, 6), (6, 10), (10, 11)]}
trasportoPalletDiGamma: {2: [(2, 12), (3, 1), (13, 11), (14, 12), (15, 13), (12, 10)], 3: [(4, 2), (5, 3), (16, 14), (9, 7), (8, 6), (7, 5), (6, 4), (10, 8), (11, 9)]}
itMosseLS: 36, itMosseTS: 30
numero di soluzioni totali trovati: 20.
time elapsed: 184.62s.


##########################################################################################
s: 1, itNSI: 5.
soluzione iniziale: 0
0 -> 
costo: 113446.3, 
rotte: {3: [(1, 5), (5, 12), (12, 10), (10, 2), (2, 4), (4, 9), (9, 3), (3, 14), (14, 13)], 2: [(1, 15), (15, 6), (6, 16), (16, 7), (7, 11), (11, 8), (8, 13)]}
trasportoPalletDiGamma: {3: [(5, 3), (12, 10), (10, 8), (2, 12), (4, 2), (9, 7), (3, 1), (14, 12), (13, 2)], 2: [(15, 13), (6, 4), (16, 14), (7, 5), (11, 9), (8, 6), (13, 9)]}
bestSolutionIndice: 26
26 -> 
costo: 70520.7, 
rotte: {3: [(1, 4), (4, 2), (2, 5), (5, 9), (9, 12), (12, 3), (3, 10), (10, 13), (13, 14)], 2: [(1, 6), (6, 7), (7, 8), (8, 16), (16, 15), (15, 13), (13, 11)]}
trasportoPalletDiGamma: {3: [(4, 2), (2, 12), (5, 3), (9, 7), (12, 10), (3, 1), (10, 8), (13, 2), (14, 12)], 2: [(6, 4), (7, 5), (8, 6), (16, 14), (15, 13), (13, 9), (11, 9)]}
itMosseLS: 42, itMosseTS: 30
numero di soluzioni totali trovati: 31.
time elapsed: 225.75s.


##########################################################################################
s: 1, itNSI: 6.
soluzione iniziale: 0
0 -> 
costo: 101835.2, 
rotte: {2: [(1, 4), (4, 2), (2, 6), (6, 15), (15, 13), (13, 11), (11, 3), (3, 14)], 3: [(1, 10), (10, 7), (7, 9), (9, 5), (5, 16), (16, 12), (12, 8), (8, 14)]}
trasportoPalletDiGamma: {2: [(4, 2), (2, 12), (6, 4), (15, 13), (13, 11), (11, 9), (3, 1), (14, 8)], 3: [(10, 8), (7, 5), (9, 7), (5, 3), (16, 14), (12, 10), (8, 6), (14, 4)]}
bestSolutionIndice: 11
11 -> 
costo: 67646.6, 
rotte: {2: [(1, 4), (4, 2), (2, 3), (3, 6), (6, 15), (15, 14), (14, 13), (13, 11)], 3: [(1, 5), (5, 16), (16, 9), (9, 12), (12, 8), (8, 7), (7, 14), (14, 10)]}
trasportoPalletDiGamma: {2: [(4, 2), (2, 12), (3, 1), (6, 4), (15, 13), (14, 8), (13, 11), (11, 9)], 3: [(5, 3), (16, 14), (9, 7), (12, 10), (8, 6), (7, 5), (14, 4), (10, 8)]}
itMosseLS: 37, itMosseTS: 30
numero di soluzioni totali trovati: 20.
time elapsed: 268.62s.


##########################################################################################
s: 1, itNSI: 7.
soluzione iniziale: 0
0 -> 
costo: 110161.5, 
rotte: {3: [(1, 5), (5, 15), (15, 13), (13, 2), (2, 12), (12, 7), (7, 8)], 2: [(1, 10), (10, 9), (9, 14), (14, 16), (16, 4), (4, 6), (6, 11), (11, 3)]}
trasportoPalletDiGamma: {3: [(5, 3), (15, 13), (13, 11), (2, 12), (12, 10), (7, 5), (8, 6)], 2: [(10, 8), (9, 7), (14, 12), (16, 14), (4, 2), (6, 4), (11, 9), (3, 1)]}
bestSolutionIndice: 7
7 -> 
costo: 71774.5, 
rotte: {3: [(1, 2), (2, 13), (13, 15), (15, 12), (12, 8), (8, 7)], 2: [(1, 10), (10, 14), (14, 9), (9, 16), (16, 5), (5, 4), (4, 3), (3, 6), (6, 11)]}
trasportoPalletDiGamma: {3: [(2, 12), (13, 11), (15, 13), (12, 10), (8, 6), (7, 5)], 2: [(10, 8), (14, 12), (9, 7), (16, 14), (5, 3), (4, 2), (3, 1), (6, 4), (11, 9)]}
itMosseLS: 36, itMosseTS: 30
numero di soluzioni totali trovati: 23.
time elapsed: 248.43s.


##########################################################################################
s: 1, itNSI: 8.
soluzione iniziale: 0
0 -> 
costo: 112908.6, 
rotte: {3: [(1, 7), (7, 5), (5, 13), (13, 12), (12, 4), (4, 10), (10, 14), (14, 6), (6, 8)], 2: [(1, 11), (11, 15), (15, 2), (2, 16), (16, 3), (3, 9), (9, 8)]}
trasportoPalletDiGamma: {3: [(7, 5), (5, 3), (13, 11), (12, 10), (4, 2), (10, 8), (14, 12), (6, 4), (8, 2)], 2: [(11, 9), (15, 13), (2, 12), (16, 14), (3, 1), (9, 7), (8, 4)]}
bestSolutionIndice: 10
10 -> 
costo: 66661.1, 
rotte: {3: [(1, 4), (4, 5), (5, 3), (3, 10), (10, 13), (13, 14), (14, 6), (6, 7), (7, 8), (8, 12)], 2: [(1, 2), (2, 16), (16, 9), (9, 8), (8, 15), (15, 11)]}
trasportoPalletDiGamma: {3: [(4, 2), (5, 3), (3, 1), (10, 8), (13, 11), (14, 12), (6, 4), (7, 5), (8, 2), (12, 10)], 2: [(2, 12), (16, 14), (9, 7), (8, 4), (15, 13), (11, 9)]}
itMosseLS: 39, itMosseTS: 30
numero di soluzioni totali trovati: 24.
time elapsed: 185.75s.


##########################################################################################
s: 1, itNSI: 9.
soluzione iniziale: 0
0 -> 
costo: 109228.2, 
rotte: {2: [(1, 8), (8, 10), (10, 4), (4, 7), (7, 6), (6, 3), (3, 2), (2, 16), (16, 15)], 3: [(1, 5), (5, 13), (13, 14), (14, 9), (9, 11), (11, 12), (12, 15)]}
trasportoPalletDiGamma: {2: [(8, 6), (10, 8), (4, 2), (7, 5), (6, 4), (3, 1), (2, 12), (16, 14), (15, 5)], 3: [(5, 3), (13, 11), (14, 12), (9, 7), (11, 9), (12, 10), (15, 8)]}
bestSolutionIndice: 12
12 -> 
costo: 66764.2, 
rotte: {2: [(1, 4), (4, 5), (5, 2), (2, 3), (3, 10), (10, 6), (6, 7), (7, 8), (8, 15), (15, 16)], 3: [(1, 9), (9, 12), (12, 15), (15, 14), (14, 13), (13, 11)]}
trasportoPalletDiGamma: {2: [(4, 2), (5, 3), (2, 12), (3, 1), (10, 8), (6, 4), (7, 5), (8, 6), (15, 5), (16, 14)], 3: [(9, 7), (12, 10), (15, 8), (14, 12), (13, 11), (11, 9)]}
itMosseLS: 40, itMosseTS: 30
numero di soluzioni totali trovati: 29.
time elapsed: 236.97s.


##########################################################################################
s: 1, itNSI: 10.
soluzione iniziale: 0
0 -> 
costo: 83627.79999999999, 
rotte: {2: [(1, 9), (9, 5), (5, 3), (3, 13), (13, 8), (8, 7), (7, 4), (4, 2), (2, 12)], 3: [(1, 15), (15, 14), (14, 16), (16, 10), (10, 6), (6, 11)]}
trasportoPalletDiGamma: {2: [(9, 7), (5, 3), (3, 1), (13, 11), (8, 6), (7, 5), (4, 2), (2, 12), (12, 10)], 3: [(15, 13), (14, 12), (16, 14), (10, 8), (6, 4), (11, 9)]}
bestSolutionIndice: 8
8 -> 
costo: 67187.3, 
rotte: {2: [(1, 4), (4, 2), (2, 5), (5, 3), (3, 13), (13, 7), (7, 9), (9, 8), (8, 12)], 3: [(1, 14), (14, 15), (15, 16), (16, 6), (6, 10), (10, 11)]}
trasportoPalletDiGamma: {2: [(4, 2), (2, 12), (5, 3), (3, 1), (13, 11), (7, 5), (9, 7), (8, 6), (12, 10)], 3: [(14, 12), (15, 13), (16, 14), (6, 4), (10, 8), (11, 9)]}
itMosseLS: 40, itMosseTS: 30
numero di soluzioni totali trovati: 31.
time elapsed: 149.51s.


##########################################################################################
##########################################################################################
##########################################################################################
Soluzione migliore in assoluto trovata:

s: 1
itNSI: 1, 
costo: 63548.4, 
rotte: {2: [(1, 4), (4, 5), (5, 3), (3, 10), (10, 13), (13, 14), (14, 9), (9, 16)], 3: [(1, 2), (2, 15), (15, 12), (12, 8), (8, 7), (7, 6), (6, 11)]}
trasportoPalletDiGamma: {2: [(4, 2), (5, 3), (3, 1), (10, 8), (13, 11), (14, 12), (9, 7), (16, 14)], 3: [(2, 12), (15, 13), (12, 10), (8, 6), (7, 5), (6, 4), (11, 9)]}

Total time elapsed: 2075.88s.