itNSIMax: 10, itMosseTSMax: 30.
##########################################################################################
s: 1
dictSolutions[1]:
0 -> costo: 102615.4, rotte: {2: [(1, 10), (10, 7), (7, 4), (4, 8), (8, 16), (16, 12), (12, 6), (6, 9), (9, 14)], 3: [(1, 2), (2, 5), (5, 3), (3, 11), (11, 13), (13, 15), (15, 14)]}, padri: [-1], figli: [1], mosse: [-1]
1 -> costo: 77054.4, rotte: {2: [(1, 10), (10, 7), (7, 4), (4, 8), (8, 16), (16, 12), (12, 6), (6, 9), (9, 14)], 3: [(1, 2), (2, 5), (5, 3), (3, 13), (13, 15), (15, 14), (14, 11)]}, padri: [0], figli: [2], mosse: [(3, 3, 14, 11, 9)]
2 -> costo: 73881.99999999999, rotte: {2: [(1, 10), (10, 7), (7, 4), (4, 8), (8, 12), (12, 6), (6, 9), (9, 14), (14, 16)], 3: [(1, 2), (2, 5), (5, 3), (3, 13), (13, 15), (15, 14), (14, 11)]}, padri: [1], figli: [3], mosse: [(2, 2, 14, 16, 14)]
3 -> costo: 70961.19999999998, rotte: {2: [(1, 10), (10, 7), (7, 4), (4, 8), (8, 12), (12, 6), (6, 14), (14, 9), (9, 16)], 3: [(1, 2), (2, 5), (5, 3), (3, 13), (13, 15), (15, 14), (14, 11)]}, padri: [2], figli: [4], mosse: [(2, 2, 14, 9, 7)]
4 -> costo: 68261.59999999998, rotte: {2: [(1, 10), (10, 4), (4, 7), (7, 8), (8, 12), (12, 6), (6, 14), (14, 9), (9, 16)], 3: [(1, 2), (2, 5), (5, 3), (3, 13), (13, 15), (15, 14), (14, 11)]}, padri: [3], figli: [5, 15, 21], mosse: [(2, 2, 4, 7, 5)]
5 -> costo: 67282.7, rotte: {2: [(1, 4), (4, 10), (10, 7), (7, 8), (8, 12), (12, 6), (6, 14), (14, 9), (9, 16)], 3: [(1, 2), (2, 5), (5, 3), (3, 13), (13, 15), (15, 14), (14, 11)]}, padri: [4], figli: [6, 11, 13, 14, 16], mosse: [(2, 2, 4, 10, 8)]
6 -> costo: 66435.0, rotte: {2: [(1, 4), (4, 10), (10, 7), (7, 8), (8, 12), (12, 6), (6, 14), (14, 9), (9, 16)], 3: [(1, 2), (2, 5), (5, 3), (3, 15), (15, 14), (14, 13), (13, 11)]}, padri: [5, 15], figli: [7, 9, 10, 12], mosse: [(3, 3, 14, 13, 11), (2, 2, 4, 10, 8)]
7 -> costo: 66110.0, rotte: {2: [(1, 4), (4, 10), (10, 8), (8, 12), (12, 6), (6, 14), (14, 7), (7, 9), (9, 16)], 3: [(1, 2), (2, 5), (5, 3), (3, 15), (15, 14), (14, 13), (13, 11)]}, padri: [6, 10, 11], figli: [8], mosse: [(2, 2, 14, 7, 5), (2, 2, 14, 7, 5), (3, 3, 14, 13, 11)]
8 -> costo: 65847.1, rotte: {2: [(1, 4), (4, 10), (10, 8), (8, 12), (12, 14), (14, 6), (6, 7), (7, 9), (9, 16)], 3: [(1, 2), (2, 5), (5, 3), (3, 15), (15, 14), (14, 13), (13, 11)]}, padri: [7, 9, 12], figli: [], mosse: [(2, 2, 14, 6, 4), (2, 2, 6, 7, 5), (3, 3, 14, 13, 11)]
9 -> costo: 66172.1, rotte: {2: [(1, 4), (4, 10), (10, 7), (7, 8), (8, 12), (12, 14), (14, 6), (6, 9), (9, 16)], 3: [(1, 2), (2, 5), (5, 3), (3, 15), (15, 14), (14, 13), (13, 11)]}, padri: [6, 13, 20], figli: [8], mosse: [(2, 2, 14, 6, 4), (3, 3, 14, 13, 11), (2, 2, 4, 10, 8)]
10 -> costo: 66270.2, rotte: {2: [(1, 4), (4, 10), (10, 8), (8, 12), (12, 7), (7, 6), (6, 14), (14, 9), (9, 16)], 3: [(1, 2), (2, 5), (5, 3), (3, 15), (15, 14), (14, 13), (13, 11)]}, padri: [6, 14], figli: [7, 12], mosse: [(2, 2, 12, 7, 5), (3, 3, 14, 13, 11)]
11 -> costo: 66957.7, rotte: {2: [(1, 4), (4, 10), (10, 8), (8, 12), (12, 6), (6, 14), (14, 7), (7, 9), (9, 16)], 3: [(1, 2), (2, 5), (5, 3), (3, 13), (13, 15), (15, 14), (14, 11)]}, padri: [5, 14], figli: [7, 12], mosse: [(2, 2, 14, 7, 5), (2, 2, 14, 7, 5)]
12 -> costo: 66694.8, rotte: {2: [(1, 4), (4, 10), (10, 8), (8, 12), (12, 14), (14, 6), (6, 7), (7, 9), (9, 16)], 3: [(1, 2), (2, 5), (5, 3), (3, 13), (13, 15), (15, 14), (14, 11)]}, padri: [11, 13], figli: [8], mosse: [(2, 2, 14, 6, 4), (2, 2, 6, 7, 5)]
13 -> costo: 67019.8, rotte: {2: [(1, 4), (4, 10), (10, 7), (7, 8), (8, 12), (12, 14), (14, 6), (6, 9), (9, 16)], 3: [(1, 2), (2, 5), (5, 3), (3, 13), (13, 15), (15, 14), (14, 11)]}, padri: [5], figli: [9, 12], mosse: [(2, 2, 14, 6, 4)]
14 -> costo: 67117.9, rotte: {2: [(1, 4), (4, 10), (10, 8), (8, 12), (12, 7), (7, 6), (6, 14), (14, 9), (9, 16)], 3: [(1, 2), (2, 5), (5, 3), (3, 13), (13, 15), (15, 14), (14, 11)]}, padri: [5], figli: [10, 11], mosse: [(2, 2, 12, 7, 5)]
15 -> costo: 67413.9, rotte: {2: [(1, 10), (10, 4), (4, 7), (7, 8), (8, 12), (12, 6), (6, 14), (14, 9), (9, 16)], 3: [(1, 2), (2, 5), (5, 3), (3, 15), (15, 14), (14, 13), (13, 11)]}, padri: [4], figli: [6, 16, 19, 20], mosse: [(3, 3, 14, 13, 11)]
16 -> costo: 66720.09999999999, rotte: {2: [(1, 4), (4, 7), (7, 8), (8, 12), (12, 6), (6, 10), (10, 14), (14, 9), (9, 16)], 3: [(1, 2), (2, 5), (5, 3), (3, 15), (15, 14), (14, 13), (13, 11)]}, padri: [15, 19, 21], figli: [17], mosse: [(2, 2, 6, 10, 8), (2, 2, 10, 14, 1), (3, 3, 14, 13, 11)]
17 -> costo: 66571.3, rotte: {2: [(1, 4), (4, 7), (7, 8), (8, 12), (12, 10), (10, 14), (14, 6), (6, 9), (9, 16)], 3: [(1, 2), (2, 5), (5, 3), (3, 15), (15, 14), (14, 13), (13, 11)]}, padri: [16, 20], figli: [18], mosse: [(2, 2, 14, 6, 4), (2, 2, 12, 10, 8)]
18 -> costo: 66402.7, rotte: {2: [(1, 4), (4, 7), (7, 8), (8, 12), (12, 14), (14, 10), (10, 6), (6, 9), (9, 16)], 3: [(1, 2), (2, 5), (5, 3), (3, 15), (15, 14), (14, 13), (13, 11)]}, padri: [17, 19, 20], figli: [], mosse: [(2, 2, 14, 10, 8), (2, 2, 10, 6, 4), (2, 2, 14, 10, 8)]
19 -> costo: 66751.09999999999, rotte: {2: [(1, 4), (4, 7), (7, 8), (8, 12), (12, 6), (6, 14), (14, 10), (10, 9), (9, 16)], 3: [(1, 2), (2, 5), (5, 3), (3, 15), (15, 14), (14, 13), (13, 11)]}, padri: [15], figli: [18, 16], mosse: [(2, 2, 14, 10, 8)]
20 -> costo: 67151.0, rotte: {2: [(1, 10), (10, 4), (4, 7), (7, 8), (8, 12), (12, 14), (14, 6), (6, 9), (9, 16)], 3: [(1, 2), (2, 5), (5, 3), (3, 15), (15, 14), (14, 13), (13, 11)]}, padri: [15], figli: [9, 18, 17], mosse: [(2, 2, 14, 6, 4)]
21 -> costo: 67567.79999999999, rotte: {2: [(1, 4), (4, 7), (7, 8), (8, 12), (12, 6), (6, 10), (10, 14), (14, 9), (9, 16)], 3: [(1, 2), (2, 5), (5, 3), (3, 13), (13, 15), (15, 14), (14, 11)]}, padri: [4], figli: [16], mosse: [(2, 2, 6, 10, 8)]
bestSolutionIndice: 8
8 -> costo: 65847.1, rotte: {2: [(1, 4), (4, 10), (10, 8), (8, 12), (12, 14), (14, 6), (6, 7), (7, 9), (9, 16)], 3: [(1, 2), (2, 5), (5, 3), (3, 15), (15, 14), (14, 13), (13, 11)]}, padri: [7, 9, 12], figli: [], mosse: [(2, 2, 14, 6, 4), (2, 2, 6, 7, 5), (3, 3, 14, 13, 11)]
trasportoPalletDiGamma: {2: [(4, 2), (10, 8), (8, 6), (12, 10), (14, 1), (6, 4), (7, 5), (9, 7), (16, 14)], 3: [(2, 12), (5, 3), (3, 1), (15, 13), (14, 11), (13, 11), (11, 9)]}
itMosseLS: 36, itMosseTS: 30
time elapsed: 295.41s.


##########################################################################################
s: 1
dictSolutions[1]:
0 -> costo: 105007.3, rotte: {3: [(1, 10), (10, 11), (11, 4), (4, 3), (3, 15), (15, 16), (16, 8), (8, 9)], 2: [(1, 6), (6, 5), (5, 13), (13, 12), (12, 14), (14, 2), (2, 7)]}, padri: [-1], figli: [1], mosse: [-1]
1 -> costo: 81286.8, rotte: {3: [(1, 10), (10, 4), (4, 3), (3, 15), (15, 16), (16, 8), (8, 9), (9, 11)], 2: [(1, 6), (6, 5), (5, 13), (13, 12), (12, 14), (14, 2), (2, 7)]}, padri: [0], figli: [2], mosse: [(3, 3, 9, 11, 9)]
2 -> costo: 77939.4, rotte: {3: [(1, 10), (10, 4), (4, 3), (3, 15), (15, 16), (16, 8), (8, 9), (9, 11)], 2: [(1, 5), (5, 13), (13, 12), (12, 14), (14, 6), (6, 2), (2, 7)]}, padri: [1], figli: [3], mosse: [(2, 2, 14, 6, 4)]
3 -> costo: 75169.2, rotte: {3: [(1, 4), (4, 3), (3, 15), (15, 16), (16, 8), (8, 9), (9, 10), (10, 11)], 2: [(1, 5), (5, 13), (13, 12), (12, 14), (14, 6), (6, 2), (2, 7)]}, padri: [2], figli: [4], mosse: [(3, 3, 9, 10, 8)]
4 -> costo: 72404.5, rotte: {3: [(1, 4), (4, 3), (3, 15), (15, 16), (16, 8), (8, 9), (9, 10), (10, 11)], 2: [(1, 5), (5, 13), (13, 14), (14, 6), (6, 2), (2, 7), (7, 12)]}, padri: [3], figli: [5, 19], mosse: [(2, 2, 7, 12, 10)]
5 -> costo: 70771.2, rotte: {3: [(1, 4), (4, 3), (3, 15), (15, 16), (16, 8), (8, 9), (9, 10), (10, 11)], 2: [(1, 13), (13, 14), (14, 6), (6, 2), (2, 5), (5, 7), (7, 12)]}, padri: [4], figli: [6, 8, 9, 12, 13, 14, 15], mosse: [(2, 2, 2, 5, 3)]
6 -> costo: 69657.49999999999, rotte: {3: [(1, 4), (4, 3), (3, 15), (15, 16), (16, 9), (9, 8), (8, 10), (10, 11)], 2: [(1, 13), (13, 14), (14, 6), (6, 2), (2, 5), (5, 7), (7, 12)]}, padri: [5, 8, 9, 20], figli: [7, 17], mosse: [(3, 3, 9, 8, 6), (3, 3, 9, 8, 6), (3, 3, 9, 8, 6), (2, 2, 2, 5, 3)]
7 -> costo: 69032.09999999999, rotte: {3: [(1, 4), (4, 3), (3, 16), (16, 9), (9, 8), (8, 15), (15, 10), (10, 11)], 2: [(1, 13), (13, 14), (14, 6), (6, 2), (2, 5), (5, 7), (7, 12)]}, padri: [6, 10, 15, 16, 18], figli: [], mosse: [(3, 3, 8, 15, 13), (3, 3, 9, 8, 6), (3, 3, 9, 8, 6), (3, 3, 8, 15, 13), (3, 3, 16, 9, 7)]
8 -> costo: 70267.2, rotte: {3: [(1, 4), (4, 3), (3, 15), (15, 8), (8, 16), (16, 9), (9, 10), (10, 11)], 2: [(1, 13), (13, 14), (14, 6), (6, 2), (2, 5), (5, 7), (7, 12)]}, padri: [5, 12, 13], figli: [6, 9, 10, 16], mosse: [(3, 3, 8, 16, 14), (3, 3, 16, 9, 7), (3, 3, 8, 16, 14)]
9 -> costo: 69709.39999999998, rotte: {3: [(1, 4), (4, 3), (3, 8), (8, 15), (15, 16), (16, 9), (9, 10), (10, 11)], 2: [(1, 13), (13, 14), (14, 6), (6, 2), (2, 5), (5, 7), (7, 12)]}, padri: [8], figli: [6], mosse: [(3, 3, 8, 15, 13)]
10 -> costo: 69983.4, rotte: {3: [(1, 4), (4, 3), (3, 8), (8, 16), (16, 9), (9, 15), (15, 10), (10, 11)], 2: [(1, 13), (13, 14), (14, 6), (6, 2), (2, 5), (5, 7), (7, 12)]}, padri: [8, 15], figli: [11, 7, 17], mosse: [(3, 3, 9, 15, 13), (3, 3, 8, 16, 14)]
11 -> costo: 68828.59999999999, rotte: {3: [(1, 4), (4, 3), (3, 8), (8, 9), (9, 16), (16, 15), (15, 10), (10, 11)], 2: [(1, 13), (13, 14), (14, 6), (6, 2), (2, 5), (5, 7), (7, 12)]}, padri: [10, 12, 15], figli: [], mosse: [(3, 3, 9, 16, 14), (3, 3, 16, 15, 13), (3, 3, 9, 16, 14)]
12 -> costo: 70270.59999999999, rotte: {3: [(1, 4), (4, 3), (3, 15), (15, 8), (8, 9), (9, 16), (16, 10), (10, 11)], 2: [(1, 13), (13, 14), (14, 6), (6, 2), (2, 5), (5, 7), (7, 12)]}, padri: [5, 13], figli: [11, 8], mosse: [(3, 3, 9, 16, 14), (3, 3, 9, 16, 14)]
13 -> costo: 70433.29999999999, rotte: {3: [(1, 4), (4, 3), (3, 16), (16, 15), (15, 8), (8, 9), (9, 10), (10, 11)], 2: [(1, 13), (13, 14), (14, 6), (6, 2), (2, 5), (5, 7), (7, 12)]}, padri: [5, 16], figli: [8, 12, 14], mosse: [(3, 3, 16, 15, 13), (3, 3, 8, 9, 7)]
14 -> costo: 70280.99999999999, rotte: {3: [(1, 4), (4, 16), (16, 15), (15, 8), (8, 9), (9, 3), (3, 10), (10, 11)], 2: [(1, 13), (13, 14), (14, 6), (6, 2), (2, 5), (5, 7), (7, 12)]}, padri: [13], figli: [], mosse: [(3, 3, 9, 3, 1)]
15 -> costo: 70700.8, rotte: {3: [(1, 4), (4, 3), (3, 16), (16, 8), (8, 9), (9, 15), (15, 10), (10, 11)], 2: [(1, 13), (13, 14), (14, 6), (6, 2), (2, 5), (5, 7), (7, 12)]}, padri: [5], figli: [11, 7, 10, 16, 17], mosse: [(3, 3, 9, 15, 13)]
16 -> costo: 70477.79999999999, rotte: {3: [(1, 4), (4, 3), (3, 16), (16, 9), (9, 15), (15, 8), (8, 10), (10, 11)], 2: [(1, 13), (13, 14), (14, 6), (6, 2), (2, 5), (5, 7), (7, 12)]}, padri: [15], figli: [7, 17, 13], mosse: [(3, 3, 15, 8, 6)]
17 -> costo: 69322.99999999999, rotte: {3: [(1, 4), (4, 3), (3, 9), (9, 16), (16, 15), (15, 8), (8, 10), (10, 11)], 2: [(1, 13), (13, 14), (14, 6), (6, 2), (2, 5), (5, 7), (7, 12)]}, padri: [16], figli: [18], mosse: [(3, 3, 9, 16, 14)]
18 -> costo: 69035.5, rotte: {3: [(1, 4), (4, 3), (3, 9), (9, 16), (16, 8), (8, 15), (15, 10), (10, 11)], 2: [(1, 13), (13, 14), (14, 6), (6, 2), (2, 5), (5, 7), (7, 12)]}, padri: [17], figli: [7], mosse: [(3, 3, 8, 15, 13)]
19 -> costo: 70771.2, rotte: {3: [(1, 4), (4, 3), (3, 15), (15, 16), (16, 8), (8, 9), (9, 10), (10, 11)], 2: [(1, 13), (13, 14), (14, 6), (6, 5), (5, 2), (2, 7), (7, 12)]}, padri: [4], figli: [20, 22], mosse: [(2, 2, 6, 5, 3)]
20 -> costo: 69657.5, rotte: {3: [(1, 4), (4, 3), (3, 15), (15, 16), (16, 9), (9, 8), (8, 10), (10, 11)], 2: [(1, 13), (13, 14), (14, 6), (6, 5), (5, 2), (2, 7), (7, 12)]}, padri: [19, 22], figli: [21, 6], mosse: [(3, 3, 9, 8, 6), (3, 3, 9, 8, 6)]
21 -> costo: 69032.1, rotte: {3: [(1, 4), (4, 3), (3, 16), (16, 9), (9, 8), (8, 15), (15, 10), (10, 11)], 2: [(1, 13), (13, 14), (14, 6), (6, 5), (5, 2), (2, 7), (7, 12)]}, padri: [20], figli: [], mosse: [(3, 3, 8, 15, 13)]
22 -> costo: 70267.2, rotte: {3: [(1, 4), (4, 3), (3, 15), (15, 8), (8, 16), (16, 9), (9, 10), (10, 11)], 2: [(1, 13), (13, 14), (14, 6), (6, 5), (5, 2), (2, 7), (7, 12)]}, padri: [19], figli: [20], mosse: [(3, 3, 8, 16, 14)]
bestSolutionIndice: 11
11 -> costo: 68828.59999999999, rotte: {3: [(1, 4), (4, 3), (3, 8), (8, 9), (9, 16), (16, 15), (15, 10), (10, 11)], 2: [(1, 13), (13, 14), (14, 6), (6, 2), (2, 5), (5, 7), (7, 12)]}, padri: [10, 12, 15], figli: [], mosse: [(3, 3, 9, 16, 14), (3, 3, 16, 15, 13), (3, 3, 9, 16, 14)]
trasportoPalletDiGamma: {3: [(4, 2), (3, 1), (8, 6), (9, 7), (16, 14), (15, 13), (10, 8), (11, 9)], 2: [(13, 11), (14, 12), (6, 4), (2, 12), (5, 3), (7, 5), (12, 10)]}
itMosseLS: 37, itMosseTS: 30
time elapsed: 248.98s.


##########################################################################################
s: 1
dictSolutions[1]:
0 -> costo: 114343.00000000001, rotte: {2: [(1, 6), (6, 10), (10, 8), (8, 11), (11, 4), (4, 15), (15, 3), (3, 2), (2, 14)], 3: [(1, 13), (13, 12), (12, 7), (7, 9), (9, 5), (5, 16), (16, 14)]}, padri: [-1], figli: [1], mosse: [-1]
1 -> costo: 87481.80000000002, rotte: {2: [(1, 6), (6, 10), (10, 8), (8, 4), (4, 15), (15, 3), (3, 2), (2, 14), (14, 11)], 3: [(1, 13), (13, 12), (12, 7), (7, 9), (9, 5), (5, 16), (16, 14)]}, padri: [0], figli: [2], mosse: [(2, 2, 14, 11, 9)]
2 -> costo: 82196.50000000001, rotte: {2: [(1, 6), (6, 10), (10, 8), (8, 4), (4, 15), (15, 3), (3, 2), (2, 14), (14, 11)], 3: [(1, 13), (13, 14), (14, 12), (12, 7), (7, 9), (9, 5), (5, 16)]}, padri: [1], figli: [3], mosse: [(3, 3, 13, 14, 10)]
3 -> costo: 77273.50000000001, rotte: {2: [(1, 6), (6, 10), (10, 8), (8, 15), (15, 3), (3, 2), (2, 4), (4, 14), (14, 11)], 3: [(1, 13), (13, 14), (14, 12), (12, 7), (7, 9), (9, 5), (5, 16)]}, padri: [2], figli: [4], mosse: [(2, 2, 2, 4, 2)]
4 -> costo: 74363.3, rotte: {2: [(1, 6), (6, 8), (8, 15), (15, 3), (3, 2), (2, 4), (4, 14), (14, 10), (10, 11)], 3: [(1, 13), (13, 14), (14, 12), (12, 7), (7, 9), (9, 5), (5, 16)]}, padri: [3], figli: [5, 20], mosse: [(2, 2, 14, 10, 8)]
5 -> costo: 73181.09999999999, rotte: {2: [(1, 6), (6, 8), (8, 15), (15, 3), (3, 2), (2, 4), (4, 14), (14, 10), (10, 11)], 3: [(1, 13), (13, 14), (14, 12), (12, 7), (7, 5), (5, 9), (9, 16)]}, padri: [4], figli: [6, 16, 18, 19, 22], mosse: [(3, 3, 5, 9, 7)]
6 -> costo: 72662.50000000001, rotte: {2: [(1, 6), (6, 8), (8, 15), (15, 3), (3, 2), (2, 4), (4, 14), (14, 10), (10, 11)], 3: [(1, 13), (13, 14), (14, 7), (7, 5), (5, 12), (12, 9), (9, 16)]}, padri: [5], figli: [7, 12, 14, 15, 17], mosse: [(3, 3, 5, 12, 10)]
7 -> costo: 72075.3, rotte: {2: [(1, 6), (6, 8), (8, 15), (15, 3), (3, 2), (2, 4), (4, 14), (14, 10), (10, 11)], 3: [(1, 13), (13, 14), (14, 5), (5, 7), (7, 12), (12, 9), (9, 16)]}, padri: [6], figli: [8, 10, 11, 13], mosse: [(3, 3, 5, 7, 5)]
8 -> costo: 71614.70000000001, rotte: {2: [(1, 8), (8, 15), (15, 3), (3, 2), (2, 4), (4, 6), (6, 14), (14, 10), (10, 11)], 3: [(1, 13), (13, 14), (14, 5), (5, 7), (7, 12), (12, 9), (9, 16)]}, padri: [7, 11, 12], figli: [9], mosse: [(2, 2, 4, 6, 4), (2, 2, 4, 6, 4), (3, 3, 5, 7, 5)]
9 -> costo: 71574.0, rotte: {2: [(1, 15), (15, 8), (8, 3), (3, 2), (2, 4), (4, 6), (6, 14), (14, 10), (10, 11)], 3: [(1, 13), (13, 14), (14, 5), (5, 7), (7, 12), (12, 9), (9, 16)]}, padri: [8, 10, 13], figli: [], mosse: [(2, 2, 15, 8, 6), (2, 2, 4, 6, 4), (3, 3, 5, 7, 5)]
10 -> costo: 71779.0, rotte: {2: [(1, 6), (6, 15), (15, 8), (8, 3), (3, 2), (2, 4), (4, 14), (14, 10), (10, 11)], 3: [(1, 13), (13, 14), (14, 5), (5, 7), (7, 12), (12, 9), (9, 16)]}, padri: [7, 14], figli: [9], mosse: [(2, 2, 15, 8, 6), (3, 3, 5, 7, 5)]
11 -> costo: 71779.5, rotte: {2: [(1, 8), (8, 15), (15, 6), (6, 3), (3, 2), (2, 4), (4, 14), (14, 10), (10, 11)], 3: [(1, 13), (13, 14), (14, 5), (5, 7), (7, 12), (12, 9), (9, 16)]}, padri: [7, 15], figli: [8, 13], mosse: [(2, 2, 15, 6, 4), (3, 3, 5, 7, 5)]
12 -> costo: 72201.90000000002, rotte: {2: [(1, 8), (8, 15), (15, 3), (3, 2), (2, 4), (4, 6), (6, 14), (14, 10), (10, 11)], 3: [(1, 13), (13, 14), (14, 7), (7, 5), (5, 12), (12, 9), (9, 16)]}, padri: [6, 15, 16], figli: [8, 13], mosse: [(2, 2, 4, 6, 4), (2, 2, 4, 6, 4), (3, 3, 5, 12, 10)]
13 -> costo: 72161.20000000001, rotte: {2: [(1, 15), (15, 8), (8, 3), (3, 2), (2, 4), (4, 6), (6, 14), (14, 10), (10, 11)], 3: [(1, 13), (13, 14), (14, 7), (7, 5), (5, 12), (12, 9), (9, 16)]}, padri: [12, 14, 17], figli: [9], mosse: [(2, 2, 15, 8, 6), (2, 2, 4, 6, 4), (3, 3, 5, 12, 10)]
14 -> costo: 72366.20000000001, rotte: {2: [(1, 6), (6, 15), (15, 8), (8, 3), (3, 2), (2, 4), (4, 14), (14, 10), (10, 11)], 3: [(1, 13), (13, 14), (14, 7), (7, 5), (5, 12), (12, 9), (9, 16)]}, padri: [6, 18], figli: [10, 13], mosse: [(2, 2, 15, 8, 6), (3, 3, 5, 12, 10)]
15 -> costo: 72366.70000000001, rotte: {2: [(1, 8), (8, 15), (15, 6), (6, 3), (3, 2), (2, 4), (4, 14), (14, 10), (10, 11)], 3: [(1, 13), (13, 14), (14, 7), (7, 5), (5, 12), (12, 9), (9, 16)]}, padri: [6, 19], figli: [11, 12, 17], mosse: [(2, 2, 15, 6, 4), (3, 3, 5, 12, 10)]
16 -> costo: 72720.5, rotte: {2: [(1, 8), (8, 15), (15, 3), (3, 2), (2, 4), (4, 6), (6, 14), (14, 10), (10, 11)], 3: [(1, 13), (13, 14), (14, 12), (12, 7), (7, 5), (5, 9), (9, 16)]}, padri: [5, 19, 21], figli: [12, 17], mosse: [(2, 2, 4, 6, 4), (2, 2, 4, 6, 4), (3, 3, 5, 9, 7)]
17 -> costo: 72679.79999999999, rotte: {2: [(1, 15), (15, 8), (8, 3), (3, 2), (2, 4), (4, 6), (6, 14), (14, 10), (10, 11)], 3: [(1, 13), (13, 14), (14, 12), (12, 7), (7, 5), (5, 9), (9, 16)]}, padri: [16, 18, 22], figli: [13], mosse: [(2, 2, 15, 8, 6), (2, 2, 4, 6, 4), (3, 3, 5, 9, 7)]
18 -> costo: 72884.79999999999, rotte: {2: [(1, 6), (6, 15), (15, 8), (8, 3), (3, 2), (2, 4), (4, 14), (14, 10), (10, 11)], 3: [(1, 13), (13, 14), (14, 12), (12, 7), (7, 5), (5, 9), (9, 16)]}, padri: [5], figli: [14, 17], mosse: [(2, 2, 15, 8, 6)]
19 -> costo: 72885.29999999999, rotte: {2: [(1, 8), (8, 15), (15, 6), (6, 3), (3, 2), (2, 4), (4, 14), (14, 10), (10, 11)], 3: [(1, 13), (13, 14), (14, 12), (12, 7), (7, 5), (5, 9), (9, 16)]}, padri: [5], figli: [15, 16, 22], mosse: [(2, 2, 15, 6, 4)]
20 -> costo: 73492.2, rotte: {2: [(1, 6), (6, 8), (8, 15), (15, 3), (3, 2), (2, 4), (4, 14), (14, 10), (10, 11)], 3: [(1, 13), (13, 14), (14, 12), (12, 9), (9, 7), (7, 5), (5, 16)]}, padri: [4], figli: [21], mosse: [(3, 3, 9, 7, 5)]
21 -> costo: 73031.6, rotte: {2: [(1, 8), (8, 15), (15, 3), (3, 2), (2, 4), (4, 6), (6, 14), (14, 10), (10, 11)], 3: [(1, 13), (13, 14), (14, 12), (12, 9), (9, 7), (7, 5), (5, 16)]}, padri: [20], figli: [16, 22], mosse: [(2, 2, 4, 6, 4)]
22 -> costo: 72990.9, rotte: {2: [(1, 15), (15, 8), (8, 3), (3, 2), (2, 4), (4, 6), (6, 14), (14, 10), (10, 11)], 3: [(1, 13), (13, 14), (14, 12), (12, 9), (9, 7), (7, 5), (5, 16)]}, padri: [21], figli: [17], mosse: [(2, 2, 15, 8, 6)]
bestSolutionIndice: 9
9 -> costo: 71574.0, rotte: {2: [(1, 15), (15, 8), (8, 3), (3, 2), (2, 4), (4, 6), (6, 14), (14, 10), (10, 11)], 3: [(1, 13), (13, 14), (14, 5), (5, 7), (7, 12), (12, 9), (9, 16)]}, padri: [8, 10, 13], figli: [], mosse: [(2, 2, 15, 8, 6), (2, 2, 4, 6, 4), (3, 3, 5, 7, 5)]
trasportoPalletDiGamma: {2: [(15, 13), (8, 6), (3, 1), (2, 12), (4, 2), (6, 4), (14, 2), (10, 8), (11, 9)], 3: [(13, 11), (14, 10), (5, 3), (7, 5), (12, 10), (9, 7), (16, 14)]}
itMosseLS: 38, itMosseTS: 30
time elapsed: 456.00s.


##########################################################################################
s: 1
dictSolutions[1]:
0 -> costo: 109348.59999999999, rotte: {3: [(1, 10), (10, 12), (12, 7), (7, 3), (3, 8), (8, 5), (5, 11), (11, 14), (14, 13)], 2: [(1, 6), (6, 9), (9, 4), (4, 2), (2, 16), (16, 15), (15, 13)]}, padri: [-1], figli: [1], mosse: [-1]
1 -> costo: 81785.50000000001, rotte: {3: [(1, 10), (10, 12), (12, 7), (7, 3), (3, 8), (8, 5), (5, 14), (14, 13), (13, 11)], 2: [(1, 6), (6, 9), (9, 4), (4, 2), (2, 16), (16, 15), (15, 13)]}, padri: [0], figli: [2], mosse: [(3, 3, 13, 11, 9)]
2 -> costo: 79052.50000000001, rotte: {3: [(1, 10), (10, 12), (12, 7), (7, 3), (3, 8), (8, 5), (5, 14), (14, 13), (13, 11)], 2: [(1, 13), (13, 6), (6, 9), (9, 4), (4, 2), (2, 16), (16, 15)]}, padri: [1], figli: [3], mosse: [(2, 2, 1, 13, 8)]
3 -> costo: 76453.00000000001, rotte: {3: [(1, 10), (10, 12), (12, 7), (7, 8), (8, 5), (5, 3), (3, 14), (14, 13), (13, 11)], 2: [(1, 13), (13, 6), (6, 9), (9, 4), (4, 2), (2, 16), (16, 15)]}, padri: [2], figli: [4], mosse: [(3, 3, 5, 3, 1)]
4 -> costo: 74179.40000000001, rotte: {3: [(1, 10), (10, 12), (12, 8), (8, 7), (7, 5), (5, 3), (3, 14), (14, 13), (13, 11)], 2: [(1, 13), (13, 6), (6, 9), (9, 4), (4, 2), (2, 16), (16, 15)]}, padri: [3], figli: [5], mosse: [(3, 3, 8, 7, 5)]
5 -> costo: 72355.8, rotte: {3: [(1, 10), (10, 12), (12, 8), (8, 7), (7, 5), (5, 3), (3, 14), (14, 13), (13, 11)], 2: [(1, 13), (13, 6), (6, 4), (4, 2), (2, 9), (9, 16), (16, 15)]}, padri: [4], figli: [6], mosse: [(2, 2, 2, 9, 7)]
6 -> costo: 70980.5, rotte: {3: [(1, 10), (10, 12), (12, 8), (8, 7), (7, 5), (5, 3), (3, 14), (14, 13), (13, 11)], 2: [(1, 13), (13, 4), (4, 2), (2, 6), (6, 9), (9, 16), (16, 15)]}, padri: [5], figli: [7], mosse: [(2, 2, 2, 6, 4)]
7 -> costo: 69595.20000000001, rotte: {3: [(1, 10), (10, 12), (12, 8), (8, 7), (7, 5), (5, 3), (3, 14), (14, 13), (13, 11)], 2: [(1, 13), (13, 4), (4, 2), (2, 6), (6, 15), (15, 9), (9, 16)]}, padri: [6], figli: [8, 13, 16, 19, 20], mosse: [(2, 2, 6, 15, 13)]
8 -> costo: 68587.90000000001, rotte: {3: [(1, 10), (10, 12), (12, 8), (8, 7), (7, 5), (5, 3), (3, 14), (14, 13), (13, 11)], 2: [(1, 4), (4, 2), (2, 13), (13, 6), (6, 15), (15, 9), (9, 16)]}, padri: [7, 19], figli: [9, 10, 11, 12, 14, 15, 17, 18, 21], mosse: [(2, 2, 2, 13, 8), (2, 2, 13, 6, 4)]
9 -> costo: 67700.90000000001, rotte: {3: [(1, 12), (12, 8), (8, 7), (7, 5), (5, 3), (3, 14), (14, 13), (13, 10), (10, 11)], 2: [(1, 4), (4, 2), (2, 13), (13, 6), (6, 15), (15, 9), (9, 16)]}, padri: [8, 10, 11, 13, 14, 15], figli: [], mosse: [(3, 3, 13, 10, 8), (3, 3, 13, 10, 8), (3, 3, 13, 10, 8), (2, 2, 2, 13, 8), (2, 2, 13, 6, 4), (2, 2, 6, 15, 13)]
10 -> costo: 67701.9, rotte: {3: [(1, 12), (12, 8), (8, 7), (7, 5), (5, 3), (3, 14), (14, 10), (10, 13), (13, 11)], 2: [(1, 4), (4, 2), (2, 13), (13, 6), (6, 15), (15, 9), (9, 16)]}, padri: [8, 11, 16, 17, 18], figli: [9, 14, 15], mosse: [(3, 3, 14, 10, 8), (3, 3, 14, 10, 8), (2, 2, 2, 13, 8), (2, 2, 13, 6, 4), (2, 2, 6, 15, 13)]
11 -> costo: 68283.8, rotte: {3: [(1, 12), (12, 8), (8, 7), (7, 5), (5, 3), (3, 10), (10, 14), (14, 13), (13, 11)], 2: [(1, 4), (4, 2), (2, 13), (13, 6), (6, 15), (15, 9), (9, 16)]}, padri: [8, 20], figli: [9, 10, 12, 14, 15, 17, 18, 22], mosse: [(3, 3, 3, 10, 8), (2, 2, 13, 6, 4)]
12 -> costo: 68086.3, rotte: {3: [(1, 12), (12, 8), (8, 7), (7, 5), (5, 3), (3, 10), (10, 13), (13, 14), (14, 11)], 2: [(1, 4), (4, 2), (2, 13), (13, 6), (6, 15), (15, 9), (9, 16)]}, padri: [11, 21, 22], figli: [], mosse: [(3, 3, 13, 14, 12), (2, 2, 13, 6, 4), (2, 2, 6, 15, 13)]
13 -> costo: 68708.20000000001, rotte: {3: [(1, 12), (12, 8), (8, 7), (7, 5), (5, 3), (3, 14), (14, 13), (13, 10), (10, 11)], 2: [(1, 13), (13, 4), (4, 2), (2, 6), (6, 15), (15, 9), (9, 16)]}, padri: [7, 16], figli: [9, 14, 15], mosse: [(3, 3, 13, 10, 8), (3, 3, 13, 10, 8)]
14 -> costo: 68267.9, rotte: {3: [(1, 12), (12, 8), (8, 7), (7, 5), (5, 3), (3, 14), (14, 13), (13, 10), (10, 11)], 2: [(1, 4), (4, 2), (2, 6), (6, 13), (13, 15), (15, 9), (9, 16)]}, padri: [13, 17, 19, 20], figli: [9, 15], mosse: [(2, 2, 6, 13, 8), (3, 3, 13, 10, 8), (3, 3, 13, 10, 8), (3, 3, 13, 10, 8)]
15 -> costo: 68224.8, rotte: {3: [(1, 12), (12, 8), (8, 7), (7, 5), (5, 3), (3, 14), (14, 13), (13, 10), (10, 11)], 2: [(1, 4), (4, 2), (2, 13), (13, 15), (15, 6), (6, 9), (9, 16)]}, padri: [14, 18], figli: [9], mosse: [(2, 2, 15, 6, 4), (3, 3, 13, 10, 8)]
16 -> costo: 68709.20000000001, rotte: {3: [(1, 12), (12, 8), (8, 7), (7, 5), (5, 3), (3, 14), (14, 10), (10, 13), (13, 11)], 2: [(1, 13), (13, 4), (4, 2), (2, 6), (6, 15), (15, 9), (9, 16)]}, padri: [7], figli: [10, 17, 18, 13], mosse: [(3, 3, 14, 10, 8)]
17 -> costo: 68268.9, rotte: {3: [(1, 12), (12, 8), (8, 7), (7, 5), (5, 3), (3, 14), (14, 10), (10, 13), (13, 11)], 2: [(1, 4), (4, 2), (2, 6), (6, 13), (13, 15), (15, 9), (9, 16)]}, padri: [16, 19, 20], figli: [10, 18, 14], mosse: [(2, 2, 6, 13, 8), (3, 3, 14, 10, 8), (3, 3, 14, 10, 8)]
18 -> costo: 68225.79999999999, rotte: {3: [(1, 12), (12, 8), (8, 7), (7, 5), (5, 3), (3, 14), (14, 10), (10, 13), (13, 11)], 2: [(1, 4), (4, 2), (2, 13), (13, 15), (15, 6), (6, 9), (9, 16)]}, padri: [17], figli: [10, 15], mosse: [(2, 2, 15, 6, 4)]
19 -> costo: 69154.90000000001, rotte: {3: [(1, 10), (10, 12), (12, 8), (8, 7), (7, 5), (5, 3), (3, 14), (14, 13), (13, 11)], 2: [(1, 4), (4, 2), (2, 6), (6, 13), (13, 15), (15, 9), (9, 16)]}, padri: [7], figli: [14, 17, 8, 20], mosse: [(2, 2, 6, 13, 8)]
20 -> costo: 68850.8, rotte: {3: [(1, 12), (12, 8), (8, 7), (7, 5), (5, 3), (3, 10), (10, 14), (14, 13), (13, 11)], 2: [(1, 4), (4, 2), (2, 6), (6, 13), (13, 15), (15, 9), (9, 16)]}, padri: [19], figli: [14, 17, 11, 21], mosse: [(3, 3, 3, 10, 8)]
21 -> costo: 68653.3, rotte: {3: [(1, 12), (12, 8), (8, 7), (7, 5), (5, 3), (3, 10), (10, 13), (13, 14), (14, 11)], 2: [(1, 4), (4, 2), (2, 6), (6, 13), (13, 15), (15, 9), (9, 16)]}, padri: [20], figli: [12, 22], mosse: [(3, 3, 13, 14, 12)]
22 -> costo: 68610.2, rotte: {3: [(1, 12), (12, 8), (8, 7), (7, 5), (5, 3), (3, 10), (10, 13), (13, 14), (14, 11)], 2: [(1, 4), (4, 2), (2, 13), (13, 15), (15, 6), (6, 9), (9, 16)]}, padri: [21], figli: [12], mosse: [(2, 2, 15, 6, 4)]
bestSolutionIndice: 9
9 -> costo: 67700.90000000001, rotte: {3: [(1, 12), (12, 8), (8, 7), (7, 5), (5, 3), (3, 14), (14, 13), (13, 10), (10, 11)], 2: [(1, 4), (4, 2), (2, 13), (13, 6), (6, 15), (15, 9), (9, 16)]}, padri: [8, 10, 11, 13, 14, 15], figli: [], mosse: [(3, 3, 13, 10, 8), (3, 3, 13, 10, 8), (3, 3, 13, 10, 8), (2, 2, 2, 13, 8), (2, 2, 13, 6, 4), (2, 2, 6, 15, 13)]
trasportoPalletDiGamma: {3: [(12, 10), (8, 6), (7, 5), (5, 3), (3, 1), (14, 12), (13, 3), (10, 8), (11, 9)], 2: [(4, 2), (2, 12), (13, 8), (6, 4), (15, 13), (9, 7), (16, 14)]}
itMosseLS: 42, itMosseTS: 30
time elapsed: 371.56s.


##########################################################################################
s: 1
dictSolutions[1]:
0 -> costo: 115163.7, rotte: {3: [(1, 16), (16, 8), (8, 10), (10, 12), (12, 13), (13, 6), (6, 11)], 2: [(1, 15), (15, 2), (2, 9), (9, 7), (7, 3), (3, 14), (14, 4), (4, 5), (5, 11)]}, padri: [-1], figli: [1], mosse: [-1]
1 -> costo: 109081.40000000001, rotte: {3: [(1, 16), (16, 8), (8, 12), (12, 13), (13, 10), (10, 6), (6, 11)], 2: [(1, 15), (15, 2), (2, 9), (9, 7), (7, 3), (3, 14), (14, 4), (4, 5), (5, 11)]}, padri: [0], figli: [2], mosse: [(3, 3, 13, 10, 8)]
2 -> costo: 104825.79999999999, rotte: {3: [(1, 16), (16, 8), (8, 12), (12, 13), (13, 10), (10, 6), (6, 11)], 2: [(1, 2), (2, 9), (9, 7), (7, 3), (3, 15), (15, 14), (14, 4), (4, 5), (5, 11)]}, padri: [1], figli: [3], mosse: [(2, 2, 3, 15, 13)]
3 -> costo: 102110.7, rotte: {3: [(1, 16), (16, 8), (8, 12), (12, 13), (13, 10), (10, 6), (6, 11)], 2: [(1, 2), (2, 9), (9, 7), (7, 15), (15, 14), (14, 4), (4, 5), (5, 3), (3, 11)]}, padri: [2], figli: [4, 14], mosse: [(2, 2, 5, 3, 1)]
4 -> costo: 101365.0, rotte: {3: [(1, 16), (16, 8), (8, 12), (12, 13), (13, 10), (10, 6), (6, 11)], 2: [(1, 2), (2, 7), (7, 9), (9, 15), (15, 14), (14, 4), (4, 5), (5, 3), (3, 11)]}, padri: [3], figli: [5, 7, 9, 10, 11, 13], mosse: [(2, 2, 7, 9, 7)]
5 -> costo: 101159.5, rotte: {3: [(1, 16), (16, 8), (8, 12), (12, 13), (13, 10), (10, 6), (6, 11)], 2: [(1, 7), (7, 9), (9, 15), (15, 14), (14, 4), (4, 2), (2, 5), (5, 3), (3, 11)]}, padri: [4, 9, 12], figli: [6], mosse: [(2, 2, 4, 2, 12), (2, 2, 4, 2, 12), (2, 2, 2, 5, 3)]
6 -> costo: 101153.49999999999, rotte: {3: [(1, 16), (16, 8), (8, 12), (12, 13), (13, 10), (10, 6), (6, 11)], 2: [(1, 7), (7, 9), (9, 15), (15, 14), (14, 2), (2, 5), (5, 4), (4, 3), (3, 11)]}, padri: [5, 8, 9, 11], figli: [], mosse: [(2, 2, 5, 4, 2), (2, 2, 2, 5, 3), (2, 2, 5, 4, 2), (2, 2, 14, 2, 12)]
7 -> costo: 101159.5, rotte: {3: [(1, 16), (16, 8), (8, 12), (12, 13), (13, 10), (10, 6), (6, 11)], 2: [(1, 7), (7, 9), (9, 15), (15, 14), (14, 4), (4, 5), (5, 2), (2, 3), (3, 11)]}, padri: [4], figli: [8, 12], mosse: [(2, 2, 5, 2, 12)]
8 -> costo: 101153.5, rotte: {3: [(1, 16), (16, 8), (8, 12), (12, 13), (13, 10), (10, 6), (6, 11)], 2: [(1, 7), (7, 9), (9, 15), (15, 14), (14, 5), (5, 2), (2, 4), (4, 3), (3, 11)]}, padri: [7, 10, 11, 12, 13], figli: [6], mosse: [(2, 2, 2, 4, 2), (2, 2, 2, 4, 2), (2, 2, 5, 2, 12), (2, 2, 2, 4, 2), (2, 2, 2, 4, 2)]
9 -> costo: 101183.09999999999, rotte: {3: [(1, 16), (16, 8), (8, 12), (12, 13), (13, 10), (10, 6), (6, 11)], 2: [(1, 7), (7, 9), (9, 15), (15, 14), (14, 2), (2, 4), (4, 5), (5, 3), (3, 11)]}, padri: [4], figli: [6, 5, 10, 13], mosse: [(2, 2, 14, 2, 12)]
10 -> costo: 101159.5, rotte: {3: [(1, 16), (16, 8), (8, 12), (12, 13), (13, 10), (10, 6), (6, 11)], 2: [(1, 7), (7, 9), (9, 15), (15, 14), (14, 4), (4, 5), (5, 2), (2, 3), (3, 11)]}, padri: [4, 9], figli: [8, 12], mosse: [(2, 2, 5, 2, 12)]
11 -> costo: 101359.0, rotte: {3: [(1, 16), (16, 8), (8, 12), (12, 13), (13, 10), (10, 6), (6, 11)], 2: [(1, 2), (2, 7), (7, 9), (9, 15), (15, 14), (14, 5), (5, 4), (4, 3), (3, 11)]}, padri: [4], figli: [6, 8, 12], mosse: [(2, 2, 5, 4, 2)]
12 -> costo: 101183.1, rotte: {3: [(1, 16), (16, 8), (8, 12), (12, 13), (13, 10), (10, 6), (6, 11)], 2: [(1, 7), (7, 9), (9, 15), (15, 14), (14, 5), (5, 4), (4, 2), (2, 3), (3, 11)]}, padri: [11], figli: [8, 5, 13], mosse: [(2, 2, 4, 2, 12)]
13 -> costo: 101159.5, rotte: {3: [(1, 16), (16, 8), (8, 12), (12, 13), (13, 10), (10, 6), (6, 11)], 2: [(1, 7), (7, 9), (9, 15), (15, 14), (14, 4), (4, 5), (5, 2), (2, 3), (3, 11)]}, padri: [4, 9, 12], figli: [8], mosse: [(2, 2, 4, 5, 3)]
14 -> costo: 101909.29999999999, rotte: {3: [(1, 16), (16, 8), (8, 12), (12, 13), (13, 10), (10, 6), (6, 11)], 2: [(1, 2), (2, 9), (9, 15), (15, 14), (14, 7), (7, 4), (4, 5), (5, 3), (3, 11)]}, padri: [3], figli: [15, 18, 19, 20, 21], mosse: [(2, 2, 14, 7, 5)]
15 -> costo: 101754.59999999999, rotte: {3: [(1, 16), (16, 8), (8, 12), (12, 13), (13, 10), (10, 6), (6, 11)], 2: [(1, 9), (9, 15), (15, 14), (14, 7), (7, 4), (4, 2), (2, 5), (5, 3), (3, 11)]}, padri: [14, 19], figli: [16], mosse: [(2, 2, 4, 2, 12), (2, 2, 4, 2, 12)]
16 -> costo: 101748.59999999999, rotte: {3: [(1, 16), (16, 8), (8, 12), (12, 13), (13, 10), (10, 6), (6, 11)], 2: [(1, 9), (9, 15), (15, 14), (14, 7), (7, 2), (2, 5), (5, 4), (4, 3), (3, 11)]}, padri: [15, 19, 21], figli: [17], mosse: [(2, 2, 5, 4, 2), (2, 2, 5, 4, 2), (2, 2, 7, 2, 12)]
17 -> costo: 101740.7, rotte: {3: [(1, 16), (16, 8), (8, 12), (12, 13), (13, 10), (10, 6), (6, 11)], 2: [(1, 9), (9, 15), (15, 14), (14, 7), (7, 5), (5, 2), (2, 4), (4, 3), (3, 11)]}, padri: [16, 18, 20, 21], figli: [], mosse: [(2, 2, 5, 2, 12), (2, 2, 2, 4, 2), (2, 2, 2, 4, 2), (2, 2, 5, 2, 12)]
18 -> costo: 101754.59999999999, rotte: {3: [(1, 16), (16, 8), (8, 12), (12, 13), (13, 10), (10, 6), (6, 11)], 2: [(1, 9), (9, 15), (15, 14), (14, 7), (7, 4), (4, 5), (5, 2), (2, 3), (3, 11)]}, padri: [14], figli: [17], mosse: [(2, 2, 5, 2, 12)]
19 -> costo: 101778.2, rotte: {3: [(1, 16), (16, 8), (8, 12), (12, 13), (13, 10), (10, 6), (6, 11)], 2: [(1, 9), (9, 15), (15, 14), (14, 7), (7, 2), (2, 4), (4, 5), (5, 3), (3, 11)]}, padri: [14], figli: [16, 15, 20], mosse: [(2, 2, 7, 2, 12)]
20 -> costo: 101754.59999999999, rotte: {3: [(1, 16), (16, 8), (8, 12), (12, 13), (13, 10), (10, 6), (6, 11)], 2: [(1, 9), (9, 15), (15, 14), (14, 7), (7, 4), (4, 5), (5, 2), (2, 3), (3, 11)]}, padri: [14, 19], figli: [17], mosse: [(2, 2, 5, 2, 12)]
21 -> costo: 101895.4, rotte: {3: [(1, 16), (16, 8), (8, 12), (12, 13), (13, 10), (10, 6), (6, 11)], 2: [(1, 2), (2, 9), (9, 15), (15, 14), (14, 7), (7, 5), (5, 4), (4, 3), (3, 11)]}, padri: [14], figli: [17, 16], mosse: [(2, 2, 5, 4, 2)]
bestSolutionIndice: 6
6 -> costo: 101153.49999999999, rotte: {3: [(1, 16), (16, 8), (8, 12), (12, 13), (13, 10), (10, 6), (6, 11)], 2: [(1, 7), (7, 9), (9, 15), (15, 14), (14, 2), (2, 5), (5, 4), (4, 3), (3, 11)]}, padri: [5, 8, 9, 11], figli: [], mosse: [(2, 2, 5, 4, 2), (2, 2, 2, 5, 3), (2, 2, 5, 4, 2), (2, 2, 14, 2, 12)]
trasportoPalletDiGamma: {3: [(16, 14), (8, 6), (12, 10), (13, 11), (10, 8), (6, 4), (11, 7)], 2: [(7, 5), (9, 7), (15, 13), (14, 12), (2, 12), (5, 3), (4, 2), (3, 1), (11, 2)]}
itMosseLS: 36, itMosseTS: 30
time elapsed: 475.63s.


##########################################################################################
s: 1
dictSolutions[1]:
0 -> costo: 108927.2, rotte: {3: [(1, 13), (13, 6), (6, 12), (12, 4), (4, 9), (9, 3), (3, 16), (16, 15)], 2: [(1, 8), (8, 11), (11, 10), (10, 5), (5, 2), (2, 7), (7, 14), (14, 15)]}, padri: [-1], figli: [1], mosse: [-1]
1 -> costo: 85493.5, rotte: {3: [(1, 13), (13, 6), (6, 12), (12, 4), (4, 9), (9, 3), (3, 16), (16, 15)], 2: [(1, 8), (8, 10), (10, 5), (5, 2), (2, 7), (7, 14), (14, 15), (15, 11)]}, padri: [0], figli: [2], mosse: [(2, 2, 15, 11, 9)]
2 -> costo: 81119.7, rotte: {3: [(1, 13), (13, 6), (6, 12), (12, 4), (4, 3), (3, 9), (9, 16), (16, 15)], 2: [(1, 8), (8, 10), (10, 5), (5, 2), (2, 7), (7, 14), (14, 15), (15, 11)]}, padri: [1], figli: [3], mosse: [(3, 3, 3, 9, 7)]
3 -> costo: 77612.7, rotte: {3: [(1, 13), (13, 6), (6, 12), (12, 4), (4, 3), (3, 9), (9, 16), (16, 15)], 2: [(1, 10), (10, 5), (5, 2), (2, 7), (7, 14), (14, 15), (15, 8), (8, 11)]}, padri: [2], figli: [4], mosse: [(2, 2, 15, 8, 6)]
4 -> costo: 75084.1, rotte: {3: [(1, 13), (13, 6), (6, 15), (15, 12), (12, 4), (4, 3), (3, 9), (9, 16)], 2: [(1, 10), (10, 5), (5, 2), (2, 7), (7, 14), (14, 15), (15, 8), (8, 11)]}, padri: [3], figli: [5], mosse: [(3, 3, 6, 15, 11)]
5 -> costo: 72716.5, rotte: {3: [(1, 13), (13, 6), (6, 15), (15, 12), (12, 4), (4, 3), (3, 9), (9, 16)], 2: [(1, 5), (5, 2), (2, 7), (7, 14), (14, 15), (15, 8), (8, 10), (10, 11)]}, padri: [4], figli: [6, 18], mosse: [(2, 2, 8, 10, 8)]
6 -> costo: 72264.79999999999, rotte: {3: [(1, 13), (13, 6), (6, 15), (15, 12), (12, 4), (4, 3), (3, 9), (9, 16)], 2: [(1, 5), (5, 2), (2, 7), (7, 15), (15, 8), (8, 14), (14, 10), (10, 11)]}, padri: [5], figli: [7, 13, 15, 17, 19], mosse: [(2, 2, 8, 14, 12)]
7 -> costo: 70833.29999999999, rotte: {3: [(1, 13), (13, 6), (6, 15), (15, 12), (12, 4), (4, 3), (3, 9), (9, 16)], 2: [(1, 5), (5, 2), (2, 7), (7, 8), (8, 15), (15, 14), (14, 10), (10, 11)]}, padri: [6], figli: [8, 10, 12, 14, 16], mosse: [(2, 2, 8, 15, 2)]
8 -> costo: 70580.39999999998, rotte: {3: [(1, 13), (13, 15), (15, 12), (12, 6), (6, 4), (4, 3), (3, 9), (9, 16)], 2: [(1, 5), (5, 2), (2, 7), (7, 8), (8, 15), (15, 14), (14, 10), (10, 11)]}, padri: [7, 13], figli: [9], mosse: [(3, 3, 12, 6, 4), (2, 2, 8, 15, 2)]
9 -> costo: 70554.89999999998, rotte: {3: [(1, 13), (13, 15), (15, 12), (12, 6), (6, 3), (3, 4), (4, 9), (9, 16)], 2: [(1, 5), (5, 2), (2, 7), (7, 8), (8, 15), (15, 14), (14, 10), (10, 11)]}, padri: [8, 12, 14], figli: [], mosse: [(3, 3, 3, 4, 2), (3, 3, 12, 6, 4), (2, 2, 8, 15, 2)]
10 -> costo: 70738.69999999998, rotte: {3: [(1, 13), (13, 15), (15, 12), (12, 4), (4, 3), (3, 6), (6, 9), (9, 16)], 2: [(1, 5), (5, 2), (2, 7), (7, 8), (8, 15), (15, 14), (14, 10), (10, 11)]}, padri: [7, 15], figli: [11], mosse: [(3, 3, 3, 6, 4), (2, 2, 8, 15, 2)]
11 -> costo: 70734.39999999998, rotte: {3: [(1, 13), (13, 15), (15, 12), (12, 3), (3, 4), (4, 6), (6, 9), (9, 16)], 2: [(1, 5), (5, 2), (2, 7), (7, 8), (8, 15), (15, 14), (14, 10), (10, 11)]}, padri: [10, 12, 16], figli: [], mosse: [(3, 3, 3, 4, 2), (3, 3, 4, 6, 4), (2, 2, 8, 15, 2)]
12 -> costo: 70807.79999999999, rotte: {3: [(1, 13), (13, 6), (6, 15), (15, 12), (12, 3), (3, 4), (4, 9), (9, 16)], 2: [(1, 5), (5, 2), (2, 7), (7, 8), (8, 15), (15, 14), (14, 10), (10, 11)]}, padri: [7, 17], figli: [9, 11], mosse: [(3, 3, 3, 4, 2), (2, 2, 8, 15, 2)]
13 -> costo: 72011.9, rotte: {3: [(1, 13), (13, 15), (15, 12), (12, 6), (6, 4), (4, 3), (3, 9), (9, 16)], 2: [(1, 5), (5, 2), (2, 7), (7, 15), (15, 8), (8, 14), (14, 10), (10, 11)]}, padri: [6, 18], figli: [8, 14], mosse: [(3, 3, 12, 6, 4), (2, 2, 8, 14, 12)]
14 -> costo: 71986.4, rotte: {3: [(1, 13), (13, 15), (15, 12), (12, 6), (6, 3), (3, 4), (4, 9), (9, 16)], 2: [(1, 5), (5, 2), (2, 7), (7, 15), (15, 8), (8, 14), (14, 10), (10, 11)]}, padri: [13, 17, 23], figli: [9], mosse: [(3, 3, 3, 4, 2), (3, 3, 12, 6, 4), (2, 2, 8, 14, 12)]
15 -> costo: 72170.2, rotte: {3: [(1, 13), (13, 15), (15, 12), (12, 4), (4, 3), (3, 6), (6, 9), (9, 16)], 2: [(1, 5), (5, 2), (2, 7), (7, 15), (15, 8), (8, 14), (14, 10), (10, 11)]}, padri: [6], figli: [10, 16], mosse: [(3, 3, 3, 6, 4)]
16 -> costo: 72165.9, rotte: {3: [(1, 13), (13, 15), (15, 12), (12, 3), (3, 4), (4, 6), (6, 9), (9, 16)], 2: [(1, 5), (5, 2), (2, 7), (7, 15), (15, 8), (8, 14), (14, 10), (10, 11)]}, padri: [15, 17], figli: [11], mosse: [(3, 3, 3, 4, 2), (3, 3, 4, 6, 4)]
17 -> costo: 72239.29999999999, rotte: {3: [(1, 13), (13, 6), (6, 15), (15, 12), (12, 3), (3, 4), (4, 9), (9, 16)], 2: [(1, 5), (5, 2), (2, 7), (7, 15), (15, 8), (8, 14), (14, 10), (10, 11)]}, padri: [6], figli: [12, 14, 16], mosse: [(3, 3, 3, 4, 2)]
18 -> costo: 72463.6, rotte: {3: [(1, 13), (13, 15), (15, 12), (12, 6), (6, 4), (4, 3), (3, 9), (9, 16)], 2: [(1, 5), (5, 2), (2, 7), (7, 14), (14, 15), (15, 8), (8, 10), (10, 11)]}, padri: [5], figli: [13, 19, 23], mosse: [(3, 3, 12, 6, 4)]
19 -> costo: 72309.7, rotte: {3: [(1, 13), (13, 15), (15, 12), (12, 6), (6, 4), (4, 3), (3, 9), (9, 16)], 2: [(1, 5), (5, 2), (2, 14), (14, 15), (15, 8), (8, 7), (7, 10), (10, 11)]}, padri: [18], figli: [20, 22], mosse: [(2, 2, 8, 7, 5)]
20 -> costo: 72161.7, rotte: {3: [(1, 13), (13, 15), (15, 12), (12, 6), (6, 4), (4, 3), (3, 9), (9, 16)], 2: [(1, 5), (5, 2), (2, 15), (15, 8), (8, 7), (7, 14), (14, 10), (10, 11)]}, padri: [19], figli: [21], mosse: [(2, 2, 7, 14, 12)]
21 -> costo: 72136.2, rotte: {3: [(1, 13), (13, 15), (15, 12), (12, 6), (6, 3), (3, 4), (4, 9), (9, 16)], 2: [(1, 5), (5, 2), (2, 15), (15, 8), (8, 7), (7, 14), (14, 10), (10, 11)]}, padri: [20, 22], figli: [], mosse: [(3, 3, 3, 4, 2), (2, 2, 7, 14, 12)]
22 -> costo: 72284.2, rotte: {3: [(1, 13), (13, 15), (15, 12), (12, 6), (6, 3), (3, 4), (4, 9), (9, 16)], 2: [(1, 5), (5, 2), (2, 14), (14, 15), (15, 8), (8, 7), (7, 10), (10, 11)]}, padri: [19, 23], figli: [21], mosse: [(3, 3, 3, 4, 2), (2, 2, 8, 7, 5)]
23 -> costo: 72438.1, rotte: {3: [(1, 13), (13, 15), (15, 12), (12, 6), (6, 3), (3, 4), (4, 9), (9, 16)], 2: [(1, 5), (5, 2), (2, 7), (7, 14), (14, 15), (15, 8), (8, 10), (10, 11)]}, padri: [18], figli: [14, 22], mosse: [(3, 3, 3, 4, 2)]
bestSolutionIndice: 9
9 -> costo: 70554.89999999998, rotte: {3: [(1, 13), (13, 15), (15, 12), (12, 6), (6, 3), (3, 4), (4, 9), (9, 16)], 2: [(1, 5), (5, 2), (2, 7), (7, 8), (8, 15), (15, 14), (14, 10), (10, 11)]}, padri: [8, 12, 14], figli: [], mosse: [(3, 3, 3, 4, 2), (3, 3, 12, 6, 4), (2, 2, 8, 15, 2)]
trasportoPalletDiGamma: {3: [(13, 11), (15, 11), (12, 10), (6, 4), (3, 1), (4, 2), (9, 7), (16, 14)], 2: [(5, 3), (2, 12), (7, 5), (8, 6), (15, 2), (14, 12), (10, 8), (11, 9)]}
itMosseLS: 36, itMosseTS: 30
time elapsed: 410.19s.


##########################################################################################
s: 1
dictSolutions[1]:
0 -> costo: 103389.50000000001, rotte: {2: [(1, 14), (14, 11), (11, 4), (4, 2), (2, 7), (7, 16), (16, 5), (5, 3)], 3: [(1, 6), (6, 15), (15, 8), (8, 13), (13, 10), (10, 9), (9, 12)]}, padri: [-1], figli: [1], mosse: [-1]
1 -> costo: 77763.1, rotte: {2: [(1, 14), (14, 4), (4, 2), (2, 7), (7, 16), (16, 5), (5, 3), (3, 11)], 3: [(1, 6), (6, 15), (15, 8), (8, 13), (13, 10), (10, 9), (9, 12)]}, padri: [0], figli: [2], mosse: [(2, 2, 3, 11, 9)]
2 -> costo: 74285.30000000002, rotte: {2: [(1, 4), (4, 2), (2, 7), (7, 16), (16, 5), (5, 3), (3, 14), (14, 11)], 3: [(1, 6), (6, 15), (15, 8), (8, 13), (13, 10), (10, 9), (9, 12)]}, padri: [1], figli: [3], mosse: [(2, 2, 3, 14, 12)]
3 -> costo: 72597.0, rotte: {2: [(1, 4), (4, 2), (2, 7), (7, 16), (16, 5), (5, 3), (3, 14), (14, 11)], 3: [(1, 6), (6, 15), (15, 13), (13, 10), (10, 9), (9, 8), (8, 12)]}, padri: [2], figli: [4], mosse: [(3, 3, 9, 8, 6)]
4 -> costo: 70199.59999999999, rotte: {2: [(1, 4), (4, 2), (2, 7), (7, 16), (16, 5), (5, 3), (3, 14), (14, 11)], 3: [(1, 6), (6, 13), (13, 10), (10, 9), (9, 8), (8, 12), (12, 15)]}, padri: [3], figli: [5, 9, 10, 11, 12], mosse: [(3, 3, 12, 15, 13)]
5 -> costo: 67447.8, rotte: {2: [(1, 4), (4, 2), (2, 7), (7, 16), (16, 5), (5, 3), (3, 14), (14, 11)], 3: [(1, 13), (13, 10), (10, 6), (6, 9), (9, 8), (8, 12), (12, 15)]}, padri: [4, 9, 10, 11], figli: [6, 8, 13], mosse: [(3, 3, 10, 6, 4), (3, 3, 6, 9, 7), (3, 3, 9, 8, 6), (3, 3, 8, 12, 10)]
6 -> costo: 67418.2, rotte: {2: [(1, 4), (4, 7), (7, 16), (16, 5), (5, 2), (2, 3), (3, 14), (14, 11)], 3: [(1, 13), (13, 10), (10, 6), (6, 9), (9, 8), (8, 12), (12, 15)]}, padri: [5, 12, 15], figli: [7], mosse: [(2, 2, 5, 2, 12), (3, 3, 8, 12, 10), (3, 3, 9, 8, 6)]
7 -> costo: 67403.2, rotte: {2: [(1, 4), (4, 7), (7, 16), (16, 5), (5, 2), (2, 3), (3, 14), (14, 11)], 3: [(1, 10), (10, 13), (13, 6), (6, 9), (9, 8), (8, 12), (12, 15)]}, padri: [6, 8, 13, 16], figli: [], mosse: [(3, 3, 10, 13, 11), (2, 2, 5, 2, 12), (3, 3, 8, 12, 10), (3, 3, 9, 8, 6)]
8 -> costo: 67432.79999999999, rotte: {2: [(1, 4), (4, 2), (2, 7), (7, 16), (16, 5), (5, 3), (3, 14), (14, 11)], 3: [(1, 10), (10, 13), (13, 6), (6, 9), (9, 8), (8, 12), (12, 15)]}, padri: [5, 14, 17], figli: [7], mosse: [(3, 3, 10, 13, 11), (3, 3, 8, 12, 10), (3, 3, 9, 8, 6)]
9 -> costo: 69623.8, rotte: {2: [(1, 4), (4, 2), (2, 7), (7, 16), (16, 5), (5, 3), (3, 14), (14, 11)], 3: [(1, 13), (13, 10), (10, 9), (9, 6), (6, 8), (8, 12), (12, 15)]}, padri: [4], figli: [5, 10, 11, 12, 18, 19], mosse: [(3, 3, 9, 6, 4)]
10 -> costo: 68525.4, rotte: {2: [(1, 4), (4, 2), (2, 7), (7, 16), (16, 5), (5, 3), (3, 14), (14, 11)], 3: [(1, 13), (13, 10), (10, 6), (6, 8), (8, 9), (9, 12), (12, 15)]}, padri: [9, 18], figli: [5, 11, 12, 15, 17, 20], mosse: [(3, 3, 8, 9, 7), (3, 3, 9, 12, 10)]
11 -> costo: 67769.9, rotte: {2: [(1, 4), (4, 2), (2, 7), (7, 16), (16, 5), (5, 3), (3, 14), (14, 11)], 3: [(1, 13), (13, 10), (10, 6), (6, 9), (9, 12), (12, 8), (8, 15)]}, padri: [10], figli: [5, 12, 14, 16], mosse: [(3, 3, 12, 8, 6)]
12 -> costo: 67740.29999999999, rotte: {2: [(1, 4), (4, 7), (7, 16), (16, 5), (5, 2), (2, 3), (3, 14), (14, 11)], 3: [(1, 13), (13, 10), (10, 6), (6, 9), (9, 12), (12, 8), (8, 15)]}, padri: [11, 15], figli: [6, 13], mosse: [(2, 2, 5, 2, 12), (3, 3, 12, 8, 6)]
13 -> costo: 67725.3, rotte: {2: [(1, 4), (4, 7), (7, 16), (16, 5), (5, 2), (2, 3), (3, 14), (14, 11)], 3: [(1, 10), (10, 13), (13, 6), (6, 9), (9, 12), (12, 8), (8, 15)]}, padri: [12, 14, 16], figli: [7], mosse: [(3, 3, 10, 13, 11), (2, 2, 5, 2, 12), (3, 3, 12, 8, 6)]
14 -> costo: 67754.9, rotte: {2: [(1, 4), (4, 2), (2, 7), (7, 16), (16, 5), (5, 3), (3, 14), (14, 11)], 3: [(1, 10), (10, 13), (13, 6), (6, 9), (9, 12), (12, 8), (8, 15)]}, padri: [11, 17], figli: [8, 13], mosse: [(3, 3, 10, 13, 11), (3, 3, 12, 8, 6)]
15 -> costo: 68495.79999999999, rotte: {2: [(1, 4), (4, 7), (7, 16), (16, 5), (5, 2), (2, 3), (3, 14), (14, 11)], 3: [(1, 13), (13, 10), (10, 6), (6, 8), (8, 9), (9, 12), (12, 15)]}, padri: [10, 19], figli: [6, 12, 16], mosse: [(2, 2, 5, 2, 12), (3, 3, 9, 12, 10)]
16 -> costo: 68480.8, rotte: {2: [(1, 4), (4, 7), (7, 16), (16, 5), (5, 2), (2, 3), (3, 14), (14, 11)], 3: [(1, 10), (10, 13), (13, 6), (6, 8), (8, 9), (9, 12), (12, 15)]}, padri: [15, 17, 20], figli: [7, 13], mosse: [(3, 3, 10, 13, 11), (2, 2, 5, 2, 12), (3, 3, 9, 12, 10)]
17 -> costo: 68510.4, rotte: {2: [(1, 4), (4, 2), (2, 7), (7, 16), (16, 5), (5, 3), (3, 14), (14, 11)], 3: [(1, 10), (10, 13), (13, 6), (6, 8), (8, 9), (9, 12), (12, 15)]}, padri: [10], figli: [8, 14, 16], mosse: [(3, 3, 10, 13, 11)]
18 -> costo: 68604.90000000001, rotte: {2: [(1, 4), (4, 2), (2, 7), (7, 16), (16, 5), (5, 3), (3, 14), (14, 11)], 3: [(1, 13), (13, 10), (10, 6), (6, 8), (8, 12), (12, 9), (9, 15)]}, padri: [9], figli: [10, 19], mosse: [(3, 3, 12, 9, 7)]
19 -> costo: 68575.3, rotte: {2: [(1, 4), (4, 7), (7, 16), (16, 5), (5, 2), (2, 3), (3, 14), (14, 11)], 3: [(1, 13), (13, 10), (10, 6), (6, 8), (8, 12), (12, 9), (9, 15)]}, padri: [18], figli: [15, 20], mosse: [(2, 2, 5, 2, 12)]
20 -> costo: 68560.3, rotte: {2: [(1, 4), (4, 7), (7, 16), (16, 5), (5, 2), (2, 3), (3, 14), (14, 11)], 3: [(1, 10), (10, 13), (13, 6), (6, 8), (8, 12), (12, 9), (9, 15)]}, padri: [19], figli: [16], mosse: [(3, 3, 10, 13, 11)]
bestSolutionIndice: 7
7 -> costo: 67403.2, rotte: {2: [(1, 4), (4, 7), (7, 16), (16, 5), (5, 2), (2, 3), (3, 14), (14, 11)], 3: [(1, 10), (10, 13), (13, 6), (6, 9), (9, 8), (8, 12), (12, 15)]}, padri: [6, 8, 13, 16], figli: [], mosse: [(3, 3, 10, 13, 11), (2, 2, 5, 2, 12), (3, 3, 8, 12, 10), (3, 3, 9, 8, 6)]
trasportoPalletDiGamma: {2: [(4, 2), (7, 5), (16, 14), (5, 3), (2, 12), (3, 1), (14, 12), (11, 9)], 3: [(10, 8), (13, 11), (6, 4), (9, 7), (8, 6), (12, 10), (15, 13)]}
itMosseLS: 38, itMosseTS: 30
time elapsed: 154.16s.


##########################################################################################
s: 1
dictSolutions[1]:
0 -> costo: 102171.6, rotte: {2: [(1, 4), (4, 11), (11, 14), (14, 6), (6, 8), (8, 3), (3, 16), (16, 12)], 3: [(1, 7), (7, 15), (15, 10), (10, 13), (13, 5), (5, 2), (2, 9)]}, padri: [-1], figli: [1], mosse: [-1]
1 -> costo: 78157.20000000003, rotte: {2: [(1, 4), (4, 14), (14, 6), (6, 8), (8, 3), (3, 16), (16, 12), (12, 11)], 3: [(1, 7), (7, 15), (15, 10), (10, 13), (13, 5), (5, 2), (2, 9)]}, padri: [0], figli: [2], mosse: [(2, 2, 12, 11, 9)]
2 -> costo: 75356.80000000002, rotte: {2: [(1, 4), (4, 14), (14, 6), (6, 8), (8, 16), (16, 12), (12, 3), (3, 11)], 3: [(1, 7), (7, 15), (15, 10), (10, 13), (13, 5), (5, 2), (2, 9)]}, padri: [1], figli: [3], mosse: [(2, 2, 12, 3, 1)]
3 -> costo: 74147.6, rotte: {2: [(1, 4), (4, 14), (14, 6), (6, 8), (8, 12), (12, 16), (16, 3), (3, 11)], 3: [(1, 7), (7, 15), (15, 10), (10, 13), (13, 5), (5, 2), (2, 9)]}, padri: [2], figli: [4], mosse: [(2, 2, 12, 16, 14)]
4 -> costo: 73323.59999999999, rotte: {2: [(1, 4), (4, 14), (14, 6), (6, 8), (8, 12), (12, 16), (16, 3), (3, 11)], 3: [(1, 7), (7, 10), (10, 13), (13, 5), (5, 2), (2, 9), (9, 15)]}, padri: [3], figli: [5, 11, 12], mosse: [(3, 3, 9, 15, 13)]
5 -> costo: 70009.59999999999, rotte: {2: [(1, 4), (4, 14), (14, 6), (6, 8), (8, 12), (12, 16), (16, 3), (3, 11)], 3: [(1, 10), (10, 13), (13, 5), (5, 2), (2, 7), (7, 9), (9, 15)]}, padri: [4, 11], figli: [6, 10, 13], mosse: [(3, 3, 2, 7, 5), (3, 3, 7, 9, 7)]
6 -> costo: 69743.40000000001, rotte: {2: [(1, 4), (4, 6), (6, 14), (14, 8), (8, 12), (12, 16), (16, 3), (3, 11)], 3: [(1, 10), (10, 13), (13, 5), (5, 2), (2, 7), (7, 9), (9, 15)]}, padri: [5, 12], figli: [7, 8, 14, 19], mosse: [(2, 2, 6, 14, 12), (3, 3, 7, 9, 7)]
7 -> costo: 69742.39999999998, rotte: {2: [(1, 4), (4, 6), (6, 14), (14, 8), (8, 12), (12, 16), (16, 3), (3, 11)], 3: [(1, 13), (13, 10), (10, 5), (5, 2), (2, 7), (7, 9), (9, 15)]}, padri: [6, 10, 16], figli: [], mosse: [(3, 3, 13, 10, 8), (2, 2, 6, 14, 12), (3, 3, 7, 9, 7)]
8 -> costo: 69743.4, rotte: {2: [(1, 4), (4, 6), (6, 14), (14, 8), (8, 12), (12, 16), (16, 3), (3, 11)], 3: [(1, 10), (10, 13), (13, 2), (2, 5), (5, 7), (7, 9), (9, 15)]}, padri: [6, 13, 18], figli: [9], mosse: [(3, 3, 2, 5, 3), (3, 3, 7, 9, 7), (2, 2, 6, 14, 12)]
9 -> costo: 69742.39999999998, rotte: {2: [(1, 4), (4, 6), (6, 14), (14, 8), (8, 12), (12, 16), (16, 3), (3, 11)], 3: [(1, 13), (13, 10), (10, 2), (2, 5), (5, 7), (7, 9), (9, 15)]}, padri: [8], figli: [], mosse: [(3, 3, 13, 10, 8)]
10 -> costo: 70008.59999999999, rotte: {2: [(1, 4), (4, 14), (14, 6), (6, 8), (8, 12), (12, 16), (16, 3), (3, 11)], 3: [(1, 13), (13, 10), (10, 5), (5, 2), (2, 7), (7, 9), (9, 15)]}, padri: [5, 22], figli: [7], mosse: [(3, 3, 13, 10, 8), (3, 3, 7, 9, 7)]
11 -> costo: 70755.29999999999, rotte: {2: [(1, 4), (4, 14), (14, 6), (6, 8), (8, 12), (12, 16), (16, 3), (3, 11)], 3: [(1, 10), (10, 13), (13, 5), (5, 2), (2, 9), (9, 7), (7, 15)]}, padri: [4], figli: [5, 12, 17, 22], mosse: [(3, 3, 9, 7, 5)]
12 -> costo: 70489.09999999999, rotte: {2: [(1, 4), (4, 6), (6, 14), (14, 8), (8, 12), (12, 16), (16, 3), (3, 11)], 3: [(1, 10), (10, 13), (13, 5), (5, 2), (2, 9), (9, 7), (7, 15)]}, padri: [11], figli: [6, 13, 16, 21], mosse: [(2, 2, 6, 14, 12)]
13 -> costo: 70409.9, rotte: {2: [(1, 4), (4, 6), (6, 14), (14, 8), (8, 12), (12, 16), (16, 3), (3, 11)], 3: [(1, 10), (10, 13), (13, 2), (2, 5), (5, 9), (9, 7), (7, 15)]}, padri: [12, 17], figli: [8, 14, 19], mosse: [(3, 3, 2, 5, 3), (2, 2, 6, 14, 12)]
14 -> costo: 70408.89999999998, rotte: {2: [(1, 4), (4, 6), (6, 14), (14, 8), (8, 12), (12, 16), (16, 3), (3, 11)], 3: [(1, 13), (13, 10), (10, 2), (2, 5), (5, 9), (9, 7), (7, 15)]}, padri: [13, 16, 21], figli: [15], mosse: [(3, 3, 13, 10, 8), (3, 3, 2, 5, 3), (2, 2, 6, 14, 12)]
15 -> costo: 69742.39999999998, rotte: {2: [(1, 4), (4, 6), (6, 14), (14, 8), (8, 12), (12, 16), (16, 3), (3, 11)], 3: [(1, 13), (13, 10), (10, 2), (2, 5), (5, 7), (7, 9), (9, 15)]}, padri: [14], figli: [], mosse: [(3, 3, 7, 9, 7)]
16 -> costo: 70488.09999999998, rotte: {2: [(1, 4), (4, 6), (6, 14), (14, 8), (8, 12), (12, 16), (16, 3), (3, 11)], 3: [(1, 13), (13, 10), (10, 5), (5, 2), (2, 9), (9, 7), (7, 15)]}, padri: [12, 22], figli: [7, 14], mosse: [(3, 3, 13, 10, 8), (2, 2, 6, 14, 12)]
17 -> costo: 70676.09999999999, rotte: {2: [(1, 4), (4, 14), (14, 6), (6, 8), (8, 12), (12, 16), (16, 3), (3, 11)], 3: [(1, 10), (10, 13), (13, 2), (2, 5), (5, 9), (9, 7), (7, 15)]}, padri: [11], figli: [18, 13, 21], mosse: [(3, 3, 2, 5, 3)]
18 -> costo: 70009.59999999999, rotte: {2: [(1, 4), (4, 14), (14, 6), (6, 8), (8, 12), (12, 16), (16, 3), (3, 11)], 3: [(1, 10), (10, 13), (13, 2), (2, 5), (5, 7), (7, 9), (9, 15)]}, padri: [17], figli: [8, 19], mosse: [(3, 3, 7, 9, 7)]
19 -> costo: 70008.59999999998, rotte: {2: [(1, 4), (4, 14), (14, 6), (6, 8), (8, 12), (12, 16), (16, 3), (3, 11)], 3: [(1, 13), (13, 10), (10, 2), (2, 5), (5, 7), (7, 9), (9, 15)]}, padri: [18, 21], figli: [20], mosse: [(3, 3, 13, 10, 8), (3, 3, 7, 9, 7)]
20 -> costo: 69742.39999999998, rotte: {2: [(1, 4), (4, 6), (6, 14), (14, 8), (8, 12), (12, 16), (16, 3), (3, 11)], 3: [(1, 13), (13, 10), (10, 2), (2, 5), (5, 7), (7, 9), (9, 15)]}, padri: [19], figli: [], mosse: [(2, 2, 6, 14, 12)]
21 -> costo: 70675.09999999998, rotte: {2: [(1, 4), (4, 14), (14, 6), (6, 8), (8, 12), (12, 16), (16, 3), (3, 11)], 3: [(1, 13), (13, 10), (10, 2), (2, 5), (5, 9), (9, 7), (7, 15)]}, padri: [17, 22], figli: [19, 14], mosse: [(3, 3, 13, 10, 8), (3, 3, 2, 5, 3)]
22 -> costo: 70754.29999999997, rotte: {2: [(1, 4), (4, 14), (14, 6), (6, 8), (8, 12), (12, 16), (16, 3), (3, 11)], 3: [(1, 13), (13, 10), (10, 5), (5, 2), (2, 9), (9, 7), (7, 15)]}, padri: [11], figli: [10, 16, 21], mosse: [(3, 3, 13, 10, 8)]
bestSolutionIndice: 7
7 -> costo: 69742.39999999998, rotte: {2: [(1, 4), (4, 6), (6, 14), (14, 8), (8, 12), (12, 16), (16, 3), (3, 11)], 3: [(1, 13), (13, 10), (10, 5), (5, 2), (2, 7), (7, 9), (9, 15)]}, padri: [6, 10, 16], figli: [], mosse: [(3, 3, 13, 10, 8), (2, 2, 6, 14, 12), (3, 3, 7, 9, 7)]
trasportoPalletDiGamma: {2: [(4, 2), (6, 4), (14, 12), (8, 6), (12, 10), (16, 14), (3, 1), (11, 9)], 3: [(13, 11), (10, 8), (5, 3), (2, 12), (7, 5), (9, 7), (15, 13)]}
itMosseLS: 35, itMosseTS: 30
time elapsed: 200.32s.


##########################################################################################
s: 1
dictSolutions[1]:
0 -> costo: 114342.9, rotte: {2: [(1, 11), (11, 2), (2, 16), (16, 4), (4, 7), (7, 14), (14, 12)], 3: [(1, 8), (8, 15), (15, 13), (13, 9), (9, 3), (3, 6), (6, 10), (10, 5), (5, 12)]}, padri: [-1], figli: [1], mosse: [-1]
1 -> costo: 87866.99999999999, rotte: {2: [(1, 2), (2, 16), (16, 4), (4, 7), (7, 14), (14, 12), (12, 11)], 3: [(1, 8), (8, 15), (15, 13), (13, 9), (9, 3), (3, 6), (6, 10), (10, 5), (5, 12)]}, padri: [0], figli: [2], mosse: [(2, 2, 12, 11, 9)]
2 -> costo: 84085.49999999999, rotte: {2: [(1, 2), (2, 16), (16, 4), (4, 7), (7, 14), (14, 12), (12, 11)], 3: [(1, 8), (8, 15), (15, 9), (9, 3), (3, 6), (6, 13), (13, 10), (10, 5), (5, 12)]}, padri: [1], figli: [3], mosse: [(3, 3, 6, 13, 11)]
3 -> costo: 80861.5, rotte: {2: [(1, 2), (2, 4), (4, 7), (7, 14), (14, 16), (16, 12), (12, 11)], 3: [(1, 8), (8, 15), (15, 9), (9, 3), (3, 6), (6, 13), (13, 10), (10, 5), (5, 12)]}, padri: [2], figli: [4], mosse: [(2, 2, 14, 16, 14)]
4 -> costo: 78349.7, rotte: {2: [(1, 2), (2, 4), (4, 7), (7, 14), (14, 16), (16, 12), (12, 11)], 3: [(1, 8), (8, 12), (12, 15), (15, 9), (9, 3), (3, 6), (6, 13), (13, 10), (10, 5)]}, padri: [3], figli: [5], mosse: [(3, 3, 8, 12, 4)]
5 -> costo: 75821.4, rotte: {2: [(1, 2), (2, 4), (4, 7), (7, 14), (14, 16), (16, 12), (12, 11)], 3: [(1, 5), (5, 8), (8, 12), (12, 15), (15, 9), (9, 3), (3, 6), (6, 13), (13, 10)]}, padri: [4], figli: [6], mosse: [(3, 3, 1, 5, 3)]
6 -> costo: 73521.89999999998, rotte: {2: [(1, 2), (2, 4), (4, 7), (7, 16), (16, 12), (12, 14), (14, 11)], 3: [(1, 5), (5, 8), (8, 12), (12, 15), (15, 9), (9, 3), (3, 6), (6, 13), (13, 10)]}, padri: [5], figli: [7], mosse: [(2, 2, 12, 14, 12)]
7 -> costo: 72424.69999999998, rotte: {2: [(1, 2), (2, 4), (4, 7), (7, 16), (16, 12), (12, 14), (14, 11)], 3: [(1, 5), (5, 8), (8, 12), (12, 15), (15, 9), (9, 6), (6, 3), (3, 13), (13, 10)]}, padri: [6], figli: [8, 16], mosse: [(3, 3, 6, 3, 1)]
8 -> costo: 71339.99999999999, rotte: {2: [(1, 4), (4, 2), (2, 7), (7, 16), (16, 12), (12, 14), (14, 11)], 3: [(1, 5), (5, 8), (8, 12), (12, 15), (15, 9), (9, 6), (6, 3), (3, 13), (13, 10)]}, padri: [7], figli: [9, 15, 15, 15, 17], mosse: [(2, 2, 4, 2, 12)]
9 -> costo: 71322.49999999999, rotte: {2: [(1, 4), (4, 2), (2, 7), (7, 16), (16, 12), (12, 14), (14, 11)], 3: [(1, 5), (5, 8), (8, 12), (12, 9), (9, 6), (6, 3), (3, 13), (13, 10), (10, 15)]}, padri: [8, 16], figli: [10, 14, 18], mosse: [(3, 3, 10, 15, 13), (2, 2, 4, 2, 12)]
10 -> costo: 71069.0, rotte: {2: [(1, 4), (4, 2), (2, 7), (7, 16), (16, 12), (12, 14), (14, 11)], 3: [(1, 5), (5, 15), (15, 8), (8, 12), (12, 9), (9, 6), (6, 3), (3, 13), (13, 10)]}, padri: [9, 17], figli: [11, 13, 13, 13, 19], mosse: [(3, 3, 5, 15, 13), (2, 2, 4, 2, 12)]
11 -> costo: 70746.9, rotte: {2: [(1, 4), (4, 2), (2, 7), (7, 16), (16, 12), (12, 14), (14, 11)], 3: [(1, 5), (5, 15), (15, 12), (12, 8), (8, 9), (9, 6), (6, 3), (3, 13), (13, 10)]}, padri: [10, 18], figli: [12, 12, 12], mosse: [(3, 3, 12, 8, 6), (2, 2, 4, 2, 12)]
12 -> costo: 70737.1, rotte: {2: [(1, 4), (4, 2), (2, 7), (7, 16), (16, 12), (12, 14), (14, 11)], 3: [(1, 5), (5, 15), (15, 12), (12, 8), (8, 9), (9, 6), (6, 3), (3, 10), (10, 13)]}, padri: [11, 11, 11, 13, 19], figli: [], mosse: [(3, 3, 13, 10), (3, 3, 3, 10, 8), (3, 3, 10, 13, 11), (3, 3, 12, 8, 6), (2, 2, 4, 2, 12)]
13 -> costo: 71059.20000000001, rotte: {2: [(1, 4), (4, 2), (2, 7), (7, 16), (16, 12), (12, 14), (14, 11)], 3: [(1, 5), (5, 15), (15, 8), (8, 12), (12, 9), (9, 6), (6, 3), (3, 10), (10, 13)]}, padri: [10, 10, 10, 14, 20], figli: [12], mosse: [(3, 3, 13, 10), (3, 3, 3, 10, 8), (3, 3, 10, 13, 11), (3, 3, 5, 15, 13), (2, 2, 4, 2, 12)]
14 -> costo: 71307.5, rotte: {2: [(1, 4), (4, 2), (2, 7), (7, 16), (16, 12), (12, 14), (14, 11)], 3: [(1, 5), (5, 8), (8, 12), (12, 9), (9, 6), (6, 3), (3, 10), (10, 13), (13, 15)]}, padri: [9, 15], figli: [13], mosse: [(3, 3, 10, 13, 11), (3, 3, 13, 15, 13)]
15 -> costo: 71330.2, rotte: {2: [(1, 4), (4, 2), (2, 7), (7, 16), (16, 12), (12, 14), (14, 11)], 3: [(1, 5), (5, 8), (8, 12), (12, 15), (15, 9), (9, 6), (6, 3), (3, 10), (10, 13)]}, padri: [8, 8, 8], figli: [14], mosse: [(3, 3, 13, 10), (3, 3, 3, 10, 8), (3, 3, 10, 13, 11)]
16 -> costo: 72407.19999999998, rotte: {2: [(1, 2), (2, 4), (4, 7), (7, 16), (16, 12), (12, 14), (14, 11)], 3: [(1, 5), (5, 8), (8, 12), (12, 9), (9, 6), (6, 3), (3, 13), (13, 10), (10, 15)]}, padri: [7], figli: [9, 17], mosse: [(3, 3, 10, 15, 13)]
17 -> costo: 72153.7, rotte: {2: [(1, 2), (2, 4), (4, 7), (7, 16), (16, 12), (12, 14), (14, 11)], 3: [(1, 5), (5, 15), (15, 8), (8, 12), (12, 9), (9, 6), (6, 3), (3, 13), (13, 10)]}, padri: [16], figli: [10, 18, 20, 20, 20], mosse: [(3, 3, 5, 15, 13)]
18 -> costo: 71831.59999999999, rotte: {2: [(1, 2), (2, 4), (4, 7), (7, 16), (16, 12), (12, 14), (14, 11)], 3: [(1, 5), (5, 15), (15, 12), (12, 8), (8, 9), (9, 6), (6, 3), (3, 13), (13, 10)]}, padri: [17], figli: [11, 19, 19, 19], mosse: [(3, 3, 12, 8, 6)]
19 -> costo: 71821.8, rotte: {2: [(1, 2), (2, 4), (4, 7), (7, 16), (16, 12), (12, 14), (14, 11)], 3: [(1, 5), (5, 15), (15, 12), (12, 8), (8, 9), (9, 6), (6, 3), (3, 10), (10, 13)]}, padri: [18, 18, 18, 20], figli: [12], mosse: [(3, 3, 13, 10), (3, 3, 3, 10, 8), (3, 3, 10, 13, 11), (3, 3, 12, 8, 6)]
20 -> costo: 72143.90000000001, rotte: {2: [(1, 2), (2, 4), (4, 7), (7, 16), (16, 12), (12, 14), (14, 11)], 3: [(1, 5), (5, 15), (15, 8), (8, 12), (12, 9), (9, 6), (6, 3), (3, 10), (10, 13)]}, padri: [17, 17, 17], figli: [13, 19], mosse: [(3, 3, 13, 10), (3, 3, 3, 10, 8), (3, 3, 10, 13, 11)]
bestSolutionIndice: 12
12 -> costo: 70737.1, rotte: {2: [(1, 4), (4, 2), (2, 7), (7, 16), (16, 12), (12, 14), (14, 11)], 3: [(1, 5), (5, 15), (15, 12), (12, 8), (8, 9), (9, 6), (6, 3), (3, 10), (10, 13)]}, padri: [11, 11, 11, 13, 19], figli: [], mosse: [(3, 3, 13, 10), (3, 3, 3, 10, 8), (3, 3, 10, 13, 11), (3, 3, 12, 8, 6), (2, 2, 4, 2, 12)]
trasportoPalletDiGamma: {2: [(4, 2), (2, 12), (7, 5), (16, 14), (12, 6), (14, 12), (11, 9)], 3: [(5, 3), (15, 13), (12, 4), (8, 6), (9, 7), (6, 4), (3, 1), (10, 8), (13, 11)]}
itMosseLS: 39, itMosseTS: 30
time elapsed: 397.96s.


##########################################################################################
s: 1
dictSolutions[1]:
0 -> costo: 108264.5, rotte: {2: [(1, 12), (12, 15), (15, 11), (11, 14), (14, 3), (3, 7), (7, 6), (6, 10)], 3: [(1, 5), (5, 2), (2, 9), (9, 13), (13, 4), (4, 16), (16, 8), (8, 10)]}, padri: [-1], figli: [1], mosse: [-1]
1 -> costo: 79277.90000000001, rotte: {2: [(1, 12), (12, 15), (15, 14), (14, 3), (3, 7), (7, 6), (6, 10), (10, 11)], 3: [(1, 5), (5, 2), (2, 9), (9, 13), (13, 4), (4, 16), (16, 8), (8, 10)]}, padri: [0], figli: [2], mosse: [(2, 2, 10, 11, 9)]
2 -> costo: 75657.4, rotte: {2: [(1, 12), (12, 15), (15, 14), (14, 3), (3, 7), (7, 6), (6, 10), (10, 11)], 3: [(1, 5), (5, 2), (2, 13), (13, 4), (4, 16), (16, 9), (9, 8), (8, 10)]}, padri: [1], figli: [3], mosse: [(3, 3, 16, 9, 7)]
3 -> costo: 72137.7, rotte: {2: [(1, 12), (12, 15), (15, 14), (14, 3), (3, 7), (7, 6), (6, 10), (10, 11)], 3: [(1, 5), (5, 2), (2, 4), (4, 16), (16, 9), (9, 8), (8, 13), (13, 10)]}, padri: [2], figli: [4, 12], mosse: [(3, 3, 8, 13, 11)]
4 -> costo: 71071.2, rotte: {2: [(1, 12), (12, 15), (15, 14), (14, 7), (7, 6), (6, 3), (3, 10), (10, 11)], 3: [(1, 5), (5, 2), (2, 4), (4, 16), (16, 9), (9, 8), (8, 13), (13, 10)]}, padri: [3], figli: [5, 9], mosse: [(2, 2, 6, 3, 1)]
5 -> costo: 70443.8, rotte: {2: [(1, 12), (12, 15), (15, 14), (14, 6), (6, 7), (7, 3), (3, 10), (10, 11)], 3: [(1, 5), (5, 2), (2, 4), (4, 16), (16, 9), (9, 8), (8, 13), (13, 10)]}, padri: [4], figli: [6], mosse: [(2, 2, 6, 7, 5)]
6 -> costo: 70364.60000000002, rotte: {2: [(1, 12), (12, 15), (15, 14), (14, 6), (6, 7), (7, 3), (3, 10), (10, 11)], 3: [(1, 2), (2, 4), (4, 5), (5, 16), (16, 9), (9, 8), (8, 13), (13, 10)]}, padri: [5, 9], figli: [7, 8], mosse: [(3, 3, 4, 5, 3), (2, 2, 6, 7, 5)]
7 -> costo: 69250.30000000002, rotte: {2: [(1, 12), (12, 15), (15, 14), (14, 6), (6, 7), (7, 3), (3, 10), (10, 11)], 3: [(1, 4), (4, 2), (2, 5), (5, 16), (16, 9), (9, 8), (8, 13), (13, 10)]}, padri: [6, 8, 10, 17], figli: [], mosse: [(3, 3, 4, 2, 12), (3, 3, 2, 5, 3), (2, 2, 6, 7, 5), (2, 2, 14, 6, 4)]
8 -> costo: 69329.50000000001, rotte: {2: [(1, 12), (12, 15), (15, 14), (14, 6), (6, 7), (7, 3), (3, 10), (10, 11)], 3: [(1, 4), (4, 5), (5, 2), (2, 16), (16, 9), (9, 8), (8, 13), (13, 10)]}, padri: [6, 11], figli: [7], mosse: [(3, 3, 5, 2, 12), (2, 2, 6, 7, 5)]
9 -> costo: 70992.00000000001, rotte: {2: [(1, 12), (12, 15), (15, 14), (14, 7), (7, 6), (6, 3), (3, 10), (10, 11)], 3: [(1, 2), (2, 4), (4, 5), (5, 16), (16, 9), (9, 8), (8, 13), (13, 10)]}, padri: [4], figli: [10, 11, 6, 14], mosse: [(3, 3, 4, 5, 3)]
10 -> costo: 69877.70000000001, rotte: {2: [(1, 12), (12, 15), (15, 14), (14, 7), (7, 6), (6, 3), (3, 10), (10, 11)], 3: [(1, 4), (4, 2), (2, 5), (5, 16), (16, 9), (9, 8), (8, 13), (13, 10)]}, padri: [9, 11, 13, 17, 22], figli: [7], mosse: [(3, 3, 4, 2, 12), (3, 3, 2, 5, 3), (2, 2, 6, 3, 1), (2, 2, 7, 6, 4), (2, 2, 6, 3, 1)]
11 -> costo: 69956.90000000001, rotte: {2: [(1, 12), (12, 15), (15, 14), (14, 7), (7, 6), (6, 3), (3, 10), (10, 11)], 3: [(1, 4), (4, 5), (5, 2), (2, 16), (16, 9), (9, 8), (8, 13), (13, 10)]}, padri: [9], figli: [8, 10, 14], mosse: [(3, 3, 5, 2, 12)]
12 -> costo: 72058.50000000001, rotte: {2: [(1, 12), (12, 15), (15, 14), (14, 3), (3, 7), (7, 6), (6, 10), (10, 11)], 3: [(1, 2), (2, 4), (4, 5), (5, 16), (16, 9), (9, 8), (8, 13), (13, 10)]}, padri: [3], figli: [13], mosse: [(3, 3, 4, 5, 3)]
13 -> costo: 70944.2, rotte: {2: [(1, 12), (12, 15), (15, 14), (14, 3), (3, 7), (7, 6), (6, 10), (10, 11)], 3: [(1, 4), (4, 2), (2, 5), (5, 16), (16, 9), (9, 8), (8, 13), (13, 10)]}, padri: [12], figli: [10, 14, 22], mosse: [(3, 3, 4, 2, 12)]
14 -> costo: 70884.1, rotte: {2: [(1, 12), (12, 15), (15, 3), (3, 7), (7, 6), (6, 14), (14, 10), (10, 11)], 3: [(1, 4), (4, 2), (2, 5), (5, 16), (16, 9), (9, 8), (8, 13), (13, 10)]}, padri: [13], figli: [15, 18, 20], mosse: [(2, 2, 6, 14, 12)]
15 -> costo: 70555.90000000001, rotte: {2: [(1, 12), (12, 15), (15, 7), (7, 6), (6, 14), (14, 3), (3, 10), (10, 11)], 3: [(1, 4), (4, 2), (2, 5), (5, 16), (16, 9), (9, 8), (8, 13), (13, 10)]}, padri: [14, 18], figli: [16, 17], mosse: [(2, 2, 14, 3, 1), (2, 2, 14, 3, 1)]
16 -> costo: 70193.3, rotte: {2: [(1, 15), (15, 12), (12, 7), (7, 6), (6, 14), (14, 3), (3, 10), (10, 11)], 3: [(1, 4), (4, 2), (2, 5), (5, 16), (16, 9), (9, 8), (8, 13), (13, 10)]}, padri: [15, 19, 20, 21], figli: [], mosse: [(2, 2, 15, 12, 10), (2, 2, 14, 3, 1), (2, 2, 14, 3, 1), (2, 2, 3, 10, 6)]
17 -> costo: 70366.50000000001, rotte: {2: [(1, 12), (12, 15), (15, 6), (6, 14), (14, 7), (7, 3), (3, 10), (10, 11)], 3: [(1, 4), (4, 2), (2, 5), (5, 16), (16, 9), (9, 8), (8, 13), (13, 10)]}, padri: [15], figli: [7, 10], mosse: [(2, 2, 14, 7, 5)]
18 -> costo: 70609.0, rotte: {2: [(1, 12), (12, 15), (15, 7), (7, 3), (3, 6), (6, 14), (14, 10), (10, 11)], 3: [(1, 4), (4, 2), (2, 5), (5, 16), (16, 9), (9, 8), (8, 13), (13, 10)]}, padri: [14, 22], figli: [19, 15, 21], mosse: [(2, 2, 7, 3, 1), (2, 2, 6, 14, 12)]
19 -> costo: 70246.40000000001, rotte: {2: [(1, 15), (15, 12), (12, 7), (7, 3), (3, 6), (6, 14), (14, 10), (10, 11)], 3: [(1, 4), (4, 2), (2, 5), (5, 16), (16, 9), (9, 8), (8, 13), (13, 10)]}, padri: [18, 20], figli: [16], mosse: [(2, 2, 15, 12, 10), (2, 2, 7, 3, 1)]
20 -> costo: 70843.40000000001, rotte: {2: [(1, 15), (15, 12), (12, 3), (3, 7), (7, 6), (6, 14), (14, 10), (10, 11)], 3: [(1, 4), (4, 2), (2, 5), (5, 16), (16, 9), (9, 8), (8, 13), (13, 10)]}, padri: [14], figli: [16, 19, 21], mosse: [(2, 2, 15, 12, 10)]
21 -> costo: 70661.8, rotte: {2: [(1, 15), (15, 12), (12, 7), (7, 6), (6, 14), (14, 10), (10, 3), (3, 11)], 3: [(1, 4), (4, 2), (2, 5), (5, 16), (16, 9), (9, 8), (8, 13), (13, 10)]}, padri: [20], figli: [16], mosse: [(2, 2, 10, 3, 1)]
22 -> costo: 70942.3, rotte: {2: [(1, 12), (12, 15), (15, 14), (14, 7), (7, 3), (3, 6), (6, 10), (10, 11)], 3: [(1, 4), (4, 2), (2, 5), (5, 16), (16, 9), (9, 8), (8, 13), (13, 10)]}, padri: [13], figli: [10, 18], mosse: [(2, 2, 7, 3, 1)]
bestSolutionIndice: 7
7 -> costo: 69250.30000000002, rotte: {2: [(1, 12), (12, 15), (15, 14), (14, 6), (6, 7), (7, 3), (3, 10), (10, 11)], 3: [(1, 4), (4, 2), (2, 5), (5, 16), (16, 9), (9, 8), (8, 13), (13, 10)]}, padri: [6, 8, 10, 17], figli: [], mosse: [(3, 3, 4, 2, 12), (3, 3, 2, 5, 3), (2, 2, 6, 7, 5), (2, 2, 14, 6, 4)]
trasportoPalletDiGamma: {2: [(12, 10), (15, 13), (14, 12), (6, 4), (7, 5), (3, 1), (10, 6), (11, 9)], 3: [(4, 2), (2, 12), (5, 3), (16, 14), (9, 7), (8, 6), (13, 11), (10, 2)]}
itMosseLS: 37, itMosseTS: 30
time elapsed: 249.15s.


