itNSIMax: 50, itMosseTSMax: 15.
##########################################################################################
s: 1, itNSI: 1.
soluzione iniziale: 0
0 -> 
costo: 111431.7, 
rotte: {2: [(1, 16), (16, 10), (10, 14), (14, 12), (12, 3), (3, 7), (7, 5), (5, 4), (4, 8)], 3: [(1, 13), (13, 11), (11, 9), (9, 15), (15, 6), (6, 2), (2, 8)]}
trasportoPalletDiGamma: {2: [(16, 14), (10, 8), (14, 12), (12, 10), (3, 1), (7, 5), (5, 3), (4, 2), (8, 2)], 3: [(13, 11), (11, 9), (9, 7), (15, 13), (6, 4), (2, 12), (8, 4)]}
bestSolutionIndice: 9
9 -> 
costo: 68221.29999999999, 
rotte: {2: [(1, 10), (10, 14), (14, 5), (5, 4), (4, 3), (3, 7), (7, 8), (8, 12), (12, 16)], 3: [(1, 2), (2, 6), (6, 9), (9, 8), (8, 15), (15, 13), (13, 11)]}
trasportoPalletDiGamma: {2: [(10, 8), (14, 12), (5, 3), (4, 2), (3, 1), (7, 5), (8, 2), (12, 10), (16, 14)], 3: [(2, 12), (6, 4), (9, 7), (8, 4), (15, 13), (13, 11), (11, 9)]}
itMosseLS: 24, itMosseTS: 15
numero di soluzioni totali trovati: 18.
time elapsed: 154.80s.


##########################################################################################
s: 1, itNSI: 2.
soluzione iniziale: 0
0 -> 
costo: 105983.0, 
rotte: {3: [(1, 6), (6, 10), (10, 13), (13, 5), (5, 12), (12, 7), (7, 8), (8, 2)], 2: [(1, 3), (3, 11), (11, 14), (14, 4), (4, 16), (16, 15), (15, 9)]}
trasportoPalletDiGamma: {3: [(6, 4), (10, 8), (13, 11), (5, 3), (12, 10), (7, 5), (8, 6), (2, 12)], 2: [(3, 1), (11, 9), (14, 12), (4, 2), (16, 14), (15, 13), (9, 7)]}
bestSolutionIndice: 10
10 -> 
costo: 66949.9, 
rotte: {3: [(1, 13), (13, 10), (10, 3), (3, 2), (2, 5), (5, 8), (8, 12), (12, 7), (7, 6)], 2: [(1, 4), (4, 9), (9, 16), (16, 15), (15, 14), (14, 11)]}
trasportoPalletDiGamma: {3: [(13, 11), (10, 8), (3, 1), (2, 12), (5, 3), (8, 6), (12, 10), (7, 5), (6, 4)], 2: [(4, 2), (9, 7), (16, 14), (15, 13), (14, 12), (11, 9)]}
itMosseLS: 24, itMosseTS: 15
numero di soluzioni totali trovati: 18.
time elapsed: 69.58s.


##########################################################################################
s: 1, itNSI: 3.
soluzione iniziale: 0
0 -> 
costo: 119370.3, 
rotte: {2: [(1, 12), (12, 13), (13, 7), (7, 16), (16, 3), (3, 8), (8, 14), (14, 5)], 3: [(1, 9), (9, 4), (4, 6), (6, 2), (2, 10), (10, 15), (15, 11), (11, 5)]}
trasportoPalletDiGamma: {2: [(12, 10), (13, 11), (7, 5), (16, 14), (3, 1), (8, 6), (14, 12), (5, 1)], 3: [(9, 7), (4, 2), (6, 4), (2, 12), (10, 8), (15, 13), (11, 9), (5, 2)]}
bestSolutionIndice: 10
10 -> 
costo: 68055.7, 
rotte: {2: [(1, 7), (7, 12), (12, 8), (8, 14), (14, 13), (13, 3), (3, 16)], 3: [(1, 4), (4, 5), (5, 2), (2, 6), (6, 9), (9, 15), (15, 10), (10, 11)]}
trasportoPalletDiGamma: {2: [(7, 5), (12, 10), (8, 6), (14, 12), (13, 11), (3, 1), (16, 14)], 3: [(4, 2), (5, 3), (2, 12), (6, 4), (9, 7), (15, 13), (10, 8), (11, 9)]}
itMosseLS: 24, itMosseTS: 15
numero di soluzioni totali trovati: 14.
time elapsed: 142.61s.


##########################################################################################
s: 1, itNSI: 4.
soluzione iniziale: 0
0 -> 
costo: 77810.2, 
rotte: {3: [(1, 4), (4, 6), (6, 15), (15, 12), (12, 14), (14, 8), (8, 9), (9, 5)], 2: [(1, 3), (3, 16), (16, 2), (2, 13), (13, 7), (7, 10), (10, 11)]}
trasportoPalletDiGamma: {3: [(4, 2), (6, 4), (15, 13), (12, 10), (14, 12), (8, 6), (9, 7), (5, 3)], 2: [(3, 1), (16, 14), (2, 12), (13, 11), (7, 5), (10, 8), (11, 9)]}
bestSolutionIndice: 6
6 -> 
costo: 65408.7, 
rotte: {3: [(1, 4), (4, 5), (5, 3), (3, 6), (6, 14), (14, 15), (15, 12), (12, 8), (8, 9)], 2: [(1, 2), (2, 16), (16, 7), (7, 13), (13, 10), (10, 11)]}
trasportoPalletDiGamma: {3: [(4, 2), (5, 3), (3, 1), (6, 4), (14, 12), (15, 13), (12, 10), (8, 6), (9, 7)], 2: [(2, 12), (16, 14), (7, 5), (13, 11), (10, 8), (11, 9)]}
itMosseLS: 21, itMosseTS: 15
numero di soluzioni totali trovati: 18.
time elapsed: 88.61s.


##########################################################################################
s: 1, itNSI: 5.
soluzione iniziale: 0
0 -> 
costo: 111820.69999999997, 
rotte: {2: [(1, 7), (7, 3), (3, 2), (2, 8), (8, 4), (4, 15), (15, 11), (11, 10), (10, 13)], 3: [(1, 16), (16, 6), (6, 14), (14, 12), (12, 5), (5, 9), (9, 13)]}
trasportoPalletDiGamma: {2: [(7, 5), (3, 1), (2, 12), (8, 6), (4, 2), (15, 13), (11, 9), (10, 8), (13, 1)], 3: [(16, 14), (6, 4), (14, 12), (12, 10), (5, 3), (9, 7), (13, 10)]}
bestSolutionIndice: 15
15 -> 
costo: 62768.8, 
rotte: {2: [(1, 4), (4, 5), (5, 2), (2, 3), (3, 7), (7, 8), (8, 15), (15, 13), (13, 10), (10, 11)], 3: [(1, 13), (13, 14), (14, 6), (6, 12), (12, 9), (9, 16)]}
trasportoPalletDiGamma: {2: [(4, 2), (5, 3), (2, 12), (3, 1), (7, 5), (8, 6), (15, 13), (13, 1), (10, 8), (11, 9)], 3: [(13, 10), (14, 12), (6, 4), (12, 10), (9, 7), (16, 14)]}
itMosseLS: 29, itMosseTS: 15
numero di soluzioni totali trovati: 19.
time elapsed: 125.32s.


##########################################################################################
s: 1, itNSI: 6.
soluzione iniziale: 0
0 -> 
costo: 110345.79999999999, 
rotte: {2: [(1, 11), (11, 10), (10, 3), (3, 12), (12, 15), (15, 5), (5, 8), (8, 16)], 3: [(1, 9), (9, 14), (14, 2), (2, 13), (13, 6), (6, 7), (7, 4), (4, 16)]}
trasportoPalletDiGamma: {2: [(11, 9), (10, 8), (3, 1), (12, 10), (15, 13), (5, 3), (8, 6), (16, 10)], 3: [(9, 7), (14, 12), (2, 12), (13, 11), (6, 4), (7, 5), (4, 2), (16, 4)]}
bestSolutionIndice: 12
12 -> 
costo: 74635.7, 
rotte: {2: [(1, 8), (8, 12), (12, 15), (15, 16), (16, 5), (5, 3), (3, 10), (10, 11)], 3: [(1, 13), (13, 14), (14, 6), (6, 2), (2, 4), (4, 7), (7, 9), (9, 16)]}
trasportoPalletDiGamma: {2: [(8, 6), (12, 10), (15, 13), (16, 10), (5, 3), (3, 1), (10, 8), (11, 9)], 3: [(13, 11), (14, 12), (6, 4), (2, 12), (4, 2), (7, 5), (9, 7), (16, 4)]}
itMosseLS: 24, itMosseTS: 15
numero di soluzioni totali trovati: 19.
time elapsed: 195.33s.


##########################################################################################
s: 1, itNSI: 7.
soluzione iniziale: 0
0 -> 
costo: 115102.59999999999, 
rotte: {2: [(1, 5), (5, 15), (15, 10), (10, 6), (6, 16), (16, 2), (2, 11)], 3: [(1, 7), (7, 12), (12, 4), (4, 13), (13, 8), (8, 3), (3, 14), (14, 9), (9, 11)]}
trasportoPalletDiGamma: {2: [(5, 3), (15, 13), (10, 8), (6, 4), (16, 14), (2, 12), (11, 6)], 3: [(7, 5), (12, 10), (4, 2), (13, 11), (8, 6), (3, 1), (14, 12), (9, 7), (11, 3)]}
bestSolutionIndice: 11
11 -> 
costo: 69622.29999999997, 
rotte: {2: [(1, 6), (6, 15), (15, 16), (16, 2), (2, 10), (10, 11)], 3: [(1, 4), (4, 5), (5, 3), (3, 7), (7, 9), (9, 8), (8, 12), (12, 14), (14, 13)]}
trasportoPalletDiGamma: {2: [(6, 4), (15, 13), (16, 14), (2, 12), (10, 8), (11, 9)], 3: [(4, 2), (5, 3), (3, 1), (7, 5), (9, 7), (8, 6), (12, 10), (14, 12), (13, 11)]}
itMosseLS: 22, itMosseTS: 15
numero di soluzioni totali trovati: 14.
time elapsed: 158.67s.


##########################################################################################
s: 1, itNSI: 8.
soluzione iniziale: 0
0 -> 
costo: 109079.99999999999, 
rotte: {3: [(1, 6), (6, 12), (12, 8), (8, 10), (10, 15), (15, 9), (9, 3), (3, 7), (7, 11)], 2: [(1, 2), (2, 5), (5, 14), (14, 13), (13, 16), (16, 4), (4, 11)]}
trasportoPalletDiGamma: {3: [(6, 4), (12, 10), (8, 6), (10, 8), (15, 13), (9, 7), (3, 1), (7, 5), (11, 3)], 2: [(2, 12), (5, 3), (14, 12), (13, 11), (16, 14), (4, 2), (11, 6)]}
bestSolutionIndice: 8
8 -> 
costo: 96191.29999999999, 
rotte: {3: [(1, 6), (6, 8), (8, 12), (12, 15), (15, 9), (9, 7), (7, 3), (3, 10), (10, 11)], 2: [(1, 4), (4, 2), (2, 5), (5, 16), (16, 14), (14, 13), (13, 11)]}
trasportoPalletDiGamma: {3: [(6, 4), (8, 6), (12, 10), (15, 13), (9, 7), (7, 5), (3, 1), (10, 8), (11, 3)], 2: [(4, 2), (2, 12), (5, 3), (16, 14), (14, 12), (13, 11), (11, 6)]}
itMosseLS: 25, itMosseTS: 15
numero di soluzioni totali trovati: 19.
time elapsed: 240.18s.


##########################################################################################
s: 1, itNSI: 9.
soluzione iniziale: 0
0 -> 
costo: 115670.7, 
rotte: {3: [(1, 7), (7, 13), (13, 9), (9, 15), (15, 2), (2, 6), (6, 12)], 2: [(1, 11), (11, 5), (5, 8), (8, 14), (14, 10), (10, 16), (16, 3), (3, 4), (4, 12)]}
trasportoPalletDiGamma: {3: [(7, 5), (13, 11), (9, 7), (15, 13), (2, 12), (6, 4), (12, 8)], 2: [(11, 9), (5, 3), (8, 6), (14, 12), (10, 8), (16, 14), (3, 1), (4, 2), (12, 2)]}
bestSolutionIndice: 12
12 -> 
costo: 68167.4, 
rotte: {3: [(1, 2), (2, 13), (13, 6), (6, 7), (7, 9), (9, 12), (12, 15)], 2: [(1, 4), (4, 5), (5, 3), (3, 16), (16, 8), (8, 12), (12, 14), (14, 10), (10, 11)]}
trasportoPalletDiGamma: {3: [(2, 12), (13, 11), (6, 4), (7, 5), (9, 7), (12, 8), (15, 13)], 2: [(4, 2), (5, 3), (3, 1), (16, 14), (8, 6), (12, 2), (14, 12), (10, 8), (11, 9)]}
itMosseLS: 26, itMosseTS: 15
numero di soluzioni totali trovati: 19.
time elapsed: 186.10s.


##########################################################################################
s: 1, itNSI: 10.
soluzione iniziale: 0
0 -> 
costo: 110299.59999999998, 
rotte: {3: [(1, 13), (13, 14), (14, 5), (5, 16), (16, 12), (12, 9), (9, 15)], 2: [(1, 8), (8, 10), (10, 2), (2, 7), (7, 6), (6, 3), (3, 11), (11, 4), (4, 15)]}
trasportoPalletDiGamma: {3: [(13, 11), (14, 12), (5, 3), (16, 14), (12, 10), (9, 7), (15, 3)], 2: [(8, 6), (10, 8), (2, 12), (7, 5), (6, 4), (3, 1), (11, 9), (4, 2), (15, 10)]}
bestSolutionIndice: 26
26 -> 
costo: 64294.90000000001, 
rotte: {3: [(1, 4), (4, 3), (3, 13), (13, 14), (14, 12), (12, 9), (9, 16)], 2: [(1, 5), (5, 2), (2, 6), (6, 7), (7, 8), (8, 15), (15, 10), (10, 11)]}
trasportoPalletDiGamma: {3: [(4, 2), (3, 1), (13, 11), (14, 12), (12, 10), (9, 7), (16, 14)], 2: [(5, 3), (2, 12), (6, 4), (7, 5), (8, 6), (15, 13), (10, 8), (11, 9)]}
itMosseLS: 31, itMosseTS: 15
numero di soluzioni totali trovati: 27.
time elapsed: 152.76s.


##########################################################################################
s: 1, itNSI: 11.
soluzione iniziale: 0
0 -> 
costo: 111814.79999999999, 
rotte: {2: [(1, 8), (8, 9), (9, 10), (10, 16), (16, 4), (4, 7), (7, 11), (11, 12)], 3: [(1, 3), (3, 5), (5, 2), (2, 15), (15, 6), (6, 14), (14, 13), (13, 12)]}
trasportoPalletDiGamma: {2: [(8, 6), (9, 7), (10, 8), (16, 14), (4, 2), (7, 5), (11, 9), (12, 9)], 3: [(3, 1), (5, 3), (2, 12), (15, 13), (6, 4), (14, 12), (13, 11), (12, 1)]}
bestSolutionIndice: 12
12 -> 
costo: 69203.59999999999, 
rotte: {2: [(1, 12), (12, 8), (8, 16), (16, 9), (9, 7), (7, 4), (4, 10), (10, 11)], 3: [(1, 5), (5, 2), (2, 3), (3, 13), (13, 14), (14, 6), (6, 12), (12, 15)]}
trasportoPalletDiGamma: {2: [(12, 9), (8, 6), (16, 14), (9, 7), (7, 5), (4, 2), (10, 8), (11, 9)], 3: [(5, 3), (2, 12), (3, 1), (13, 11), (14, 12), (6, 4), (12, 1), (15, 13)]}
itMosseLS: 25, itMosseTS: 15
numero di soluzioni totali trovati: 17.
time elapsed: 136.87s.


##########################################################################################
s: 1, itNSI: 12.
soluzione iniziale: 0
0 -> 
costo: 109597.2, 
rotte: {3: [(1, 5), (5, 9), (9, 7), (7, 16), (16, 11), (11, 14), (14, 6), (6, 10)], 2: [(1, 13), (13, 2), (2, 12), (12, 4), (4, 8), (8, 15), (15, 3), (3, 10)]}
trasportoPalletDiGamma: {3: [(5, 3), (9, 7), (7, 5), (16, 14), (11, 9), (14, 12), (6, 4), (10, 6)], 2: [(13, 11), (2, 12), (12, 10), (4, 2), (8, 6), (15, 13), (3, 1), (10, 2)]}
bestSolutionIndice: 12
12 -> 
costo: 64990.39999999999, 
rotte: {3: [(1, 16), (16, 9), (9, 7), (7, 6), (6, 14), (14, 10), (10, 11)], 2: [(1, 4), (4, 5), (5, 2), (2, 3), (3, 13), (13, 8), (8, 12), (12, 15)]}
trasportoPalletDiGamma: {3: [(16, 14), (9, 7), (7, 5), (6, 4), (14, 12), (10, 8), (11, 9)], 2: [(4, 2), (5, 3), (2, 12), (3, 1), (13, 11), (8, 6), (12, 10), (15, 13)]}
itMosseLS: 28, itMosseTS: 15
numero di soluzioni totali trovati: 20.
time elapsed: 80.74s.


##########################################################################################
s: 1, itNSI: 13.
soluzione iniziale: 0
0 -> 
costo: 105931.0, 
rotte: {2: [(1, 16), (16, 9), (9, 6), (6, 15), (15, 11), (11, 10), (10, 3), (3, 13)], 3: [(1, 14), (14, 4), (4, 5), (5, 7), (7, 2), (2, 12), (12, 8), (8, 13)]}
trasportoPalletDiGamma: {2: [(16, 14), (9, 7), (6, 4), (15, 13), (11, 9), (10, 8), (3, 1), (13, 4)], 3: [(14, 12), (4, 2), (5, 3), (7, 5), (2, 12), (12, 10), (8, 6), (13, 7)]}
bestSolutionIndice: 6
6 -> 
costo: 68095.4, 
rotte: {2: [(1, 9), (9, 16), (16, 15), (15, 6), (6, 3), (3, 10), (10, 13), (13, 11)], 3: [(1, 4), (4, 5), (5, 2), (2, 7), (7, 12), (12, 8), (8, 14), (14, 13)]}
trasportoPalletDiGamma: {2: [(9, 7), (16, 14), (15, 13), (6, 4), (3, 1), (10, 8), (13, 4), (11, 9)], 3: [(4, 2), (5, 3), (2, 12), (7, 5), (12, 10), (8, 6), (14, 12), (13, 7)]}
itMosseLS: 18, itMosseTS: 15
numero di soluzioni totali trovati: 12.
time elapsed: 95.04s.


##########################################################################################
s: 1, itNSI: 14.
soluzione iniziale: 0
0 -> 
costo: 114725.2, 
rotte: {2: [(1, 7), (7, 12), (12, 10), (10, 13), (13, 5), (5, 15), (15, 3), (3, 14)], 3: [(1, 8), (8, 4), (4, 6), (6, 11), (11, 9), (9, 16), (16, 2), (2, 14)]}
trasportoPalletDiGamma: {2: [(7, 5), (12, 10), (10, 8), (13, 11), (5, 3), (15, 13), (3, 1), (14, 9)], 3: [(8, 6), (4, 2), (6, 4), (11, 9), (9, 7), (16, 14), (2, 12), (14, 3)]}
bestSolutionIndice: 15
15 -> 
costo: 71491.3, 
rotte: {2: [(1, 13), (13, 10), (10, 3), (3, 5), (5, 7), (7, 12), (12, 15), (15, 14)], 3: [(1, 4), (4, 8), (8, 9), (9, 16), (16, 2), (2, 6), (6, 14), (14, 11)]}
trasportoPalletDiGamma: {2: [(13, 11), (10, 8), (3, 1), (5, 3), (7, 5), (12, 10), (15, 13), (14, 9)], 3: [(4, 2), (8, 6), (9, 7), (16, 14), (2, 12), (6, 4), (14, 3), (11, 9)]}
itMosseLS: 25, itMosseTS: 15
numero di soluzioni totali trovati: 18.
time elapsed: 137.10s.


##########################################################################################
s: 1, itNSI: 15.
soluzione iniziale: 0
0 -> 
costo: 112861.20000000001, 
rotte: {2: [(1, 8), (8, 10), (10, 3), (3, 9), (9, 7), (7, 15), (15, 4), (4, 2), (2, 13)], 3: [(1, 12), (12, 14), (14, 5), (5, 6), (6, 16), (16, 11), (11, 13)]}
trasportoPalletDiGamma: {2: [(8, 6), (10, 8), (3, 1), (9, 7), (7, 5), (15, 13), (4, 2), (2, 12), (13, 3)], 3: [(12, 10), (14, 12), (5, 3), (6, 4), (16, 14), (11, 9), (13, 8)]}
bestSolutionIndice: 7
7 -> 
costo: 73730.2, 
rotte: {2: [(1, 3), (3, 7), (7, 9), (9, 8), (8, 15), (15, 2), (2, 4), (4, 10), (10, 13)], 3: [(1, 14), (14, 6), (6, 12), (12, 16), (16, 5), (5, 13), (13, 11)]}
trasportoPalletDiGamma: {2: [(3, 1), (7, 5), (9, 7), (8, 6), (15, 13), (2, 12), (4, 2), (10, 8), (13, 3)], 3: [(14, 12), (6, 4), (12, 10), (16, 14), (5, 3), (13, 8), (11, 9)]}
itMosseLS: 22, itMosseTS: 15
numero di soluzioni totali trovati: 19.
time elapsed: 168.25s.


##########################################################################################
s: 1, itNSI: 16.
soluzione iniziale: 0
0 -> 
costo: 112021.2, 
rotte: {3: [(1, 3), (3, 8), (8, 16), (16, 10), (10, 9), (9, 4), (4, 5), (5, 13), (13, 15)], 2: [(1, 12), (12, 2), (2, 11), (11, 14), (14, 7), (7, 6), (6, 15)]}
trasportoPalletDiGamma: {3: [(3, 1), (8, 6), (16, 14), (10, 8), (9, 7), (4, 2), (5, 3), (13, 11), (15, 5)], 2: [(12, 10), (2, 12), (11, 9), (14, 12), (7, 5), (6, 4), (15, 8)]}
bestSolutionIndice: 7
7 -> 
costo: 71235.29999999999, 
rotte: {3: [(1, 3), (3, 8), (8, 9), (9, 5), (5, 4), (4, 10), (10, 13), (13, 15), (15, 16)], 2: [(1, 2), (2, 6), (6, 7), (7, 12), (12, 15), (15, 14), (14, 11)]}
trasportoPalletDiGamma: {3: [(3, 1), (8, 6), (9, 7), (5, 3), (4, 2), (10, 8), (13, 11), (15, 5), (16, 14)], 2: [(2, 12), (6, 4), (7, 5), (12, 10), (15, 8), (14, 12), (11, 9)]}
itMosseLS: 22, itMosseTS: 15
numero di soluzioni totali trovati: 17.
time elapsed: 148.46s.


##########################################################################################
s: 1, itNSI: 17.
soluzione iniziale: 0
0 -> 
costo: 109515.7, 
rotte: {2: [(1, 4), (4, 2), (2, 13), (13, 16), (16, 11), (11, 3), (3, 12), (12, 9)], 3: [(1, 15), (15, 10), (10, 6), (6, 14), (14, 5), (5, 8), (8, 7), (7, 9)]}
trasportoPalletDiGamma: {2: [(4, 2), (2, 12), (13, 11), (16, 14), (11, 9), (3, 1), (12, 10), (9, 1)], 3: [(15, 13), (10, 8), (6, 4), (14, 12), (5, 3), (8, 6), (7, 5), (9, 6)]}
bestSolutionIndice: 8
8 -> 
costo: 69513.09999999999, 
rotte: {2: [(1, 4), (4, 2), (2, 3), (3, 16), (16, 12), (12, 13), (13, 11)], 3: [(1, 10), (10, 14), (14, 6), (6, 5), (5, 7), (7, 9), (9, 8), (8, 15)]}
trasportoPalletDiGamma: {2: [(4, 2), (2, 12), (3, 1), (16, 14), (12, 10), (13, 11), (11, 9)], 3: [(10, 8), (14, 12), (6, 4), (5, 3), (7, 5), (9, 7), (8, 6), (15, 13)]}
itMosseLS: 22, itMosseTS: 15
numero di soluzioni totali trovati: 10.
time elapsed: 131.47s.


##########################################################################################
s: 1, itNSI: 18.
soluzione iniziale: 0
0 -> 
costo: 105018.2, 
rotte: {2: [(1, 4), (4, 2), (2, 8), (8, 10), (10, 6), (6, 9), (9, 13), (13, 3), (3, 5), (5, 11)], 3: [(1, 14), (14, 15), (15, 12), (12, 16), (16, 7), (7, 11)]}
trasportoPalletDiGamma: {2: [(4, 2), (2, 12), (8, 6), (10, 8), (6, 4), (9, 7), (13, 11), (3, 1), (5, 3), (11, 3)], 3: [(14, 12), (15, 13), (12, 10), (16, 14), (7, 5), (11, 6)]}
bestSolutionIndice: 3
3 -> 
costo: 99576.0, 
rotte: {2: [(1, 4), (4, 2), (2, 9), (9, 8), (8, 6), (6, 13), (13, 10), (10, 3), (3, 5), (5, 11)], 3: [(1, 14), (14, 15), (15, 12), (12, 16), (16, 7), (7, 11)]}
trasportoPalletDiGamma: {2: [(4, 2), (2, 12), (9, 7), (8, 6), (6, 4), (13, 11), (10, 8), (3, 1), (5, 3), (11, 3)], 3: [(14, 12), (15, 13), (12, 10), (16, 14), (7, 5), (11, 6)]}
itMosseLS: 19, itMosseTS: 15
numero di soluzioni totali trovati: 15.
time elapsed: 142.57s.


##########################################################################################
s: 1, itNSI: 19.
soluzione iniziale: 0
0 -> 
costo: 108708.30000000002, 
rotte: {2: [(1, 2), (2, 11), (11, 10), (10, 12), (12, 7), (7, 16), (16, 3), (3, 6)], 3: [(1, 14), (14, 4), (4, 13), (13, 5), (5, 8), (8, 9), (9, 15), (15, 6)]}
trasportoPalletDiGamma: {2: [(2, 12), (11, 9), (10, 8), (12, 10), (7, 5), (16, 14), (3, 1), (6, 1)], 3: [(14, 12), (4, 2), (13, 11), (5, 3), (8, 6), (9, 7), (15, 13), (6, 3)]}
bestSolutionIndice: 11
11 -> 
costo: 69793.90000000001, 
rotte: {2: [(1, 2), (2, 16), (16, 12), (12, 7), (7, 3), (3, 10), (10, 11)], 3: [(1, 4), (4, 5), (5, 9), (9, 8), (8, 6), (6, 13), (13, 14), (14, 15)]}
trasportoPalletDiGamma: {2: [(2, 12), (16, 14), (12, 10), (7, 5), (3, 1), (10, 8), (11, 9)], 3: [(4, 2), (5, 3), (9, 7), (8, 6), (6, 4), (13, 11), (14, 12), (15, 13)]}
itMosseLS: 23, itMosseTS: 15
numero di soluzioni totali trovati: 16.
time elapsed: 98.29s.


##########################################################################################
s: 1, itNSI: 20.
soluzione iniziale: 0
0 -> 
costo: 108943.90000000001, 
rotte: {3: [(1, 10), (10, 12), (12, 15), (15, 13), (13, 7), (7, 14), (14, 4)], 2: [(1, 3), (3, 2), (2, 9), (9, 5), (5, 16), (16, 8), (8, 6), (6, 11), (11, 4)]}
trasportoPalletDiGamma: {3: [(10, 8), (12, 10), (15, 13), (13, 11), (7, 5), (14, 12), (4, 1)], 2: [(3, 1), (2, 12), (9, 7), (5, 3), (16, 14), (8, 6), (6, 4), (11, 9), (4, 1)]}
bestSolutionIndice: 9
9 -> 
costo: 65497.49999999999, 
rotte: {3: [(1, 10), (10, 13), (13, 14), (14, 7), (7, 12), (12, 15)], 2: [(1, 4), (4, 2), (2, 5), (5, 3), (3, 16), (16, 9), (9, 8), (8, 6), (6, 11)]}
trasportoPalletDiGamma: {3: [(10, 8), (13, 11), (14, 12), (7, 5), (12, 10), (15, 13)], 2: [(4, 2), (2, 12), (5, 3), (3, 1), (16, 14), (9, 7), (8, 6), (6, 4), (11, 9)]}
itMosseLS: 22, itMosseTS: 15
numero di soluzioni totali trovati: 17.
time elapsed: 56.68s.


##########################################################################################
s: 1, itNSI: 21.
soluzione iniziale: 0
0 -> 
costo: 106429.80000000003, 
rotte: {3: [(1, 10), (10, 3), (3, 4), (4, 5), (5, 6), (6, 16), (16, 15), (15, 11), (11, 7)], 2: [(1, 8), (8, 9), (9, 12), (12, 13), (13, 14), (14, 2), (2, 7)]}
trasportoPalletDiGamma: {3: [(10, 8), (3, 1), (4, 2), (5, 3), (6, 4), (16, 14), (15, 13), (11, 9), (7, 3)], 2: [(8, 6), (9, 7), (12, 10), (13, 11), (14, 12), (2, 12), (7, 2)]}
bestSolutionIndice: 8
8 -> 
costo: 67919.99999999999, 
rotte: {3: [(1, 4), (4, 5), (5, 3), (3, 6), (6, 7), (7, 16), (16, 15), (15, 10), (10, 11)], 2: [(1, 2), (2, 9), (9, 8), (8, 12), (12, 14), (14, 13)]}
trasportoPalletDiGamma: {3: [(4, 2), (5, 3), (3, 1), (6, 4), (7, 5), (16, 14), (15, 13), (10, 8), (11, 9)], 2: [(2, 12), (9, 7), (8, 6), (12, 10), (14, 12), (13, 11)]}
itMosseLS: 24, itMosseTS: 15
numero di soluzioni totali trovati: 20.
time elapsed: 97.15s.


##########################################################################################
s: 1, itNSI: 22.
soluzione iniziale: 0
0 -> 
costo: 114894.4, 
rotte: {3: [(1, 14), (14, 13), (13, 9), (9, 15), (15, 3), (3, 2), (2, 11)], 2: [(1, 8), (8, 7), (7, 10), (10, 16), (16, 5), (5, 6), (6, 12), (12, 4), (4, 11)]}
trasportoPalletDiGamma: {3: [(14, 12), (13, 11), (9, 7), (15, 13), (3, 1), (2, 12), (11, 4)], 2: [(8, 6), (7, 5), (10, 8), (16, 14), (5, 3), (6, 4), (12, 10), (4, 2), (11, 5)]}
bestSolutionIndice: 10
10 -> 
costo: 99446.40000000001, 
rotte: {3: [(1, 14), (14, 15), (15, 9), (9, 2), (2, 3), (3, 13), (13, 11)], 2: [(1, 16), (16, 12), (12, 8), (8, 7), (7, 6), (6, 5), (5, 4), (4, 10), (10, 11)]}
trasportoPalletDiGamma: {3: [(14, 12), (15, 13), (9, 7), (2, 12), (3, 1), (13, 11), (11, 4)], 2: [(16, 14), (12, 10), (8, 6), (7, 5), (6, 4), (5, 3), (4, 2), (10, 8), (11, 5)]}
itMosseLS: 25, itMosseTS: 15
numero di soluzioni totali trovati: 20.
time elapsed: 260.94s.


##########################################################################################
s: 1, itNSI: 23.
soluzione iniziale: 0
0 -> 
costo: 109311.7, 
rotte: {3: [(1, 13), (13, 4), (4, 9), (9, 16), (16, 12), (12, 5), (5, 3), (3, 6), (6, 8)], 2: [(1, 15), (15, 11), (11, 2), (2, 7), (7, 14), (14, 10), (10, 8)]}
trasportoPalletDiGamma: {3: [(13, 11), (4, 2), (9, 7), (16, 14), (12, 10), (5, 3), (3, 1), (6, 4), (8, 5)], 2: [(15, 13), (11, 9), (2, 12), (7, 5), (14, 12), (10, 8), (8, 1)]}
bestSolutionIndice: 8
8 -> 
costo: 62998.19999999999, 
rotte: {3: [(1, 4), (4, 5), (5, 3), (3, 13), (13, 6), (6, 8), (8, 12), (12, 9), (9, 16)], 2: [(1, 2), (2, 7), (7, 15), (15, 14), (14, 10), (10, 11)]}
trasportoPalletDiGamma: {3: [(4, 2), (5, 3), (3, 1), (13, 11), (6, 4), (8, 6), (12, 10), (9, 7), (16, 14)], 2: [(2, 12), (7, 5), (15, 13), (14, 12), (10, 8), (11, 9)]}
itMosseLS: 23, itMosseTS: 15
numero di soluzioni totali trovati: 17.
time elapsed: 103.47s.


##########################################################################################
s: 1, itNSI: 24.
soluzione iniziale: 0
0 -> 
costo: 115913.99999999999, 
rotte: {3: [(1, 7), (7, 10), (10, 14), (14, 13), (13, 8), (8, 4), (4, 5), (5, 11), (11, 9)], 2: [(1, 12), (12, 3), (3, 16), (16, 2), (2, 15), (15, 6), (6, 9)]}
trasportoPalletDiGamma: {3: [(7, 5), (10, 8), (14, 12), (13, 11), (8, 6), (4, 2), (5, 3), (11, 9), (9, 1)], 2: [(12, 10), (3, 1), (16, 14), (2, 12), (15, 13), (6, 4), (9, 6)]}
bestSolutionIndice: 8
8 -> 
costo: 67473.49999999999, 
rotte: {3: [(1, 10), (10, 13), (13, 14), (14, 8), (8, 7), (7, 5), (5, 4), (4, 3), (3, 11)], 2: [(1, 2), (2, 12), (12, 15), (15, 6), (6, 9), (9, 16)]}
trasportoPalletDiGamma: {3: [(10, 8), (13, 11), (14, 12), (8, 6), (7, 5), (5, 3), (4, 2), (3, 1), (11, 9)], 2: [(2, 12), (12, 10), (15, 13), (6, 4), (9, 7), (16, 14)]}
itMosseLS: 22, itMosseTS: 15
numero di soluzioni totali trovati: 12.
time elapsed: 119.01s.


##########################################################################################
s: 1, itNSI: 25.
soluzione iniziale: 0
0 -> 
costo: 116179.4, 
rotte: {2: [(1, 13), (13, 14), (14, 6), (6, 4), (4, 16), (16, 10), (10, 7), (7, 12)], 3: [(1, 15), (15, 5), (5, 3), (3, 8), (8, 11), (11, 9), (9, 2), (2, 12)]}
trasportoPalletDiGamma: {2: [(13, 11), (14, 12), (6, 4), (4, 2), (16, 14), (10, 8), (7, 5), (12, 4)], 3: [(15, 13), (5, 3), (3, 1), (8, 6), (11, 9), (9, 7), (2, 12), (12, 6)]}
bestSolutionIndice: 10
10 -> 
costo: 69849.59999999999, 
rotte: {2: [(1, 13), (13, 10), (10, 4), (4, 14), (14, 6), (6, 7), (7, 12), (12, 16)], 3: [(1, 9), (9, 12), (12, 8), (8, 15), (15, 5), (5, 2), (2, 3), (3, 11)]}
trasportoPalletDiGamma: {2: [(13, 11), (10, 8), (4, 2), (14, 12), (6, 4), (7, 5), (12, 4), (16, 14)], 3: [(9, 7), (12, 6), (8, 6), (15, 13), (5, 3), (2, 12), (3, 1), (11, 9)]}
itMosseLS: 26, itMosseTS: 15
numero di soluzioni totali trovati: 23.
time elapsed: 165.59s.


##########################################################################################
s: 1, itNSI: 26.
soluzione iniziale: 0
0 -> 
costo: 111245.29999999999, 
rotte: {2: [(1, 8), (8, 14), (14, 3), (3, 2), (2, 9), (9, 7), (7, 10), (10, 5), (5, 4), (4, 11)], 3: [(1, 6), (6, 12), (12, 13), (13, 15), (15, 16), (16, 11)]}
trasportoPalletDiGamma: {2: [(8, 6), (14, 12), (3, 1), (2, 12), (9, 7), (7, 5), (10, 8), (5, 3), (4, 2), (11, 1)], 3: [(6, 4), (12, 10), (13, 11), (15, 13), (16, 14), (11, 8)]}
bestSolutionIndice: 8
8 -> 
costo: 98544.6, 
rotte: {2: [(1, 14), (14, 8), (8, 9), (9, 7), (7, 3), (3, 5), (5, 2), (2, 4), (4, 10), (10, 11)], 3: [(1, 6), (6, 12), (12, 16), (16, 15), (15, 13), (13, 11)]}
trasportoPalletDiGamma: {2: [(14, 12), (8, 6), (9, 7), (7, 5), (3, 1), (5, 3), (2, 12), (4, 2), (10, 8), (11, 1)], 3: [(6, 4), (12, 10), (16, 14), (15, 13), (13, 11), (11, 8)]}
itMosseLS: 16, itMosseTS: 10
numero di soluzioni totali trovati: 15.
time elapsed: 145.28s.


##########################################################################################
##########################################################################################
##########################################################################################
##########################################################################################
##########################################################################################
##########################################################################################
##########################################################################################
##########################################################################################
##########################################################################################
##########################################################################################
##########################################################################################
##########################################################################################
##########################################################################################
##########################################################################################
##########################################################################################
##########################################################################################
##########################################################################################
##########################################################################################
##########################################################################################
##########################################################################################
##########################################################################################
##########################################################################################
##########################################################################################
##########################################################################################
##########################################################################################
##########################################################################################
##########################################################################################
Soluzione migliore in assoluto trovata:

s: 1
itNSI: 5, 
costo: 62768.8, 
rotte: {2: [(1, 4), (4, 5), (5, 2), (2, 3), (3, 7), (7, 8), (8, 15), (15, 13), (13, 10), (10, 11)], 3: [(1, 13), (13, 14), (14, 6), (6, 12), (12, 9), (9, 16)]}
trasportoPalletDiGamma: {2: [(4, 2), (5, 3), (2, 12), (3, 1), (7, 5), (8, 6), (15, 13), (13, 1), (10, 8), (11, 9)], 3: [(13, 10), (14, 12), (6, 4), (12, 10), (9, 7), (16, 14)]}

Total time elapsed: 3604.62s.