itNSIMax: 5, itMosseTSMax: 75.
##########################################################################################
s: 1, itNSI: 1.
soluzione iniziale: 0
0 -> 
costo: 111471.10000000002, 
rotte: {3: [(1, 14), (14, 8), (8, 2), (2, 16), (16, 11), (11, 3), (3, 6), (6, 9)], 2: [(1, 5), (5, 15), (15, 12), (12, 13), (13, 4), (4, 10), (10, 7), (7, 9)]}
trasportoPalletDiGamma: {3: [(14, 12), (8, 6), (2, 12), (16, 14), (11, 9), (3, 1), (6, 4), (9, 2)], 2: [(5, 3), (15, 13), (12, 10), (13, 11), (4, 2), (10, 8), (7, 5), (9, 5)]}
bestSolutionIndice: 32
32 -> 
costo: 67918.9, 
rotte: {3: [(1, 2), (2, 5), (5, 16), (16, 8), (8, 6), (6, 14), (14, 11)], 2: [(1, 4), (4, 3), (3, 7), (7, 9), (9, 12), (12, 15), (15, 13), (13, 10)]}
trasportoPalletDiGamma: {3: [(2, 12), (5, 3), (16, 14), (8, 6), (6, 4), (14, 12), (11, 9)], 2: [(4, 2), (3, 1), (7, 5), (9, 7), (12, 10), (15, 13), (13, 11), (10, 8)]}
itMosseLS: 90, itMosseTS: 75
numero di soluzioni totali trovati: 53.
time elapsed: 413.41s.


##########################################################################################
s: 1, itNSI: 2.
soluzione iniziale: 0
0 -> 
costo: 111742.4, 
rotte: {2: [(1, 3), (3, 8), (8, 10), (10, 11), (11, 5), (5, 14), (14, 15), (15, 12)], 3: [(1, 7), (7, 6), (6, 13), (13, 16), (16, 2), (2, 9), (9, 4), (4, 12)]}
trasportoPalletDiGamma: {2: [(3, 1), (8, 6), (10, 8), (11, 9), (5, 3), (14, 12), (15, 13), (12, 8)], 3: [(7, 5), (6, 4), (13, 11), (16, 14), (2, 12), (9, 7), (4, 2), (12, 2)]}
bestSolutionIndice: 19
19 -> 
costo: 62415.600000000006, 
rotte: {2: [(1, 3), (3, 8), (8, 12), (12, 15), (15, 14), (14, 10), (10, 11)], 3: [(1, 5), (5, 2), (2, 4), (4, 13), (13, 6), (6, 7), (7, 9), (9, 16)]}
trasportoPalletDiGamma: {2: [(3, 1), (8, 6), (12, 10), (15, 13), (14, 12), (10, 8), (11, 9)], 3: [(5, 3), (2, 12), (4, 2), (13, 11), (6, 4), (7, 5), (9, 7), (16, 14)]}
itMosseLS: 94, itMosseTS: 75
numero di soluzioni totali trovati: 68.
time elapsed: 314.56s.


##########################################################################################
s: 1, itNSI: 3.
soluzione iniziale: 0
0 -> 
costo: 114126.79999999999, 
rotte: {2: [(1, 5), (5, 16), (16, 2), (2, 13), (13, 9), (9, 4), (4, 10), (10, 15)], 3: [(1, 14), (14, 6), (6, 12), (12, 11), (11, 7), (7, 8), (8, 3), (3, 15)]}
trasportoPalletDiGamma: {2: [(5, 3), (16, 14), (2, 12), (13, 11), (9, 7), (4, 2), (10, 8), (15, 3)], 3: [(14, 12), (6, 4), (12, 10), (11, 9), (7, 5), (8, 6), (3, 1), (15, 10)]}
bestSolutionIndice: 10
10 -> 
costo: 64776.299999999996, 
rotte: {2: [(1, 5), (5, 2), (2, 4), (4, 10), (10, 13), (13, 9), (9, 16)], 3: [(1, 7), (7, 8), (8, 12), (12, 15), (15, 14), (14, 6), (6, 3), (3, 11)]}
trasportoPalletDiGamma: {2: [(5, 3), (2, 12), (4, 2), (10, 8), (13, 11), (9, 7), (16, 14)], 3: [(7, 5), (8, 6), (12, 10), (15, 13), (14, 12), (6, 4), (3, 1), (11, 9)]}
itMosseLS: 85, itMosseTS: 75
numero di soluzioni totali trovati: 48.
time elapsed: 317.93s.


##########################################################################################
s: 1, itNSI: 4.
soluzione iniziale: 0
0 -> 
costo: 110887.1, 
rotte: {3: [(1, 7), (7, 3), (3, 16), (16, 5), (5, 15), (15, 12), (12, 6), (6, 13)], 2: [(1, 4), (4, 10), (10, 9), (9, 2), (2, 8), (8, 11), (11, 14), (14, 13)]}
trasportoPalletDiGamma: {3: [(7, 5), (3, 1), (16, 14), (5, 3), (15, 13), (12, 10), (6, 4), (13, 10)], 2: [(4, 2), (10, 8), (9, 7), (2, 12), (8, 6), (11, 9), (14, 12), (13, 1)]}
bestSolutionIndice: 15
15 -> 
costo: 63921.1, 
rotte: {3: [(1, 3), (3, 13), (13, 6), (6, 7), (7, 12), (12, 15), (15, 16)], 2: [(1, 4), (4, 2), (2, 5), (5, 9), (9, 8), (8, 14), (14, 13), (13, 10), (10, 11)]}
trasportoPalletDiGamma: {3: [(3, 1), (13, 10), (6, 4), (7, 5), (12, 10), (15, 13), (16, 14)], 2: [(4, 2), (2, 12), (5, 3), (9, 7), (8, 6), (14, 12), (13, 1), (10, 8), (11, 9)]}
itMosseLS: 86, itMosseTS: 75
numero di soluzioni totali trovati: 43.
time elapsed: 468.92s.


##########################################################################################
s: 1, itNSI: 5.
soluzione iniziale: 0
0 -> 
costo: 114359.80000000002, 
rotte: {3: [(1, 14), (14, 4), (4, 10), (10, 16), (16, 13), (13, 11), (11, 8)], 2: [(1, 12), (12, 3), (3, 7), (7, 15), (15, 6), (6, 9), (9, 2), (2, 5), (5, 8)]}
trasportoPalletDiGamma: {3: [(14, 12), (4, 2), (10, 8), (16, 14), (13, 11), (11, 9), (8, 4)], 2: [(12, 10), (3, 1), (7, 5), (15, 13), (6, 4), (9, 7), (2, 12), (5, 3), (8, 2)]}
bestSolutionIndice: 11
11 -> 
costo: 65160.399999999994, 
rotte: {3: [(1, 16), (16, 8), (8, 14), (14, 13), (13, 10), (10, 11)], 2: [(1, 4), (4, 2), (2, 5), (5, 3), (3, 6), (6, 7), (7, 9), (9, 8), (8, 12), (12, 15)]}
trasportoPalletDiGamma: {3: [(16, 14), (8, 4), (14, 12), (13, 11), (10, 8), (11, 9)], 2: [(4, 2), (2, 12), (5, 3), (3, 1), (6, 4), (7, 5), (9, 7), (8, 2), (12, 10), (15, 13)]}
itMosseLS: 85, itMosseTS: 75
numero di soluzioni totali trovati: 45.
time elapsed: 422.25s.


##########################################################################################
##########################################################################################
##########################################################################################
Soluzione migliore in assoluto trovata:

s: 1
itNSI: 2, 
costo: 62415.600000000006, 
rotte: {2: [(1, 3), (3, 8), (8, 12), (12, 15), (15, 14), (14, 10), (10, 11)], 3: [(1, 5), (5, 2), (2, 4), (4, 13), (13, 6), (6, 7), (7, 9), (9, 16)]}
trasportoPalletDiGamma: {2: [(3, 1), (8, 6), (12, 10), (15, 13), (14, 12), (10, 8), (11, 9)], 3: [(5, 3), (2, 12), (4, 2), (13, 11), (6, 4), (7, 5), (9, 7), (16, 14)]}

Total time elapsed: 1937.21s.