itNSIMax: 10, itMosseTSMax: 50.
##########################################################################################
s: 1
dictSolutions[1]:
0 -> costo: 139930.59999999998, rotte: {2: [(1, 4), (4, 9), (9, 5), (5, 12), (12, 7), (7, 14)], 3: [(1, 2), (2, 6), (6, 17), (17, 15), (15, 8)], 4: [(1, 11), (11, 13), (13, 3), (3, 16), (16, 10)]}, padri: [-1], figli: [1], mosse: [-1]
1 -> costo: 126311.59999999999, rotte: {2: [(1, 4), (4, 9), (9, 5), (5, 12), (12, 7), (7, 14)], 3: [(1, 2), (2, 6), (6, 17), (17, 15), (15, 8)], 4: [(1, 11), (11, 13), (13, 10), (10, 3), (3, 16)]}, padri: [0], figli: [2], mosse: [(4, 4, 13, 10, 19)]
2 -> costo: 112824.89999999998, rotte: {2: [(1, 4), (4, 9), (9, 5), (5, 7), (7, 12), (12, 14)], 3: [(1, 2), (2, 6), (6, 17), (17, 15), (15, 8)], 4: [(1, 11), (11, 13), (13, 10), (10, 3), (3, 16)]}, padri: [1], figli: [3, 18], mosse: [(2, 2, 7, 12, 1)]
3 -> costo: 101252.2, rotte: {2: [(1, 4), (4, 9), (9, 5), (5, 7), (7, 12), (12, 14)], 3: [(1, 2), (2, 6), (6, 8), (8, 17), (17, 15)], 4: [(1, 11), (11, 13), (13, 10), (10, 3), (3, 16)]}, padri: [2], figli: [4, 6, 8, 16, 17], mosse: [(3, 3, 6, 8, 17)]
4 -> costo: 97626.8, rotte: {2: [(1, 4), (4, 5), (5, 7), (7, 9), (9, 12), (12, 14)], 3: [(1, 2), (2, 6), (6, 8), (8, 17), (17, 15)], 4: [(1, 11), (11, 13), (13, 10), (10, 3), (3, 16)]}, padri: [3, 11, 11, 12, 17, 19], figli: [5, 9], mosse: [(2, 2, 7, 9, 18), (2, 2, 4, 5, 14), (2, 2, 5, 4), (2, 2, 5, 7, 16), (2, 2, 7, 9, 18), (3, 3, 6, 8, 17)]
5 -> costo: 97564.8, rotte: {2: [(1, 4), (4, 7), (7, 5), (5, 9), (9, 12), (12, 14)], 3: [(1, 2), (2, 6), (6, 8), (8, 17), (17, 15)], 4: [(1, 11), (11, 13), (13, 10), (10, 3), (3, 16)]}, padri: [4, 8, 11, 12, 13, 15, 20], figli: [], mosse: [(2, 2, 7, 5, 14), (2, 2, 5, 9, 18), (2, 2, 7, 5, 14), (2, 2, 7, 4), (2, 2, 5, 9, 18), (2, 2, 5, 9, 18), (3, 3, 6, 8, 17)]
6 -> costo: 99705.3, rotte: {2: [(1, 9), (9, 5), (5, 7), (7, 4), (4, 12), (12, 14)], 3: [(1, 2), (2, 6), (6, 8), (8, 17), (17, 15)], 4: [(1, 11), (11, 13), (13, 10), (10, 3), (3, 16)]}, padri: [3, 16, 17, 21], figli: [7, 12], mosse: [(2, 2, 7, 4, 13), (2, 2, 7, 4, 13), (2, 2, 7, 4, 13), (3, 3, 6, 8, 17)]
7 -> costo: 97917.8, rotte: {2: [(1, 5), (5, 7), (7, 4), (4, 9), (9, 12), (12, 14)], 3: [(1, 2), (2, 6), (6, 8), (8, 17), (17, 15)], 4: [(1, 11), (11, 13), (13, 10), (10, 3), (3, 16)]}, padri: [6, 11, 10, 22], figli: [], mosse: [(2, 2, 4, 9, 18), (2, 2, 7, 4, 13), (2, 2, 7, 5), (3, 3, 6, 8, 17)]
8 -> costo: 100294.09999999999, rotte: {2: [(1, 4), (4, 9), (9, 7), (7, 5), (5, 12), (12, 14)], 3: [(1, 2), (2, 6), (6, 8), (8, 17), (17, 15)], 4: [(1, 11), (11, 13), (13, 10), (10, 3), (3, 16)]}, padri: [3], figli: [5, 9, 13, 14, 15, 15], mosse: [(2, 2, 7, 5, 14)]
9 -> costo: 99852.3, rotte: {2: [(1, 9), (9, 7), (7, 5), (5, 4), (4, 12), (12, 14)], 3: [(1, 2), (2, 6), (6, 8), (8, 17), (17, 15)], 4: [(1, 11), (11, 13), (13, 10), (10, 3), (3, 16)]}, padri: [8, 13, 14], figli: [10], mosse: [(2, 2, 5, 4, 13), (2, 2, 5, 4, 13), (2, 2, 5, 4, 13)]
10 -> costo: 99300.7, rotte: {2: [(1, 7), (7, 5), (5, 4), (4, 9), (9, 12), (12, 14)], 3: [(1, 2), (2, 6), (6, 8), (8, 17), (17, 15)], 4: [(1, 11), (11, 13), (13, 10), (10, 3), (3, 16)]}, padri: [9], figli: [11, 7, 12], mosse: [(2, 2, 4, 9, 18)]
11 -> costo: 98015.59999999999, rotte: {2: [(1, 5), (5, 4), (4, 7), (7, 9), (9, 12), (12, 14)], 3: [(1, 2), (2, 6), (6, 8), (8, 17), (17, 15)], 4: [(1, 11), (11, 13), (13, 10), (10, 3), (3, 16)]}, padri: [10, 16, 26], figli: [5, 4, 4, 7, 12], mosse: [(2, 2, 4, 7, 16), (2, 2, 7, 9, 18), (3, 3, 6, 8, 17)]
12 -> costo: 99264.3, rotte: {2: [(1, 7), (7, 4), (4, 5), (5, 9), (9, 12), (12, 14)], 3: [(1, 2), (2, 6), (6, 8), (8, 17), (17, 15)], 4: [(1, 11), (11, 13), (13, 10), (10, 3), (3, 16)]}, padri: [10, 14], figli: [4, 5], mosse: [(2, 2, 4, 5, 14), (2, 2, 5, 9, 18)]
13 -> costo: 100156.5, rotte: {2: [(1, 9), (9, 4), (4, 7), (7, 5), (5, 12), (12, 14)], 3: [(1, 2), (2, 6), (6, 8), (8, 17), (17, 15)], 4: [(1, 11), (11, 13), (13, 10), (10, 3), (3, 16)]}, padri: [8, 16, 17], figli: [5, 9], mosse: [(2, 2, 9, 4, 13), (2, 2, 7, 5, 14), (2, 2, 7, 5, 14)]
14 -> costo: 100231.0, rotte: {2: [(1, 9), (9, 7), (7, 4), (4, 5), (5, 12), (12, 14)], 3: [(1, 2), (2, 6), (6, 8), (8, 17), (17, 15)], 4: [(1, 11), (11, 13), (13, 10), (10, 3), (3, 16)]}, padri: [8], figli: [12, 9], mosse: [(2, 2, 7, 4, 13)]
15 -> costo: 100244.90000000001, rotte: {2: [(1, 4), (4, 7), (7, 9), (9, 5), (5, 12), (12, 14)], 3: [(1, 2), (2, 6), (6, 8), (8, 17), (17, 15)], 4: [(1, 11), (11, 13), (13, 10), (10, 3), (3, 16)]}, padri: [8, 8], figli: [5], mosse: [(2, 2, 7, 9, 18), (2, 2, 9, 7)]
16 -> costo: 101225.2, rotte: {2: [(1, 9), (9, 5), (5, 4), (4, 7), (7, 12), (12, 14)], 3: [(1, 2), (2, 6), (6, 8), (8, 17), (17, 15)], 4: [(1, 11), (11, 13), (13, 10), (10, 3), (3, 16)]}, padri: [3, 17, 17], figli: [11, 6, 13], mosse: [(2, 2, 5, 4, 13), (2, 2, 4, 5), (2, 2, 5, 4, 13)]
17 -> costo: 101225.5, rotte: {2: [(1, 9), (9, 4), (4, 5), (5, 7), (7, 12), (12, 14)], 3: [(1, 2), (2, 6), (6, 8), (8, 17), (17, 15)], 4: [(1, 11), (11, 13), (13, 10), (10, 3), (3, 16)]}, padri: [3], figli: [4, 6, 13, 16, 16], mosse: [(2, 2, 9, 4, 13)]
18 -> costo: 101284.49999999999, rotte: {2: [(1, 4), (4, 9), (9, 5), (5, 7), (7, 12), (12, 14)], 3: [(1, 2), (2, 8), (8, 6), (6, 17), (17, 15)], 4: [(1, 11), (11, 13), (13, 10), (10, 3), (3, 16)]}, padri: [2], figli: [19, 21, 23], mosse: [(3, 3, 2, 8, 17)]
19 -> costo: 97659.09999999999, rotte: {2: [(1, 4), (4, 5), (5, 7), (7, 9), (9, 12), (12, 14)], 3: [(1, 2), (2, 8), (8, 6), (6, 17), (17, 15)], 4: [(1, 11), (11, 13), (13, 10), (10, 3), (3, 16)]}, padri: [18, 26, 26], figli: [20, 4, 24], mosse: [(2, 2, 7, 9, 18), (2, 2, 4, 5, 14), (2, 2, 5, 4)]
20 -> costo: 97597.09999999999, rotte: {2: [(1, 4), (4, 7), (7, 5), (5, 9), (9, 12), (12, 14)], 3: [(1, 2), (2, 8), (8, 6), (6, 17), (17, 15)], 4: [(1, 11), (11, 13), (13, 10), (10, 3), (3, 16)]}, padri: [19, 23, 26], figli: [5], mosse: [(2, 2, 7, 5, 14), (2, 2, 5, 9, 18), (2, 2, 7, 5, 14)]
21 -> costo: 99737.59999999999, rotte: {2: [(1, 9), (9, 5), (5, 7), (7, 4), (4, 12), (12, 14)], 3: [(1, 2), (2, 8), (8, 6), (6, 17), (17, 15)], 4: [(1, 11), (11, 13), (13, 10), (10, 3), (3, 16)]}, padri: [18], figli: [22, 6], mosse: [(2, 2, 7, 4, 13)]
22 -> costo: 97950.09999999999, rotte: {2: [(1, 5), (5, 7), (7, 4), (4, 9), (9, 12), (12, 14)], 3: [(1, 2), (2, 8), (8, 6), (6, 17), (17, 15)], 4: [(1, 11), (11, 13), (13, 10), (10, 3), (3, 16)]}, padri: [21, 26], figli: [7], mosse: [(2, 2, 4, 9, 18), (2, 2, 7, 4, 13)]
23 -> costo: 100326.4, rotte: {2: [(1, 4), (4, 9), (9, 7), (7, 5), (5, 12), (12, 14)], 3: [(1, 2), (2, 8), (8, 6), (6, 17), (17, 15)], 4: [(1, 11), (11, 13), (13, 10), (10, 3), (3, 16)]}, padri: [18], figli: [20, 24], mosse: [(2, 2, 7, 5, 14)]
24 -> costo: 99884.59999999999, rotte: {2: [(1, 9), (9, 7), (7, 5), (5, 4), (4, 12), (12, 14)], 3: [(1, 2), (2, 8), (8, 6), (6, 17), (17, 15)], 4: [(1, 11), (11, 13), (13, 10), (10, 3), (3, 16)]}, padri: [23], figli: [25], mosse: [(2, 2, 5, 4, 13)]
25 -> costo: 99332.99999999999, rotte: {2: [(1, 7), (7, 5), (5, 4), (4, 9), (9, 12), (12, 14)], 3: [(1, 2), (2, 8), (8, 6), (6, 17), (17, 15)], 4: [(1, 11), (11, 13), (13, 10), (10, 3), (3, 16)]}, padri: [24], figli: [26], mosse: [(2, 2, 4, 9, 18)]
26 -> costo: 98047.9, rotte: {2: [(1, 5), (5, 4), (4, 7), (7, 9), (9, 12), (12, 14)], 3: [(1, 2), (2, 8), (8, 6), (6, 17), (17, 15)], 4: [(1, 11), (11, 13), (13, 10), (10, 3), (3, 16)]}, padri: [25], figli: [20, 19, 19, 22, 11], mosse: [(2, 2, 4, 7, 16)]
bestSolutionIndice: 5
5 -> costo: 97564.8, rotte: {2: [(1, 4), (4, 7), (7, 5), (5, 9), (9, 12), (12, 14)], 3: [(1, 2), (2, 6), (6, 8), (8, 17), (17, 15)], 4: [(1, 11), (11, 13), (13, 10), (10, 3), (3, 16)]}, padri: [4, 8, 11, 12, 13, 15, 20], figli: [], mosse: [(2, 2, 7, 5, 14), (2, 2, 5, 9, 18), (2, 2, 7, 5, 14), (2, 2, 7, 4), (2, 2, 5, 9, 18), (2, 2, 5, 9, 18), (3, 3, 6, 8, 17)]
trasportoPalletDiGamma: {2: [(4, 13), (7, 16), (5, 14), (9, 18), (12, 1), (14, 3)], 3: [(2, 11), (6, 15), (8, 17), (17, 6), (15, 4)], 4: [(11, 20), (13, 2), (10, 19), (3, 12), (16, 5)]}
itMosseLS: 58, itMosseTS: 50
time elapsed: 1071.25s.


##########################################################################################
s: 1
dictSolutions[1]:
0 -> costo: 156678.89999999997, rotte: {3: [(1, 17), (17, 2), (2, 10), (10, 5), (5, 9)], 4: [(1, 13), (13, 6), (6, 3), (3, 11), (11, 4), (4, 14)], 2: [(1, 16), (16, 12), (12, 7), (7, 15), (15, 8), (8, 9)]}, padri: [-1], figli: [1], mosse: [-1]
1 -> costo: 136296.19999999998, rotte: {3: [(1, 2), (2, 10), (10, 5), (5, 9)], 4: [(1, 13), (13, 6), (6, 3), (3, 11), (11, 4), (4, 14)], 2: [(1, 17), (17, 16), (16, 12), (12, 7), (7, 15), (15, 8), (8, 9)]}, padri: [0], figli: [2], mosse: [(2, 3, 1, 17, 6)]
2 -> costo: 124270.99999999997, rotte: {3: [(1, 2), (2, 10), (10, 5), (5, 9)], 4: [(1, 13), (13, 6), (6, 3), (3, 4), (4, 11), (11, 14)], 2: [(1, 17), (17, 16), (16, 12), (12, 7), (7, 15), (15, 8), (8, 9)]}, padri: [1], figli: [3], mosse: [(4, 4, 4, 11, 20)]
3 -> costo: 114940.59999999998, rotte: {3: [(1, 2), (2, 10), (10, 5), (5, 9)], 4: [(1, 6), (6, 3), (3, 4), (4, 11), (11, 14)], 2: [(1, 17), (17, 16), (16, 12), (12, 13), (13, 7), (7, 15), (15, 8), (8, 9)]}, padri: [2], figli: [4], mosse: [(2, 4, 12, 13, 2)]
4 -> costo: 107439.69999999998, rotte: {3: [(1, 2), (2, 10), (10, 5), (5, 9)], 4: [(1, 6), (6, 3), (3, 4), (4, 11), (11, 14)], 2: [(1, 17), (17, 16), (16, 12), (12, 13), (13, 15), (15, 7), (7, 8), (8, 9)]}, padri: [3], figli: [5], mosse: [(2, 2, 15, 7, 16)]
5 -> costo: 103108.89999999998, rotte: {3: [(1, 2), (2, 10), (10, 5), (5, 9)], 4: [(1, 6), (6, 3), (3, 4), (4, 11), (11, 14)], 2: [(1, 17), (17, 16), (16, 12), (12, 13), (13, 7), (7, 8), (8, 9), (9, 15)]}, padri: [4], figli: [6], mosse: [(2, 2, 9, 15, 4)]
6 -> costo: 87937.99999999999, rotte: {3: [(1, 2), (2, 10), (10, 5), (5, 9)], 4: [(1, 6), (6, 3), (3, 4), (4, 11), (11, 14)], 2: [(1, 17), (17, 16), (16, 15), (15, 12), (12, 13), (13, 7), (7, 8), (8, 9)]}, padri: [5], figli: [7], mosse: [(2, 2, 16, 15, 4)]
7 -> costo: 87203.4, rotte: {3: [(1, 2), (2, 5), (5, 10), (10, 9)], 4: [(1, 6), (6, 3), (3, 4), (4, 11), (11, 14)], 2: [(1, 17), (17, 16), (16, 15), (15, 12), (12, 13), (13, 7), (7, 8), (8, 9)]}, padri: [6], figli: [8, 8, 8, 8, 42, 42, 42, 42], mosse: [(3, 3, 5, 10, 19)]
8 -> costo: 86822.49999999999, rotte: {3: [(1, 2), (2, 5), (5, 10), (10, 9)], 4: [(1, 6), (6, 3), (3, 4), (4, 11), (11, 14)], 2: [(1, 17), (17, 16), (16, 15), (15, 12), (12, 13), (13, 7), (7, 8)]}, padri: [7, 7, 7, 7], figli: [9, 9, 9, 14, 14, 14, 27], mosse: [(3, 2, 1, 9, 3), (3, 2, 2, 9, 3), (3, 2, 5, 9, 3), (3, 2, 10, 9, 3)]
9 -> costo: 86222.99999999999, rotte: {3: [(1, 2), (2, 5), (5, 10), (10, 9)], 4: [(1, 6), (6, 3), (3, 4), (4, 11), (11, 14)], 2: [(1, 17), (17, 16), (16, 15), (15, 12), (12, 13), (13, 8), (8, 7)]}, padri: [8, 8, 8], figli: [10, 11, 13, 28], mosse: [(2, 2, 7, 8), (2, 2, 13, 8, 17), (2, 2, 8, 7, 16)]
10 -> costo: 85846.49999999999, rotte: {3: [(1, 2), (2, 5), (5, 10), (10, 9)], 4: [(1, 3), (3, 4), (4, 6), (6, 11), (11, 14)], 2: [(1, 17), (17, 16), (16, 15), (15, 12), (12, 13), (13, 8), (8, 7)]}, padri: [9, 12, 14, 14, 14], figli: [], mosse: [(4, 4, 4, 6, 15), (4, 4, 3, 4, 13), (2, 2, 7, 8), (2, 2, 13, 8, 17), (2, 2, 8, 7, 16)]
11 -> costo: 86108.09999999999, rotte: {3: [(1, 2), (2, 5), (5, 10), (10, 9)], 4: [(1, 6), (6, 4), (4, 3), (3, 11), (11, 14)], 2: [(1, 17), (17, 16), (16, 15), (15, 12), (12, 13), (13, 8), (8, 7)]}, padri: [9, 27, 27, 27], figli: [12], mosse: [(4, 4, 4, 3, 12), (2, 2, 7, 8), (2, 2, 13, 8, 17), (2, 2, 8, 7, 16)]
12 -> costo: 85961.4, rotte: {3: [(1, 2), (2, 5), (5, 10), (10, 9)], 4: [(1, 4), (4, 3), (3, 6), (6, 11), (11, 14)], 2: [(1, 17), (17, 16), (16, 15), (15, 12), (12, 13), (13, 8), (8, 7)]}, padri: [11, 28, 28, 28], figli: [10, 13], mosse: [(4, 4, 3, 6, 15), (2, 2, 7, 8), (2, 2, 13, 8, 17), (2, 2, 8, 7, 16)]
13 -> costo: 85846.49999999999, rotte: {3: [(1, 2), (2, 5), (5, 10), (10, 9)], 4: [(1, 3), (3, 6), (6, 11), (11, 14)], 2: [(1, 17), (17, 16), (16, 15), (15, 12), (12, 13), (13, 8), (8, 7), (7, 4)]}, padri: [9, 12], figli: [], mosse: [(2, 4, 7, 4, 13)]
14 -> costo: 86445.99999999999, rotte: {3: [(1, 2), (2, 5), (5, 10), (10, 9)], 4: [(1, 3), (3, 4), (4, 6), (6, 11), (11, 14)], 2: [(1, 17), (17, 16), (16, 15), (15, 12), (12, 13), (13, 7), (7, 8)]}, padri: [8, 28, 42], figli: [15, 16, 17, 18, 19, 20, 21, 22, 23, 24, 25, 26, 10, 10, 10], mosse: [(4, 4, 4, 6, 15), (4, 4, 3, 4, 13), (3, 2, 1, 9, 3)]
15 -> costo: 85344.4, rotte: {3: [(1, 2), (2, 5), (5, 10), (10, 9)], 4: [(1, 4), (4, 6), (6, 11), (11, 14)], 2: [(1, 17), (17, 16), (16, 15), (15, 12), (12, 13), (13, 3), (3, 7), (7, 8)]}, padri: [14], figli: [], mosse: [(2, 4, 13, 3, 12)]
16 -> costo: 85344.4, rotte: {3: [(1, 2), (2, 5), (5, 10), (10, 9)], 4: [(1, 3), (3, 4), (4, 6), (6, 11), (11, 14)], 2: [(1, 17), (17, 16), (16, 15), (15, 12), (12, 13), (13, 3), (3, 7), (7, 8)]}, padri: [14], figli: [], mosse: [(2, 4, 13, 3, 1)]
17 -> costo: 85344.4, rotte: {3: [(1, 2), (2, 5), (5, 10), (10, 9)], 4: [(1, 3), (3, 4), (4, 6), (6, 11), (11, 14)], 2: [(1, 17), (17, 16), (16, 15), (15, 12), (12, 13), (13, 3), (3, 7), (7, 8)]}, padri: [14], figli: [], mosse: [(2, 4, 13, 3, 2)]
18 -> costo: 85344.4, rotte: {3: [(1, 2), (2, 5), (5, 10), (10, 9)], 4: [(1, 3), (3, 4), (4, 6), (6, 11), (11, 14)], 2: [(1, 17), (17, 16), (16, 15), (15, 12), (12, 13), (13, 3), (3, 7), (7, 8)]}, padri: [14], figli: [], mosse: [(2, 4, 13, 3, 3)]
19 -> costo: 85344.4, rotte: {3: [(1, 2), (2, 5), (5, 10), (10, 9)], 4: [(1, 3), (3, 4), (4, 6), (6, 11), (11, 14)], 2: [(1, 17), (17, 16), (16, 15), (15, 12), (12, 13), (13, 3), (3, 7), (7, 8)]}, padri: [14], figli: [], mosse: [(2, 4, 13, 3, 4)]
20 -> costo: 85344.4, rotte: {3: [(1, 2), (2, 5), (5, 10), (10, 9)], 4: [(1, 3), (3, 4), (4, 6), (6, 11), (11, 14)], 2: [(1, 17), (17, 16), (16, 15), (15, 12), (12, 13), (13, 3), (3, 7), (7, 8)]}, padri: [14], figli: [], mosse: [(2, 4, 13, 3, 5)]
21 -> costo: 85344.4, rotte: {3: [(1, 2), (2, 5), (5, 10), (10, 9)], 4: [(1, 3), (3, 4), (4, 6), (6, 11), (11, 14)], 2: [(1, 17), (17, 16), (16, 15), (15, 12), (12, 13), (13, 3), (3, 7), (7, 8)]}, padri: [14], figli: [], mosse: [(2, 4, 13, 3, 6)]
22 -> costo: 85344.4, rotte: {3: [(1, 2), (2, 5), (5, 10), (10, 9)], 4: [(1, 3), (3, 4), (4, 6), (6, 11), (11, 14)], 2: [(1, 17), (17, 16), (16, 15), (15, 12), (12, 13), (13, 3), (3, 7), (7, 8)]}, padri: [14], figli: [], mosse: [(2, 4, 13, 3, 7)]
23 -> costo: 85344.4, rotte: {3: [(1, 2), (2, 5), (5, 10), (10, 9)], 4: [(1, 3), (3, 4), (4, 6), (6, 11), (11, 14)], 2: [(1, 17), (17, 16), (16, 15), (15, 12), (12, 13), (13, 3), (3, 7), (7, 8)]}, padri: [14], figli: [], mosse: [(2, 4, 13, 3, 8)]
24 -> costo: 85344.4, rotte: {3: [(1, 2), (2, 5), (5, 10), (10, 9)], 4: [(1, 3), (3, 4), (4, 6), (6, 11), (11, 14)], 2: [(1, 17), (17, 16), (16, 15), (15, 12), (12, 13), (13, 3), (3, 7), (7, 8)]}, padri: [14], figli: [], mosse: [(2, 4, 13, 3, 9)]
25 -> costo: 85344.4, rotte: {3: [(1, 2), (2, 5), (5, 10), (10, 9)], 4: [(1, 3), (3, 4), (4, 6), (6, 11), (11, 14)], 2: [(1, 17), (17, 16), (16, 15), (15, 12), (12, 13), (13, 3), (3, 7), (7, 8)]}, padri: [14], figli: [], mosse: [(2, 4, 13, 3, 10)]
26 -> costo: 85344.4, rotte: {3: [(1, 2), (2, 5), (5, 10), (10, 9)], 4: [(1, 3), (3, 4), (4, 6), (6, 11), (11, 14)], 2: [(1, 17), (17, 16), (16, 15), (15, 12), (12, 13), (13, 3), (3, 7), (7, 8)]}, padri: [14], figli: [], mosse: [(2, 4, 13, 3, 11)]
27 -> costo: 86707.59999999999, rotte: {3: [(1, 2), (2, 5), (5, 10), (10, 9)], 4: [(1, 6), (6, 4), (4, 3), (3, 11), (11, 14)], 2: [(1, 17), (17, 16), (16, 15), (15, 12), (12, 13), (13, 7), (7, 8)]}, padri: [8], figli: [11, 11, 11, 28, 28, 28], mosse: [(4, 4, 4, 3, 12)]
28 -> costo: 86560.9, rotte: {3: [(1, 2), (2, 5), (5, 10), (10, 9)], 4: [(1, 4), (4, 3), (3, 6), (6, 11), (11, 14)], 2: [(1, 17), (17, 16), (16, 15), (15, 12), (12, 13), (13, 7), (7, 8)]}, padri: [27], figli: [29, 30, 31, 32, 33, 34, 35, 36, 37, 38, 39, 40, 41, 12, 12, 12, 14], mosse: [(4, 4, 3, 6, 15)]
29 -> costo: 85391.4, rotte: {3: [(1, 2), (2, 5), (5, 10), (10, 9)], 4: [(1, 3), (3, 6), (6, 11), (11, 14)], 2: [(1, 17), (17, 16), (16, 15), (15, 12), (12, 13), (13, 4), (4, 7), (7, 8)]}, padri: [28], figli: [], mosse: [(2, 4, 13, 4, 13)]
30 -> costo: 85391.4, rotte: {3: [(1, 2), (2, 5), (5, 10), (10, 9)], 4: [(1, 4), (4, 3), (3, 6), (6, 11), (11, 14)], 2: [(1, 17), (17, 16), (16, 15), (15, 12), (12, 13), (13, 4), (4, 7), (7, 8)]}, padri: [28], figli: [], mosse: [(2, 4, 13, 4, 1)]
31 -> costo: 85391.4, rotte: {3: [(1, 2), (2, 5), (5, 10), (10, 9)], 4: [(1, 4), (4, 3), (3, 6), (6, 11), (11, 14)], 2: [(1, 17), (17, 16), (16, 15), (15, 12), (12, 13), (13, 4), (4, 7), (7, 8)]}, padri: [28], figli: [], mosse: [(2, 4, 13, 4, 2)]
32 -> costo: 85391.4, rotte: {3: [(1, 2), (2, 5), (5, 10), (10, 9)], 4: [(1, 4), (4, 3), (3, 6), (6, 11), (11, 14)], 2: [(1, 17), (17, 16), (16, 15), (15, 12), (12, 13), (13, 4), (4, 7), (7, 8)]}, padri: [28], figli: [], mosse: [(2, 4, 13, 4, 3)]
33 -> costo: 85391.4, rotte: {3: [(1, 2), (2, 5), (5, 10), (10, 9)], 4: [(1, 4), (4, 3), (3, 6), (6, 11), (11, 14)], 2: [(1, 17), (17, 16), (16, 15), (15, 12), (12, 13), (13, 4), (4, 7), (7, 8)]}, padri: [28], figli: [], mosse: [(2, 4, 13, 4, 4)]
34 -> costo: 85391.4, rotte: {3: [(1, 2), (2, 5), (5, 10), (10, 9)], 4: [(1, 4), (4, 3), (3, 6), (6, 11), (11, 14)], 2: [(1, 17), (17, 16), (16, 15), (15, 12), (12, 13), (13, 4), (4, 7), (7, 8)]}, padri: [28], figli: [], mosse: [(2, 4, 13, 4, 5)]
35 -> costo: 85391.4, rotte: {3: [(1, 2), (2, 5), (5, 10), (10, 9)], 4: [(1, 4), (4, 3), (3, 6), (6, 11), (11, 14)], 2: [(1, 17), (17, 16), (16, 15), (15, 12), (12, 13), (13, 4), (4, 7), (7, 8)]}, padri: [28], figli: [], mosse: [(2, 4, 13, 4, 6)]
36 -> costo: 85391.4, rotte: {3: [(1, 2), (2, 5), (5, 10), (10, 9)], 4: [(1, 4), (4, 3), (3, 6), (6, 11), (11, 14)], 2: [(1, 17), (17, 16), (16, 15), (15, 12), (12, 13), (13, 4), (4, 7), (7, 8)]}, padri: [28], figli: [], mosse: [(2, 4, 13, 4, 7)]
37 -> costo: 85391.4, rotte: {3: [(1, 2), (2, 5), (5, 10), (10, 9)], 4: [(1, 4), (4, 3), (3, 6), (6, 11), (11, 14)], 2: [(1, 17), (17, 16), (16, 15), (15, 12), (12, 13), (13, 4), (4, 7), (7, 8)]}, padri: [28], figli: [], mosse: [(2, 4, 13, 4, 8)]
38 -> costo: 85391.4, rotte: {3: [(1, 2), (2, 5), (5, 10), (10, 9)], 4: [(1, 4), (4, 3), (3, 6), (6, 11), (11, 14)], 2: [(1, 17), (17, 16), (16, 15), (15, 12), (12, 13), (13, 4), (4, 7), (7, 8)]}, padri: [28], figli: [], mosse: [(2, 4, 13, 4, 9)]
39 -> costo: 85391.4, rotte: {3: [(1, 2), (2, 5), (5, 10), (10, 9)], 4: [(1, 4), (4, 3), (3, 6), (6, 11), (11, 14)], 2: [(1, 17), (17, 16), (16, 15), (15, 12), (12, 13), (13, 4), (4, 7), (7, 8)]}, padri: [28], figli: [], mosse: [(2, 4, 13, 4, 10)]
40 -> costo: 85391.4, rotte: {3: [(1, 2), (2, 5), (5, 10), (10, 9)], 4: [(1, 4), (4, 3), (3, 6), (6, 11), (11, 14)], 2: [(1, 17), (17, 16), (16, 15), (15, 12), (12, 13), (13, 4), (4, 7), (7, 8)]}, padri: [28], figli: [], mosse: [(2, 4, 13, 4, 11)]
41 -> costo: 85391.4, rotte: {3: [(1, 2), (2, 5), (5, 10), (10, 9)], 4: [(1, 4), (4, 3), (3, 6), (6, 11), (11, 14)], 2: [(1, 17), (17, 16), (16, 15), (15, 12), (12, 13), (13, 4), (4, 7), (7, 8)]}, padri: [28], figli: [], mosse: [(2, 4, 13, 4, 12)]
42 -> costo: 86826.9, rotte: {3: [(1, 2), (2, 5), (5, 10), (10, 9)], 4: [(1, 3), (3, 4), (4, 6), (6, 11), (11, 14)], 2: [(1, 17), (17, 16), (16, 15), (15, 12), (12, 13), (13, 7), (7, 8), (8, 9)]}, padri: [7], figli: [14], mosse: [(4, 4, 4, 6, 15)]
bestSolutionIndice: 15
15 -> costo: 85344.4, rotte: {3: [(1, 2), (2, 5), (5, 10), (10, 9)], 4: [(1, 4), (4, 6), (6, 11), (11, 14)], 2: [(1, 17), (17, 16), (16, 15), (15, 12), (12, 13), (13, 3), (3, 7), (7, 8)]}, padri: [14], figli: [], mosse: [(2, 4, 13, 3, 12)]
trasportoPalletDiGamma: {3: [(2, 11), (5, 14), (10, 19), (9, 18)], 4: [(4, 13), (6, 15), (11, 20), (14, 3)], 2: [(17, 6), (16, 5), (15, 4), (12, 1), (13, 2), (3, 12), (7, 16), (8, 17)]}
itMosseLS: 59, itMosseTS: 50
time elapsed: 1395.09s.


##########################################################################################
s: 1
dictSolutions[1]:
0 -> costo: 165234.09999999998, rotte: {4: [(1, 2), (2, 5), (5, 17), (17, 9), (9, 15), (15, 7)], 2: [(1, 8), (8, 6), (6, 14), (14, 4), (4, 13), (13, 7)], 3: [(1, 3), (3, 12), (12, 10), (10, 11), (11, 16)]}, padri: [-1], figli: [1], mosse: [-1]
1 -> costo: 136598.9, rotte: {4: [(1, 2), (2, 5), (5, 17), (17, 15), (15, 7), (7, 9)], 2: [(1, 8), (8, 6), (6, 14), (14, 4), (4, 13), (13, 7)], 3: [(1, 3), (3, 12), (12, 10), (10, 11), (11, 16)]}, padri: [0], figli: [2], mosse: [(4, 4, 7, 9, 18)]
2 -> costo: 123679.6, rotte: {4: [(1, 2), (2, 5), (5, 17), (17, 15), (15, 7), (7, 9)], 2: [(1, 8), (8, 6), (6, 14), (14, 13), (13, 4), (4, 7)], 3: [(1, 3), (3, 12), (12, 10), (10, 11), (11, 16)]}, padri: [1], figli: [3], mosse: [(2, 2, 13, 4, 13)]
3 -> costo: 112842.6, rotte: {4: [(1, 2), (2, 5), (5, 17), (17, 15), (15, 7), (7, 9)], 2: [(1, 8), (8, 6), (6, 14), (14, 13), (13, 4), (4, 7)], 3: [(1, 3), (3, 10), (10, 11), (11, 12), (12, 16)]}, padri: [2], figli: [4], mosse: [(3, 3, 11, 12, 1)]
4 -> costo: 110499.8, rotte: {4: [(1, 2), (2, 5), (5, 17), (17, 15), (15, 7), (7, 9)], 2: [(1, 8), (8, 14), (14, 13), (13, 4), (4, 7), (7, 6)], 3: [(1, 3), (3, 10), (10, 11), (11, 12), (12, 16)]}, padri: [3], figli: [5], mosse: [(2, 2, 7, 6, 15)]
5 -> costo: 107494.59999999999, rotte: {4: [(1, 2), (2, 5), (5, 17), (17, 15), (15, 7), (7, 9)], 2: [(1, 14), (14, 13), (13, 4), (4, 7), (7, 6), (6, 8)], 3: [(1, 3), (3, 10), (10, 11), (11, 12), (12, 16)]}, padri: [4], figli: [6], mosse: [(2, 2, 6, 8, 17)]
6 -> costo: 105448.8, rotte: {4: [(1, 2), (2, 17), (17, 15), (15, 5), (5, 7), (7, 9)], 2: [(1, 14), (14, 13), (13, 4), (4, 7), (7, 6), (6, 8)], 3: [(1, 3), (3, 10), (10, 11), (11, 12), (12, 16)]}, padri: [5], figli: [7], mosse: [(4, 4, 15, 5, 14)]
7 -> costo: 99487.2, rotte: {4: [(1, 17), (17, 15), (15, 2), (2, 5), (5, 7), (7, 9)], 2: [(1, 14), (14, 13), (13, 4), (4, 7), (7, 6), (6, 8)], 3: [(1, 3), (3, 10), (10, 11), (11, 12), (12, 16)]}, padri: [6], figli: [8], mosse: [(4, 4, 15, 2, 11)]
8 -> costo: 98746.2, rotte: {4: [(1, 15), (15, 2), (2, 5), (5, 7), (7, 9)], 2: [(1, 14), (14, 13), (13, 4), (4, 7), (7, 6), (6, 8)], 3: [(1, 3), (3, 10), (10, 11), (11, 12), (12, 17), (17, 16)]}, padri: [7], figli: [9, 10, 11, 12], mosse: [(3, 4, 12, 17, 6)]
9 -> costo: 93936.79999999999, rotte: {4: [(1, 2), (2, 5), (5, 7), (7, 9)], 2: [(1, 14), (14, 13), (13, 4), (4, 7), (7, 6), (6, 8), (8, 15)], 3: [(1, 3), (3, 10), (10, 11), (11, 12), (12, 17), (17, 16)]}, padri: [8, 11, 13], figli: [], mosse: [(2, 4, 8, 15, 4), (2, 2, 8, 15, 4), (2, 2, 14, 13, 2)]
10 -> costo: 94275.4, rotte: {4: [(1, 2), (2, 5), (5, 7), (7, 9), (9, 15)], 2: [(1, 14), (14, 13), (13, 4), (4, 7), (7, 6), (6, 8)], 3: [(1, 3), (3, 10), (10, 11), (11, 12), (12, 17), (17, 16)]}, padri: [8, 11], figli: [], mosse: [(4, 4, 9, 15, 4), (4, 2, 9, 15, 4)]
11 -> costo: 94708.2, rotte: {4: [(1, 2), (2, 5), (5, 7), (7, 9)], 2: [(1, 15), (15, 14), (14, 13), (13, 4), (4, 7), (7, 6), (6, 8)], 3: [(1, 3), (3, 10), (10, 11), (11, 12), (12, 17), (17, 16)]}, padri: [8], figli: [9, 10, 12], mosse: [(2, 4, 1, 15, 4)]
12 -> costo: 94503.0, rotte: {4: [(1, 2), (2, 5), (5, 7), (7, 9)], 2: [(1, 15), (15, 13), (13, 14), (14, 4), (4, 7), (7, 6), (6, 8)], 3: [(1, 3), (3, 10), (10, 11), (11, 12), (12, 17), (17, 16)]}, padri: [11], figli: [13, 19], mosse: [(2, 2, 13, 14, 3)]
13 -> costo: 93936.8, rotte: {4: [(1, 2), (2, 5), (5, 7), (7, 9)], 2: [(1, 13), (13, 14), (14, 4), (4, 7), (7, 6), (6, 8), (8, 15)], 3: [(1, 3), (3, 10), (10, 11), (11, 12), (12, 17), (17, 16)]}, padri: [12], figli: [14, 9], mosse: [(2, 2, 8, 15, 4)]
14 -> costo: 93760.8, rotte: {4: [(1, 2), (2, 5), (5, 7), (7, 9)], 2: [(1, 14), (14, 4), (4, 7), (7, 6), (6, 8), (8, 15)], 3: [(1, 3), (3, 10), (10, 13), (13, 11), (11, 12), (12, 17), (17, 16)]}, padri: [13], figli: [15, 16], mosse: [(3, 2, 10, 13, 2)]
15 -> costo: 87683.70000000001, rotte: {4: [(1, 2), (2, 5), (5, 7), (7, 9)], 2: [(1, 4), (4, 7), (7, 6), (6, 8), (8, 14), (14, 15)], 3: [(1, 3), (3, 10), (10, 13), (13, 11), (11, 12), (12, 17), (17, 16)]}, padri: [14], figli: [], mosse: [(2, 2, 8, 14, 3)]
16 -> costo: 90990.6, rotte: {4: [(1, 2), (2, 5), (5, 7), (7, 9), (9, 14)], 2: [(1, 4), (4, 7), (7, 6), (6, 8), (8, 15)], 3: [(1, 3), (3, 10), (10, 13), (13, 11), (11, 12), (12, 17), (17, 16)]}, padri: [14], figli: [17, 18], mosse: [(4, 2, 9, 14, 3)]
17 -> costo: 90529.30000000002, rotte: {4: [(1, 2), (2, 5), (5, 7), (7, 9), (9, 14)], 2: [(1, 3), (3, 4), (4, 7), (7, 6), (6, 8), (8, 15)], 3: [(1, 10), (10, 13), (13, 11), (11, 12), (12, 17), (17, 16)]}, padri: [16, 18], figli: [], mosse: [(2, 3, 1, 3, 12), (2, 2, 3, 4, 13)]
18 -> costo: 90597.20000000001, rotte: {4: [(1, 2), (2, 5), (5, 7), (7, 9), (9, 14)], 2: [(1, 4), (4, 3), (3, 7), (7, 6), (6, 8), (8, 15)], 3: [(1, 10), (10, 13), (13, 11), (11, 12), (12, 17), (17, 16)]}, padri: [16], figli: [17], mosse: [(2, 3, 4, 3, 12)]
19 -> costo: 94275.4, rotte: {4: [(1, 2), (2, 5), (5, 7), (7, 9), (9, 15)], 2: [(1, 13), (13, 14), (14, 4), (4, 7), (7, 6), (6, 8)], 3: [(1, 3), (3, 10), (10, 11), (11, 12), (12, 17), (17, 16)]}, padri: [12], figli: [20], mosse: [(4, 2, 9, 15, 4)]
20 -> costo: 94099.40000000001, rotte: {4: [(1, 2), (2, 5), (5, 7), (7, 9), (9, 15)], 2: [(1, 14), (14, 4), (4, 7), (7, 6), (6, 8)], 3: [(1, 3), (3, 10), (10, 13), (13, 11), (11, 12), (12, 17), (17, 16)]}, padri: [19], figli: [21, 24, 28], mosse: [(3, 2, 10, 13, 2)]
21 -> costo: 88022.3, rotte: {4: [(1, 2), (2, 5), (5, 7), (7, 9), (9, 14), (14, 15)], 2: [(1, 4), (4, 7), (7, 6), (6, 8)], 3: [(1, 3), (3, 10), (10, 13), (13, 11), (11, 12), (12, 17), (17, 16)]}, padri: [20], figli: [22, 23], mosse: [(4, 2, 9, 14, 3)]
22 -> costo: 87561.00000000001, rotte: {4: [(1, 2), (2, 5), (5, 7), (7, 9), (9, 14), (14, 15)], 2: [(1, 3), (3, 4), (4, 7), (7, 6), (6, 8)], 3: [(1, 10), (10, 13), (13, 11), (11, 12), (12, 17), (17, 16)]}, padri: [21, 23], figli: [], mosse: [(2, 3, 1, 3, 12), (2, 2, 3, 4, 13)]
23 -> costo: 87628.90000000001, rotte: {4: [(1, 2), (2, 5), (5, 7), (7, 9), (9, 14), (14, 15)], 2: [(1, 4), (4, 3), (3, 7), (7, 6), (6, 8)], 3: [(1, 10), (10, 13), (13, 11), (11, 12), (12, 17), (17, 16)]}, padri: [21], figli: [22], mosse: [(2, 3, 4, 3, 12)]
24 -> costo: 90990.6, rotte: {4: [(1, 2), (2, 5), (5, 7), (7, 9), (9, 15)], 2: [(1, 4), (4, 7), (7, 6), (6, 8), (8, 14)], 3: [(1, 3), (3, 10), (10, 13), (13, 11), (11, 12), (12, 17), (17, 16)]}, padri: [20], figli: [25, 26], mosse: [(2, 2, 8, 14, 3)]
25 -> costo: 90529.30000000002, rotte: {4: [(1, 2), (2, 5), (5, 7), (7, 9), (9, 15)], 2: [(1, 3), (3, 4), (4, 7), (7, 6), (6, 8), (8, 14)], 3: [(1, 10), (10, 13), (13, 11), (11, 12), (12, 17), (17, 16)]}, padri: [24], figli: [], mosse: [(2, 3, 1, 3, 12)]
26 -> costo: 90597.20000000001, rotte: {4: [(1, 2), (2, 5), (5, 7), (7, 9), (9, 15)], 2: [(1, 4), (4, 3), (3, 7), (7, 6), (6, 8), (8, 14)], 3: [(1, 10), (10, 13), (13, 11), (11, 12), (12, 17), (17, 16)]}, padri: [24], figli: [27], mosse: [(2, 3, 4, 3, 12)]
27 -> costo: 90529.30000000002, rotte: {4: [(1, 2), (2, 5), (5, 7), (7, 9), (9, 15)], 2: [(1, 3), (3, 4), (4, 7), (7, 6), (6, 8), (8, 14)], 3: [(1, 10), (10, 13), (13, 11), (11, 12), (12, 17), (17, 16)]}, padri: [26], figli: [], mosse: [(2, 2, 3, 4, 13)]
28 -> costo: 93638.1, rotte: {4: [(1, 2), (2, 5), (5, 7), (7, 9), (9, 15)], 2: [(1, 14), (14, 3), (3, 4), (4, 7), (7, 6), (6, 8)], 3: [(1, 10), (10, 13), (13, 11), (11, 12), (12, 17), (17, 16)]}, padri: [20], figli: [29, 30, 31, 32, 33, 34, 43], mosse: [(2, 3, 14, 3, 12)]
29 -> costo: 84181.4, rotte: {4: [(1, 2), (2, 5), (5, 7), (7, 9), (9, 15)], 2: [(1, 3), (3, 4), (4, 7), (7, 6), (6, 8)], 3: [(1, 10), (10, 13), (13, 14), (14, 11), (11, 12), (12, 17), (17, 16)]}, padri: [28, 30, 32, 34], figli: [], mosse: [(3, 2, 13, 14, 3), (3, 3, 13, 14, 3), (3, 3, 14, 11, 20), (3, 3, 11, 12, 1)]
30 -> costo: 84277.09999999999, rotte: {4: [(1, 2), (2, 5), (5, 7), (7, 9), (9, 15)], 2: [(1, 3), (3, 4), (4, 7), (7, 6), (6, 8)], 3: [(1, 10), (10, 14), (14, 13), (13, 11), (11, 12), (12, 17), (17, 16)]}, padri: [28, 37, 42, 43], figli: [29, 31], mosse: [(3, 2, 10, 14, 3), (3, 3, 13, 11, 20), (3, 3, 11, 12, 1), (3, 3, 11, 12, 1)]
31 -> costo: 84250.19999999998, rotte: {4: [(1, 2), (2, 5), (5, 7), (7, 9), (9, 15)], 2: [(1, 3), (3, 4), (4, 7), (7, 6), (6, 8)], 3: [(1, 10), (10, 14), (14, 11), (11, 13), (13, 12), (12, 17), (17, 16)]}, padri: [30, 37, 40, 41], figli: [], mosse: [(3, 3, 11, 13, 2), (3, 3, 14, 11, 20), (3, 3, 13, 12, 1), (3, 3, 13, 12, 1)]
32 -> costo: 84322.0, rotte: {4: [(1, 2), (2, 5), (5, 7), (7, 9), (9, 15)], 2: [(1, 3), (3, 4), (4, 7), (7, 6), (6, 8)], 3: [(1, 10), (10, 13), (13, 11), (11, 14), (14, 12), (12, 17), (17, 16)]}, padri: [28, 33, 35], figli: [29], mosse: [(3, 2, 11, 14, 3), (3, 3, 14, 12, 1), (3, 3, 14, 12, 1)]
33 -> costo: 84785.3, rotte: {4: [(1, 2), (2, 5), (5, 7), (7, 9), (9, 15)], 2: [(1, 3), (3, 4), (4, 7), (7, 6), (6, 8)], 3: [(1, 10), (10, 13), (13, 11), (11, 12), (12, 14), (14, 17), (17, 16)]}, padri: [28], figli: [32, 34, 35, 36], mosse: [(3, 2, 12, 14, 3)]
34 -> costo: 84617.09999999999, rotte: {4: [(1, 2), (2, 5), (5, 7), (7, 9), (9, 15)], 2: [(1, 3), (3, 4), (4, 7), (7, 6), (6, 8)], 3: [(1, 10), (10, 13), (13, 12), (12, 14), (14, 11), (11, 17), (17, 16)]}, padri: [33, 35], figli: [29], mosse: [(3, 3, 14, 11, 20), (3, 3, 14, 11, 20)]
35 -> costo: 84617.1, rotte: {4: [(1, 2), (2, 5), (5, 7), (7, 9), (9, 15)], 2: [(1, 3), (3, 4), (4, 7), (7, 6), (6, 8)], 3: [(1, 10), (10, 13), (13, 12), (12, 11), (11, 14), (14, 17), (17, 16)]}, padri: [33], figli: [32, 34], mosse: [(3, 3, 12, 11, 20)]
36 -> costo: 84756.09999999999, rotte: {4: [(1, 2), (2, 5), (5, 7), (7, 9), (9, 15)], 2: [(1, 3), (3, 4), (4, 7), (7, 6), (6, 8)], 3: [(1, 10), (10, 11), (11, 12), (12, 14), (14, 13), (13, 17), (17, 16)]}, padri: [33], figli: [37, 38, 39, 41], mosse: [(3, 3, 14, 13, 2)]
37 -> costo: 84425.49999999999, rotte: {4: [(1, 2), (2, 5), (5, 7), (7, 9), (9, 15)], 2: [(1, 3), (3, 4), (4, 7), (7, 6), (6, 8)], 3: [(1, 10), (10, 11), (11, 14), (14, 13), (13, 12), (12, 17), (17, 16)]}, padri: [36, 38, 39], figli: [31, 30, 43], mosse: [(3, 3, 13, 12, 1), (3, 3, 13, 12, 1), (3, 3, 13, 12, 1)]
38 -> costo: 84636.3, rotte: {4: [(1, 2), (2, 5), (5, 7), (7, 9), (9, 15)], 2: [(1, 3), (3, 4), (4, 7), (7, 6), (6, 8)], 3: [(1, 10), (10, 12), (12, 11), (11, 14), (14, 13), (13, 17), (17, 16)]}, padri: [36], figli: [37, 41], mosse: [(3, 3, 12, 11, 20)]
39 -> costo: 84729.2, rotte: {4: [(1, 2), (2, 5), (5, 7), (7, 9), (9, 15)], 2: [(1, 3), (3, 4), (4, 7), (7, 6), (6, 8)], 3: [(1, 10), (10, 11), (11, 14), (14, 12), (12, 13), (13, 17), (17, 16)]}, padri: [36], figli: [40, 37, 41, 42], mosse: [(3, 3, 14, 12, 1)]
40 -> costo: 84412.59999999999, rotte: {4: [(1, 2), (2, 5), (5, 7), (7, 9), (9, 15)], 2: [(1, 3), (3, 4), (4, 7), (7, 6), (6, 8)], 3: [(1, 10), (10, 14), (14, 11), (11, 12), (12, 13), (13, 17), (17, 16)]}, padri: [39, 41], figli: [31], mosse: [(3, 3, 14, 11, 20), (3, 3, 11, 12, 1)]
41 -> costo: 84580.8, rotte: {4: [(1, 2), (2, 5), (5, 7), (7, 9), (9, 15)], 2: [(1, 3), (3, 4), (4, 7), (7, 6), (6, 8)], 3: [(1, 10), (10, 14), (14, 12), (12, 11), (11, 13), (13, 17), (17, 16)]}, padri: [39, 42], figli: [31, 40], mosse: [(3, 3, 12, 11, 20), (3, 3, 11, 13, 2)]
42 -> costo: 84713.5, rotte: {4: [(1, 2), (2, 5), (5, 7), (7, 9), (9, 15)], 2: [(1, 3), (3, 4), (4, 7), (7, 6), (6, 8)], 3: [(1, 10), (10, 14), (14, 12), (12, 13), (13, 11), (11, 17), (17, 16)]}, padri: [39], figli: [30, 43, 41], mosse: [(3, 3, 13, 11, 20)]
43 -> costo: 84572.2, rotte: {4: [(1, 2), (2, 5), (5, 7), (7, 9), (9, 15)], 2: [(1, 3), (3, 4), (4, 7), (7, 6), (6, 8)], 3: [(1, 10), (10, 14), (14, 13), (13, 12), (12, 11), (11, 17), (17, 16)]}, padri: [42], figli: [30], mosse: [(3, 3, 13, 12, 1)]
bestSolutionIndice: 29
29 -> costo: 84181.4, rotte: {4: [(1, 2), (2, 5), (5, 7), (7, 9), (9, 15)], 2: [(1, 3), (3, 4), (4, 7), (7, 6), (6, 8)], 3: [(1, 10), (10, 13), (13, 14), (14, 11), (11, 12), (12, 17), (17, 16)]}, padri: [28, 30, 32, 34], figli: [], mosse: [(3, 2, 13, 14, 3), (3, 3, 13, 14, 3), (3, 3, 14, 11, 20), (3, 3, 11, 12, 1)]
trasportoPalletDiGamma: {4: [(2, 11), (5, 14), (7, 12), (9, 18), (15, 4)], 2: [(3, 12), (4, 13), (7, 4), (6, 15), (8, 17)], 3: [(10, 19), (13, 2), (14, 3), (11, 20), (12, 1), (17, 6), (16, 5)]}
itMosseLS: 64, itMosseTS: 50
time elapsed: 751.60s.


##########################################################################################
s: 1
dictSolutions[1]:
0 -> costo: 154908.7, rotte: {2: [(1, 17), (17, 12), (12, 9), (9, 5), (5, 13), (13, 8)], 3: [(1, 2), (2, 16), (16, 4), (4, 7), (7, 3)], 4: [(1, 11), (11, 10), (10, 15), (15, 14), (14, 6)]}, padri: [-1], figli: [1], mosse: [-1]
1 -> costo: 139224.09999999998, rotte: {2: [(1, 12), (12, 9), (9, 5), (5, 13), (13, 8)], 3: [(1, 2), (2, 17), (17, 16), (16, 4), (4, 7), (7, 3)], 4: [(1, 11), (11, 10), (10, 15), (15, 14), (14, 6)]}, padri: [0], figli: [2], mosse: [(3, 2, 2, 17, 6)]
2 -> costo: 130535.29999999999, rotte: {2: [(1, 12), (12, 9), (9, 5), (5, 13), (13, 8)], 3: [(1, 2), (2, 17), (17, 16), (16, 4), (4, 7), (7, 3)], 4: [(1, 10), (10, 15), (15, 11), (11, 14), (14, 6)]}, padri: [1], figli: [3], mosse: [(4, 4, 15, 11, 20)]
3 -> costo: 122531.09999999999, rotte: {2: [(1, 9), (9, 5), (5, 13), (13, 8)], 3: [(1, 2), (2, 17), (17, 16), (16, 4), (4, 7), (7, 3)], 4: [(1, 10), (10, 15), (15, 12), (12, 11), (11, 14), (14, 6)]}, padri: [2], figli: [4], mosse: [(4, 2, 15, 12, 1)]
4 -> costo: 115429.4, rotte: {2: [(1, 9), (9, 5), (5, 13), (13, 8)], 3: [(1, 2), (2, 17), (17, 16), (16, 4), (4, 7), (7, 3)], 4: [(1, 10), (10, 12), (12, 11), (11, 14), (14, 6), (6, 15)]}, padri: [3], figli: [5], mosse: [(4, 4, 6, 15, 4)]
5 -> costo: 109324.8, rotte: {2: [(1, 8), (8, 9), (9, 5), (5, 13)], 3: [(1, 2), (2, 17), (17, 16), (16, 4), (4, 7), (7, 3)], 4: [(1, 10), (10, 12), (12, 11), (11, 14), (14, 6), (6, 15)]}, padri: [4], figli: [6, 9, 12, 15], mosse: [(2, 2, 1, 8, 17)]
6 -> costo: 103369.9, rotte: {2: [(1, 8), (8, 9), (9, 5), (5, 13)], 3: [(1, 17), (17, 16), (16, 2), (2, 4), (4, 7), (7, 3)], 4: [(1, 10), (10, 12), (12, 11), (11, 14), (14, 6), (6, 15)]}, padri: [5, 9], figli: [7, 8], mosse: [(3, 3, 16, 2, 11), (3, 3, 16, 2, 11)]
7 -> costo: 101390.1, rotte: {2: [(1, 8), (8, 9), (9, 5), (5, 13)], 3: [(1, 17), (17, 16), (16, 2), (2, 4), (4, 7), (7, 3)], 4: [(1, 12), (12, 11), (11, 14), (14, 10), (10, 6), (6, 15)]}, padri: [6, 8, 10, 16], figli: [], mosse: [(4, 4, 14, 10, 19), (4, 4, 10, 6, 15), (3, 3, 16, 2, 11), (3, 2, 16, 2, 11)]
8 -> costo: 102188.3, rotte: {2: [(1, 8), (8, 9), (9, 5), (5, 13)], 3: [(1, 17), (17, 16), (16, 2), (2, 4), (4, 7), (7, 3)], 4: [(1, 12), (12, 11), (11, 14), (14, 6), (6, 10), (10, 15)]}, padri: [6, 11], figli: [7], mosse: [(4, 4, 6, 10, 19), (3, 3, 16, 2, 11)]
9 -> costo: 103517.2, rotte: {2: [(1, 8), (8, 9), (9, 5), (5, 13)], 3: [(1, 17), (17, 16), (16, 4), (4, 7), (7, 3), (3, 2)], 4: [(1, 10), (10, 12), (12, 11), (11, 14), (14, 6), (6, 15)]}, padri: [5], figli: [10, 11, 6], mosse: [(3, 3, 3, 2, 11)]
10 -> costo: 101537.4, rotte: {2: [(1, 8), (8, 9), (9, 5), (5, 13)], 3: [(1, 17), (17, 16), (16, 4), (4, 7), (7, 3), (3, 2)], 4: [(1, 12), (12, 11), (11, 14), (14, 10), (10, 6), (6, 15)]}, padri: [9, 11, 16], figli: [7], mosse: [(4, 4, 14, 10, 19), (4, 4, 10, 6, 15), (3, 2, 3, 2, 11)]
11 -> costo: 102335.59999999999, rotte: {2: [(1, 8), (8, 9), (9, 5), (5, 13)], 3: [(1, 17), (17, 16), (16, 4), (4, 7), (7, 3), (3, 2)], 4: [(1, 12), (12, 11), (11, 14), (14, 6), (6, 10), (10, 15)]}, padri: [9], figli: [10, 8], mosse: [(4, 4, 6, 10, 19)]
12 -> costo: 103549.0, rotte: {2: [(1, 8), (8, 9), (9, 5), (5, 2), (2, 13)], 3: [(1, 17), (17, 16), (16, 4), (4, 7), (7, 3)], 4: [(1, 10), (10, 12), (12, 11), (11, 14), (14, 6), (6, 15)]}, padri: [5], figli: [13, 14], mosse: [(2, 3, 5, 2, 11)]
13 -> costo: 101569.20000000001, rotte: {2: [(1, 8), (8, 9), (9, 5), (5, 2), (2, 13)], 3: [(1, 17), (17, 16), (16, 4), (4, 7), (7, 3)], 4: [(1, 12), (12, 11), (11, 14), (14, 10), (10, 6), (6, 15)]}, padri: [12, 14, 16], figli: [], mosse: [(4, 4, 14, 10, 19), (4, 4, 10, 6, 15), (2, 2, 5, 2, 11)]
14 -> costo: 102367.40000000001, rotte: {2: [(1, 8), (8, 9), (9, 5), (5, 2), (2, 13)], 3: [(1, 17), (17, 16), (16, 4), (4, 7), (7, 3)], 4: [(1, 12), (12, 11), (11, 14), (14, 6), (6, 10), (10, 15)]}, padri: [12], figli: [13], mosse: [(4, 4, 6, 10, 19)]
15 -> costo: 103672.3, rotte: {2: [(1, 2), (2, 8), (8, 9), (9, 5), (5, 13)], 3: [(1, 17), (17, 16), (16, 4), (4, 7), (7, 3)], 4: [(1, 10), (10, 12), (12, 11), (11, 14), (14, 6), (6, 15)]}, padri: [5], figli: [16], mosse: [(2, 3, 1, 2, 11)]
16 -> costo: 101692.5, rotte: {2: [(1, 2), (2, 8), (8, 9), (9, 5), (5, 13)], 3: [(1, 17), (17, 16), (16, 4), (4, 7), (7, 3)], 4: [(1, 12), (12, 11), (11, 14), (14, 10), (10, 6), (6, 15)]}, padri: [15], figli: [7, 10, 13], mosse: [(4, 4, 14, 10, 19)]
bestSolutionIndice: 7
7 -> costo: 101390.1, rotte: {2: [(1, 8), (8, 9), (9, 5), (5, 13)], 3: [(1, 17), (17, 16), (16, 2), (2, 4), (4, 7), (7, 3)], 4: [(1, 12), (12, 11), (11, 14), (14, 10), (10, 6), (6, 15)]}, padri: [6, 8, 10, 16], figli: [], mosse: [(4, 4, 14, 10, 19), (4, 4, 10, 6, 15), (3, 3, 16, 2, 11), (3, 2, 16, 2, 11)]
trasportoPalletDiGamma: {2: [(8, 17), (9, 18), (5, 14), (13, 2)], 3: [(17, 6), (16, 5), (2, 11), (4, 13), (7, 16), (3, 12)], 4: [(12, 1), (11, 20), (14, 3), (10, 19), (6, 15), (15, 4)]}
itMosseLS: 25, itMosseTS: 19
time elapsed: 386.27s.


##########################################################################################
##########################################################################################
##########################################################################################
##########################################################################################
##########################################################################################
##########################################################################################
