itNSIMax: 25, itMosseTSMax: 25.
##########################################################################################
s: 1, itNSI: 1.
soluzione iniziale: 0
0 -> 
costo: 125028.0, 
rotte: {2: [(1, 5), (5, 4), (4, 14), (14, 11), (11, 8)], 4: [(1, 10), (10, 7), (7, 6), (6, 12), (12, 3), (3, 2)], 3: [(1, 15), (15, 13), (13, 17), (17, 16), (16, 9), (9, 8), (8, 2)]}
trasportoPalletDiGamma: {2: [(5, 14), (4, 13), (14, 3), (11, 20), (8, 15)], 4: [(10, 19), (7, 16), (6, 15), (12, 1), (3, 12), (2, 2)], 3: [(15, 4), (13, 2), (17, 6), (16, 5), (9, 18), (8, 2), (2, 9)]}
bestSolutionIndice: 7
7 -> 
costo: 90153.5, 
rotte: {2: [(1, 5), (5, 4), (4, 11), (11, 14)], 4: [(1, 7), (7, 6), (6, 3), (3, 2), (2, 10), (10, 12)], 3: [(1, 15), (15, 17), (17, 16), (16, 13), (13, 2), (2, 8), (8, 9)]}
trasportoPalletDiGamma: {2: [(5, 14), (4, 13), (11, 20), (14, 3)], 4: [(7, 16), (6, 15), (3, 12), (2, 2), (10, 19), (12, 1)], 3: [(15, 4), (17, 6), (16, 5), (13, 2), (2, 9), (8, 17), (9, 18)]}
itMosseLS: 31, itMosseTS: 25
numero di soluzioni totali trovati: 14.
time elapsed: 876.25s.


##########################################################################################
s: 1, itNSI: 2.
soluzione iniziale: 0
0 -> 
costo: 139557.0, 
rotte: {4: [(1, 11), (11, 14), (14, 2), (2, 17), (17, 3), (3, 9)], 2: [(1, 10), (10, 4), (4, 5), (5, 7), (7, 6)], 3: [(1, 15), (15, 13), (13, 12), (12, 16), (16, 8), (8, 6), (6, 9)]}
trasportoPalletDiGamma: {4: [(11, 20), (14, 3), (2, 11), (17, 6), (3, 12), (9, 13)], 2: [(10, 19), (4, 13), (5, 14), (7, 16), (6, 3)], 3: [(15, 4), (13, 2), (12, 1), (16, 5), (8, 17), (6, 12), (9, 5)]}
bestSolutionIndice: 6
6 -> 
costo: 102046.7, 
rotte: {4: [(1, 11), (11, 14), (14, 3), (3, 2), (2, 17)], 2: [(1, 4), (4, 5), (5, 7), (7, 6), (6, 10)], 3: [(1, 13), (13, 12), (12, 16), (16, 15), (15, 6), (6, 8), (8, 9)]}
trasportoPalletDiGamma: {4: [(11, 20), (14, 3), (3, 12), (2, 11), (17, 6)], 2: [(4, 13), (5, 14), (7, 16), (6, 3), (10, 19)], 3: [(13, 2), (12, 1), (16, 5), (15, 4), (6, 12), (8, 17), (9, 18)]}
itMosseLS: 31, itMosseTS: 25
numero di soluzioni totali trovati: 15.
time elapsed: 278.48s.


##########################################################################################
s: 1, itNSI: 3.
soluzione iniziale: 0
0 -> 
costo: 163854.6, 
rotte: {4: [(1, 17), (17, 4), (4, 16), (16, 6), (6, 7), (7, 9)], 3: [(1, 14), (14, 5), (5, 12), (12, 13), (13, 2), (2, 11), (11, 9)], 2: [(1, 15), (15, 8), (8, 3), (3, 10), (10, 11)]}
trasportoPalletDiGamma: {4: [(17, 6), (4, 13), (16, 5), (6, 15), (7, 16), (9, 10)], 3: [(14, 3), (5, 14), (12, 1), (13, 2), (2, 11), (11, 7), (9, 8)], 2: [(15, 4), (8, 17), (3, 12), (10, 19), (11, 13)]}
bestSolutionIndice: 9
9 -> 
costo: 101513.19999999997, 
rotte: {4: [(1, 17), (17, 16), (16, 6), (6, 7), (7, 4), (4, 9)], 3: [(1, 14), (14, 11), (11, 12), (12, 13), (13, 2), (2, 5), (5, 9)], 2: [(1, 3), (3, 8), (8, 10), (10, 15)]}
trasportoPalletDiGamma: {4: [(17, 6), (16, 5), (6, 15), (7, 16), (4, 13), (9, 10)], 3: [(14, 3), (11, 20), (12, 1), (13, 2), (2, 11), (5, 14), (9, 8)], 2: [(3, 12), (8, 17), (10, 19), (15, 4)]}
itMosseLS: 35, itMosseTS: 25
numero di soluzioni totali trovati: 25.
time elapsed: 748.08s.


##########################################################################################
s: 1, itNSI: 4.
soluzione iniziale: 0
0 -> 
costo: 152529.69999999998, 
rotte: {3: [(1, 6), (6, 7), (7, 11), (11, 2), (2, 15)], 4: [(1, 17), (17, 12), (12, 14), (14, 5), (5, 3), (3, 4)], 2: [(1, 8), (8, 13), (13, 16), (16, 9), (9, 10), (10, 15)]}
trasportoPalletDiGamma: {3: [(6, 15), (7, 16), (11, 20), (2, 11), (15, 3)], 4: [(17, 6), (12, 1), (14, 3), (5, 14), (3, 12), (4, 13)], 2: [(8, 17), (13, 2), (16, 5), (9, 18), (10, 19), (15, 1)]}
bestSolutionIndice: 22
22 -> 
costo: 95380.59999999999, 
rotte: {3: [(1, 6), (6, 7), (7, 3), (3, 11), (11, 12)], 4: [(1, 3), (3, 4), (4, 5), (5, 2), (2, 14), (14, 17)], 2: [(1, 8), (8, 9), (9, 10), (10, 13), (13, 16), (16, 15)]}
trasportoPalletDiGamma: {3: [(6, 15), (7, 16), (3, 12), (11, 20), (12, 1)], 4: [(3, 0), (4, 0), (5, 14), (2, 11), (14, 3), (17, 6)], 2: [(8, 17), (9, 18), (10, 19), (13, 2), (16, 5), (15, 4)]}
itMosseLS: 35, itMosseTS: 25
numero di soluzioni totali trovati: 23.
time elapsed: 1022.79s.


##########################################################################################
s: 1, itNSI: 5.
soluzione iniziale: 0
0 -> 
costo: 163900.40000000002, 
rotte: {2: [(1, 8), (8, 9), (9, 15), (15, 10), (10, 6)], 4: [(1, 5), (5, 13), (13, 17), (17, 2), (2, 3), (3, 14)], 3: [(1, 4), (4, 12), (12, 7), (7, 11), (11, 16), (16, 6)]}
trasportoPalletDiGamma: {2: [(8, 17), (9, 18), (15, 4), (10, 19), (6, 7)], 4: [(5, 14), (13, 2), (17, 6), (2, 11), (3, 12), (14, 3)], 3: [(4, 13), (12, 1), (7, 16), (11, 20), (16, 5), (6, 8)]}
bestSolutionIndice: 7
7 -> 
costo: 102425.49999999999, 
rotte: {2: [(1, 8), (8, 9), (9, 6), (6, 10), (10, 15)], 4: [(1, 2), (2, 5), (5, 3), (3, 14), (14, 13), (13, 17)], 3: [(1, 4), (4, 7), (7, 6), (6, 11), (11, 12), (12, 16)]}
trasportoPalletDiGamma: {2: [(8, 17), (9, 18), (6, 7), (10, 19), (15, 4)], 4: [(2, 11), (5, 14), (3, 12), (14, 3), (13, 2), (17, 6)], 3: [(4, 13), (7, 16), (6, 8), (11, 20), (12, 1), (16, 5)]}
itMosseLS: 32, itMosseTS: 25
numero di soluzioni totali trovati: 27.
time elapsed: 583.11s.


##########################################################################################
s: 1, itNSI: 6.
soluzione iniziale: 0
0 -> 
costo: 132451.50000000003, 
rotte: {4: [(1, 7), (7, 13), (13, 11), (11, 15), (15, 6), (6, 16)], 2: [(1, 5), (5, 4), (4, 17), (17, 14), (14, 12), (12, 3)], 3: [(1, 2), (2, 9), (9, 8), (8, 10)]}
trasportoPalletDiGamma: {4: [(7, 16), (13, 2), (11, 20), (15, 4), (6, 15), (16, 5)], 2: [(5, 14), (4, 13), (17, 6), (14, 3), (12, 1), (3, 12)], 3: [(2, 11), (9, 18), (8, 17), (10, 19)]}
bestSolutionIndice: 7
7 -> 
costo: 98054.99999999997, 
rotte: {4: [(1, 11), (11, 13), (13, 6), (6, 16), (16, 15)], 2: [(1, 5), (5, 7), (7, 4), (4, 12), (12, 14), (14, 3), (3, 17)], 3: [(1, 2), (2, 10), (10, 8), (8, 9)]}
trasportoPalletDiGamma: {4: [(11, 20), (13, 2), (6, 15), (16, 5), (15, 4)], 2: [(5, 14), (7, 16), (4, 13), (12, 1), (14, 3), (3, 12), (17, 6)], 3: [(2, 11), (10, 19), (8, 17), (9, 18)]}
itMosseLS: 9, itMosseTS: 3
numero di soluzioni totali trovati: 9.
time elapsed: 95.40s.


##########################################################################################
##########################################################################################
##########################################################################################
##########################################################################################
##########################################################################################
##########################################################################################
##########################################################################################
##########################################################################################
##########################################################################################
##########################################################################################
##########################################################################################
##########################################################################################
##########################################################################################
##########################################################################################
##########################################################################################
##########################################################################################
##########################################################################################
##########################################################################################
##########################################################################################
##########################################################################################
##########################################################################################
##########################################################################################
Soluzione migliore in assoluto trovata:

s: 1
itNSI: 1, 
costo: 90153.5, 
rotte: {2: [(1, 5), (5, 4), (4, 11), (11, 14)], 4: [(1, 7), (7, 6), (6, 3), (3, 2), (2, 10), (10, 12)], 3: [(1, 15), (15, 17), (17, 16), (16, 13), (13, 2), (2, 8), (8, 9)]}
trasportoPalletDiGamma: {2: [(5, 14), (4, 13), (11, 20), (14, 3)], 4: [(7, 16), (6, 15), (3, 12), (2, 2), (10, 19), (12, 1)], 3: [(15, 4), (17, 6), (16, 5), (13, 2), (2, 9), (8, 17), (9, 18)]}

Total time elapsed: 3608.30s.