itNSIMax: 5, itMosseTSMax: 75.
##########################################################################################
s: 1
dictSolutions[1]:
0 -> costo: 130896.3, rotte: {3: [(1, 12), (12, 8), (8, 10), (10, 3), (3, 9)], 2: [(1, 17), (17, 15), (15, 6), (6, 4), (4, 11), (11, 7)], 4: [(1, 16), (16, 14), (14, 13), (13, 2), (2, 5), (5, 9), (9, 7)]}, padri: [-1], figli: [1], mosse: [-1]
1 -> costo: 122892.09999999998, rotte: {3: [(1, 8), (8, 10), (10, 3), (3, 9)], 2: [(1, 17), (17, 15), (15, 6), (6, 4), (4, 11), (11, 7)], 4: [(1, 16), (16, 12), (12, 14), (14, 13), (13, 2), (2, 5), (5, 9), (9, 7)]}, padri: [0], figli: [2], mosse: [(4, 3, 16, 12, 1)]
2 -> costo: 117247.39999999997, rotte: {3: [(1, 8), (8, 10), (10, 3), (3, 9)], 2: [(1, 17), (17, 15), (15, 6), (6, 4), (4, 7), (7, 11)], 4: [(1, 16), (16, 12), (12, 14), (14, 13), (13, 2), (2, 5), (5, 9), (9, 7)]}, padri: [1], figli: [3], mosse: [(2, 2, 11, 7)]
3 -> costo: 112080.39999999997, rotte: {3: [(1, 10), (10, 3), (3, 8), (8, 9)], 2: [(1, 17), (17, 15), (15, 6), (6, 4), (4, 7), (7, 11)], 4: [(1, 16), (16, 12), (12, 14), (14, 13), (13, 2), (2, 5), (5, 9), (9, 7)]}, padri: [2], figli: [4], mosse: [(3, 3, 3, 8, 17)]
4 -> costo: 108608.39999999997, rotte: {3: [(1, 10), (10, 3), (3, 8), (8, 9)], 2: [(1, 17), (17, 15), (15, 6), (6, 4), (4, 7), (7, 11)], 4: [(1, 16), (16, 12), (12, 14), (14, 13), (13, 2), (2, 5), (5, 7), (7, 9)]}, padri: [3], figli: [5], mosse: [(4, 4, 9, 7)]
5 -> costo: 106192.09999999998, rotte: {3: [(1, 10), (10, 3), (3, 8), (8, 9)], 2: [(1, 17), (17, 15), (15, 11), (11, 6), (6, 4), (4, 7)], 4: [(1, 16), (16, 12), (12, 14), (14, 13), (13, 2), (2, 5), (5, 7), (7, 9)]}, padri: [4], figli: [6], mosse: [(2, 2, 15, 11, 20)]
6 -> costo: 105349.19999999998, rotte: {3: [(1, 10), (10, 3), (3, 8), (8, 9)], 2: [(1, 17), (17, 15), (15, 11), (11, 6), (6, 7), (7, 4)], 4: [(1, 16), (16, 12), (12, 14), (14, 13), (13, 2), (2, 5), (5, 7), (7, 9)]}, padri: [5], figli: [7], mosse: [(2, 2, 4, 7)]
7 -> costo: 104512.59999999998, rotte: {3: [(1, 3), (3, 10), (10, 8), (8, 9)], 2: [(1, 17), (17, 15), (15, 11), (11, 6), (6, 7), (7, 4)], 4: [(1, 16), (16, 12), (12, 14), (14, 13), (13, 2), (2, 5), (5, 7), (7, 9)]}, padri: [6], figli: [8], mosse: [(3, 3, 3, 10, 19)]
8 -> costo: 103771.59999999998, rotte: {3: [(1, 3), (3, 10), (10, 8), (8, 9)], 2: [(1, 15), (15, 11), (11, 6), (6, 7), (7, 4)], 4: [(1, 17), (17, 16), (16, 12), (12, 14), (14, 13), (13, 2), (2, 5), (5, 7), (7, 9)]}, padri: [7], figli: [9, 13, 17, 23, 28, 31], mosse: [(4, 2, 1, 17, 6)]
9 -> costo: 88484.49999999999, rotte: {3: [(1, 3), (3, 10), (10, 8), (8, 9)], 2: [(1, 11), (11, 6), (6, 7), (7, 4)], 4: [(1, 15), (15, 17), (17, 16), (16, 12), (12, 14), (14, 13), (13, 2), (2, 5), (5, 7), (7, 9)]}, padri: [8, 17], figli: [10, 12, 19, 21, 29], mosse: [(4, 2, 1, 15, 4), (4, 4, 15, 17, 6)]
10 -> costo: 85615.29999999999, rotte: {3: [(1, 3), (3, 10), (10, 8), (8, 9)], 2: [(1, 6), (6, 7), (7, 4), (4, 11)], 4: [(1, 15), (15, 17), (17, 16), (16, 12), (12, 14), (14, 13), (13, 2), (2, 5), (5, 7), (7, 9)]}, padri: [9, 18], figli: [11, 22], mosse: [(2, 2, 4, 11, 20), (4, 4, 15, 17, 6)]
11 -> costo: 85543.5, rotte: {3: [(1, 3), (3, 10), (10, 8), (8, 9)], 2: [(1, 6), (6, 7), (7, 4), (4, 11)], 4: [(1, 15), (15, 17), (17, 16), (16, 12), (12, 13), (13, 14), (14, 2), (2, 5), (5, 7), (7, 9)]}, padri: [10, 12, 21], figli: [], mosse: [(4, 4, 13, 14, 3), (2, 2, 4, 11, 20), (4, 4, 15, 17, 6)]
12 -> costo: 88412.7, rotte: {3: [(1, 3), (3, 10), (10, 8), (8, 9)], 2: [(1, 11), (11, 6), (6, 7), (7, 4)], 4: [(1, 15), (15, 17), (17, 16), (16, 12), (12, 13), (13, 14), (14, 2), (2, 5), (5, 7), (7, 9)]}, padri: [9, 28], figli: [11, 22], mosse: [(4, 4, 13, 14, 3), (4, 4, 15, 17, 6)]
13 -> costo: 88484.49999999997, rotte: {3: [(1, 3), (3, 10), (10, 8), (8, 9)], 2: [(1, 11), (11, 6), (6, 7), (7, 4)], 4: [(1, 17), (17, 16), (16, 15), (15, 12), (12, 14), (14, 13), (13, 2), (2, 5), (5, 7), (7, 9)]}, padri: [8, 17], figli: [14, 16], mosse: [(4, 2, 16, 15, 4), (4, 4, 16, 15, 4)]
14 -> costo: 85615.29999999997, rotte: {3: [(1, 3), (3, 10), (10, 8), (8, 9)], 2: [(1, 6), (6, 7), (7, 4), (4, 11)], 4: [(1, 17), (17, 16), (16, 15), (15, 12), (12, 14), (14, 13), (13, 2), (2, 5), (5, 7), (7, 9)]}, padri: [13, 18], figli: [15], mosse: [(2, 2, 4, 11, 20), (4, 4, 16, 15, 4)]
15 -> costo: 85543.49999999999, rotte: {3: [(1, 3), (3, 10), (10, 8), (8, 9)], 2: [(1, 6), (6, 7), (7, 4), (4, 11)], 4: [(1, 17), (17, 16), (16, 15), (15, 12), (12, 13), (13, 14), (14, 2), (2, 5), (5, 7), (7, 9)]}, padri: [14, 16, 21], figli: [], mosse: [(4, 4, 13, 14, 3), (2, 2, 4, 11, 20), (4, 4, 16, 15, 4)]
16 -> costo: 88412.69999999998, rotte: {3: [(1, 3), (3, 10), (10, 8), (8, 9)], 2: [(1, 11), (11, 6), (6, 7), (7, 4)], 4: [(1, 17), (17, 16), (16, 15), (15, 12), (12, 13), (13, 14), (14, 2), (2, 5), (5, 7), (7, 9)]}, padri: [13, 28], figli: [15], mosse: [(4, 4, 13, 14, 3), (4, 4, 16, 15, 4)]
17 -> costo: 89225.49999999997, rotte: {3: [(1, 3), (3, 10), (10, 8), (8, 9)], 2: [(1, 11), (11, 6), (6, 7), (7, 4)], 4: [(1, 17), (17, 15), (15, 16), (16, 12), (12, 14), (14, 13), (13, 2), (2, 5), (5, 7), (7, 9)]}, padri: [8], figli: [18, 13, 9, 23, 28], mosse: [(4, 2, 17, 15, 4)]
18 -> costo: 86356.29999999997, rotte: {3: [(1, 3), (3, 10), (10, 8), (8, 9)], 2: [(1, 6), (6, 7), (7, 4), (4, 11)], 4: [(1, 17), (17, 15), (15, 16), (16, 12), (12, 14), (14, 13), (13, 2), (2, 5), (5, 7), (7, 9)]}, padri: [17], figli: [14, 10, 19, 21], mosse: [(2, 2, 4, 11, 20)]
19 -> costo: 85615.29999999999, rotte: {3: [(1, 3), (3, 10), (10, 8), (8, 9)], 2: [(1, 6), (6, 7), (7, 4), (4, 11)], 4: [(1, 15), (15, 16), (16, 17), (17, 12), (12, 14), (14, 13), (13, 2), (2, 5), (5, 7), (7, 9)]}, padri: [9, 18], figli: [20], mosse: [(4, 4, 16, 17, 6)]
20 -> costo: 85543.5, rotte: {3: [(1, 3), (3, 10), (10, 8), (8, 9)], 2: [(1, 6), (6, 7), (7, 4), (4, 11)], 4: [(1, 15), (15, 16), (16, 17), (17, 12), (12, 13), (13, 14), (14, 2), (2, 5), (5, 7), (7, 9)]}, padri: [19], figli: [], mosse: [(4, 4, 13, 14, 3)]
21 -> costo: 86284.49999999999, rotte: {3: [(1, 3), (3, 10), (10, 8), (8, 9)], 2: [(1, 6), (6, 7), (7, 4), (4, 11)], 4: [(1, 17), (17, 15), (15, 16), (16, 12), (12, 13), (13, 14), (14, 2), (2, 5), (5, 7), (7, 9)]}, padri: [18, 28], figli: [15, 11, 22], mosse: [(4, 4, 13, 14, 3), (2, 2, 4, 11, 20)]
22 -> costo: 85543.5, rotte: {3: [(1, 3), (3, 10), (10, 8), (8, 9)], 2: [(1, 6), (6, 7), (7, 4), (4, 11)], 4: [(1, 15), (15, 16), (16, 17), (17, 12), (12, 13), (13, 14), (14, 2), (2, 5), (5, 7), (7, 9)]}, padri: [10, 12, 21], figli: [], mosse: [(4, 4, 16, 17, 6)]
23 -> costo: 88484.49999999999, rotte: {3: [(1, 3), (3, 10), (10, 8), (8, 9)], 2: [(1, 11), (11, 6), (6, 7), (7, 4)], 4: [(1, 15), (15, 16), (16, 17), (17, 12), (12, 14), (14, 13), (13, 2), (2, 5), (5, 7), (7, 9)]}, padri: [8, 17], figli: [24, 26], mosse: [(4, 4, 16, 17, 6)]
24 -> costo: 85615.29999999999, rotte: {3: [(1, 3), (3, 10), (10, 8), (8, 9)], 2: [(1, 6), (6, 7), (7, 4), (4, 11)], 4: [(1, 15), (15, 16), (16, 17), (17, 12), (12, 14), (14, 13), (13, 2), (2, 5), (5, 7), (7, 9)]}, padri: [23], figli: [25], mosse: [(2, 2, 4, 11, 20)]
25 -> costo: 85543.5, rotte: {3: [(1, 3), (3, 10), (10, 8), (8, 9)], 2: [(1, 6), (6, 7), (7, 4), (4, 11)], 4: [(1, 15), (15, 16), (16, 17), (17, 12), (12, 13), (13, 14), (14, 2), (2, 5), (5, 7), (7, 9)]}, padri: [24], figli: [], mosse: [(4, 4, 13, 14, 3)]
26 -> costo: 88412.7, rotte: {3: [(1, 3), (3, 10), (10, 8), (8, 9)], 2: [(1, 11), (11, 6), (6, 7), (7, 4)], 4: [(1, 15), (15, 16), (16, 17), (17, 12), (12, 13), (13, 14), (14, 2), (2, 5), (5, 7), (7, 9)]}, padri: [23], figli: [27], mosse: [(4, 4, 13, 14, 3)]
27 -> costo: 85543.5, rotte: {3: [(1, 3), (3, 10), (10, 8), (8, 9)], 2: [(1, 6), (6, 7), (7, 4), (4, 11)], 4: [(1, 15), (15, 16), (16, 17), (17, 12), (12, 13), (13, 14), (14, 2), (2, 5), (5, 7), (7, 9)]}, padri: [26], figli: [], mosse: [(2, 2, 4, 11, 20)]
28 -> costo: 89153.69999999998, rotte: {3: [(1, 3), (3, 10), (10, 8), (8, 9)], 2: [(1, 11), (11, 6), (6, 7), (7, 4)], 4: [(1, 17), (17, 15), (15, 16), (16, 12), (12, 13), (13, 14), (14, 2), (2, 5), (5, 7), (7, 9)]}, padri: [17], figli: [21, 16, 12, 29], mosse: [(4, 4, 13, 14, 3)]
29 -> costo: 88412.7, rotte: {3: [(1, 3), (3, 10), (10, 8), (8, 9)], 2: [(1, 11), (11, 6), (6, 7), (7, 4)], 4: [(1, 15), (15, 16), (16, 17), (17, 12), (12, 13), (13, 14), (14, 2), (2, 5), (5, 7), (7, 9)]}, padri: [9, 28], figli: [30], mosse: [(4, 4, 16, 17, 6)]
30 -> costo: 85543.5, rotte: {3: [(1, 3), (3, 10), (10, 8), (8, 9)], 2: [(1, 6), (6, 7), (7, 4), (4, 11)], 4: [(1, 15), (15, 16), (16, 17), (17, 12), (12, 13), (13, 14), (14, 2), (2, 5), (5, 7), (7, 9)]}, padri: [29], figli: [], mosse: [(2, 2, 4, 11, 20)]
31 -> costo: 100829.39999999997, rotte: {3: [(1, 3), (3, 10), (10, 8), (8, 9)], 2: [(1, 11), (11, 6), (6, 7), (7, 4), (4, 15)], 4: [(1, 17), (17, 16), (16, 12), (12, 14), (14, 13), (13, 2), (2, 5), (5, 7), (7, 9)]}, padri: [8], figli: [32], mosse: [(2, 2, 4, 15, 4)]
32 -> costo: 96768.99999999997, rotte: {3: [(1, 3), (3, 10), (10, 8), (8, 9)], 2: [(1, 6), (6, 7), (7, 4), (4, 11), (11, 15)], 4: [(1, 17), (17, 16), (16, 12), (12, 14), (14, 13), (13, 2), (2, 5), (5, 7), (7, 9)]}, padri: [31], figli: [33, 45], mosse: [(2, 2, 4, 11, 20)]
33 -> costo: 96381.09999999998, rotte: {3: [(1, 10), (10, 8), (8, 9)], 2: [(1, 6), (6, 7), (7, 4), (4, 11), (11, 15)], 4: [(1, 17), (17, 16), (16, 12), (12, 14), (14, 13), (13, 2), (2, 3), (3, 5), (5, 7), (7, 9)]}, padri: [32, 45], figli: [34, 34, 34, 42, 42, 42, 44], mosse: [(4, 3, 2, 3, 12), (4, 4, 2, 3, 12)]
34 -> costo: 93034.39999999998, rotte: {3: [(1, 10), (10, 8), (8, 9)], 2: [(1, 6), (6, 7), (7, 4), (4, 11), (11, 15)], 4: [(1, 17), (17, 16), (16, 12), (12, 14), (14, 13), (13, 2), (2, 3), (3, 5), (5, 7)]}, padri: [33, 33, 33, 46], figli: [35, 35, 35, 37, 37, 37, 41, 43, 43, 43], mosse: [(3, 4, 1, 9, 2), (3, 4, 10, 9, 2), (3, 4, 8, 9, 2), (4, 4, 2, 3, 12)]
35 -> costo: 92574.19999999998, rotte: {3: [(1, 10), (10, 8), (8, 9)], 2: [(1, 6), (6, 7), (7, 4), (4, 11), (11, 15)], 4: [(1, 17), (17, 16), (16, 12), (12, 14), (14, 13), (13, 2), (2, 3), (3, 7), (7, 5)]}, padri: [34, 34, 34, 42, 42, 42], figli: [36], mosse: [(4, 4, 5, 7), (4, 4, 3, 7, 9), (4, 4, 7, 5, 14), (3, 4, 1, 9, 2), (3, 4, 10, 9, 2), (3, 4, 8, 9, 2)]
36 -> costo: 92502.4, rotte: {3: [(1, 10), (10, 8), (8, 9)], 2: [(1, 6), (6, 7), (7, 4), (4, 11), (11, 15)], 4: [(1, 17), (17, 16), (16, 12), (12, 13), (13, 14), (14, 2), (2, 3), (3, 7), (7, 5)]}, padri: [35, 41, 41, 41, 43, 43, 43], figli: [], mosse: [(4, 4, 13, 14, 3), (4, 4, 5, 7), (4, 4, 3, 7, 9), (4, 4, 7, 5, 14), (3, 4, 1, 9, 2), (3, 4, 10, 9, 2), (3, 4, 8, 9, 2)]
37 -> costo: 92960.99999999999, rotte: {3: [(1, 10), (10, 8), (8, 9)], 2: [(1, 6), (6, 7), (7, 4), (4, 11), (11, 15)], 4: [(1, 17), (17, 16), (16, 12), (12, 14), (14, 13), (13, 2), (2, 5), (5, 7), (7, 3)]}, padri: [34], figli: [38, 40], mosse: [(4, 4, 7, 3, 12)]
38 -> costo: 92889.2, rotte: {3: [(1, 10), (10, 8), (8, 9)], 2: [(1, 6), (6, 7), (7, 4), (4, 11), (11, 15)], 4: [(1, 17), (17, 16), (16, 12), (12, 13), (13, 14), (14, 2), (2, 5), (5, 7), (7, 3)]}, padri: [37, 41], figli: [39], mosse: [(4, 4, 13, 14, 3), (4, 4, 7, 3, 12)]
39 -> costo: 92855.8, rotte: {3: [(1, 10), (10, 8), (8, 9)], 2: [(1, 6), (6, 7), (7, 4), (4, 11), (11, 15)], 4: [(1, 17), (17, 16), (16, 12), (12, 13), (13, 14), (14, 5), (5, 7), (7, 3), (3, 2)]}, padri: [38, 40], figli: [], mosse: [(4, 4, 3, 2, 11), (4, 4, 13, 14, 3)]
40 -> costo: 92927.59999999999, rotte: {3: [(1, 10), (10, 8), (8, 9)], 2: [(1, 6), (6, 7), (7, 4), (4, 11), (11, 15)], 4: [(1, 17), (17, 16), (16, 12), (12, 14), (14, 13), (13, 5), (5, 7), (7, 3), (3, 2)]}, padri: [37], figli: [39], mosse: [(4, 4, 3, 2, 11)]
41 -> costo: 92962.59999999999, rotte: {3: [(1, 10), (10, 8), (8, 9)], 2: [(1, 6), (6, 7), (7, 4), (4, 11), (11, 15)], 4: [(1, 17), (17, 16), (16, 12), (12, 13), (13, 14), (14, 2), (2, 3), (3, 5), (5, 7)]}, padri: [34, 44, 44, 44, 47], figli: [36, 36, 36, 38], mosse: [(4, 4, 13, 14, 3), (3, 4, 1, 9, 2), (3, 4, 10, 9, 2), (3, 4, 8, 9, 2), (4, 4, 2, 3, 12)]
42 -> costo: 96304.89999999998, rotte: {3: [(1, 10), (10, 8), (8, 9)], 2: [(1, 6), (6, 7), (7, 4), (4, 11), (11, 15)], 4: [(1, 17), (17, 16), (16, 12), (12, 14), (14, 13), (13, 2), (2, 3), (3, 7), (7, 5), (5, 9)]}, padri: [33], figli: [35, 35, 35, 43, 43, 43], mosse: [(4, 4, 7, 5, 14)]
43 -> costo: 96233.09999999999, rotte: {3: [(1, 10), (10, 8), (8, 9)], 2: [(1, 6), (6, 7), (7, 4), (4, 11), (11, 15)], 4: [(1, 17), (17, 16), (16, 12), (12, 13), (13, 14), (14, 2), (2, 3), (3, 7), (7, 5), (5, 9)]}, padri: [42, 44], figli: [36, 36, 36], mosse: [(4, 4, 13, 14, 3), (4, 4, 7, 5, 14)]
44 -> costo: 96309.29999999999, rotte: {3: [(1, 10), (10, 8), (8, 9)], 2: [(1, 6), (6, 7), (7, 4), (4, 11), (11, 15)], 4: [(1, 17), (17, 16), (16, 12), (12, 13), (13, 14), (14, 2), (2, 3), (3, 5), (5, 7), (7, 9)]}, padri: [33, 48], figli: [41, 41, 41, 43], mosse: [(4, 4, 13, 14, 3), (4, 4, 2, 3, 12)]
45 -> costo: 96451.9, rotte: {3: [(1, 10), (10, 8), (8, 9)], 2: [(1, 6), (6, 7), (7, 4), (4, 11), (11, 15)], 4: [(1, 17), (17, 16), (16, 12), (12, 14), (14, 13), (13, 3), (3, 2), (2, 5), (5, 7), (7, 9)]}, padri: [32], figli: [46, 46, 46, 48, 48, 48, 33], mosse: [(4, 3, 13, 3, 12)]
46 -> costo: 93105.2, rotte: {3: [(1, 10), (10, 8), (8, 9)], 2: [(1, 6), (6, 7), (7, 4), (4, 11), (11, 15)], 4: [(1, 17), (17, 16), (16, 12), (12, 14), (14, 13), (13, 3), (3, 2), (2, 5), (5, 7)]}, padri: [45, 45, 45], figli: [47, 34], mosse: [(3, 4, 1, 9, 2), (3, 4, 10, 9, 2), (3, 4, 8, 9, 2)]
47 -> costo: 93033.4, rotte: {3: [(1, 10), (10, 8), (8, 9)], 2: [(1, 6), (6, 7), (7, 4), (4, 11), (11, 15)], 4: [(1, 17), (17, 16), (16, 12), (12, 13), (13, 14), (14, 3), (3, 2), (2, 5), (5, 7)]}, padri: [46, 48, 48, 48], figli: [41], mosse: [(4, 4, 13, 14, 3), (3, 4, 1, 9, 2), (3, 4, 10, 9, 2), (3, 4, 8, 9, 2)]
48 -> costo: 96380.09999999999, rotte: {3: [(1, 10), (10, 8), (8, 9)], 2: [(1, 6), (6, 7), (7, 4), (4, 11), (11, 15)], 4: [(1, 17), (17, 16), (16, 12), (12, 13), (13, 14), (14, 3), (3, 2), (2, 5), (5, 7), (7, 9)]}, padri: [45], figli: [47, 47, 47, 44], mosse: [(4, 4, 13, 14, 3)]
bestSolutionIndice: 15
15 -> costo: 85543.49999999999, rotte: {3: [(1, 3), (3, 10), (10, 8), (8, 9)], 2: [(1, 6), (6, 7), (7, 4), (4, 11)], 4: [(1, 17), (17, 16), (16, 15), (15, 12), (12, 13), (13, 14), (14, 2), (2, 5), (5, 7), (7, 9)]}, padri: [14, 16, 21], figli: [], mosse: [(4, 4, 13, 14, 3), (2, 2, 4, 11, 20), (4, 4, 16, 15, 4)]
trasportoPalletDiGamma: {3: [(3, 12), (10, 19), (8, 17), (9, 16)], 2: [(6, 15), (7, 7), (4, 13), (11, 20)], 4: [(17, 6), (16, 5), (15, 4), (12, 1), (13, 2), (14, 3), (2, 11), (5, 14), (7, 9), (9, 2)]}
itMosseLS: 87, itMosseTS: 75
time elapsed: 855.21s.


##########################################################################################
s: 1
dictSolutions[1]:
0 -> costo: 137122.80000000002, rotte: {3: [(1, 2), (2, 13), (13, 10), (10, 3), (3, 14), (14, 9)], 4: [(1, 17), (17, 15), (15, 4), (4, 6), (6, 11)], 2: [(1, 8), (8, 5), (5, 12), (12, 16), (16, 7)]}, padri: [-1], figli: [1], mosse: [-1]
1 -> costo: 121981.3, rotte: {3: [(1, 2), (2, 13), (13, 10), (10, 3), (3, 14), (14, 9)], 4: [(1, 17), (17, 15), (15, 4), (4, 6), (6, 11)], 2: [(1, 8), (8, 7), (7, 5), (5, 12), (12, 16)]}, padri: [0], figli: [2], mosse: [(2, 2, 8, 7, 16)]
2 -> costo: 119462.0, rotte: {3: [(1, 2), (2, 13), (13, 10), (10, 3), (3, 9), (9, 14)], 4: [(1, 17), (17, 15), (15, 4), (4, 6), (6, 11)], 2: [(1, 8), (8, 7), (7, 5), (5, 12), (12, 16)]}, padri: [1], figli: [3], mosse: [(3, 3, 14, 9)]
3 -> costo: 109467.5, rotte: {3: [(1, 2), (2, 10), (10, 3), (3, 9), (9, 13), (13, 14)], 4: [(1, 17), (17, 15), (15, 4), (4, 6), (6, 11)], 2: [(1, 8), (8, 7), (7, 5), (5, 12), (12, 16)]}, padri: [2], figli: [4], mosse: [(3, 3, 9, 13, 2)]
4 -> costo: 108024.1, rotte: {3: [(1, 2), (2, 10), (10, 3), (3, 9), (9, 13), (13, 14)], 4: [(1, 17), (17, 15), (15, 11), (11, 4), (4, 6)], 2: [(1, 8), (8, 7), (7, 5), (5, 12), (12, 16)]}, padri: [3], figli: [5], mosse: [(4, 4, 15, 11, 20)]
5 -> costo: 106870.4, rotte: {3: [(1, 2), (2, 3), (3, 10), (10, 9), (9, 13), (13, 14)], 4: [(1, 17), (17, 15), (15, 11), (11, 4), (4, 6)], 2: [(1, 8), (8, 7), (7, 5), (5, 12), (12, 16)]}, padri: [4], figli: [6], mosse: [(3, 3, 3, 10, 19)]
6 -> costo: 105903.7, rotte: {3: [(1, 2), (2, 3), (3, 10), (10, 9), (9, 13), (13, 14)], 4: [(1, 17), (17, 15), (15, 11), (11, 4), (4, 6)], 2: [(1, 7), (7, 5), (5, 8), (8, 12), (12, 16)]}, padri: [5], figli: [7], mosse: [(2, 2, 5, 8, 17)]
7 -> costo: 104618.90000000001, rotte: {3: [(1, 2), (2, 3), (3, 10), (10, 9), (9, 13), (13, 14)], 4: [(1, 17), (17, 15), (15, 11), (11, 4), (4, 6)], 2: [(1, 5), (5, 7), (7, 8), (8, 12), (12, 16)]}, padri: [6], figli: [8, 32], mosse: [(2, 2, 5, 7, 16)]
8 -> costo: 103877.90000000001, rotte: {3: [(1, 2), (2, 3), (3, 10), (10, 9), (9, 13), (13, 14)], 4: [(1, 15), (15, 11), (11, 4), (4, 6)], 2: [(1, 5), (5, 7), (7, 8), (8, 12), (12, 17), (17, 16)]}, padri: [7, 32], figli: [9, 12, 15, 16, 23, 24], mosse: [(2, 4, 12, 17, 6), (2, 2, 16, 17)]
9 -> costo: 88481.79999999999, rotte: {3: [(1, 2), (2, 3), (3, 10), (10, 9), (9, 13), (13, 14)], 4: [(1, 11), (11, 4), (4, 6)], 2: [(1, 5), (5, 7), (7, 8), (8, 12), (12, 17), (17, 16), (16, 15)]}, padri: [8, 12, 15, 15, 15], figli: [10, 14, 17], mosse: [(2, 4, 16, 15, 4), (2, 2, 16, 15, 4), (2, 2, 15, 16), (2, 2, 17, 16, 5), (2, 2, 16, 15, 4)]
10 -> costo: 85570.59999999999, rotte: {3: [(1, 2), (2, 3), (3, 10), (10, 9), (9, 13), (13, 14)], 4: [(1, 4), (4, 6), (6, 11)], 2: [(1, 5), (5, 7), (7, 8), (8, 12), (12, 17), (17, 16), (16, 15)]}, padri: [9, 13, 16, 16, 16, 34], figli: [11], mosse: [(4, 4, 6, 11, 20), (2, 2, 16, 15, 4), (2, 2, 15, 16), (2, 2, 17, 16, 5), (2, 2, 16, 15, 4), (2, 2, 12, 17, 6)]
11 -> costo: 85564.40000000001, rotte: {3: [(1, 3), (3, 10), (10, 9), (9, 13), (13, 14)], 4: [(1, 2), (2, 4), (4, 6), (6, 11)], 2: [(1, 5), (5, 7), (7, 8), (8, 12), (12, 17), (17, 16), (16, 15)]}, padri: [10, 14, 21, 21, 21, 35], figli: [], mosse: [(4, 3, 1, 2, 11), (2, 2, 16, 15, 4), (2, 2, 15, 16), (2, 2, 17, 16, 5), (2, 2, 16, 15, 4), (2, 2, 12, 17, 6)]
12 -> costo: 88590.8, rotte: {3: [(1, 2), (2, 3), (3, 10), (10, 9), (9, 13), (13, 14)], 4: [(1, 11), (11, 4), (4, 6)], 2: [(1, 5), (5, 7), (7, 8), (8, 12), (12, 15), (15, 17), (17, 16)]}, padri: [8, 15, 23, 23, 23], figli: [13, 9, 16, 19, 20], mosse: [(2, 4, 12, 15, 4), (2, 2, 15, 17, 6), (2, 2, 16, 17), (2, 2, 15, 17, 6), (2, 2, 17, 16, 5)]
13 -> costo: 85679.6, rotte: {3: [(1, 2), (2, 3), (3, 10), (10, 9), (9, 13), (13, 14)], 4: [(1, 4), (4, 6), (6, 11)], 2: [(1, 5), (5, 7), (7, 8), (8, 12), (12, 15), (15, 17), (17, 16)]}, padri: [12, 16, 19, 19, 19, 34], figli: [10, 14, 17], mosse: [(4, 4, 6, 11, 20), (2, 2, 15, 17, 6), (2, 2, 16, 17), (2, 2, 15, 17, 6), (2, 2, 17, 16, 5), (2, 2, 17, 16, 5)]
14 -> costo: 85673.40000000002, rotte: {3: [(1, 3), (3, 10), (10, 9), (9, 13), (13, 14)], 4: [(1, 2), (2, 4), (4, 6), (6, 11)], 2: [(1, 5), (5, 7), (7, 8), (8, 12), (12, 15), (15, 17), (17, 16)]}, padri: [13, 20, 20, 20, 21, 35], figli: [11], mosse: [(4, 3, 1, 2, 11), (2, 2, 16, 17), (2, 2, 15, 17, 6), (2, 2, 17, 16, 5), (2, 2, 15, 17, 6), (2, 2, 17, 16, 5)]
15 -> costo: 89331.79999999999, rotte: {3: [(1, 2), (2, 3), (3, 10), (10, 9), (9, 13), (13, 14)], 4: [(1, 11), (11, 4), (4, 6)], 2: [(1, 5), (5, 7), (7, 8), (8, 12), (12, 17), (17, 15), (15, 16)]}, padri: [8], figli: [9, 16, 22, 9, 9, 12, 23, 33, 34], mosse: [(2, 4, 17, 15, 4)]
16 -> costo: 86420.59999999999, rotte: {3: [(1, 2), (2, 3), (3, 10), (10, 9), (9, 13), (13, 14)], 4: [(1, 4), (4, 6), (6, 11)], 2: [(1, 5), (5, 7), (7, 8), (8, 12), (12, 17), (17, 15), (15, 16)]}, padri: [15], figli: [10, 17, 10, 10, 13, 19, 20, 21, 35], mosse: [(4, 4, 6, 11, 20)]
17 -> costo: 85570.6, rotte: {3: [(1, 2), (2, 3), (3, 10), (10, 9), (9, 13), (13, 14)], 4: [(1, 4), (4, 6), (6, 11)], 2: [(1, 5), (5, 7), (7, 8), (8, 12), (12, 16), (16, 17), (17, 15)]}, padri: [16, 19, 22, 34, 34, 34], figli: [18], mosse: [(2, 2, 12, 16, 5), (2, 2, 17, 15, 4), (4, 4, 6, 11, 20), (2, 2, 15, 17), (2, 2, 16, 17, 6), (2, 2, 17, 15, 4)]
18 -> costo: 85564.40000000002, rotte: {3: [(1, 3), (3, 10), (10, 9), (9, 13), (13, 14)], 4: [(1, 2), (2, 4), (4, 6), (6, 11)], 2: [(1, 5), (5, 7), (7, 8), (8, 12), (12, 16), (16, 17), (17, 15)]}, padri: [17, 20, 21, 35, 35, 35], figli: [], mosse: [(4, 3, 1, 2, 11), (2, 2, 17, 15, 4), (2, 2, 12, 16, 5), (2, 2, 15, 17), (2, 2, 16, 17, 6), (2, 2, 17, 15, 4)]
19 -> costo: 85759.0, rotte: {3: [(1, 2), (2, 3), (3, 10), (10, 9), (9, 13), (13, 14)], 4: [(1, 4), (4, 6), (6, 11)], 2: [(1, 5), (5, 7), (7, 8), (8, 12), (12, 15), (15, 16), (16, 17)]}, padri: [16, 23, 34], figli: [13, 17, 13, 13, 20, 20, 20], mosse: [(2, 2, 16, 17, 6), (4, 4, 6, 11, 20), (2, 2, 15, 16, 5)]
20 -> costo: 85752.80000000002, rotte: {3: [(1, 3), (3, 10), (10, 9), (9, 13), (13, 14)], 4: [(1, 2), (2, 4), (4, 6), (6, 11)], 2: [(1, 5), (5, 7), (7, 8), (8, 12), (12, 15), (15, 16), (16, 17)]}, padri: [19, 21, 35], figli: [14, 18, 14, 14], mosse: [(4, 3, 1, 2, 11), (2, 2, 16, 17, 6), (2, 2, 15, 16, 5)]
21 -> costo: 86414.40000000001, rotte: {3: [(1, 3), (3, 10), (10, 9), (9, 13), (13, 14)], 4: [(1, 2), (2, 4), (4, 6), (6, 11)], 2: [(1, 5), (5, 7), (7, 8), (8, 12), (12, 17), (17, 15), (15, 16)]}, padri: [16], figli: [11, 18, 11, 11, 14, 20], mosse: [(4, 3, 1, 2, 11)]
22 -> costo: 88481.8, rotte: {3: [(1, 2), (2, 3), (3, 10), (10, 9), (9, 13), (13, 14)], 4: [(1, 11), (11, 4), (4, 6)], 2: [(1, 5), (5, 7), (7, 8), (8, 12), (12, 16), (16, 17), (17, 15)]}, padri: [15, 23, 32, 33, 33], figli: [17], mosse: [(2, 2, 12, 16, 5), (2, 2, 17, 15, 4), (2, 4, 17, 15, 4), (2, 2, 15, 17), (2, 2, 16, 17, 6)]
23 -> costo: 88670.2, rotte: {3: [(1, 2), (2, 3), (3, 10), (10, 9), (9, 13), (13, 14)], 4: [(1, 11), (11, 4), (4, 6)], 2: [(1, 5), (5, 7), (7, 8), (8, 12), (12, 15), (15, 16), (16, 17)]}, padri: [15, 32], figli: [12, 19, 22, 12, 12, 34, 35], mosse: [(2, 2, 16, 17, 6), (2, 4, 12, 15, 4)]
24 -> costo: 101310.6, rotte: {3: [(1, 2), (2, 3), (3, 10), (10, 9), (9, 13), (13, 14)], 4: [(1, 11), (11, 4), (4, 6), (6, 15)], 2: [(1, 5), (5, 7), (7, 8), (8, 12), (12, 17), (17, 16)]}, padri: [8], figli: [25, 27], mosse: [(4, 4, 6, 15, 4)]
25 -> costo: 96833.3, rotte: {3: [(1, 2), (2, 3), (3, 10), (10, 9), (9, 13), (13, 14)], 4: [(1, 4), (4, 6), (6, 11), (11, 15)], 2: [(1, 5), (5, 7), (7, 8), (8, 12), (12, 17), (17, 16)]}, padri: [24, 28], figli: [26], mosse: [(4, 4, 6, 11, 20), (4, 4, 4, 6, 15)]
26 -> costo: 96827.1, rotte: {3: [(1, 3), (3, 10), (10, 9), (9, 13), (13, 14)], 4: [(1, 2), (2, 4), (4, 6), (6, 11), (11, 15)], 2: [(1, 5), (5, 7), (7, 8), (8, 12), (12, 17), (17, 16)]}, padri: [25, 31], figli: [], mosse: [(4, 3, 1, 2, 11), (4, 4, 2, 4, 13)]
27 -> costo: 101155.3, rotte: {3: [(1, 2), (2, 3), (3, 10), (10, 9), (9, 13), (13, 14)], 4: [(1, 11), (11, 6), (6, 4), (4, 15)], 2: [(1, 5), (5, 7), (7, 8), (8, 12), (12, 17), (17, 16)]}, padri: [24], figli: [28, 29], mosse: [(4, 4, 6, 4, 13)]
28 -> costo: 97094.90000000001, rotte: {3: [(1, 2), (2, 3), (3, 10), (10, 9), (9, 13), (13, 14)], 4: [(1, 6), (6, 4), (4, 11), (11, 15)], 2: [(1, 5), (5, 7), (7, 8), (8, 12), (12, 17), (17, 16)]}, padri: [27], figli: [25], mosse: [(4, 4, 4, 11, 20)]
29 -> costo: 101149.1, rotte: {3: [(1, 3), (3, 10), (10, 9), (9, 13), (13, 14)], 4: [(1, 11), (11, 6), (6, 4), (4, 2), (2, 15)], 2: [(1, 5), (5, 7), (7, 8), (8, 12), (12, 17), (17, 16)]}, padri: [27], figli: [30], mosse: [(4, 3, 4, 2, 11)]
30 -> costo: 97300.5, rotte: {3: [(1, 3), (3, 10), (10, 9), (9, 13), (13, 14)], 4: [(1, 6), (6, 4), (4, 2), (2, 11), (11, 15)], 2: [(1, 5), (5, 7), (7, 8), (8, 12), (12, 17), (17, 16)]}, padri: [29], figli: [31], mosse: [(4, 4, 2, 11, 20)]
31 -> costo: 97218.3, rotte: {3: [(1, 3), (3, 10), (10, 9), (9, 13), (13, 14)], 4: [(1, 4), (4, 2), (2, 6), (6, 11), (11, 15)], 2: [(1, 5), (5, 7), (7, 8), (8, 12), (12, 17), (17, 16)]}, padri: [30], figli: [26], mosse: [(4, 4, 2, 6, 15)]
32 -> costo: 103957.30000000002, rotte: {3: [(1, 2), (2, 3), (3, 10), (10, 9), (9, 13), (13, 14)], 4: [(1, 15), (15, 11), (11, 4), (4, 6)], 2: [(1, 5), (5, 7), (7, 8), (8, 12), (12, 16), (16, 17)]}, padri: [7], figli: [8, 22, 23, 33, 34], mosse: [(2, 4, 16, 17, 6)]
33 -> costo: 89411.2, rotte: {3: [(1, 2), (2, 3), (3, 10), (10, 9), (9, 13), (13, 14)], 4: [(1, 11), (11, 4), (4, 6)], 2: [(1, 5), (5, 7), (7, 8), (8, 12), (12, 16), (16, 15), (15, 17)]}, padri: [32], figli: [22, 34, 22], mosse: [(2, 4, 16, 15, 4)]
34 -> costo: 86500.0, rotte: {3: [(1, 2), (2, 3), (3, 10), (10, 9), (9, 13), (13, 14)], 4: [(1, 4), (4, 6), (6, 11)], 2: [(1, 5), (5, 7), (7, 8), (8, 12), (12, 16), (16, 15), (15, 17)]}, padri: [33], figli: [17, 17, 17, 10, 13, 19, 35], mosse: [(4, 4, 6, 11, 20)]
35 -> costo: 86493.80000000002, rotte: {3: [(1, 3), (3, 10), (10, 9), (9, 13), (13, 14)], 4: [(1, 2), (2, 4), (4, 6), (6, 11)], 2: [(1, 5), (5, 7), (7, 8), (8, 12), (12, 16), (16, 15), (15, 17)]}, padri: [34], figli: [18, 18, 18, 11, 14, 20], mosse: [(4, 3, 1, 2, 11)]
bestSolutionIndice: 11
11 -> costo: 85564.40000000001, rotte: {3: [(1, 3), (3, 10), (10, 9), (9, 13), (13, 14)], 4: [(1, 2), (2, 4), (4, 6), (6, 11)], 2: [(1, 5), (5, 7), (7, 8), (8, 12), (12, 17), (17, 16), (16, 15)]}, padri: [10, 14, 21, 21, 21, 35], figli: [], mosse: [(4, 3, 1, 2, 11), (2, 2, 16, 15, 4), (2, 2, 15, 16), (2, 2, 17, 16, 5), (2, 2, 16, 15, 4), (2, 2, 12, 17, 6)]
trasportoPalletDiGamma: {3: [(3, 12), (10, 19), (9, 18), (13, 2), (14, 3)], 4: [(2, 11), (4, 13), (6, 15), (11, 20)], 2: [(5, 14), (7, 16), (8, 17), (12, 1), (17, 6), (16, 5), (15, 4)]}
itMosseLS: 85, itMosseTS: 75
time elapsed: 1329.07s.


##########################################################################################
s: 1
dictSolutions[1]:
0 -> costo: 137211.4, rotte: {4: [(1, 12), (12, 4), (4, 9), (9, 7), (7, 11)], 3: [(1, 14), (14, 13), (13, 6), (6, 16), (16, 10), (10, 8)], 2: [(1, 17), (17, 15), (15, 2), (2, 5), (5, 3), (3, 11)]}, padri: [-1], figli: [1], mosse: [-1]
1 -> costo: 126765.09999999999, rotte: {4: [(1, 12), (12, 4), (4, 9), (9, 7), (7, 11)], 3: [(1, 14), (14, 13), (13, 6), (6, 10), (10, 8), (8, 16)], 2: [(1, 17), (17, 15), (15, 2), (2, 5), (5, 3), (3, 11)]}, padri: [0], figli: [2], mosse: [(3, 3, 8, 16, 5)]
2 -> costo: 116891.69999999998, rotte: {4: [(1, 4), (4, 9), (9, 7), (7, 11)], 3: [(1, 14), (14, 13), (13, 6), (6, 10), (10, 8), (8, 16)], 2: [(1, 17), (17, 15), (15, 2), (2, 5), (5, 3), (3, 11), (11, 12)]}, padri: [1], figli: [3], mosse: [(2, 4, 11, 12, 1)]
3 -> costo: 113155.39999999998, rotte: {4: [(1, 4), (4, 7), (7, 9), (9, 11)], 3: [(1, 14), (14, 13), (13, 6), (6, 10), (10, 8), (8, 16)], 2: [(1, 17), (17, 15), (15, 2), (2, 5), (5, 3), (3, 11), (11, 12)]}, padri: [2], figli: [4], mosse: [(4, 4, 7, 9, 18)]
4 -> costo: 111339.79999999999, rotte: {4: [(1, 4), (4, 7), (7, 9), (9, 11)], 3: [(1, 14), (14, 13), (13, 10), (10, 8), (8, 6), (6, 16)], 2: [(1, 17), (17, 15), (15, 2), (2, 5), (5, 3), (3, 11), (11, 12)]}, padri: [3], figli: [5], mosse: [(3, 3, 8, 6, 15)]
5 -> costo: 110769.69999999998, rotte: {4: [(1, 4), (4, 7), (7, 9), (9, 11)], 3: [(1, 14), (14, 13), (13, 8), (8, 6), (6, 10), (10, 16)], 2: [(1, 17), (17, 15), (15, 2), (2, 5), (5, 3), (3, 11), (11, 12)]}, padri: [4], figli: [6], mosse: [(3, 3, 6, 10, 19)]
6 -> costo: 110267.29999999999, rotte: {4: [(1, 4), (4, 7), (7, 9), (9, 11)], 3: [(1, 13), (13, 8), (8, 6), (6, 10), (10, 16)], 2: [(1, 17), (17, 15), (15, 2), (2, 5), (5, 3), (3, 11), (11, 12), (12, 14)]}, padri: [5], figli: [7], mosse: [(2, 3, 12, 14, 3)]
7 -> costo: 103003.99999999999, rotte: {4: [(1, 4), (4, 7), (7, 9), (9, 11)], 3: [(1, 8), (8, 6), (6, 10), (10, 16)], 2: [(1, 17), (17, 15), (15, 2), (2, 5), (5, 3), (3, 11), (11, 12), (12, 13), (13, 14)]}, padri: [6], figli: [8], mosse: [(2, 3, 12, 13, 2)]
8 -> costo: 102262.99999999999, rotte: {4: [(1, 4), (4, 7), (7, 9), (9, 11)], 3: [(1, 8), (8, 6), (6, 10), (10, 17), (17, 16)], 2: [(1, 15), (15, 2), (2, 5), (5, 3), (3, 11), (11, 12), (12, 13), (13, 14)]}, padri: [7], figli: [9], mosse: [(3, 2, 10, 17, 6)]
9 -> costo: 94485.29999999999, rotte: {4: [(1, 4), (4, 7), (7, 9), (9, 11)], 3: [(1, 8), (8, 6), (6, 10), (10, 17), (17, 16)], 2: [(1, 2), (2, 5), (5, 3), (3, 11), (11, 12), (12, 13), (13, 14), (14, 15)]}, padri: [8], figli: [10, 28, 34], mosse: [(2, 2, 14, 15, 4)]
10 -> costo: 93939.09999999999, rotte: {4: [(1, 4), (4, 7), (7, 9), (9, 11)], 3: [(1, 6), (6, 8), (8, 10), (10, 17), (17, 16)], 2: [(1, 2), (2, 5), (5, 3), (3, 11), (11, 12), (12, 13), (13, 14), (14, 15)]}, padri: [9], figli: [11, 17, 24, 29], mosse: [(3, 3, 6, 8, 17)]
11 -> costo: 93644.0, rotte: {4: [(1, 4), (4, 7), (7, 9), (9, 11)], 3: [(1, 6), (6, 8), (8, 10), (10, 17), (17, 16)], 2: [(1, 2), (2, 5), (5, 3), (3, 11), (11, 13), (13, 14), (14, 12), (12, 15)]}, padri: [10, 28], figli: [12, 13, 14, 18, 21, 25, 32], mosse: [(2, 2, 14, 12, 1), (3, 3, 6, 8, 17)]
12 -> costo: 93231.0, rotte: {4: [(1, 4), (4, 7), (7, 9), (9, 11)], 3: [(1, 6), (6, 8), (8, 10), (10, 17), (17, 16)], 2: [(1, 2), (2, 5), (5, 3), (3, 13), (13, 14), (14, 11), (11, 12), (12, 15)]}, padri: [11, 13, 16, 24, 25, 26, 29], figli: [], mosse: [(2, 2, 14, 11, 3), (2, 2, 14, 11, 3), (2, 2, 13, 14, 3), (2, 2, 11, 12, 1), (2, 2, 11, 12, 1), (2, 2, 11, 12, 1), (3, 3, 6, 8, 17)]
13 -> costo: 93371.6, rotte: {4: [(1, 4), (4, 7), (7, 9), (9, 11)], 3: [(1, 6), (6, 8), (8, 10), (10, 17), (17, 16)], 2: [(1, 2), (2, 5), (5, 3), (3, 13), (13, 11), (11, 14), (14, 12), (12, 15)]}, padri: [11, 27, 30], figli: [12, 25], mosse: [(2, 2, 13, 11, 3), (2, 2, 14, 12, 1), (3, 3, 6, 8, 17)]
14 -> costo: 93475.09999999999, rotte: {4: [(1, 4), (4, 7), (7, 9), (9, 11)], 3: [(1, 6), (6, 8), (8, 10), (10, 17), (17, 16)], 2: [(1, 2), (2, 5), (5, 3), (3, 11), (11, 14), (14, 13), (13, 12), (12, 15)]}, padri: [11, 17, 18, 19, 31], figli: [15, 16, 23], mosse: [(2, 2, 14, 13, 2), (2, 2, 13, 12, 1), (2, 2, 13, 12, 1), (2, 2, 13, 12, 1), (3, 3, 6, 8, 17)]
15 -> costo: 93299.79999999999, rotte: {4: [(1, 4), (4, 7), (7, 9), (9, 11)], 3: [(1, 6), (6, 8), (8, 10), (10, 17), (17, 16)], 2: [(1, 2), (2, 5), (5, 3), (3, 14), (14, 11), (11, 13), (13, 12), (12, 15)]}, padri: [14, 16, 20, 21, 32], figli: [], mosse: [(2, 2, 14, 11, 3), (2, 2, 11, 13, 2), (2, 2, 13, 12, 1), (2, 2, 13, 12, 1), (3, 3, 6, 8, 17)]
16 -> costo: 93326.7, rotte: {4: [(1, 4), (4, 7), (7, 9), (9, 11)], 3: [(1, 6), (6, 8), (8, 10), (10, 17), (17, 16)], 2: [(1, 2), (2, 5), (5, 3), (3, 14), (14, 13), (13, 11), (11, 12), (12, 15)]}, padri: [14, 22, 23, 33], figli: [12, 15, 25], mosse: [(2, 2, 13, 11, 3), (2, 2, 11, 12, 1), (2, 2, 11, 12, 1), (3, 3, 6, 8, 17)]
17 -> costo: 93805.69999999998, rotte: {4: [(1, 4), (4, 7), (7, 9), (9, 11)], 3: [(1, 6), (6, 8), (8, 10), (10, 17), (17, 16)], 2: [(1, 2), (2, 5), (5, 3), (3, 11), (11, 12), (12, 14), (14, 13), (13, 15)]}, padri: [10, 34], figli: [14, 18, 19, 21, 32, 37], mosse: [(2, 2, 14, 13, 2), (3, 3, 6, 8, 17)]
18 -> costo: 93685.89999999998, rotte: {4: [(1, 4), (4, 7), (7, 9), (9, 11)], 3: [(1, 6), (6, 8), (8, 10), (10, 17), (17, 16)], 2: [(1, 2), (2, 5), (5, 3), (3, 12), (12, 11), (11, 14), (14, 13), (13, 15)]}, padri: [17, 35], figli: [14, 21, 32], mosse: [(2, 2, 12, 11, 3), (3, 3, 6, 8, 17)]
19 -> costo: 93778.79999999999, rotte: {4: [(1, 4), (4, 7), (7, 9), (9, 11)], 3: [(1, 6), (6, 8), (8, 10), (10, 17), (17, 16)], 2: [(1, 2), (2, 5), (5, 3), (3, 11), (11, 14), (14, 12), (12, 13), (13, 15)]}, padri: [17, 36], figli: [20, 14, 21, 22, 32], mosse: [(2, 2, 14, 12, 1), (3, 3, 6, 8, 17)]
20 -> costo: 93462.19999999998, rotte: {4: [(1, 4), (4, 7), (7, 9), (9, 11)], 3: [(1, 6), (6, 8), (8, 10), (10, 17), (17, 16)], 2: [(1, 2), (2, 5), (5, 3), (3, 14), (14, 11), (11, 12), (12, 13), (13, 15)]}, padri: [19, 21, 37], figli: [15], mosse: [(2, 2, 14, 11, 3), (2, 2, 11, 12, 1), (3, 3, 6, 8, 17)]
21 -> costo: 93630.4, rotte: {4: [(1, 4), (4, 7), (7, 9), (9, 11)], 3: [(1, 6), (6, 8), (8, 10), (10, 17), (17, 16)], 2: [(1, 2), (2, 5), (5, 3), (3, 14), (14, 12), (12, 11), (11, 13), (13, 15)]}, padri: [19, 22, 26, 38], figli: [15, 20], mosse: [(2, 2, 12, 11, 3), (2, 2, 11, 13, 2), (2, 2, 11, 13, 2), (3, 3, 6, 8, 17)]
22 -> costo: 93763.09999999999, rotte: {4: [(1, 4), (4, 7), (7, 9), (9, 11)], 3: [(1, 6), (6, 8), (8, 10), (10, 17), (17, 16)], 2: [(1, 2), (2, 5), (5, 3), (3, 14), (14, 12), (12, 13), (13, 11), (11, 15)]}, padri: [19, 39], figli: [16, 23, 21], mosse: [(2, 2, 13, 11, 3), (3, 3, 6, 8, 17)]
23 -> costo: 93621.79999999999, rotte: {4: [(1, 4), (4, 7), (7, 9), (9, 11)], 3: [(1, 6), (6, 8), (8, 10), (10, 17), (17, 16)], 2: [(1, 2), (2, 5), (5, 3), (3, 14), (14, 13), (13, 12), (12, 11), (11, 15)]}, padri: [22, 26, 40], figli: [16], mosse: [(2, 2, 13, 12, 1), (2, 2, 14, 13, 2), (3, 3, 6, 8, 17)]
24 -> costo: 93819.29999999997, rotte: {4: [(1, 4), (4, 7), (7, 9), (9, 11)], 3: [(1, 6), (6, 8), (8, 10), (10, 17), (17, 16)], 2: [(1, 2), (2, 5), (5, 3), (3, 12), (12, 13), (13, 14), (14, 11), (11, 15)]}, padri: [10], figli: [12, 25, 26, 27], mosse: [(2, 2, 14, 11, 3)]
25 -> costo: 93666.69999999998, rotte: {4: [(1, 4), (4, 7), (7, 9), (9, 11)], 3: [(1, 6), (6, 8), (8, 10), (10, 17), (17, 16)], 2: [(1, 2), (2, 5), (5, 3), (3, 13), (13, 12), (12, 14), (14, 11), (11, 15)]}, padri: [24, 26, 27], figli: [12], mosse: [(2, 2, 13, 12, 1), (2, 2, 12, 14, 3), (2, 2, 14, 11, 3)]
26 -> costo: 93694.3, rotte: {4: [(1, 4), (4, 7), (7, 9), (9, 11)], 3: [(1, 6), (6, 8), (8, 10), (10, 17), (17, 16)], 2: [(1, 2), (2, 5), (5, 3), (3, 13), (13, 14), (14, 12), (12, 11), (11, 15)]}, padri: [24], figli: [12, 23, 21, 25, 27], mosse: [(2, 2, 14, 12, 1)]
27 -> costo: 93666.7, rotte: {4: [(1, 4), (4, 7), (7, 9), (9, 11)], 3: [(1, 6), (6, 8), (8, 10), (10, 17), (17, 16)], 2: [(1, 2), (2, 5), (5, 3), (3, 13), (13, 12), (12, 11), (11, 14), (14, 15)]}, padri: [26], figli: [13, 25], mosse: [(2, 2, 11, 14, 3)]
28 -> costo: 94190.2, rotte: {4: [(1, 4), (4, 7), (7, 9), (9, 11)], 3: [(1, 8), (8, 6), (6, 10), (10, 17), (17, 16)], 2: [(1, 2), (2, 5), (5, 3), (3, 11), (11, 13), (13, 14), (14, 12), (12, 15)]}, padri: [9], figli: [11, 29, 30, 31, 35, 38], mosse: [(2, 2, 14, 12, 1)]
29 -> costo: 93777.2, rotte: {4: [(1, 4), (4, 7), (7, 9), (9, 11)], 3: [(1, 8), (8, 6), (6, 10), (10, 17), (17, 16)], 2: [(1, 2), (2, 5), (5, 3), (3, 13), (13, 14), (14, 11), (11, 12), (12, 15)]}, padri: [28, 30, 33], figli: [12], mosse: [(2, 2, 14, 11, 3), (2, 2, 14, 11, 3), (2, 2, 13, 14, 3)]
30 -> costo: 93917.8, rotte: {4: [(1, 4), (4, 7), (7, 9), (9, 11)], 3: [(1, 8), (8, 6), (6, 10), (10, 17), (17, 16)], 2: [(1, 2), (2, 5), (5, 3), (3, 13), (13, 11), (11, 14), (14, 12), (12, 15)]}, padri: [28], figli: [13, 29], mosse: [(2, 2, 13, 11, 3)]
31 -> costo: 94021.29999999999, rotte: {4: [(1, 4), (4, 7), (7, 9), (9, 11)], 3: [(1, 8), (8, 6), (6, 10), (10, 17), (17, 16)], 2: [(1, 2), (2, 5), (5, 3), (3, 11), (11, 14), (14, 13), (13, 12), (12, 15)]}, padri: [28, 34, 35, 36], figli: [14, 32, 33, 40], mosse: [(2, 2, 14, 13, 2), (2, 2, 13, 12, 1), (2, 2, 13, 12, 1), (2, 2, 13, 12, 1)]
32 -> costo: 93845.99999999999, rotte: {4: [(1, 4), (4, 7), (7, 9), (9, 11)], 3: [(1, 8), (8, 6), (6, 10), (10, 17), (17, 16)], 2: [(1, 2), (2, 5), (5, 3), (3, 14), (14, 11), (11, 13), (13, 12), (12, 15)]}, padri: [31, 33, 37, 38], figli: [15], mosse: [(2, 2, 14, 11, 3), (2, 2, 11, 13, 2), (2, 2, 13, 12, 1), (2, 2, 13, 12, 1)]
33 -> costo: 93872.9, rotte: {4: [(1, 4), (4, 7), (7, 9), (9, 11)], 3: [(1, 8), (8, 6), (6, 10), (10, 17), (17, 16)], 2: [(1, 2), (2, 5), (5, 3), (3, 14), (14, 13), (13, 11), (11, 12), (12, 15)]}, padri: [31, 39, 40], figli: [16, 29, 32], mosse: [(2, 2, 13, 11, 3), (2, 2, 11, 12, 1), (2, 2, 11, 12, 1)]
34 -> costo: 94351.89999999998, rotte: {4: [(1, 4), (4, 7), (7, 9), (9, 11)], 3: [(1, 8), (8, 6), (6, 10), (10, 17), (17, 16)], 2: [(1, 2), (2, 5), (5, 3), (3, 11), (11, 12), (12, 14), (14, 13), (13, 15)]}, padri: [9], figli: [17, 31, 35, 36, 38], mosse: [(2, 2, 14, 13, 2)]
35 -> costo: 94232.09999999998, rotte: {4: [(1, 4), (4, 7), (7, 9), (9, 11)], 3: [(1, 8), (8, 6), (6, 10), (10, 17), (17, 16)], 2: [(1, 2), (2, 5), (5, 3), (3, 12), (12, 11), (11, 14), (14, 13), (13, 15)]}, padri: [34], figli: [18, 31, 38], mosse: [(2, 2, 12, 11, 3)]
36 -> costo: 94324.99999999999, rotte: {4: [(1, 4), (4, 7), (7, 9), (9, 11)], 3: [(1, 8), (8, 6), (6, 10), (10, 17), (17, 16)], 2: [(1, 2), (2, 5), (5, 3), (3, 11), (11, 14), (14, 12), (12, 13), (13, 15)]}, padri: [34], figli: [19, 37, 31, 38, 39], mosse: [(2, 2, 14, 12, 1)]
37 -> costo: 94008.39999999998, rotte: {4: [(1, 4), (4, 7), (7, 9), (9, 11)], 3: [(1, 8), (8, 6), (6, 10), (10, 17), (17, 16)], 2: [(1, 2), (2, 5), (5, 3), (3, 14), (14, 11), (11, 12), (12, 13), (13, 15)]}, padri: [36, 38], figli: [20, 32], mosse: [(2, 2, 14, 11, 3), (2, 2, 11, 12, 1)]
38 -> costo: 94176.59999999999, rotte: {4: [(1, 4), (4, 7), (7, 9), (9, 11)], 3: [(1, 8), (8, 6), (6, 10), (10, 17), (17, 16)], 2: [(1, 2), (2, 5), (5, 3), (3, 14), (14, 12), (12, 11), (11, 13), (13, 15)]}, padri: [36, 39], figli: [21, 32, 37], mosse: [(2, 2, 12, 11, 3), (2, 2, 11, 13, 2)]
39 -> costo: 94309.29999999999, rotte: {4: [(1, 4), (4, 7), (7, 9), (9, 11)], 3: [(1, 8), (8, 6), (6, 10), (10, 17), (17, 16)], 2: [(1, 2), (2, 5), (5, 3), (3, 14), (14, 12), (12, 13), (13, 11), (11, 15)]}, padri: [36], figli: [22, 33, 40, 38], mosse: [(2, 2, 13, 11, 3)]
40 -> costo: 94167.99999999999, rotte: {4: [(1, 4), (4, 7), (7, 9), (9, 11)], 3: [(1, 8), (8, 6), (6, 10), (10, 17), (17, 16)], 2: [(1, 2), (2, 5), (5, 3), (3, 14), (14, 13), (13, 12), (12, 11), (11, 15)]}, padri: [39], figli: [23, 33], mosse: [(2, 2, 13, 12, 1)]
bestSolutionIndice: 12
12 -> costo: 93231.0, rotte: {4: [(1, 4), (4, 7), (7, 9), (9, 11)], 3: [(1, 6), (6, 8), (8, 10), (10, 17), (17, 16)], 2: [(1, 2), (2, 5), (5, 3), (3, 13), (13, 14), (14, 11), (11, 12), (12, 15)]}, padri: [11, 13, 16, 24, 25, 26, 29], figli: [], mosse: [(2, 2, 14, 11, 3), (2, 2, 14, 11, 3), (2, 2, 13, 14, 3), (2, 2, 11, 12, 1), (2, 2, 11, 12, 1), (2, 2, 11, 12, 1), (3, 3, 6, 8, 17)]
trasportoPalletDiGamma: {4: [(4, 13), (7, 16), (9, 18), (11, 17)], 3: [(6, 15), (8, 17), (10, 19), (17, 6), (16, 5)], 2: [(2, 11), (5, 14), (3, 12), (13, 2), (14, 3), (11, 3), (12, 1), (15, 4)]}
itMosseLS: 85, itMosseTS: 75
time elapsed: 1405.55s.


##########################################################################################
s: 1
dictSolutions[1]:
0 -> costo: 139770.5, rotte: {2: [(1, 10), (10, 2), (2, 3), (3, 17), (17, 15), (15, 6)], 3: [(1, 16), (16, 14), (14, 7), (7, 9), (9, 13), (13, 6)], 4: [(1, 4), (4, 11), (11, 8), (8, 5), (5, 12)]}, padri: [-1], figli: [1], mosse: [-1]
1 -> costo: 125666.9, rotte: {2: [(1, 10), (10, 2), (2, 3), (3, 17), (17, 15)], 3: [(1, 16), (16, 14), (14, 7), (7, 9), (9, 13), (13, 6)], 4: [(1, 4), (4, 11), (11, 8), (8, 5), (5, 12)]}, padri: [0], figli: [2], mosse: [(3, 2, 1, 6, 13)]
2 -> costo: 122307.69999999998, rotte: {2: [(1, 10), (10, 2), (2, 3), (3, 17), (17, 15)], 3: [(1, 16), (16, 14), (14, 7), (7, 9), (9, 6), (6, 13)], 4: [(1, 4), (4, 11), (11, 8), (8, 5), (5, 12)]}, padri: [1], figli: [3], mosse: [(3, 3, 13, 6)]
3 -> costo: 105962.99999999999, rotte: {2: [(1, 10), (10, 2), (2, 3), (3, 16), (16, 17), (17, 15)], 3: [(1, 14), (14, 7), (7, 9), (9, 6), (6, 13)], 4: [(1, 4), (4, 11), (11, 8), (8, 5), (5, 12)]}, padri: [2], figli: [4], mosse: [(2, 3, 3, 16, 5)]
4 -> costo: 96216.09999999999, rotte: {2: [(1, 10), (10, 2), (2, 3), (3, 16), (16, 17), (17, 15)], 3: [(1, 7), (7, 9), (9, 6), (6, 13), (13, 14)], 4: [(1, 4), (4, 11), (11, 8), (8, 5), (5, 12)]}, padri: [3], figli: [], mosse: [(3, 3, 13, 14, 3)]
bestSolutionIndice: 4
4 -> costo: 96216.09999999999, rotte: {2: [(1, 10), (10, 2), (2, 3), (3, 16), (16, 17), (17, 15)], 3: [(1, 7), (7, 9), (9, 6), (6, 13), (13, 14)], 4: [(1, 4), (4, 11), (11, 8), (8, 5), (5, 12)]}, padri: [3], figli: [], mosse: [(3, 3, 13, 14, 3)]
trasportoPalletDiGamma: {2: [(10, 19), (2, 11), (3, 12), (16, 5), (17, 6), (15, 4)], 3: [(7, 16), (9, 18), (6, 15), (13, 2), (14, 3)], 4: [(4, 13), (11, 20), (8, 17), (5, 14), (12, 1)]}
itMosseLS: 4, itMosseTS: 0
time elapsed: 10.12s.


##########################################################################################
