itNSIMax: 5, itMosseTSMax: 75.
##########################################################################################
s: 1, itNSI: 1.
soluzione iniziale: 0
0 -> 
costo: 130896.3, 
rotte: {3: [(1, 12), (12, 8), (8, 10), (10, 3), (3, 9)], 2: [(1, 17), (17, 15), (15, 6), (6, 4), (4, 11), (11, 7)], 4: [(1, 16), (16, 14), (14, 13), (13, 2), (2, 5), (5, 9), (9, 7)]}
trasportoPalletDiGamma: {3: [(12, 1), (8, 17), (10, 19), (3, 12), (9, 16)], 2: [(17, 6), (15, 4), (6, 15), (4, 13), (11, 20), (7, 7)], 4: [(16, 5), (14, 3), (13, 2), (2, 11), (5, 14), (9, 2), (7, 9)]}
bestSolutionIndice: 15
15 -> 
costo: 85543.49999999999, 
rotte: {3: [(1, 3), (3, 10), (10, 8), (8, 9)], 2: [(1, 6), (6, 7), (7, 4), (4, 11)], 4: [(1, 17), (17, 16), (16, 15), (15, 12), (12, 13), (13, 14), (14, 2), (2, 5), (5, 7), (7, 9)]}
trasportoPalletDiGamma: {3: [(3, 12), (10, 19), (8, 17), (9, 16)], 2: [(6, 15), (7, 7), (4, 13), (11, 20)], 4: [(17, 6), (16, 5), (15, 4), (12, 1), (13, 2), (14, 3), (2, 11), (5, 14), (7, 9), (9, 2)]}
itMosseLS: 87, itMosseTS: 75
numero di soluzioni totali trovati: 49.
time elapsed: 855.21s.


##########################################################################################
s: 1, itNSI: 2.
soluzione iniziale: 0
0 -> 
costo: 137122.80000000002, 
rotte: {3: [(1, 2), (2, 13), (13, 10), (10, 3), (3, 14), (14, 9)], 4: [(1, 17), (17, 15), (15, 4), (4, 6), (6, 11)], 2: [(1, 8), (8, 5), (5, 12), (12, 16), (16, 7)]}
trasportoPalletDiGamma: {3: [(2, 11), (13, 2), (10, 19), (3, 12), (14, 3), (9, 18)], 4: [(17, 6), (15, 4), (4, 13), (6, 15), (11, 20)], 2: [(8, 17), (5, 14), (12, 1), (16, 5), (7, 16)]}
bestSolutionIndice: 11
11 -> 
costo: 85564.40000000001, 
rotte: {3: [(1, 3), (3, 10), (10, 9), (9, 13), (13, 14)], 4: [(1, 2), (2, 4), (4, 6), (6, 11)], 2: [(1, 5), (5, 7), (7, 8), (8, 12), (12, 17), (17, 16), (16, 15)]}
trasportoPalletDiGamma: {3: [(3, 12), (10, 19), (9, 18), (13, 2), (14, 3)], 4: [(2, 11), (4, 13), (6, 15), (11, 20)], 2: [(5, 14), (7, 16), (8, 17), (12, 1), (17, 6), (16, 5), (15, 4)]}
itMosseLS: 85, itMosseTS: 75
numero di soluzioni totali trovati: 36.
time elapsed: 1329.07s.


##########################################################################################
s: 1, itNSI: 3.
soluzione iniziale: 0
0 -> 
costo: 137211.4, 
rotte: {4: [(1, 12), (12, 4), (4, 9), (9, 7), (7, 11)], 3: [(1, 14), (14, 13), (13, 6), (6, 16), (16, 10), (10, 8)], 2: [(1, 17), (17, 15), (15, 2), (2, 5), (5, 3), (3, 11)]}
trasportoPalletDiGamma: {4: [(12, 1), (4, 13), (9, 18), (7, 16), (11, 17)], 3: [(14, 3), (13, 2), (6, 15), (16, 5), (10, 19), (8, 17)], 2: [(17, 6), (15, 4), (2, 11), (5, 14), (3, 12), (11, 3)]}
bestSolutionIndice: 12
12 -> 
costo: 93231.0, 
rotte: {4: [(1, 4), (4, 7), (7, 9), (9, 11)], 3: [(1, 6), (6, 8), (8, 10), (10, 17), (17, 16)], 2: [(1, 2), (2, 5), (5, 3), (3, 13), (13, 14), (14, 11), (11, 12), (12, 15)]}
trasportoPalletDiGamma: {4: [(4, 13), (7, 16), (9, 18), (11, 17)], 3: [(6, 15), (8, 17), (10, 19), (17, 6), (16, 5)], 2: [(2, 11), (5, 14), (3, 12), (13, 2), (14, 3), (11, 3), (12, 1), (15, 4)]}
itMosseLS: 85, itMosseTS: 75
numero di soluzioni totali trovati: 41.
time elapsed: 1405.55s.


##########################################################################################
s: 1, itNSI: 4.
soluzione iniziale: 0
0 -> 
costo: 139770.5, 
rotte: {2: [(1, 10), (10, 2), (2, 3), (3, 17), (17, 15), (15, 6)], 3: [(1, 16), (16, 14), (14, 7), (7, 9), (9, 13), (13, 6)], 4: [(1, 4), (4, 11), (11, 8), (8, 5), (5, 12)]}
trasportoPalletDiGamma: {2: [(10, 19), (2, 11), (3, 12), (17, 6), (15, 4), (6, 13)], 3: [(16, 5), (14, 3), (7, 16), (9, 18), (13, 2), (6, 2)], 4: [(4, 13), (11, 20), (8, 17), (5, 14), (12, 1)]}
bestSolutionIndice: 4
4 -> 
costo: 96216.09999999999, 
rotte: {2: [(1, 10), (10, 2), (2, 3), (3, 16), (16, 17), (17, 15)], 3: [(1, 7), (7, 9), (9, 6), (6, 13), (13, 14)], 4: [(1, 4), (4, 11), (11, 8), (8, 5), (5, 12)]}
trasportoPalletDiGamma: {2: [(10, 19), (2, 11), (3, 12), (16, 5), (17, 6), (15, 4)], 3: [(7, 16), (9, 18), (6, 15), (13, 2), (14, 3)], 4: [(4, 13), (11, 20), (8, 17), (5, 14), (12, 1)]}
itMosseLS: 4, itMosseTS: 0
numero di soluzioni totali trovati: 5.
time elapsed: 10.12s.


##########################################################################################
##########################################################################################
##########################################################################################
##########################################################################################
Soluzione migliore in assoluto trovata:

s: 1
itNSI: 1, 
costo: 85543.49999999999, 
rotte: {3: [(1, 3), (3, 10), (10, 8), (8, 9)], 2: [(1, 6), (6, 7), (7, 4), (4, 11)], 4: [(1, 17), (17, 16), (16, 15), (15, 12), (12, 13), (13, 14), (14, 2), (2, 5), (5, 7), (7, 9)]}
trasportoPalletDiGamma: {3: [(3, 12), (10, 19), (8, 17), (9, 16)], 2: [(6, 15), (7, 7), (4, 13), (11, 20)], 4: [(17, 6), (16, 5), (15, 4), (12, 1), (13, 2), (14, 3), (2, 11), (5, 14), (7, 9), (9, 2)]}

Total time elapsed: 3600.27s.