itNSIMax: 25, itMosseTSMax: 25.
##########################################################################################
s: 1
dictSolutions[1]:
0 -> costo: 161313.8, rotte: {3: [(1, 4), (4, 12), (12, 2), (2, 17), (17, 10), (10, 16)], 4: [(1, 9), (9, 7), (7, 5), (5, 13), (13, 15), (15, 8)], 2: [(1, 14), (14, 6), (6, 3), (3, 11), (11, 8)]}, padri: [-1], figli: [1], mosse: [-1]
1 -> costo: 135613.09999999998, rotte: {3: [(1, 4), (4, 12), (12, 2), (2, 10), (10, 17), (17, 16)], 4: [(1, 9), (9, 7), (7, 5), (5, 13), (13, 15), (15, 8)], 2: [(1, 14), (14, 6), (6, 3), (3, 11), (11, 8)]}, padri: [0], figli: [2], mosse: [(3, 3, 10, 17, 6)]
2 -> costo: 129045.90000000001, rotte: {3: [(1, 4), (4, 12), (12, 2), (2, 10), (10, 17), (17, 16)], 4: [(1, 9), (9, 7), (7, 5), (5, 13), (13, 8), (8, 15)], 2: [(1, 14), (14, 6), (6, 3), (3, 11), (11, 8)]}, padri: [1], figli: [3], mosse: [(4, 4, 15, 8)]
3 -> costo: 119634.70000000001, rotte: {3: [(1, 4), (4, 12), (12, 2), (2, 10), (10, 17), (17, 16)], 4: [(1, 9), (9, 7), (7, 5), (5, 13), (13, 8), (8, 15)], 2: [(1, 6), (6, 3), (3, 11), (11, 14), (14, 8)]}, padri: [2], figli: [4], mosse: [(2, 2, 11, 14, 3)]
4 -> costo: 111766.00000000001, rotte: {3: [(1, 4), (4, 2), (2, 10), (10, 12), (12, 17), (17, 16)], 4: [(1, 9), (9, 7), (7, 5), (5, 13), (13, 8), (8, 15)], 2: [(1, 6), (6, 3), (3, 11), (11, 14), (14, 8)]}, padri: [3], figli: [5], mosse: [(3, 3, 10, 12, 1)]
5 -> costo: 105273.3, rotte: {3: [(1, 4), (4, 2), (2, 10), (10, 12), (12, 17), (17, 16)], 4: [(1, 9), (9, 7), (7, 5), (5, 8), (8, 13), (13, 15)], 2: [(1, 6), (6, 3), (3, 11), (11, 14), (14, 8)]}, padri: [4], figli: [6], mosse: [(4, 4, 8, 13, 2)]
6 -> costo: 100936.40000000001, rotte: {3: [(1, 4), (4, 2), (2, 10), (10, 12), (12, 17), (17, 16)], 4: [(1, 7), (7, 5), (5, 8), (8, 9), (9, 13), (13, 15)], 2: [(1, 6), (6, 3), (3, 11), (11, 14), (14, 8)]}, padri: [5], figli: [7], mosse: [(4, 4, 8, 9, 18)]
7 -> costo: 98108.3, rotte: {3: [(1, 4), (4, 2), (2, 10), (10, 12), (12, 17), (17, 16)], 4: [(1, 7), (7, 5), (5, 8), (8, 9), (9, 13), (13, 15)], 2: [(1, 6), (6, 3), (3, 8), (8, 11), (11, 14)]}, padri: [6], figli: [8, 16, 20], mosse: [(2, 2, 3, 8, 15)]
8 -> costo: 96823.5, rotte: {3: [(1, 4), (4, 2), (2, 10), (10, 12), (12, 17), (17, 16)], 4: [(1, 5), (5, 7), (7, 8), (8, 9), (9, 13), (13, 15)], 2: [(1, 6), (6, 3), (3, 8), (8, 11), (11, 14)]}, padri: [7], figli: [9, 13, 15, 17], mosse: [(4, 4, 5, 7, 16)]
9 -> costo: 95697.49999999999, rotte: {3: [(1, 4), (4, 2), (2, 10), (10, 12), (12, 17), (17, 16)], 4: [(1, 5), (5, 7), (7, 8), (8, 9), (9, 13), (13, 15)], 2: [(1, 3), (3, 6), (6, 8), (8, 11), (11, 14)]}, padri: [8, 16], figli: [10, 12, 14, 18], mosse: [(2, 2, 3, 6, 15), (4, 4, 5, 7, 16)]
10 -> costo: 95485.7, rotte: {3: [(1, 2), (2, 4), (4, 10), (10, 12), (12, 17), (17, 16)], 4: [(1, 5), (5, 7), (7, 8), (8, 9), (9, 13), (13, 15)], 2: [(1, 3), (3, 6), (6, 8), (8, 11), (11, 14)]}, padri: [9, 13, 17], figli: [11], mosse: [(3, 3, 2, 4, 13), (2, 2, 3, 6, 15), (4, 4, 5, 7, 16)]
11 -> costo: 95485.69999999998, rotte: {3: [(1, 2), (2, 4), (4, 10), (10, 12), (12, 17), (17, 16)], 4: [(1, 5), (5, 7), (7, 9), (9, 8), (8, 13), (13, 15)], 2: [(1, 3), (3, 6), (6, 8), (8, 11), (11, 14)]}, padri: [10, 12, 14, 18], figli: [], mosse: [(4, 4, 9, 8, 2), (3, 3, 2, 4, 13), (2, 2, 3, 6, 15), (4, 4, 5, 7, 16)]
12 -> costo: 95697.49999999997, rotte: {3: [(1, 4), (4, 2), (2, 10), (10, 12), (12, 17), (17, 16)], 4: [(1, 5), (5, 7), (7, 9), (9, 8), (8, 13), (13, 15)], 2: [(1, 3), (3, 6), (6, 8), (8, 11), (11, 14)]}, padri: [9, 15, 19], figli: [11], mosse: [(4, 4, 9, 8, 2), (2, 2, 3, 6, 15), (4, 4, 5, 7, 16)]
13 -> costo: 96611.70000000001, rotte: {3: [(1, 2), (2, 4), (4, 10), (10, 12), (12, 17), (17, 16)], 4: [(1, 5), (5, 7), (7, 8), (8, 9), (9, 13), (13, 15)], 2: [(1, 6), (6, 3), (3, 8), (8, 11), (11, 14)]}, padri: [8, 20], figli: [10, 14, 18], mosse: [(3, 3, 2, 4, 13), (4, 4, 5, 7, 16)]
14 -> costo: 96611.7, rotte: {3: [(1, 2), (2, 4), (4, 10), (10, 12), (12, 17), (17, 16)], 4: [(1, 5), (5, 7), (7, 9), (9, 8), (8, 13), (13, 15)], 2: [(1, 6), (6, 3), (3, 8), (8, 11), (11, 14)]}, padri: [13, 15, 21], figli: [11], mosse: [(4, 4, 9, 8, 2), (3, 3, 2, 4, 13), (4, 4, 5, 7, 16)]
15 -> costo: 96823.49999999999, rotte: {3: [(1, 4), (4, 2), (2, 10), (10, 12), (12, 17), (17, 16)], 4: [(1, 5), (5, 7), (7, 9), (9, 8), (8, 13), (13, 15)], 2: [(1, 6), (6, 3), (3, 8), (8, 11), (11, 14)]}, padri: [8], figli: [12, 14], mosse: [(4, 4, 9, 8, 2)]
16 -> costo: 96982.29999999999, rotte: {3: [(1, 4), (4, 2), (2, 10), (10, 12), (12, 17), (17, 16)], 4: [(1, 7), (7, 5), (5, 8), (8, 9), (9, 13), (13, 15)], 2: [(1, 3), (3, 6), (6, 8), (8, 11), (11, 14)]}, padri: [7], figli: [9, 17, 19, 21], mosse: [(2, 2, 3, 6, 15)]
17 -> costo: 96770.5, rotte: {3: [(1, 2), (2, 4), (4, 10), (10, 12), (12, 17), (17, 16)], 4: [(1, 7), (7, 5), (5, 8), (8, 9), (9, 13), (13, 15)], 2: [(1, 3), (3, 6), (6, 8), (8, 11), (11, 14)]}, padri: [16, 20], figli: [10, 18], mosse: [(3, 3, 2, 4, 13), (2, 2, 3, 6, 15)]
18 -> costo: 96770.49999999999, rotte: {3: [(1, 2), (2, 4), (4, 10), (10, 12), (12, 17), (17, 16)], 4: [(1, 7), (7, 5), (5, 9), (9, 8), (8, 13), (13, 15)], 2: [(1, 3), (3, 6), (6, 8), (8, 11), (11, 14)]}, padri: [17, 19, 21], figli: [11], mosse: [(4, 4, 9, 8, 2), (3, 3, 2, 4, 13), (2, 2, 3, 6, 15)]
19 -> costo: 96982.29999999997, rotte: {3: [(1, 4), (4, 2), (2, 10), (10, 12), (12, 17), (17, 16)], 4: [(1, 7), (7, 5), (5, 9), (9, 8), (8, 13), (13, 15)], 2: [(1, 3), (3, 6), (6, 8), (8, 11), (11, 14)]}, padri: [16], figli: [12, 18], mosse: [(4, 4, 9, 8, 2)]
20 -> costo: 97896.50000000001, rotte: {3: [(1, 2), (2, 4), (4, 10), (10, 12), (12, 17), (17, 16)], 4: [(1, 7), (7, 5), (5, 8), (8, 9), (9, 13), (13, 15)], 2: [(1, 6), (6, 3), (3, 8), (8, 11), (11, 14)]}, padri: [7], figli: [13, 17, 21], mosse: [(3, 3, 2, 4, 13)]
21 -> costo: 97896.5, rotte: {3: [(1, 2), (2, 4), (4, 10), (10, 12), (12, 17), (17, 16)], 4: [(1, 7), (7, 5), (5, 9), (9, 8), (8, 13), (13, 15)], 2: [(1, 6), (6, 3), (3, 8), (8, 11), (11, 14)]}, padri: [20], figli: [14, 18], mosse: [(4, 4, 9, 8, 2)]
bestSolutionIndice: 11
11 -> costo: 95485.69999999998, rotte: {3: [(1, 2), (2, 4), (4, 10), (10, 12), (12, 17), (17, 16)], 4: [(1, 5), (5, 7), (7, 9), (9, 8), (8, 13), (13, 15)], 2: [(1, 3), (3, 6), (6, 8), (8, 11), (11, 14)]}, padri: [10, 12, 14, 18], figli: [], mosse: [(4, 4, 9, 8, 2), (3, 3, 2, 4, 13), (2, 2, 3, 6, 15), (4, 4, 5, 7, 16)]
trasportoPalletDiGamma: {3: [(2, 11), (4, 13), (10, 19), (12, 1), (17, 6), (16, 5)], 4: [(5, 14), (7, 16), (9, 18), (8, 2), (13, 2), (15, 4)], 2: [(3, 12), (6, 15), (8, 15), (11, 20), (14, 3)]}
itMosseLS: 35, itMosseTS: 25
time elapsed: 644.38s.


##########################################################################################
s: 1
dictSolutions[1]:
0 -> costo: 163034.00000000003, rotte: {3: [(1, 4), (4, 6), (6, 16), (16, 10), (10, 17), (17, 7)], 4: [(1, 3), (3, 2), (2, 9), (9, 15), (15, 13), (13, 7)], 2: [(1, 8), (8, 14), (14, 12), (12, 5), (5, 11)]}, padri: [-1], figli: [1], mosse: [-1]
1 -> costo: 136905.4, rotte: {3: [(1, 4), (4, 6), (6, 10), (10, 16), (16, 17), (17, 7)], 4: [(1, 3), (3, 2), (2, 9), (9, 15), (15, 13), (13, 7)], 2: [(1, 8), (8, 14), (14, 12), (12, 5), (5, 11)]}, padri: [0], figli: [2], mosse: [(3, 3, 10, 16, 5)]
2 -> costo: 129784.6, rotte: {3: [(1, 4), (4, 6), (6, 10), (10, 16), (16, 17), (17, 7)], 4: [(1, 3), (3, 2), (2, 9), (9, 15), (15, 13), (13, 7)], 2: [(1, 8), (8, 14), (14, 12), (12, 11), (11, 5)]}, padri: [1], figli: [3], mosse: [(2, 2, 5, 11)]
3 -> costo: 114195.20000000001, rotte: {3: [(1, 4), (4, 7), (7, 6), (6, 10), (10, 16), (16, 17)], 4: [(1, 3), (3, 2), (2, 9), (9, 15), (15, 13), (13, 7)], 2: [(1, 8), (8, 14), (14, 12), (12, 11), (11, 5)]}, padri: [2], figli: [4], mosse: [(3, 3, 4, 7, 7)]
4 -> costo: 114115.8, rotte: {3: [(1, 4), (4, 7), (7, 6), (6, 10), (10, 17), (17, 16)], 4: [(1, 3), (3, 2), (2, 9), (9, 15), (15, 13), (13, 7)], 2: [(1, 8), (8, 14), (14, 12), (12, 11), (11, 5)]}, padri: [3], figli: [5], mosse: [(3, 3, 16, 17)]
5 -> costo: 106287.5, rotte: {3: [(1, 4), (4, 7), (7, 6), (6, 10), (10, 17), (17, 16)], 4: [(1, 3), (3, 2), (2, 9), (9, 13), (13, 7), (7, 15)], 2: [(1, 8), (8, 14), (14, 12), (12, 11), (11, 5)]}, padri: [4], figli: [6], mosse: [(4, 4, 7, 15, 4)]
6 -> costo: 100687.50000000001, rotte: {3: [(1, 4), (4, 7), (7, 6), (6, 10), (10, 17), (17, 16)], 4: [(1, 3), (3, 2), (2, 9), (9, 7), (7, 13), (13, 15)], 2: [(1, 8), (8, 14), (14, 12), (12, 11), (11, 5)]}, padri: [5], figli: [7], mosse: [(4, 4, 7, 13, 2)]
7 -> costo: 95544.00000000003, rotte: {3: [(1, 4), (4, 7), (7, 6), (6, 10), (10, 17), (17, 16)], 4: [(1, 3), (3, 2), (2, 9), (9, 7), (7, 13), (13, 15)], 2: [(1, 5), (5, 8), (8, 14), (14, 12), (12, 11)]}, padri: [6], figli: [8], mosse: [(2, 2, 1, 5, 14)]
8 -> costo: 95381.00000000001, rotte: {3: [(1, 4), (4, 7), (7, 6), (6, 10), (10, 17), (17, 16)], 4: [(1, 3), (3, 2), (2, 9), (9, 7), (7, 13), (13, 15)], 2: [(1, 5), (5, 8), (8, 14), (14, 11), (11, 12)]}, padri: [7], figli: [9, 15], mosse: [(2, 2, 12, 11)]
9 -> costo: 93247.6, rotte: {3: [(1, 4), (4, 7), (7, 6), (6, 10), (10, 17), (17, 16)], 4: [(1, 3), (3, 2), (2, 7), (7, 9), (9, 13), (13, 15)], 2: [(1, 5), (5, 8), (8, 14), (14, 11), (11, 12)]}, padri: [8], figli: [10, 13, 17], mosse: [(4, 4, 7, 9, 18)]
10 -> costo: 91454.6, rotte: {3: [(1, 4), (4, 7), (7, 6), (6, 10), (10, 17), (17, 16)], 4: [(1, 2), (2, 3), (3, 7), (7, 9), (9, 13), (13, 15)], 2: [(1, 5), (5, 8), (8, 14), (14, 11), (11, 12)]}, padri: [9, 16], figli: [11, 14, 18], mosse: [(4, 4, 2, 3, 12), (4, 4, 3, 7, 9)]
11 -> costo: 91253.70000000001, rotte: {3: [(1, 4), (4, 7), (7, 6), (6, 10), (10, 17), (17, 16)], 4: [(1, 2), (2, 3), (3, 7), (7, 9), (9, 13), (13, 15)], 2: [(1, 5), (5, 8), (8, 11), (11, 12), (12, 14)]}, padri: [10, 13, 17], figli: [12], mosse: [(2, 2, 12, 14, 3), (4, 4, 2, 3, 12), (4, 4, 3, 7, 9)]
12 -> costo: 91133.90000000001, rotte: {3: [(1, 4), (4, 7), (7, 6), (6, 10), (10, 17), (17, 16)], 4: [(1, 2), (2, 3), (3, 7), (7, 9), (9, 13), (13, 15)], 2: [(1, 5), (5, 8), (8, 12), (12, 11), (11, 14)]}, padri: [11, 14, 18, 26], figli: [], mosse: [(2, 2, 12, 11, 20), (4, 4, 2, 3, 12), (4, 4, 3, 7, 9), (4, 2, 3, 7, 9)]
13 -> costo: 93046.70000000001, rotte: {3: [(1, 4), (4, 7), (7, 6), (6, 10), (10, 17), (17, 16)], 4: [(1, 3), (3, 2), (2, 7), (7, 9), (9, 13), (13, 15)], 2: [(1, 5), (5, 8), (8, 11), (11, 12), (12, 14)]}, padri: [9], figli: [11, 14, 18], mosse: [(2, 2, 12, 14, 3)]
14 -> costo: 92926.90000000001, rotte: {3: [(1, 4), (4, 7), (7, 6), (6, 10), (10, 17), (17, 16)], 4: [(1, 3), (3, 2), (2, 7), (7, 9), (9, 13), (13, 15)], 2: [(1, 5), (5, 8), (8, 12), (12, 11), (11, 14)]}, padri: [13, 22], figli: [12], mosse: [(2, 2, 12, 11, 20), (4, 4, 2, 7, 9)]
15 -> costo: 93919.3, rotte: {3: [(1, 4), (4, 7), (7, 6), (6, 10), (10, 17), (17, 16)], 4: [(1, 2), (2, 9), (9, 7), (7, 3), (3, 13), (13, 15)], 2: [(1, 5), (5, 8), (8, 14), (14, 11), (11, 12)]}, padri: [8], figli: [16, 19], mosse: [(4, 4, 7, 3, 12)]
16 -> costo: 93254.20000000001, rotte: {3: [(1, 4), (4, 7), (7, 6), (6, 10), (10, 17), (17, 16)], 4: [(1, 2), (2, 7), (7, 3), (3, 9), (9, 13), (13, 15)], 2: [(1, 5), (5, 8), (8, 14), (14, 11), (11, 12)]}, padri: [15], figli: [10, 17, 20], mosse: [(4, 4, 3, 9, 18)]
17 -> costo: 93053.30000000002, rotte: {3: [(1, 4), (4, 7), (7, 6), (6, 10), (10, 17), (17, 16)], 4: [(1, 2), (2, 7), (7, 3), (3, 9), (9, 13), (13, 15)], 2: [(1, 5), (5, 8), (8, 11), (11, 12), (12, 14)]}, padri: [16, 19], figli: [11, 18, 21], mosse: [(2, 2, 12, 14, 3), (4, 4, 3, 9, 18)]
18 -> costo: 92933.50000000001, rotte: {3: [(1, 4), (4, 7), (7, 6), (6, 10), (10, 17), (17, 16)], 4: [(1, 2), (2, 7), (7, 3), (3, 9), (9, 13), (13, 15)], 2: [(1, 5), (5, 8), (8, 12), (12, 11), (11, 14)]}, padri: [17, 20], figli: [12], mosse: [(2, 2, 12, 11, 20), (4, 4, 3, 9, 18)]
19 -> costo: 93718.40000000001, rotte: {3: [(1, 4), (4, 7), (7, 6), (6, 10), (10, 17), (17, 16)], 4: [(1, 2), (2, 9), (9, 7), (7, 3), (3, 13), (13, 15)], 2: [(1, 5), (5, 8), (8, 11), (11, 12), (12, 14)]}, padri: [15], figli: [17, 20], mosse: [(2, 2, 12, 14, 3)]
20 -> costo: 93598.6, rotte: {3: [(1, 4), (4, 7), (7, 6), (6, 10), (10, 17), (17, 16)], 4: [(1, 2), (2, 9), (9, 7), (7, 3), (3, 13), (13, 15)], 2: [(1, 5), (5, 8), (8, 12), (12, 11), (11, 14)]}, padri: [19], figli: [18, 21], mosse: [(2, 2, 12, 11, 20)]
21 -> costo: 93514.20000000001, rotte: {3: [(1, 4), (4, 7), (7, 6), (6, 10), (10, 17), (17, 16)], 4: [(1, 9), (9, 7), (7, 3), (3, 2), (2, 13), (13, 15)], 2: [(1, 5), (5, 8), (8, 12), (12, 11), (11, 14)]}, padri: [20], figli: [22], mosse: [(4, 4, 3, 2, 11)]
22 -> costo: 93008.80000000002, rotte: {3: [(1, 4), (4, 7), (7, 6), (6, 10), (10, 17), (17, 16)], 4: [(1, 7), (7, 3), (3, 2), (2, 9), (9, 13), (13, 15)], 2: [(1, 5), (5, 8), (8, 12), (12, 11), (11, 14)]}, padri: [21], figli: [23, 25, 26, 14], mosse: [(4, 4, 2, 9, 18)]
23 -> costo: 91324.30000000002, rotte: {3: [(1, 4), (4, 7), (7, 6), (6, 10), (10, 17), (17, 16)], 4: [(1, 3), (3, 2), (2, 9), (9, 13), (13, 15)], 2: [(1, 5), (5, 7), (7, 8), (8, 12), (12, 11), (11, 14)]}, padri: [22, 25], figli: [24], mosse: [(2, 4, 5, 7, 9), (2, 2, 5, 7, 9)]
24 -> costo: 91112.50000000001, rotte: {3: [(1, 4), (4, 7), (7, 6), (6, 10), (10, 17), (17, 16)], 4: [(1, 2), (2, 3), (3, 9), (9, 13), (13, 15)], 2: [(1, 5), (5, 7), (7, 8), (8, 12), (12, 11), (11, 14)]}, padri: [23, 26], figli: [], mosse: [(4, 4, 2, 3, 12), (2, 2, 5, 7, 9)]
25 -> costo: 92609.1, rotte: {3: [(1, 4), (4, 7), (7, 6), (6, 10), (10, 17), (17, 16)], 4: [(1, 3), (3, 2), (2, 9), (9, 13), (13, 15)], 2: [(1, 7), (7, 5), (5, 8), (8, 12), (12, 11), (11, 14)]}, padri: [22], figli: [23, 26], mosse: [(2, 4, 1, 7, 9)]
26 -> costo: 92397.3, rotte: {3: [(1, 4), (4, 7), (7, 6), (6, 10), (10, 17), (17, 16)], 4: [(1, 2), (2, 3), (3, 9), (9, 13), (13, 15)], 2: [(1, 7), (7, 5), (5, 8), (8, 12), (12, 11), (11, 14)]}, padri: [25], figli: [24, 12], mosse: [(4, 4, 2, 3, 12)]
bestSolutionIndice: 24
24 -> costo: 91112.50000000001, rotte: {3: [(1, 4), (4, 7), (7, 6), (6, 10), (10, 17), (17, 16)], 4: [(1, 2), (2, 3), (3, 9), (9, 13), (13, 15)], 2: [(1, 5), (5, 7), (7, 8), (8, 12), (12, 11), (11, 14)]}, padri: [23, 26], figli: [], mosse: [(4, 4, 2, 3, 12), (2, 2, 5, 7, 9)]
trasportoPalletDiGamma: {3: [(4, 13), (7, 7), (6, 15), (10, 19), (17, 6), (16, 5)], 4: [(2, 11), (3, 12), (9, 18), (13, 2), (15, 4)], 2: [(5, 14), (7, 9), (8, 17), (12, 1), (11, 20), (14, 3)]}
itMosseLS: 37, itMosseTS: 25
time elapsed: 567.58s.


##########################################################################################
s: 1
dictSolutions[1]:
0 -> costo: 129785.39999999998, rotte: {4: [(1, 9), (9, 13), (13, 12), (12, 14), (14, 6), (6, 4)], 3: [(1, 17), (17, 15), (15, 2), (2, 5), (5, 8), (8, 3)], 2: [(1, 7), (7, 11), (11, 10), (10, 16), (16, 3)]}, padri: [-1], figli: [1], mosse: [-1]
1 -> costo: 114924.49999999999, rotte: {4: [(1, 9), (9, 13), (13, 12), (12, 14), (14, 6), (6, 4)], 3: [(1, 17), (17, 15), (15, 2), (2, 5), (5, 8), (8, 3)], 2: [(1, 3), (3, 7), (7, 11), (11, 10), (10, 16)]}, padri: [0], figli: [2], mosse: [(2, 2, 1, 3, 5)]
2 -> costo: 112304.69999999998, rotte: {4: [(1, 9), (9, 13), (13, 12), (12, 14), (14, 6), (6, 4)], 3: [(1, 17), (17, 15), (15, 2), (2, 5), (5, 3), (3, 8)], 2: [(1, 3), (3, 7), (7, 11), (11, 10), (10, 16)]}, padri: [1], figli: [3], mosse: [(3, 3, 8, 3)]
3 -> costo: 106383.40000000001, rotte: {4: [(1, 9), (9, 13), (13, 12), (12, 14), (14, 6), (6, 4)], 3: [(1, 17), (17, 15), (15, 2), (2, 5), (5, 3), (3, 8)], 2: [(1, 3), (3, 7), (7, 10), (10, 11), (11, 16)]}, padri: [2], figli: [4], mosse: [(2, 2, 10, 11, 20)]
4 -> costo: 106163.8, rotte: {4: [(1, 9), (9, 13), (13, 12), (12, 14), (14, 4), (4, 6)], 3: [(1, 17), (17, 15), (15, 2), (2, 5), (5, 3), (3, 8)], 2: [(1, 3), (3, 7), (7, 10), (10, 11), (11, 16)]}, padri: [3], figli: [5, 7, 11, 13, 14], mosse: [(4, 4, 6, 4)]
5 -> costo: 102790.20000000001, rotte: {4: [(1, 13), (13, 12), (12, 14), (14, 4), (4, 6), (6, 9)], 3: [(1, 17), (17, 15), (15, 2), (2, 5), (5, 3), (3, 8)], 2: [(1, 3), (3, 7), (7, 10), (10, 11), (11, 16)]}, padri: [4, 7, 11, 11, 11, 12], figli: [6], mosse: [(4, 4, 6, 9, 18), (4, 4, 6, 9, 18), (4, 4, 9, 6), (4, 4, 4, 6, 15), (4, 4, 6, 9, 18), (4, 4, 4, 6, 15)]
6 -> costo: 102367.80000000002, rotte: {4: [(1, 13), (13, 12), (12, 14), (14, 4), (4, 6), (6, 9)], 3: [(1, 17), (17, 15), (15, 2), (2, 3), (3, 5), (5, 8)], 2: [(1, 3), (3, 7), (7, 10), (10, 11), (11, 16)]}, padri: [5, 10, 13, 14, 14], figli: [], mosse: [(3, 3, 3, 5, 14), (4, 4, 6, 9, 18), (4, 4, 4, 6, 15), (4, 4, 9, 6), (4, 4, 4, 6, 15)]
7 -> costo: 104146.5, rotte: {4: [(1, 13), (13, 12), (12, 14), (14, 9), (9, 4), (4, 6)], 3: [(1, 17), (17, 15), (15, 2), (2, 5), (5, 3), (3, 8)], 2: [(1, 3), (3, 7), (7, 10), (10, 11), (11, 16)]}, padri: [4, 11], figli: [8, 5, 8, 8, 10, 10, 10, 12, 12, 12, 13], mosse: [(4, 4, 14, 9, 18), (4, 4, 9, 4, 13)]
8 -> costo: 103541.3, rotte: {4: [(1, 13), (13, 12), (12, 14), (14, 9), (9, 6), (6, 4)], 3: [(1, 17), (17, 15), (15, 2), (2, 5), (5, 3), (3, 8)], 2: [(1, 3), (3, 7), (7, 10), (10, 11), (11, 16)]}, padri: [7, 7, 7, 11, 12], figli: [9], mosse: [(4, 4, 4, 6), (4, 4, 9, 6, 15), (4, 4, 6, 4, 13), (4, 4, 6, 4, 13), (4, 4, 14, 9, 18)]
9 -> costo: 103118.90000000001, rotte: {4: [(1, 13), (13, 12), (12, 14), (14, 9), (9, 6), (6, 4)], 3: [(1, 17), (17, 15), (15, 2), (2, 3), (3, 5), (5, 8)], 2: [(1, 3), (3, 7), (7, 10), (10, 11), (11, 16)]}, padri: [8, 10, 10, 10, 13], figli: [], mosse: [(3, 3, 3, 5, 14), (4, 4, 4, 6), (4, 4, 9, 6, 15), (4, 4, 6, 4, 13), (4, 4, 14, 9, 18)]
10 -> costo: 103724.1, rotte: {4: [(1, 13), (13, 12), (12, 14), (14, 9), (9, 4), (4, 6)], 3: [(1, 17), (17, 15), (15, 2), (2, 3), (3, 5), (5, 8)], 2: [(1, 3), (3, 7), (7, 10), (10, 11), (11, 16)]}, padri: [7], figli: [9, 6, 9, 9], mosse: [(3, 3, 3, 5, 14)]
11 -> costo: 105406.8, rotte: {4: [(1, 13), (13, 12), (12, 14), (14, 4), (4, 9), (9, 6)], 3: [(1, 17), (17, 15), (15, 2), (2, 5), (5, 3), (3, 8)], 2: [(1, 3), (3, 7), (7, 10), (10, 11), (11, 16)]}, padri: [4], figli: [5, 5, 5, 8, 12, 13, 13, 13, 7, 14], mosse: [(4, 4, 4, 9, 18)]
12 -> costo: 103615.0, rotte: {4: [(1, 13), (13, 12), (12, 14), (14, 6), (6, 4), (4, 9)], 3: [(1, 17), (17, 15), (15, 2), (2, 5), (5, 3), (3, 8)], 2: [(1, 3), (3, 7), (7, 10), (10, 11), (11, 16)]}, padri: [11], figli: [5, 13, 8], mosse: [(4, 4, 14, 6, 15)]
13 -> costo: 103192.6, rotte: {4: [(1, 13), (13, 12), (12, 14), (14, 6), (6, 4), (4, 9)], 3: [(1, 17), (17, 15), (15, 2), (2, 3), (3, 5), (5, 8)], 2: [(1, 3), (3, 7), (7, 10), (10, 11), (11, 16)]}, padri: [12], figli: [6, 9], mosse: [(3, 3, 3, 5, 14)]
14 -> costo: 104984.40000000001, rotte: {4: [(1, 13), (13, 12), (12, 14), (14, 4), (4, 9), (9, 6)], 3: [(1, 17), (17, 15), (15, 2), (2, 3), (3, 5), (5, 8)], 2: [(1, 3), (3, 7), (7, 10), (10, 11), (11, 16)]}, padri: [11], figli: [6, 6], mosse: [(3, 3, 3, 5, 14)]
bestSolutionIndice: 6
6 -> costo: 102367.80000000002, rotte: {4: [(1, 13), (13, 12), (12, 14), (14, 4), (4, 6), (6, 9)], 3: [(1, 17), (17, 15), (15, 2), (2, 3), (3, 5), (5, 8)], 2: [(1, 3), (3, 7), (7, 10), (10, 11), (11, 16)]}, padri: [5, 10, 13, 14, 14], figli: [], mosse: [(3, 3, 3, 5, 14), (4, 4, 6, 9, 18), (4, 4, 4, 6, 15), (4, 4, 9, 6), (4, 4, 4, 6, 15)]
trasportoPalletDiGamma: {4: [(13, 2), (12, 1), (14, 3), (4, 13), (6, 15), (9, 18)], 3: [(17, 6), (15, 4), (2, 11), (3, 7), (5, 14), (8, 17)], 2: [(3, 5), (7, 16), (10, 19), (11, 20), (16, 5)]}
itMosseLS: 32, itMosseTS: 25
time elapsed: 810.74s.


##########################################################################################
s: 1
dictSolutions[1]:
0 -> costo: 149976.4, rotte: {2: [(1, 5), (5, 9), (9, 2), (2, 3), (3, 17), (17, 14)], 3: [(1, 13), (13, 10), (10, 8), (8, 15), (15, 12), (12, 4)], 4: [(1, 16), (16, 11), (11, 6), (6, 7), (7, 4)]}, padri: [-1], figli: [1], mosse: [-1]
1 -> costo: 134689.3, rotte: {2: [(1, 5), (5, 9), (9, 2), (2, 3), (3, 17), (17, 14)], 3: [(1, 13), (13, 10), (10, 8), (8, 15), (15, 16), (16, 12), (12, 4)], 4: [(1, 11), (11, 6), (6, 7), (7, 4)]}, padri: [0], figli: [2], mosse: [(3, 4, 15, 16, 5)]
2 -> costo: 127222.1, rotte: {2: [(1, 5), (5, 9), (9, 2), (2, 3), (3, 14), (14, 17)], 3: [(1, 13), (13, 10), (10, 8), (8, 15), (15, 16), (16, 12), (12, 4)], 4: [(1, 11), (11, 6), (6, 7), (7, 4)]}, padri: [1], figli: [3], mosse: [(2, 2, 17, 14)]
3 -> costo: 118900.9, rotte: {2: [(1, 5), (5, 9), (9, 2), (2, 3), (3, 14), (14, 17)], 3: [(1, 10), (10, 8), (8, 15), (15, 16), (16, 12), (12, 13), (13, 4)], 4: [(1, 11), (11, 6), (6, 7), (7, 4)]}, padri: [2], figli: [4], mosse: [(3, 3, 12, 13, 2)]
4 -> costo: 113467.79999999999, rotte: {2: [(1, 5), (5, 9), (9, 2), (2, 3), (3, 14), (14, 17)], 3: [(1, 10), (10, 8), (8, 15), (15, 16), (16, 12), (12, 13)], 4: [(1, 11), (11, 6), (6, 7), (7, 4)]}, padri: [3], figli: [5], mosse: [(4, 3, 1, 4, 4)]
5 -> costo: 110598.59999999998, rotte: {2: [(1, 5), (5, 9), (9, 2), (2, 3), (3, 14), (14, 17)], 3: [(1, 10), (10, 8), (8, 15), (15, 16), (16, 12), (12, 13)], 4: [(1, 6), (6, 7), (7, 4), (4, 11)]}, padri: [4], figli: [6], mosse: [(4, 4, 4, 11, 20)]
6 -> costo: 108522.89999999998, rotte: {2: [(1, 5), (5, 2), (2, 3), (3, 9), (9, 14), (14, 17)], 3: [(1, 10), (10, 8), (8, 15), (15, 16), (16, 12), (12, 13)], 4: [(1, 6), (6, 7), (7, 4), (4, 11)]}, padri: [5], figli: [7, 9, 10, 11, 12, 18], mosse: [(2, 2, 3, 9, 18)]
7 -> costo: 107804.99999999997, rotte: {2: [(1, 2), (2, 3), (3, 5), (5, 9), (9, 14), (14, 17)], 3: [(1, 10), (10, 8), (8, 15), (15, 16), (16, 12), (12, 13)], 4: [(1, 6), (6, 7), (7, 4), (4, 11)]}, padri: [6, 9, 19], figli: [8, 13], mosse: [(2, 2, 3, 5, 14), (2, 2, 3, 5, 14), (2, 2, 2, 3, 12)]
8 -> costo: 107618.69999999998, rotte: {2: [(1, 2), (2, 3), (3, 5), (5, 9), (9, 14), (14, 17)], 3: [(1, 8), (8, 10), (10, 15), (15, 16), (16, 12), (12, 13)], 4: [(1, 6), (6, 7), (7, 4), (4, 11)]}, padri: [7, 10, 12, 13, 15], figli: [], mosse: [(3, 3, 8, 10, 19), (2, 2, 3, 5, 14), (2, 2, 3, 5, 14), (2, 3, 3, 5, 14), (2, 2, 2, 3, 12)]
9 -> costo: 108227.39999999998, rotte: {2: [(1, 2), (2, 5), (5, 3), (3, 9), (9, 14), (14, 17)], 3: [(1, 10), (10, 8), (8, 15), (15, 16), (16, 12), (12, 13)], 4: [(1, 6), (6, 7), (7, 4), (4, 11)]}, padri: [6], figli: [7, 10, 14], mosse: [(2, 2, 2, 5, 14)]
10 -> costo: 108041.09999999998, rotte: {2: [(1, 2), (2, 5), (5, 3), (3, 9), (9, 14), (14, 17)], 3: [(1, 8), (8, 10), (10, 15), (15, 16), (16, 12), (12, 13)], 4: [(1, 6), (6, 7), (7, 4), (4, 11)]}, padri: [9, 12], figli: [8, 13], mosse: [(3, 3, 8, 10, 19), (2, 2, 2, 5, 14)]
11 -> costo: 108309.29999999997, rotte: {2: [(1, 2), (2, 3), (3, 9), (9, 14), (14, 17)], 3: [(1, 10), (10, 8), (8, 5), (5, 15), (15, 16), (16, 12), (12, 13)], 4: [(1, 6), (6, 7), (7, 4), (4, 11)]}, padri: [6], figli: [], mosse: [(3, 2, 8, 5, 14)]
12 -> costo: 108336.59999999998, rotte: {2: [(1, 5), (5, 2), (2, 3), (3, 9), (9, 14), (14, 17)], 3: [(1, 8), (8, 10), (10, 15), (15, 16), (16, 12), (12, 13)], 4: [(1, 6), (6, 7), (7, 4), (4, 11)]}, padri: [6], figli: [8, 13, 10, 14, 20], mosse: [(3, 3, 8, 10, 19)]
13 -> costo: 107998.59999999998, rotte: {2: [(1, 2), (2, 3), (3, 9), (9, 14), (14, 17)], 3: [(1, 5), (5, 8), (8, 10), (10, 15), (15, 16), (16, 12), (12, 13)], 4: [(1, 6), (6, 7), (7, 4), (4, 11)]}, padri: [12, 16], figli: [8], mosse: [(3, 2, 1, 5, 14), (2, 2, 2, 3, 12)]
14 -> costo: 108265.79999999997, rotte: {2: [(1, 5), (5, 3), (3, 2), (2, 9), (9, 14), (14, 17)], 3: [(1, 8), (8, 10), (10, 15), (15, 16), (16, 12), (12, 13)], 4: [(1, 6), (6, 7), (7, 4), (4, 11)]}, padri: [12, 18], figli: [15, 16, 17], mosse: [(2, 2, 3, 2, 11), (3, 3, 8, 10, 19)]
15 -> costo: 107901.29999999997, rotte: {2: [(1, 3), (3, 2), (2, 5), (5, 9), (9, 14), (14, 17)], 3: [(1, 8), (8, 10), (10, 15), (15, 16), (16, 12), (12, 13)], 4: [(1, 6), (6, 7), (7, 4), (4, 11)]}, padri: [14, 16, 17, 19], figli: [8], mosse: [(2, 2, 2, 5, 14), (2, 3, 2, 5, 14), (2, 2, 2, 5, 14), (3, 3, 8, 10, 19)]
16 -> costo: 108210.39999999998, rotte: {2: [(1, 3), (3, 2), (2, 9), (9, 14), (14, 17)], 3: [(1, 5), (5, 8), (8, 10), (10, 15), (15, 16), (16, 12), (12, 13)], 4: [(1, 6), (6, 7), (7, 4), (4, 11)]}, padri: [14], figli: [15, 13], mosse: [(3, 2, 1, 5, 14)]
17 -> costo: 108252.89999999998, rotte: {2: [(1, 3), (3, 5), (5, 2), (2, 9), (9, 14), (14, 17)], 3: [(1, 8), (8, 10), (10, 15), (15, 16), (16, 12), (12, 13)], 4: [(1, 6), (6, 7), (7, 4), (4, 11)]}, padri: [14, 20], figli: [15], mosse: [(2, 2, 3, 5, 14), (3, 3, 8, 10, 19)]
18 -> costo: 108452.09999999998, rotte: {2: [(1, 5), (5, 3), (3, 2), (2, 9), (9, 14), (14, 17)], 3: [(1, 10), (10, 8), (8, 15), (15, 16), (16, 12), (12, 13)], 4: [(1, 6), (6, 7), (7, 4), (4, 11)]}, padri: [6], figli: [19, 14, 20], mosse: [(2, 2, 3, 2, 11)]
19 -> costo: 108087.59999999998, rotte: {2: [(1, 3), (3, 2), (2, 5), (5, 9), (9, 14), (14, 17)], 3: [(1, 10), (10, 8), (8, 15), (15, 16), (16, 12), (12, 13)], 4: [(1, 6), (6, 7), (7, 4), (4, 11)]}, padri: [18, 20], figli: [7, 15], mosse: [(2, 2, 2, 5, 14), (2, 2, 2, 5, 14)]
20 -> costo: 108439.19999999998, rotte: {2: [(1, 3), (3, 5), (5, 2), (2, 9), (9, 14), (14, 17)], 3: [(1, 10), (10, 8), (8, 15), (15, 16), (16, 12), (12, 13)], 4: [(1, 6), (6, 7), (7, 4), (4, 11)]}, padri: [18], figli: [19, 17], mosse: [(2, 2, 3, 5, 14)]
bestSolutionIndice: 8
8 -> costo: 107618.69999999998, rotte: {2: [(1, 2), (2, 3), (3, 5), (5, 9), (9, 14), (14, 17)], 3: [(1, 8), (8, 10), (10, 15), (15, 16), (16, 12), (12, 13)], 4: [(1, 6), (6, 7), (7, 4), (4, 11)]}, padri: [7, 10, 12, 13, 15], figli: [], mosse: [(3, 3, 8, 10, 19), (2, 2, 3, 5, 14), (2, 2, 3, 5, 14), (2, 3, 3, 5, 14), (2, 2, 2, 3, 12)]
trasportoPalletDiGamma: {2: [(2, 11), (3, 12), (5, 14), (9, 18), (14, 3), (17, 6)], 3: [(8, 17), (10, 19), (15, 4), (16, 5), (12, 1), (13, 2)], 4: [(6, 15), (7, 16), (4, 13), (11, 20)]}
itMosseLS: 34, itMosseTS: 25
time elapsed: 626.94s.


##########################################################################################
s: 1
dictSolutions[1]:
0 -> costo: 152989.1, rotte: {4: [(1, 4), (4, 8), (8, 7), (7, 5), (5, 11)], 3: [(1, 16), (16, 10), (10, 12), (12, 13), (13, 6), (6, 3)], 2: [(1, 2), (2, 17), (17, 14), (14, 15), (15, 9), (9, 11)]}, padri: [-1], figli: [1], mosse: [-1]
1 -> costo: 127802.09999999999, rotte: {4: [(1, 4), (4, 8), (8, 7), (7, 5), (5, 11)], 3: [(1, 16), (16, 10), (10, 12), (12, 13), (13, 6), (6, 3)], 2: [(1, 2), (2, 17), (17, 15), (15, 9), (9, 14), (14, 11)]}, padri: [0], figli: [2], mosse: [(2, 2, 9, 14, 3)]
2 -> costo: 127438.2, rotte: {4: [(1, 4), (4, 8), (8, 7), (7, 5), (5, 11)], 3: [(1, 16), (16, 10), (10, 12), (12, 13), (13, 6), (6, 3)], 2: [(1, 2), (2, 17), (17, 15), (15, 9), (9, 11), (11, 14)]}, padri: [1], figli: [3], mosse: [(2, 2, 14, 11)]
3 -> costo: 107369.1, rotte: {4: [(1, 4), (4, 8), (8, 7), (7, 5), (5, 11)], 3: [(1, 10), (10, 12), (12, 13), (13, 6), (6, 3)], 2: [(1, 2), (2, 16), (16, 17), (17, 15), (15, 9), (9, 11), (11, 14)]}, padri: [2], figli: [4], mosse: [(2, 3, 2, 16, 5)]
4 -> costo: 107081.6, rotte: {4: [(1, 4), (4, 8), (8, 7), (7, 5), (5, 11)], 3: [(1, 10), (10, 12), (12, 13), (13, 3), (3, 6)], 2: [(1, 2), (2, 16), (16, 17), (17, 15), (15, 9), (9, 11), (11, 14)]}, padri: [3], figli: [5], mosse: [(3, 3, 6, 3)]
5 -> costo: 101344.70000000001, rotte: {4: [(1, 4), (4, 8), (8, 7), (7, 5), (5, 11)], 3: [(1, 10), (10, 12), (12, 13), (13, 2), (2, 3), (3, 6)], 2: [(1, 16), (16, 17), (17, 15), (15, 9), (9, 11), (11, 14)]}, padri: [4], figli: [6], mosse: [(3, 2, 13, 2, 11)]
6 -> costo: 101295.50000000001, rotte: {4: [(1, 4), (4, 7), (7, 8), (8, 5), (5, 11)], 3: [(1, 10), (10, 12), (12, 13), (13, 2), (2, 3), (3, 6)], 2: [(1, 16), (16, 17), (17, 15), (15, 9), (9, 11), (11, 14)]}, padri: [5], figli: [7], mosse: [(4, 4, 8, 7)]
7 -> costo: 94010.3, rotte: {4: [(1, 4), (4, 7), (7, 8), (8, 5)], 3: [(1, 10), (10, 12), (12, 13), (13, 2), (2, 3), (3, 6)], 2: [(1, 16), (16, 17), (17, 15), (15, 9), (9, 11), (11, 14)]}, padri: [6], figli: [8], mosse: [(2, 4, 1, 11, 5)]
8 -> costo: 91309.80000000002, rotte: {4: [(1, 4), (4, 7), (7, 5), (5, 8)], 3: [(1, 10), (10, 12), (12, 13), (13, 2), (2, 3), (3, 6)], 2: [(1, 16), (16, 17), (17, 15), (15, 9), (9, 11), (11, 14)]}, padri: [7], figli: [9], mosse: [(4, 4, 8, 5)]
9 -> costo: 87623.60000000002, rotte: {4: [(1, 4), (4, 7), (7, 5), (5, 8)], 3: [(1, 10), (10, 12), (12, 13), (13, 2), (2, 3), (3, 6)], 2: [(1, 16), (16, 17), (17, 15), (15, 11), (11, 14), (14, 9)]}, padri: [8], figli: [10], mosse: [(2, 2, 14, 9, 18)]
10 -> costo: 85700.1, rotte: {4: [(1, 4), (4, 7), (7, 5), (5, 8)], 3: [(1, 12), (12, 13), (13, 10), (10, 2), (2, 3), (3, 6)], 2: [(1, 16), (16, 17), (17, 15), (15, 11), (11, 14), (14, 9)]}, padri: [9], figli: [11], mosse: [(3, 3, 13, 10, 19)]
11 -> costo: 85111.8, rotte: {4: [(1, 4), (4, 7), (7, 5), (5, 8)], 3: [(1, 13), (13, 10), (10, 2), (2, 3), (3, 6)], 2: [(1, 16), (16, 17), (17, 15), (15, 12), (12, 11), (11, 14), (14, 9)]}, padri: [10], figli: [12, 15, 18], mosse: [(2, 3, 15, 12, 1)]
12 -> costo: 77044.8, rotte: {4: [(1, 4), (4, 7), (7, 5), (5, 8)], 3: [(1, 10), (10, 2), (2, 3), (3, 6)], 2: [(1, 16), (16, 17), (17, 15), (15, 12), (12, 11), (11, 14), (14, 13), (13, 9)]}, padri: [11, 15, 18], figli: [13, 14], mosse: [(2, 3, 14, 13, 2), (2, 2, 14, 13, 2), (2, 2, 14, 13, 2)]
13 -> costo: 76614.7, rotte: {4: [(1, 4), (4, 7), (7, 5), (5, 8)], 3: [(1, 2), (2, 3), (3, 10), (10, 6)], 2: [(1, 16), (16, 17), (17, 15), (15, 12), (12, 11), (11, 14), (14, 13), (13, 9)]}, padri: [12, 14, 14, 14, 16, 19], figli: [], mosse: [(3, 3, 3, 10, 19), (3, 3, 6, 10), (3, 3, 3, 10, 19), (3, 3, 10, 6, 15), (2, 2, 14, 13, 2), (2, 2, 14, 13, 2)]
14 -> costo: 76629.0, rotte: {4: [(1, 4), (4, 7), (7, 5), (5, 8)], 3: [(1, 2), (2, 3), (3, 6), (6, 10)], 2: [(1, 16), (16, 17), (17, 15), (15, 12), (12, 11), (11, 14), (14, 13), (13, 9)]}, padri: [12, 17, 20], figli: [13, 13, 13], mosse: [(3, 3, 6, 10, 19), (2, 2, 14, 13, 2), (2, 2, 14, 13, 2)]
15 -> costo: 77083.8, rotte: {4: [(1, 4), (4, 7), (7, 5), (5, 8)], 3: [(1, 10), (10, 2), (2, 3), (3, 6)], 2: [(1, 16), (16, 17), (17, 15), (15, 12), (12, 13), (13, 11), (11, 14), (14, 9)]}, padri: [11, 18], figli: [16, 17, 12], mosse: [(2, 3, 12, 13, 2), (2, 2, 13, 11, 20)]
16 -> costo: 76653.7, rotte: {4: [(1, 4), (4, 7), (7, 5), (5, 8)], 3: [(1, 2), (2, 3), (3, 10), (10, 6)], 2: [(1, 16), (16, 17), (17, 15), (15, 12), (12, 13), (13, 11), (11, 14), (14, 9)]}, padri: [15, 17, 17, 17, 19], figli: [13], mosse: [(3, 3, 3, 10, 19), (3, 3, 6, 10), (3, 3, 3, 10, 19), (3, 3, 10, 6, 15), (2, 2, 13, 11, 20)]
17 -> costo: 76668.0, rotte: {4: [(1, 4), (4, 7), (7, 5), (5, 8)], 3: [(1, 2), (2, 3), (3, 6), (6, 10)], 2: [(1, 16), (16, 17), (17, 15), (15, 12), (12, 13), (13, 11), (11, 14), (14, 9)]}, padri: [15, 20], figli: [16, 14, 16, 16], mosse: [(3, 3, 6, 10, 19), (2, 2, 13, 11, 20)]
18 -> costo: 77111.40000000001, rotte: {4: [(1, 4), (4, 7), (7, 5), (5, 8)], 3: [(1, 10), (10, 2), (2, 3), (3, 6)], 2: [(1, 16), (16, 17), (17, 15), (15, 12), (12, 11), (11, 13), (13, 14), (14, 9)]}, padri: [11], figli: [19, 20, 12, 15], mosse: [(2, 3, 11, 13, 2)]
19 -> costo: 76681.3, rotte: {4: [(1, 4), (4, 7), (7, 5), (5, 8)], 3: [(1, 2), (2, 3), (3, 10), (10, 6)], 2: [(1, 16), (16, 17), (17, 15), (15, 12), (12, 11), (11, 13), (13, 14), (14, 9)]}, padri: [18, 20, 20, 20], figli: [13, 16], mosse: [(3, 3, 3, 10, 19), (3, 3, 6, 10), (3, 3, 3, 10, 19), (3, 3, 10, 6, 15)]
20 -> costo: 76695.6, rotte: {4: [(1, 4), (4, 7), (7, 5), (5, 8)], 3: [(1, 2), (2, 3), (3, 6), (6, 10)], 2: [(1, 16), (16, 17), (17, 15), (15, 12), (12, 11), (11, 13), (13, 14), (14, 9)]}, padri: [18], figli: [19, 14, 17, 19, 19], mosse: [(3, 3, 6, 10, 19)]
bestSolutionIndice: 13
13 -> costo: 76614.7, rotte: {4: [(1, 4), (4, 7), (7, 5), (5, 8)], 3: [(1, 2), (2, 3), (3, 10), (10, 6)], 2: [(1, 16), (16, 17), (17, 15), (15, 12), (12, 11), (11, 14), (14, 13), (13, 9)]}, padri: [12, 14, 14, 14, 16, 19], figli: [], mosse: [(3, 3, 3, 10, 19), (3, 3, 6, 10), (3, 3, 3, 10, 19), (3, 3, 10, 6, 15), (2, 2, 14, 13, 2), (2, 2, 14, 13, 2)]
trasportoPalletDiGamma: {4: [(4, 13), (7, 16), (5, 14), (8, 17)], 3: [(2, 11), (3, 12), (10, 19), (6, 15)], 2: [(16, 5), (17, 6), (15, 4), (12, 1), (11, 20), (14, 3), (13, 2), (9, 18)]}
itMosseLS: 38, itMosseTS: 25
time elapsed: 280.30s.


##########################################################################################
s: 1
dictSolutions[1]:
0 -> costo: 153975.10000000003, rotte: {2: [(1, 3), (3, 7), (7, 16), (16, 4), (4, 11)], 3: [(1, 17), (17, 14), (14, 12), (12, 15), (15, 6), (6, 8)], 4: [(1, 9), (9, 2), (2, 10), (10, 13), (13, 5), (5, 11)]}, padri: [-1], figli: [1], mosse: [-1]
1 -> costo: 137983.1, rotte: {2: [(1, 3), (3, 7), (7, 4), (4, 11), (11, 16)], 3: [(1, 17), (17, 14), (14, 12), (12, 15), (15, 6), (6, 8)], 4: [(1, 9), (9, 2), (2, 10), (10, 13), (13, 5), (5, 11)]}, padri: [0], figli: [2], mosse: [(2, 2, 11, 16, 5)]
2 -> costo: 131155.5, rotte: {2: [(1, 3), (3, 7), (7, 4), (4, 11), (11, 16)], 3: [(1, 17), (17, 14), (14, 12), (12, 15), (15, 6), (6, 8)], 4: [(1, 9), (9, 2), (2, 10), (10, 13), (13, 11), (11, 5)]}, padri: [1], figli: [3], mosse: [(4, 4, 5, 11)]
3 -> costo: 115551.80000000002, rotte: {2: [(1, 3), (3, 7), (7, 4), (4, 11), (11, 16)], 3: [(1, 14), (14, 12), (12, 17), (17, 15), (15, 6), (6, 8)], 4: [(1, 9), (9, 2), (2, 10), (10, 13), (13, 11), (11, 5)]}, padri: [2], figli: [4], mosse: [(3, 3, 12, 17, 6)]
4 -> costo: 108997.80000000002, rotte: {2: [(1, 3), (3, 7), (7, 4), (4, 11), (11, 16)], 3: [(1, 14), (14, 12), (12, 17), (17, 15), (15, 6), (6, 8), (8, 9)], 4: [(1, 2), (2, 10), (10, 13), (13, 11), (11, 5)]}, padri: [3], figli: [5, 14], mosse: [(3, 4, 8, 9, 18)]
5 -> costo: 104001.50000000001, rotte: {2: [(1, 3), (3, 7), (7, 4), (4, 11), (11, 16)], 3: [(1, 14), (14, 12), (12, 17), (17, 15), (15, 6), (6, 8), (8, 9)], 4: [(1, 2), (2, 5), (5, 10), (10, 13), (13, 11)]}, padri: [4], figli: [6], mosse: [(4, 4, 2, 5, 14)]
6 -> costo: 103488.00000000001, rotte: {2: [(1, 3), (3, 7), (7, 4), (4, 11), (11, 16)], 3: [(1, 12), (12, 17), (17, 15), (15, 6), (6, 8), (8, 9)], 4: [(1, 2), (2, 5), (5, 10), (10, 13), (13, 11), (11, 14)]}, padri: [5], figli: [7, 8, 9, 10, 11, 12, 13], mosse: [(4, 3, 11, 14, 3)]
7 -> costo: 94349.40000000001, rotte: {2: [(1, 3), (3, 7), (7, 4), (4, 11), (11, 16)], 3: [(1, 17), (17, 15), (15, 6), (6, 8), (8, 9)], 4: [(1, 2), (2, 5), (5, 10), (10, 13), (13, 12), (12, 11), (11, 14)]}, padri: [6, 8, 9, 10, 16], figli: [], mosse: [(4, 3, 13, 12, 1), (4, 4, 12, 11, 1), (4, 4, 13, 12, 1), (4, 4, 13, 12, 1), (4, 4, 2, 5, 14)]
8 -> costo: 94517.6, rotte: {2: [(1, 3), (3, 7), (7, 4), (4, 11), (11, 16)], 3: [(1, 17), (17, 15), (15, 6), (6, 8), (8, 9)], 4: [(1, 2), (2, 5), (5, 10), (10, 13), (13, 11), (11, 12), (12, 14)]}, padri: [6, 9, 10, 10, 10, 11, 17], figli: [7], mosse: [(4, 3, 11, 12, 1), (4, 4, 11, 12, 1), (4, 4, 14, 12), (4, 4, 11, 12, 1), (4, 4, 12, 14, 3), (4, 4, 12, 14, 3), (4, 4, 2, 5, 14)]
9 -> costo: 94642.59999999999, rotte: {2: [(1, 3), (3, 7), (7, 4), (4, 11), (11, 16)], 3: [(1, 17), (17, 15), (15, 6), (6, 8), (8, 9)], 4: [(1, 2), (2, 5), (5, 10), (10, 12), (12, 13), (13, 11), (11, 14)]}, padri: [6, 10, 18], figli: [7, 8], mosse: [(4, 3, 10, 12, 1), (4, 4, 10, 12, 1), (4, 4, 2, 5, 14)]
10 -> costo: 95064.90000000001, rotte: {2: [(1, 3), (3, 7), (7, 4), (4, 11), (11, 16)], 3: [(1, 17), (17, 15), (15, 6), (6, 8), (8, 9)], 4: [(1, 2), (2, 5), (5, 10), (10, 13), (13, 11), (11, 14), (14, 12)]}, padri: [6], figli: [8, 7, 8, 8, 9, 11], mosse: [(4, 3, 14, 12, 1)]
11 -> costo: 94924.3, rotte: {2: [(1, 3), (3, 7), (7, 4), (4, 11), (11, 16)], 3: [(1, 17), (17, 15), (15, 6), (6, 8), (8, 9)], 4: [(1, 2), (2, 5), (5, 10), (10, 13), (13, 14), (14, 11), (11, 12)]}, padri: [10], figli: [8], mosse: [(4, 4, 14, 11, 1)]
12 -> costo: 99381.79999999999, rotte: {2: [(1, 3), (3, 7), (7, 4), (4, 11), (11, 16)], 3: [(1, 17), (17, 15), (15, 12), (12, 6), (6, 8), (8, 9)], 4: [(1, 2), (2, 5), (5, 10), (10, 13), (13, 11), (11, 14)]}, padri: [6, 13], figli: [], mosse: [(3, 3, 15, 12, 1), (3, 3, 15, 12, 1)]
13 -> costo: 101837.4, rotte: {2: [(1, 3), (3, 7), (7, 4), (4, 11), (11, 16)], 3: [(1, 17), (17, 15), (15, 6), (6, 8), (8, 9), (9, 12)], 4: [(1, 2), (2, 5), (5, 10), (10, 13), (13, 11), (11, 14)]}, padri: [6], figli: [12], mosse: [(3, 3, 9, 12, 1)]
14 -> costo: 104192.30000000003, rotte: {2: [(1, 3), (3, 7), (7, 4), (4, 11), (11, 16)], 3: [(1, 14), (14, 12), (12, 17), (17, 15), (15, 6), (6, 8), (8, 9)], 4: [(1, 5), (5, 2), (2, 10), (10, 13), (13, 11)]}, padri: [4], figli: [15], mosse: [(4, 4, 1, 5, 14)]
15 -> costo: 103678.80000000003, rotte: {2: [(1, 3), (3, 7), (7, 4), (4, 11), (11, 16)], 3: [(1, 12), (12, 17), (17, 15), (15, 6), (6, 8), (8, 9)], 4: [(1, 5), (5, 2), (2, 10), (10, 13), (13, 11), (11, 14)]}, padri: [14], figli: [16, 17, 18], mosse: [(4, 3, 11, 14, 3)]
16 -> costo: 94540.20000000003, rotte: {2: [(1, 3), (3, 7), (7, 4), (4, 11), (11, 16)], 3: [(1, 17), (17, 15), (15, 6), (6, 8), (8, 9)], 4: [(1, 5), (5, 2), (2, 10), (10, 13), (13, 12), (12, 11), (11, 14)]}, padri: [15, 17, 18], figli: [7], mosse: [(4, 3, 13, 12, 1), (4, 4, 12, 11, 1), (4, 4, 13, 12, 1)]
17 -> costo: 94708.40000000002, rotte: {2: [(1, 3), (3, 7), (7, 4), (4, 11), (11, 16)], 3: [(1, 17), (17, 15), (15, 6), (6, 8), (8, 9)], 4: [(1, 5), (5, 2), (2, 10), (10, 13), (13, 11), (11, 12), (12, 14)]}, padri: [15], figli: [8, 16], mosse: [(4, 3, 11, 12, 1)]
18 -> costo: 94833.40000000001, rotte: {2: [(1, 3), (3, 7), (7, 4), (4, 11), (11, 16)], 3: [(1, 17), (17, 15), (15, 6), (6, 8), (8, 9)], 4: [(1, 5), (5, 2), (2, 10), (10, 12), (12, 13), (13, 11), (11, 14)]}, padri: [15], figli: [16, 9], mosse: [(4, 3, 10, 12, 1)]
bestSolutionIndice: 7
7 -> costo: 94349.40000000001, rotte: {2: [(1, 3), (3, 7), (7, 4), (4, 11), (11, 16)], 3: [(1, 17), (17, 15), (15, 6), (6, 8), (8, 9)], 4: [(1, 2), (2, 5), (5, 10), (10, 13), (13, 12), (12, 11), (11, 14)]}, padri: [6, 8, 9, 10, 16], figli: [], mosse: [(4, 3, 13, 12, 1), (4, 4, 12, 11, 1), (4, 4, 13, 12, 1), (4, 4, 13, 12, 1), (4, 4, 2, 5, 14)]
trasportoPalletDiGamma: {2: [(3, 12), (7, 16), (4, 13), (11, 19), (16, 5)], 3: [(17, 6), (15, 4), (6, 15), (8, 17), (9, 18)], 4: [(2, 11), (5, 14), (10, 19), (13, 2), (12, 1), (11, 1), (14, 3)]}
itMosseLS: 33, itMosseTS: 25
time elapsed: 328.65s.


##########################################################################################
s: 1
dictSolutions[1]:
0 -> costo: 153139.0, rotte: {3: [(1, 9), (9, 7), (7, 5), (5, 11)], 4: [(1, 15), (15, 3), (3, 6), (6, 8), (8, 10)], 2: [(1, 2), (2, 14), (14, 12), (12, 4), (4, 17), (17, 13), (13, 16), (16, 11), (11, 10)]}, padri: [-1], figli: [1], mosse: [-1]
1 -> costo: 127743.90000000001, rotte: {3: [(1, 9), (9, 7), (7, 5), (5, 11)], 4: [(1, 15), (15, 3), (3, 6), (6, 8), (8, 10)], 2: [(1, 2), (2, 14), (14, 12), (12, 4), (4, 17), (17, 16), (16, 11), (11, 13), (13, 10)]}, padri: [0], figli: [2], mosse: [(2, 2, 11, 13, 2)]
2 -> costo: 126330.5, rotte: {3: [(1, 9), (9, 7), (7, 5), (5, 11)], 4: [(1, 15), (15, 3), (3, 6), (6, 10), (10, 8)], 2: [(1, 2), (2, 14), (14, 12), (12, 4), (4, 17), (17, 16), (16, 11), (11, 13), (13, 10)]}, padri: [1], figli: [3], mosse: [(4, 4, 8, 10)]
3 -> costo: 106688.80000000003, rotte: {3: [(1, 9), (9, 7), (7, 5), (5, 11)], 4: [(1, 3), (3, 6), (6, 10), (10, 8)], 2: [(1, 2), (2, 14), (14, 12), (12, 4), (4, 15), (15, 17), (17, 16), (16, 11), (11, 13), (13, 10)]}, padri: [2], figli: [4], mosse: [(2, 4, 4, 15, 4)]
4 -> costo: 100468.20000000003, rotte: {3: [(1, 9), (9, 7), (7, 5), (5, 11)], 4: [(1, 3), (3, 6), (6, 10), (10, 8)], 2: [(1, 2), (2, 14), (14, 12), (12, 15), (15, 17), (17, 16), (16, 11), (11, 13), (13, 10), (10, 4)]}, padri: [3], figli: [5], mosse: [(2, 2, 10, 4, 13)]
5 -> costo: 98426.40000000001, rotte: {3: [(1, 9), (9, 7), (7, 5), (5, 11)], 4: [(1, 3), (3, 6), (6, 10), (10, 8)], 2: [(1, 14), (14, 12), (12, 15), (15, 17), (17, 16), (16, 11), (11, 13), (13, 10), (10, 4), (4, 2)]}, padri: [4], figli: [6], mosse: [(2, 2, 4, 2, 11)]
6 -> costo: 97459.70000000001, rotte: {3: [(1, 7), (7, 5), (5, 9), (9, 11)], 4: [(1, 3), (3, 6), (6, 10), (10, 8)], 2: [(1, 14), (14, 12), (12, 15), (15, 17), (17, 16), (16, 11), (11, 13), (13, 10), (10, 4), (4, 2)]}, padri: [5], figli: [7], mosse: [(3, 3, 5, 9, 18)]
7 -> costo: 96174.90000000001, rotte: {3: [(1, 5), (5, 7), (7, 9), (9, 11)], 4: [(1, 3), (3, 6), (6, 10), (10, 8)], 2: [(1, 14), (14, 12), (12, 15), (15, 17), (17, 16), (16, 11), (11, 13), (13, 10), (10, 4), (4, 2)]}, padri: [6], figli: [8], mosse: [(3, 3, 5, 7, 16)]
8 -> costo: 95806.6, rotte: {3: [(1, 5), (5, 7), (7, 9), (9, 11)], 4: [(1, 6), (6, 10), (10, 8)], 2: [(1, 14), (14, 12), (12, 15), (15, 17), (17, 16), (16, 11), (11, 13), (13, 10), (10, 3), (3, 4), (4, 2)]}, padri: [7], figli: [9], mosse: [(2, 4, 10, 3, 12)]
9 -> costo: 95521.70000000001, rotte: {3: [(1, 5), (5, 7), (7, 9), (9, 11)], 4: [(1, 10), (10, 6), (6, 8)], 2: [(1, 14), (14, 12), (12, 15), (15, 17), (17, 16), (16, 11), (11, 13), (13, 10), (10, 3), (3, 4), (4, 2)]}, padri: [8], figli: [10], mosse: [(4, 4, 10, 6, 15)]
10 -> costo: 95420.70000000001, rotte: {3: [(1, 5), (5, 7), (7, 9), (9, 11)], 4: [(1, 10), (10, 6), (6, 8)], 2: [(1, 14), (14, 12), (12, 15), (15, 17), (17, 16), (16, 11), (11, 13), (13, 3), (3, 4), (4, 2)]}, padri: [9], figli: [11], mosse: [(4, 2, 1, 10, 2)]
11 -> costo: 95420.7, rotte: {3: [(1, 5), (5, 7), (7, 9), (9, 11)], 4: [(1, 10), (10, 6), (6, 8)], 2: [(1, 14), (14, 15), (15, 17), (17, 16), (16, 12), (12, 11), (11, 13), (13, 3), (3, 4), (4, 2)]}, padri: [10], figli: [12, 13, 14, 15, 16, 17, 19], mosse: [(2, 2, 16, 12, 1)]
12 -> costo: 86042.5, rotte: {3: [(1, 5), (5, 7), (7, 9), (9, 11)], 4: [(1, 10), (10, 6), (6, 8)], 2: [(1, 15), (15, 17), (17, 16), (16, 12), (12, 11), (11, 14), (14, 13), (13, 3), (3, 4), (4, 2)]}, padri: [11, 13, 14, 15, 16], figli: [], mosse: [(2, 2, 11, 14, 3), (2, 2, 14, 13, 2), (2, 2, 14, 13, 2), (2, 2, 11, 14, 3), (2, 2, 11, 14, 3)]
13 -> costo: 86138.9, rotte: {3: [(1, 5), (5, 7), (7, 9), (9, 11)], 4: [(1, 10), (10, 6), (6, 8)], 2: [(1, 15), (15, 17), (17, 16), (16, 12), (12, 11), (11, 13), (13, 14), (14, 3), (3, 4), (4, 2)]}, padri: [11, 15, 16, 18], figli: [12, 14], mosse: [(2, 2, 13, 14, 3), (2, 2, 13, 14, 3), (2, 2, 13, 14, 3), (2, 2, 12, 11, 3)]
14 -> costo: 86111.3, rotte: {3: [(1, 5), (5, 7), (7, 9), (9, 11)], 4: [(1, 10), (10, 6), (6, 8)], 2: [(1, 15), (15, 17), (17, 16), (16, 12), (12, 13), (13, 11), (11, 14), (14, 3), (3, 4), (4, 2)]}, padri: [13, 18, 19], figli: [12], mosse: [(2, 2, 13, 11, 3), (2, 2, 13, 11, 3), (2, 2, 11, 14, 3)]
15 -> costo: 86183.79999999999, rotte: {3: [(1, 5), (5, 7), (7, 9), (9, 11)], 4: [(1, 10), (10, 6), (6, 8)], 2: [(1, 15), (15, 17), (17, 16), (16, 12), (12, 14), (14, 11), (11, 13), (13, 3), (3, 4), (4, 2)]}, padri: [11, 16, 16, 19], figli: [12, 13, 19], mosse: [(2, 2, 12, 14, 3), (2, 2, 14, 12), (2, 2, 12, 14, 3), (2, 2, 11, 13, 2)]
16 -> costo: 86647.10000000002, rotte: {3: [(1, 5), (5, 7), (7, 9), (9, 11)], 4: [(1, 10), (10, 6), (6, 8)], 2: [(1, 15), (15, 17), (17, 16), (16, 14), (14, 12), (12, 11), (11, 13), (13, 3), (3, 4), (4, 2)]}, padri: [11], figli: [15, 12, 13, 15, 17, 17, 19], mosse: [(2, 2, 16, 14, 3)]
17 -> costo: 86478.90000000001, rotte: {3: [(1, 5), (5, 7), (7, 9), (9, 11)], 4: [(1, 10), (10, 6), (6, 8)], 2: [(1, 15), (15, 17), (17, 16), (16, 14), (14, 11), (11, 12), (12, 13), (13, 3), (3, 4), (4, 2)]}, padri: [16], figli: [18], mosse: [(2, 2, 11, 12, 1)]
18 -> costo: 86434.00000000001, rotte: {3: [(1, 5), (5, 7), (7, 9), (9, 11)], 4: [(1, 10), (10, 6), (6, 8)], 2: [(1, 15), (15, 17), (17, 16), (16, 11), (11, 12), (12, 13), (13, 14), (14, 3), (3, 4), (4, 2)]}, padri: [17], figli: [14, 13, 19], mosse: [(2, 2, 13, 14, 3)]
19 -> costo: 86291.0, rotte: {3: [(1, 5), (5, 7), (7, 9), (9, 11)], 4: [(1, 10), (10, 6), (6, 8)], 2: [(1, 15), (15, 17), (17, 16), (16, 12), (12, 13), (13, 14), (14, 11), (11, 3), (3, 4), (4, 2)]}, padri: [18], figli: [14, 15], mosse: [(2, 2, 14, 11, 3)]
bestSolutionIndice: 12
12 -> costo: 86042.5, rotte: {3: [(1, 5), (5, 7), (7, 9), (9, 11)], 4: [(1, 10), (10, 6), (6, 8)], 2: [(1, 15), (15, 17), (17, 16), (16, 12), (12, 11), (11, 14), (14, 13), (13, 3), (3, 4), (4, 2)]}, padri: [11, 13, 14, 15, 16], figli: [], mosse: [(2, 2, 11, 14, 3), (2, 2, 14, 13, 2), (2, 2, 14, 13, 2), (2, 2, 11, 14, 3), (2, 2, 11, 14, 3)]
trasportoPalletDiGamma: {3: [(5, 14), (7, 16), (9, 18), (11, 17)], 4: [(10, 19), (6, 15), (8, 17)], 2: [(15, 4), (17, 6), (16, 5), (12, 1), (11, 3), (14, 3), (13, 2), (3, 12), (4, 13), (2, 11)]}
itMosseLS: 31, itMosseTS: 15
time elapsed: 344.58s.


##########################################################################################
##########################################################################################
##########################################################################################
##########################################################################################
##########################################################################################
##########################################################################################
##########################################################################################
##########################################################################################
##########################################################################################
##########################################################################################
##########################################################################################
##########################################################################################
##########################################################################################
##########################################################################################
##########################################################################################
##########################################################################################
##########################################################################################
##########################################################################################
