itNSIMax: 10, itMosseTSMax: 30.
##########################################################################################
s: 1
dictSolutions[1]:
0 -> costo: 148393.59999999995, rotte: {2: [(1, 11), (11, 5), (5, 16), (16, 17), (17, 7), (7, 13), (13, 8)], 4: [(1, 3), (3, 15), (15, 12), (12, 2), (2, 14), (14, 4), (4, 8)], 3: [(1, 10), (10, 6), (6, 9), (9, 8)]}, padri: [-1], figli: [1], mosse: [-1]
1 -> costo: 136629.19999999995, rotte: {2: [(1, 11), (11, 5), (5, 16), (16, 17), (17, 7), (7, 13), (13, 8)], 4: [(1, 3), (3, 15), (15, 12), (12, 14), (14, 2), (2, 4), (4, 8)], 3: [(1, 10), (10, 6), (6, 9), (9, 8)]}, padri: [0], figli: [2], mosse: [(4, 4, 14, 2, 11)]
2 -> costo: 127064.8, rotte: {2: [(1, 5), (5, 16), (16, 17), (17, 7), (7, 11), (11, 13), (13, 8)], 4: [(1, 3), (3, 15), (15, 12), (12, 14), (14, 2), (2, 4), (4, 8)], 3: [(1, 10), (10, 6), (6, 9), (9, 8)]}, padri: [1], figli: [3], mosse: [(2, 2, 7, 11, 20)]
3 -> costo: 119057.40000000001, rotte: {2: [(1, 16), (16, 17), (17, 5), (5, 7), (7, 11), (11, 13), (13, 8)], 4: [(1, 3), (3, 15), (15, 12), (12, 14), (14, 2), (2, 4), (4, 8)], 3: [(1, 10), (10, 6), (6, 9), (9, 8)]}, padri: [2], figli: [4], mosse: [(2, 2, 17, 5, 14)]
4 -> costo: 112758.9, rotte: {2: [(1, 16), (16, 17), (17, 5), (5, 7), (7, 11), (11, 13), (13, 8)], 4: [(1, 15), (15, 12), (12, 14), (14, 2), (2, 3), (3, 4), (4, 8)], 3: [(1, 10), (10, 6), (6, 9), (9, 8)]}, padri: [3], figli: [5], mosse: [(4, 4, 2, 3, 12)]
5 -> costo: 106654.30000000002, rotte: {2: [(1, 16), (16, 17), (17, 5), (5, 7), (7, 11), (11, 13)], 4: [(1, 15), (15, 12), (12, 14), (14, 2), (2, 3), (3, 4), (4, 8)], 3: [(1, 10), (10, 6), (6, 9), (9, 8)]}, padri: [4], figli: [6], mosse: [(4, 2, 1, 8, 2)]
6 -> costo: 106315.70000000001, rotte: {2: [(1, 16), (16, 17), (17, 5), (5, 7), (7, 11), (11, 13)], 4: [(1, 15), (15, 12), (12, 14), (14, 2), (2, 3), (3, 4), (4, 8)], 3: [(1, 10), (10, 6), (6, 9)]}, padri: [5], figli: [7], mosse: [(4, 3, 1, 8, 13)]
7 -> costo: 106123.90000000001, rotte: {2: [(1, 16), (16, 17), (17, 5), (5, 7), (7, 13), (13, 11)], 4: [(1, 15), (15, 12), (12, 14), (14, 2), (2, 3), (3, 4), (4, 8)], 3: [(1, 10), (10, 6), (6, 9)]}, padri: [6], figli: [8], mosse: [(2, 2, 7, 13, 2)]
8 -> costo: 106012.6, rotte: {2: [(1, 16), (16, 17), (17, 5), (5, 7), (7, 13), (13, 11)], 4: [(1, 12), (12, 14), (14, 2), (2, 3), (3, 4), (4, 8), (8, 15)], 3: [(1, 10), (10, 6), (6, 9)]}, padri: [7], figli: [9, 16], mosse: [(4, 4, 8, 15, 4)]
9 -> costo: 105647.59999999999, rotte: {2: [(1, 16), (16, 17), (17, 5), (5, 7), (7, 13), (13, 12), (12, 11)], 4: [(1, 14), (14, 2), (2, 3), (3, 4), (4, 8), (8, 15)], 3: [(1, 10), (10, 6), (6, 9)]}, padri: [8], figli: [10, 11, 12, 13, 14], mosse: [(2, 4, 13, 12, 1)]
10 -> costo: 99358.7, rotte: {2: [(1, 16), (16, 17), (17, 5), (5, 7), (7, 13), (13, 12), (12, 11)], 4: [(1, 2), (2, 3), (3, 4), (4, 8), (8, 14), (14, 15)], 3: [(1, 10), (10, 6), (6, 9)]}, padri: [9, 12, 13, 15, 17, 17, 17], figli: [], mosse: [(4, 4, 8, 14, 3), (4, 3, 8, 14, 3), (4, 4, 8, 14, 3), (4, 4, 3, 4, 13), (2, 2, 11, 12), (2, 2, 13, 12, 1), (2, 2, 12, 11, 20)]
11 -> costo: 102665.6, rotte: {2: [(1, 16), (16, 17), (17, 5), (5, 7), (7, 13), (13, 12), (12, 11)], 4: [(1, 2), (2, 3), (3, 4), (4, 8), (8, 15)], 3: [(1, 10), (10, 6), (6, 9), (9, 14)]}, padri: [9, 12, 18, 18, 18], figli: [], mosse: [(3, 4, 9, 14, 3), (3, 3, 9, 14, 3), (2, 2, 11, 12), (2, 2, 13, 12, 1), (2, 2, 12, 11, 20)]
12 -> costo: 104171.6, rotte: {2: [(1, 16), (16, 17), (17, 5), (5, 7), (7, 13), (13, 12), (12, 11)], 4: [(1, 2), (2, 3), (3, 4), (4, 8), (8, 15)], 3: [(1, 14), (14, 10), (10, 6), (6, 9)]}, padri: [9, 19, 19, 19], figli: [10, 11, 14], mosse: [(3, 4, 1, 14, 3), (2, 2, 11, 12), (2, 2, 13, 12, 1), (2, 2, 12, 11, 20)]
13 -> costo: 105231.1, rotte: {2: [(1, 16), (16, 17), (17, 5), (5, 7), (7, 13), (13, 12), (12, 11)], 4: [(1, 2), (2, 3), (3, 4), (4, 14), (14, 8), (8, 15)], 3: [(1, 10), (10, 6), (6, 9)]}, padri: [9], figli: [10, 14], mosse: [(4, 4, 4, 14, 3)]
14 -> costo: 105224.90000000001, rotte: {2: [(1, 16), (16, 17), (17, 5), (5, 7), (7, 13), (13, 12), (12, 11)], 4: [(1, 2), (2, 4), (4, 3), (3, 14), (14, 8), (8, 15)], 3: [(1, 10), (10, 6), (6, 9)]}, padri: [13], figli: [15], mosse: [(4, 4, 4, 3, 12)]
15 -> costo: 99398.7, rotte: {2: [(1, 16), (16, 17), (17, 5), (5, 7), (7, 13), (13, 12), (12, 11)], 4: [(1, 2), (2, 4), (4, 3), (3, 8), (8, 14), (14, 15)], 3: [(1, 10), (10, 6), (6, 9)]}, padri: [14, 22, 22, 22], figli: [10], mosse: [(4, 4, 8, 14, 3), (2, 2, 11, 12), (2, 2, 13, 12, 1), (2, 2, 12, 11, 20)]
16 -> costo: 105652.8, rotte: {2: [(1, 16), (16, 17), (17, 5), (5, 7), (7, 13), (13, 11), (11, 12)], 4: [(1, 14), (14, 2), (2, 3), (3, 4), (4, 8), (8, 15)], 3: [(1, 10), (10, 6), (6, 9)]}, padri: [8], figli: [17, 18, 19, 20, 21], mosse: [(2, 4, 11, 12, 1)]
17 -> costo: 99363.90000000001, rotte: {2: [(1, 16), (16, 17), (17, 5), (5, 7), (7, 13), (13, 11), (11, 12)], 4: [(1, 2), (2, 3), (3, 4), (4, 8), (8, 14), (14, 15)], 3: [(1, 10), (10, 6), (6, 9)]}, padri: [16, 19, 20, 22], figli: [10, 10, 10], mosse: [(4, 4, 8, 14, 3), (4, 3, 8, 14, 3), (4, 4, 8, 14, 3), (4, 4, 3, 4, 13)]
18 -> costo: 102670.8, rotte: {2: [(1, 16), (16, 17), (17, 5), (5, 7), (7, 13), (13, 11), (11, 12)], 4: [(1, 2), (2, 3), (3, 4), (4, 8), (8, 15)], 3: [(1, 10), (10, 6), (6, 9), (9, 14)]}, padri: [16, 19], figli: [11, 11, 11], mosse: [(3, 4, 9, 14, 3), (3, 3, 9, 14, 3)]
19 -> costo: 104176.79999999999, rotte: {2: [(1, 16), (16, 17), (17, 5), (5, 7), (7, 13), (13, 11), (11, 12)], 4: [(1, 2), (2, 3), (3, 4), (4, 8), (8, 15)], 3: [(1, 14), (14, 10), (10, 6), (6, 9)]}, padri: [16], figli: [17, 18, 12, 12, 12, 21], mosse: [(3, 4, 1, 14, 3)]
20 -> costo: 105236.30000000002, rotte: {2: [(1, 16), (16, 17), (17, 5), (5, 7), (7, 13), (13, 11), (11, 12)], 4: [(1, 2), (2, 3), (3, 4), (4, 14), (14, 8), (8, 15)], 3: [(1, 10), (10, 6), (6, 9)]}, padri: [16], figli: [17, 21], mosse: [(4, 4, 4, 14, 3)]
21 -> costo: 105230.1, rotte: {2: [(1, 16), (16, 17), (17, 5), (5, 7), (7, 13), (13, 11), (11, 12)], 4: [(1, 2), (2, 4), (4, 3), (3, 14), (14, 8), (8, 15)], 3: [(1, 10), (10, 6), (6, 9)]}, padri: [20], figli: [22], mosse: [(4, 4, 4, 3, 12)]
22 -> costo: 99403.90000000001, rotte: {2: [(1, 16), (16, 17), (17, 5), (5, 7), (7, 13), (13, 11), (11, 12)], 4: [(1, 2), (2, 4), (4, 3), (3, 8), (8, 14), (14, 15)], 3: [(1, 10), (10, 6), (6, 9)]}, padri: [21], figli: [17, 15, 15, 15], mosse: [(4, 4, 8, 14, 3)]
bestSolutionIndice: 10
10 -> costo: 99358.7, rotte: {2: [(1, 16), (16, 17), (17, 5), (5, 7), (7, 13), (13, 12), (12, 11)], 4: [(1, 2), (2, 3), (3, 4), (4, 8), (8, 14), (14, 15)], 3: [(1, 10), (10, 6), (6, 9)]}, padri: [9, 12, 13, 15, 17, 17, 17], figli: [], mosse: [(4, 4, 8, 14, 3), (4, 3, 8, 14, 3), (4, 4, 8, 14, 3), (4, 4, 3, 4, 13), (2, 2, 11, 12), (2, 2, 13, 12, 1), (2, 2, 12, 11, 20)]
trasportoPalletDiGamma: {2: [(16, 5), (17, 6), (5, 14), (7, 16), (13, 2), (12, 1), (11, 20)], 4: [(2, 11), (3, 12), (4, 13), (8, 17), (14, 3), (15, 4)], 3: [(10, 19), (6, 15), (9, 18)]}
itMosseLS: 42, itMosseTS: 30
time elapsed: 1092.76s.


##########################################################################################
s: 1
dictSolutions[1]:
0 -> costo: 135364.69999999998, rotte: {3: [(1, 10), (10, 17), (17, 8), (8, 9), (9, 12), (12, 15)], 4: [(1, 5), (5, 6), (6, 4), (4, 11), (11, 13)], 2: [(1, 3), (3, 2), (2, 16), (16, 14), (14, 7)]}, padri: [-1], figli: [1], mosse: [-1]
1 -> costo: 109455.6, rotte: {3: [(1, 10), (10, 8), (8, 9), (9, 12), (12, 17), (17, 15)], 4: [(1, 5), (5, 6), (6, 4), (4, 11), (11, 13)], 2: [(1, 3), (3, 2), (2, 16), (16, 14), (14, 7)]}, padri: [0], figli: [2], mosse: [(3, 3, 12, 17, 6)]
2 -> costo: 103683.6, rotte: {3: [(1, 10), (10, 8), (8, 9), (9, 12), (12, 17), (17, 15)], 4: [(1, 5), (5, 6), (6, 4), (4, 11), (11, 13)], 2: [(1, 7), (7, 3), (3, 2), (2, 16), (16, 14)]}, padri: [1], figli: [3], mosse: [(2, 2, 1, 7, 16)]
3 -> costo: 96348.79999999999, rotte: {3: [(1, 10), (10, 8), (8, 9), (9, 12), (12, 17), (17, 15)], 4: [(1, 5), (5, 6), (6, 4), (4, 11), (11, 13)], 2: [(1, 7), (7, 3), (3, 2), (2, 14), (14, 16)]}, padri: [2], figli: [4, 8, 12, 16, 20, 24, 28], mosse: [(2, 2, 2, 14, 3)]
4 -> costo: 94843.59999999999, rotte: {3: [(1, 10), (10, 8), (8, 9), (9, 12), (12, 17), (17, 15)], 4: [(1, 6), (6, 4), (4, 11), (11, 13)], 2: [(1, 5), (5, 7), (7, 3), (3, 2), (2, 14), (14, 16)]}, padri: [3], figli: [5, 7, 7, 7], mosse: [(2, 4, 1, 5, 14)]
5 -> costo: 94582.0, rotte: {3: [(1, 10), (10, 8), (8, 9), (9, 12), (12, 17), (17, 15)], 4: [(1, 4), (4, 6), (6, 11), (11, 13)], 2: [(1, 5), (5, 7), (7, 3), (3, 2), (2, 14), (14, 16)]}, padri: [4], figli: [6, 6, 6], mosse: [(4, 4, 4, 6, 15)]
6 -> costo: 94390.2, rotte: {3: [(1, 10), (10, 8), (8, 9), (9, 12), (12, 17), (17, 15)], 4: [(1, 4), (4, 6), (6, 13), (13, 11)], 2: [(1, 5), (5, 7), (7, 3), (3, 2), (2, 14), (14, 16)]}, padri: [5, 5, 5, 7], figli: [], mosse: [(4, 4, 6, 13, 2), (4, 4, 13, 11, 20), (4, 4, 11, 13), (4, 4, 4, 6, 15)]
7 -> costo: 94651.8, rotte: {3: [(1, 10), (10, 8), (8, 9), (9, 12), (12, 17), (17, 15)], 4: [(1, 6), (6, 4), (4, 13), (13, 11)], 2: [(1, 5), (5, 7), (7, 3), (3, 2), (2, 14), (14, 16)]}, padri: [4, 4, 4], figli: [6], mosse: [(4, 4, 4, 13, 2), (4, 4, 13, 11, 20), (4, 4, 11, 13)]
8 -> costo: 94843.59999999999, rotte: {3: [(1, 10), (10, 8), (8, 9), (9, 12), (12, 17), (17, 15)], 4: [(1, 5), (5, 6), (6, 4), (4, 11), (11, 13)], 2: [(1, 5), (5, 7), (7, 3), (3, 2), (2, 14), (14, 16)]}, padri: [3], figli: [9, 10, 11], mosse: [(2, 4, 1, 5, 1)]
9 -> costo: 94651.8, rotte: {3: [(1, 10), (10, 8), (8, 9), (9, 12), (12, 17), (17, 15)], 4: [(1, 5), (5, 6), (6, 4), (4, 13), (13, 11)], 2: [(1, 5), (5, 7), (7, 3), (3, 2), (2, 14), (14, 16)]}, padri: [8], figli: [], mosse: [(4, 4, 4, 13, 2)]
10 -> costo: 94651.8, rotte: {3: [(1, 10), (10, 8), (8, 9), (9, 12), (12, 17), (17, 15)], 4: [(1, 5), (5, 6), (6, 4), (4, 13), (13, 11)], 2: [(1, 5), (5, 7), (7, 3), (3, 2), (2, 14), (14, 16)]}, padri: [8], figli: [], mosse: [(4, 4, 13, 11, 20)]
11 -> costo: 94651.8, rotte: {3: [(1, 10), (10, 8), (8, 9), (9, 12), (12, 17), (17, 15)], 4: [(1, 5), (5, 6), (6, 4), (4, 13), (13, 11)], 2: [(1, 5), (5, 7), (7, 3), (3, 2), (2, 14), (14, 16)]}, padri: [8], figli: [], mosse: [(4, 4, 11, 13)]
12 -> costo: 94843.59999999999, rotte: {3: [(1, 10), (10, 8), (8, 9), (9, 12), (12, 17), (17, 15)], 4: [(1, 5), (5, 6), (6, 4), (4, 11), (11, 13)], 2: [(1, 5), (5, 7), (7, 3), (3, 2), (2, 14), (14, 16)]}, padri: [3], figli: [13, 14, 15], mosse: [(2, 4, 1, 5, 2)]
13 -> costo: 94651.8, rotte: {3: [(1, 10), (10, 8), (8, 9), (9, 12), (12, 17), (17, 15)], 4: [(1, 5), (5, 6), (6, 4), (4, 13), (13, 11)], 2: [(1, 5), (5, 7), (7, 3), (3, 2), (2, 14), (14, 16)]}, padri: [12], figli: [], mosse: [(4, 4, 4, 13, 2)]
14 -> costo: 94651.8, rotte: {3: [(1, 10), (10, 8), (8, 9), (9, 12), (12, 17), (17, 15)], 4: [(1, 5), (5, 6), (6, 4), (4, 13), (13, 11)], 2: [(1, 5), (5, 7), (7, 3), (3, 2), (2, 14), (14, 16)]}, padri: [12], figli: [], mosse: [(4, 4, 13, 11, 20)]
15 -> costo: 94651.8, rotte: {3: [(1, 10), (10, 8), (8, 9), (9, 12), (12, 17), (17, 15)], 4: [(1, 5), (5, 6), (6, 4), (4, 13), (13, 11)], 2: [(1, 5), (5, 7), (7, 3), (3, 2), (2, 14), (14, 16)]}, padri: [12], figli: [], mosse: [(4, 4, 11, 13)]
16 -> costo: 94843.59999999999, rotte: {3: [(1, 10), (10, 8), (8, 9), (9, 12), (12, 17), (17, 15)], 4: [(1, 5), (5, 6), (6, 4), (4, 11), (11, 13)], 2: [(1, 5), (5, 7), (7, 3), (3, 2), (2, 14), (14, 16)]}, padri: [3], figli: [17, 18, 19], mosse: [(2, 4, 1, 5, 3)]
17 -> costo: 94651.8, rotte: {3: [(1, 10), (10, 8), (8, 9), (9, 12), (12, 17), (17, 15)], 4: [(1, 5), (5, 6), (6, 4), (4, 13), (13, 11)], 2: [(1, 5), (5, 7), (7, 3), (3, 2), (2, 14), (14, 16)]}, padri: [16], figli: [], mosse: [(4, 4, 4, 13, 2)]
18 -> costo: 94651.8, rotte: {3: [(1, 10), (10, 8), (8, 9), (9, 12), (12, 17), (17, 15)], 4: [(1, 5), (5, 6), (6, 4), (4, 13), (13, 11)], 2: [(1, 5), (5, 7), (7, 3), (3, 2), (2, 14), (14, 16)]}, padri: [16], figli: [], mosse: [(4, 4, 13, 11, 20)]
19 -> costo: 94651.8, rotte: {3: [(1, 10), (10, 8), (8, 9), (9, 12), (12, 17), (17, 15)], 4: [(1, 5), (5, 6), (6, 4), (4, 13), (13, 11)], 2: [(1, 5), (5, 7), (7, 3), (3, 2), (2, 14), (14, 16)]}, padri: [16], figli: [], mosse: [(4, 4, 11, 13)]
20 -> costo: 94843.59999999999, rotte: {3: [(1, 10), (10, 8), (8, 9), (9, 12), (12, 17), (17, 15)], 4: [(1, 5), (5, 6), (6, 4), (4, 11), (11, 13)], 2: [(1, 5), (5, 7), (7, 3), (3, 2), (2, 14), (14, 16)]}, padri: [3], figli: [21, 22, 23], mosse: [(2, 4, 1, 5, 4)]
21 -> costo: 94651.8, rotte: {3: [(1, 10), (10, 8), (8, 9), (9, 12), (12, 17), (17, 15)], 4: [(1, 5), (5, 6), (6, 4), (4, 13), (13, 11)], 2: [(1, 5), (5, 7), (7, 3), (3, 2), (2, 14), (14, 16)]}, padri: [20], figli: [], mosse: [(4, 4, 4, 13, 2)]
22 -> costo: 94651.8, rotte: {3: [(1, 10), (10, 8), (8, 9), (9, 12), (12, 17), (17, 15)], 4: [(1, 5), (5, 6), (6, 4), (4, 13), (13, 11)], 2: [(1, 5), (5, 7), (7, 3), (3, 2), (2, 14), (14, 16)]}, padri: [20], figli: [], mosse: [(4, 4, 13, 11, 20)]
23 -> costo: 94651.8, rotte: {3: [(1, 10), (10, 8), (8, 9), (9, 12), (12, 17), (17, 15)], 4: [(1, 5), (5, 6), (6, 4), (4, 13), (13, 11)], 2: [(1, 5), (5, 7), (7, 3), (3, 2), (2, 14), (14, 16)]}, padri: [20], figli: [], mosse: [(4, 4, 11, 13)]
24 -> costo: 94843.59999999999, rotte: {3: [(1, 10), (10, 8), (8, 9), (9, 12), (12, 17), (17, 15)], 4: [(1, 5), (5, 6), (6, 4), (4, 11), (11, 13)], 2: [(1, 5), (5, 7), (7, 3), (3, 2), (2, 14), (14, 16)]}, padri: [3], figli: [25, 26, 27], mosse: [(2, 4, 1, 5, 5)]
25 -> costo: 94651.8, rotte: {3: [(1, 10), (10, 8), (8, 9), (9, 12), (12, 17), (17, 15)], 4: [(1, 5), (5, 6), (6, 4), (4, 13), (13, 11)], 2: [(1, 5), (5, 7), (7, 3), (3, 2), (2, 14), (14, 16)]}, padri: [24], figli: [], mosse: [(4, 4, 4, 13, 2)]
26 -> costo: 94651.8, rotte: {3: [(1, 10), (10, 8), (8, 9), (9, 12), (12, 17), (17, 15)], 4: [(1, 5), (5, 6), (6, 4), (4, 13), (13, 11)], 2: [(1, 5), (5, 7), (7, 3), (3, 2), (2, 14), (14, 16)]}, padri: [24], figli: [], mosse: [(4, 4, 13, 11, 20)]
27 -> costo: 94651.8, rotte: {3: [(1, 10), (10, 8), (8, 9), (9, 12), (12, 17), (17, 15)], 4: [(1, 5), (5, 6), (6, 4), (4, 13), (13, 11)], 2: [(1, 5), (5, 7), (7, 3), (3, 2), (2, 14), (14, 16)]}, padri: [24], figli: [], mosse: [(4, 4, 11, 13)]
28 -> costo: 94843.59999999999, rotte: {3: [(1, 10), (10, 8), (8, 9), (9, 12), (12, 17), (17, 15)], 4: [(1, 5), (5, 6), (6, 4), (4, 11), (11, 13)], 2: [(1, 5), (5, 7), (7, 3), (3, 2), (2, 14), (14, 16)]}, padri: [3], figli: [29, 30], mosse: [(2, 4, 1, 5, 6)]
29 -> costo: 94651.8, rotte: {3: [(1, 10), (10, 8), (8, 9), (9, 12), (12, 17), (17, 15)], 4: [(1, 5), (5, 6), (6, 4), (4, 13), (13, 11)], 2: [(1, 5), (5, 7), (7, 3), (3, 2), (2, 14), (14, 16)]}, padri: [28], figli: [], mosse: [(4, 4, 4, 13, 2)]
30 -> costo: 94651.8, rotte: {3: [(1, 10), (10, 8), (8, 9), (9, 12), (12, 17), (17, 15)], 4: [(1, 5), (5, 6), (6, 4), (4, 13), (13, 11)], 2: [(1, 5), (5, 7), (7, 3), (3, 2), (2, 14), (14, 16)]}, padri: [28], figli: [], mosse: [(4, 4, 13, 11, 20)]
bestSolutionIndice: 6
6 -> costo: 94390.2, rotte: {3: [(1, 10), (10, 8), (8, 9), (9, 12), (12, 17), (17, 15)], 4: [(1, 4), (4, 6), (6, 13), (13, 11)], 2: [(1, 5), (5, 7), (7, 3), (3, 2), (2, 14), (14, 16)]}, padri: [5, 5, 5, 7], figli: [], mosse: [(4, 4, 6, 13, 2), (4, 4, 13, 11, 20), (4, 4, 11, 13), (4, 4, 4, 6, 15)]
trasportoPalletDiGamma: {3: [(10, 19), (8, 17), (9, 18), (12, 1), (17, 6), (15, 4)], 4: [(4, 13), (6, 15), (13, 2), (11, 20)], 2: [(5, 14), (7, 16), (3, 12), (2, 11), (14, 3), (16, 5)]}
itMosseLS: 35, itMosseTS: 30
time elapsed: 894.49s.


##########################################################################################
s: 1
dictSolutions[1]:
0 -> costo: 128795.7, rotte: {3: [(1, 15), (15, 9), (9, 2), (2, 6), (6, 4), (4, 17)], 2: [(1, 8), (8, 14), (14, 11), (11, 7), (7, 16), (16, 17)], 4: [(1, 12), (12, 13), (13, 5), (5, 3), (3, 10)]}, padri: [-1], figli: [1], mosse: [-1]
1 -> costo: 109092.90000000001, rotte: {3: [(1, 9), (9, 2), (2, 6), (6, 4), (4, 17), (17, 15)], 2: [(1, 8), (8, 14), (14, 11), (11, 7), (7, 16), (16, 17)], 4: [(1, 12), (12, 13), (13, 5), (5, 3), (3, 10)]}, padri: [0], figli: [2], mosse: [(3, 3, 17, 15, 4)]
2 -> costo: 105709.09999999999, rotte: {3: [(1, 9), (9, 2), (2, 6), (6, 4), (4, 17), (17, 15)], 2: [(1, 14), (14, 11), (11, 8), (8, 7), (7, 16), (16, 17)], 4: [(1, 12), (12, 13), (13, 5), (5, 3), (3, 10)]}, padri: [1], figli: [3], mosse: [(2, 2, 11, 8, 17)]
3 -> costo: 104080.99999999999, rotte: {3: [(1, 9), (9, 6), (6, 4), (4, 2), (2, 17), (17, 15)], 2: [(1, 14), (14, 11), (11, 8), (8, 7), (7, 16), (16, 17)], 4: [(1, 12), (12, 13), (13, 5), (5, 3), (3, 10)]}, padri: [2], figli: [4], mosse: [(3, 3, 4, 2, 11)]
4 -> costo: 103247.4, rotte: {3: [(1, 9), (9, 6), (6, 4), (4, 2), (2, 17), (17, 15)], 2: [(1, 14), (14, 11), (11, 8), (8, 7), (7, 16), (16, 17)], 4: [(1, 12), (12, 13), (13, 10), (10, 5), (5, 3)]}, padri: [3], figli: [5], mosse: [(4, 4, 13, 10, 19)]
5 -> costo: 102766.4, rotte: {3: [(1, 9), (9, 6), (6, 4), (4, 2), (2, 17), (17, 15)], 2: [(1, 14), (14, 11), (11, 8), (8, 7), (7, 16), (16, 17)], 4: [(1, 12), (12, 13), (13, 10), (10, 3), (3, 5)]}, padri: [4], figli: [6], mosse: [(4, 4, 10, 3, 12)]
6 -> costo: 102518.6, rotte: {3: [(1, 9), (9, 6), (6, 4), (4, 2), (2, 17), (17, 15)], 2: [(1, 14), (14, 11), (11, 12), (12, 8), (8, 7), (7, 16), (16, 17)], 4: [(1, 13), (13, 10), (10, 3), (3, 5)]}, padri: [5], figli: [7], mosse: [(2, 4, 11, 12, 1)]
7 -> costo: 100647.7, rotte: {3: [(1, 6), (6, 4), (4, 2), (2, 17), (17, 15)], 2: [(1, 14), (14, 11), (11, 12), (12, 8), (8, 7), (7, 16), (16, 17)], 4: [(1, 13), (13, 10), (10, 3), (3, 5), (5, 9)]}, padri: [6], figli: [8], mosse: [(4, 3, 5, 9, 18)]
8 -> costo: 97923.40000000001, rotte: {3: [(1, 6), (6, 4), (4, 2), (2, 13), (13, 17), (17, 15)], 2: [(1, 14), (14, 11), (11, 12), (12, 8), (8, 7), (7, 16), (16, 17)], 4: [(1, 10), (10, 3), (3, 5), (5, 9)]}, padri: [7], figli: [9], mosse: [(3, 4, 2, 13, 2)]
9 -> costo: 97543.09999999999, rotte: {3: [(1, 6), (6, 4), (4, 2), (2, 13), (13, 17), (17, 15)], 2: [(1, 14), (14, 11), (11, 12), (12, 8), (8, 7), (7, 16), (16, 17)], 4: [(1, 3), (3, 5), (5, 10), (10, 9)]}, padri: [8], figli: [10], mosse: [(4, 4, 5, 10, 19)]
10 -> costo: 97246.49999999999, rotte: {3: [(1, 6), (6, 4), (4, 2), (2, 13), (13, 17), (17, 15)], 2: [(1, 14), (14, 11), (11, 12), (12, 8), (8, 7), (7, 16)], 4: [(1, 3), (3, 5), (5, 10), (10, 9)]}, padri: [9], figli: [11], mosse: [(3, 2, 1, 17, 2)]
11 -> costo: 97164.29999999999, rotte: {3: [(1, 4), (4, 2), (2, 6), (6, 13), (13, 17), (17, 15)], 2: [(1, 14), (14, 11), (11, 12), (12, 8), (8, 7), (7, 16)], 4: [(1, 3), (3, 5), (5, 10), (10, 9)]}, padri: [10], figli: [12, 24, 26, 28], mosse: [(3, 3, 2, 6, 15)]
12 -> costo: 96773.09999999998, rotte: {3: [(1, 2), (2, 4), (4, 6), (6, 13), (13, 17), (17, 15)], 2: [(1, 14), (14, 11), (11, 12), (12, 8), (8, 7), (7, 16)], 4: [(1, 3), (3, 5), (5, 10), (10, 9)]}, padri: [11, 25], figli: [13, 15, 27], mosse: [(3, 3, 2, 4, 13), (4, 3, 1, 3, 12)]
13 -> costo: 96718.79999999999, rotte: {3: [(1, 2), (2, 3), (3, 4), (4, 6), (6, 13), (13, 17), (17, 15)], 2: [(1, 14), (14, 11), (11, 12), (12, 8), (8, 7), (7, 16)], 4: [(1, 5), (5, 10), (10, 9)]}, padri: [12, 25, 26], figli: [14], mosse: [(3, 4, 2, 3, 12), (3, 3, 2, 3, 12), (3, 3, 3, 4, 13)]
14 -> costo: 96705.89999999998, rotte: {3: [(1, 3), (3, 4), (4, 6), (6, 13), (13, 17), (17, 15)], 2: [(1, 14), (14, 11), (11, 12), (12, 8), (8, 7), (7, 16)], 4: [(1, 2), (2, 5), (5, 10), (10, 9)]}, padri: [13, 27], figli: [], mosse: [(4, 3, 1, 2, 11), (3, 3, 3, 4, 13)]
15 -> costo: 96752.09999999999, rotte: {3: [(1, 2), (2, 4), (4, 6), (6, 13), (13, 17), (17, 15)], 2: [(1, 14), (14, 11), (11, 12), (12, 8), (8, 7), (7, 16)], 4: [(1, 5), (5, 3), (3, 10), (10, 9)]}, padri: [12, 25], figli: [16, 17, 18, 19, 23], mosse: [(4, 4, 5, 3, 12), (4, 3, 5, 3, 12)]
16 -> costo: 96164.59999999999, rotte: {3: [(1, 2), (2, 4), (4, 5), (5, 6), (6, 13), (13, 17), (17, 15)], 2: [(1, 14), (14, 11), (11, 12), (12, 8), (8, 7), (7, 16)], 4: [(1, 3), (3, 10), (10, 9)]}, padri: [15, 17, 18, 32], figli: [], mosse: [(3, 4, 4, 5, 14), (3, 3, 4, 5, 14), (3, 3, 5, 6, 15), (3, 4, 2, 4, 13)]
17 -> costo: 96663.29999999999, rotte: {3: [(1, 2), (2, 5), (5, 4), (4, 6), (6, 13), (13, 17), (17, 15)], 2: [(1, 14), (14, 11), (11, 12), (12, 8), (8, 7), (7, 16)], 4: [(1, 3), (3, 10), (10, 9)]}, padri: [15, 19, 23], figli: [16, 19], mosse: [(3, 4, 2, 5, 14), (3, 3, 4, 6, 15), (3, 3, 4, 6, 15)]
18 -> costo: 96727.19999999998, rotte: {3: [(1, 2), (2, 4), (4, 6), (6, 5), (5, 13), (13, 17), (17, 15)], 2: [(1, 14), (14, 11), (11, 12), (12, 8), (8, 7), (7, 16)], 4: [(1, 3), (3, 10), (10, 9)]}, padri: [15], figli: [16, 19], mosse: [(3, 4, 6, 5, 14)]
19 -> costo: 96720.99999999999, rotte: {3: [(1, 2), (2, 6), (6, 5), (5, 4), (4, 13), (13, 17), (17, 15)], 2: [(1, 14), (14, 11), (11, 12), (12, 8), (8, 7), (7, 16)], 4: [(1, 3), (3, 10), (10, 9)]}, padri: [18], figli: [20, 21, 22, 17, 23], mosse: [(3, 3, 5, 4, 13)]
20 -> costo: 96432.39999999998, rotte: {3: [(1, 6), (6, 5), (5, 4), (4, 13), (13, 17), (17, 15)], 2: [(1, 14), (14, 11), (11, 12), (12, 8), (8, 7), (7, 16)], 4: [(1, 2), (2, 3), (3, 10), (10, 9)]}, padri: [19, 22], figli: [], mosse: [(4, 3, 1, 2, 11), (4, 4, 2, 3, 12)]
21 -> costo: 96637.99999999999, rotte: {3: [(1, 6), (6, 5), (5, 4), (4, 2), (2, 13), (13, 17), (17, 15)], 2: [(1, 14), (14, 11), (11, 12), (12, 8), (8, 7), (7, 16)], 4: [(1, 3), (3, 10), (10, 9)]}, padri: [19], figli: [], mosse: [(3, 3, 4, 2, 11)]
22 -> costo: 96644.19999999998, rotte: {3: [(1, 6), (6, 5), (5, 4), (4, 13), (13, 17), (17, 15)], 2: [(1, 14), (14, 11), (11, 12), (12, 8), (8, 7), (7, 16)], 4: [(1, 3), (3, 2), (2, 10), (10, 9)]}, padri: [19], figli: [20], mosse: [(4, 3, 3, 2, 11)]
23 -> costo: 96694.49999999999, rotte: {3: [(1, 2), (2, 5), (5, 6), (6, 4), (4, 13), (13, 17), (17, 15)], 2: [(1, 14), (14, 11), (11, 12), (12, 8), (8, 7), (7, 16)], 4: [(1, 3), (3, 10), (10, 9)]}, padri: [19], figli: [17], mosse: [(3, 3, 5, 6, 15)]
24 -> costo: 97103.8, rotte: {3: [(1, 3), (3, 4), (4, 2), (2, 6), (6, 13), (13, 17), (17, 15)], 2: [(1, 14), (14, 11), (11, 12), (12, 8), (8, 7), (7, 16)], 4: [(1, 5), (5, 10), (10, 9)]}, padri: [11], figli: [25], mosse: [(3, 4, 1, 3, 12)]
25 -> costo: 97068.59999999999, rotte: {3: [(1, 3), (3, 2), (2, 4), (4, 6), (6, 13), (13, 17), (17, 15)], 2: [(1, 14), (14, 11), (11, 12), (12, 8), (8, 7), (7, 16)], 4: [(1, 5), (5, 10), (10, 9)]}, padri: [24], figli: [13, 15, 12, 26, 27], mosse: [(3, 3, 2, 4, 13)]
26 -> costo: 96827.5, rotte: {3: [(1, 2), (2, 4), (4, 3), (3, 6), (6, 13), (13, 17), (17, 15)], 2: [(1, 14), (14, 11), (11, 12), (12, 8), (8, 7), (7, 16)], 4: [(1, 5), (5, 10), (10, 9)]}, padri: [25], figli: [13, 27], mosse: [(3, 3, 4, 3, 12)]
27 -> costo: 96820.79999999997, rotte: {3: [(1, 4), (4, 3), (3, 6), (6, 13), (13, 17), (17, 15)], 2: [(1, 14), (14, 11), (11, 12), (12, 8), (8, 7), (7, 16)], 4: [(1, 2), (2, 5), (5, 10), (10, 9)]}, padri: [26], figli: [14], mosse: [(4, 3, 1, 2, 11)]
28 -> costo: 97110.0, rotte: {3: [(1, 4), (4, 3), (3, 2), (2, 6), (6, 13), (13, 17), (17, 15)], 2: [(1, 14), (14, 11), (11, 12), (12, 8), (8, 7), (7, 16)], 4: [(1, 5), (5, 10), (10, 9)]}, padri: [11], figli: [29], mosse: [(3, 4, 4, 3, 12)]
29 -> costo: 97067.4, rotte: {3: [(1, 3), (3, 2), (2, 6), (6, 13), (13, 17), (17, 15)], 2: [(1, 14), (14, 11), (11, 12), (12, 8), (8, 7), (7, 16)], 4: [(1, 5), (5, 4), (4, 10), (10, 9)]}, padri: [28], figli: [30], mosse: [(4, 3, 5, 4, 13)]
30 -> costo: 96535.49999999999, rotte: {3: [(1, 3), (3, 2), (2, 5), (5, 6), (6, 13), (13, 17), (17, 15)], 2: [(1, 14), (14, 11), (11, 12), (12, 8), (8, 7), (7, 16)], 4: [(1, 4), (4, 10), (10, 9)]}, padri: [29], figli: [31, 32, 33], mosse: [(3, 4, 2, 5, 14)]
31 -> costo: 96179.49999999999, rotte: {3: [(1, 2), (2, 5), (5, 6), (6, 13), (13, 17), (17, 15)], 2: [(1, 14), (14, 11), (11, 12), (12, 8), (8, 7), (7, 16)], 4: [(1, 3), (3, 4), (4, 10), (10, 9)]}, padri: [30], figli: [], mosse: [(4, 3, 1, 3, 12)]
32 -> costo: 96179.49999999999, rotte: {3: [(1, 2), (2, 5), (5, 6), (6, 13), (13, 17), (17, 15)], 2: [(1, 14), (14, 11), (11, 12), (12, 8), (8, 7), (7, 16)], 4: [(1, 4), (4, 3), (3, 10), (10, 9)]}, padri: [30], figli: [16], mosse: [(4, 3, 4, 3, 12)]
33 -> costo: 96252.89999999998, rotte: {3: [(1, 2), (2, 3), (3, 5), (5, 6), (6, 13), (13, 17), (17, 15)], 2: [(1, 14), (14, 11), (11, 12), (12, 8), (8, 7), (7, 16)], 4: [(1, 4), (4, 10), (10, 9)]}, padri: [30], figli: [34], mosse: [(3, 3, 2, 3, 12)]
34 -> costo: 96246.69999999998, rotte: {3: [(1, 3), (3, 5), (5, 6), (6, 13), (13, 17), (17, 15)], 2: [(1, 14), (14, 11), (11, 12), (12, 8), (8, 7), (7, 16)], 4: [(1, 2), (2, 4), (4, 10), (10, 9)]}, padri: [33], figli: [], mosse: [(4, 3, 1, 2, 11)]
bestSolutionIndice: 16
16 -> costo: 96164.59999999999, rotte: {3: [(1, 2), (2, 4), (4, 5), (5, 6), (6, 13), (13, 17), (17, 15)], 2: [(1, 14), (14, 11), (11, 12), (12, 8), (8, 7), (7, 16)], 4: [(1, 3), (3, 10), (10, 9)]}, padri: [15, 17, 18, 32], figli: [], mosse: [(3, 4, 4, 5, 14), (3, 3, 4, 5, 14), (3, 3, 5, 6, 15), (3, 4, 2, 4, 13)]
trasportoPalletDiGamma: {3: [(2, 11), (4, 13), (5, 14), (6, 15), (13, 2), (17, 6), (15, 4)], 2: [(14, 3), (11, 20), (12, 1), (8, 17), (7, 16), (16, 5)], 4: [(3, 12), (10, 19), (9, 18)]}
itMosseLS: 45, itMosseTS: 30
time elapsed: 1520.73s.


##########################################################################################
s: 1
dictSolutions[1]:
0 -> costo: 162091.69999999998, rotte: {2: [(1, 14), (14, 7), (7, 16), (16, 3), (3, 8), (8, 4)], 3: [(1, 10), (10, 17), (17, 13), (13, 15), (15, 9), (9, 4)], 4: [(1, 6), (6, 11), (11, 12), (12, 5), (5, 2)]}, padri: [-1], figli: [1], mosse: [-1]
1 -> costo: 140692.2, rotte: {2: [(1, 14), (14, 7), (7, 16), (16, 3), (3, 8), (8, 4)], 3: [(1, 10), (10, 17), (17, 15), (15, 13), (13, 9), (9, 4)], 4: [(1, 6), (6, 11), (11, 12), (12, 5), (5, 2)]}, padri: [0], figli: [2], mosse: [(3, 3, 15, 13, 2)]
2 -> costo: 125938.40000000001, rotte: {2: [(1, 14), (14, 7), (7, 3), (3, 8), (8, 4), (4, 16)], 3: [(1, 10), (10, 17), (17, 15), (15, 13), (13, 9), (9, 4)], 4: [(1, 6), (6, 11), (11, 12), (12, 5), (5, 2)]}, padri: [1], figli: [3], mosse: [(2, 2, 4, 16, 5)]
3 -> costo: 116504.59999999999, rotte: {2: [(1, 7), (7, 3), (3, 8), (8, 4), (4, 16)], 3: [(1, 10), (10, 17), (17, 15), (15, 13), (13, 9), (9, 4)], 4: [(1, 6), (6, 14), (14, 11), (11, 12), (12, 5), (5, 2)]}, padri: [2], figli: [4], mosse: [(4, 2, 6, 14, 3)]
4 -> costo: 110172.5, rotte: {2: [(1, 7), (7, 3), (3, 8), (8, 4), (4, 16)], 3: [(1, 17), (17, 15), (15, 13), (13, 9), (9, 10), (10, 4)], 4: [(1, 6), (6, 14), (14, 11), (11, 12), (12, 5), (5, 2)]}, padri: [3], figli: [5], mosse: [(3, 3, 9, 10, 19)]
5 -> costo: 107513.9, rotte: {2: [(1, 7), (7, 3), (3, 8), (8, 4), (4, 16)], 3: [(1, 17), (17, 15), (15, 13), (13, 9), (9, 10), (10, 4)], 4: [(1, 14), (14, 11), (11, 12), (12, 6), (6, 5), (5, 2)]}, padri: [4], figli: [6], mosse: [(4, 4, 12, 6, 15)]
6 -> costo: 105841.9, rotte: {2: [(1, 3), (3, 8), (8, 7), (7, 4), (4, 16)], 3: [(1, 17), (17, 15), (15, 13), (13, 9), (9, 10), (10, 4)], 4: [(1, 14), (14, 11), (11, 12), (12, 6), (6, 5), (5, 2)]}, padri: [5], figli: [7], mosse: [(2, 2, 8, 7, 16)]
7 -> costo: 104591.69999999998, rotte: {2: [(1, 3), (3, 8), (8, 7), (7, 4), (4, 16)], 3: [(1, 17), (17, 15), (15, 13), (13, 10), (10, 4), (4, 9)], 4: [(1, 14), (14, 11), (11, 12), (12, 6), (6, 5), (5, 2)]}, padri: [6], figli: [8], mosse: [(3, 3, 4, 9, 18)]
8 -> costo: 103225.1, rotte: {2: [(1, 3), (3, 8), (8, 7), (7, 4), (4, 16)], 3: [(1, 17), (17, 15), (15, 13), (13, 10), (10, 9)], 4: [(1, 14), (14, 11), (11, 12), (12, 6), (6, 5), (5, 2)]}, padri: [7], figli: [9, 10, 11], mosse: [(2, 3, 1, 4, 1)]
9 -> costo: 102784.69999999998, rotte: {2: [(1, 8), (8, 7), (7, 4), (4, 3), (3, 16)], 3: [(1, 17), (17, 15), (15, 13), (13, 10), (10, 9)], 4: [(1, 14), (14, 11), (11, 12), (12, 6), (6, 5), (5, 2)]}, padri: [8, 10], figli: [], mosse: [(2, 2, 4, 3, 12), (2, 2, 4, 3, 12)]
10 -> costo: 102831.69999999998, rotte: {2: [(1, 8), (8, 7), (7, 3), (3, 4), (4, 16)], 3: [(1, 17), (17, 15), (15, 13), (13, 10), (10, 9)], 4: [(1, 14), (14, 11), (11, 12), (12, 6), (6, 5), (5, 2)]}, padri: [8], figli: [9], mosse: [(2, 2, 7, 3, 12)]
11 -> costo: 102984.79999999999, rotte: {2: [(1, 3), (3, 7), (7, 4), (4, 8), (8, 16)], 3: [(1, 17), (17, 15), (15, 13), (13, 10), (10, 9)], 4: [(1, 14), (14, 11), (11, 12), (12, 6), (6, 5), (5, 2)]}, padri: [8], figli: [12], mosse: [(2, 2, 4, 8, 17)]
12 -> costo: 102647.5, rotte: {2: [(1, 3), (3, 4), (4, 7), (7, 8), (8, 16)], 3: [(1, 17), (17, 15), (15, 13), (13, 10), (10, 9)], 4: [(1, 14), (14, 11), (11, 12), (12, 6), (6, 5), (5, 2)]}, padri: [11], figli: [], mosse: [(2, 2, 4, 7, 16)]
bestSolutionIndice: 12
12 -> costo: 102647.5, rotte: {2: [(1, 3), (3, 4), (4, 7), (7, 8), (8, 16)], 3: [(1, 17), (17, 15), (15, 13), (13, 10), (10, 9)], 4: [(1, 14), (14, 11), (11, 12), (12, 6), (6, 5), (5, 2)]}, padri: [11], figli: [], mosse: [(2, 2, 4, 7, 16)]
trasportoPalletDiGamma: {2: [(3, 12), (4, 13), (7, 16), (8, 17), (16, 5)], 3: [(17, 6), (15, 4), (13, 2), (10, 19), (9, 18)], 4: [(14, 3), (11, 20), (12, 1), (6, 15), (5, 14), (2, 11)]}
itMosseLS: 13, itMosseTS: 3
time elapsed: 93.67s.


##########################################################################################
##########################################################################################
##########################################################################################
##########################################################################################
##########################################################################################
##########################################################################################
