itNSIMax: 20, itMosseTSMax: 10.
##########################################################################################
s: 1
dictSolutions[1]:
0 -> costo: 154503.90000000002, rotte: {2: [(1, 15), (15, 4), (4, 8), (8, 11), (11, 3)], 3: [(1, 16), (16, 12), (12, 7), (7, 2), (2, 6), (6, 10)], 4: [(1, 5), (5, 13), (13, 17), (17, 14), (14, 9), (9, 3), (3, 10)]}, padri: [-1], figli: [1], mosse: [-1]
1 -> costo: 134862.19999999998, rotte: {2: [(1, 4), (4, 8), (8, 11), (11, 3)], 3: [(1, 16), (16, 12), (12, 7), (7, 2), (2, 6), (6, 10)], 4: [(1, 5), (5, 13), (13, 17), (17, 15), (15, 14), (14, 9), (9, 3), (3, 10)]}, padri: [0], figli: [2], mosse: [(4, 2, 17, 15, 4)]
2 -> costo: 119177.6, rotte: {2: [(1, 4), (4, 8), (8, 11), (11, 3)], 3: [(1, 12), (12, 7), (7, 2), (2, 6), (6, 10)], 4: [(1, 5), (5, 13), (13, 16), (16, 17), (17, 15), (15, 14), (14, 9), (9, 3), (3, 10)]}, padri: [1], figli: [3], mosse: [(4, 3, 13, 16, 5)]
3 -> costo: 109202.79999999999, rotte: {2: [(1, 4), (4, 8), (8, 11), (11, 3)], 3: [(1, 7), (7, 2), (2, 6), (6, 10)], 4: [(1, 5), (5, 13), (13, 16), (16, 17), (17, 15), (15, 12), (12, 14), (14, 9), (9, 3), (3, 10)]}, padri: [2], figli: [4], mosse: [(4, 3, 15, 12, 1)]
4 -> costo: 103621.9, rotte: {2: [(1, 3), (3, 4), (4, 8), (8, 11)], 3: [(1, 7), (7, 2), (2, 6), (6, 10)], 4: [(1, 5), (5, 13), (13, 16), (16, 17), (17, 15), (15, 12), (12, 14), (14, 9), (9, 3), (3, 10)]}, padri: [3], figli: [5], mosse: [(2, 2, 1, 3, 11)]
5 -> costo: 98363.4, rotte: {2: [(1, 3), (3, 4), (4, 8), (8, 11)], 3: [(1, 7), (7, 2), (2, 6), (6, 10)], 4: [(1, 5), (5, 16), (16, 17), (17, 15), (15, 12), (12, 13), (13, 14), (14, 9), (9, 3), (3, 10)]}, padri: [4], figli: [6], mosse: [(4, 4, 12, 13, 2)]
6 -> costo: 91688.4, rotte: {2: [(1, 3), (3, 4), (4, 8), (8, 11)], 3: [(1, 7), (7, 2), (2, 6), (6, 10)], 4: [(1, 16), (16, 17), (17, 15), (15, 12), (12, 13), (13, 14), (14, 9), (9, 5), (5, 3), (3, 10)]}, padri: [5], figli: [7], mosse: [(4, 4, 9, 5, 14)]
7 -> costo: 89194.1, rotte: {2: [(1, 3), (3, 4), (4, 8), (8, 11)], 3: [(1, 2), (2, 7), (7, 6), (6, 10)], 4: [(1, 16), (16, 17), (17, 15), (15, 12), (12, 13), (13, 14), (14, 9), (9, 5), (5, 3), (3, 10)]}, padri: [6], figli: [8], mosse: [(3, 3, 2, 7, 16)]
8 -> costo: 88259.59999999999, rotte: {2: [(1, 3), (3, 4), (4, 8), (8, 11)], 3: [(1, 2), (2, 7), (7, 6), (6, 10)], 4: [(1, 16), (16, 17), (17, 15), (15, 12), (12, 13), (13, 14), (14, 9), (9, 5), (5, 3)]}, padri: [7], figli: [9, 9, 9, 9, 11, 11, 11, 11], mosse: [(3, 4, 1, 10, 2)]
9 -> costo: 87742.4, rotte: {2: [(1, 3), (3, 4), (4, 8), (8, 11)], 3: [(1, 2), (2, 7), (7, 6), (6, 10)], 4: [(1, 16), (16, 17), (17, 15), (15, 12), (12, 13), (13, 14), (14, 9), (9, 5)]}, padri: [8, 8, 8, 8], figli: [10, 10, 10], mosse: [(2, 4, 1, 3, 1), (2, 4, 4, 3, 1), (2, 4, 8, 3, 1), (2, 4, 11, 3, 1)]
10 -> costo: 87404.5, rotte: {2: [(1, 3), (3, 4), (4, 8), (8, 11)], 3: [(1, 2), (2, 7), (7, 6), (6, 10)], 4: [(1, 16), (16, 17), (17, 15), (15, 12), (12, 13), (13, 14), (14, 5), (5, 9)]}, padri: [9, 9, 9, 11, 11, 11, 11], figli: [], mosse: [(4, 4, 14, 5, 14), (4, 4, 5, 9, 18), (4, 4, 9, 5), (2, 4, 1, 3, 1), (2, 4, 4, 3, 1), (2, 4, 8, 3, 1), (2, 4, 11, 3, 1)]
11 -> costo: 87900.3, rotte: {2: [(1, 3), (3, 4), (4, 8), (8, 11)], 3: [(1, 2), (2, 7), (7, 6), (6, 10)], 4: [(1, 16), (16, 17), (17, 15), (15, 12), (12, 13), (13, 14), (14, 5), (5, 3), (3, 9)]}, padri: [8], figli: [10, 10, 10, 10], mosse: [(4, 4, 3, 9, 18)]
bestSolutionIndice: 10
10 -> costo: 87404.5, rotte: {2: [(1, 3), (3, 4), (4, 8), (8, 11)], 3: [(1, 2), (2, 7), (7, 6), (6, 10)], 4: [(1, 16), (16, 17), (17, 15), (15, 12), (12, 13), (13, 14), (14, 5), (5, 9)]}, padri: [9, 9, 9, 11, 11, 11, 11], figli: [], mosse: [(4, 4, 14, 5, 14), (4, 4, 5, 9, 18), (4, 4, 9, 5), (2, 4, 1, 3, 1), (2, 4, 4, 3, 1), (2, 4, 8, 3, 1), (2, 4, 11, 3, 1)]
trasportoPalletDiGamma: {2: [(3, 12), (4, 13), (8, 17), (11, 20)], 3: [(2, 11), (7, 16), (6, 15), (10, 19)], 4: [(16, 5), (17, 6), (15, 4), (12, 1), (13, 2), (14, 3), (5, 14), (9, 18)]}
itMosseLS: 20, itMosseTS: 10
time elapsed: 475.01s.


##########################################################################################
s: 1
dictSolutions[1]:
0 -> costo: 155437.30000000002, rotte: {4: [(1, 9), (9, 6), (6, 2), (2, 15), (15, 12), (12, 17)], 2: [(1, 14), (14, 7), (7, 10), (10, 11), (11, 3)], 3: [(1, 13), (13, 5), (5, 8), (8, 16), (16, 4), (4, 3)]}, padri: [-1], figli: [1], mosse: [-1]
1 -> costo: 136601.19999999998, rotte: {4: [(1, 9), (9, 6), (6, 2), (2, 12), (12, 17), (17, 15)], 2: [(1, 14), (14, 7), (7, 10), (10, 11), (11, 3)], 3: [(1, 13), (13, 5), (5, 8), (8, 16), (16, 4), (4, 3)]}, padri: [0], figli: [2], mosse: [(4, 4, 17, 15, 4)]
2 -> costo: 123559.39999999998, rotte: {4: [(1, 9), (9, 6), (6, 2), (2, 12), (12, 17), (17, 15)], 2: [(1, 14), (14, 7), (7, 10), (10, 11), (11, 3)], 3: [(1, 13), (13, 5), (5, 8), (8, 4), (4, 3), (3, 16)]}, padri: [1], figli: [3], mosse: [(3, 3, 3, 16, 5)]
3 -> costo: 113949.59999999999, rotte: {4: [(1, 9), (9, 6), (6, 2), (2, 13), (13, 12), (12, 17), (17, 15)], 2: [(1, 14), (14, 7), (7, 10), (10, 11), (11, 3)], 3: [(1, 5), (5, 8), (8, 4), (4, 3), (3, 16)]}, padri: [2], figli: [4], mosse: [(4, 3, 2, 13, 2)]
4 -> costo: 104512.09999999999, rotte: {4: [(1, 9), (9, 6), (6, 2), (2, 13), (13, 12), (12, 17), (17, 15)], 2: [(1, 7), (7, 10), (10, 11), (11, 14), (14, 3)], 3: [(1, 5), (5, 8), (8, 4), (4, 3), (3, 16)]}, padri: [3], figli: [5], mosse: [(2, 2, 11, 14, 3)]
5 -> costo: 97240.7, rotte: {4: [(1, 9), (9, 6), (6, 2), (2, 13), (13, 12), (12, 17), (17, 15)], 2: [(1, 3), (3, 7), (7, 10), (10, 11), (11, 14)], 3: [(1, 5), (5, 8), (8, 4), (4, 3), (3, 16)]}, padri: [4], figli: [6], mosse: [(2, 2, 1, 3, 7)]
6 -> costo: 96190.09999999999, rotte: {4: [(1, 6), (6, 2), (2, 9), (9, 13), (13, 12), (12, 17), (17, 15)], 2: [(1, 3), (3, 7), (7, 10), (10, 11), (11, 14)], 3: [(1, 5), (5, 8), (8, 4), (4, 3), (3, 16)]}, padri: [5], figli: [7], mosse: [(4, 4, 2, 9, 18)]
7 -> costo: 94847.99999999999, rotte: {4: [(1, 2), (2, 6), (6, 9), (9, 13), (13, 12), (12, 17), (17, 15)], 2: [(1, 3), (3, 7), (7, 10), (10, 11), (11, 14)], 3: [(1, 5), (5, 8), (8, 4), (4, 3), (3, 16)]}, padri: [6], figli: [8, 9, 14], mosse: [(4, 4, 2, 6, 15)]
8 -> costo: 94432.2, rotte: {4: [(1, 2), (2, 6), (6, 9), (9, 13), (13, 12), (12, 17), (17, 15)], 2: [(1, 3), (3, 7), (7, 10), (10, 11), (11, 14)], 3: [(1, 8), (8, 5), (5, 4), (4, 3), (3, 16)]}, padri: [7, 10], figli: [], mosse: [(3, 3, 8, 5, 14), (4, 3, 1, 2, 11)]
9 -> costo: 94546.49999999999, rotte: {4: [(1, 6), (6, 9), (9, 13), (13, 12), (12, 17), (17, 15)], 2: [(1, 3), (3, 7), (7, 10), (10, 11), (11, 14)], 3: [(1, 2), (2, 5), (5, 8), (8, 4), (4, 3), (3, 16)]}, padri: [7], figli: [10, 11], mosse: [(3, 4, 1, 2, 11)]
10 -> costo: 94439.8, rotte: {4: [(1, 6), (6, 9), (9, 13), (13, 12), (12, 17), (17, 15)], 2: [(1, 3), (3, 7), (7, 10), (10, 11), (11, 14)], 3: [(1, 2), (2, 8), (8, 5), (5, 4), (4, 3), (3, 16)]}, padri: [9], figli: [8], mosse: [(3, 3, 8, 5, 14)]
11 -> costo: 94441.59999999999, rotte: {4: [(1, 6), (6, 9), (9, 13), (13, 12), (12, 17), (17, 15)], 2: [(1, 3), (3, 7), (7, 10), (10, 11), (11, 14)], 3: [(1, 2), (2, 5), (5, 4), (4, 3), (3, 8), (8, 16)]}, padri: [9], figli: [12, 16], mosse: [(3, 3, 3, 8, 17)]
12 -> costo: 94095.09999999999, rotte: {4: [(1, 6), (6, 9), (9, 13), (13, 12), (12, 17), (17, 15)], 2: [(1, 3), (3, 7), (7, 10), (10, 11), (11, 14)], 3: [(1, 2), (2, 4), (4, 3), (3, 5), (5, 8), (8, 16)]}, padri: [11, 15, 18], figli: [13], mosse: [(3, 3, 3, 5, 14), (3, 4, 1, 2, 11), (3, 3, 4, 3, 5)]
13 -> costo: 94019.2, rotte: {4: [(1, 6), (6, 9), (9, 13), (13, 12), (12, 17), (17, 15)], 2: [(1, 3), (3, 7), (7, 10), (10, 11), (11, 14)], 3: [(1, 2), (2, 3), (3, 4), (4, 5), (5, 8), (8, 16)]}, padri: [12, 18], figli: [], mosse: [(3, 3, 3, 4, 13), (3, 3, 2, 3, 5)]
14 -> costo: 94743.09999999999, rotte: {4: [(1, 2), (2, 6), (6, 9), (9, 13), (13, 12), (12, 17), (17, 15)], 2: [(1, 3), (3, 7), (7, 10), (10, 11), (11, 14)], 3: [(1, 5), (5, 4), (4, 3), (3, 8), (8, 16)]}, padri: [7], figli: [15], mosse: [(3, 3, 3, 8, 17)]
15 -> costo: 94389.9, rotte: {4: [(1, 2), (2, 6), (6, 9), (9, 13), (13, 12), (12, 17), (17, 15)], 2: [(1, 3), (3, 7), (7, 10), (10, 11), (11, 14)], 3: [(1, 4), (4, 3), (3, 5), (5, 8), (8, 16)]}, padri: [14], figli: [12, 16, 17], mosse: [(3, 3, 3, 5, 14)]
16 -> costo: 94307.8, rotte: {4: [(1, 2), (2, 6), (6, 9), (9, 13), (13, 12), (12, 17), (17, 15)], 2: [(1, 3), (3, 7), (7, 10), (10, 11), (11, 14)], 3: [(1, 3), (3, 4), (4, 5), (5, 8), (8, 16)]}, padri: [15], figli: [], mosse: [(3, 3, 3, 4, 13)]
17 -> costo: 94383.9, rotte: {4: [(1, 6), (6, 9), (9, 13), (13, 12), (12, 17), (17, 15)], 2: [(1, 3), (3, 7), (7, 10), (10, 11), (11, 14)], 3: [(1, 4), (4, 3), (3, 2), (2, 5), (5, 8), (8, 16)]}, padri: [15], figli: [18], mosse: [(3, 4, 3, 2, 11)]
18 -> costo: 94369.0, rotte: {4: [(1, 6), (6, 9), (9, 13), (13, 12), (12, 17), (17, 15)], 2: [(1, 3), (3, 7), (7, 10), (10, 11), (11, 14)], 3: [(1, 3), (3, 2), (2, 4), (4, 5), (5, 8), (8, 16)]}, padri: [17], figli: [13, 12], mosse: [(3, 3, 2, 4, 13)]
bestSolutionIndice: 13
13 -> costo: 94019.2, rotte: {4: [(1, 6), (6, 9), (9, 13), (13, 12), (12, 17), (17, 15)], 2: [(1, 3), (3, 7), (7, 10), (10, 11), (11, 14)], 3: [(1, 2), (2, 3), (3, 4), (4, 5), (5, 8), (8, 16)]}, padri: [12, 18], figli: [], mosse: [(3, 3, 3, 4, 13), (3, 3, 2, 3, 5)]
trasportoPalletDiGamma: {4: [(6, 15), (9, 18), (13, 2), (12, 1), (17, 6), (15, 4)], 2: [(3, 7), (7, 16), (10, 19), (11, 20), (14, 3)], 3: [(2, 11), (3, 5), (4, 13), (5, 14), (8, 17), (16, 5)]}
itMosseLS: 22, itMosseTS: 10
time elapsed: 634.15s.


##########################################################################################
s: 1
dictSolutions[1]:
0 -> costo: 168599.19999999998, rotte: {3: [(1, 4), (4, 12), (12, 17), (17, 2), (2, 3), (3, 7)], 4: [(1, 10), (10, 15), (15, 8), (8, 11), (11, 9)], 2: [(1, 6), (6, 13), (13, 5), (5, 14), (14, 16), (16, 9)]}, padri: [-1], figli: [1], mosse: [-1]
1 -> costo: 155583.8, rotte: {3: [(1, 4), (4, 12), (12, 17), (17, 2), (2, 3), (3, 7)], 4: [(1, 10), (10, 15), (15, 8), (8, 11), (11, 9)], 2: [(1, 6), (6, 9), (9, 13), (13, 5), (5, 14), (14, 16)]}, padri: [0], figli: [2], mosse: [(2, 2, 6, 9, 13)]
2 -> costo: 144845.6, rotte: {3: [(1, 4), (4, 12), (12, 17), (17, 2), (2, 3), (3, 7)], 4: [(1, 10), (10, 8), (8, 11), (11, 9), (9, 15)], 2: [(1, 6), (6, 9), (9, 13), (13, 5), (5, 14), (14, 16)]}, padri: [1], figli: [3], mosse: [(4, 4, 9, 15, 4)]
3 -> costo: 134148.1, rotte: {3: [(1, 4), (4, 12), (12, 17), (17, 2), (2, 3), (3, 7)], 4: [(1, 10), (10, 8), (8, 11), (11, 15)], 2: [(1, 6), (6, 9), (9, 13), (13, 5), (5, 14), (14, 16)]}, padri: [2], figli: [4], mosse: [(2, 4, 1, 9, 5)]
4 -> costo: 124350.4, rotte: {3: [(1, 4), (4, 12), (12, 17), (17, 2), (2, 3), (3, 7)], 4: [(1, 10), (10, 8), (8, 11), (11, 15)], 2: [(1, 6), (6, 9), (9, 5), (5, 14), (14, 13), (13, 16)]}, padri: [3], figli: [5], mosse: [(2, 2, 14, 13, 2)]
5 -> costo: 119387.2, rotte: {3: [(1, 4), (4, 12), (12, 2), (2, 3), (3, 7), (7, 17)], 4: [(1, 10), (10, 8), (8, 11), (11, 15)], 2: [(1, 6), (6, 9), (9, 5), (5, 14), (14, 13), (13, 16)]}, padri: [4], figli: [6], mosse: [(3, 3, 7, 17, 6)]
6 -> costo: 112324.9, rotte: {3: [(1, 4), (4, 2), (2, 3), (3, 7), (7, 12), (12, 17)], 4: [(1, 10), (10, 8), (8, 11), (11, 15)], 2: [(1, 6), (6, 9), (9, 5), (5, 14), (14, 13), (13, 16)]}, padri: [5], figli: [7], mosse: [(3, 3, 7, 12, 1)]
7 -> costo: 110526.09999999998, rotte: {3: [(1, 4), (4, 2), (2, 3), (3, 7), (7, 12), (12, 17)], 4: [(1, 10), (10, 8), (8, 11), (11, 15)], 2: [(1, 6), (6, 5), (5, 9), (9, 14), (14, 13), (13, 16)]}, padri: [6], figli: [8, 10], mosse: [(2, 2, 5, 9, 18)]
8 -> costo: 109023.59999999998, rotte: {3: [(1, 2), (2, 3), (3, 7), (7, 4), (4, 12), (12, 17)], 4: [(1, 10), (10, 8), (8, 11), (11, 15)], 2: [(1, 6), (6, 5), (5, 9), (9, 14), (14, 13), (13, 16)]}, padri: [7], figli: [9, 11], mosse: [(3, 3, 7, 4, 13)]
9 -> costo: 108332.9, rotte: {3: [(1, 2), (2, 3), (3, 7), (7, 4), (4, 12), (12, 17)], 4: [(1, 10), (10, 8), (8, 11), (11, 15)], 2: [(1, 5), (5, 6), (6, 9), (9, 14), (14, 13), (13, 16)]}, padri: [8, 10, 11, 13], figli: [], mosse: [(2, 2, 5, 6, 15), (3, 3, 7, 4, 13), (3, 3, 7, 4, 13), (3, 3, 7, 4, 13)]
10 -> costo: 109835.4, rotte: {3: [(1, 4), (4, 2), (2, 3), (3, 7), (7, 12), (12, 17)], 4: [(1, 10), (10, 8), (8, 11), (11, 15)], 2: [(1, 5), (5, 6), (6, 9), (9, 14), (14, 13), (13, 16)]}, padri: [7], figli: [9, 11, 13], mosse: [(2, 2, 5, 6, 15)]
11 -> costo: 109417.7, rotte: {3: [(1, 2), (2, 3), (3, 4), (4, 7), (7, 12), (12, 17)], 4: [(1, 10), (10, 8), (8, 11), (11, 15)], 2: [(1, 5), (5, 6), (6, 9), (9, 14), (14, 13), (13, 16)]}, padri: [10, 13, 13], figli: [12, 9], mosse: [(3, 3, 3, 4, 13), (3, 3, 3, 4, 13), (3, 3, 4, 3)]
12 -> costo: 108305.79999999999, rotte: {3: [(1, 2), (2, 4), (4, 7), (7, 3), (3, 12), (12, 17)], 4: [(1, 10), (10, 8), (8, 11), (11, 15)], 2: [(1, 5), (5, 6), (6, 9), (9, 14), (14, 13), (13, 16)]}, padri: [11, 13], figli: [], mosse: [(3, 3, 7, 3, 12), (3, 3, 7, 3, 12)]
13 -> costo: 109479.4, rotte: {3: [(1, 2), (2, 4), (4, 3), (3, 7), (7, 12), (12, 17)], 4: [(1, 10), (10, 8), (8, 11), (11, 15)], 2: [(1, 5), (5, 6), (6, 9), (9, 14), (14, 13), (13, 16)]}, padri: [10], figli: [12, 9, 11, 11], mosse: [(3, 3, 2, 4, 13)]
bestSolutionIndice: 12
12 -> costo: 108305.79999999999, rotte: {3: [(1, 2), (2, 4), (4, 7), (7, 3), (3, 12), (12, 17)], 4: [(1, 10), (10, 8), (8, 11), (11, 15)], 2: [(1, 5), (5, 6), (6, 9), (9, 14), (14, 13), (13, 16)]}, padri: [11, 13], figli: [], mosse: [(3, 3, 7, 3, 12), (3, 3, 7, 3, 12)]
trasportoPalletDiGamma: {3: [(2, 11), (4, 13), (7, 16), (3, 12), (12, 1), (17, 6)], 4: [(10, 19), (8, 17), (11, 20), (15, 4)], 2: [(5, 14), (6, 15), (9, 18), (14, 3), (13, 2), (16, 5)]}
itMosseLS: 19, itMosseTS: 10
time elapsed: 446.86s.


##########################################################################################
s: 1
dictSolutions[1]:
0 -> costo: 168191.99999999997, rotte: {4: [(1, 9), (9, 13), (13, 10), (10, 5), (5, 7)], 2: [(1, 2), (2, 17), (17, 8), (8, 12), (12, 15), (15, 3)], 3: [(1, 6), (6, 11), (11, 4), (4, 16), (16, 14), (14, 7)]}, padri: [-1], figli: [1], mosse: [-1]
1 -> costo: 143025.09999999998, rotte: {4: [(1, 9), (9, 13), (13, 10), (10, 5), (5, 7)], 2: [(1, 2), (2, 8), (8, 12), (12, 17), (17, 15), (15, 3)], 3: [(1, 6), (6, 11), (11, 4), (4, 16), (16, 14), (14, 7)]}, padri: [0], figli: [2], mosse: [(2, 2, 12, 17, 6)]
2 -> costo: 129499.9, rotte: {4: [(1, 9), (9, 13), (13, 10), (10, 5), (5, 7)], 2: [(1, 2), (2, 3), (3, 8), (8, 12), (12, 17), (17, 15)], 3: [(1, 6), (6, 11), (11, 4), (4, 16), (16, 14), (14, 7)]}, padri: [1], figli: [3], mosse: [(2, 2, 2, 3, 12)]
3 -> costo: 117673.09999999999, rotte: {4: [(1, 9), (9, 13), (13, 10), (10, 5), (5, 7)], 2: [(1, 2), (2, 3), (3, 8), (8, 12), (12, 17), (17, 15)], 3: [(1, 6), (6, 4), (4, 16), (16, 11), (11, 14), (14, 7)]}, padri: [2], figli: [4], mosse: [(3, 3, 16, 11, 20)]
4 -> costo: 109757.7, rotte: {4: [(1, 9), (9, 13), (13, 10), (10, 5), (5, 7)], 2: [(1, 2), (2, 3), (3, 8), (8, 12), (12, 17), (17, 15)], 3: [(1, 6), (6, 7), (7, 4), (4, 16), (16, 11), (11, 14)]}, padri: [3], figli: [5], mosse: [(3, 3, 6, 7, 4)]
5 -> costo: 102527.69999999998, rotte: {4: [(1, 9), (9, 13), (13, 10), (10, 5), (5, 7)], 2: [(1, 2), (2, 3), (3, 8), (8, 12), (12, 17), (17, 15)], 3: [(1, 6), (6, 7), (7, 4), (4, 11), (11, 14), (14, 16)]}, padri: [4], figli: [6], mosse: [(3, 3, 14, 16, 5)]
6 -> costo: 99374.99999999999, rotte: {4: [(1, 13), (13, 10), (10, 5), (5, 7), (7, 9)], 2: [(1, 2), (2, 3), (3, 8), (8, 12), (12, 17), (17, 15)], 3: [(1, 6), (6, 7), (7, 4), (4, 11), (11, 14), (14, 16)]}, padri: [5], figli: [7, 9, 13], mosse: [(4, 4, 7, 9, 18)]
7 -> costo: 91053.79999999999, rotte: {4: [(1, 10), (10, 5), (5, 7), (7, 9)], 2: [(1, 2), (2, 3), (3, 8), (8, 13), (13, 12), (12, 17), (17, 15)], 3: [(1, 6), (6, 7), (7, 4), (4, 11), (11, 14), (14, 16)]}, padri: [6], figli: [8], mosse: [(2, 4, 8, 13, 2)]
8 -> costo: 90737.2, rotte: {4: [(1, 10), (10, 5), (5, 7), (7, 9)], 2: [(1, 2), (2, 3), (3, 8), (8, 13), (13, 12), (12, 17), (17, 15)], 3: [(1, 6), (6, 7), (7, 4), (4, 14), (14, 11), (11, 16)]}, padri: [7], figli: [], mosse: [(3, 3, 14, 11, 20)]
9 -> costo: 91072.99999999999, rotte: {4: [(1, 10), (10, 5), (5, 7), (7, 9)], 2: [(1, 2), (2, 3), (3, 8), (8, 12), (12, 17), (17, 15)], 3: [(1, 6), (6, 7), (7, 4), (4, 11), (11, 14), (14, 13), (13, 16)]}, padri: [6, 13], figli: [10, 11, 12], mosse: [(3, 4, 14, 13, 2), (3, 3, 14, 13, 2)]
10 -> costo: 90897.69999999998, rotte: {4: [(1, 10), (10, 5), (5, 7), (7, 9)], 2: [(1, 2), (2, 3), (3, 8), (8, 12), (12, 17), (17, 15)], 3: [(1, 6), (6, 7), (7, 4), (4, 14), (14, 11), (11, 13), (13, 16)]}, padri: [9, 11, 12], figli: [], mosse: [(3, 3, 14, 11, 20), (3, 3, 11, 13, 2), (3, 3, 11, 13, 2)]
11 -> costo: 91057.3, rotte: {4: [(1, 10), (10, 5), (5, 7), (7, 9)], 2: [(1, 2), (2, 3), (3, 8), (8, 12), (12, 17), (17, 15)], 3: [(1, 6), (6, 7), (7, 4), (4, 14), (14, 13), (13, 11), (11, 16)]}, padri: [9], figli: [10, 12], mosse: [(3, 3, 13, 11, 20)]
12 -> costo: 90961.6, rotte: {4: [(1, 10), (10, 5), (5, 7), (7, 9)], 2: [(1, 2), (2, 3), (3, 8), (8, 12), (12, 17), (17, 15)], 3: [(1, 6), (6, 7), (7, 4), (4, 13), (13, 14), (14, 11), (11, 16)]}, padri: [11, 13], figli: [10], mosse: [(3, 3, 13, 14, 3), (3, 3, 14, 11, 20)]
13 -> costo: 91102.2, rotte: {4: [(1, 10), (10, 5), (5, 7), (7, 9)], 2: [(1, 2), (2, 3), (3, 8), (8, 12), (12, 17), (17, 15)], 3: [(1, 6), (6, 7), (7, 4), (4, 13), (13, 11), (11, 14), (14, 16)]}, padri: [6], figli: [12, 9], mosse: [(3, 4, 4, 13, 2)]
bestSolutionIndice: 8
8 -> costo: 90737.2, rotte: {4: [(1, 10), (10, 5), (5, 7), (7, 9)], 2: [(1, 2), (2, 3), (3, 8), (8, 13), (13, 12), (12, 17), (17, 15)], 3: [(1, 6), (6, 7), (7, 4), (4, 14), (14, 11), (11, 16)]}, padri: [7], figli: [], mosse: [(3, 3, 14, 11, 20)]
trasportoPalletDiGamma: {4: [(10, 19), (5, 14), (7, 12), (9, 18)], 2: [(2, 11), (3, 12), (8, 17), (13, 2), (12, 1), (17, 6), (15, 4)], 3: [(6, 15), (7, 4), (4, 13), (14, 3), (11, 20), (16, 5)]}
itMosseLS: 17, itMosseTS: 10
time elapsed: 290.01s.


##########################################################################################
s: 1
dictSolutions[1]:
0 -> costo: 147050.69999999998, rotte: {3: [(1, 15), (15, 3), (3, 12), (12, 16), (16, 13), (13, 6), (6, 2)], 2: [(1, 7), (7, 4), (4, 10), (10, 5), (5, 2)], 4: [(1, 17), (17, 9), (9, 14), (14, 11), (11, 8), (8, 2)]}, padri: [-1], figli: [1], mosse: [-1]
1 -> costo: 126795.29999999997, rotte: {3: [(1, 15), (15, 3), (3, 12), (12, 17), (17, 16), (16, 13), (13, 6), (6, 2)], 2: [(1, 7), (7, 4), (4, 10), (10, 5), (5, 2)], 4: [(1, 9), (9, 14), (14, 11), (11, 8), (8, 2)]}, padri: [0], figli: [2], mosse: [(3, 4, 12, 17, 6)]
2 -> costo: 107153.59999999998, rotte: {3: [(1, 3), (3, 12), (12, 15), (15, 17), (17, 16), (16, 13), (13, 6), (6, 2)], 2: [(1, 7), (7, 4), (4, 10), (10, 5), (5, 2)], 4: [(1, 9), (9, 14), (14, 11), (11, 8), (8, 2)]}, padri: [1], figli: [3], mosse: [(3, 3, 12, 15, 4)]
3 -> costo: 101403.49999999997, rotte: {3: [(1, 3), (3, 12), (12, 15), (15, 17), (17, 16), (16, 13), (13, 6), (6, 2)], 2: [(1, 7), (7, 4), (4, 10), (10, 5), (5, 2)], 4: [(1, 14), (14, 11), (11, 8), (8, 9), (9, 2)]}, padri: [2], figli: [4], mosse: [(4, 4, 8, 9, 18)]
4 -> costo: 96019.09999999998, rotte: {3: [(1, 3), (3, 15), (15, 17), (17, 16), (16, 12), (12, 13), (13, 6), (6, 2)], 2: [(1, 7), (7, 4), (4, 10), (10, 5), (5, 2)], 4: [(1, 14), (14, 11), (11, 8), (8, 9), (9, 2)]}, padri: [3], figli: [5], mosse: [(3, 3, 16, 12, 1)]
5 -> costo: 89789.79999999999, rotte: {3: [(1, 15), (15, 17), (17, 16), (16, 12), (12, 13), (13, 6), (6, 3), (3, 2)], 2: [(1, 7), (7, 4), (4, 10), (10, 5), (5, 2)], 4: [(1, 14), (14, 11), (11, 8), (8, 9), (9, 2)]}, padri: [4], figli: [6], mosse: [(3, 3, 6, 3, 12)]
6 -> costo: 86325.79999999999, rotte: {3: [(1, 15), (15, 17), (17, 16), (16, 12), (12, 13), (13, 6), (6, 3), (3, 2)], 2: [(1, 7), (7, 4), (4, 10), (10, 5), (5, 2)], 4: [(1, 14), (14, 11), (11, 8), (8, 9)]}, padri: [5], figli: [7], mosse: [(3, 4, 1, 2, 1)]
7 -> costo: 85458.59999999998, rotte: {3: [(1, 15), (15, 17), (17, 16), (16, 12), (12, 13), (13, 6), (6, 3), (3, 2)], 2: [(1, 7), (7, 4), (4, 5), (5, 2), (2, 10)], 4: [(1, 14), (14, 11), (11, 8), (8, 9)]}, padri: [6], figli: [8], mosse: [(2, 2, 2, 10, 19)]
8 -> costo: 83759.09999999998, rotte: {3: [(1, 15), (15, 17), (17, 16), (16, 12), (12, 13), (13, 6), (6, 3), (3, 2)], 2: [(1, 4), (4, 7), (7, 5), (5, 2), (2, 10)], 4: [(1, 14), (14, 11), (11, 8), (8, 9)]}, padri: [7], figli: [9], mosse: [(2, 2, 7, 4)]
9 -> costo: 83568.29999999999, rotte: {3: [(1, 15), (15, 17), (17, 16), (16, 12), (12, 13), (13, 6), (6, 3), (3, 2)], 2: [(1, 4), (4, 7), (7, 5), (5, 10)], 4: [(1, 14), (14, 11), (11, 8), (8, 9)]}, padri: [8], figli: [10], mosse: [(3, 2, 1, 2, 3)]
10 -> costo: 83415.99999999997, rotte: {3: [(1, 15), (15, 17), (17, 16), (16, 12), (12, 13), (13, 3), (3, 2), (2, 6)], 2: [(1, 4), (4, 7), (7, 5), (5, 10)], 4: [(1, 14), (14, 11), (11, 8), (8, 9)]}, padri: [9], figli: [11, 15, 17], mosse: [(3, 3, 2, 6, 15)]
11 -> costo: 83351.49999999999, rotte: {3: [(1, 15), (15, 17), (17, 16), (16, 12), (12, 13), (13, 2), (2, 3), (3, 6)], 2: [(1, 4), (4, 7), (7, 5), (5, 10)], 4: [(1, 14), (14, 11), (11, 8), (8, 9)]}, padri: [10], figli: [12, 14, 16], mosse: [(3, 3, 2, 3, 12)]
12 -> costo: 83304.49999999999, rotte: {3: [(1, 15), (15, 17), (17, 16), (16, 12), (12, 13), (13, 2), (2, 3), (3, 6)], 2: [(1, 10), (10, 4), (4, 7), (7, 5)], 4: [(1, 14), (14, 11), (11, 8), (8, 9)]}, padri: [11, 15], figli: [13], mosse: [(2, 2, 1, 10, 19), (3, 3, 2, 3, 12)]
13 -> costo: 83271.0, rotte: {3: [(1, 15), (15, 17), (17, 16), (16, 12), (12, 13), (13, 2), (2, 3), (3, 6)], 2: [(1, 10), (10, 4), (4, 7), (7, 5)], 4: [(1, 11), (11, 14), (14, 8), (8, 9)]}, padri: [12, 14, 16], figli: [], mosse: [(4, 4, 11, 14, 3), (2, 2, 1, 10, 19), (3, 3, 2, 3, 12)]
14 -> costo: 83318.0, rotte: {3: [(1, 15), (15, 17), (17, 16), (16, 12), (12, 13), (13, 2), (2, 3), (3, 6)], 2: [(1, 4), (4, 7), (7, 5), (5, 10)], 4: [(1, 11), (11, 14), (14, 8), (8, 9)]}, padri: [11, 17], figli: [13], mosse: [(4, 4, 11, 14, 3), (3, 3, 2, 3, 12)]
15 -> costo: 83368.99999999997, rotte: {3: [(1, 15), (15, 17), (17, 16), (16, 12), (12, 13), (13, 3), (3, 2), (2, 6)], 2: [(1, 10), (10, 4), (4, 7), (7, 5)], 4: [(1, 14), (14, 11), (11, 8), (8, 9)]}, padri: [10], figli: [12, 16], mosse: [(2, 2, 1, 10, 19)]
16 -> costo: 83335.49999999999, rotte: {3: [(1, 15), (15, 17), (17, 16), (16, 12), (12, 13), (13, 3), (3, 2), (2, 6)], 2: [(1, 10), (10, 4), (4, 7), (7, 5)], 4: [(1, 11), (11, 14), (14, 8), (8, 9)]}, padri: [15, 17], figli: [13], mosse: [(4, 4, 11, 14, 3), (2, 2, 1, 10, 19)]
17 -> costo: 83382.49999999999, rotte: {3: [(1, 15), (15, 17), (17, 16), (16, 12), (12, 13), (13, 3), (3, 2), (2, 6)], 2: [(1, 4), (4, 7), (7, 5), (5, 10)], 4: [(1, 11), (11, 14), (14, 8), (8, 9)]}, padri: [10], figli: [14, 16], mosse: [(4, 4, 11, 14, 3)]
bestSolutionIndice: 13
13 -> costo: 83271.0, rotte: {3: [(1, 15), (15, 17), (17, 16), (16, 12), (12, 13), (13, 2), (2, 3), (3, 6)], 2: [(1, 10), (10, 4), (4, 7), (7, 5)], 4: [(1, 11), (11, 14), (14, 8), (8, 9)]}, padri: [12, 14, 16], figli: [], mosse: [(4, 4, 11, 14, 3), (2, 2, 1, 10, 19), (3, 3, 2, 3, 12)]
trasportoPalletDiGamma: {3: [(15, 4), (17, 6), (16, 5), (12, 1), (13, 2), (2, 11), (3, 12), (6, 15)], 2: [(10, 19), (4, 13), (7, 16), (5, 14)], 4: [(11, 20), (14, 3), (8, 17), (9, 18)]}
itMosseLS: 22, itMosseTS: 10
time elapsed: 155.39s.


##########################################################################################
s: 1
dictSolutions[1]:
0 -> costo: 162478.49999999997, rotte: {3: [(1, 17), (17, 11), (11, 2), (2, 12), (12, 4), (4, 7)], 4: [(1, 14), (14, 9), (9, 10), (10, 16), (16, 6), (6, 7)], 2: [(1, 8), (8, 15), (15, 3), (3, 5), (5, 13)]}, padri: [-1], figli: [1], mosse: [-1]
1 -> costo: 147191.4, rotte: {3: [(1, 11), (11, 2), (2, 12), (12, 4), (4, 7)], 4: [(1, 14), (14, 9), (9, 10), (10, 16), (16, 6), (6, 7)], 2: [(1, 8), (8, 17), (17, 15), (15, 3), (3, 5), (5, 13)]}, padri: [0], figli: [2], mosse: [(2, 3, 8, 17, 6)]
2 -> costo: 135107.4, rotte: {3: [(1, 11), (11, 12), (12, 2), (2, 4), (4, 7)], 4: [(1, 14), (14, 9), (9, 10), (10, 16), (16, 6), (6, 7)], 2: [(1, 8), (8, 17), (17, 15), (15, 3), (3, 5), (5, 13)]}, padri: [1], figli: [3], mosse: [(3, 3, 12, 2, 11)]
3 -> costo: 126729.6, rotte: {3: [(1, 11), (11, 12), (12, 2), (2, 4), (4, 7)], 4: [(1, 14), (14, 9), (9, 10), (10, 16), (16, 6), (6, 7)], 2: [(1, 17), (17, 15), (15, 3), (3, 5), (5, 8), (8, 13)]}, padri: [2], figli: [4], mosse: [(2, 2, 5, 8, 17)]
4 -> costo: 118983.1, rotte: {3: [(1, 11), (11, 12), (12, 2), (2, 4), (4, 7)], 4: [(1, 9), (9, 10), (10, 16), (16, 6), (6, 7)], 2: [(1, 17), (17, 15), (15, 3), (3, 5), (5, 8), (8, 13), (13, 14)]}, padri: [3], figli: [5], mosse: [(2, 4, 13, 14, 3)]
5 -> costo: 116443.3, rotte: {3: [(1, 11), (11, 12), (12, 2), (2, 4), (4, 7)], 4: [(1, 10), (10, 16), (16, 6), (6, 7), (7, 9)], 2: [(1, 17), (17, 15), (15, 3), (3, 5), (5, 8), (8, 13), (13, 14)]}, padri: [4], figli: [6], mosse: [(4, 4, 7, 9, 18)]
6 -> costo: 106339.9, rotte: {3: [(1, 11), (11, 12), (12, 2), (2, 4), (4, 7)], 4: [(1, 10), (10, 6), (6, 7), (7, 9), (9, 16)], 2: [(1, 17), (17, 15), (15, 3), (3, 5), (5, 8), (8, 13), (13, 14)]}, padri: [5], figli: [7], mosse: [(4, 4, 9, 16, 5)]
7 -> costo: 105598.9, rotte: {3: [(1, 11), (11, 12), (12, 2), (2, 4), (4, 7)], 4: [(1, 10), (10, 6), (6, 7), (7, 9), (9, 17), (17, 16)], 2: [(1, 15), (15, 3), (3, 5), (5, 8), (8, 13), (13, 14)]}, padri: [6], figli: [8], mosse: [(4, 2, 9, 17, 6)]
8 -> costo: 97821.2, rotte: {3: [(1, 11), (11, 12), (12, 2), (2, 4), (4, 7)], 4: [(1, 10), (10, 6), (6, 7), (7, 9), (9, 17), (17, 16)], 2: [(1, 3), (3, 5), (5, 8), (8, 13), (13, 14), (14, 15)]}, padri: [7], figli: [9], mosse: [(2, 2, 14, 15, 4)]
9 -> costo: 97088.7, rotte: {3: [(1, 11), (11, 12), (12, 2), (2, 4), (4, 7)], 4: [(1, 6), (6, 7), (7, 9), (9, 10), (10, 17), (17, 16)], 2: [(1, 3), (3, 5), (5, 8), (8, 13), (13, 14), (14, 15)]}, padri: [8], figli: [10, 12, 12, 12, 12], mosse: [(4, 4, 9, 10, 19)]
10 -> costo: 96853.7, rotte: {3: [(1, 11), (11, 12), (12, 2), (2, 4), (4, 7)], 4: [(1, 6), (6, 7), (7, 9), (9, 10), (10, 17), (17, 16)], 2: [(1, 3), (3, 5), (5, 8), (8, 14), (14, 13), (13, 15)]}, padri: [9], figli: [11, 11, 11, 11, 11], mosse: [(2, 2, 14, 13, 2)]
11 -> costo: 96632.8, rotte: {3: [(1, 11), (11, 12), (12, 2), (2, 4), (4, 7)], 4: [(1, 6), (6, 9), (9, 10), (10, 17), (17, 16)], 2: [(1, 3), (3, 5), (5, 8), (8, 14), (14, 13), (13, 15)]}, padri: [10, 10, 10, 10, 10, 12], figli: [], mosse: [(3, 4, 1, 7, 2), (3, 4, 11, 7, 2), (3, 4, 12, 7, 2), (3, 4, 2, 7, 2), (3, 4, 4, 7, 2), (2, 2, 14, 13, 2)]
12 -> costo: 96867.8, rotte: {3: [(1, 11), (11, 12), (12, 2), (2, 4), (4, 7)], 4: [(1, 6), (6, 9), (9, 10), (10, 17), (17, 16)], 2: [(1, 3), (3, 5), (5, 8), (8, 13), (13, 14), (14, 15)]}, padri: [9, 9, 9, 9], figli: [11], mosse: [(3, 4, 1, 7, 2), (3, 4, 11, 7, 2), (3, 4, 12, 7, 2), (3, 4, 2, 7, 2)]
bestSolutionIndice: 11
11 -> costo: 96632.8, rotte: {3: [(1, 11), (11, 12), (12, 2), (2, 4), (4, 7)], 4: [(1, 6), (6, 9), (9, 10), (10, 17), (17, 16)], 2: [(1, 3), (3, 5), (5, 8), (8, 14), (14, 13), (13, 15)]}, padri: [10, 10, 10, 10, 10, 12], figli: [], mosse: [(3, 4, 1, 7, 2), (3, 4, 11, 7, 2), (3, 4, 12, 7, 2), (3, 4, 2, 7, 2), (3, 4, 4, 7, 2), (2, 2, 14, 13, 2)]
trasportoPalletDiGamma: {3: [(11, 20), (12, 1), (2, 11), (4, 13), (7, 16)], 4: [(6, 15), (9, 18), (10, 19), (17, 6), (16, 5)], 2: [(3, 12), (5, 14), (8, 17), (14, 3), (13, 2), (15, 4)]}
itMosseLS: 20, itMosseTS: 10
time elapsed: 347.08s.


##########################################################################################
s: 1
dictSolutions[1]:
0 -> costo: 133340.40000000002, rotte: {3: [(1, 3), (3, 7), (7, 5), (5, 12), (12, 14), (14, 11)], 2: [(1, 17), (17, 13), (13, 10), (10, 16), (16, 9), (9, 11)], 4: [(1, 4), (4, 8), (8, 6), (6, 2), (2, 15)]}, padri: [-1], figli: [1], mosse: [-1]
1 -> costo: 117200.9, rotte: {3: [(1, 3), (3, 7), (7, 5), (5, 12), (12, 14), (14, 11)], 2: [(1, 13), (13, 10), (10, 17), (17, 16), (16, 9), (9, 11)], 4: [(1, 4), (4, 8), (8, 6), (6, 2), (2, 15)]}, padri: [0], figli: [2], mosse: [(2, 2, 10, 17, 6)]
2 -> costo: 108928.1, rotte: {3: [(1, 3), (3, 7), (7, 5), (5, 12), (12, 14), (14, 11)], 2: [(1, 10), (10, 17), (17, 16), (16, 9), (9, 13), (13, 11)], 4: [(1, 4), (4, 8), (8, 6), (6, 2), (2, 15)]}, padri: [1], figli: [3], mosse: [(2, 2, 9, 13, 2)]
3 -> costo: 102347.1, rotte: {3: [(1, 3), (3, 7), (7, 5), (5, 12), (12, 14), (14, 11)], 2: [(1, 17), (17, 16), (16, 10), (10, 9), (9, 13), (13, 11)], 4: [(1, 4), (4, 8), (8, 6), (6, 2), (2, 15)]}, padri: [2], figli: [4, 4, 4], mosse: [(2, 2, 16, 10, 19)]
4 -> costo: 101636.8, rotte: {3: [(1, 3), (3, 7), (7, 5), (5, 12), (12, 11), (11, 14)], 2: [(1, 17), (17, 16), (16, 10), (10, 9), (9, 13), (13, 11)], 4: [(1, 4), (4, 8), (8, 6), (6, 2), (2, 15)]}, padri: [3, 3, 3], figli: [5, 6, 8, 9], mosse: [(3, 3, 14, 11), (3, 3, 12, 11, 19), (3, 3, 11, 14, 3)]
5 -> costo: 101196.9, rotte: {3: [(1, 3), (3, 7), (7, 5), (5, 12), (12, 11), (11, 14)], 2: [(1, 17), (17, 16), (16, 10), (10, 9), (9, 13), (13, 11)], 4: [(1, 8), (8, 6), (6, 4), (4, 2), (2, 15)]}, padri: [4, 7, 8], figli: [], mosse: [(4, 4, 6, 4, 13), (4, 4, 8, 6, 15), (4, 4, 4, 2, 11)]
6 -> costo: 101494.79999999999, rotte: {3: [(1, 3), (3, 7), (7, 5), (5, 12), (12, 11), (11, 14)], 2: [(1, 17), (17, 16), (16, 10), (10, 9), (9, 13), (13, 11)], 4: [(1, 4), (4, 6), (6, 8), (8, 2), (2, 15)]}, padri: [4], figli: [7], mosse: [(4, 4, 6, 8, 17)]
7 -> costo: 101337.7, rotte: {3: [(1, 3), (3, 7), (7, 5), (5, 12), (12, 11), (11, 14)], 2: [(1, 17), (17, 16), (16, 10), (10, 9), (9, 13), (13, 11)], 4: [(1, 6), (6, 8), (8, 4), (4, 2), (2, 15)]}, padri: [6, 9], figli: [5, 9], mosse: [(4, 4, 8, 4, 13), (4, 4, 4, 2, 11)]
8 -> costo: 101592.4, rotte: {3: [(1, 3), (3, 7), (7, 5), (5, 12), (12, 11), (11, 14)], 2: [(1, 17), (17, 16), (16, 10), (10, 9), (9, 13), (13, 11)], 4: [(1, 8), (8, 6), (6, 2), (2, 4), (4, 15)]}, padri: [4], figli: [5, 9], mosse: [(4, 4, 2, 4, 13)]
9 -> costo: 101591.2, rotte: {3: [(1, 3), (3, 7), (7, 5), (5, 12), (12, 11), (11, 14)], 2: [(1, 17), (17, 16), (16, 10), (10, 9), (9, 13), (13, 11)], 4: [(1, 6), (6, 8), (8, 2), (2, 4), (4, 15)]}, padri: [8], figli: [7], mosse: [(4, 4, 6, 8, 17)]
bestSolutionIndice: 5
5 -> costo: 101196.9, rotte: {3: [(1, 3), (3, 7), (7, 5), (5, 12), (12, 11), (11, 14)], 2: [(1, 17), (17, 16), (16, 10), (10, 9), (9, 13), (13, 11)], 4: [(1, 8), (8, 6), (6, 4), (4, 2), (2, 15)]}, padri: [4, 7, 8], figli: [], mosse: [(4, 4, 6, 4, 13), (4, 4, 8, 6, 15), (4, 4, 4, 2, 11)]
trasportoPalletDiGamma: {3: [(3, 12), (7, 16), (5, 14), (12, 1), (11, 19), (14, 3)], 2: [(17, 6), (16, 5), (10, 19), (9, 18), (13, 2), (11, 1)], 4: [(8, 17), (6, 15), (4, 13), (2, 11), (15, 4)]}
itMosseLS: 14, itMosseTS: 10
time elapsed: 281.33s.


##########################################################################################
s: 1
dictSolutions[1]:
0 -> costo: 160217.80000000002, rotte: {3: [(1, 11), (11, 3), (3, 4), (4, 9), (9, 6)], 4: [(1, 12), (12, 10), (10, 15), (15, 14), (14, 16), (16, 2), (2, 6)], 2: [(1, 5), (5, 8), (8, 13), (13, 17), (17, 7), (7, 6)]}, padri: [-1], figli: [1], mosse: [-1]
1 -> costo: 139736.2, rotte: {3: [(1, 11), (11, 3), (3, 4), (4, 9), (9, 6)], 4: [(1, 12), (12, 10), (10, 14), (14, 15), (15, 16), (16, 2), (2, 6)], 2: [(1, 5), (5, 8), (8, 13), (13, 17), (17, 7), (7, 6)]}, padri: [0], figli: [2], mosse: [(4, 4, 14, 15, 4)]
2 -> costo: 130544.7, rotte: {3: [(1, 11), (11, 3), (3, 4), (4, 9), (9, 6)], 4: [(1, 12), (12, 14), (14, 15), (15, 16), (16, 2), (2, 10), (10, 6)], 2: [(1, 5), (5, 8), (8, 13), (13, 17), (17, 7), (7, 6)]}, padri: [1], figli: [3], mosse: [(4, 4, 2, 10, 19)]
3 -> costo: 123951.19999999998, rotte: {3: [(1, 11), (11, 3), (3, 4), (4, 9), (9, 6)], 4: [(1, 12), (12, 14), (14, 15), (15, 16), (16, 2), (2, 10), (10, 6)], 2: [(1, 5), (5, 8), (8, 13), (13, 7), (7, 6), (6, 17)]}, padri: [2], figli: [4], mosse: [(2, 2, 6, 17, 6)]
4 -> costo: 118344.9, rotte: {3: [(1, 11), (11, 3), (3, 4), (4, 9), (9, 6)], 4: [(1, 12), (12, 14), (14, 15), (15, 16), (16, 2), (2, 10), (10, 6)], 2: [(1, 5), (5, 8), (8, 7), (7, 6), (6, 13), (13, 17)]}, padri: [3], figli: [5], mosse: [(2, 2, 6, 13, 2)]
5 -> costo: 115212.79999999999, rotte: {3: [(1, 11), (11, 3), (3, 4), (4, 9), (9, 6)], 4: [(1, 12), (12, 14), (14, 15), (15, 16), (16, 2), (2, 10), (10, 6)], 2: [(1, 5), (5, 7), (7, 6), (6, 8), (8, 13), (13, 17)]}, padri: [4], figli: [6], mosse: [(2, 2, 6, 8, 17)]
6 -> costo: 112301.6, rotte: {3: [(1, 3), (3, 4), (4, 9), (9, 6), (6, 11)], 4: [(1, 12), (12, 14), (14, 15), (15, 16), (16, 2), (2, 10), (10, 6)], 2: [(1, 5), (5, 7), (7, 6), (6, 8), (8, 13), (13, 17)]}, padri: [5], figli: [7], mosse: [(3, 3, 6, 11, 20)]
7 -> costo: 109988.6, rotte: {3: [(1, 3), (3, 4), (4, 9), (9, 11)], 4: [(1, 12), (12, 14), (14, 15), (15, 16), (16, 2), (2, 10), (10, 6)], 2: [(1, 5), (5, 7), (7, 6), (6, 8), (8, 13), (13, 17)]}, padri: [6], figli: [8, 9], mosse: [(4, 3, 1, 6, 2)]
8 -> costo: 109328.5, rotte: {3: [(1, 3), (3, 4), (4, 9), (9, 11)], 4: [(1, 14), (14, 12), (12, 15), (15, 16), (16, 2), (2, 10), (10, 6)], 2: [(1, 5), (5, 7), (7, 6), (6, 8), (8, 13), (13, 17)]}, padri: [7], figli: [], mosse: [(4, 4, 14, 12, 1)]
9 -> costo: 109628.8, rotte: {3: [(1, 3), (3, 4), (4, 9), (9, 11), (11, 12)], 4: [(1, 14), (14, 15), (15, 16), (16, 2), (2, 10), (10, 6)], 2: [(1, 5), (5, 7), (7, 6), (6, 8), (8, 13), (13, 17)]}, padri: [7], figli: [10, 13], mosse: [(3, 4, 11, 12, 1)]
10 -> costo: 105881.8, rotte: {3: [(1, 3), (3, 4), (4, 9), (9, 11), (11, 12)], 4: [(1, 15), (15, 16), (16, 14), (14, 2), (2, 10), (10, 6)], 2: [(1, 5), (5, 7), (7, 6), (6, 8), (8, 13), (13, 17)]}, padri: [9, 13], figli: [11, 12], mosse: [(4, 4, 16, 14, 3), (4, 4, 16, 14, 3)]
11 -> costo: 104900.40000000001, rotte: {3: [(1, 3), (3, 4), (4, 9), (9, 11), (11, 12)], 4: [(1, 15), (15, 16), (16, 14), (14, 10), (10, 2), (2, 6)], 2: [(1, 5), (5, 7), (7, 6), (6, 8), (8, 13), (13, 17)]}, padri: [10, 12, 12, 12], figli: [], mosse: [(4, 4, 10, 2, 11), (4, 4, 6, 2), (4, 4, 10, 2, 11), (4, 4, 2, 6, 5)]
12 -> costo: 105065.20000000001, rotte: {3: [(1, 3), (3, 4), (4, 9), (9, 11), (11, 12)], 4: [(1, 15), (15, 16), (16, 14), (14, 10), (10, 6), (6, 2)], 2: [(1, 5), (5, 7), (7, 6), (6, 8), (8, 13), (13, 17)]}, padri: [10], figli: [11, 11, 11], mosse: [(4, 4, 6, 2, 11)]
13 -> costo: 106406.8, rotte: {3: [(1, 3), (3, 4), (4, 9), (9, 11), (11, 12)], 4: [(1, 15), (15, 16), (16, 2), (2, 10), (10, 6), (6, 14)], 2: [(1, 5), (5, 7), (7, 6), (6, 8), (8, 13), (13, 17)]}, padri: [9], figli: [14, 10], mosse: [(4, 4, 6, 14, 3)]
14 -> costo: 105367.2, rotte: {3: [(1, 3), (3, 4), (4, 9), (9, 11), (11, 12)], 4: [(1, 15), (15, 16), (16, 2), (2, 6), (6, 10), (10, 14)], 2: [(1, 5), (5, 7), (7, 6), (6, 8), (8, 13), (13, 17)]}, padri: [13], figli: [], mosse: [(4, 4, 6, 10, 19)]
bestSolutionIndice: 11
11 -> costo: 104900.40000000001, rotte: {3: [(1, 3), (3, 4), (4, 9), (9, 11), (11, 12)], 4: [(1, 15), (15, 16), (16, 14), (14, 10), (10, 2), (2, 6)], 2: [(1, 5), (5, 7), (7, 6), (6, 8), (8, 13), (13, 17)]}, padri: [10, 12, 12, 12], figli: [], mosse: [(4, 4, 10, 2, 11), (4, 4, 6, 2), (4, 4, 10, 2, 11), (4, 4, 2, 6, 5)]
trasportoPalletDiGamma: {3: [(3, 12), (4, 13), (9, 18), (11, 20), (12, 1)], 4: [(15, 4), (16, 5), (14, 3), (10, 19), (2, 11), (6, 5)], 2: [(5, 14), (7, 16), (6, 10), (8, 17), (13, 2), (17, 6)]}
itMosseLS: 18, itMosseTS: 10
time elapsed: 309.96s.


##########################################################################################
s: 1
dictSolutions[1]:
0 -> costo: 139878.8, rotte: {2: [(1, 2), (2, 16), (16, 5), (5, 15), (15, 14), (14, 9)], 4: [(1, 6), (6, 10), (10, 12), (12, 3), (3, 7)], 3: [(1, 4), (4, 8), (8, 13), (13, 11), (11, 17)]}, padri: [-1], figli: [1], mosse: [-1]
1 -> costo: 114275.5, rotte: {2: [(1, 2), (2, 5), (5, 15), (15, 16), (16, 14), (14, 9)], 4: [(1, 6), (6, 10), (10, 12), (12, 3), (3, 7)], 3: [(1, 4), (4, 8), (8, 13), (13, 11), (11, 17)]}, padri: [0], figli: [2], mosse: [(2, 2, 15, 16, 5)]
2 -> costo: 111489.6, rotte: {2: [(1, 2), (2, 5), (5, 15), (15, 16), (16, 14), (14, 9)], 4: [(1, 6), (6, 10), (10, 3), (3, 7), (7, 12)], 3: [(1, 4), (4, 8), (8, 13), (13, 11), (11, 17)]}, padri: [1], figli: [3], mosse: [(4, 4, 7, 12, 1)]
3 -> costo: 109435.7, rotte: {2: [(1, 2), (2, 5), (5, 15), (15, 16), (16, 14), (14, 9)], 4: [(1, 10), (10, 3), (3, 7), (7, 6), (6, 12)], 3: [(1, 4), (4, 8), (8, 13), (13, 11), (11, 17)]}, padri: [2], figli: [4], mosse: [(4, 4, 7, 6, 15)]
4 -> costo: 108113.3, rotte: {2: [(1, 2), (2, 5), (5, 15), (15, 16), (16, 14), (14, 9)], 4: [(1, 3), (3, 7), (7, 6), (6, 10), (10, 12)], 3: [(1, 4), (4, 8), (8, 13), (13, 11), (11, 17)]}, padri: [3], figli: [5], mosse: [(4, 4, 6, 10, 19)]
5 -> costo: 107240.7, rotte: {2: [(1, 2), (2, 5), (5, 9), (9, 15), (15, 16), (16, 14)], 4: [(1, 3), (3, 7), (7, 6), (6, 10), (10, 12)], 3: [(1, 4), (4, 8), (8, 13), (13, 11), (11, 17)]}, padri: [4], figli: [6, 8, 9], mosse: [(2, 2, 5, 9, 18)]
6 -> costo: 97612.1, rotte: {2: [(1, 2), (2, 5), (5, 9), (9, 14), (14, 15), (15, 16)], 4: [(1, 3), (3, 7), (7, 6), (6, 10), (10, 12)], 3: [(1, 4), (4, 8), (8, 13), (13, 11), (11, 17)]}, padri: [5, 8], figli: [7, 7, 7, 10, 10, 10, 12, 12, 12], mosse: [(2, 2, 9, 14, 3), (2, 2, 9, 14, 3)]
7 -> costo: 97503.1, rotte: {2: [(1, 2), (2, 5), (5, 9), (9, 14), (14, 16), (16, 15)], 4: [(1, 3), (3, 7), (7, 6), (6, 10), (10, 12)], 3: [(1, 4), (4, 8), (8, 13), (13, 11), (11, 17)]}, padri: [6, 6, 6, 9, 11, 13], figli: [], mosse: [(2, 2, 14, 16, 5), (2, 2, 16, 15, 4), (2, 2, 15, 16), (2, 2, 9, 14, 3), (2, 2, 5, 9, 18), (2, 2, 2, 5, 14)]
8 -> costo: 103899.59999999999, rotte: {2: [(1, 2), (2, 5), (5, 14), (14, 9), (9, 15), (15, 16)], 4: [(1, 3), (3, 7), (7, 6), (6, 10), (10, 12)], 3: [(1, 4), (4, 8), (8, 13), (13, 11), (11, 17)]}, padri: [5], figli: [6, 9], mosse: [(2, 2, 5, 14, 3)]
9 -> costo: 103790.59999999999, rotte: {2: [(1, 2), (2, 5), (5, 14), (14, 9), (9, 16), (16, 15)], 4: [(1, 3), (3, 7), (7, 6), (6, 10), (10, 12)], 3: [(1, 4), (4, 8), (8, 13), (13, 11), (11, 17)]}, padri: [8], figli: [7, 10, 12], mosse: [(2, 2, 9, 16, 5)]
10 -> costo: 103762.79999999999, rotte: {2: [(1, 2), (2, 14), (14, 9), (9, 5), (5, 16), (16, 15)], 4: [(1, 3), (3, 7), (7, 6), (6, 10), (10, 12)], 3: [(1, 4), (4, 8), (8, 13), (13, 11), (11, 17)]}, padri: [9], figli: [11], mosse: [(2, 2, 9, 5, 14)]
11 -> costo: 100044.6, rotte: {2: [(1, 2), (2, 9), (9, 5), (5, 14), (14, 16), (16, 15)], 4: [(1, 3), (3, 7), (7, 6), (6, 10), (10, 12)], 3: [(1, 4), (4, 8), (8, 13), (13, 11), (11, 17)]}, padri: [10], figli: [7, 12], mosse: [(2, 2, 5, 14, 3)]
12 -> costo: 99921.3, rotte: {2: [(1, 9), (9, 5), (5, 2), (2, 14), (14, 16), (16, 15)], 4: [(1, 3), (3, 7), (7, 6), (6, 10), (10, 12)], 3: [(1, 4), (4, 8), (8, 13), (13, 11), (11, 17)]}, padri: [11], figli: [13], mosse: [(2, 2, 5, 2, 11)]
13 -> costo: 98150.2, rotte: {2: [(1, 5), (5, 2), (2, 9), (9, 14), (14, 16), (16, 15)], 4: [(1, 3), (3, 7), (7, 6), (6, 10), (10, 12)], 3: [(1, 4), (4, 8), (8, 13), (13, 11), (11, 17)]}, padri: [12], figli: [7], mosse: [(2, 2, 2, 9, 18)]
bestSolutionIndice: 7
7 -> costo: 97503.1, rotte: {2: [(1, 2), (2, 5), (5, 9), (9, 14), (14, 16), (16, 15)], 4: [(1, 3), (3, 7), (7, 6), (6, 10), (10, 12)], 3: [(1, 4), (4, 8), (8, 13), (13, 11), (11, 17)]}, padri: [6, 6, 6, 9, 11, 13], figli: [], mosse: [(2, 2, 14, 16, 5), (2, 2, 16, 15, 4), (2, 2, 15, 16), (2, 2, 9, 14, 3), (2, 2, 5, 9, 18), (2, 2, 2, 5, 14)]
trasportoPalletDiGamma: {2: [(2, 11), (5, 14), (9, 18), (14, 3), (16, 5), (15, 4)], 4: [(3, 12), (7, 16), (6, 15), (10, 19), (12, 1)], 3: [(4, 13), (8, 17), (13, 2), (11, 20), (17, 6)]}
itMosseLS: 19, itMosseTS: 10
time elapsed: 314.40s.


##########################################################################################
s: 1
dictSolutions[1]:
0 -> costo: 145926.90000000002, rotte: {2: [(1, 14), (14, 3), (3, 16), (16, 8), (8, 2), (2, 11)], 4: [(1, 9), (9, 12), (12, 13), (13, 4), (4, 5), (5, 11)], 3: [(1, 7), (7, 6), (6, 15), (15, 17), (17, 10)]}, padri: [-1], figli: [1], mosse: [-1]
1 -> costo: 131810.90000000002, rotte: {2: [(1, 14), (14, 3), (3, 8), (8, 2), (2, 11), (11, 16)], 4: [(1, 9), (9, 12), (12, 13), (13, 4), (4, 5), (5, 11)], 3: [(1, 7), (7, 6), (6, 15), (15, 17), (17, 10)]}, padri: [0], figli: [2], mosse: [(2, 2, 11, 16, 5)]
2 -> costo: 119013.20000000001, rotte: {2: [(1, 14), (14, 3), (3, 8), (8, 2), (2, 11), (11, 16)], 4: [(1, 9), (9, 12), (12, 13), (13, 4), (4, 5), (5, 11)], 3: [(1, 7), (7, 6), (6, 10), (10, 15), (15, 17)]}, padri: [1], figli: [3], mosse: [(3, 3, 6, 10, 19)]
3 -> costo: 108986.8, rotte: {2: [(1, 3), (3, 8), (8, 2), (2, 11), (11, 16)], 4: [(1, 9), (9, 12), (12, 13), (13, 4), (4, 5), (5, 11), (11, 14)], 3: [(1, 7), (7, 6), (6, 10), (10, 15), (15, 17)]}, padri: [2], figli: [4], mosse: [(4, 2, 11, 14, 3)]
4 -> costo: 106518.5, rotte: {2: [(1, 3), (3, 2), (2, 8), (8, 11), (11, 16)], 4: [(1, 9), (9, 12), (12, 13), (13, 4), (4, 5), (5, 11), (11, 14)], 3: [(1, 7), (7, 6), (6, 10), (10, 15), (15, 17)]}, padri: [3], figli: [5], mosse: [(2, 2, 2, 8, 17)]
5 -> costo: 104108.79999999999, rotte: {2: [(1, 3), (3, 2), (2, 8), (8, 11), (11, 16)], 4: [(1, 12), (12, 13), (13, 4), (4, 5), (5, 9), (9, 11), (11, 14)], 3: [(1, 7), (7, 6), (6, 10), (10, 15), (15, 17)]}, padri: [4], figli: [6], mosse: [(4, 4, 5, 9, 18)]
6 -> costo: 103520.49999999999, rotte: {2: [(1, 3), (3, 2), (2, 8), (8, 11), (11, 12), (12, 16)], 4: [(1, 13), (13, 4), (4, 5), (5, 9), (9, 11), (11, 14)], 3: [(1, 7), (7, 6), (6, 10), (10, 15), (15, 17)]}, padri: [5], figli: [7], mosse: [(2, 4, 11, 12, 1)]
7 -> costo: 93983.5, rotte: {2: [(1, 3), (3, 2), (2, 8), (8, 11), (11, 12), (12, 16)], 4: [(1, 4), (4, 5), (5, 9), (9, 13), (13, 11), (11, 14)], 3: [(1, 7), (7, 6), (6, 10), (10, 15), (15, 17)]}, padri: [6], figli: [8], mosse: [(4, 4, 9, 13, 2)]
8 -> costo: 93627.5, rotte: {2: [(1, 2), (2, 8), (8, 11), (11, 12), (12, 16)], 4: [(1, 3), (3, 4), (4, 5), (5, 9), (9, 13), (13, 11), (11, 14)], 3: [(1, 7), (7, 6), (6, 10), (10, 15), (15, 17)]}, padri: [7], figli: [9, 9, 9, 11, 11, 11], mosse: [(4, 2, 1, 3, 12)]
9 -> costo: 93439.1, rotte: {2: [(1, 2), (2, 8), (8, 11), (11, 12), (12, 16)], 4: [(1, 3), (3, 4), (4, 5), (5, 9), (9, 13), (13, 11), (11, 14)], 3: [(1, 7), (7, 6), (6, 10), (10, 17), (17, 15)]}, padri: [8, 8, 8], figli: [10, 10, 10, 10, 10], mosse: [(3, 3, 15, 17), (3, 3, 10, 17, 6), (3, 3, 17, 15, 4)]
10 -> costo: 93256.90000000001, rotte: {2: [(1, 2), (2, 8), (8, 11), (11, 12), (12, 16)], 4: [(1, 3), (3, 4), (4, 5), (5, 9), (9, 13), (13, 14)], 3: [(1, 7), (7, 6), (6, 10), (10, 17), (17, 15)]}, padri: [9, 9, 9, 9, 9, 11], figli: [], mosse: [(2, 4, 1, 11, 3), (2, 4, 2, 11, 3), (2, 4, 8, 11, 3), (2, 4, 12, 11, 3), (2, 4, 16, 11, 3), (3, 3, 15, 17)]
11 -> costo: 93445.3, rotte: {2: [(1, 2), (2, 8), (8, 11), (11, 12), (12, 16)], 4: [(1, 3), (3, 4), (4, 5), (5, 9), (9, 13), (13, 14)], 3: [(1, 7), (7, 6), (6, 10), (10, 15), (15, 17)]}, padri: [8], figli: [10], mosse: [(2, 4, 1, 11, 3)]
bestSolutionIndice: 10
10 -> costo: 93256.90000000001, rotte: {2: [(1, 2), (2, 8), (8, 11), (11, 12), (12, 16)], 4: [(1, 3), (3, 4), (4, 5), (5, 9), (9, 13), (13, 14)], 3: [(1, 7), (7, 6), (6, 10), (10, 17), (17, 15)]}, padri: [9, 9, 9, 9, 9, 11], figli: [], mosse: [(2, 4, 1, 11, 3), (2, 4, 2, 11, 3), (2, 4, 8, 11, 3), (2, 4, 12, 11, 3), (2, 4, 16, 11, 3), (3, 3, 15, 17)]
trasportoPalletDiGamma: {2: [(2, 11), (8, 17), (11, 20), (12, 1), (16, 5)], 4: [(3, 12), (4, 13), (5, 14), (9, 18), (13, 2), (14, 3)], 3: [(7, 16), (6, 15), (10, 19), (17, 6), (15, 4)]}
itMosseLS: 18, itMosseTS: 8
time elapsed: 350.47s.


##########################################################################################
##########################################################################################
##########################################################################################
##########################################################################################
##########################################################################################
##########################################################################################
##########################################################################################
##########################################################################################
##########################################################################################
##########################################################################################
