itNSIMax: 5, itMosseTSMax: 75.
##########################################################################################
s: 1, itNSI: 1.
soluzione iniziale: 0
0 -> 
costo: 155656.19999999998, 
rotte: {2: [(1, 11), (11, 6), (6, 7), (7, 10)], 3: [(1, 5), (5, 16), (16, 12), (12, 2), (2, 15), (15, 4), (4, 10)], 4: [(1, 3), (3, 9), (9, 14), (14, 13), (13, 17), (17, 8)]}
trasportoPalletDiGamma: {2: [(11, 20), (6, 15), (7, 16), (10, 14)], 3: [(5, 14), (16, 5), (12, 1), (2, 11), (15, 4), (4, 13), (10, 5)], 4: [(3, 12), (9, 18), (14, 3), (13, 2), (17, 6), (8, 17)]}
bestSolutionIndice: 25
25 -> 
costo: 90547.8, 
rotte: {2: [(1, 7), (7, 6), (6, 10), (10, 11)], 3: [(1, 3), (3, 4), (4, 5), (5, 2), (2, 10), (10, 16), (16, 15)], 4: [(1, 9), (9, 8), (8, 14), (14, 13), (13, 12), (12, 17)]}
trasportoPalletDiGamma: {2: [(7, 16), (6, 15), (10, 14), (11, 20)], 3: [(3, 12), (4, 13), (5, 14), (2, 11), (10, 5), (16, 5), (15, 4)], 4: [(9, 18), (8, 17), (14, 3), (13, 2), (12, 1), (17, 6)]}
itMosseLS: 87, itMosseTS: 75
numero di soluzioni totali trovati: 46.
time elapsed: 2913.44s.


##########################################################################################
s: 1, itNSI: 2.
soluzione iniziale: 0
0 -> 
costo: 167788.8, 
rotte: {2: [(1, 15), (15, 2), (2, 5), (5, 17), (17, 7), (7, 12)], 4: [(1, 8), (8, 10), (10, 13), (13, 3), (3, 16), (16, 11)], 3: [(1, 4), (4, 9), (9, 14), (14, 6), (6, 11)]}
trasportoPalletDiGamma: {2: [(15, 4), (2, 11), (5, 14), (17, 6), (7, 16), (12, 1)], 4: [(8, 17), (10, 19), (13, 2), (3, 12), (16, 5), (11, 4)], 3: [(4, 13), (9, 18), (14, 3), (6, 15), (11, 16)]}
bestSolutionIndice: 14
14 -> 
costo: 93413.40000000001, 
rotte: {2: [(1, 2), (2, 5), (5, 7), (7, 4), (4, 12), (12, 17), (17, 15)], 4: [(1, 10), (10, 8), (8, 3), (3, 16)], 3: [(1, 6), (6, 9), (9, 13), (13, 11), (11, 14)]}
trasportoPalletDiGamma: {2: [(2, 11), (5, 14), (7, 16), (4, 13), (12, 1), (17, 6), (15, 4)], 4: [(10, 19), (8, 17), (3, 12), (16, 5)], 3: [(6, 15), (9, 18), (13, 2), (11, 20), (14, 3)]}
itMosseLS: 45, itMosseTS: 31
numero di soluzioni totali trovati: 24.
time elapsed: 691.34s.


##########################################################################################
##########################################################################################
##########################################################################################
##########################################################################################
##########################################################################################
##########################################################################################
Soluzione migliore in assoluto trovata:

s: 1
itNSI: 1, 
costo: 90547.8, 
rotte: {2: [(1, 7), (7, 6), (6, 10), (10, 11)], 3: [(1, 3), (3, 4), (4, 5), (5, 2), (2, 10), (10, 16), (16, 15)], 4: [(1, 9), (9, 8), (8, 14), (14, 13), (13, 12), (12, 17)]}
trasportoPalletDiGamma: {2: [(7, 16), (6, 15), (10, 14), (11, 20)], 3: [(3, 12), (4, 13), (5, 14), (2, 11), (10, 5), (16, 5), (15, 4)], 4: [(9, 18), (8, 17), (14, 3), (13, 2), (12, 1), (17, 6)]}

Total time elapsed: 3605.61s.