itNSIMax: 3, itMosseTSMax: 200.
##########################################################################################
s: 1
dictSolutions[1]:
0 -> costo: 156482.09999999998, rotte: {3: [(1, 9), (9, 10), (10, 7), (7, 17), (17, 3)], 2: [(1, 12), (12, 15), (15, 2), (2, 14), (14, 11), (11, 16), (16, 3)], 4: [(1, 13), (13, 8), (8, 5), (5, 6), (6, 4), (4, 3)]}, padri: [-1], figli: [1], mosse: [-1]
1 -> costo: 137792.19999999998, rotte: {3: [(1, 9), (9, 10), (10, 7), (7, 17), (17, 3)], 2: [(1, 12), (12, 2), (2, 14), (14, 11), (11, 15), (15, 16), (16, 3)], 4: [(1, 13), (13, 8), (8, 5), (5, 6), (6, 4), (4, 3)]}, padri: [0], figli: [2], mosse: [(2, 2, 11, 15, 4)]
2 -> costo: 123049.89999999997, rotte: {3: [(1, 9), (9, 10), (10, 7), (7, 3), (3, 17)], 2: [(1, 12), (12, 2), (2, 14), (14, 11), (11, 15), (15, 16), (16, 3)], 4: [(1, 13), (13, 8), (8, 5), (5, 6), (6, 4), (4, 3)]}, padri: [1], figli: [3], mosse: [(3, 3, 7, 3, 6)]
3 -> costo: 109633.69999999998, rotte: {3: [(1, 9), (9, 10), (10, 7), (7, 3), (3, 17)], 2: [(1, 12), (12, 3), (3, 2), (2, 14), (14, 11), (11, 15), (15, 16)], 4: [(1, 13), (13, 8), (8, 5), (5, 6), (6, 4), (4, 3)]}, padri: [2], figli: [4], mosse: [(2, 2, 12, 3, 2)]
4 -> costo: 99459.99999999999, rotte: {3: [(1, 9), (9, 10), (10, 7), (7, 3), (3, 17)], 2: [(1, 3), (3, 2), (2, 14), (14, 11), (11, 12), (12, 15), (15, 16)], 4: [(1, 13), (13, 8), (8, 5), (5, 6), (6, 4), (4, 3)]}, padri: [3], figli: [5], mosse: [(2, 2, 11, 12, 1)]
5 -> costo: 92268.49999999999, rotte: {3: [(1, 9), (9, 10), (10, 7), (7, 3), (3, 17)], 2: [(1, 3), (3, 2), (2, 13), (13, 14), (14, 11), (11, 12), (12, 15), (15, 16)], 4: [(1, 8), (8, 5), (5, 6), (6, 4), (4, 3)]}, padri: [4], figli: [6], mosse: [(2, 4, 2, 13, 2)]
6 -> costo: 90024.09999999999, rotte: {3: [(1, 9), (9, 10), (10, 7), (7, 3), (3, 17)], 2: [(1, 3), (3, 2), (2, 13), (13, 14), (14, 11), (11, 12), (12, 15), (15, 16)], 4: [(1, 5), (5, 6), (6, 4), (4, 3), (3, 8)]}, padri: [5], figli: [7], mosse: [(4, 4, 3, 8, 17)]
7 -> costo: 88516.9, rotte: {3: [(1, 10), (10, 9), (9, 7), (7, 3), (3, 17)], 2: [(1, 3), (3, 2), (2, 13), (13, 14), (14, 11), (11, 12), (12, 15), (15, 16)], 4: [(1, 5), (5, 6), (6, 4), (4, 3), (3, 8)]}, padri: [6], figli: [8, 22, 23, 24], mosse: [(3, 3, 10, 9, 18)]
8 -> costo: 87736.2, rotte: {3: [(1, 10), (10, 9), (9, 7), (7, 3), (3, 17)], 2: [(1, 3), (3, 2), (2, 13), (13, 14), (14, 11), (11, 12), (12, 15), (15, 16)], 4: [(1, 5), (5, 4), (4, 3), (3, 6), (6, 8)]}, padri: [7, 22], figli: [9, 15, 15, 15, 19, 19, 19, 25, 26], mosse: [(4, 4, 3, 6, 15), (4, 4, 3, 6, 15)]
9 -> costo: 87197.99999999999, rotte: {3: [(1, 10), (10, 9), (9, 7), (7, 3), (3, 17)], 2: [(1, 3), (3, 2), (2, 13), (13, 14), (14, 11), (11, 12), (12, 15), (15, 16)], 4: [(1, 4), (4, 3), (3, 5), (5, 6), (6, 8)]}, padri: [8, 24, 25], figli: [10, 10, 10, 13, 13, 13, 14, 16, 16, 16, 27], mosse: [(4, 4, 3, 5, 14), (4, 4, 5, 6, 15), (4, 4, 5, 6, 15)]
10 -> costo: 87088.99999999999, rotte: {3: [(1, 10), (10, 9), (9, 7), (7, 3), (3, 17)], 2: [(1, 3), (3, 2), (2, 13), (13, 14), (14, 11), (11, 12), (12, 16), (16, 15)], 4: [(1, 4), (4, 3), (3, 5), (5, 6), (6, 8)]}, padri: [9, 9, 9, 15, 28, 31], figli: [11, 12, 17], mosse: [(2, 2, 12, 16, 5), (2, 2, 16, 15, 4), (2, 2, 15, 16), (4, 4, 3, 5, 14), (4, 4, 5, 6, 15), (4, 4, 5, 6, 15)]
11 -> costo: 87006.9, rotte: {3: [(1, 10), (10, 9), (9, 7), (7, 3), (3, 17)], 2: [(1, 3), (3, 2), (2, 13), (13, 14), (14, 11), (11, 12), (12, 16), (16, 15)], 4: [(1, 3), (3, 4), (4, 5), (5, 6), (6, 8)]}, padri: [10, 13, 13, 13, 16, 17, 27], figli: [], mosse: [(4, 4, 3, 4, 13), (2, 2, 12, 16, 5), (2, 2, 16, 15, 4), (2, 2, 15, 16), (4, 4, 4, 5, 14), (4, 4, 4, 5, 14), (4, 4, 5, 6, 15)]
12 -> costo: 87082.79999999999, rotte: {3: [(1, 10), (10, 9), (9, 7), (7, 3), (3, 17)], 2: [(1, 3), (3, 4), (4, 2), (2, 13), (13, 14), (14, 11), (11, 12), (12, 16), (16, 15)], 4: [(1, 3), (3, 5), (5, 6), (6, 8)]}, padri: [10, 14, 14, 14, 29], figli: [], mosse: [(2, 4, 3, 4, 13), (2, 2, 12, 16, 5), (2, 2, 16, 15, 4), (2, 2, 15, 16), (4, 4, 5, 6, 15)]
13 -> costo: 87115.9, rotte: {3: [(1, 10), (10, 9), (9, 7), (7, 3), (3, 17)], 2: [(1, 3), (3, 2), (2, 13), (13, 14), (14, 11), (11, 12), (12, 15), (15, 16)], 4: [(1, 3), (3, 4), (4, 5), (5, 6), (6, 8)]}, padri: [9, 19, 20, 26], figli: [11, 11, 11, 17, 17, 17], mosse: [(4, 4, 3, 4, 13), (4, 4, 4, 5, 14), (4, 4, 4, 5, 14), (4, 4, 5, 6, 15)]
14 -> costo: 87191.79999999999, rotte: {3: [(1, 10), (10, 9), (9, 7), (7, 3), (3, 17)], 2: [(1, 3), (3, 4), (4, 2), (2, 13), (13, 14), (14, 11), (11, 12), (12, 15), (15, 16)], 4: [(1, 3), (3, 5), (5, 6), (6, 8)]}, padri: [9, 30], figli: [12, 12, 12], mosse: [(2, 4, 3, 4, 13), (4, 4, 5, 6, 15)]
15 -> costo: 87627.2, rotte: {3: [(1, 10), (10, 9), (9, 7), (7, 3), (3, 17)], 2: [(1, 3), (3, 2), (2, 13), (13, 14), (14, 11), (11, 12), (12, 16), (16, 15)], 4: [(1, 5), (5, 4), (4, 3), (3, 6), (6, 8)]}, padri: [8, 8, 8, 23], figli: [10, 16, 20], mosse: [(2, 2, 12, 16, 5), (2, 2, 16, 15, 4), (2, 2, 15, 16), (4, 4, 3, 6, 15)]
16 -> costo: 87594.4, rotte: {3: [(1, 10), (10, 9), (9, 7), (7, 3), (3, 17)], 2: [(1, 3), (3, 2), (2, 13), (13, 14), (14, 11), (11, 12), (12, 16), (16, 15)], 4: [(1, 5), (5, 3), (3, 4), (4, 6), (6, 8)]}, padri: [15, 19, 19, 19], figli: [11, 17, 18], mosse: [(4, 4, 3, 4, 13), (2, 2, 12, 16, 5), (2, 2, 16, 15, 4), (2, 2, 15, 16)]
17 -> costo: 87572.79999999999, rotte: {3: [(1, 10), (10, 9), (9, 7), (7, 3), (3, 17)], 2: [(1, 3), (3, 2), (2, 13), (13, 14), (14, 11), (11, 12), (12, 16), (16, 15)], 4: [(1, 3), (3, 5), (5, 4), (4, 6), (6, 8)]}, padri: [16, 20, 20, 20], figli: [11], mosse: [(4, 4, 3, 5, 14), (2, 2, 12, 16, 5), (2, 2, 16, 15, 4), (2, 2, 15, 16)]
18 -> costo: 87581.49999999999, rotte: {3: [(1, 10), (10, 9), (9, 7), (7, 3), (3, 17)], 2: [(1, 3), (3, 5), (5, 2), (2, 13), (13, 14), (14, 11), (11, 12), (12, 16), (16, 15)], 4: [(1, 3), (3, 4), (4, 6), (6, 8)]}, padri: [16, 21, 21, 21], figli: [], mosse: [(2, 4, 3, 5, 14), (2, 2, 12, 16, 5), (2, 2, 16, 15, 4), (2, 2, 15, 16)]
19 -> costo: 87703.4, rotte: {3: [(1, 10), (10, 9), (9, 7), (7, 3), (3, 17)], 2: [(1, 3), (3, 2), (2, 13), (13, 14), (14, 11), (11, 12), (12, 15), (15, 16)], 4: [(1, 5), (5, 3), (3, 4), (4, 6), (6, 8)]}, padri: [8], figli: [13, 16, 16, 16, 20, 20, 20, 21, 27], mosse: [(4, 4, 3, 4, 13)]
20 -> costo: 87681.79999999999, rotte: {3: [(1, 10), (10, 9), (9, 7), (7, 3), (3, 17)], 2: [(1, 3), (3, 2), (2, 13), (13, 14), (14, 11), (11, 12), (12, 15), (15, 16)], 4: [(1, 3), (3, 5), (5, 4), (4, 6), (6, 8)]}, padri: [19], figli: [13, 17, 17, 17, 27], mosse: [(4, 4, 3, 5, 14)]
21 -> costo: 87690.49999999999, rotte: {3: [(1, 10), (10, 9), (9, 7), (7, 3), (3, 17)], 2: [(1, 3), (3, 5), (5, 2), (2, 13), (13, 14), (14, 11), (11, 12), (12, 15), (15, 16)], 4: [(1, 3), (3, 4), (4, 6), (6, 8)]}, padri: [19], figli: [18, 18, 18], mosse: [(2, 4, 3, 5, 14)]
22 -> costo: 88241.9, rotte: {3: [(1, 10), (10, 9), (9, 7), (7, 3), (3, 17)], 2: [(1, 3), (3, 2), (2, 13), (13, 14), (14, 11), (11, 12), (12, 15), (15, 16)], 4: [(1, 6), (6, 5), (5, 4), (4, 3), (3, 8)]}, padri: [7], figli: [8, 23, 23, 23], mosse: [(4, 4, 6, 5, 14)]
23 -> costo: 88132.9, rotte: {3: [(1, 10), (10, 9), (9, 7), (7, 3), (3, 17)], 2: [(1, 3), (3, 2), (2, 13), (13, 14), (14, 11), (11, 12), (12, 16), (16, 15)], 4: [(1, 6), (6, 5), (5, 4), (4, 3), (3, 8)]}, padri: [22, 22, 22], figli: [15], mosse: [(2, 2, 12, 16, 5), (2, 2, 16, 15, 4), (2, 2, 15, 16)]
24 -> costo: 88394.09999999999, rotte: {3: [(1, 10), (10, 9), (9, 7), (7, 3), (3, 17)], 2: [(1, 3), (3, 2), (2, 13), (13, 14), (14, 11), (11, 12), (12, 15), (15, 16)], 4: [(1, 6), (6, 4), (4, 3), (3, 5), (5, 8)]}, padri: [7], figli: [9, 25, 26, 31, 31, 31, 38, 38, 38], mosse: [(4, 4, 3, 5, 14)]
25 -> costo: 88196.49999999999, rotte: {3: [(1, 10), (10, 9), (9, 7), (7, 3), (3, 17)], 2: [(1, 3), (3, 2), (2, 13), (13, 14), (14, 11), (11, 12), (12, 15), (15, 16)], 4: [(1, 4), (4, 3), (3, 6), (6, 5), (5, 8)]}, padri: [24], figli: [9, 26, 28, 28, 28, 30, 30, 30, 32, 32, 32], mosse: [(4, 4, 3, 6, 15)]
26 -> costo: 88081.59999999999, rotte: {3: [(1, 10), (10, 9), (9, 7), (7, 3), (3, 17)], 2: [(1, 3), (3, 2), (2, 13), (13, 14), (14, 11), (11, 12), (12, 15), (15, 16)], 4: [(1, 3), (3, 4), (4, 6), (6, 5), (5, 8)]}, padri: [25], figli: [13, 27, 27, 27, 29, 29, 29], mosse: [(4, 4, 3, 4, 13)]
27 -> costo: 87972.59999999999, rotte: {3: [(1, 10), (10, 9), (9, 7), (7, 3), (3, 17)], 2: [(1, 3), (3, 2), (2, 13), (13, 14), (14, 11), (11, 12), (12, 16), (16, 15)], 4: [(1, 3), (3, 4), (4, 6), (6, 5), (5, 8)]}, padri: [26, 26, 26, 28], figli: [11], mosse: [(2, 2, 12, 16, 5), (2, 2, 16, 15, 4), (2, 2, 15, 16), (4, 4, 3, 4, 13)]
28 -> costo: 88087.49999999999, rotte: {3: [(1, 10), (10, 9), (9, 7), (7, 3), (3, 17)], 2: [(1, 3), (3, 2), (2, 13), (13, 14), (14, 11), (11, 12), (12, 16), (16, 15)], 4: [(1, 4), (4, 3), (3, 6), (6, 5), (5, 8)]}, padri: [25, 25, 25, 31], figli: [10, 27, 29], mosse: [(2, 2, 12, 16, 5), (2, 2, 16, 15, 4), (2, 2, 15, 16), (4, 4, 3, 6, 15)]
29 -> costo: 88081.29999999999, rotte: {3: [(1, 10), (10, 9), (9, 7), (7, 3), (3, 17)], 2: [(1, 3), (3, 4), (4, 2), (2, 13), (13, 14), (14, 11), (11, 12), (12, 16), (16, 15)], 4: [(1, 3), (3, 6), (6, 5), (5, 8)]}, padri: [28, 30, 30, 30], figli: [12], mosse: [(2, 4, 3, 4, 13), (2, 2, 12, 16, 5), (2, 2, 16, 15, 4), (2, 2, 15, 16)]
30 -> costo: 88190.29999999999, rotte: {3: [(1, 10), (10, 9), (9, 7), (7, 3), (3, 17)], 2: [(1, 3), (3, 4), (4, 2), (2, 13), (13, 14), (14, 11), (11, 12), (12, 15), (15, 16)], 4: [(1, 3), (3, 6), (6, 5), (5, 8)]}, padri: [25], figli: [14, 29, 29, 29], mosse: [(2, 4, 3, 4, 13)]
31 -> costo: 88285.09999999999, rotte: {3: [(1, 10), (10, 9), (9, 7), (7, 3), (3, 17)], 2: [(1, 3), (3, 2), (2, 13), (13, 14), (14, 11), (11, 12), (12, 16), (16, 15)], 4: [(1, 6), (6, 4), (4, 3), (3, 5), (5, 8)]}, padri: [24, 24, 24], figli: [10, 28, 32, 43], mosse: [(2, 2, 12, 16, 5), (2, 2, 16, 15, 4), (2, 2, 15, 16)]
32 -> costo: 88202.89999999998, rotte: {3: [(1, 10), (10, 9), (9, 7), (7, 3), (3, 17)], 2: [(1, 3), (3, 2), (2, 6), (6, 13), (13, 14), (14, 11), (11, 12), (12, 16), (16, 15)], 4: [(1, 4), (4, 3), (3, 5), (5, 8)]}, padri: [31, 38, 38, 38], figli: [33, 37, 40], mosse: [(2, 4, 2, 6, 15), (2, 2, 12, 16, 5), (2, 2, 16, 15, 4), (2, 2, 15, 16)]
33 -> costo: 87926.59999999999, rotte: {3: [(1, 10), (10, 9), (9, 7), (7, 3), (3, 17)], 2: [(1, 2), (2, 3), (3, 6), (6, 13), (13, 14), (14, 11), (11, 12), (12, 16), (16, 15)], 4: [(1, 4), (4, 3), (3, 5), (5, 8)]}, padri: [32, 39, 39, 39], figli: [34, 35, 42], mosse: [(2, 2, 2, 3, 2), (2, 2, 12, 16, 5), (2, 2, 16, 15, 4), (2, 2, 15, 16)]
34 -> costo: 87844.5, rotte: {3: [(1, 10), (10, 9), (9, 7), (7, 3), (3, 17)], 2: [(1, 2), (2, 3), (3, 6), (6, 13), (13, 14), (14, 11), (11, 12), (12, 16), (16, 15)], 4: [(1, 3), (3, 4), (4, 5), (5, 8)]}, padri: [33, 37, 40, 40, 40], figli: [], mosse: [(4, 4, 3, 4, 13), (2, 2, 2, 3, 2), (2, 2, 12, 16, 5), (2, 2, 16, 15, 4), (2, 2, 15, 16)]
35 -> costo: 87920.39999999998, rotte: {3: [(1, 10), (10, 9), (9, 7), (7, 3), (3, 17)], 2: [(1, 3), (3, 6), (6, 13), (13, 14), (14, 11), (11, 12), (12, 16), (16, 15)], 4: [(1, 2), (2, 4), (4, 3), (3, 5), (5, 8)]}, padri: [33, 41, 41, 41], figli: [36], mosse: [(4, 2, 1, 2, 11), (2, 2, 12, 16, 5), (2, 2, 16, 15, 4), (2, 2, 15, 16)]
36 -> costo: 87844.49999999999, rotte: {3: [(1, 10), (10, 9), (9, 7), (7, 3), (3, 17)], 2: [(1, 3), (3, 6), (6, 13), (13, 14), (14, 11), (11, 12), (12, 16), (16, 15)], 4: [(1, 2), (2, 3), (3, 4), (4, 5), (5, 8)]}, padri: [35, 42, 42, 42], figli: [], mosse: [(4, 4, 3, 4, 13), (2, 2, 12, 16, 5), (2, 2, 16, 15, 4), (2, 2, 15, 16)]
37 -> costo: 88120.79999999999, rotte: {3: [(1, 10), (10, 9), (9, 7), (7, 3), (3, 17)], 2: [(1, 3), (3, 2), (2, 6), (6, 13), (13, 14), (14, 11), (11, 12), (12, 16), (16, 15)], 4: [(1, 3), (3, 4), (4, 5), (5, 8)]}, padri: [32], figli: [34], mosse: [(4, 4, 3, 4, 13)]
38 -> costo: 88311.89999999998, rotte: {3: [(1, 10), (10, 9), (9, 7), (7, 3), (3, 17)], 2: [(1, 3), (3, 2), (2, 6), (6, 13), (13, 14), (14, 11), (11, 12), (12, 15), (15, 16)], 4: [(1, 4), (4, 3), (3, 5), (5, 8)]}, padri: [24], figli: [39, 32, 32, 32, 43, 43, 43], mosse: [(2, 4, 2, 6, 15)]
39 -> costo: 88035.59999999999, rotte: {3: [(1, 10), (10, 9), (9, 7), (7, 3), (3, 17)], 2: [(1, 2), (2, 3), (3, 6), (6, 13), (13, 14), (14, 11), (11, 12), (12, 15), (15, 16)], 4: [(1, 4), (4, 3), (3, 5), (5, 8)]}, padri: [38], figli: [33, 33, 33, 40, 40, 40, 41], mosse: [(2, 2, 2, 3, 2)]
40 -> costo: 87953.5, rotte: {3: [(1, 10), (10, 9), (9, 7), (7, 3), (3, 17)], 2: [(1, 2), (2, 3), (3, 6), (6, 13), (13, 14), (14, 11), (11, 12), (12, 15), (15, 16)], 4: [(1, 3), (3, 4), (4, 5), (5, 8)]}, padri: [39], figli: [34, 34, 34], mosse: [(4, 4, 3, 4, 13)]
41 -> costo: 88029.39999999998, rotte: {3: [(1, 10), (10, 9), (9, 7), (7, 3), (3, 17)], 2: [(1, 3), (3, 6), (6, 13), (13, 14), (14, 11), (11, 12), (12, 15), (15, 16)], 4: [(1, 2), (2, 4), (4, 3), (3, 5), (5, 8)]}, padri: [39], figli: [35, 35, 35, 42, 42, 42], mosse: [(4, 2, 1, 2, 11)]
42 -> costo: 87953.49999999999, rotte: {3: [(1, 10), (10, 9), (9, 7), (7, 3), (3, 17)], 2: [(1, 3), (3, 6), (6, 13), (13, 14), (14, 11), (11, 12), (12, 15), (15, 16)], 4: [(1, 2), (2, 3), (3, 4), (4, 5), (5, 8)]}, padri: [41], figli: [36, 36, 36], mosse: [(4, 4, 3, 4, 13)]
43 -> costo: 88229.79999999999, rotte: {3: [(1, 10), (10, 9), (9, 7), (7, 3), (3, 17)], 2: [(1, 3), (3, 2), (2, 6), (6, 13), (13, 14), (14, 11), (11, 12), (12, 15), (15, 16)], 4: [(1, 3), (3, 4), (4, 5), (5, 8)]}, padri: [38], figli: [], mosse: [(4, 4, 3, 4, 13)]
bestSolutionIndice: 11
11 -> costo: 87006.9, rotte: {3: [(1, 10), (10, 9), (9, 7), (7, 3), (3, 17)], 2: [(1, 3), (3, 2), (2, 13), (13, 14), (14, 11), (11, 12), (12, 16), (16, 15)], 4: [(1, 3), (3, 4), (4, 5), (5, 6), (6, 8)]}, padri: [10, 13, 13, 13, 16, 17, 27], figli: [], mosse: [(4, 4, 3, 4, 13), (2, 2, 12, 16, 5), (2, 2, 16, 15, 4), (2, 2, 15, 16), (4, 4, 4, 5, 14), (4, 4, 4, 5, 14), (4, 4, 5, 6, 15)]
trasportoPalletDiGamma: {3: [(10, 19), (9, 18), (7, 16), (3, 6), (17, 6)], 2: [(3, 2), (2, 11), (13, 2), (14, 3), (11, 20), (12, 1), (16, 5), (15, 4)], 4: [(3, 4), (4, 13), (5, 14), (6, 15), (8, 17)]}
itMosseLS: 106, itMosseTS: 96
time elapsed: 3603.70s.


##########################################################################################
##########################################################################################
