itNSIMax: 3, itMosseTSMax: 200.
##########################################################################################
s: 1, itNSI: 1.
soluzione iniziale: 0
0 -> 
costo: 156482.09999999998, 
rotte: {3: [(1, 9), (9, 10), (10, 7), (7, 17), (17, 3)], 2: [(1, 12), (12, 15), (15, 2), (2, 14), (14, 11), (11, 16), (16, 3)], 4: [(1, 13), (13, 8), (8, 5), (5, 6), (6, 4), (4, 3)]}
trasportoPalletDiGamma: {3: [(9, 18), (10, 19), (7, 16), (17, 6), (3, 6)], 2: [(12, 1), (15, 4), (2, 11), (14, 3), (11, 20), (16, 5), (3, 2)], 4: [(13, 2), (8, 17), (5, 14), (6, 15), (4, 13), (3, 4)]}
bestSolutionIndice: 11
11 -> 
costo: 87006.9, 
rotte: {3: [(1, 10), (10, 9), (9, 7), (7, 3), (3, 17)], 2: [(1, 3), (3, 2), (2, 13), (13, 14), (14, 11), (11, 12), (12, 16), (16, 15)], 4: [(1, 3), (3, 4), (4, 5), (5, 6), (6, 8)]}
trasportoPalletDiGamma: {3: [(10, 19), (9, 18), (7, 16), (3, 6), (17, 6)], 2: [(3, 2), (2, 11), (13, 2), (14, 3), (11, 20), (12, 1), (16, 5), (15, 4)], 4: [(3, 4), (4, 13), (5, 14), (6, 15), (8, 17)]}
itMosseLS: 106, itMosseTS: 96
numero di soluzioni totali trovati: 44.
time elapsed: 3603.70s.


##########################################################################################
##########################################################################################
##########################################################################################
##########################################################################################
##########################################################################################
Soluzione migliore in assoluto trovata:

s: 1
itNSI: 1, 
costo: 87006.9, 
rotte: {3: [(1, 10), (10, 9), (9, 7), (7, 3), (3, 17)], 2: [(1, 3), (3, 2), (2, 13), (13, 14), (14, 11), (11, 12), (12, 16), (16, 15)], 4: [(1, 3), (3, 4), (4, 5), (5, 6), (6, 8)]}
trasportoPalletDiGamma: {3: [(10, 19), (9, 18), (7, 16), (3, 6), (17, 6)], 2: [(3, 2), (2, 11), (13, 2), (14, 3), (11, 20), (12, 1), (16, 5), (15, 4)], 4: [(3, 4), (4, 13), (5, 14), (6, 15), (8, 17)]}

Total time elapsed: 3604.08s.