itNSIMax: 10, itMosseTSMax: 50.
##########################################################################################
s: 1
dictSolutions[1]:
0 -> costo: 153049.49999999997, rotte: {4: [(1, 5), (5, 15), (15, 4), (4, 13), (13, 12), (12, 10), (10, 9)], 3: [(1, 11), (11, 6), (6, 8), (8, 9)], 2: [(1, 2), (2, 3), (3, 16), (16, 14), (14, 17), (17, 7)]}, padri: [-1], figli: [1], mosse: [-1]
1 -> costo: 132601.59999999998, rotte: {4: [(1, 5), (5, 15), (15, 4), (4, 13), (13, 12), (12, 10), (10, 9)], 3: [(1, 11), (11, 6), (6, 8), (8, 9)], 2: [(1, 2), (2, 3), (3, 16), (16, 17), (17, 14), (14, 7)]}, padri: [0], figli: [2], mosse: [(2, 2, 17, 14, 3)]
2 -> costo: 121804.49999999997, rotte: {4: [(1, 5), (5, 4), (4, 13), (13, 12), (12, 10), (10, 9), (9, 15)], 3: [(1, 11), (11, 6), (6, 8), (8, 9)], 2: [(1, 2), (2, 3), (3, 16), (16, 17), (17, 14), (14, 7)]}, padri: [1], figli: [3], mosse: [(4, 4, 9, 15, 4)]
3 -> costo: 115993.29999999997, rotte: {4: [(1, 5), (5, 4), (4, 13), (13, 12), (12, 10), (10, 9), (9, 15)], 3: [(1, 11), (11, 6), (6, 8), (8, 9)], 2: [(1, 2), (2, 3), (3, 7), (7, 16), (16, 17), (17, 14)]}, padri: [2], figli: [4, 12], mosse: [(2, 2, 3, 7, 16)]
4 -> costo: 108370.49999999997, rotte: {4: [(1, 5), (5, 4), (4, 13), (13, 12), (12, 10), (10, 9), (9, 15)], 3: [(1, 11), (11, 6), (6, 8), (8, 9)], 2: [(1, 2), (2, 3), (3, 7), (7, 14), (14, 16), (16, 17)]}, padri: [3], figli: [5, 9, 11, 5, 5], mosse: [(2, 2, 7, 14, 3)]
5 -> costo: 108291.09999999998, rotte: {4: [(1, 5), (5, 4), (4, 13), (13, 12), (12, 10), (10, 9), (9, 15)], 3: [(1, 11), (11, 6), (6, 8), (8, 9)], 2: [(1, 2), (2, 3), (3, 7), (7, 14), (14, 17), (17, 16)]}, padri: [4, 4, 4], figli: [6, 8, 10], mosse: [(2, 2, 16, 17), (2, 2, 14, 17, 6), (2, 2, 17, 16, 5)]
6 -> costo: 106195.7, rotte: {4: [(1, 5), (5, 4), (4, 13), (13, 12), (12, 10), (10, 9), (9, 15)], 3: [(1, 6), (6, 8), (8, 9), (9, 11)], 2: [(1, 2), (2, 3), (3, 7), (7, 14), (14, 17), (17, 16)]}, padri: [5, 9, 9, 9], figli: [7], mosse: [(3, 3, 9, 11, 20), (2, 2, 16, 17), (2, 2, 14, 17, 6), (2, 2, 17, 16, 5)]
7 -> costo: 105104.09999999999, rotte: {4: [(1, 5), (5, 4), (4, 13), (13, 12), (12, 9), (9, 10), (10, 15)], 3: [(1, 6), (6, 8), (8, 9), (9, 11)], 2: [(1, 2), (2, 3), (3, 7), (7, 14), (14, 17), (17, 16)]}, padri: [6, 8, 10, 10, 10], figli: [], mosse: [(4, 4, 9, 10, 19), (3, 3, 9, 11, 20), (2, 2, 16, 17), (2, 2, 14, 17, 6), (2, 2, 17, 16, 5)]
8 -> costo: 107199.49999999999, rotte: {4: [(1, 5), (5, 4), (4, 13), (13, 12), (12, 9), (9, 10), (10, 15)], 3: [(1, 11), (11, 6), (6, 8), (8, 9)], 2: [(1, 2), (2, 3), (3, 7), (7, 14), (14, 17), (17, 16)]}, padri: [5, 11, 11, 11], figli: [7], mosse: [(4, 4, 9, 10, 19), (2, 2, 16, 17), (2, 2, 14, 17, 6), (2, 2, 17, 16, 5)]
9 -> costo: 106275.09999999999, rotte: {4: [(1, 5), (5, 4), (4, 13), (13, 12), (12, 10), (10, 9), (9, 15)], 3: [(1, 6), (6, 8), (8, 9), (9, 11)], 2: [(1, 2), (2, 3), (3, 7), (7, 14), (14, 16), (16, 17)]}, padri: [4], figli: [6, 10, 6, 6], mosse: [(3, 3, 9, 11, 20)]
10 -> costo: 105183.49999999999, rotte: {4: [(1, 5), (5, 4), (4, 13), (13, 12), (12, 9), (9, 10), (10, 15)], 3: [(1, 6), (6, 8), (8, 9), (9, 11)], 2: [(1, 2), (2, 3), (3, 7), (7, 14), (14, 16), (16, 17)]}, padri: [9, 11], figli: [7, 7, 7], mosse: [(4, 4, 9, 10, 19), (3, 3, 9, 11, 20)]
11 -> costo: 107278.89999999998, rotte: {4: [(1, 5), (5, 4), (4, 13), (13, 12), (12, 9), (9, 10), (10, 15)], 3: [(1, 11), (11, 6), (6, 8), (8, 9)], 2: [(1, 2), (2, 3), (3, 7), (7, 14), (14, 16), (16, 17)]}, padri: [4], figli: [8, 10, 8, 8], mosse: [(4, 4, 9, 10, 19)]
12 -> costo: 112732.99999999997, rotte: {4: [(1, 5), (5, 4), (4, 13), (13, 12), (12, 10), (10, 9), (9, 15)], 3: [(1, 11), (11, 6), (6, 8), (8, 9)], 2: [(1, 14), (14, 2), (2, 3), (3, 7), (7, 16), (16, 17)]}, padri: [3], figli: [13], mosse: [(2, 2, 1, 14, 3)]
13 -> costo: 112653.59999999996, rotte: {4: [(1, 5), (5, 4), (4, 13), (13, 12), (12, 10), (10, 9), (9, 15)], 3: [(1, 11), (11, 6), (6, 8), (8, 9)], 2: [(1, 14), (14, 2), (2, 3), (3, 7), (7, 17), (17, 16)]}, padri: [12], figli: [14], mosse: [(2, 2, 16, 17)]
14 -> costo: 102928.19999999997, rotte: {4: [(1, 5), (5, 4), (4, 13), (13, 12), (12, 14), (14, 10), (10, 9), (9, 15)], 3: [(1, 11), (11, 6), (6, 8), (8, 9)], 2: [(1, 2), (2, 3), (3, 7), (7, 17), (17, 16)]}, padri: [13], figli: [15], mosse: [(4, 2, 12, 14, 3)]
15 -> costo: 100832.79999999999, rotte: {4: [(1, 5), (5, 4), (4, 13), (13, 12), (12, 14), (14, 10), (10, 9), (9, 15)], 3: [(1, 6), (6, 8), (8, 9), (9, 11)], 2: [(1, 2), (2, 3), (3, 7), (7, 17), (17, 16)]}, padri: [14], figli: [16], mosse: [(3, 3, 9, 11, 20)]
16 -> costo: 99193.4, rotte: {4: [(1, 4), (4, 13), (13, 12), (12, 14), (14, 10), (10, 9), (9, 15)], 3: [(1, 6), (6, 8), (8, 9), (9, 11)], 2: [(1, 2), (2, 3), (3, 7), (7, 5), (5, 17), (17, 16)]}, padri: [15], figli: [17], mosse: [(2, 4, 7, 5, 14)]
17 -> costo: 97323.2, rotte: {4: [(1, 13), (13, 12), (12, 14), (14, 10), (10, 9), (9, 4), (4, 15)], 3: [(1, 6), (6, 8), (8, 9), (9, 11)], 2: [(1, 2), (2, 3), (3, 7), (7, 5), (5, 17), (17, 16)]}, padri: [16], figli: [18, 23, 23, 23, 23], mosse: [(4, 4, 9, 4, 13)]
18 -> costo: 96450.7, rotte: {4: [(1, 13), (13, 12), (12, 14), (14, 9), (9, 10), (10, 4), (4, 15)], 3: [(1, 6), (6, 8), (8, 9), (9, 11)], 2: [(1, 2), (2, 3), (3, 7), (7, 5), (5, 17), (17, 16)]}, padri: [17], figli: [19, 19, 19, 19, 19, 19, 19, 21, 21, 21, 21, 21, 21, 21, 22, 24, 24, 24, 24, 24, 24, 24, 25, 25, 25, 25, 25, 25, 25], mosse: [(4, 4, 9, 10, 19)]
19 -> costo: 95731.2, rotte: {4: [(1, 13), (13, 12), (12, 14), (14, 9), (9, 10), (10, 4), (4, 15)], 3: [(1, 6), (6, 8), (8, 11)], 2: [(1, 2), (2, 3), (3, 7), (7, 5), (5, 17), (17, 16)]}, padri: [18, 18, 18, 18, 18, 18, 18, 23, 24], figli: [20], mosse: [(4, 3, 1, 9, 13), (4, 3, 13, 9, 13), (4, 3, 12, 9, 13), (4, 3, 14, 9, 13), (4, 3, 10, 9, 13), (4, 3, 4, 9, 13), (4, 3, 15, 9, 13), (4, 4, 9, 10, 19), (4, 4, 10, 4, 13)]
20 -> costo: 95718.3, rotte: {4: [(1, 13), (13, 12), (12, 14), (14, 9), (9, 10), (10, 4), (4, 15)], 3: [(1, 6), (6, 8), (8, 11)], 2: [(1, 3), (3, 7), (7, 5), (5, 2), (2, 17), (17, 16)]}, padri: [19, 21, 21, 21, 21, 21, 21, 21, 25, 26], figli: [], mosse: [(2, 2, 5, 2, 11), (4, 3, 1, 9, 13), (4, 3, 13, 9, 13), (4, 3, 12, 9, 13), (4, 3, 14, 9, 13), (4, 3, 10, 9, 13), (4, 3, 4, 9, 13), (4, 3, 15, 9, 13), (4, 4, 10, 4, 13), (4, 4, 9, 10, 19)]
21 -> costo: 96437.8, rotte: {4: [(1, 13), (13, 12), (12, 14), (14, 9), (9, 10), (10, 4), (4, 15)], 3: [(1, 6), (6, 8), (8, 9), (9, 11)], 2: [(1, 3), (3, 7), (7, 5), (5, 2), (2, 17), (17, 16)]}, padri: [18], figli: [20, 20, 20, 20, 20, 20, 20], mosse: [(2, 2, 5, 2, 11)]
22 -> costo: 96444.5, rotte: {4: [(1, 13), (13, 12), (12, 14), (14, 9), (9, 10), (10, 4), (4, 2), (2, 15)], 3: [(1, 6), (6, 8), (8, 9), (9, 11)], 2: [(1, 3), (3, 7), (7, 5), (5, 17), (17, 16)]}, padri: [18], figli: [], mosse: [(4, 2, 4, 2, 11)]
23 -> costo: 96603.7, rotte: {4: [(1, 13), (13, 12), (12, 14), (14, 10), (10, 9), (9, 4), (4, 15)], 3: [(1, 6), (6, 8), (8, 11)], 2: [(1, 2), (2, 3), (3, 7), (7, 5), (5, 17), (17, 16)]}, padri: [17, 17, 17, 17], figli: [19, 24, 25, 26], mosse: [(4, 3, 1, 9, 13), (4, 3, 13, 9, 13), (4, 3, 12, 9, 13), (4, 3, 14, 9, 13)]
24 -> costo: 96219.9, rotte: {4: [(1, 13), (13, 12), (12, 14), (14, 9), (9, 4), (4, 10), (10, 15)], 3: [(1, 6), (6, 8), (8, 11)], 2: [(1, 2), (2, 3), (3, 7), (7, 5), (5, 17), (17, 16)]}, padri: [23], figli: [19, 25], mosse: [(4, 4, 4, 10, 19)]
25 -> costo: 96207.0, rotte: {4: [(1, 13), (13, 12), (12, 14), (14, 9), (9, 4), (4, 10), (10, 15)], 3: [(1, 6), (6, 8), (8, 11)], 2: [(1, 3), (3, 7), (7, 5), (5, 2), (2, 17), (17, 16)]}, padri: [24, 26], figli: [20], mosse: [(2, 2, 5, 2, 11), (4, 4, 4, 10, 19)]
26 -> costo: 96590.8, rotte: {4: [(1, 13), (13, 12), (12, 14), (14, 10), (10, 9), (9, 4), (4, 15)], 3: [(1, 6), (6, 8), (8, 11)], 2: [(1, 3), (3, 7), (7, 5), (5, 2), (2, 17), (17, 16)]}, padri: [23], figli: [20, 25], mosse: [(2, 2, 5, 2, 11)]
bestSolutionIndice: 20
20 -> costo: 95718.3, rotte: {4: [(1, 13), (13, 12), (12, 14), (14, 9), (9, 10), (10, 4), (4, 15)], 3: [(1, 6), (6, 8), (8, 11)], 2: [(1, 3), (3, 7), (7, 5), (5, 2), (2, 17), (17, 16)]}, padri: [19, 21, 21, 21, 21, 21, 21, 21, 25, 26], figli: [], mosse: [(2, 2, 5, 2, 11), (4, 3, 1, 9, 13), (4, 3, 13, 9, 13), (4, 3, 12, 9, 13), (4, 3, 14, 9, 13), (4, 3, 10, 9, 13), (4, 3, 4, 9, 13), (4, 3, 15, 9, 13), (4, 4, 10, 4, 13), (4, 4, 9, 10, 19)]
trasportoPalletDiGamma: {4: [(13, 2), (12, 1), (14, 3), (9, 18), (10, 19), (4, 13), (15, 4)], 3: [(6, 15), (8, 17), (11, 20)], 2: [(3, 12), (7, 16), (5, 14), (2, 11), (17, 6), (16, 5)]}
itMosseLS: 60, itMosseTS: 50
time elapsed: 1080.88s.


##########################################################################################
s: 1
dictSolutions[1]:
0 -> costo: 152650.19999999998, rotte: {3: [(1, 3), (3, 10), (10, 9), (9, 17), (17, 6)], 2: [(1, 14), (14, 16), (16, 12), (12, 5), (5, 4), (4, 8)], 4: [(1, 7), (7, 13), (13, 11), (11, 15), (15, 2), (2, 6)]}, padri: [-1], figli: [1], mosse: [-1]
1 -> costo: 139157.69999999998, rotte: {3: [(1, 3), (3, 10), (10, 9), (9, 6), (6, 17)], 2: [(1, 14), (14, 16), (16, 12), (12, 5), (5, 4), (4, 8)], 4: [(1, 7), (7, 13), (13, 11), (11, 15), (15, 2), (2, 6)]}, padri: [0], figli: [2], mosse: [(3, 3, 9, 6, 10)]
2 -> costo: 129721.7, rotte: {3: [(1, 3), (3, 10), (10, 9), (9, 6), (6, 17)], 2: [(1, 14), (14, 12), (12, 5), (5, 4), (4, 8), (8, 16)], 4: [(1, 7), (7, 13), (13, 11), (11, 15), (15, 2), (2, 6)]}, padri: [1], figli: [3], mosse: [(2, 2, 8, 16, 5)]
3 -> costo: 123411.1, rotte: {3: [(1, 3), (3, 10), (10, 9), (9, 6), (6, 17)], 2: [(1, 14), (14, 12), (12, 5), (5, 4), (4, 8), (8, 16)], 4: [(1, 7), (7, 13), (13, 11), (11, 2), (2, 6), (6, 15)]}, padri: [2], figli: [4], mosse: [(4, 4, 6, 15, 4)]
4 -> costo: 119223.4, rotte: {3: [(1, 3), (3, 10), (10, 9), (9, 6), (6, 17)], 2: [(1, 14), (14, 12), (12, 5), (5, 4), (4, 8), (8, 16)], 4: [(1, 13), (13, 11), (11, 2), (2, 7), (7, 6), (6, 15)]}, padri: [3], figli: [5], mosse: [(4, 4, 2, 7, 16)]
5 -> costo: 118798.2, rotte: {3: [(1, 10), (10, 9), (9, 6), (6, 17)], 2: [(1, 14), (14, 12), (12, 3), (3, 5), (5, 4), (4, 8), (8, 16)], 4: [(1, 13), (13, 11), (11, 2), (2, 7), (7, 6), (6, 15)]}, padri: [4], figli: [6], mosse: [(2, 3, 12, 3, 12)]
6 -> costo: 118348.6, rotte: {3: [(1, 10), (10, 9), (9, 6), (6, 17)], 2: [(1, 14), (14, 12), (12, 3), (3, 4), (4, 5), (5, 8), (8, 16)], 4: [(1, 13), (13, 11), (11, 2), (2, 7), (7, 6), (6, 15)]}, padri: [5], figli: [7], mosse: [(2, 2, 4, 5, 14)]
7 -> costo: 118194.00000000001, rotte: {3: [(1, 10), (10, 9), (9, 6), (6, 17)], 2: [(1, 14), (14, 12), (12, 3), (3, 4), (4, 5), (5, 8), (8, 16)], 4: [(1, 13), (13, 11), (11, 7), (7, 6), (6, 2), (2, 15)]}, padri: [6], figli: [8], mosse: [(4, 4, 6, 2, 11)]
8 -> costo: 117988.20000000003, rotte: {3: [(1, 10), (10, 9), (9, 6), (6, 17)], 2: [(1, 14), (14, 12), (12, 3), (3, 4), (4, 5), (5, 8), (8, 16)], 4: [(1, 13), (13, 11), (11, 6), (6, 7), (7, 2), (2, 15)]}, padri: [7], figli: [9], mosse: [(4, 4, 6, 7, 16)]
9 -> costo: 117864.70000000001, rotte: {3: [(1, 10), (10, 9), (9, 6), (6, 17)], 2: [(1, 12), (12, 3), (3, 4), (4, 5), (5, 8), (8, 16)], 4: [(1, 13), (13, 11), (11, 14), (14, 6), (6, 7), (7, 2), (2, 15)]}, padri: [8], figli: [10, 11, 12, 13, 14, 15, 23, 25, 35], mosse: [(4, 2, 11, 14, 3)]
10 -> costo: 107986.10000000002, rotte: {3: [(1, 10), (10, 9), (9, 6), (6, 17)], 2: [(1, 3), (3, 4), (4, 5), (5, 8), (8, 16)], 4: [(1, 13), (13, 12), (12, 11), (11, 14), (14, 6), (6, 7), (7, 2), (2, 15)]}, padri: [9, 11, 12, 20, 21, 22], figli: [], mosse: [(4, 2, 13, 12, 1), (4, 4, 12, 11, 20), (4, 4, 13, 12, 1), (4, 4, 11, 14, 3), (4, 4, 11, 14, 3), (4, 4, 11, 14, 3)]
11 -> costo: 108154.30000000002, rotte: {3: [(1, 10), (10, 9), (9, 6), (6, 17)], 2: [(1, 3), (3, 4), (4, 5), (5, 8), (8, 16)], 4: [(1, 13), (13, 11), (11, 12), (12, 14), (14, 6), (6, 7), (7, 2), (2, 15)]}, padri: [9, 12, 14, 15], figli: [10], mosse: [(4, 2, 11, 12, 1), (4, 4, 11, 12, 1), (4, 4, 12, 14, 3), (4, 4, 12, 14, 3)]
12 -> costo: 108279.30000000002, rotte: {3: [(1, 10), (10, 9), (9, 6), (6, 17)], 2: [(1, 3), (3, 4), (4, 5), (5, 8), (8, 16)], 4: [(1, 12), (12, 13), (13, 11), (11, 14), (14, 6), (6, 7), (7, 2), (2, 15)]}, padri: [9], figli: [10, 11, 13, 15], mosse: [(4, 2, 1, 12, 1)]
13 -> costo: 108210.50000000001, rotte: {3: [(1, 10), (10, 9), (9, 6), (6, 17)], 2: [(1, 3), (3, 4), (4, 5), (5, 8), (8, 16)], 4: [(1, 12), (12, 11), (11, 14), (14, 13), (13, 6), (6, 7), (7, 2), (2, 15)]}, padri: [12], figli: [], mosse: [(4, 4, 14, 13, 2)]
14 -> costo: 108351.80000000002, rotte: {3: [(1, 10), (10, 9), (9, 6), (6, 17)], 2: [(1, 3), (3, 4), (4, 5), (5, 8), (8, 16)], 4: [(1, 13), (13, 11), (11, 14), (14, 12), (12, 6), (6, 7), (7, 2), (2, 15)]}, padri: [9], figli: [11, 15, 17, 20, 21], mosse: [(4, 2, 14, 12, 1)]
15 -> costo: 108211.20000000001, rotte: {3: [(1, 10), (10, 9), (9, 6), (6, 17)], 2: [(1, 3), (3, 4), (4, 5), (5, 8), (8, 16)], 4: [(1, 13), (13, 14), (14, 11), (11, 12), (12, 6), (6, 7), (7, 2), (2, 15)]}, padri: [14, 20, 22], figli: [16, 11, 18], mosse: [(4, 4, 14, 11, 20), (4, 4, 11, 12, 1), (4, 4, 11, 12, 1)]
16 -> costo: 107986.80000000002, rotte: {3: [(1, 10), (10, 9), (9, 6), (6, 17)], 2: [(1, 3), (3, 4), (4, 5), (5, 8), (8, 16)], 4: [(1, 14), (14, 11), (11, 12), (12, 13), (13, 6), (6, 7), (7, 2), (2, 15)]}, padri: [15, 17, 18], figli: [], mosse: [(4, 4, 12, 13, 2), (4, 4, 14, 11, 20), (4, 4, 11, 12, 1)]
17 -> costo: 108303.40000000002, rotte: {3: [(1, 10), (10, 9), (9, 6), (6, 17)], 2: [(1, 3), (3, 4), (4, 5), (5, 8), (8, 16)], 4: [(1, 11), (11, 14), (14, 12), (12, 13), (13, 6), (6, 7), (7, 2), (2, 15)]}, padri: [14], figli: [16, 18, 19], mosse: [(4, 4, 12, 13, 2)]
18 -> costo: 108155.00000000003, rotte: {3: [(1, 10), (10, 9), (9, 6), (6, 17)], 2: [(1, 3), (3, 4), (4, 5), (5, 8), (8, 16)], 4: [(1, 14), (14, 12), (12, 11), (11, 13), (13, 6), (6, 7), (7, 2), (2, 15)]}, padri: [17, 20, 21], figli: [16], mosse: [(4, 4, 12, 11, 20), (4, 4, 11, 13, 2), (4, 4, 11, 13, 2)]
19 -> costo: 108258.50000000003, rotte: {3: [(1, 10), (10, 9), (9, 6), (6, 17)], 2: [(1, 3), (3, 4), (4, 5), (5, 8), (8, 16)], 4: [(1, 11), (11, 12), (12, 13), (13, 14), (14, 6), (6, 7), (7, 2), (2, 15)]}, padri: [17], figli: [], mosse: [(4, 4, 13, 14, 3)]
20 -> costo: 108334.00000000003, rotte: {3: [(1, 10), (10, 9), (9, 6), (6, 17)], 2: [(1, 3), (3, 4), (4, 5), (5, 8), (8, 16)], 4: [(1, 13), (13, 14), (14, 12), (12, 11), (11, 6), (6, 7), (7, 2), (2, 15)]}, padri: [14], figli: [10, 18, 15, 21, 22], mosse: [(4, 4, 12, 11, 20)]
21 -> costo: 108261.50000000003, rotte: {3: [(1, 10), (10, 9), (9, 6), (6, 17)], 2: [(1, 3), (3, 4), (4, 5), (5, 8), (8, 16)], 4: [(1, 14), (14, 13), (13, 12), (12, 11), (11, 6), (6, 7), (7, 2), (2, 15)]}, padri: [20], figli: [10, 18], mosse: [(4, 4, 14, 13, 2)]
22 -> costo: 108306.40000000001, rotte: {3: [(1, 10), (10, 9), (9, 6), (6, 17)], 2: [(1, 3), (3, 4), (4, 5), (5, 8), (8, 16)], 4: [(1, 13), (13, 12), (12, 14), (14, 11), (11, 6), (6, 7), (7, 2), (2, 15)]}, padri: [20], figli: [10, 15], mosse: [(4, 4, 12, 14, 3)]
23 -> costo: 111156.6, rotte: {3: [(1, 10), (10, 9), (9, 6), (6, 17)], 2: [(1, 3), (3, 4), (4, 5), (5, 8), (8, 12), (12, 16)], 4: [(1, 13), (13, 11), (11, 14), (14, 6), (6, 7), (7, 2), (2, 15)]}, padri: [9], figli: [24], mosse: [(2, 2, 8, 12, 1)]
24 -> costo: 111108.2, rotte: {3: [(1, 10), (10, 9), (9, 6), (6, 17)], 2: [(1, 3), (3, 4), (4, 5), (5, 8), (8, 13), (13, 12), (12, 16)], 4: [(1, 11), (11, 14), (14, 6), (6, 7), (7, 2), (2, 15)]}, padri: [23], figli: [], mosse: [(2, 4, 8, 13, 2)]
25 -> costo: 113046.90000000002, rotte: {3: [(1, 10), (10, 9), (9, 6), (6, 12), (12, 17)], 2: [(1, 3), (3, 4), (4, 5), (5, 8), (8, 16)], 4: [(1, 13), (13, 11), (11, 14), (14, 6), (6, 7), (7, 2), (2, 15)]}, padri: [9], figli: [26, 28, 30, 34], mosse: [(3, 2, 6, 12, 1)]
26 -> costo: 111678.10000000002, rotte: {3: [(1, 10), (10, 6), (6, 9), (9, 12), (12, 17)], 2: [(1, 3), (3, 4), (4, 5), (5, 8), (8, 16)], 4: [(1, 13), (13, 11), (11, 14), (14, 6), (6, 7), (7, 2), (2, 15)]}, padri: [25, 29], figli: [27], mosse: [(3, 3, 6, 9, 18), (3, 3, 10, 6, 10)]
27 -> costo: 111629.70000000003, rotte: {3: [(1, 10), (10, 6), (6, 9), (9, 13), (13, 12), (12, 17)], 2: [(1, 3), (3, 4), (4, 5), (5, 8), (8, 16)], 4: [(1, 11), (11, 14), (14, 6), (6, 7), (7, 2), (2, 15)]}, padri: [26, 30, 34], figli: [], mosse: [(3, 4, 9, 13, 2), (3, 3, 10, 6, 10), (3, 3, 6, 9, 18)]
28 -> costo: 112582.00000000001, rotte: {3: [(1, 9), (9, 6), (6, 10), (10, 12), (12, 17)], 2: [(1, 3), (3, 4), (4, 5), (5, 8), (8, 16)], 4: [(1, 13), (13, 11), (11, 14), (14, 6), (6, 7), (7, 2), (2, 15)]}, padri: [25], figli: [29, 31, 32, 33], mosse: [(3, 3, 6, 10, 19)]
29 -> costo: 111963.00000000001, rotte: {3: [(1, 6), (6, 10), (10, 9), (9, 12), (12, 17)], 2: [(1, 3), (3, 4), (4, 5), (5, 8), (8, 16)], 4: [(1, 13), (13, 11), (11, 14), (14, 6), (6, 7), (7, 2), (2, 15)]}, padri: [28, 31], figli: [26, 30], mosse: [(3, 3, 10, 9, 18), (3, 3, 10, 9, 18)]
30 -> costo: 111914.60000000002, rotte: {3: [(1, 6), (6, 10), (10, 9), (9, 13), (13, 12), (12, 17)], 2: [(1, 3), (3, 4), (4, 5), (5, 8), (8, 16)], 4: [(1, 11), (11, 14), (14, 6), (6, 7), (7, 2), (2, 15)]}, padri: [29, 32, 33], figli: [27], mosse: [(3, 4, 9, 13, 2), (3, 3, 10, 9, 18), (3, 3, 10, 9, 18)]
31 -> costo: 112035.80000000002, rotte: {3: [(1, 6), (6, 9), (9, 10), (10, 12), (12, 17)], 2: [(1, 3), (3, 4), (4, 5), (5, 8), (8, 16)], 4: [(1, 13), (13, 11), (11, 14), (14, 6), (6, 7), (7, 2), (2, 15)]}, padri: [28], figli: [29, 32], mosse: [(3, 3, 6, 9, 18)]
32 -> costo: 111987.40000000001, rotte: {3: [(1, 6), (6, 9), (9, 10), (10, 13), (13, 12), (12, 17)], 2: [(1, 3), (3, 4), (4, 5), (5, 8), (8, 16)], 4: [(1, 11), (11, 14), (14, 6), (6, 7), (7, 2), (2, 15)]}, padri: [31, 33], figli: [30], mosse: [(3, 4, 10, 13, 2), (3, 3, 6, 9, 18)]
33 -> costo: 112533.60000000002, rotte: {3: [(1, 9), (9, 6), (6, 10), (10, 13), (13, 12), (12, 17)], 2: [(1, 3), (3, 4), (4, 5), (5, 8), (8, 16)], 4: [(1, 11), (11, 14), (14, 6), (6, 7), (7, 2), (2, 15)]}, padri: [28, 34], figli: [30, 32], mosse: [(3, 4, 10, 13, 2), (3, 3, 6, 10, 19)]
34 -> costo: 112998.50000000001, rotte: {3: [(1, 10), (10, 9), (9, 6), (6, 13), (13, 12), (12, 17)], 2: [(1, 3), (3, 4), (4, 5), (5, 8), (8, 16)], 4: [(1, 11), (11, 14), (14, 6), (6, 7), (7, 2), (2, 15)]}, padri: [25], figli: [27, 33], mosse: [(3, 4, 6, 13, 2)]
35 -> costo: 113420.60000000002, rotte: {3: [(1, 10), (10, 9), (9, 6), (6, 17)], 2: [(1, 3), (3, 4), (4, 5), (5, 8), (8, 16)], 4: [(1, 13), (13, 11), (11, 14), (14, 6), (6, 7), (7, 2), (2, 12), (12, 15)]}, padri: [9], figli: [36], mosse: [(4, 2, 2, 12, 1)]
36 -> costo: 113372.20000000003, rotte: {3: [(1, 10), (10, 9), (9, 6), (6, 17)], 2: [(1, 3), (3, 4), (4, 5), (5, 8), (8, 16)], 4: [(1, 11), (11, 14), (14, 6), (6, 7), (7, 2), (2, 13), (13, 12), (12, 15)]}, padri: [35], figli: [37], mosse: [(4, 4, 2, 13, 2)]
37 -> costo: 113223.80000000003, rotte: {3: [(1, 10), (10, 9), (9, 6), (6, 17)], 2: [(1, 3), (3, 4), (4, 5), (5, 8), (8, 16)], 4: [(1, 14), (14, 6), (6, 7), (7, 2), (2, 13), (13, 11), (11, 12), (12, 15)]}, padri: [36], figli: [38, 39, 40], mosse: [(4, 4, 13, 11, 20)]
38 -> costo: 104022.10000000002, rotte: {3: [(1, 10), (10, 9), (9, 6), (6, 17)], 2: [(1, 3), (3, 4), (4, 5), (5, 8), (8, 16)], 4: [(1, 6), (6, 7), (7, 2), (2, 13), (13, 14), (14, 11), (11, 12), (12, 15)]}, padri: [37, 39], figli: [], mosse: [(4, 4, 13, 14, 3), (4, 4, 13, 14, 3)]
39 -> costo: 104117.80000000002, rotte: {3: [(1, 10), (10, 9), (9, 6), (6, 17)], 2: [(1, 3), (3, 4), (4, 5), (5, 8), (8, 16)], 4: [(1, 6), (6, 7), (7, 2), (2, 14), (14, 13), (13, 11), (11, 12), (12, 15)]}, padri: [37], figli: [38, 40], mosse: [(4, 4, 2, 14, 3)]
40 -> costo: 104090.90000000001, rotte: {3: [(1, 10), (10, 9), (9, 6), (6, 17)], 2: [(1, 3), (3, 4), (4, 5), (5, 8), (8, 16)], 4: [(1, 6), (6, 7), (7, 2), (2, 14), (14, 11), (11, 13), (13, 12), (12, 15)]}, padri: [39], figli: [], mosse: [(4, 4, 11, 13, 2)]
bestSolutionIndice: 38
38 -> costo: 104022.10000000002, rotte: {3: [(1, 10), (10, 9), (9, 6), (6, 17)], 2: [(1, 3), (3, 4), (4, 5), (5, 8), (8, 16)], 4: [(1, 6), (6, 7), (7, 2), (2, 13), (13, 14), (14, 11), (11, 12), (12, 15)]}, padri: [37, 39], figli: [], mosse: [(4, 4, 13, 14, 3), (4, 4, 13, 14, 3)]
trasportoPalletDiGamma: {3: [(10, 19), (9, 18), (6, 10), (17, 6)], 2: [(3, 12), (4, 13), (5, 14), (8, 17), (16, 5)], 4: [(6, 5), (7, 16), (2, 11), (13, 2), (14, 3), (11, 20), (12, 1), (15, 4)]}
itMosseLS: 63, itMosseTS: 50
time elapsed: 1914.28s.


##########################################################################################
s: 1
dictSolutions[1]:
0 -> costo: 137089.1, rotte: {4: [(1, 3), (3, 14), (14, 13), (13, 4), (4, 11), (11, 8)], 3: [(1, 5), (5, 6), (6, 10), (10, 2), (2, 15), (15, 8)], 2: [(1, 12), (12, 17), (17, 16), (16, 9), (9, 7)]}, padri: [-1], figli: [1], mosse: [-1]
1 -> costo: 124994.9, rotte: {4: [(1, 3), (3, 14), (14, 13), (13, 4), (4, 11), (11, 8)], 3: [(1, 5), (5, 6), (6, 8), (8, 10), (10, 2), (2, 15)], 2: [(1, 12), (12, 17), (17, 16), (16, 9), (9, 7)]}, padri: [0], figli: [2], mosse: [(3, 3, 6, 8, 2)]
2 -> costo: 122480.79999999999, rotte: {4: [(1, 3), (3, 14), (14, 13), (13, 4), (4, 8), (8, 11)], 3: [(1, 5), (5, 6), (6, 8), (8, 10), (10, 2), (2, 15)], 2: [(1, 12), (12, 17), (17, 16), (16, 9), (9, 7)]}, padri: [1], figli: [3], mosse: [(4, 4, 11, 8)]
3 -> costo: 115358.1, rotte: {4: [(1, 3), (3, 14), (14, 11), (11, 13), (13, 4), (4, 8)], 3: [(1, 5), (5, 6), (6, 8), (8, 10), (10, 2), (2, 15)], 2: [(1, 12), (12, 17), (17, 16), (16, 9), (9, 7)]}, padri: [2], figli: [4], mosse: [(4, 4, 14, 11, 20)]
4 -> costo: 113721.2, rotte: {4: [(1, 3), (3, 14), (14, 11), (11, 13), (13, 4), (4, 8)], 3: [(1, 5), (5, 6), (6, 8), (8, 10), (10, 2), (2, 15)], 2: [(1, 12), (12, 17), (17, 16), (16, 7), (7, 9)]}, padri: [3], figli: [5], mosse: [(2, 2, 9, 7)]
5 -> costo: 109618.7, rotte: {4: [(1, 3), (3, 14), (14, 11), (11, 13), (13, 4), (4, 8)], 3: [(1, 5), (5, 6), (6, 8), (8, 10), (10, 2), (2, 15)], 2: [(1, 17), (17, 16), (16, 12), (12, 7), (7, 9)]}, padri: [4], figli: [6], mosse: [(2, 2, 16, 12, 1)]
6 -> costo: 109357.8, rotte: {4: [(1, 3), (3, 14), (14, 11), (11, 13), (13, 4), (4, 8)], 3: [(1, 5), (5, 6), (6, 8), (8, 10), (10, 2), (2, 15)], 2: [(1, 17), (17, 16), (16, 12), (12, 9), (9, 7)]}, padri: [5], figli: [7, 11, 13, 17], mosse: [(2, 2, 7, 9)]
7 -> costo: 106969.0, rotte: {4: [(1, 14), (14, 11), (11, 13), (13, 3), (3, 4), (4, 8)], 3: [(1, 5), (5, 6), (6, 8), (8, 10), (10, 2), (2, 15)], 2: [(1, 17), (17, 16), (16, 12), (12, 9), (9, 7)]}, padri: [6, 13], figli: [8, 9, 10], mosse: [(4, 4, 13, 3, 12), (4, 4, 3, 4, 13)]
8 -> costo: 106364.59999999999, rotte: {4: [(1, 14), (14, 11), (11, 13), (13, 3), (3, 4), (4, 8)], 3: [(1, 6), (6, 8), (8, 10), (10, 2), (2, 15)], 2: [(1, 17), (17, 16), (16, 12), (12, 9), (9, 7), (7, 5)]}, padri: [7, 9, 9, 9, 14], figli: [], mosse: [(2, 3, 7, 5, 14), (2, 2, 5, 7), (2, 2, 9, 7, 16), (2, 2, 7, 5, 14), (4, 4, 3, 4, 13)]
9 -> costo: 106699.7, rotte: {4: [(1, 14), (14, 11), (11, 13), (13, 3), (3, 4), (4, 8)], 3: [(1, 6), (6, 8), (8, 10), (10, 2), (2, 15)], 2: [(1, 17), (17, 16), (16, 12), (12, 9), (9, 5), (5, 7)]}, padri: [7, 15], figli: [8, 10, 8, 8], mosse: [(2, 3, 9, 5, 14), (4, 4, 3, 4, 13)]
10 -> costo: 105947.99999999999, rotte: {4: [(1, 14), (14, 11), (11, 13), (13, 3), (3, 4), (4, 8)], 3: [(1, 6), (6, 8), (8, 10), (10, 2), (2, 15)], 2: [(1, 17), (17, 16), (16, 12), (12, 5), (5, 7), (7, 9)]}, padri: [9, 16], figli: [], mosse: [(2, 2, 7, 9, 18), (4, 4, 3, 4, 13)]
11 -> costo: 106969.0, rotte: {4: [(1, 14), (14, 11), (11, 13), (13, 4), (4, 8)], 3: [(1, 5), (5, 6), (6, 8), (8, 10), (10, 2), (2, 15)], 2: [(1, 17), (17, 16), (16, 12), (12, 9), (9, 7), (7, 3)]}, padri: [6], figli: [12, 12, 12, 12, 12, 20, 20, 20, 20, 20], mosse: [(2, 4, 7, 3, 12)]
12 -> costo: 102633.09999999999, rotte: {4: [(1, 14), (14, 11), (11, 13), (13, 4), (4, 8)], 3: [(1, 5), (5, 6), (6, 10), (10, 2), (2, 15)], 2: [(1, 17), (17, 16), (16, 12), (12, 9), (9, 7), (7, 3)]}, padri: [11, 11, 11, 11, 11, 18, 18, 18, 18, 18, 19], figli: [], mosse: [(4, 3, 1, 8, 2), (4, 3, 14, 8, 2), (4, 3, 11, 8, 2), (4, 3, 13, 8, 2), (4, 3, 4, 8, 2), (4, 3, 1, 8, 2), (4, 3, 14, 8, 2), (4, 3, 11, 8, 2), (4, 3, 13, 8, 2), (4, 3, 4, 8, 2), (2, 2, 3, 7)]
13 -> costo: 107015.2, rotte: {4: [(1, 14), (14, 11), (11, 13), (13, 4), (4, 3), (3, 8)], 3: [(1, 5), (5, 6), (6, 8), (8, 10), (10, 2), (2, 15)], 2: [(1, 17), (17, 16), (16, 12), (12, 9), (9, 7)]}, padri: [6], figli: [14, 15, 16, 7], mosse: [(4, 4, 4, 3, 12)]
14 -> costo: 106410.8, rotte: {4: [(1, 14), (14, 11), (11, 13), (13, 4), (4, 3), (3, 8)], 3: [(1, 6), (6, 8), (8, 10), (10, 2), (2, 15)], 2: [(1, 17), (17, 16), (16, 12), (12, 9), (9, 7), (7, 5)]}, padri: [13, 15, 15, 15], figli: [8], mosse: [(2, 3, 7, 5, 14), (2, 2, 5, 7), (2, 2, 9, 7, 16), (2, 2, 7, 5, 14)]
15 -> costo: 106745.90000000001, rotte: {4: [(1, 14), (14, 11), (11, 13), (13, 4), (4, 3), (3, 8)], 3: [(1, 6), (6, 8), (8, 10), (10, 2), (2, 15)], 2: [(1, 17), (17, 16), (16, 12), (12, 9), (9, 5), (5, 7)]}, padri: [13], figli: [14, 16, 14, 14, 9], mosse: [(2, 3, 9, 5, 14)]
16 -> costo: 105994.2, rotte: {4: [(1, 14), (14, 11), (11, 13), (13, 4), (4, 3), (3, 8)], 3: [(1, 6), (6, 8), (8, 10), (10, 2), (2, 15)], 2: [(1, 17), (17, 16), (16, 12), (12, 5), (5, 7), (7, 9)]}, padri: [15], figli: [10], mosse: [(2, 2, 7, 9, 18)]
17 -> costo: 107335.2, rotte: {4: [(1, 14), (14, 11), (11, 13), (13, 4), (4, 8)], 3: [(1, 5), (5, 6), (6, 8), (8, 10), (10, 2), (2, 15)], 2: [(1, 17), (17, 16), (16, 12), (12, 9), (9, 3), (3, 7)]}, padri: [6], figli: [18, 19], mosse: [(2, 4, 9, 3, 12)]
18 -> costo: 106969.0, rotte: {4: [(1, 14), (14, 11), (11, 13), (13, 4), (4, 8)], 3: [(1, 5), (5, 6), (6, 8), (8, 10), (10, 2), (2, 15)], 2: [(1, 17), (17, 16), (16, 12), (12, 9), (9, 7), (7, 3)]}, padri: [17], figli: [12, 12, 12, 12, 12, 20, 20, 20, 20, 20], mosse: [(2, 2, 3, 7)]
19 -> costo: 102999.29999999999, rotte: {4: [(1, 14), (14, 11), (11, 13), (13, 4), (4, 8)], 3: [(1, 5), (5, 6), (6, 10), (10, 2), (2, 15)], 2: [(1, 17), (17, 16), (16, 12), (12, 9), (9, 3), (3, 7)]}, padri: [17], figli: [12, 20], mosse: [(4, 3, 1, 8, 2)]
20 -> costo: 101792.4, rotte: {4: [(1, 14), (14, 11), (11, 13), (13, 4), (4, 8)], 3: [(1, 5), (5, 6), (6, 10), (10, 2), (2, 15)], 2: [(1, 17), (17, 16), (16, 12), (12, 3), (3, 7), (7, 9)]}, padri: [19], figli: [], mosse: [(2, 2, 7, 9, 18)]
bestSolutionIndice: 20
20 -> costo: 101792.4, rotte: {4: [(1, 14), (14, 11), (11, 13), (13, 4), (4, 8)], 3: [(1, 5), (5, 6), (6, 10), (10, 2), (2, 15)], 2: [(1, 17), (17, 16), (16, 12), (12, 3), (3, 7), (7, 9)]}, padri: [19], figli: [], mosse: [(2, 2, 7, 9, 18)]
trasportoPalletDiGamma: {4: [(14, 3), (11, 20), (13, 2), (4, 13), (8, 17)], 3: [(5, 14), (6, 15), (10, 19), (2, 11), (15, 4)], 2: [(17, 6), (16, 5), (12, 1), (3, 12), (7, 16), (9, 18)]}
itMosseLS: 40, itMosseTS: 33
time elapsed: 613.00s.


##########################################################################################
##########################################################################################
##########################################################################################
##########################################################################################
##########################################################################################
##########################################################################################
##########################################################################################
