itNSIMax: 10, itMosseTSMax: 30.
##########################################################################################
s: 1
dictSolutions[1]:
0 -> costo: 148095.69999999998, rotte: {3: [(1, 15), (15, 5), (5, 9), (9, 14), (14, 3), (3, 16), (16, 13), (13, 2), (2, 11)], 2: [(1, 7), (7, 18), (18, 6), (6, 10), (10, 4), (4, 17), (17, 8), (8, 12)]}, padri: [-1], figli: [1], mosse: [-1]
1 -> costo: 128453.99999999999, rotte: {3: [(1, 5), (5, 9), (9, 14), (14, 3), (3, 16), (16, 13), (13, 2), (2, 11)], 2: [(1, 7), (7, 18), (18, 6), (6, 10), (10, 4), (4, 17), (17, 15), (15, 8), (8, 12)]}, padri: [0], figli: [2], mosse: [(2, 3, 17, 15, 4)]
2 -> costo: 122038.39999999998, rotte: {3: [(1, 5), (5, 9), (9, 14), (14, 3), (3, 16), (16, 13), (13, 11), (11, 2)], 2: [(1, 7), (7, 18), (18, 6), (6, 10), (10, 4), (4, 17), (17, 15), (15, 8), (8, 12)]}, padri: [1], figli: [3], mosse: [(3, 3, 2, 11)]
3 -> costo: 112655.49999999999, rotte: {3: [(1, 5), (5, 9), (9, 3), (3, 16), (16, 13), (13, 11), (11, 14), (14, 2)], 2: [(1, 7), (7, 18), (18, 6), (6, 10), (10, 4), (4, 17), (17, 15), (15, 8), (8, 12)]}, padri: [2], figli: [4], mosse: [(3, 3, 11, 14, 3)]
4 -> costo: 108644.4, rotte: {3: [(1, 5), (5, 9), (9, 3), (3, 16), (16, 13), (13, 11), (11, 14), (14, 2)], 2: [(1, 7), (7, 18), (18, 6), (6, 10), (10, 4), (4, 17), (17, 15), (15, 12), (12, 8)]}, padri: [3], figli: [5], mosse: [(2, 2, 8, 12)]
5 -> costo: 101574.9, rotte: {3: [(1, 5), (5, 9), (9, 3), (3, 13), (13, 11), (11, 14), (14, 2), (2, 16)], 2: [(1, 7), (7, 18), (18, 6), (6, 10), (10, 4), (4, 17), (17, 15), (15, 12), (12, 8)]}, padri: [4], figli: [6], mosse: [(3, 3, 2, 16, 5)]
6 -> costo: 100390.3, rotte: {3: [(1, 5), (5, 9), (9, 3), (3, 13), (13, 11), (11, 14), (14, 2), (2, 16)], 2: [(1, 18), (18, 7), (7, 6), (6, 10), (10, 4), (4, 17), (17, 15), (15, 12), (12, 8)]}, padri: [5], figli: [7], mosse: [(2, 2, 7, 18)]
7 -> costo: 97787.49999999999, rotte: {3: [(1, 5), (5, 9), (9, 3), (3, 13), (13, 11), (11, 14), (14, 2), (2, 16)], 2: [(1, 18), (18, 8), (8, 7), (7, 6), (6, 10), (10, 4), (4, 17), (17, 15), (15, 12)]}, padri: [6], figli: [8], mosse: [(2, 2, 18, 8, 17)]
8 -> costo: 89781.39999999998, rotte: {3: [(1, 5), (5, 9), (9, 3), (3, 13), (13, 11), (11, 14), (14, 2), (2, 16)], 2: [(1, 18), (18, 8), (8, 7), (7, 6), (6, 10), (10, 4), (4, 12), (12, 17), (17, 15)]}, padri: [7], figli: [9], mosse: [(2, 2, 4, 12, 1)]
9 -> costo: 87313.09999999999, rotte: {3: [(1, 5), (5, 9), (9, 13), (13, 11), (11, 14), (14, 3), (3, 2), (2, 16)], 2: [(1, 18), (18, 8), (8, 7), (7, 6), (6, 10), (10, 4), (4, 12), (12, 17), (17, 15)]}, padri: [8], figli: [10, 13], mosse: [(3, 3, 14, 3, 12)]
10 -> costo: 86152.8, rotte: {3: [(1, 5), (5, 9), (9, 13), (13, 11), (11, 14), (14, 3), (3, 2), (2, 16)], 2: [(1, 18), (18, 8), (8, 7), (7, 6), (6, 4), (4, 10), (10, 12), (12, 17), (17, 15)]}, padri: [9], figli: [11, 14], mosse: [(2, 2, 4, 10, 19)]
11 -> costo: 86152.7, rotte: {3: [(1, 5), (5, 18), (18, 9), (9, 13), (13, 11), (11, 14), (14, 3), (3, 2), (2, 16)], 2: [(1, 8), (8, 7), (7, 6), (6, 4), (4, 10), (10, 12), (12, 17), (17, 15)]}, padri: [10, 13], figli: [12], mosse: [(3, 2, 5, 18, 5), (2, 2, 4, 10, 19)]
12 -> costo: 86078.90000000001, rotte: {3: [(1, 5), (5, 18), (18, 9), (9, 13), (13, 11), (11, 14), (14, 3), (3, 2), (2, 16)], 2: [(1, 7), (7, 6), (6, 4), (4, 10), (10, 8), (8, 12), (12, 17), (17, 15)]}, padri: [11, 14], figli: [], mosse: [(2, 2, 10, 8, 17), (2, 2, 4, 10, 19)]
13 -> costo: 87313.0, rotte: {3: [(1, 5), (5, 18), (18, 9), (9, 13), (13, 11), (11, 14), (14, 3), (3, 2), (2, 16)], 2: [(1, 8), (8, 7), (7, 6), (6, 10), (10, 4), (4, 12), (12, 17), (17, 15)]}, padri: [9], figli: [11, 14, 23, 24], mosse: [(3, 2, 5, 18, 5)]
14 -> costo: 86761.40000000001, rotte: {3: [(1, 5), (5, 18), (18, 9), (9, 13), (13, 11), (11, 14), (14, 3), (3, 2), (2, 16)], 2: [(1, 7), (7, 6), (6, 10), (10, 4), (4, 8), (8, 12), (12, 17), (17, 15)]}, padri: [13, 23], figli: [15, 12], mosse: [(2, 2, 4, 8, 17), (2, 2, 4, 8, 17)]
15 -> costo: 85617.7, rotte: {3: [(1, 5), (5, 18), (18, 9), (9, 13), (13, 11), (11, 14), (14, 3), (3, 2), (2, 16)], 2: [(1, 6), (6, 10), (10, 4), (4, 7), (7, 8), (8, 12), (12, 17), (17, 15)]}, padri: [14], figli: [16, 18, 19, 22], mosse: [(2, 2, 4, 7, 16)]
16 -> costo: 84167.7, rotte: {3: [(1, 5), (5, 18), (18, 9), (9, 13), (13, 11), (11, 14), (14, 3), (3, 2), (2, 16)], 2: [(1, 10), (10, 4), (4, 7), (7, 6), (6, 8), (8, 12), (12, 17), (17, 15)]}, padri: [15, 18, 22], figli: [17], mosse: [(2, 2, 7, 6, 15), (2, 2, 7, 6, 15), (2, 2, 7, 6, 15)]
17 -> costo: 84141.3, rotte: {3: [(1, 5), (5, 18), (18, 9), (9, 13), (13, 11), (11, 14), (14, 3), (3, 2), (2, 16)], 2: [(1, 4), (4, 7), (7, 6), (6, 10), (10, 8), (8, 12), (12, 17), (17, 15)]}, padri: [16], figli: [], mosse: [(2, 2, 6, 10, 19)]
18 -> costo: 85251.00000000001, rotte: {3: [(1, 5), (5, 18), (18, 9), (9, 13), (13, 11), (11, 14), (14, 3), (3, 2), (2, 16)], 2: [(1, 10), (10, 4), (4, 6), (6, 7), (7, 8), (8, 12), (12, 17), (17, 15)]}, padri: [15, 22, 22], figli: [16, 19, 21], mosse: [(2, 2, 4, 6, 15), (2, 2, 6, 4), (2, 2, 4, 6, 15)]
19 -> costo: 84955.70000000001, rotte: {3: [(1, 5), (5, 18), (18, 9), (9, 13), (13, 11), (11, 14), (14, 3), (3, 2), (2, 16)], 2: [(1, 10), (10, 6), (6, 7), (7, 4), (4, 8), (8, 12), (12, 17), (17, 15)]}, padri: [18, 21, 22], figli: [20, 26, 28], mosse: [(2, 2, 7, 4, 13), (2, 2, 7, 4, 13), (2, 2, 7, 4, 13)]
20 -> costo: 84476.6, rotte: {3: [(1, 5), (5, 18), (18, 9), (9, 13), (13, 11), (11, 14), (14, 3), (3, 2), (2, 16)], 2: [(1, 6), (6, 7), (7, 4), (4, 10), (10, 8), (8, 12), (12, 17), (17, 15)]}, padri: [19, 25, 26, 27, 28], figli: [], mosse: [(2, 2, 4, 10, 19), (2, 2, 10, 8, 17), (2, 2, 10, 8, 17), (2, 2, 10, 8, 17), (2, 2, 10, 8, 17)]
21 -> costo: 85147.6, rotte: {3: [(1, 5), (5, 18), (18, 9), (9, 13), (13, 11), (11, 14), (14, 3), (3, 2), (2, 16)], 2: [(1, 4), (4, 10), (10, 6), (6, 7), (7, 8), (8, 12), (12, 17), (17, 15)]}, padri: [18], figli: [19], mosse: [(2, 2, 4, 10, 19)]
22 -> costo: 85414.30000000002, rotte: {3: [(1, 5), (5, 18), (18, 9), (9, 13), (13, 11), (11, 14), (14, 3), (3, 2), (2, 16)], 2: [(1, 10), (10, 6), (6, 4), (4, 7), (7, 8), (8, 12), (12, 17), (17, 15)]}, padri: [15], figli: [18, 16, 19, 18], mosse: [(2, 2, 10, 6, 15)]
23 -> costo: 87312.0, rotte: {3: [(1, 5), (5, 18), (18, 9), (9, 13), (13, 11), (11, 14), (14, 3), (3, 2), (2, 16)], 2: [(1, 7), (7, 6), (6, 8), (8, 10), (10, 4), (4, 12), (12, 17), (17, 15)]}, padri: [13], figli: [14, 24], mosse: [(2, 2, 6, 8, 17)]
24 -> costo: 86773.5, rotte: {3: [(1, 5), (5, 18), (18, 9), (9, 13), (13, 11), (11, 14), (14, 3), (3, 2), (2, 16)], 2: [(1, 6), (6, 7), (7, 8), (8, 10), (10, 4), (4, 12), (12, 17), (17, 15)]}, padri: [23], figli: [25], mosse: [(2, 2, 6, 7, 16)]
25 -> costo: 86300.2, rotte: {3: [(1, 5), (5, 18), (18, 9), (9, 13), (13, 11), (11, 14), (14, 3), (3, 2), (2, 16)], 2: [(1, 6), (6, 7), (7, 8), (8, 4), (4, 10), (10, 12), (12, 17), (17, 15)]}, padri: [24], figli: [20, 26, 27, 28], mosse: [(2, 2, 4, 10, 19)]
26 -> costo: 85313.4, rotte: {3: [(1, 5), (5, 18), (18, 9), (9, 13), (13, 11), (11, 14), (14, 3), (3, 2), (2, 16)], 2: [(1, 6), (6, 7), (7, 4), (4, 8), (8, 10), (10, 12), (12, 17), (17, 15)]}, padri: [25, 27], figli: [20, 28], mosse: [(2, 2, 4, 8, 17), (2, 2, 4, 8, 17)]
27 -> costo: 85707.8, rotte: {3: [(1, 5), (5, 18), (18, 9), (9, 13), (13, 11), (11, 14), (14, 3), (3, 2), (2, 16)], 2: [(1, 6), (6, 8), (8, 7), (7, 4), (4, 10), (10, 12), (12, 17), (17, 15)]}, padri: [25], figli: [20, 28, 26], mosse: [(2, 2, 8, 7, 16)]
28 -> costo: 85095.6, rotte: {3: [(1, 5), (5, 18), (18, 9), (9, 13), (13, 11), (11, 14), (14, 3), (3, 2), (2, 16)], 2: [(1, 8), (8, 6), (6, 7), (7, 4), (4, 10), (10, 12), (12, 17), (17, 15)]}, padri: [27], figli: [20], mosse: [(2, 2, 8, 6, 15)]
bestSolutionIndice: 17
17 -> costo: 84141.3, rotte: {3: [(1, 5), (5, 18), (18, 9), (9, 13), (13, 11), (11, 14), (14, 3), (3, 2), (2, 16)], 2: [(1, 4), (4, 7), (7, 6), (6, 10), (10, 8), (8, 12), (12, 17), (17, 15)]}, padri: [16], figli: [], mosse: [(2, 2, 6, 10, 19)]
trasportoPalletDiGamma: {3: [(5, 14), (18, 5), (9, 18), (13, 2), (11, 20), (14, 3), (3, 12), (2, 11), (16, 5)], 2: [(4, 13), (7, 16), (6, 15), (10, 19), (8, 17), (12, 1), (17, 6), (15, 4)]}
itMosseLS: 42, itMosseTS: 30
time elapsed: 482.44s.


##########################################################################################
s: 1
dictSolutions[1]:
0 -> costo: 150480.7, rotte: {2: [(1, 16), (16, 9), (9, 10), (10, 6), (6, 17), (17, 5), (5, 2), (2, 13), (13, 3)], 3: [(1, 12), (12, 8), (8, 11), (11, 15), (15, 14), (14, 7), (7, 18), (18, 4), (4, 3)]}, padri: [-1], figli: [1], mosse: [-1]
1 -> costo: 130225.30000000002, rotte: {2: [(1, 9), (9, 10), (10, 6), (6, 16), (16, 17), (17, 5), (5, 2), (2, 13), (13, 3)], 3: [(1, 12), (12, 8), (8, 11), (11, 15), (15, 14), (14, 7), (7, 18), (18, 4), (4, 3)]}, padri: [0], figli: [2], mosse: [(2, 2, 6, 16, 5)]
2 -> costo: 124983.40000000002, rotte: {2: [(1, 9), (9, 10), (10, 6), (6, 16), (16, 17), (17, 5), (5, 2), (2, 3), (3, 13)], 3: [(1, 12), (12, 8), (8, 11), (11, 15), (15, 14), (14, 7), (7, 18), (18, 4), (4, 3)]}, padri: [1], figli: [3], mosse: [(2, 2, 13, 3)]
3 -> costo: 112419.80000000002, rotte: {2: [(1, 9), (9, 10), (10, 6), (6, 16), (16, 17), (17, 5), (5, 2), (2, 3), (3, 13)], 3: [(1, 12), (12, 8), (8, 11), (11, 14), (14, 7), (7, 18), (18, 4), (4, 3), (3, 15)]}, padri: [2], figli: [4], mosse: [(3, 3, 3, 15, 4)]
4 -> costo: 110015.20000000001, rotte: {2: [(1, 9), (9, 10), (10, 6), (6, 16), (16, 17), (17, 5), (5, 2), (2, 3), (3, 13)], 3: [(1, 12), (12, 8), (8, 11), (11, 14), (14, 18), (18, 7), (7, 4), (4, 3), (3, 15)]}, padri: [3], figli: [5], mosse: [(3, 3, 7, 18)]
5 -> costo: 99501.00000000001, rotte: {2: [(1, 9), (9, 10), (10, 6), (6, 16), (16, 17), (17, 5), (5, 2), (2, 3), (3, 13)], 3: [(1, 12), (12, 11), (11, 14), (14, 8), (8, 18), (18, 7), (7, 4), (4, 3), (3, 15)]}, padri: [4], figli: [6], mosse: [(3, 3, 14, 8, 17)]
6 -> costo: 99264.90000000002, rotte: {2: [(1, 9), (9, 10), (10, 6), (6, 16), (16, 17), (17, 5), (5, 2), (2, 3), (3, 13)], 3: [(1, 12), (12, 11), (11, 14), (14, 8), (8, 18), (18, 4), (4, 7), (7, 3), (3, 15)]}, padri: [5], figli: [7], mosse: [(3, 3, 7, 4)]
7 -> costo: 94097.90000000001, rotte: {2: [(1, 10), (10, 6), (6, 16), (16, 17), (17, 5), (5, 2), (2, 3), (3, 13)], 3: [(1, 12), (12, 11), (11, 14), (14, 9), (9, 8), (8, 18), (18, 4), (4, 7), (7, 3), (3, 15)]}, padri: [6], figli: [8], mosse: [(3, 2, 14, 9, 18)]
8 -> costo: 92733.00000000001, rotte: {2: [(1, 10), (10, 6), (6, 13), (13, 16), (16, 17), (17, 5), (5, 2), (2, 3)], 3: [(1, 12), (12, 11), (11, 14), (14, 9), (9, 8), (8, 18), (18, 4), (4, 7), (7, 3), (3, 15)]}, padri: [7], figli: [9], mosse: [(2, 2, 6, 13, 2)]
9 -> costo: 92591.50000000001, rotte: {2: [(1, 10), (10, 6), (6, 13), (13, 16), (16, 17), (17, 5), (5, 3), (3, 2)], 3: [(1, 12), (12, 11), (11, 14), (14, 9), (9, 8), (8, 18), (18, 4), (4, 7), (7, 3), (3, 15)]}, padri: [8], figli: [10], mosse: [(2, 2, 2, 3)]
10 -> costo: 91076.00000000001, rotte: {2: [(1, 10), (10, 13), (13, 16), (16, 17), (17, 6), (6, 5), (5, 3), (3, 2)], 3: [(1, 12), (12, 11), (11, 14), (14, 9), (9, 8), (8, 18), (18, 4), (4, 7), (7, 3), (3, 15)]}, padri: [9], figli: [11, 19, 21, 22], mosse: [(2, 2, 17, 6, 15)]
11 -> costo: 89898.70000000001, rotte: {2: [(1, 13), (13, 16), (16, 17), (17, 10), (10, 6), (6, 5), (5, 3), (3, 2)], 3: [(1, 12), (12, 11), (11, 14), (14, 9), (9, 8), (8, 18), (18, 4), (4, 7), (7, 3), (3, 15)]}, padri: [10, 19], figli: [12, 14, 15, 17, 18, 25], mosse: [(2, 2, 17, 10, 19), (2, 2, 17, 10, 19)]
12 -> costo: 84989.30000000002, rotte: {2: [(1, 16), (16, 17), (17, 13), (13, 10), (10, 6), (6, 5), (5, 3), (3, 2)], 3: [(1, 12), (12, 11), (11, 14), (14, 9), (9, 8), (8, 18), (18, 4), (4, 7), (7, 3), (3, 15)]}, padri: [11, 14, 16, 24, 24, 24], figli: [13], mosse: [(2, 2, 17, 13, 2), (2, 2, 17, 13, 2), (2, 2, 13, 10, 19), (2, 2, 2, 3), (2, 2, 5, 3, 10), (2, 2, 3, 2, 11)]
13 -> costo: 84779.20000000001, rotte: {2: [(1, 16), (16, 17), (17, 12), (12, 13), (13, 10), (10, 6), (6, 5), (5, 3), (3, 2)], 3: [(1, 11), (11, 14), (14, 9), (9, 8), (8, 18), (18, 4), (4, 7), (7, 3), (3, 15)]}, padri: [12, 17, 25, 25, 25], figli: [], mosse: [(2, 3, 17, 12, 1), (2, 2, 13, 10, 19), (2, 2, 2, 3), (2, 2, 5, 3, 10), (2, 2, 3, 2, 11)]
14 -> costo: 87256.50000000001, rotte: {2: [(1, 16), (16, 17), (17, 10), (10, 6), (6, 5), (5, 3), (3, 2), (2, 13)], 3: [(1, 12), (12, 11), (11, 14), (14, 9), (9, 8), (8, 18), (18, 4), (4, 7), (7, 3), (3, 15)]}, padri: [11], figli: [12, 15, 17, 20, 25], mosse: [(2, 2, 2, 13, 2)]
15 -> costo: 86506.30000000002, rotte: {2: [(1, 16), (16, 17), (17, 6), (6, 5), (5, 3), (3, 2), (2, 10), (10, 13)], 3: [(1, 12), (12, 11), (11, 14), (14, 9), (9, 8), (8, 18), (18, 4), (4, 7), (7, 3), (3, 15)]}, padri: [14, 19], figli: [16, 23], mosse: [(2, 2, 2, 10, 19), (2, 2, 10, 13, 2)]
16 -> costo: 85949.80000000002, rotte: {2: [(1, 16), (16, 17), (17, 13), (13, 6), (6, 5), (5, 3), (3, 2), (2, 10)], 3: [(1, 12), (12, 11), (11, 14), (14, 9), (9, 8), (8, 18), (18, 4), (4, 7), (7, 3), (3, 15)]}, padri: [15, 19, 22, 22, 22], figli: [12, 17, 25], mosse: [(2, 2, 17, 13, 2), (2, 2, 17, 13, 2), (2, 2, 10, 2), (2, 2, 3, 2, 11), (2, 2, 2, 10, 19)]
17 -> costo: 85739.70000000001, rotte: {2: [(1, 16), (16, 17), (17, 12), (12, 13), (13, 6), (6, 5), (5, 3), (3, 2), (2, 10)], 3: [(1, 11), (11, 14), (14, 9), (9, 8), (8, 18), (18, 4), (4, 7), (7, 3), (3, 15)]}, padri: [16, 26], figli: [13], mosse: [(2, 3, 17, 12, 1), (2, 2, 3, 2, 11)]
18 -> costo: 89687.90000000001, rotte: {2: [(1, 13), (13, 12), (12, 16), (16, 17), (17, 10), (10, 6), (6, 5), (5, 3), (3, 2)], 3: [(1, 11), (11, 14), (14, 9), (9, 8), (8, 18), (18, 4), (4, 7), (7, 3), (3, 15)]}, padri: [11, 20], figli: [], mosse: [(2, 3, 13, 12, 1), (2, 2, 17, 10, 19)]
19 -> costo: 90056.70000000001, rotte: {2: [(1, 13), (13, 16), (16, 17), (17, 6), (6, 5), (5, 3), (3, 2), (2, 10)], 3: [(1, 12), (12, 11), (11, 14), (14, 9), (9, 8), (8, 18), (18, 4), (4, 7), (7, 3), (3, 15)]}, padri: [10, 21], figli: [16, 15, 20, 11, 23], mosse: [(2, 2, 2, 10, 19), (2, 2, 10, 2)]
20 -> costo: 89845.90000000001, rotte: {2: [(1, 13), (13, 12), (12, 16), (16, 17), (17, 6), (6, 5), (5, 3), (3, 2), (2, 10)], 3: [(1, 11), (11, 14), (14, 9), (9, 8), (8, 18), (18, 4), (4, 7), (7, 3), (3, 15)]}, padri: [19], figli: [18], mosse: [(2, 3, 13, 12, 1)]
21 -> costo: 90733.80000000002, rotte: {2: [(1, 13), (13, 16), (16, 17), (17, 6), (6, 5), (5, 3), (3, 10), (10, 2)], 3: [(1, 12), (12, 11), (11, 14), (14, 9), (9, 8), (8, 18), (18, 4), (4, 7), (7, 3), (3, 15)]}, padri: [10], figli: [19, 22], mosse: [(2, 2, 3, 10, 19)]
22 -> costo: 86626.90000000001, rotte: {2: [(1, 16), (16, 17), (17, 13), (13, 6), (6, 5), (5, 3), (3, 10), (10, 2)], 3: [(1, 12), (12, 11), (11, 14), (14, 9), (9, 8), (8, 18), (18, 4), (4, 7), (7, 3), (3, 15)]}, padri: [21], figli: [16, 16, 16, 23, 23, 23], mosse: [(2, 2, 17, 13, 2)]
23 -> costo: 86020.60000000002, rotte: {2: [(1, 16), (16, 17), (17, 13), (13, 6), (6, 5), (5, 2), (2, 3), (3, 10)], 3: [(1, 12), (12, 11), (11, 14), (14, 9), (9, 8), (8, 18), (18, 4), (4, 7), (7, 3), (3, 15)]}, padri: [22], figli: [24, 26], mosse: [(2, 2, 5, 2, 11)]
24 -> costo: 85130.80000000002, rotte: {2: [(1, 16), (16, 17), (17, 13), (13, 10), (10, 6), (6, 5), (5, 2), (2, 3)], 3: [(1, 12), (12, 11), (11, 14), (14, 9), (9, 8), (8, 18), (18, 4), (4, 7), (7, 3), (3, 15)]}, padri: [23], figli: [12, 25, 12, 12], mosse: [(2, 2, 13, 10, 19)]
25 -> costo: 84920.70000000001, rotte: {2: [(1, 16), (16, 17), (17, 12), (12, 13), (13, 10), (10, 6), (6, 5), (5, 2), (2, 3)], 3: [(1, 11), (11, 14), (14, 9), (9, 8), (8, 18), (18, 4), (4, 7), (7, 3), (3, 15)]}, padri: [24, 26], figli: [13, 13, 13], mosse: [(2, 3, 17, 12, 1), (2, 2, 13, 10, 19)]
26 -> costo: 85810.50000000001, rotte: {2: [(1, 16), (16, 17), (17, 12), (12, 13), (13, 6), (6, 5), (5, 2), (2, 3), (3, 10)], 3: [(1, 11), (11, 14), (14, 9), (9, 8), (8, 18), (18, 4), (4, 7), (7, 3), (3, 15)]}, padri: [23], figli: [25, 17], mosse: [(2, 3, 17, 12, 1)]
bestSolutionIndice: 13
13 -> costo: 84779.20000000001, rotte: {2: [(1, 16), (16, 17), (17, 12), (12, 13), (13, 10), (10, 6), (6, 5), (5, 3), (3, 2)], 3: [(1, 11), (11, 14), (14, 9), (9, 8), (8, 18), (18, 4), (4, 7), (7, 3), (3, 15)]}, padri: [12, 17, 25, 25, 25], figli: [], mosse: [(2, 3, 17, 12, 1), (2, 2, 13, 10, 19), (2, 2, 2, 3), (2, 2, 5, 3, 10), (2, 2, 3, 2, 11)]
trasportoPalletDiGamma: {2: [(16, 5), (17, 6), (12, 1), (13, 2), (10, 19), (6, 15), (5, 14), (3, 10), (2, 11)], 3: [(11, 20), (14, 3), (9, 18), (8, 17), (18, 5), (4, 13), (7, 16), (3, 2), (15, 4)]}
itMosseLS: 45, itMosseTS: 30
time elapsed: 374.72s.


##########################################################################################
s: 1
dictSolutions[1]:
0 -> costo: 131296.8, rotte: {3: [(1, 3), (3, 4), (4, 12), (12, 11), (11, 6), (6, 10), (10, 14), (14, 18), (18, 2)], 2: [(1, 13), (13, 8), (8, 17), (17, 5), (5, 9), (9, 16), (16, 15), (15, 7)]}, padri: [-1], figli: [1], mosse: [-1]
1 -> costo: 104738.90000000001, rotte: {3: [(1, 3), (3, 4), (4, 12), (12, 11), (11, 6), (6, 10), (10, 14), (14, 18), (18, 2)], 2: [(1, 13), (13, 8), (8, 5), (5, 9), (9, 16), (16, 17), (17, 15), (15, 7)]}, padri: [0], figli: [2], mosse: [(2, 2, 16, 17, 6)]
2 -> costo: 89439.50000000001, rotte: {3: [(1, 3), (3, 4), (4, 12), (12, 11), (11, 6), (6, 10), (10, 14), (14, 18), (18, 2)], 2: [(1, 13), (13, 8), (8, 5), (5, 7), (7, 9), (9, 16), (16, 17), (17, 15)]}, padri: [1], figli: [3], mosse: [(2, 2, 5, 7, 16)]
3 -> costo: 85314.8, rotte: {3: [(1, 3), (3, 4), (4, 12), (12, 11), (11, 6), (6, 10), (10, 18), (18, 2), (2, 14)], 2: [(1, 13), (13, 8), (8, 5), (5, 7), (7, 9), (9, 16), (16, 17), (17, 15)]}, padri: [2], figli: [4], mosse: [(3, 3, 2, 14, 3)]
4 -> costo: 79189.80000000002, rotte: {3: [(1, 3), (3, 4), (4, 12), (12, 11), (11, 14), (14, 6), (6, 10), (10, 18), (18, 2)], 2: [(1, 13), (13, 8), (8, 5), (5, 7), (7, 9), (9, 16), (16, 17), (17, 15)]}, padri: [3], figli: [5], mosse: [(3, 3, 11, 14, 3)]
5 -> costo: 75106.8, rotte: {3: [(1, 3), (3, 4), (4, 12), (12, 11), (11, 14), (14, 6), (6, 10), (10, 18), (18, 2)], 2: [(1, 8), (8, 5), (5, 7), (7, 9), (9, 13), (13, 16), (16, 17), (17, 15)]}, padri: [4], figli: [6], mosse: [(2, 2, 9, 13, 2)]
6 -> costo: 69534.00000000001, rotte: {3: [(1, 3), (3, 4), (4, 12), (12, 11), (11, 14), (14, 6), (6, 10), (10, 18), (18, 2)], 2: [(1, 5), (5, 7), (7, 8), (8, 9), (9, 13), (13, 16), (16, 17), (17, 15)]}, padri: [5], figli: [7], mosse: [(2, 2, 7, 8, 17)]
7 -> costo: 67710.90000000001, rotte: {3: [(1, 3), (3, 4), (4, 12), (12, 11), (11, 14), (14, 10), (10, 18), (18, 6), (6, 2)], 2: [(1, 5), (5, 7), (7, 8), (8, 9), (9, 13), (13, 16), (16, 17), (17, 15)]}, padri: [6], figli: [8, 16, 18, 19, 22], mosse: [(3, 3, 18, 6, 15)]
8 -> costo: 66734.40000000001, rotte: {3: [(1, 2), (2, 3), (3, 4), (4, 12), (12, 11), (11, 14), (14, 10), (10, 18), (18, 6)], 2: [(1, 5), (5, 7), (7, 8), (8, 9), (9, 13), (13, 16), (16, 17), (17, 15)]}, padri: [7, 18, 19], figli: [9, 10, 14, 23, 24, 25, 26, 27, 28, 29, 30, 31, 32], mosse: [(3, 3, 1, 2, 11), (3, 3, 2, 3, 12), (3, 2, 2, 3, 12)]
9 -> costo: 66721.5, rotte: {3: [(1, 3), (3, 4), (4, 12), (12, 11), (11, 14), (14, 10), (10, 18), (18, 6)], 2: [(1, 2), (2, 5), (5, 7), (7, 8), (8, 9), (9, 13), (13, 16), (16, 17), (17, 15)]}, padri: [8], figli: [], mosse: [(2, 3, 1, 2, 11)]
10 -> costo: 66728.20000000001, rotte: {3: [(1, 2), (2, 4), (4, 3), (3, 12), (12, 11), (11, 14), (14, 10), (10, 18), (18, 6)], 2: [(1, 5), (5, 7), (7, 8), (8, 9), (9, 13), (13, 16), (16, 17), (17, 15)]}, padri: [8, 18, 19], figli: [11, 13], mosse: [(3, 3, 4, 3, 12), (3, 3, 4, 3, 12), (3, 2, 4, 3, 12)]
11 -> costo: 66721.5, rotte: {3: [(1, 4), (4, 3), (3, 12), (12, 11), (11, 14), (14, 10), (10, 18), (18, 6)], 2: [(1, 2), (2, 5), (5, 7), (7, 8), (8, 9), (9, 13), (13, 16), (16, 17), (17, 15)]}, padri: [10], figli: [12], mosse: [(2, 3, 1, 2, 11)]
12 -> costo: 66721.49999999999, rotte: {3: [(1, 4), (4, 3), (3, 12), (12, 11), (11, 14), (14, 10), (10, 18), (18, 6)], 2: [(1, 2), (2, 5), (5, 7), (7, 9), (9, 8), (8, 13), (13, 16), (16, 17), (17, 15)]}, padri: [11, 13], figli: [], mosse: [(2, 2, 9, 8, 17), (2, 3, 1, 2, 11)]
13 -> costo: 66728.2, rotte: {3: [(1, 2), (2, 4), (4, 3), (3, 12), (12, 11), (11, 14), (14, 10), (10, 18), (18, 6)], 2: [(1, 5), (5, 7), (7, 9), (9, 8), (8, 13), (13, 16), (16, 17), (17, 15)]}, padri: [10, 14, 22], figli: [12], mosse: [(2, 2, 9, 8, 17), (3, 3, 4, 3, 12), (3, 2, 4, 3, 12)]
14 -> costo: 66734.4, rotte: {3: [(1, 2), (2, 3), (3, 4), (4, 12), (12, 11), (11, 14), (14, 10), (10, 18), (18, 6)], 2: [(1, 5), (5, 7), (7, 9), (9, 8), (8, 13), (13, 16), (16, 17), (17, 15)]}, padri: [8, 22], figli: [15, 13], mosse: [(2, 2, 9, 8, 17), (3, 2, 2, 3, 12)]
15 -> costo: 66721.49999999999, rotte: {3: [(1, 3), (3, 4), (4, 12), (12, 11), (11, 14), (14, 10), (10, 18), (18, 6)], 2: [(1, 2), (2, 5), (5, 7), (7, 9), (9, 8), (8, 13), (13, 16), (16, 17), (17, 15)]}, padri: [14], figli: [], mosse: [(2, 3, 1, 2, 11)]
16 -> costo: 66940.00000000001, rotte: {3: [(1, 3), (3, 4), (4, 2), (2, 12), (12, 11), (11, 14), (14, 10), (10, 18), (18, 6)], 2: [(1, 5), (5, 7), (7, 8), (8, 9), (9, 13), (13, 16), (16, 17), (17, 15)]}, padri: [7], figli: [17], mosse: [(3, 3, 4, 2, 11)]
17 -> costo: 66940.0, rotte: {3: [(1, 3), (3, 4), (4, 2), (2, 12), (12, 11), (11, 14), (14, 10), (10, 18), (18, 6)], 2: [(1, 5), (5, 7), (7, 9), (9, 8), (8, 13), (13, 16), (16, 17), (17, 15)]}, padri: [16], figli: [], mosse: [(2, 2, 9, 8, 17)]
18 -> costo: 67084.20000000001, rotte: {3: [(1, 3), (3, 2), (2, 4), (4, 12), (12, 11), (11, 14), (14, 10), (10, 18), (18, 6)], 2: [(1, 5), (5, 7), (7, 8), (8, 9), (9, 13), (13, 16), (16, 17), (17, 15)]}, padri: [7], figli: [10, 8, 19, 22], mosse: [(3, 3, 3, 2, 11)]
19 -> costo: 66788.70000000001, rotte: {3: [(1, 2), (2, 4), (4, 12), (12, 11), (11, 14), (14, 10), (10, 18), (18, 6)], 2: [(1, 3), (3, 5), (5, 7), (7, 8), (8, 9), (9, 13), (13, 16), (16, 17), (17, 15)]}, padri: [18], figli: [20, 10, 8, 22], mosse: [(2, 3, 1, 3, 12)]
20 -> costo: 66712.50000000001, rotte: {3: [(1, 2), (2, 4), (4, 12), (12, 11), (11, 14), (14, 10), (10, 18), (18, 6)], 2: [(1, 3), (3, 7), (7, 5), (5, 8), (8, 9), (9, 13), (13, 16), (16, 17), (17, 15)]}, padri: [19], figli: [21], mosse: [(2, 2, 7, 5, 14)]
21 -> costo: 66712.5, rotte: {3: [(1, 2), (2, 4), (4, 12), (12, 11), (11, 14), (14, 10), (10, 18), (18, 6)], 2: [(1, 3), (3, 7), (7, 5), (5, 9), (9, 8), (8, 13), (13, 16), (16, 17), (17, 15)]}, padri: [20, 22], figli: [], mosse: [(2, 2, 9, 8, 17), (2, 2, 7, 5, 14)]
22 -> costo: 66788.7, rotte: {3: [(1, 2), (2, 4), (4, 12), (12, 11), (11, 14), (14, 10), (10, 18), (18, 6)], 2: [(1, 3), (3, 5), (5, 7), (7, 9), (9, 8), (8, 13), (13, 16), (16, 17), (17, 15)]}, padri: [19], figli: [21, 13, 14, 23, 24, 25, 26, 27, 28, 29, 30, 31, 32], mosse: [(2, 2, 9, 8, 17)]
23 -> costo: 66728.2, rotte: {3: [(1, 2), (2, 4), (4, 3), (3, 12), (12, 11), (11, 14), (14, 10), (10, 18), (18, 6)], 2: [(1, 3), (3, 5), (5, 7), (7, 9), (9, 8), (8, 13), (13, 16), (16, 17), (17, 15)]}, padri: [8, 22], figli: [], mosse: [(3, 2, 4, 3, 1)]
24 -> costo: 66728.2, rotte: {3: [(1, 2), (2, 4), (4, 3), (3, 12), (12, 11), (11, 14), (14, 10), (10, 18), (18, 6)], 2: [(1, 3), (3, 5), (5, 7), (7, 9), (9, 8), (8, 13), (13, 16), (16, 17), (17, 15)]}, padri: [8, 22], figli: [], mosse: [(3, 2, 4, 3, 2)]
25 -> costo: 66728.2, rotte: {3: [(1, 2), (2, 4), (4, 3), (3, 12), (12, 11), (11, 14), (14, 10), (10, 18), (18, 6)], 2: [(1, 3), (3, 5), (5, 7), (7, 9), (9, 8), (8, 13), (13, 16), (16, 17), (17, 15)]}, padri: [8, 22], figli: [], mosse: [(3, 2, 4, 3, 3)]
26 -> costo: 66728.2, rotte: {3: [(1, 2), (2, 4), (4, 3), (3, 12), (12, 11), (11, 14), (14, 10), (10, 18), (18, 6)], 2: [(1, 3), (3, 5), (5, 7), (7, 9), (9, 8), (8, 13), (13, 16), (16, 17), (17, 15)]}, padri: [8, 22], figli: [], mosse: [(3, 2, 4, 3, 4)]
27 -> costo: 66728.2, rotte: {3: [(1, 2), (2, 4), (4, 3), (3, 12), (12, 11), (11, 14), (14, 10), (10, 18), (18, 6)], 2: [(1, 3), (3, 5), (5, 7), (7, 9), (9, 8), (8, 13), (13, 16), (16, 17), (17, 15)]}, padri: [8, 22], figli: [], mosse: [(3, 2, 4, 3, 5)]
28 -> costo: 66728.2, rotte: {3: [(1, 2), (2, 4), (4, 3), (3, 12), (12, 11), (11, 14), (14, 10), (10, 18), (18, 6)], 2: [(1, 3), (3, 5), (5, 7), (7, 9), (9, 8), (8, 13), (13, 16), (16, 17), (17, 15)]}, padri: [8, 22], figli: [], mosse: [(3, 2, 4, 3, 6)]
29 -> costo: 66728.2, rotte: {3: [(1, 2), (2, 4), (4, 3), (3, 12), (12, 11), (11, 14), (14, 10), (10, 18), (18, 6)], 2: [(1, 3), (3, 5), (5, 7), (7, 9), (9, 8), (8, 13), (13, 16), (16, 17), (17, 15)]}, padri: [8, 22], figli: [], mosse: [(3, 2, 4, 3, 7)]
30 -> costo: 66728.2, rotte: {3: [(1, 2), (2, 4), (4, 3), (3, 12), (12, 11), (11, 14), (14, 10), (10, 18), (18, 6)], 2: [(1, 3), (3, 5), (5, 7), (7, 9), (9, 8), (8, 13), (13, 16), (16, 17), (17, 15)]}, padri: [8, 22], figli: [], mosse: [(3, 2, 4, 3, 8)]
31 -> costo: 66728.2, rotte: {3: [(1, 2), (2, 4), (4, 3), (3, 12), (12, 11), (11, 14), (14, 10), (10, 18), (18, 6)], 2: [(1, 3), (3, 5), (5, 7), (7, 9), (9, 8), (8, 13), (13, 16), (16, 17), (17, 15)]}, padri: [8, 22], figli: [], mosse: [(3, 2, 4, 3, 9)]
32 -> costo: 66728.2, rotte: {3: [(1, 2), (2, 4), (4, 3), (3, 12), (12, 11), (11, 14), (14, 10), (10, 18), (18, 6)], 2: [(1, 3), (3, 5), (5, 7), (7, 9), (9, 8), (8, 13), (13, 16), (16, 17), (17, 15)]}, padri: [8, 22], figli: [], mosse: [(3, 2, 4, 3, 10)]
bestSolutionIndice: 21
21 -> costo: 66712.5, rotte: {3: [(1, 2), (2, 4), (4, 12), (12, 11), (11, 14), (14, 10), (10, 18), (18, 6)], 2: [(1, 3), (3, 7), (7, 5), (5, 9), (9, 8), (8, 13), (13, 16), (16, 17), (17, 15)]}, padri: [20, 22], figli: [], mosse: [(2, 2, 9, 8, 17), (2, 2, 7, 5, 14)]
trasportoPalletDiGamma: {3: [(2, 11), (4, 13), (12, 1), (11, 20), (14, 3), (10, 19), (18, 5), (6, 15)], 2: [(3, 12), (7, 16), (5, 14), (9, 18), (8, 17), (13, 2), (16, 5), (17, 6), (15, 4)]}
itMosseLS: 41, itMosseTS: 30
time elapsed: 294.22s.


##########################################################################################
s: 1
dictSolutions[1]:
0 -> costo: 143784.5, rotte: {2: [(1, 3), (3, 8), (8, 4), (4, 2), (2, 6), (6, 18), (18, 14), (14, 10), (10, 12)], 3: [(1, 11), (11, 17), (17, 7), (7, 16), (16, 13), (13, 15), (15, 5), (5, 9)]}, padri: [-1], figli: [1], mosse: [-1]
1 -> costo: 114205.8, rotte: {2: [(1, 3), (3, 8), (8, 4), (4, 2), (2, 6), (6, 18), (18, 14), (14, 10), (10, 12)], 3: [(1, 11), (11, 17), (17, 16), (16, 13), (13, 15), (15, 5), (5, 7), (7, 9)]}, padri: [0], figli: [2], mosse: [(3, 3, 5, 7, 16)]
2 -> costo: 108762.7, rotte: {2: [(1, 3), (3, 8), (8, 4), (4, 2), (2, 6), (6, 18), (18, 14), (14, 12), (12, 10)], 3: [(1, 11), (11, 17), (17, 16), (16, 13), (13, 15), (15, 5), (5, 7), (7, 9)]}, padri: [1], figli: [3], mosse: [(2, 2, 10, 12)]
3 -> costo: 89429.79999999999, rotte: {2: [(1, 3), (3, 8), (8, 4), (4, 2), (2, 6), (6, 18), (18, 14), (14, 12), (12, 10)], 3: [(1, 11), (11, 17), (17, 16), (16, 15), (15, 13), (13, 5), (5, 7), (7, 9)]}, padri: [2], figli: [4], mosse: [(3, 3, 15, 13, 2)]
4 -> costo: 80177.9, rotte: {2: [(1, 3), (3, 8), (8, 4), (4, 2), (2, 6), (6, 18), (18, 14), (14, 12), (12, 10)], 3: [(1, 17), (17, 16), (16, 15), (15, 11), (11, 13), (13, 5), (5, 7), (7, 9)]}, padri: [3], figli: [5], mosse: [(3, 3, 15, 11, 20)]
5 -> costo: 75494.79999999999, rotte: {2: [(1, 3), (3, 8), (8, 4), (4, 2), (2, 6), (6, 18), (18, 10), (10, 14), (14, 12)], 3: [(1, 17), (17, 16), (16, 15), (15, 11), (11, 13), (13, 5), (5, 7), (7, 9)]}, padri: [4], figli: [6], mosse: [(2, 2, 18, 10, 19)]
6 -> costo: 75144.29999999999, rotte: {2: [(1, 3), (3, 8), (8, 4), (4, 2), (2, 6), (6, 18), (18, 10), (10, 12), (12, 14)], 3: [(1, 17), (17, 16), (16, 15), (15, 11), (11, 13), (13, 5), (5, 7), (7, 9)]}, padri: [5], figli: [7, 13, 14, 19], mosse: [(2, 2, 14, 12)]
7 -> costo: 72964.19999999998, rotte: {2: [(1, 3), (3, 4), (4, 2), (2, 6), (6, 18), (18, 8), (8, 10), (10, 12), (12, 14)], 3: [(1, 17), (17, 16), (16, 15), (15, 11), (11, 13), (13, 5), (5, 7), (7, 9)]}, padri: [6, 13], figli: [8], mosse: [(2, 2, 18, 8, 17), (2, 2, 18, 8, 17)]
8 -> costo: 72928.99999999999, rotte: {2: [(1, 3), (3, 2), (2, 4), (4, 6), (6, 18), (18, 8), (8, 10), (10, 12), (12, 14)], 3: [(1, 17), (17, 16), (16, 15), (15, 11), (11, 13), (13, 5), (5, 7), (7, 9)]}, padri: [7, 14], figli: [9, 10, 12], mosse: [(2, 2, 2, 4, 13), (2, 2, 18, 8, 17)]
9 -> costo: 72579.19999999998, rotte: {2: [(1, 2), (2, 3), (3, 4), (4, 6), (6, 18), (18, 8), (8, 10), (10, 12), (12, 14)], 3: [(1, 17), (17, 16), (16, 15), (15, 11), (11, 13), (13, 5), (5, 7), (7, 9)]}, padri: [8, 12, 15], figli: [], mosse: [(2, 2, 2, 3, 12), (2, 2, 3, 4, 13), (2, 2, 18, 8, 17)]
10 -> costo: 72609.09999999999, rotte: {2: [(1, 2), (2, 4), (4, 6), (6, 18), (18, 8), (8, 10), (10, 12), (12, 14)], 3: [(1, 17), (17, 16), (16, 15), (15, 11), (11, 13), (13, 3), (3, 5), (5, 7), (7, 9)]}, padri: [8, 16], figli: [11], mosse: [(3, 2, 13, 3, 12), (2, 2, 18, 8, 17)]
11 -> costo: 72532.89999999998, rotte: {2: [(1, 2), (2, 4), (4, 6), (6, 18), (18, 8), (8, 10), (10, 12), (12, 14)], 3: [(1, 17), (17, 16), (16, 15), (15, 11), (11, 13), (13, 3), (3, 7), (7, 5), (5, 9)]}, padri: [10, 17], figli: [], mosse: [(3, 3, 7, 5, 14), (2, 2, 18, 8, 17)]
12 -> costo: 72687.9, rotte: {2: [(1, 2), (2, 4), (4, 3), (3, 6), (6, 18), (18, 8), (8, 10), (10, 12), (12, 14)], 3: [(1, 17), (17, 16), (16, 15), (15, 11), (11, 13), (13, 5), (5, 7), (7, 9)]}, padri: [8, 18], figli: [9], mosse: [(2, 2, 4, 3, 12), (2, 2, 18, 8, 17)]
13 -> costo: 73002.49999999999, rotte: {2: [(1, 3), (3, 4), (4, 2), (2, 6), (6, 8), (8, 18), (18, 10), (10, 12), (12, 14)], 3: [(1, 17), (17, 16), (16, 15), (15, 11), (11, 13), (13, 5), (5, 7), (7, 9)]}, padri: [6], figli: [7, 14], mosse: [(2, 2, 6, 8, 17)]
14 -> costo: 72967.29999999999, rotte: {2: [(1, 3), (3, 2), (2, 4), (4, 6), (6, 8), (8, 18), (18, 10), (10, 12), (12, 14)], 3: [(1, 17), (17, 16), (16, 15), (15, 11), (11, 13), (13, 5), (5, 7), (7, 9)]}, padri: [13], figli: [15, 16, 18, 8], mosse: [(2, 2, 2, 4, 13)]
15 -> costo: 72617.49999999999, rotte: {2: [(1, 2), (2, 3), (3, 4), (4, 6), (6, 8), (8, 18), (18, 10), (10, 12), (12, 14)], 3: [(1, 17), (17, 16), (16, 15), (15, 11), (11, 13), (13, 5), (5, 7), (7, 9)]}, padri: [14, 18], figli: [9], mosse: [(2, 2, 2, 3, 12), (2, 2, 3, 4, 13)]
16 -> costo: 72647.39999999998, rotte: {2: [(1, 2), (2, 4), (4, 6), (6, 8), (8, 18), (18, 10), (10, 12), (12, 14)], 3: [(1, 17), (17, 16), (16, 15), (15, 11), (11, 13), (13, 3), (3, 5), (5, 7), (7, 9)]}, padri: [14], figli: [17, 10], mosse: [(3, 2, 13, 3, 12)]
17 -> costo: 72571.2, rotte: {2: [(1, 2), (2, 4), (4, 6), (6, 8), (8, 18), (18, 10), (10, 12), (12, 14)], 3: [(1, 17), (17, 16), (16, 15), (15, 11), (11, 13), (13, 3), (3, 7), (7, 5), (5, 9)]}, padri: [16], figli: [11], mosse: [(3, 3, 7, 5, 14)]
18 -> costo: 72726.19999999998, rotte: {2: [(1, 2), (2, 4), (4, 3), (3, 6), (6, 8), (8, 18), (18, 10), (10, 12), (12, 14)], 3: [(1, 17), (17, 16), (16, 15), (15, 11), (11, 13), (13, 5), (5, 7), (7, 9)]}, padri: [14], figli: [15, 12], mosse: [(2, 2, 4, 3, 12)]
19 -> costo: 73005.09999999999, rotte: {2: [(1, 3), (3, 4), (4, 2), (2, 6), (6, 18), (18, 10), (10, 8), (8, 12), (12, 14)], 3: [(1, 17), (17, 16), (16, 15), (15, 11), (11, 13), (13, 5), (5, 7), (7, 9)]}, padri: [6], figli: [20], mosse: [(2, 2, 10, 8, 17)]
20 -> costo: 72929.7, rotte: {2: [(1, 3), (3, 4), (4, 2), (2, 6), (6, 10), (10, 18), (18, 8), (8, 12), (12, 14)], 3: [(1, 17), (17, 16), (16, 15), (15, 11), (11, 13), (13, 5), (5, 7), (7, 9)]}, padri: [19], figli: [21, 22, 23], mosse: [(2, 2, 10, 18, 5)]
21 -> costo: 72634.99999999999, rotte: {2: [(1, 3), (3, 4), (4, 2), (2, 10), (10, 6), (6, 18), (18, 8), (8, 12), (12, 14)], 3: [(1, 17), (17, 16), (16, 15), (15, 11), (11, 13), (13, 5), (5, 7), (7, 9)]}, padri: [20, 22], figli: [], mosse: [(2, 2, 10, 6, 15), (2, 2, 6, 18, 5)]
22 -> costo: 72748.7, rotte: {2: [(1, 3), (3, 4), (4, 2), (2, 10), (10, 18), (18, 6), (6, 8), (8, 12), (12, 14)], 3: [(1, 17), (17, 16), (16, 15), (15, 11), (11, 13), (13, 5), (5, 7), (7, 9)]}, padri: [20], figli: [21], mosse: [(2, 2, 18, 6, 15)]
23 -> costo: 72894.49999999999, rotte: {2: [(1, 3), (3, 2), (2, 4), (4, 6), (6, 10), (10, 18), (18, 8), (8, 12), (12, 14)], 3: [(1, 17), (17, 16), (16, 15), (15, 11), (11, 13), (13, 5), (5, 7), (7, 9)]}, padri: [20], figli: [24, 29], mosse: [(2, 2, 2, 4, 13)]
24 -> costo: 72544.7, rotte: {2: [(1, 2), (2, 3), (3, 4), (4, 6), (6, 10), (10, 18), (18, 8), (8, 12), (12, 14)], 3: [(1, 17), (17, 16), (16, 15), (15, 11), (11, 13), (13, 5), (5, 7), (7, 9)]}, padri: [23], figli: [25, 27, 28], mosse: [(2, 2, 2, 3, 12)]
25 -> costo: 72429.39999999998, rotte: {2: [(1, 2), (2, 3), (3, 4), (4, 10), (10, 6), (6, 18), (18, 8), (8, 12), (12, 14)], 3: [(1, 17), (17, 16), (16, 15), (15, 11), (11, 13), (13, 5), (5, 7), (7, 9)]}, padri: [24, 27], figli: [26], mosse: [(2, 2, 10, 6, 15), (2, 2, 6, 18, 5)]
26 -> costo: 72423.2, rotte: {2: [(1, 2), (2, 4), (4, 3), (3, 10), (10, 6), (6, 18), (18, 8), (8, 12), (12, 14)], 3: [(1, 17), (17, 16), (16, 15), (15, 11), (11, 13), (13, 5), (5, 7), (7, 9)]}, padri: [25, 28], figli: [], mosse: [(2, 2, 4, 3, 12), (2, 2, 6, 18, 5)]
27 -> costo: 72543.09999999999, rotte: {2: [(1, 2), (2, 3), (3, 4), (4, 10), (10, 18), (18, 6), (6, 8), (8, 12), (12, 14)], 3: [(1, 17), (17, 16), (16, 15), (15, 11), (11, 13), (13, 5), (5, 7), (7, 9)]}, padri: [24], figli: [25, 28], mosse: [(2, 2, 18, 6, 15)]
28 -> costo: 72536.9, rotte: {2: [(1, 2), (2, 4), (4, 3), (3, 10), (10, 18), (18, 6), (6, 8), (8, 12), (12, 14)], 3: [(1, 17), (17, 16), (16, 15), (15, 11), (11, 13), (13, 5), (5, 7), (7, 9)]}, padri: [27], figli: [26], mosse: [(2, 2, 4, 3, 12)]
29 -> costo: 72574.59999999999, rotte: {2: [(1, 2), (2, 4), (4, 6), (6, 10), (10, 18), (18, 8), (8, 12), (12, 14)], 3: [(1, 17), (17, 16), (16, 15), (15, 11), (11, 13), (13, 3), (3, 5), (5, 7), (7, 9)]}, padri: [23], figli: [30], mosse: [(3, 2, 13, 3, 12)]
30 -> costo: 72459.29999999999, rotte: {2: [(1, 2), (2, 4), (4, 10), (10, 6), (6, 18), (18, 8), (8, 12), (12, 14)], 3: [(1, 17), (17, 16), (16, 15), (15, 11), (11, 13), (13, 3), (3, 5), (5, 7), (7, 9)]}, padri: [29], figli: [31], mosse: [(2, 2, 10, 6, 15)]
31 -> costo: 72383.09999999999, rotte: {2: [(1, 2), (2, 4), (4, 10), (10, 6), (6, 18), (18, 8), (8, 12), (12, 14)], 3: [(1, 17), (17, 16), (16, 15), (15, 11), (11, 13), (13, 3), (3, 7), (7, 5), (5, 9)]}, padri: [30], figli: [], mosse: [(3, 3, 7, 5, 14)]
bestSolutionIndice: 31
31 -> costo: 72383.09999999999, rotte: {2: [(1, 2), (2, 4), (4, 10), (10, 6), (6, 18), (18, 8), (8, 12), (12, 14)], 3: [(1, 17), (17, 16), (16, 15), (15, 11), (11, 13), (13, 3), (3, 7), (7, 5), (5, 9)]}, padri: [30], figli: [], mosse: [(3, 3, 7, 5, 14)]
trasportoPalletDiGamma: {2: [(2, 11), (4, 13), (10, 19), (6, 15), (18, 5), (8, 17), (12, 1), (14, 3)], 3: [(17, 6), (16, 5), (15, 4), (11, 20), (13, 2), (3, 12), (7, 16), (5, 14), (9, 18)]}
itMosseLS: 42, itMosseTS: 30
time elapsed: 367.46s.


##########################################################################################
s: 1
dictSolutions[1]:
0 -> costo: 138249.6, rotte: {2: [(1, 12), (12, 8), (8, 13), (13, 5), (5, 11), (11, 4), (4, 9), (9, 2), (2, 7)], 3: [(1, 16), (16, 17), (17, 18), (18, 14), (14, 3), (3, 15), (15, 6), (6, 10), (10, 7)]}, padri: [-1], figli: [1], mosse: [-1]
1 -> costo: 124366.8, rotte: {2: [(1, 12), (12, 8), (8, 13), (13, 11), (11, 4), (4, 9), (9, 2), (2, 5), (5, 7)], 3: [(1, 16), (16, 17), (17, 18), (18, 14), (14, 3), (3, 15), (15, 6), (6, 10), (10, 7)]}, padri: [0], figli: [2], mosse: [(2, 2, 2, 5, 14)]
2 -> costo: 123253.1, rotte: {2: [(1, 12), (12, 8), (8, 13), (13, 11), (11, 4), (4, 9), (9, 2), (2, 5), (5, 7)], 3: [(1, 16), (16, 17), (17, 18), (18, 14), (14, 3), (3, 15), (15, 6), (6, 7), (7, 10)]}, padri: [1], figli: [3], mosse: [(3, 3, 10, 7)]
3 -> costo: 110057.3, rotte: {2: [(1, 12), (12, 13), (13, 11), (11, 4), (4, 8), (8, 9), (9, 2), (2, 5), (5, 7)], 3: [(1, 16), (16, 17), (17, 18), (18, 14), (14, 3), (3, 15), (15, 6), (6, 7), (7, 10)]}, padri: [2], figli: [4], mosse: [(2, 2, 4, 8, 17)]
4 -> costo: 96987.59999999999, rotte: {2: [(1, 12), (12, 13), (13, 11), (11, 4), (4, 8), (8, 9), (9, 2), (2, 5), (5, 7)], 3: [(1, 16), (16, 17), (17, 18), (18, 14), (14, 3), (3, 6), (6, 7), (7, 10), (10, 15)]}, padri: [3], figli: [5], mosse: [(3, 3, 10, 15, 4)]
5 -> costo: 84586.1, rotte: {2: [(1, 12), (12, 13), (13, 11), (11, 4), (4, 8), (8, 9), (9, 2), (2, 5), (5, 7)], 3: [(1, 15), (15, 16), (16, 17), (17, 18), (18, 14), (14, 3), (3, 6), (6, 7), (7, 10)]}, padri: [4], figli: [6], mosse: [(3, 3, 1, 15, 4)]
6 -> costo: 77833.5, rotte: {2: [(1, 12), (12, 13), (13, 11), (11, 4), (4, 8), (8, 9), (9, 2), (2, 5), (5, 7)], 3: [(1, 15), (15, 16), (16, 17), (17, 14), (14, 3), (3, 6), (6, 7), (7, 18), (18, 10)]}, padri: [5], figli: [7], mosse: [(3, 3, 7, 18, 5)]
7 -> costo: 75154.9, rotte: {2: [(1, 12), (12, 13), (13, 11), (11, 8), (8, 9), (9, 2), (2, 5), (5, 7), (7, 4)], 3: [(1, 15), (15, 16), (16, 17), (17, 14), (14, 3), (3, 6), (6, 7), (7, 18), (18, 10)]}, padri: [6], figli: [8], mosse: [(2, 2, 7, 4, 13)]
8 -> costo: 73496.4, rotte: {2: [(1, 12), (12, 13), (13, 11), (11, 8), (8, 9), (9, 2), (2, 5), (5, 7), (7, 4)], 3: [(1, 15), (15, 16), (16, 17), (17, 14), (14, 3), (3, 7), (7, 6), (6, 18), (18, 10)]}, padri: [7], figli: [9], mosse: [(3, 3, 7, 6, 15)]
9 -> costo: 72817.2, rotte: {2: [(1, 12), (12, 13), (13, 11), (11, 8), (8, 9), (9, 2), (2, 5), (5, 7), (7, 4)], 3: [(1, 15), (15, 16), (16, 17), (17, 14), (14, 10), (10, 3), (3, 7), (7, 6), (6, 18)]}, padri: [8], figli: [10, 14, 20, 21, 23, 25], mosse: [(3, 3, 14, 10, 19)]
10 -> costo: 72228.90000000001, rotte: {2: [(1, 13), (13, 11), (11, 8), (8, 9), (9, 2), (2, 5), (5, 7), (7, 4)], 3: [(1, 15), (15, 16), (16, 17), (17, 12), (12, 14), (14, 10), (10, 3), (3, 7), (7, 6), (6, 18)]}, padri: [9], figli: [11, 13, 15, 22], mosse: [(3, 2, 17, 12, 1)]
11 -> costo: 71802.0, rotte: {2: [(1, 13), (13, 11), (11, 8), (8, 9), (9, 5), (5, 7), (7, 4), (4, 2)], 3: [(1, 15), (15, 16), (16, 17), (17, 12), (12, 14), (14, 10), (10, 3), (3, 7), (7, 6), (6, 18)]}, padri: [10, 14], figli: [12, 17], mosse: [(2, 2, 4, 2, 11), (3, 2, 17, 12, 1)]
12 -> costo: 71799.0, rotte: {2: [(1, 11), (11, 13), (13, 8), (8, 9), (9, 5), (5, 7), (7, 4), (4, 2)], 3: [(1, 15), (15, 16), (16, 17), (17, 12), (12, 14), (14, 10), (10, 3), (3, 7), (7, 6), (6, 18)]}, padri: [11, 13, 16], figli: [], mosse: [(2, 2, 11, 13, 2), (2, 2, 4, 2, 11), (3, 2, 17, 12, 1)]
13 -> costo: 72225.9, rotte: {2: [(1, 11), (11, 13), (13, 8), (8, 9), (9, 2), (2, 5), (5, 7), (7, 4)], 3: [(1, 15), (15, 16), (16, 17), (17, 12), (12, 14), (14, 10), (10, 3), (3, 7), (7, 6), (6, 18)]}, padri: [10, 21], figli: [12, 17], mosse: [(2, 2, 11, 13, 2), (3, 2, 17, 12, 1)]
14 -> costo: 72390.3, rotte: {2: [(1, 12), (12, 13), (13, 11), (11, 8), (8, 9), (9, 5), (5, 7), (7, 4), (4, 2)], 3: [(1, 15), (15, 16), (16, 17), (17, 14), (14, 10), (10, 3), (3, 7), (7, 6), (6, 18)]}, padri: [9], figli: [11, 15, 16, 18, 19], mosse: [(2, 2, 4, 2, 11)]
15 -> costo: 72097.1, rotte: {2: [(1, 13), (13, 12), (12, 11), (11, 8), (8, 9), (9, 5), (5, 7), (7, 4), (4, 2)], 3: [(1, 15), (15, 16), (16, 17), (17, 14), (14, 10), (10, 3), (3, 7), (7, 6), (6, 18)]}, padri: [14, 18, 20, 24], figli: [], mosse: [(2, 2, 13, 12, 1), (2, 2, 12, 11, 20), (2, 2, 4, 2, 11), (2, 2, 12, 11, 20)]
16 -> costo: 72142.5, rotte: {2: [(1, 12), (12, 11), (11, 13), (13, 8), (8, 9), (9, 5), (5, 7), (7, 4), (4, 2)], 3: [(1, 15), (15, 16), (16, 17), (17, 14), (14, 10), (10, 3), (3, 7), (7, 6), (6, 18)]}, padri: [14, 21], figli: [12, 17], mosse: [(2, 2, 11, 13, 2), (2, 2, 4, 2, 11)]
17 -> costo: 72094.1, rotte: {2: [(1, 11), (11, 12), (12, 13), (13, 8), (8, 9), (9, 5), (5, 7), (7, 4), (4, 2)], 3: [(1, 15), (15, 16), (16, 17), (17, 14), (14, 10), (10, 3), (3, 7), (7, 6), (6, 18)]}, padri: [16, 18, 22, 24], figli: [], mosse: [(2, 2, 11, 12, 1), (2, 2, 12, 13, 2), (2, 2, 4, 2, 11), (2, 2, 12, 13, 2)]
18 -> costo: 72142.5, rotte: {2: [(1, 13), (13, 11), (11, 12), (12, 8), (8, 9), (9, 5), (5, 7), (7, 4), (4, 2)], 3: [(1, 15), (15, 16), (16, 17), (17, 14), (14, 10), (10, 3), (3, 7), (7, 6), (6, 18)]}, padri: [14], figli: [17, 15, 19], mosse: [(2, 2, 11, 12, 1)]
19 -> costo: 72113.3, rotte: {2: [(1, 11), (11, 12), (12, 8), (8, 9), (9, 5), (5, 7), (7, 4), (4, 2)], 3: [(1, 15), (15, 16), (16, 17), (17, 13), (13, 14), (14, 10), (10, 3), (3, 7), (7, 6), (6, 18)]}, padri: [18, 24, 25], figli: [], mosse: [(3, 2, 17, 13, 2), (3, 2, 17, 13, 2), (2, 2, 4, 2, 11)]
20 -> costo: 72524.0, rotte: {2: [(1, 13), (13, 12), (12, 11), (11, 8), (8, 9), (9, 2), (2, 5), (5, 7), (7, 4)], 3: [(1, 15), (15, 16), (16, 17), (17, 14), (14, 10), (10, 3), (3, 7), (7, 6), (6, 18)]}, padri: [9, 23], figli: [15], mosse: [(2, 2, 13, 12, 1), (2, 2, 12, 11, 20)]
21 -> costo: 72569.40000000001, rotte: {2: [(1, 12), (12, 11), (11, 13), (13, 8), (8, 9), (9, 2), (2, 5), (5, 7), (7, 4)], 3: [(1, 15), (15, 16), (16, 17), (17, 14), (14, 10), (10, 3), (3, 7), (7, 6), (6, 18)]}, padri: [9], figli: [16, 13, 22], mosse: [(2, 2, 11, 13, 2)]
22 -> costo: 72521.0, rotte: {2: [(1, 11), (11, 12), (12, 13), (13, 8), (8, 9), (9, 2), (2, 5), (5, 7), (7, 4)], 3: [(1, 15), (15, 16), (16, 17), (17, 14), (14, 10), (10, 3), (3, 7), (7, 6), (6, 18)]}, padri: [21, 23], figli: [17], mosse: [(2, 2, 11, 12, 1), (2, 2, 12, 13, 2)]
23 -> costo: 72569.40000000001, rotte: {2: [(1, 13), (13, 11), (11, 12), (12, 8), (8, 9), (9, 2), (2, 5), (5, 7), (7, 4)], 3: [(1, 15), (15, 16), (16, 17), (17, 14), (14, 10), (10, 3), (3, 7), (7, 6), (6, 18)]}, padri: [9], figli: [24, 22, 20, 25], mosse: [(2, 2, 11, 12, 1)]
24 -> costo: 72142.5, rotte: {2: [(1, 13), (13, 11), (11, 12), (12, 8), (8, 9), (9, 5), (5, 7), (7, 4), (4, 2)], 3: [(1, 15), (15, 16), (16, 17), (17, 14), (14, 10), (10, 3), (3, 7), (7, 6), (6, 18)]}, padri: [23], figli: [17, 15, 19], mosse: [(2, 2, 4, 2, 11)]
25 -> costo: 72540.20000000001, rotte: {2: [(1, 11), (11, 12), (12, 8), (8, 9), (9, 2), (2, 5), (5, 7), (7, 4)], 3: [(1, 15), (15, 16), (16, 17), (17, 13), (13, 14), (14, 10), (10, 3), (3, 7), (7, 6), (6, 18)]}, padri: [23], figli: [19], mosse: [(3, 2, 17, 13, 2)]
bestSolutionIndice: 12
12 -> costo: 71799.0, rotte: {2: [(1, 11), (11, 13), (13, 8), (8, 9), (9, 5), (5, 7), (7, 4), (4, 2)], 3: [(1, 15), (15, 16), (16, 17), (17, 12), (12, 14), (14, 10), (10, 3), (3, 7), (7, 6), (6, 18)]}, padri: [11, 13, 16], figli: [], mosse: [(2, 2, 11, 13, 2), (2, 2, 4, 2, 11), (3, 2, 17, 12, 1)]
trasportoPalletDiGamma: {2: [(11, 20), (13, 2), (8, 17), (9, 18), (5, 14), (7, 4), (4, 13), (2, 11)], 3: [(15, 4), (16, 5), (17, 6), (12, 1), (14, 3), (10, 19), (3, 12), (7, 12), (6, 15), (18, 5)]}
itMosseLS: 40, itMosseTS: 30
time elapsed: 139.99s.


##########################################################################################
s: 1
dictSolutions[1]:
0 -> costo: 150797.2, rotte: {2: [(1, 2), (2, 18), (18, 15), (15, 9), (9, 8), (8, 11), (11, 6), (6, 10)], 3: [(1, 5), (5, 3), (3, 12), (12, 13), (13, 7), (7, 16), (16, 4), (4, 14), (14, 17), (17, 10)]}, padri: [-1], figli: [1], mosse: [-1]
1 -> costo: 122801.5, rotte: {2: [(1, 2), (2, 18), (18, 15), (15, 9), (9, 8), (8, 11), (11, 6), (6, 10)], 3: [(1, 5), (5, 3), (3, 12), (12, 13), (13, 7), (7, 4), (4, 14), (14, 16), (16, 17), (17, 10)]}, padri: [0], figli: [2], mosse: [(3, 3, 14, 16, 5)]
2 -> costo: 121684.99999999999, rotte: {2: [(1, 2), (2, 18), (18, 15), (15, 9), (9, 8), (8, 11), (11, 10), (10, 6)], 3: [(1, 5), (5, 3), (3, 12), (12, 13), (13, 7), (7, 4), (4, 14), (14, 16), (16, 17), (17, 10)]}, padri: [1], figli: [3], mosse: [(2, 2, 6, 10)]
3 -> costo: 107418.9, rotte: {2: [(1, 2), (2, 18), (18, 9), (9, 8), (8, 11), (11, 10), (10, 6), (6, 15)], 3: [(1, 5), (5, 3), (3, 12), (12, 13), (13, 7), (7, 4), (4, 14), (14, 16), (16, 17), (17, 10)]}, padri: [2], figli: [4], mosse: [(2, 2, 6, 15, 4)]
4 -> costo: 93875.29999999999, rotte: {2: [(1, 2), (2, 18), (18, 9), (9, 8), (8, 11), (11, 10), (10, 6), (6, 15)], 3: [(1, 5), (5, 3), (3, 10), (10, 12), (12, 13), (13, 7), (7, 4), (4, 14), (14, 16), (16, 17)]}, padri: [3], figli: [5], mosse: [(3, 3, 3, 10, 9)]
5 -> costo: 93795.9, rotte: {2: [(1, 2), (2, 18), (18, 9), (9, 8), (8, 11), (11, 10), (10, 6), (6, 15)], 3: [(1, 5), (5, 3), (3, 10), (10, 12), (12, 13), (13, 7), (7, 4), (4, 14), (14, 17), (17, 16)]}, padri: [4], figli: [6], mosse: [(3, 3, 16, 17)]
6 -> costo: 89969.9, rotte: {2: [(1, 2), (2, 18), (18, 9), (9, 8), (8, 10), (10, 6), (6, 11), (11, 15)], 3: [(1, 5), (5, 3), (3, 10), (10, 12), (12, 13), (13, 7), (7, 4), (4, 14), (14, 17), (17, 16)]}, padri: [5], figli: [7], mosse: [(2, 2, 6, 11, 20)]
7 -> costo: 88375.5, rotte: {2: [(1, 2), (2, 18), (18, 9), (9, 8), (8, 10), (10, 6), (6, 11), (11, 15)], 3: [(1, 3), (3, 10), (10, 12), (12, 13), (13, 5), (5, 7), (7, 4), (4, 14), (14, 17), (17, 16)]}, padri: [6], figli: [8], mosse: [(3, 3, 13, 5, 14)]
8 -> costo: 87036.7, rotte: {2: [(1, 2), (2, 18), (18, 9), (9, 8), (8, 6), (6, 11), (11, 15)], 3: [(1, 3), (3, 10), (10, 12), (12, 13), (13, 5), (5, 7), (7, 4), (4, 14), (14, 17), (17, 16)]}, padri: [7], figli: [9], mosse: [(3, 2, 1, 10, 10)]
9 -> costo: 86448.40000000001, rotte: {2: [(1, 2), (2, 18), (18, 9), (9, 8), (8, 6), (6, 11), (11, 15)], 3: [(1, 3), (3, 10), (10, 13), (13, 5), (5, 7), (7, 4), (4, 14), (14, 12), (12, 17), (17, 16)]}, padri: [8], figli: [10, 17], mosse: [(3, 3, 14, 12, 1)]
10 -> costo: 76355.5, rotte: {2: [(1, 2), (2, 18), (18, 9), (9, 8), (8, 6), (6, 11), (11, 15)], 3: [(1, 3), (3, 10), (10, 5), (5, 7), (7, 4), (4, 14), (14, 13), (13, 12), (12, 17), (17, 16)]}, padri: [9], figli: [11, 14, 15, 16, 19], mosse: [(3, 3, 14, 13, 2)]
11 -> costo: 74662.2, rotte: {2: [(1, 2), (2, 18), (18, 9), (9, 8), (8, 6), (6, 11), (11, 15)], 3: [(1, 3), (3, 5), (5, 7), (7, 4), (4, 10), (10, 14), (14, 13), (13, 12), (12, 17), (17, 16)]}, padri: [10, 15, 18], figli: [12, 13], mosse: [(3, 3, 4, 10, 19), (3, 3, 4, 10, 19), (3, 3, 14, 13, 2)]
12 -> costo: 74601.7, rotte: {2: [(1, 2), (2, 18), (18, 9), (9, 8), (8, 6), (6, 11), (11, 15)], 3: [(1, 5), (5, 7), (7, 4), (4, 3), (3, 10), (10, 14), (14, 13), (13, 12), (12, 17), (17, 16)]}, padri: [11, 13, 14, 19], figli: [], mosse: [(3, 3, 4, 3, 12), (3, 3, 4, 3, 12), (3, 3, 3, 10, 19), (3, 3, 14, 13, 2)]
13 -> costo: 74648.7, rotte: {2: [(1, 2), (2, 18), (18, 9), (9, 8), (8, 6), (6, 11), (11, 15)], 3: [(1, 5), (5, 7), (7, 3), (3, 4), (4, 10), (10, 14), (14, 13), (13, 12), (12, 17), (17, 16)]}, padri: [11, 16, 20], figli: [12], mosse: [(3, 3, 7, 3, 12), (3, 3, 4, 10, 19), (3, 3, 14, 13, 2)]
14 -> costo: 75894.2, rotte: {2: [(1, 2), (2, 18), (18, 9), (9, 8), (8, 6), (6, 11), (11, 15)], 3: [(1, 10), (10, 5), (5, 7), (7, 4), (4, 3), (3, 14), (14, 13), (13, 12), (12, 17), (17, 16)]}, padri: [10, 15, 16, 21], figli: [12], mosse: [(3, 3, 4, 3, 12), (3, 3, 4, 3, 12), (3, 3, 4, 3, 12), (3, 3, 14, 13, 2)]
15 -> costo: 75930.4, rotte: {2: [(1, 2), (2, 18), (18, 9), (9, 8), (8, 6), (6, 11), (11, 15)], 3: [(1, 10), (10, 3), (3, 5), (5, 7), (7, 4), (4, 14), (14, 13), (13, 12), (12, 17), (17, 16)]}, padri: [10, 22], figli: [11, 14, 19], mosse: [(3, 3, 10, 3, 12), (3, 3, 14, 13, 2)]
16 -> costo: 75941.2, rotte: {2: [(1, 2), (2, 18), (18, 9), (9, 8), (8, 6), (6, 11), (11, 15)], 3: [(1, 10), (10, 5), (5, 7), (7, 3), (3, 4), (4, 14), (14, 13), (13, 12), (12, 17), (17, 16)]}, padri: [10, 23], figli: [13, 14], mosse: [(3, 3, 7, 3, 12), (3, 3, 14, 13, 2)]
17 -> costo: 76428.00000000001, rotte: {2: [(1, 2), (2, 18), (18, 9), (9, 8), (8, 6), (6, 11), (11, 15)], 3: [(1, 3), (3, 10), (10, 5), (5, 7), (7, 4), (4, 13), (13, 14), (14, 12), (12, 17), (17, 16)]}, padri: [9], figli: [18, 21, 22, 23], mosse: [(3, 3, 4, 13, 2)]
18 -> costo: 74734.7, rotte: {2: [(1, 2), (2, 18), (18, 9), (9, 8), (8, 6), (6, 11), (11, 15)], 3: [(1, 3), (3, 5), (5, 7), (7, 4), (4, 10), (10, 13), (13, 14), (14, 12), (12, 17), (17, 16)]}, padri: [17, 22], figli: [11, 19, 20], mosse: [(3, 3, 4, 10, 19), (3, 3, 4, 10, 19)]
19 -> costo: 74674.2, rotte: {2: [(1, 2), (2, 18), (18, 9), (9, 8), (8, 6), (6, 11), (11, 15)], 3: [(1, 5), (5, 7), (7, 4), (4, 3), (3, 10), (10, 13), (13, 14), (14, 12), (12, 17), (17, 16)]}, padri: [18, 20, 21], figli: [12], mosse: [(3, 3, 4, 3, 12), (3, 3, 4, 3, 12), (3, 3, 3, 10, 19)]
20 -> costo: 74721.2, rotte: {2: [(1, 2), (2, 18), (18, 9), (9, 8), (8, 6), (6, 11), (11, 15)], 3: [(1, 5), (5, 7), (7, 3), (3, 4), (4, 10), (10, 13), (13, 14), (14, 12), (12, 17), (17, 16)]}, padri: [18, 23], figli: [13, 19], mosse: [(3, 3, 7, 3, 12), (3, 3, 4, 10, 19)]
21 -> costo: 75966.7, rotte: {2: [(1, 2), (2, 18), (18, 9), (9, 8), (8, 6), (6, 11), (11, 15)], 3: [(1, 10), (10, 5), (5, 7), (7, 4), (4, 3), (3, 13), (13, 14), (14, 12), (12, 17), (17, 16)]}, padri: [17, 22, 23], figli: [19, 14], mosse: [(3, 3, 4, 3, 12), (3, 3, 4, 3, 12), (3, 3, 4, 3, 12)]
22 -> costo: 76002.90000000001, rotte: {2: [(1, 2), (2, 18), (18, 9), (9, 8), (8, 6), (6, 11), (11, 15)], 3: [(1, 10), (10, 3), (3, 5), (5, 7), (7, 4), (4, 13), (13, 14), (14, 12), (12, 17), (17, 16)]}, padri: [17], figli: [18, 15, 21], mosse: [(3, 3, 10, 3, 12)]
23 -> costo: 76013.7, rotte: {2: [(1, 2), (2, 18), (18, 9), (9, 8), (8, 6), (6, 11), (11, 15)], 3: [(1, 10), (10, 5), (5, 7), (7, 3), (3, 4), (4, 13), (13, 14), (14, 12), (12, 17), (17, 16)]}, padri: [17], figli: [20, 16, 21], mosse: [(3, 3, 7, 3, 12)]
bestSolutionIndice: 12
12 -> costo: 74601.7, rotte: {2: [(1, 2), (2, 18), (18, 9), (9, 8), (8, 6), (6, 11), (11, 15)], 3: [(1, 5), (5, 7), (7, 4), (4, 3), (3, 10), (10, 14), (14, 13), (13, 12), (12, 17), (17, 16)]}, padri: [11, 13, 14, 19], figli: [], mosse: [(3, 3, 4, 3, 12), (3, 3, 4, 3, 12), (3, 3, 3, 10, 19), (3, 3, 14, 13, 2)]
trasportoPalletDiGamma: {2: [(2, 11), (18, 5), (9, 18), (8, 17), (6, 15), (11, 20), (15, 4)], 3: [(5, 14), (7, 16), (4, 13), (3, 12), (10, 19), (14, 3), (13, 2), (12, 1), (17, 6), (16, 5)]}
itMosseLS: 41, itMosseTS: 30
time elapsed: 297.46s.


##########################################################################################
s: 1
dictSolutions[1]:
0 -> costo: 146205.0, rotte: {2: [(1, 14), (14, 15), (15, 6), (6, 9), (9, 8), (8, 10), (10, 2), (2, 3), (3, 12)], 3: [(1, 13), (13, 5), (5, 7), (7, 17), (17, 4), (4, 16), (16, 18), (18, 11)]}, padri: [-1], figli: [1], mosse: [-1]
1 -> costo: 118209.3, rotte: {2: [(1, 14), (14, 15), (15, 6), (6, 9), (9, 8), (8, 10), (10, 2), (2, 3), (3, 12)], 3: [(1, 13), (13, 5), (5, 7), (7, 4), (4, 17), (17, 16), (16, 18), (18, 11)]}, padri: [0], figli: [2], mosse: [(3, 3, 4, 17, 6)]
2 -> costo: 116529.2, rotte: {2: [(1, 14), (14, 15), (15, 6), (6, 9), (9, 8), (8, 10), (10, 2), (2, 3), (3, 12)], 3: [(1, 13), (13, 5), (5, 7), (7, 4), (4, 17), (17, 16), (16, 11), (11, 18)]}, padri: [1], figli: [3], mosse: [(3, 3, 18, 11)]
3 -> costo: 106745.0, rotte: {2: [(1, 15), (15, 6), (6, 9), (9, 8), (8, 10), (10, 2), (2, 3), (3, 12), (12, 14)], 3: [(1, 13), (13, 5), (5, 7), (7, 4), (4, 17), (17, 16), (16, 11), (11, 18)]}, padri: [2], figli: [4], mosse: [(2, 2, 12, 14, 3)]
4 -> costo: 87210.2, rotte: {2: [(1, 6), (6, 9), (9, 8), (8, 10), (10, 2), (2, 3), (3, 12), (12, 14)], 3: [(1, 13), (13, 5), (5, 7), (7, 4), (4, 15), (15, 17), (17, 16), (16, 11), (11, 18)]}, padri: [3], figli: [5], mosse: [(3, 2, 4, 15, 4)]
5 -> costo: 77600.4, rotte: {2: [(1, 6), (6, 9), (9, 8), (8, 10), (10, 2), (2, 3), (3, 13), (13, 12), (12, 14)], 3: [(1, 5), (5, 7), (7, 4), (4, 15), (15, 17), (17, 16), (16, 11), (11, 18)]}, padri: [4], figli: [6], mosse: [(2, 3, 3, 13, 2)]
6 -> costo: 73527.1, rotte: {2: [(1, 6), (6, 9), (9, 8), (8, 10), (10, 2), (2, 3), (3, 13), (13, 12), (12, 14)], 3: [(1, 18), (18, 5), (5, 7), (7, 4), (4, 15), (15, 17), (17, 16), (16, 11)]}, padri: [5], figli: [7], mosse: [(3, 3, 1, 18, 5)]
7 -> costo: 65586.8, rotte: {2: [(1, 6), (6, 9), (9, 8), (8, 10), (10, 2), (2, 3), (3, 13), (13, 12), (12, 14)], 3: [(1, 18), (18, 5), (5, 7), (7, 4), (4, 11), (11, 15), (15, 17), (17, 16)]}, padri: [6], figli: [8, 23], mosse: [(3, 3, 4, 11, 20)]
8 -> costo: 65118.299999999996, rotte: {2: [(1, 6), (6, 9), (9, 8), (8, 10), (10, 2), (2, 3), (3, 13), (13, 12), (12, 14)], 3: [(1, 5), (5, 7), (7, 4), (4, 18), (18, 11), (11, 15), (15, 17), (17, 16)]}, padri: [7], figli: [9, 20, 22, 24], mosse: [(3, 3, 4, 18, 5)]
9 -> costo: 64686.7, rotte: {2: [(1, 6), (6, 9), (9, 8), (8, 2), (2, 3), (3, 10), (10, 13), (13, 12), (12, 14)], 3: [(1, 5), (5, 7), (7, 4), (4, 18), (18, 11), (11, 15), (15, 17), (17, 16)]}, padri: [8, 23], figli: [10, 14, 18, 21], mosse: [(2, 2, 3, 10, 19), (3, 3, 4, 18, 5)]
10 -> costo: 64561.9, rotte: {2: [(1, 9), (9, 8), (8, 2), (2, 3), (3, 10), (10, 13), (13, 12), (12, 14)], 3: [(1, 5), (5, 7), (7, 4), (4, 6), (6, 18), (18, 11), (11, 15), (15, 17), (17, 16)]}, padri: [9, 20], figli: [11, 12, 15], mosse: [(3, 2, 4, 6, 15), (2, 2, 3, 10, 19)]
11 -> costo: 64452.899999999994, rotte: {2: [(1, 9), (9, 8), (8, 2), (2, 3), (3, 10), (10, 13), (13, 12), (12, 14)], 3: [(1, 5), (5, 7), (7, 4), (4, 6), (6, 18), (18, 11), (11, 17), (17, 16), (16, 15)]}, padri: [10, 14, 21], figli: [], mosse: [(3, 3, 16, 15, 4), (3, 2, 4, 6, 15), (2, 2, 3, 10, 19)]
12 -> costo: 64561.899999999994, rotte: {2: [(1, 9), (9, 8), (8, 3), (3, 2), (2, 10), (10, 13), (13, 12), (12, 14)], 3: [(1, 5), (5, 7), (7, 4), (4, 6), (6, 18), (18, 11), (11, 15), (15, 17), (17, 16)]}, padri: [10, 18], figli: [13], mosse: [(2, 2, 3, 2, 11), (3, 2, 4, 6, 15)]
13 -> costo: 64452.899999999994, rotte: {2: [(1, 9), (9, 8), (8, 3), (3, 2), (2, 10), (10, 13), (13, 12), (12, 14)], 3: [(1, 5), (5, 7), (7, 4), (4, 6), (6, 18), (18, 11), (11, 17), (17, 16), (16, 15)]}, padri: [12], figli: [], mosse: [(3, 3, 16, 15, 4)]
14 -> costo: 64577.7, rotte: {2: [(1, 6), (6, 9), (9, 8), (8, 2), (2, 3), (3, 10), (10, 13), (13, 12), (12, 14)], 3: [(1, 5), (5, 7), (7, 4), (4, 18), (18, 11), (11, 17), (17, 16), (16, 15)]}, padri: [9, 22], figli: [11, 15, 19], mosse: [(3, 3, 16, 15, 4), (2, 2, 3, 10, 19)]
15 -> costo: 64577.69999999998, rotte: {2: [(1, 6), (6, 9), (9, 8), (8, 3), (3, 2), (2, 10), (10, 13), (13, 12), (12, 14)], 3: [(1, 5), (5, 7), (7, 4), (4, 18), (18, 11), (11, 17), (17, 16), (16, 15)]}, padri: [14, 18], figli: [16, 17], mosse: [(2, 2, 3, 2, 11), (3, 3, 16, 15, 4)]
16 -> costo: 64452.899999999994, rotte: {2: [(1, 9), (9, 8), (8, 3), (3, 2), (2, 10), (10, 13), (13, 12), (12, 14)], 3: [(1, 5), (5, 7), (7, 4), (4, 6), (6, 18), (18, 11), (11, 17), (17, 16), (16, 15)]}, padri: [15], figli: [], mosse: [(3, 2, 4, 6, 15)]
17 -> costo: 64510.09999999999, rotte: {2: [(1, 9), (9, 8), (8, 6), (6, 3), (3, 2), (2, 10), (10, 13), (13, 12), (12, 14)], 3: [(1, 5), (5, 7), (7, 4), (4, 18), (18, 11), (11, 17), (17, 16), (16, 15)]}, padri: [15, 19], figli: [], mosse: [(2, 2, 8, 6, 15), (3, 3, 16, 15, 4)]
18 -> costo: 64686.69999999999, rotte: {2: [(1, 6), (6, 9), (9, 8), (8, 3), (3, 2), (2, 10), (10, 13), (13, 12), (12, 14)], 3: [(1, 5), (5, 7), (7, 4), (4, 18), (18, 11), (11, 15), (15, 17), (17, 16)]}, padri: [9], figli: [12, 15, 19], mosse: [(2, 2, 3, 2, 11)]
19 -> costo: 64619.09999999999, rotte: {2: [(1, 9), (9, 8), (8, 6), (6, 3), (3, 2), (2, 10), (10, 13), (13, 12), (12, 14)], 3: [(1, 5), (5, 7), (7, 4), (4, 18), (18, 11), (11, 15), (15, 17), (17, 16)]}, padri: [18], figli: [17], mosse: [(2, 2, 8, 6, 15)]
20 -> costo: 64993.5, rotte: {2: [(1, 9), (9, 8), (8, 10), (10, 2), (2, 3), (3, 13), (13, 12), (12, 14)], 3: [(1, 5), (5, 7), (7, 4), (4, 6), (6, 18), (18, 11), (11, 15), (15, 17), (17, 16)]}, padri: [8], figli: [10, 21], mosse: [(3, 2, 4, 6, 15)]
21 -> costo: 64884.5, rotte: {2: [(1, 9), (9, 8), (8, 10), (10, 2), (2, 3), (3, 13), (13, 12), (12, 14)], 3: [(1, 5), (5, 7), (7, 4), (4, 6), (6, 18), (18, 11), (11, 17), (17, 16), (16, 15)]}, padri: [20, 22], figli: [11], mosse: [(3, 3, 16, 15, 4), (3, 2, 4, 6, 15)]
22 -> costo: 65009.29999999999, rotte: {2: [(1, 6), (6, 9), (9, 8), (8, 10), (10, 2), (2, 3), (3, 13), (13, 12), (12, 14)], 3: [(1, 5), (5, 7), (7, 4), (4, 18), (18, 11), (11, 17), (17, 16), (16, 15)]}, padri: [8], figli: [14, 21], mosse: [(3, 3, 16, 15, 4)]
23 -> costo: 65155.200000000004, rotte: {2: [(1, 6), (6, 9), (9, 8), (8, 2), (2, 3), (3, 10), (10, 13), (13, 12), (12, 14)], 3: [(1, 18), (18, 5), (5, 7), (7, 4), (4, 11), (11, 15), (15, 17), (17, 16)]}, padri: [7], figli: [9, 24], mosse: [(2, 2, 3, 10, 19)]
24 -> costo: 64914.200000000004, rotte: {2: [(1, 9), (9, 8), (8, 2), (2, 3), (3, 10), (10, 13), (13, 12), (12, 14)], 3: [(1, 18), (18, 6), (6, 5), (5, 7), (7, 4), (4, 11), (11, 15), (15, 17), (17, 16)]}, padri: [23], figli: [25], mosse: [(3, 2, 18, 6, 15)]
25 -> costo: 64706.100000000006, rotte: {2: [(1, 9), (9, 8), (8, 2), (2, 3), (3, 10), (10, 13), (13, 12), (12, 14)], 3: [(1, 18), (18, 6), (6, 7), (7, 5), (5, 4), (4, 11), (11, 15), (15, 17), (17, 16)]}, padri: [24], figli: [26, 28, 30], mosse: [(3, 3, 5, 7)]
26 -> costo: 64084.5, rotte: {2: [(1, 9), (9, 8), (8, 18), (18, 2), (2, 3), (3, 10), (10, 13), (13, 12), (12, 14)], 3: [(1, 6), (6, 7), (7, 5), (5, 4), (4, 11), (11, 15), (15, 17), (17, 16)]}, padri: [25], figli: [27, 31], mosse: [(2, 3, 8, 18, 5)]
27 -> costo: 63975.5, rotte: {2: [(1, 9), (9, 8), (8, 18), (18, 2), (2, 3), (3, 10), (10, 13), (13, 12), (12, 14)], 3: [(1, 6), (6, 7), (7, 5), (5, 4), (4, 11), (11, 17), (17, 16), (16, 15)]}, padri: [26, 30], figli: [], mosse: [(3, 3, 16, 15, 4), (2, 3, 8, 18, 5)]
28 -> costo: 64084.5, rotte: {2: [(1, 18), (18, 9), (9, 8), (8, 2), (2, 3), (3, 10), (10, 13), (13, 12), (12, 14)], 3: [(1, 6), (6, 7), (7, 5), (5, 4), (4, 11), (11, 15), (15, 17), (17, 16)]}, padri: [25], figli: [29], mosse: [(2, 3, 1, 18, 5)]
29 -> costo: 63975.5, rotte: {2: [(1, 18), (18, 9), (9, 8), (8, 2), (2, 3), (3, 10), (10, 13), (13, 12), (12, 14)], 3: [(1, 6), (6, 7), (7, 5), (5, 4), (4, 11), (11, 17), (17, 16), (16, 15)]}, padri: [28], figli: [], mosse: [(3, 3, 16, 15, 4)]
30 -> costo: 64597.1, rotte: {2: [(1, 9), (9, 8), (8, 2), (2, 3), (3, 10), (10, 13), (13, 12), (12, 14)], 3: [(1, 18), (18, 6), (6, 7), (7, 5), (5, 4), (4, 11), (11, 17), (17, 16), (16, 15)]}, padri: [25], figli: [27, 31], mosse: [(3, 3, 16, 15, 4)]
31 -> costo: 63975.5, rotte: {2: [(1, 18), (18, 9), (9, 8), (8, 2), (2, 3), (3, 10), (10, 13), (13, 12), (12, 14)], 3: [(1, 6), (6, 7), (7, 5), (5, 4), (4, 11), (11, 17), (17, 16), (16, 15)]}, padri: [26, 30], figli: [], mosse: [(2, 3, 1, 18, 5)]
bestSolutionIndice: 27
27 -> costo: 63975.5, rotte: {2: [(1, 9), (9, 8), (8, 18), (18, 2), (2, 3), (3, 10), (10, 13), (13, 12), (12, 14)], 3: [(1, 6), (6, 7), (7, 5), (5, 4), (4, 11), (11, 17), (17, 16), (16, 15)]}, padri: [26, 30], figli: [], mosse: [(3, 3, 16, 15, 4), (2, 3, 8, 18, 5)]
trasportoPalletDiGamma: {2: [(9, 18), (8, 17), (18, 5), (2, 11), (3, 12), (10, 19), (13, 2), (12, 1), (14, 3)], 3: [(6, 15), (7, 16), (5, 14), (4, 13), (11, 20), (17, 6), (16, 5), (15, 4)]}
itMosseLS: 41, itMosseTS: 30
time elapsed: 232.54s.


##########################################################################################
s: 1
dictSolutions[1]:
0 -> costo: 147659.1, rotte: {2: [(1, 17), (17, 18), (18, 5), (5, 15), (15, 7), (7, 13), (13, 10), (10, 2), (2, 16)], 3: [(1, 12), (12, 9), (9, 11), (11, 3), (3, 8), (8, 14), (14, 6), (6, 4)]}, padri: [-1], figli: [1], mosse: [-1]
1 -> costo: 119900.99999999997, rotte: {2: [(1, 17), (17, 18), (18, 5), (5, 7), (7, 13), (13, 10), (10, 2), (2, 16), (16, 15)], 3: [(1, 12), (12, 9), (9, 11), (11, 3), (3, 8), (8, 14), (14, 6), (6, 4)]}, padri: [0], figli: [2], mosse: [(2, 2, 16, 15, 4)]
2 -> costo: 119681.39999999997, rotte: {2: [(1, 17), (17, 18), (18, 5), (5, 7), (7, 13), (13, 10), (10, 2), (2, 16), (16, 15)], 3: [(1, 12), (12, 9), (9, 11), (11, 3), (3, 8), (8, 14), (14, 4), (4, 6)]}, padri: [1], figli: [3], mosse: [(3, 3, 6, 4)]
3 -> costo: 99425.99999999999, rotte: {2: [(1, 18), (18, 5), (5, 7), (7, 13), (13, 10), (10, 2), (2, 16), (16, 17), (17, 15)], 3: [(1, 12), (12, 9), (9, 11), (11, 3), (3, 8), (8, 14), (14, 4), (4, 6)]}, padri: [2], figli: [4], mosse: [(2, 2, 16, 17, 6)]
4 -> costo: 85985.4, rotte: {2: [(1, 18), (18, 5), (5, 7), (7, 13), (13, 10), (10, 2), (2, 16), (16, 17), (17, 15)], 3: [(1, 12), (12, 11), (11, 3), (3, 8), (8, 9), (9, 14), (14, 4), (4, 6)]}, padri: [3], figli: [5], mosse: [(3, 3, 8, 9, 18)]
5 -> costo: 81353.0, rotte: {2: [(1, 18), (18, 5), (5, 7), (7, 10), (10, 2), (2, 13), (13, 16), (16, 17), (17, 15)], 3: [(1, 12), (12, 11), (11, 3), (3, 8), (8, 9), (9, 14), (14, 4), (4, 6)]}, padri: [4], figli: [6], mosse: [(2, 2, 2, 13, 2)]
6 -> costo: 78263.59999999999, rotte: {2: [(1, 18), (18, 5), (5, 7), (7, 10), (10, 2), (2, 13), (13, 16), (16, 17), (17, 15)], 3: [(1, 12), (12, 11), (11, 3), (3, 8), (8, 9), (9, 4), (4, 6), (6, 14)]}, padri: [5], figli: [7], mosse: [(3, 3, 6, 14, 3)]
7 -> costo: 71928.40000000001, rotte: {2: [(1, 18), (18, 5), (5, 7), (7, 10), (10, 2), (2, 13), (13, 16), (16, 17), (17, 15)], 3: [(1, 12), (12, 11), (11, 14), (14, 3), (3, 8), (8, 9), (9, 4), (4, 6)]}, padri: [6], figli: [8], mosse: [(3, 3, 11, 14, 3)]
8 -> costo: 71323.2, rotte: {2: [(1, 18), (18, 5), (5, 7), (7, 10), (10, 2), (2, 13), (13, 16), (16, 17), (17, 15)], 3: [(1, 12), (12, 11), (11, 14), (14, 3), (3, 8), (8, 9), (9, 6), (6, 4)]}, padri: [7], figli: [9], mosse: [(3, 3, 4, 6)]
9 -> costo: 68751.40000000001, rotte: {2: [(1, 18), (18, 5), (5, 7), (7, 10), (10, 2), (2, 13), (13, 16), (16, 17), (17, 15)], 3: [(1, 12), (12, 11), (11, 14), (14, 8), (8, 9), (9, 6), (6, 4), (4, 3)]}, padri: [8], figli: [10, 18], mosse: [(3, 3, 4, 3, 12)]
10 -> costo: 67435.6, rotte: {2: [(1, 5), (5, 7), (7, 18), (18, 10), (10, 2), (2, 13), (13, 16), (16, 17), (17, 15)], 3: [(1, 12), (12, 11), (11, 14), (14, 8), (8, 9), (9, 6), (6, 4), (4, 3)]}, padri: [9], figli: [11, 15, 17, 23, 26], mosse: [(2, 2, 7, 18, 5)]
11 -> costo: 66949.70000000001, rotte: {2: [(1, 5), (5, 7), (7, 18), (18, 2), (2, 10), (10, 13), (13, 16), (16, 17), (17, 15)], 3: [(1, 12), (12, 11), (11, 14), (14, 8), (8, 9), (9, 6), (6, 4), (4, 3)]}, padri: [10, 18, 23], figli: [12, 14, 16, 25], mosse: [(2, 2, 2, 10, 19), (2, 2, 7, 18, 5), (2, 2, 18, 2, 11)]
12 -> costo: 66738.90000000001, rotte: {2: [(1, 5), (5, 7), (7, 18), (18, 2), (2, 10), (10, 13), (13, 12), (12, 16), (16, 17), (17, 15)], 3: [(1, 11), (11, 14), (14, 8), (8, 9), (9, 6), (6, 4), (4, 3)]}, padri: [11, 15, 24], figli: [13, 31], mosse: [(2, 3, 13, 12, 1), (2, 2, 2, 10, 19), (2, 2, 18, 2, 11)]
13 -> costo: 66738.9, rotte: {2: [(1, 5), (5, 7), (7, 18), (18, 2), (2, 10), (10, 13), (13, 12), (12, 16), (16, 17), (17, 15)], 3: [(1, 11), (11, 14), (14, 9), (9, 8), (8, 6), (6, 4), (4, 3)]}, padri: [12, 14, 16, 30], figli: [], mosse: [(3, 3, 9, 8, 17), (2, 3, 13, 12, 1), (2, 2, 2, 10, 19), (2, 2, 18, 2, 11)]
14 -> costo: 66949.7, rotte: {2: [(1, 5), (5, 7), (7, 18), (18, 2), (2, 10), (10, 13), (13, 16), (16, 17), (17, 15)], 3: [(1, 12), (12, 11), (11, 14), (14, 9), (9, 8), (8, 6), (6, 4), (4, 3)]}, padri: [11, 17, 29], figli: [13, 31], mosse: [(3, 3, 9, 8, 17), (2, 2, 2, 10, 19), (2, 2, 18, 2, 11)]
15 -> costo: 67224.8, rotte: {2: [(1, 5), (5, 7), (7, 18), (18, 10), (10, 2), (2, 13), (13, 12), (12, 16), (16, 17), (17, 15)], 3: [(1, 11), (11, 14), (14, 8), (8, 9), (9, 6), (6, 4), (4, 3)]}, padri: [10], figli: [12, 16, 25], mosse: [(2, 3, 13, 12, 1)]
16 -> costo: 67224.79999999999, rotte: {2: [(1, 5), (5, 7), (7, 18), (18, 10), (10, 2), (2, 13), (13, 12), (12, 16), (16, 17), (17, 15)], 3: [(1, 11), (11, 14), (14, 9), (9, 8), (8, 6), (6, 4), (4, 3)]}, padri: [15, 17], figli: [13, 31], mosse: [(3, 3, 9, 8, 17), (2, 3, 13, 12, 1)]
17 -> costo: 67435.59999999999, rotte: {2: [(1, 5), (5, 7), (7, 18), (18, 10), (10, 2), (2, 13), (13, 16), (16, 17), (17, 15)], 3: [(1, 12), (12, 11), (11, 14), (14, 9), (9, 8), (8, 6), (6, 4), (4, 3)]}, padri: [10], figli: [14, 16], mosse: [(3, 3, 9, 8, 17)]
18 -> costo: 67486.1, rotte: {2: [(1, 18), (18, 5), (5, 7), (7, 2), (2, 10), (10, 13), (13, 16), (16, 17), (17, 15)], 3: [(1, 12), (12, 11), (11, 14), (14, 8), (8, 9), (9, 6), (6, 4), (4, 3)]}, padri: [9], figli: [19, 11, 23, 26], mosse: [(2, 2, 2, 10, 19)]
19 -> costo: 66689.50000000001, rotte: {2: [(1, 18), (18, 7), (7, 5), (5, 2), (2, 10), (10, 13), (13, 16), (16, 17), (17, 15)], 3: [(1, 12), (12, 11), (11, 14), (14, 8), (8, 9), (9, 6), (6, 4), (4, 3)]}, padri: [18], figli: [20, 21], mosse: [(2, 2, 7, 5, 14)]
20 -> costo: 66478.70000000001, rotte: {2: [(1, 18), (18, 7), (7, 5), (5, 2), (2, 10), (10, 13), (13, 12), (12, 16), (16, 17), (17, 15)], 3: [(1, 11), (11, 14), (14, 8), (8, 9), (9, 6), (6, 4), (4, 3)]}, padri: [19], figli: [], mosse: [(2, 3, 13, 12, 1)]
21 -> costo: 66689.5, rotte: {2: [(1, 18), (18, 7), (7, 5), (5, 2), (2, 10), (10, 13), (13, 16), (16, 17), (17, 15)], 3: [(1, 12), (12, 11), (11, 14), (14, 9), (9, 8), (8, 6), (6, 4), (4, 3)]}, padri: [19], figli: [22], mosse: [(3, 3, 9, 8, 17)]
22 -> costo: 66478.70000000001, rotte: {2: [(1, 18), (18, 7), (7, 5), (5, 2), (2, 10), (10, 13), (13, 12), (12, 16), (16, 17), (17, 15)], 3: [(1, 11), (11, 14), (14, 9), (9, 8), (8, 6), (6, 4), (4, 3)]}, padri: [21], figli: [], mosse: [(2, 3, 13, 12, 1)]
23 -> costo: 67113.8, rotte: {2: [(1, 5), (5, 7), (7, 2), (2, 18), (18, 10), (10, 13), (13, 16), (16, 17), (17, 15)], 3: [(1, 12), (12, 11), (11, 14), (14, 8), (8, 9), (9, 6), (6, 4), (4, 3)]}, padri: [18], figli: [24, 11, 26, 29], mosse: [(2, 2, 2, 18, 5)]
24 -> costo: 66903.0, rotte: {2: [(1, 5), (5, 7), (7, 2), (2, 18), (18, 10), (10, 13), (13, 12), (12, 16), (16, 17), (17, 15)], 3: [(1, 11), (11, 14), (14, 8), (8, 9), (9, 6), (6, 4), (4, 3)]}, padri: [23], figli: [12, 25, 27], mosse: [(2, 3, 13, 12, 1)]
25 -> costo: 66802.5, rotte: {2: [(1, 7), (7, 5), (5, 2), (2, 18), (18, 10), (10, 13), (13, 12), (12, 16), (16, 17), (17, 15)], 3: [(1, 11), (11, 14), (14, 8), (8, 9), (9, 6), (6, 4), (4, 3)]}, padri: [24, 26], figli: [], mosse: [(2, 2, 7, 5, 14), (2, 3, 13, 12, 1)]
26 -> costo: 67013.3, rotte: {2: [(1, 7), (7, 5), (5, 2), (2, 18), (18, 10), (10, 13), (13, 16), (16, 17), (17, 15)], 3: [(1, 12), (12, 11), (11, 14), (14, 8), (8, 9), (9, 6), (6, 4), (4, 3)]}, padri: [23], figli: [25, 27], mosse: [(2, 2, 7, 5, 14)]
27 -> costo: 67013.29999999999, rotte: {2: [(1, 7), (7, 5), (5, 2), (2, 18), (18, 10), (10, 13), (13, 16), (16, 17), (17, 15)], 3: [(1, 12), (12, 11), (11, 14), (14, 9), (9, 8), (8, 6), (6, 4), (4, 3)]}, padri: [26, 29], figli: [28], mosse: [(3, 3, 9, 8, 17), (2, 2, 7, 5, 14)]
28 -> costo: 66802.5, rotte: {2: [(1, 7), (7, 5), (5, 2), (2, 18), (18, 10), (10, 13), (13, 12), (12, 16), (16, 17), (17, 15)], 3: [(1, 11), (11, 14), (14, 9), (9, 8), (8, 6), (6, 4), (4, 3)]}, padri: [27], figli: [], mosse: [(2, 3, 13, 12, 1)]
29 -> costo: 67113.79999999999, rotte: {2: [(1, 5), (5, 7), (7, 2), (2, 18), (18, 10), (10, 13), (13, 16), (16, 17), (17, 15)], 3: [(1, 12), (12, 11), (11, 14), (14, 9), (9, 8), (8, 6), (6, 4), (4, 3)]}, padri: [23], figli: [30, 14, 27], mosse: [(3, 3, 9, 8, 17)]
30 -> costo: 66903.0, rotte: {2: [(1, 5), (5, 7), (7, 2), (2, 18), (18, 10), (10, 13), (13, 12), (12, 16), (16, 17), (17, 15)], 3: [(1, 11), (11, 14), (14, 9), (9, 8), (8, 6), (6, 4), (4, 3)]}, padri: [29], figli: [13, 31], mosse: [(2, 3, 13, 12, 1)]
31 -> costo: 66802.5, rotte: {2: [(1, 7), (7, 5), (5, 2), (2, 18), (18, 10), (10, 13), (13, 12), (12, 16), (16, 17), (17, 15)], 3: [(1, 11), (11, 14), (14, 9), (9, 8), (8, 6), (6, 4), (4, 3)]}, padri: [12, 14, 16, 30], figli: [], mosse: [(2, 2, 7, 5, 14)]
bestSolutionIndice: 20
20 -> costo: 66478.70000000001, rotte: {2: [(1, 18), (18, 7), (7, 5), (5, 2), (2, 10), (10, 13), (13, 12), (12, 16), (16, 17), (17, 15)], 3: [(1, 11), (11, 14), (14, 8), (8, 9), (9, 6), (6, 4), (4, 3)]}, padri: [19], figli: [], mosse: [(2, 3, 13, 12, 1)]
trasportoPalletDiGamma: {2: [(18, 5), (7, 16), (5, 14), (2, 11), (10, 19), (13, 2), (12, 1), (16, 5), (17, 6), (15, 4)], 3: [(11, 20), (14, 3), (8, 17), (9, 18), (6, 15), (4, 13), (3, 12)]}
itMosseLS: 43, itMosseTS: 30
time elapsed: 468.30s.


##########################################################################################
s: 1
dictSolutions[1]:
0 -> costo: 162911.8, rotte: {3: [(1, 16), (16, 9), (9, 15), (15, 18), (18, 3), (3, 14), (14, 2), (2, 12), (12, 4), (4, 17), (17, 5)], 2: [(1, 13), (13, 10), (10, 6), (6, 8), (8, 11), (11, 7), (7, 5)]}, padri: [-1], figli: [1], mosse: [-1]
1 -> costo: 134660.59999999998, rotte: {3: [(1, 16), (16, 15), (15, 18), (18, 3), (3, 14), (14, 2), (2, 12), (12, 4), (4, 17), (17, 5), (5, 9)], 2: [(1, 13), (13, 10), (10, 6), (6, 8), (8, 11), (11, 7), (7, 5)]}, padri: [0], figli: [2], mosse: [(3, 3, 5, 9, 18)]
2 -> costo: 133983.09999999998, rotte: {3: [(1, 16), (16, 15), (15, 18), (18, 3), (3, 14), (14, 2), (2, 12), (12, 4), (4, 17), (17, 5), (5, 9)], 2: [(1, 13), (13, 10), (10, 6), (6, 8), (8, 11), (11, 5), (5, 7)]}, padri: [1], figli: [3], mosse: [(2, 2, 7, 5)]
3 -> costo: 122000.90000000001, rotte: {3: [(1, 16), (16, 15), (15, 18), (18, 3), (3, 14), (14, 12), (12, 4), (4, 17), (17, 2), (2, 5), (5, 9)], 2: [(1, 13), (13, 10), (10, 6), (6, 8), (8, 11), (11, 5), (5, 7)]}, padri: [2], figli: [4], mosse: [(3, 3, 17, 2, 11)]
4 -> costo: 111763.6, rotte: {3: [(1, 16), (16, 15), (15, 18), (18, 3), (3, 14), (14, 12), (12, 4), (4, 2), (2, 5), (5, 9), (9, 17)], 2: [(1, 13), (13, 10), (10, 6), (6, 8), (8, 11), (11, 5), (5, 7)]}, padri: [3], figli: [5], mosse: [(3, 3, 9, 17, 6)]
5 -> costo: 95663.30000000002, rotte: {3: [(1, 16), (16, 17), (17, 15), (15, 18), (18, 3), (3, 14), (14, 12), (12, 4), (4, 2), (2, 5), (5, 9)], 2: [(1, 13), (13, 10), (10, 6), (6, 8), (8, 11), (11, 5), (5, 7)]}, padri: [4], figli: [6], mosse: [(3, 3, 16, 17, 6)]
6 -> costo: 87342.1, rotte: {3: [(1, 16), (16, 17), (17, 15), (15, 18), (18, 3), (3, 14), (14, 12), (12, 13), (13, 4), (4, 2), (2, 5), (5, 9)], 2: [(1, 10), (10, 6), (6, 8), (8, 11), (11, 5), (5, 7)]}, padri: [5], figli: [7], mosse: [(3, 2, 12, 13, 2)]
7 -> costo: 85024.2, rotte: {3: [(1, 16), (16, 17), (17, 15), (15, 18), (18, 3), (3, 14), (14, 12), (12, 13), (13, 4), (4, 2), (2, 5), (5, 9)], 2: [(1, 10), (10, 6), (6, 8), (8, 5), (5, 7), (7, 11)]}, padri: [6], figli: [8], mosse: [(2, 2, 7, 11, 20)]
8 -> costo: 82248.20000000001, rotte: {3: [(1, 16), (16, 17), (17, 15), (15, 18), (18, 3), (3, 14), (14, 12), (12, 13), (13, 4), (4, 2), (2, 5), (5, 9)], 2: [(1, 10), (10, 6), (6, 5), (5, 7), (7, 8), (8, 11)]}, padri: [7], figli: [9], mosse: [(2, 2, 7, 8, 17)]
9 -> costo: 80648.30000000002, rotte: {3: [(1, 16), (16, 17), (17, 15), (15, 3), (3, 14), (14, 12), (12, 13), (13, 4), (4, 2), (2, 5), (5, 18), (18, 9)], 2: [(1, 10), (10, 6), (6, 5), (5, 7), (7, 8), (8, 11)]}, padri: [8], figli: [10], mosse: [(3, 3, 5, 18, 5)]
10 -> costo: 74221.5, rotte: {3: [(1, 16), (16, 17), (17, 15), (15, 14), (14, 12), (12, 13), (13, 3), (3, 4), (4, 2), (2, 5), (5, 18), (18, 9)], 2: [(1, 10), (10, 6), (6, 5), (5, 7), (7, 8), (8, 11)]}, padri: [9], figli: [11], mosse: [(3, 3, 13, 3, 12)]
11 -> costo: 73504.6, rotte: {3: [(1, 16), (16, 17), (17, 15), (15, 14), (14, 12), (12, 13), (13, 3), (3, 4), (4, 2), (2, 5), (5, 18), (18, 9)], 2: [(1, 10), (10, 5), (5, 7), (7, 6), (6, 8), (8, 11)]}, padri: [10], figli: [12, 20, 21], mosse: [(2, 2, 7, 6, 15)]
12 -> costo: 72996.40000000001, rotte: {3: [(1, 16), (16, 17), (17, 15), (15, 12), (12, 13), (13, 14), (14, 3), (3, 4), (4, 2), (2, 5), (5, 18), (18, 9)], 2: [(1, 10), (10, 5), (5, 7), (7, 6), (6, 8), (8, 11)]}, padri: [11, 20], figli: [13, 17, 22, 27], mosse: [(3, 3, 13, 14, 3), (3, 3, 13, 14, 3)]
13 -> costo: 72945.7, rotte: {3: [(1, 16), (16, 17), (17, 15), (15, 12), (12, 13), (13, 14), (14, 3), (3, 4), (4, 2), (2, 5), (5, 18), (18, 9)], 2: [(1, 5), (5, 7), (7, 6), (6, 10), (10, 8), (8, 11)]}, padri: [12, 21], figli: [14, 24], mosse: [(2, 2, 6, 10, 19), (3, 3, 13, 14, 3)]
14 -> costo: 72937.0, rotte: {3: [(1, 16), (16, 17), (17, 15), (15, 12), (12, 13), (13, 14), (14, 3), (3, 2), (2, 4), (4, 5), (5, 18), (18, 9)], 2: [(1, 5), (5, 7), (7, 6), (6, 10), (10, 8), (8, 11)]}, padri: [13, 17, 22], figli: [15, 16], mosse: [(3, 3, 2, 4, 13), (2, 2, 6, 10, 19), (3, 3, 13, 14, 3)]
15 -> costo: 72799.0, rotte: {3: [(1, 16), (16, 17), (17, 15), (15, 12), (12, 13), (13, 14), (14, 2), (2, 3), (3, 4), (4, 5), (5, 18), (18, 9)], 2: [(1, 5), (5, 7), (7, 6), (6, 10), (10, 8), (8, 11)]}, padri: [14, 16, 18, 23], figli: [], mosse: [(3, 3, 2, 3, 12), (3, 3, 3, 4, 13), (2, 2, 6, 10, 19), (3, 3, 13, 14, 3)]
16 -> costo: 72874.9, rotte: {3: [(1, 16), (16, 17), (17, 15), (15, 12), (12, 13), (13, 14), (14, 2), (2, 4), (4, 3), (3, 5), (5, 18), (18, 9)], 2: [(1, 5), (5, 7), (7, 6), (6, 10), (10, 8), (8, 11)]}, padri: [14, 19, 24], figli: [15], mosse: [(3, 3, 4, 3, 12), (2, 2, 6, 10, 19), (3, 3, 13, 14, 3)]
17 -> costo: 72987.7, rotte: {3: [(1, 16), (16, 17), (17, 15), (15, 12), (12, 13), (13, 14), (14, 3), (3, 2), (2, 4), (4, 5), (5, 18), (18, 9)], 2: [(1, 10), (10, 5), (5, 7), (7, 6), (6, 8), (8, 11)]}, padri: [12, 25], figli: [18, 19, 14, 24], mosse: [(3, 3, 2, 4, 13), (3, 3, 13, 14, 3)]
18 -> costo: 72849.7, rotte: {3: [(1, 16), (16, 17), (17, 15), (15, 12), (12, 13), (13, 14), (14, 2), (2, 3), (3, 4), (4, 5), (5, 18), (18, 9)], 2: [(1, 10), (10, 5), (5, 7), (7, 6), (6, 8), (8, 11)]}, padri: [17, 19, 26], figli: [15], mosse: [(3, 3, 2, 3, 12), (3, 3, 3, 4, 13), (3, 3, 13, 14, 3)]
19 -> costo: 72925.6, rotte: {3: [(1, 16), (16, 17), (17, 15), (15, 12), (12, 13), (13, 14), (14, 2), (2, 4), (4, 3), (3, 5), (5, 18), (18, 9)], 2: [(1, 10), (10, 5), (5, 7), (7, 6), (6, 8), (8, 11)]}, padri: [17, 27], figli: [18, 16], mosse: [(3, 3, 4, 3, 12), (3, 3, 13, 14, 3)]
20 -> costo: 73068.2, rotte: {3: [(1, 16), (16, 17), (17, 15), (15, 12), (12, 14), (14, 13), (13, 3), (3, 4), (4, 2), (2, 5), (5, 18), (18, 9)], 2: [(1, 10), (10, 5), (5, 7), (7, 6), (6, 8), (8, 11)]}, padri: [11], figli: [12, 21, 25], mosse: [(3, 3, 12, 14, 3)]
21 -> costo: 73017.5, rotte: {3: [(1, 16), (16, 17), (17, 15), (15, 12), (12, 14), (14, 13), (13, 3), (3, 4), (4, 2), (2, 5), (5, 18), (18, 9)], 2: [(1, 5), (5, 7), (7, 6), (6, 10), (10, 8), (8, 11)]}, padri: [20], figli: [13, 22], mosse: [(2, 2, 6, 10, 19)]
22 -> costo: 73008.8, rotte: {3: [(1, 16), (16, 17), (17, 15), (15, 12), (12, 14), (14, 13), (13, 3), (3, 2), (2, 4), (4, 5), (5, 18), (18, 9)], 2: [(1, 5), (5, 7), (7, 6), (6, 10), (10, 8), (8, 11)]}, padri: [21], figli: [23, 14, 24], mosse: [(3, 3, 2, 4, 13)]
23 -> costo: 72870.8, rotte: {3: [(1, 16), (16, 17), (17, 15), (15, 12), (12, 14), (14, 13), (13, 2), (2, 3), (3, 4), (4, 5), (5, 18), (18, 9)], 2: [(1, 5), (5, 7), (7, 6), (6, 10), (10, 8), (8, 11)]}, padri: [22, 24, 26], figli: [15], mosse: [(3, 3, 2, 3, 12), (3, 3, 3, 4, 13), (2, 2, 6, 10, 19)]
24 -> costo: 72946.7, rotte: {3: [(1, 16), (16, 17), (17, 15), (15, 12), (12, 14), (14, 13), (13, 2), (2, 4), (4, 3), (3, 5), (5, 18), (18, 9)], 2: [(1, 5), (5, 7), (7, 6), (6, 10), (10, 8), (8, 11)]}, padri: [22, 27], figli: [23, 16], mosse: [(3, 3, 4, 3, 12), (2, 2, 6, 10, 19)]
25 -> costo: 73059.5, rotte: {3: [(1, 16), (16, 17), (17, 15), (15, 12), (12, 14), (14, 13), (13, 3), (3, 2), (2, 4), (4, 5), (5, 18), (18, 9)], 2: [(1, 10), (10, 5), (5, 7), (7, 6), (6, 8), (8, 11)]}, padri: [20], figli: [26, 17, 27], mosse: [(3, 3, 2, 4, 13)]
26 -> costo: 72921.5, rotte: {3: [(1, 16), (16, 17), (17, 15), (15, 12), (12, 14), (14, 13), (13, 2), (2, 3), (3, 4), (4, 5), (5, 18), (18, 9)], 2: [(1, 10), (10, 5), (5, 7), (7, 6), (6, 8), (8, 11)]}, padri: [25, 27], figli: [18, 23], mosse: [(3, 3, 2, 3, 12), (3, 3, 3, 4, 13)]
27 -> costo: 72997.40000000001, rotte: {3: [(1, 16), (16, 17), (17, 15), (15, 12), (12, 14), (14, 13), (13, 2), (2, 4), (4, 3), (3, 5), (5, 18), (18, 9)], 2: [(1, 10), (10, 5), (5, 7), (7, 6), (6, 8), (8, 11)]}, padri: [25], figli: [26, 19, 24], mosse: [(3, 3, 4, 3, 12)]
bestSolutionIndice: 15
15 -> costo: 72799.0, rotte: {3: [(1, 16), (16, 17), (17, 15), (15, 12), (12, 13), (13, 14), (14, 2), (2, 3), (3, 4), (4, 5), (5, 18), (18, 9)], 2: [(1, 5), (5, 7), (7, 6), (6, 10), (10, 8), (8, 11)]}, padri: [14, 16, 18, 23], figli: [], mosse: [(3, 3, 2, 3, 12), (3, 3, 3, 4, 13), (2, 2, 6, 10, 19), (3, 3, 13, 14, 3)]
trasportoPalletDiGamma: {3: [(16, 5), (17, 6), (15, 4), (12, 1), (13, 2), (14, 3), (2, 11), (3, 12), (4, 13), (5, 3), (18, 5), (9, 18)], 2: [(5, 11), (7, 16), (6, 15), (10, 19), (8, 17), (11, 20)]}
itMosseLS: 44, itMosseTS: 30
time elapsed: 387.04s.


##########################################################################################
s: 1
dictSolutions[1]:
0 -> costo: 132697.30000000002, rotte: {2: [(1, 17), (17, 3), (3, 5), (5, 14), (14, 11), (11, 6), (6, 8), (8, 12), (12, 16)], 3: [(1, 18), (18, 15), (15, 7), (7, 4), (4, 13), (13, 10), (10, 9), (9, 2)]}, padri: [-1], figli: [1], mosse: [-1]
1 -> costo: 112314.59999999999, rotte: {2: [(1, 3), (3, 5), (5, 14), (14, 11), (11, 6), (6, 8), (8, 12), (12, 17), (17, 16)], 3: [(1, 18), (18, 15), (15, 7), (7, 4), (4, 13), (13, 10), (10, 9), (9, 2)]}, padri: [0], figli: [2], mosse: [(2, 2, 12, 17, 6)]
2 -> costo: 110229.0, rotte: {2: [(1, 3), (3, 5), (5, 14), (14, 11), (11, 6), (6, 8), (8, 12), (12, 17), (17, 16)], 3: [(1, 18), (18, 15), (15, 7), (7, 4), (4, 13), (13, 10), (10, 2), (2, 9)]}, padri: [1], figli: [3], mosse: [(3, 3, 9, 2)]
3 -> costo: 98941.30000000002, rotte: {2: [(1, 3), (3, 5), (5, 14), (14, 11), (11, 6), (6, 8), (8, 12), (12, 17), (17, 16)], 3: [(1, 18), (18, 7), (7, 4), (4, 13), (13, 10), (10, 2), (2, 9), (9, 15)]}, padri: [2], figli: [4], mosse: [(3, 3, 9, 15, 4)]
4 -> costo: 92025.5, rotte: {2: [(1, 3), (3, 5), (5, 14), (14, 11), (11, 6), (6, 8), (8, 12), (12, 17), (17, 16)], 3: [(1, 18), (18, 7), (7, 4), (4, 10), (10, 2), (2, 9), (9, 13), (13, 15)]}, padri: [3], figli: [5], mosse: [(3, 3, 9, 13, 2)]
5 -> costo: 90865.59999999999, rotte: {2: [(1, 3), (3, 5), (5, 14), (14, 11), (11, 6), (6, 8), (8, 12), (12, 17), (17, 16)], 3: [(1, 18), (18, 7), (7, 4), (4, 2), (2, 10), (10, 9), (9, 13), (13, 15)]}, padri: [4], figli: [6], mosse: [(3, 3, 2, 10, 19)]
6 -> costo: 90281.49999999999, rotte: {2: [(1, 3), (3, 5), (5, 14), (14, 11), (11, 6), (6, 18), (18, 8), (8, 12), (12, 17), (17, 16)], 3: [(1, 7), (7, 4), (4, 2), (2, 10), (10, 9), (9, 13), (13, 15)]}, padri: [5], figli: [7], mosse: [(2, 3, 6, 18, 5)]
7 -> costo: 88920.49999999999, rotte: {2: [(1, 5), (5, 14), (14, 11), (11, 6), (6, 18), (18, 8), (8, 12), (12, 17), (17, 16)], 3: [(1, 3), (3, 7), (7, 4), (4, 2), (2, 10), (10, 9), (9, 13), (13, 15)]}, padri: [6], figli: [8, 23], mosse: [(3, 2, 1, 3, 12)]
8 -> costo: 86533.09999999999, rotte: {2: [(1, 14), (14, 11), (11, 5), (5, 6), (6, 18), (18, 8), (8, 12), (12, 17), (17, 16)], 3: [(1, 3), (3, 7), (7, 4), (4, 2), (2, 10), (10, 9), (9, 13), (13, 15)]}, padri: [7, 23], figli: [9, 22], mosse: [(2, 2, 11, 5, 14), (2, 2, 5, 6, 15)]
9 -> costo: 86332.59999999998, rotte: {2: [(1, 14), (14, 5), (5, 6), (6, 18), (18, 8), (8, 11), (11, 12), (12, 17), (17, 16)], 3: [(1, 3), (3, 7), (7, 4), (4, 2), (2, 10), (10, 9), (9, 13), (13, 15)]}, padri: [8, 22], figli: [10, 11, 12, 13, 14, 15, 16, 18, 19, 21], mosse: [(2, 2, 8, 11, 20), (2, 2, 8, 11, 20)]
10 -> costo: 76645.7, rotte: {2: [(1, 5), (5, 6), (6, 18), (18, 8), (8, 14), (14, 11), (11, 12), (12, 17), (17, 16)], 3: [(1, 3), (3, 7), (7, 4), (4, 2), (2, 10), (10, 9), (9, 13), (13, 15)]}, padri: [9, 12, 15, 16, 21], figli: [], mosse: [(2, 2, 8, 14, 3), (2, 2, 14, 11, 20), (2, 2, 11, 12, 1), (2, 2, 11, 12, 1), (2, 3, 8, 14, 3)]
11 -> costo: 76917.4, rotte: {2: [(1, 5), (5, 6), (6, 18), (18, 8), (8, 11), (11, 12), (12, 17), (17, 16)], 3: [(1, 3), (3, 7), (7, 4), (4, 2), (2, 10), (10, 9), (9, 14), (14, 13), (13, 15)]}, padri: [9, 13, 18, 21], figli: [], mosse: [(3, 2, 9, 14, 3), (3, 3, 14, 13, 2), (3, 3, 9, 14, 3), (3, 3, 9, 14, 3)]
12 -> costo: 76992.1, rotte: {2: [(1, 5), (5, 6), (6, 18), (18, 8), (8, 11), (11, 14), (14, 12), (12, 17), (17, 16)], 3: [(1, 3), (3, 7), (7, 4), (4, 2), (2, 10), (10, 9), (9, 13), (13, 15)]}, padri: [9, 14, 17, 21], figli: [10, 16], mosse: [(2, 2, 11, 14, 3), (2, 2, 14, 12, 1), (2, 2, 14, 12, 1), (2, 3, 11, 14, 3)]
13 -> costo: 77152.4, rotte: {2: [(1, 5), (5, 6), (6, 18), (18, 8), (8, 11), (11, 12), (12, 17), (17, 16)], 3: [(1, 3), (3, 7), (7, 4), (4, 2), (2, 10), (10, 9), (9, 13), (13, 14), (14, 15)]}, padri: [9, 18, 21], figli: [11], mosse: [(3, 2, 13, 14, 3), (3, 3, 13, 14, 3), (3, 3, 13, 14, 3)]
14 -> costo: 77455.4, rotte: {2: [(1, 5), (5, 6), (6, 18), (18, 8), (8, 11), (11, 12), (12, 14), (14, 17), (17, 16)], 3: [(1, 3), (3, 7), (7, 4), (4, 2), (2, 10), (10, 9), (9, 13), (13, 15)]}, padri: [9, 21], figli: [12, 15, 17], mosse: [(2, 2, 12, 14, 3), (2, 3, 12, 14, 3)]
15 -> costo: 77335.59999999999, rotte: {2: [(1, 5), (5, 6), (6, 18), (18, 8), (8, 12), (12, 14), (14, 11), (11, 17), (17, 16)], 3: [(1, 3), (3, 7), (7, 4), (4, 2), (2, 10), (10, 9), (9, 13), (13, 15)]}, padri: [14], figli: [10, 16], mosse: [(2, 2, 14, 11, 20)]
16 -> costo: 77108.99999999999, rotte: {2: [(1, 5), (5, 6), (6, 18), (18, 8), (8, 14), (14, 12), (12, 11), (11, 17), (17, 16)], 3: [(1, 3), (3, 7), (7, 4), (4, 2), (2, 10), (10, 9), (9, 13), (13, 15)]}, padri: [15], figli: [10], mosse: [(2, 2, 14, 12, 1)]
17 -> costo: 77335.59999999999, rotte: {2: [(1, 5), (5, 6), (6, 18), (18, 8), (8, 12), (12, 11), (11, 14), (14, 17), (17, 16)], 3: [(1, 3), (3, 7), (7, 4), (4, 2), (2, 10), (10, 9), (9, 13), (13, 15)]}, padri: [14], figli: [12], mosse: [(2, 2, 12, 11, 20)]
18 -> costo: 85625.7, rotte: {2: [(1, 5), (5, 6), (6, 18), (18, 8), (8, 11), (11, 12), (12, 17), (17, 16)], 3: [(1, 3), (3, 7), (7, 4), (4, 2), (2, 10), (10, 14), (14, 9), (9, 13), (13, 15)]}, padri: [9, 21], figli: [11, 13, 19], mosse: [(3, 2, 10, 14, 3), (3, 3, 10, 14, 3)]
19 -> costo: 82546.99999999999, rotte: {2: [(1, 5), (5, 6), (6, 18), (18, 8), (8, 11), (11, 12), (12, 17), (17, 16)], 3: [(1, 3), (3, 7), (7, 4), (4, 2), (2, 10), (10, 14), (14, 13), (13, 9), (9, 15)]}, padri: [18], figli: [20], mosse: [(3, 3, 13, 9, 18)]
20 -> costo: 82517.2, rotte: {2: [(1, 5), (5, 6), (6, 18), (18, 8), (8, 11), (11, 12), (12, 17), (17, 16)], 3: [(1, 3), (3, 7), (7, 4), (4, 2), (2, 10), (10, 13), (13, 14), (14, 9), (9, 15)]}, padri: [19], figli: [], mosse: [(3, 3, 13, 14, 3)]
21 -> costo: 86308.19999999998, rotte: {2: [(1, 5), (5, 6), (6, 18), (18, 8), (8, 11), (11, 12), (12, 17), (17, 16)], 3: [(1, 14), (14, 3), (3, 7), (7, 4), (4, 2), (2, 10), (10, 9), (9, 13), (13, 15)]}, padri: [9], figli: [10, 11, 12, 13, 14, 18], mosse: [(3, 2, 1, 14, 3)]
22 -> costo: 86529.39999999998, rotte: {2: [(1, 11), (11, 14), (14, 5), (5, 6), (6, 18), (18, 8), (8, 12), (12, 17), (17, 16)], 3: [(1, 3), (3, 7), (7, 4), (4, 2), (2, 10), (10, 9), (9, 13), (13, 15)]}, padri: [8], figli: [9], mosse: [(2, 2, 11, 14, 3)]
23 -> costo: 86928.29999999999, rotte: {2: [(1, 14), (14, 11), (11, 6), (6, 5), (5, 18), (18, 8), (8, 12), (12, 17), (17, 16)], 3: [(1, 3), (3, 7), (7, 4), (4, 2), (2, 10), (10, 9), (9, 13), (13, 15)]}, padri: [7], figli: [8], mosse: [(2, 2, 6, 5, 14)]
bestSolutionIndice: 10
10 -> costo: 76645.7, rotte: {2: [(1, 5), (5, 6), (6, 18), (18, 8), (8, 14), (14, 11), (11, 12), (12, 17), (17, 16)], 3: [(1, 3), (3, 7), (7, 4), (4, 2), (2, 10), (10, 9), (9, 13), (13, 15)]}, padri: [9, 12, 15, 16, 21], figli: [], mosse: [(2, 2, 8, 14, 3), (2, 2, 14, 11, 20), (2, 2, 11, 12, 1), (2, 2, 11, 12, 1), (2, 3, 8, 14, 3)]
trasportoPalletDiGamma: {2: [(5, 14), (6, 15), (18, 5), (8, 17), (14, 3), (11, 20), (12, 1), (17, 6), (16, 5)], 3: [(3, 12), (7, 16), (4, 13), (2, 11), (10, 19), (9, 18), (13, 2), (15, 4)]}
itMosseLS: 39, itMosseTS: 30
time elapsed: 312.73s.


