itNSIMax: 10, itMosseTSMax: 30.
##########################################################################################
s: 1
dictSolutions[1]:
0 -> costo: 134650.8, rotte: {3: [(1, 6), (6, 17), (17, 15), (15, 4), (4, 2), (2, 9), (9, 8), (8, 12), (12, 5)], 2: [(1, 18), (18, 14), (14, 16), (16, 7), (7, 13), (13, 3), (3, 11), (11, 10)]}, padri: [-1], figli: [1], mosse: [-1]
1 -> costo: 121616.29999999999, rotte: {3: [(1, 6), (6, 17), (17, 15), (15, 4), (4, 2), (2, 9), (9, 8), (8, 12), (12, 5)], 2: [(1, 18), (18, 14), (14, 16), (16, 7), (7, 3), (3, 11), (11, 13), (13, 10)]}, padri: [0], figli: [2], mosse: [(2, 2, 11, 13, 2)]
2 -> costo: 113515.9, rotte: {3: [(1, 17), (17, 15), (15, 4), (4, 2), (2, 9), (9, 8), (8, 12), (12, 5)], 2: [(1, 18), (18, 14), (14, 16), (16, 6), (6, 7), (7, 3), (3, 11), (11, 13), (13, 10)]}, padri: [1], figli: [3], mosse: [(2, 3, 16, 6, 15)]
3 -> costo: 106315.79999999999, rotte: {3: [(1, 17), (17, 15), (15, 4), (4, 2), (2, 9), (9, 8), (8, 12), (12, 5)], 2: [(1, 18), (18, 14), (14, 6), (6, 7), (7, 3), (3, 11), (11, 13), (13, 10), (10, 16)]}, padri: [2], figli: [4], mosse: [(2, 2, 10, 16, 5)]
4 -> costo: 94737.39999999998, rotte: {3: [(1, 17), (17, 15), (15, 4), (4, 2), (2, 9), (9, 8), (8, 12), (12, 5)], 2: [(1, 18), (18, 6), (6, 7), (7, 3), (3, 14), (14, 11), (11, 13), (13, 10), (10, 16)]}, padri: [3], figli: [5], mosse: [(2, 2, 3, 14, 3)]
5 -> costo: 89244.59999999999, rotte: {3: [(1, 17), (17, 15), (15, 4), (4, 2), (2, 5), (5, 9), (9, 8), (8, 12)], 2: [(1, 18), (18, 6), (6, 7), (7, 3), (3, 14), (14, 11), (11, 13), (13, 10), (10, 16)]}, padri: [4], figli: [6], mosse: [(3, 3, 2, 5, 14)]
6 -> costo: 87275.7, rotte: {3: [(1, 17), (17, 15), (15, 12), (12, 4), (4, 2), (2, 5), (5, 9), (9, 8)], 2: [(1, 18), (18, 6), (6, 7), (7, 3), (3, 14), (14, 11), (11, 13), (13, 10), (10, 16)]}, padri: [5], figli: [7], mosse: [(3, 3, 15, 12, 1)]
7 -> costo: 86653.99999999999, rotte: {3: [(1, 17), (17, 15), (15, 12), (12, 4), (4, 2), (2, 5), (5, 18), (18, 9), (9, 8)], 2: [(1, 6), (6, 7), (7, 3), (3, 14), (14, 11), (11, 13), (13, 10), (10, 16)]}, padri: [6], figli: [8], mosse: [(3, 2, 5, 18, 5)]
8 -> costo: 85913.00000000001, rotte: {3: [(1, 15), (15, 12), (12, 4), (4, 2), (2, 5), (5, 18), (18, 9), (9, 8)], 2: [(1, 6), (6, 7), (7, 3), (3, 14), (14, 11), (11, 13), (13, 10), (10, 17), (17, 16)]}, padri: [7], figli: [9, 9, 9, 11, 11, 11], mosse: [(2, 3, 10, 17, 6)]
9 -> costo: 85574.40000000001, rotte: {3: [(1, 15), (15, 12), (12, 4), (4, 2), (2, 5), (5, 18), (18, 8), (8, 9)], 2: [(1, 6), (6, 7), (7, 3), (3, 14), (14, 11), (11, 13), (13, 10), (10, 17), (17, 16)]}, padri: [8, 8, 8], figli: [10, 12], mosse: [(3, 3, 18, 8, 17), (3, 3, 8, 9, 18), (3, 3, 9, 8)]
10 -> costo: 85421.50000000001, rotte: {3: [(1, 15), (15, 12), (12, 2), (2, 4), (4, 5), (5, 18), (18, 8), (8, 9)], 2: [(1, 6), (6, 7), (7, 3), (3, 14), (14, 11), (11, 13), (13, 10), (10, 17), (17, 16)]}, padri: [9, 11, 11, 11], figli: [], mosse: [(3, 3, 2, 4, 13), (3, 3, 18, 8, 17), (3, 3, 8, 9, 18), (3, 3, 9, 8)]
11 -> costo: 85760.1, rotte: {3: [(1, 15), (15, 12), (12, 2), (2, 4), (4, 5), (5, 18), (18, 9), (9, 8)], 2: [(1, 6), (6, 7), (7, 3), (3, 14), (14, 11), (11, 13), (13, 10), (10, 17), (17, 16)]}, padri: [8], figli: [10, 10, 10, 12, 12, 12], mosse: [(3, 3, 2, 4, 13)]
12 -> costo: 85648.8, rotte: {3: [(1, 12), (12, 2), (2, 4), (4, 5), (5, 18), (18, 9), (9, 8), (8, 15)], 2: [(1, 6), (6, 7), (7, 3), (3, 14), (14, 11), (11, 13), (13, 10), (10, 17), (17, 16)]}, padri: [11], figli: [13, 14, 15, 16, 18, 19, 20, 24, 25, 26], mosse: [(3, 3, 8, 15, 4)]
13 -> costo: 75558.40000000001, rotte: {3: [(1, 2), (2, 4), (4, 5), (5, 18), (18, 9), (9, 8), (8, 15)], 2: [(1, 6), (6, 7), (7, 3), (3, 14), (14, 11), (11, 12), (12, 13), (13, 10), (10, 17), (17, 16)]}, padri: [12, 14, 15, 18], figli: [], mosse: [(2, 3, 11, 12, 1), (2, 2, 11, 12, 1), (2, 2, 12, 13, 2), (2, 2, 11, 12, 1)]
14 -> costo: 75726.60000000002, rotte: {3: [(1, 2), (2, 4), (4, 5), (5, 18), (18, 9), (9, 8), (8, 15)], 2: [(1, 6), (6, 7), (7, 3), (3, 14), (14, 12), (12, 11), (11, 13), (13, 10), (10, 17), (17, 16)]}, padri: [12, 16, 18], figli: [13, 16], mosse: [(2, 3, 14, 12, 1), (2, 2, 11, 13, 2), (2, 2, 14, 12, 1)]
15 -> costo: 75851.6, rotte: {3: [(1, 2), (2, 4), (4, 5), (5, 18), (18, 9), (9, 8), (8, 15)], 2: [(1, 6), (6, 7), (7, 3), (3, 14), (14, 11), (11, 13), (13, 12), (12, 10), (10, 17), (17, 16)]}, padri: [12, 18, 25, 26], figli: [13, 16], mosse: [(2, 3, 13, 12, 1), (2, 2, 13, 12, 1), (2, 2, 12, 10, 19), (2, 2, 12, 10, 19)]
16 -> costo: 75833.1, rotte: {3: [(1, 2), (2, 4), (4, 5), (5, 18), (18, 9), (9, 8), (8, 15)], 2: [(1, 6), (6, 7), (7, 3), (3, 14), (14, 13), (13, 12), (12, 11), (11, 10), (10, 17), (17, 16)]}, padri: [15], figli: [17, 14, 19, 23], mosse: [(2, 2, 12, 11, 20)]
17 -> costo: 75557.7, rotte: {3: [(1, 2), (2, 4), (4, 5), (5, 18), (18, 9), (9, 8), (8, 15)], 2: [(1, 6), (6, 7), (7, 3), (3, 13), (13, 12), (12, 11), (11, 14), (14, 10), (10, 17), (17, 16)]}, padri: [16, 22, 23], figli: [], mosse: [(2, 2, 11, 14, 3), (2, 2, 13, 12, 1), (2, 2, 12, 11, 20)]
18 -> costo: 75923.4, rotte: {3: [(1, 2), (2, 4), (4, 5), (5, 18), (18, 9), (9, 8), (8, 15)], 2: [(1, 6), (6, 7), (7, 3), (3, 12), (12, 14), (14, 11), (11, 13), (13, 10), (10, 17), (17, 16)]}, padri: [12], figli: [13, 14, 19, 15, 20, 21, 26], mosse: [(2, 3, 3, 12, 1)]
19 -> costo: 75782.1, rotte: {3: [(1, 2), (2, 4), (4, 5), (5, 18), (18, 9), (9, 8), (8, 15)], 2: [(1, 6), (6, 7), (7, 3), (3, 12), (12, 11), (11, 14), (14, 13), (13, 10), (10, 17), (17, 16)]}, padri: [18, 20, 22], figli: [], mosse: [(2, 2, 11, 14, 3), (2, 2, 14, 13, 2), (2, 2, 14, 13, 2)]
20 -> costo: 75878.5, rotte: {3: [(1, 2), (2, 4), (4, 5), (5, 18), (18, 9), (9, 8), (8, 15)], 2: [(1, 6), (6, 7), (7, 3), (3, 12), (12, 11), (11, 13), (13, 14), (14, 10), (10, 17), (17, 16)]}, padri: [18], figli: [19, 21, 22], mosse: [(2, 2, 13, 14, 3)]
21 -> costo: 75830.1, rotte: {3: [(1, 2), (2, 4), (4, 5), (5, 18), (18, 9), (9, 8), (8, 15)], 2: [(1, 6), (6, 7), (7, 3), (3, 11), (11, 12), (12, 13), (13, 14), (14, 10), (10, 17), (17, 16)]}, padri: [20], figli: [], mosse: [(2, 2, 11, 12, 1)]
22 -> costo: 75850.9, rotte: {3: [(1, 2), (2, 4), (4, 5), (5, 18), (18, 9), (9, 8), (8, 15)], 2: [(1, 6), (6, 7), (7, 3), (3, 12), (12, 13), (13, 11), (11, 14), (14, 10), (10, 17), (17, 16)]}, padri: [20], figli: [17, 23, 19], mosse: [(2, 2, 13, 11, 20)]
23 -> costo: 75725.9, rotte: {3: [(1, 2), (2, 4), (4, 5), (5, 18), (18, 9), (9, 8), (8, 15)], 2: [(1, 6), (6, 7), (7, 3), (3, 13), (13, 11), (11, 12), (12, 14), (14, 10), (10, 17), (17, 16)]}, padri: [22], figli: [17], mosse: [(2, 2, 11, 12, 1)]
24 -> costo: 78728.9, rotte: {3: [(1, 2), (2, 4), (4, 5), (5, 18), (18, 9), (9, 8), (8, 12), (12, 15)], 2: [(1, 6), (6, 7), (7, 3), (3, 14), (14, 11), (11, 13), (13, 10), (10, 17), (17, 16)]}, padri: [12], figli: [], mosse: [(3, 3, 8, 12, 1)]
25 -> costo: 79819.1, rotte: {3: [(1, 2), (2, 4), (4, 5), (5, 18), (18, 9), (9, 8), (8, 15)], 2: [(1, 6), (6, 7), (7, 3), (3, 14), (14, 11), (11, 13), (13, 10), (10, 12), (12, 17), (17, 16)]}, padri: [12], figli: [15, 26], mosse: [(2, 3, 10, 12, 1)]
26 -> costo: 79773.7, rotte: {3: [(1, 2), (2, 4), (4, 5), (5, 18), (18, 9), (9, 8), (8, 15)], 2: [(1, 6), (6, 7), (7, 3), (3, 14), (14, 11), (11, 10), (10, 13), (13, 12), (12, 17), (17, 16)]}, padri: [25], figli: [15], mosse: [(2, 2, 10, 13, 2)]
bestSolutionIndice: 17
17 -> costo: 75557.7, rotte: {3: [(1, 2), (2, 4), (4, 5), (5, 18), (18, 9), (9, 8), (8, 15)], 2: [(1, 6), (6, 7), (7, 3), (3, 13), (13, 12), (12, 11), (11, 14), (14, 10), (10, 17), (17, 16)]}, padri: [16, 22, 23], figli: [], mosse: [(2, 2, 11, 14, 3), (2, 2, 13, 12, 1), (2, 2, 12, 11, 20)]
trasportoPalletDiGamma: {3: [(2, 11), (4, 13), (5, 14), (18, 5), (9, 18), (8, 17), (15, 4)], 2: [(6, 15), (7, 16), (3, 12), (13, 2), (12, 1), (11, 20), (14, 3), (10, 19), (17, 6), (16, 5)]}
itMosseLS: 43, itMosseTS: 30
time elapsed: 403.51s.


##########################################################################################
s: 1
dictSolutions[1]:
0 -> costo: 132990.69999999998, rotte: {3: [(1, 3), (3, 6), (6, 4), (4, 5), (5, 10), (10, 2), (2, 12), (12, 18), (18, 15)], 2: [(1, 9), (9, 14), (14, 16), (16, 13), (13, 7), (7, 11), (11, 8), (8, 17)]}, padri: [-1], figli: [1], mosse: [-1]
1 -> costo: 107489.99999999999, rotte: {3: [(1, 3), (3, 6), (6, 4), (4, 5), (5, 10), (10, 2), (2, 12), (12, 18), (18, 15)], 2: [(1, 9), (9, 14), (14, 13), (13, 7), (7, 11), (11, 8), (8, 17), (17, 16)]}, padri: [0], figli: [2], mosse: [(2, 2, 17, 16, 5)]
2 -> costo: 94812.29999999999, rotte: {3: [(1, 3), (3, 6), (6, 4), (4, 5), (5, 10), (10, 2), (2, 12), (12, 18), (18, 15)], 2: [(1, 9), (9, 14), (14, 13), (13, 11), (11, 8), (8, 7), (7, 17), (17, 16)]}, padri: [1], figli: [3], mosse: [(2, 2, 8, 7, 16)]
3 -> costo: 88323.89999999998, rotte: {3: [(1, 3), (3, 6), (6, 4), (4, 5), (5, 10), (10, 2), (2, 18), (18, 12), (12, 15)], 2: [(1, 9), (9, 14), (14, 13), (13, 11), (11, 8), (8, 7), (7, 17), (17, 16)]}, padri: [2], figli: [4], mosse: [(3, 3, 18, 12, 1)]
4 -> costo: 82573.79999999999, rotte: {3: [(1, 3), (3, 6), (6, 4), (4, 5), (5, 10), (10, 2), (2, 18), (18, 12), (12, 15)], 2: [(1, 14), (14, 13), (13, 11), (11, 8), (8, 9), (9, 7), (7, 17), (17, 16)]}, padri: [3], figli: [5], mosse: [(2, 2, 8, 9, 18)]
5 -> costo: 80944.19999999998, rotte: {3: [(1, 6), (6, 4), (4, 5), (5, 10), (10, 2), (2, 18), (18, 12), (12, 15)], 2: [(1, 14), (14, 13), (13, 11), (11, 8), (8, 9), (9, 7), (7, 3), (3, 17), (17, 16)]}, padri: [4], figli: [6], mosse: [(2, 3, 7, 3, 12)]
6 -> costo: 79374.99999999999, rotte: {3: [(1, 6), (6, 4), (4, 5), (5, 2), (2, 18), (18, 10), (10, 12), (12, 15)], 2: [(1, 14), (14, 13), (13, 11), (11, 8), (8, 9), (9, 7), (7, 3), (3, 17), (17, 16)]}, padri: [5], figli: [7], mosse: [(3, 3, 18, 10, 19)]
7 -> costo: 78444.39999999998, rotte: {3: [(1, 4), (4, 5), (5, 2), (2, 6), (6, 18), (18, 10), (10, 12), (12, 15)], 2: [(1, 14), (14, 13), (13, 11), (11, 8), (8, 9), (9, 7), (7, 3), (3, 17), (17, 16)]}, padri: [6], figli: [8, 24], mosse: [(3, 3, 2, 6, 15)]
8 -> costo: 77919.19999999998, rotte: {3: [(1, 4), (4, 2), (2, 5), (5, 6), (6, 18), (18, 10), (10, 12), (12, 15)], 2: [(1, 14), (14, 13), (13, 11), (11, 8), (8, 9), (9, 7), (7, 3), (3, 17), (17, 16)]}, padri: [7], figli: [9, 17, 19, 20, 22, 25], mosse: [(3, 3, 2, 5, 14)]
9 -> costo: 77554.49999999999, rotte: {3: [(1, 2), (2, 4), (4, 5), (5, 6), (6, 18), (18, 10), (10, 12), (12, 15)], 2: [(1, 14), (14, 13), (13, 11), (11, 8), (8, 9), (9, 7), (7, 3), (3, 17), (17, 16)]}, padri: [8], figli: [10, 12, 13, 15, 18, 21, 23], mosse: [(3, 3, 2, 4, 13)]
10 -> costo: 77249.3, rotte: {3: [(1, 2), (2, 4), (4, 5), (5, 6), (6, 18), (18, 10), (10, 12), (12, 15)], 2: [(1, 13), (13, 11), (11, 14), (14, 8), (8, 9), (9, 7), (7, 3), (3, 17), (17, 16)]}, padri: [9, 15, 17], figli: [11], mosse: [(2, 2, 11, 14, 3), (2, 2, 11, 14, 3), (3, 3, 2, 4, 13)]
11 -> costo: 77200.9, rotte: {3: [(1, 2), (2, 4), (4, 5), (5, 6), (6, 18), (18, 10), (10, 13), (13, 12), (12, 15)], 2: [(1, 11), (11, 14), (14, 8), (8, 9), (9, 7), (7, 3), (3, 17), (17, 16)]}, padri: [10, 16, 18], figli: [], mosse: [(3, 2, 10, 13, 2), (2, 2, 11, 14, 3), (3, 3, 2, 4, 13)]
12 -> costo: 77279.79999999999, rotte: {3: [(1, 2), (2, 4), (4, 5), (5, 6), (6, 18), (18, 10), (10, 12), (12, 15)], 2: [(1, 14), (14, 11), (11, 13), (13, 8), (8, 9), (9, 7), (7, 3), (3, 17), (17, 16)]}, padri: [9, 15, 19], figli: [], mosse: [(2, 2, 11, 13, 2), (2, 2, 11, 13, 2), (3, 3, 2, 4, 13)]
13 -> costo: 77402.59999999999, rotte: {3: [(1, 2), (2, 4), (4, 5), (5, 6), (6, 18), (18, 10), (10, 14), (14, 12), (12, 15)], 2: [(1, 13), (13, 11), (11, 8), (8, 9), (9, 7), (7, 3), (3, 17), (17, 16)]}, padri: [9, 20], figli: [14], mosse: [(3, 2, 10, 14, 3), (3, 3, 2, 4, 13)]
14 -> costo: 77399.59999999999, rotte: {3: [(1, 2), (2, 4), (4, 5), (5, 6), (6, 18), (18, 10), (10, 14), (14, 12), (12, 15)], 2: [(1, 11), (11, 13), (13, 8), (8, 9), (9, 7), (7, 3), (3, 17), (17, 16)]}, padri: [13, 21], figli: [], mosse: [(2, 2, 11, 13, 2), (3, 3, 2, 4, 13)]
15 -> costo: 77458.79999999999, rotte: {3: [(1, 2), (2, 4), (4, 5), (5, 6), (6, 18), (18, 10), (10, 12), (12, 15)], 2: [(1, 13), (13, 14), (14, 11), (11, 8), (8, 9), (9, 7), (7, 3), (3, 17), (17, 16)]}, padri: [9, 22], figli: [16, 10, 12, 18], mosse: [(2, 2, 13, 14, 3), (3, 3, 2, 4, 13)]
16 -> costo: 77234.39999999998, rotte: {3: [(1, 2), (2, 4), (4, 5), (5, 6), (6, 18), (18, 10), (10, 13), (13, 12), (12, 15)], 2: [(1, 14), (14, 11), (11, 8), (8, 9), (9, 7), (7, 3), (3, 17), (17, 16)]}, padri: [15, 23], figli: [11], mosse: [(3, 2, 10, 13, 2), (3, 3, 2, 4, 13)]
17 -> costo: 77614.0, rotte: {3: [(1, 4), (4, 2), (2, 5), (5, 6), (6, 18), (18, 10), (10, 12), (12, 15)], 2: [(1, 13), (13, 11), (11, 14), (14, 8), (8, 9), (9, 7), (7, 3), (3, 17), (17, 16)]}, padri: [8, 22, 24], figli: [10, 18], mosse: [(2, 2, 11, 14, 3), (2, 2, 11, 14, 3), (3, 3, 2, 5, 14)]
18 -> costo: 77565.59999999999, rotte: {3: [(1, 4), (4, 2), (2, 5), (5, 6), (6, 18), (18, 10), (10, 13), (13, 12), (12, 15)], 2: [(1, 11), (11, 14), (14, 8), (8, 9), (9, 7), (7, 3), (3, 17), (17, 16)]}, padri: [17, 23, 25], figli: [11], mosse: [(3, 2, 10, 13, 2), (2, 2, 11, 14, 3), (3, 3, 2, 5, 14)]
19 -> costo: 77644.49999999999, rotte: {3: [(1, 4), (4, 2), (2, 5), (5, 6), (6, 18), (18, 10), (10, 12), (12, 15)], 2: [(1, 14), (14, 11), (11, 13), (13, 8), (8, 9), (9, 7), (7, 3), (3, 17), (17, 16)]}, padri: [8, 22], figli: [12], mosse: [(2, 2, 11, 13, 2), (2, 2, 11, 13, 2)]
20 -> costo: 77767.29999999999, rotte: {3: [(1, 4), (4, 2), (2, 5), (5, 6), (6, 18), (18, 10), (10, 14), (14, 12), (12, 15)], 2: [(1, 13), (13, 11), (11, 8), (8, 9), (9, 7), (7, 3), (3, 17), (17, 16)]}, padri: [8], figli: [13, 21], mosse: [(3, 2, 10, 14, 3)]
21 -> costo: 77764.29999999999, rotte: {3: [(1, 4), (4, 2), (2, 5), (5, 6), (6, 18), (18, 10), (10, 14), (14, 12), (12, 15)], 2: [(1, 11), (11, 13), (13, 8), (8, 9), (9, 7), (7, 3), (3, 17), (17, 16)]}, padri: [20], figli: [14], mosse: [(2, 2, 11, 13, 2)]
22 -> costo: 77823.49999999999, rotte: {3: [(1, 4), (4, 2), (2, 5), (5, 6), (6, 18), (18, 10), (10, 12), (12, 15)], 2: [(1, 13), (13, 14), (14, 11), (11, 8), (8, 9), (9, 7), (7, 3), (3, 17), (17, 16)]}, padri: [8], figli: [15, 23, 17, 19, 25], mosse: [(2, 2, 13, 14, 3)]
23 -> costo: 77599.09999999998, rotte: {3: [(1, 4), (4, 2), (2, 5), (5, 6), (6, 18), (18, 10), (10, 13), (13, 12), (12, 15)], 2: [(1, 14), (14, 11), (11, 8), (8, 9), (9, 7), (7, 3), (3, 17), (17, 16)]}, padri: [22], figli: [16, 18], mosse: [(3, 2, 10, 13, 2)]
24 -> costo: 78139.2, rotte: {3: [(1, 4), (4, 5), (5, 2), (2, 6), (6, 18), (18, 10), (10, 12), (12, 15)], 2: [(1, 13), (13, 11), (11, 14), (14, 8), (8, 9), (9, 7), (7, 3), (3, 17), (17, 16)]}, padri: [7], figli: [17, 25], mosse: [(2, 2, 11, 14, 3)]
25 -> costo: 78090.8, rotte: {3: [(1, 4), (4, 5), (5, 2), (2, 6), (6, 18), (18, 10), (10, 13), (13, 12), (12, 15)], 2: [(1, 11), (11, 14), (14, 8), (8, 9), (9, 7), (7, 3), (3, 17), (17, 16)]}, padri: [24], figli: [18], mosse: [(3, 2, 10, 13, 2)]
bestSolutionIndice: 11
11 -> costo: 77200.9, rotte: {3: [(1, 2), (2, 4), (4, 5), (5, 6), (6, 18), (18, 10), (10, 13), (13, 12), (12, 15)], 2: [(1, 11), (11, 14), (14, 8), (8, 9), (9, 7), (7, 3), (3, 17), (17, 16)]}, padri: [10, 16, 18], figli: [], mosse: [(3, 2, 10, 13, 2), (2, 2, 11, 14, 3), (3, 3, 2, 4, 13)]
trasportoPalletDiGamma: {3: [(2, 11), (4, 13), (5, 14), (6, 15), (18, 5), (10, 19), (13, 2), (12, 1), (15, 4)], 2: [(11, 20), (14, 3), (8, 17), (9, 18), (7, 16), (3, 12), (17, 6), (16, 5)]}
itMosseLS: 40, itMosseTS: 30
time elapsed: 504.72s.


##########################################################################################
s: 1
dictSolutions[1]:
0 -> costo: 144042.09999999998, rotte: {3: [(1, 16), (16, 13), (13, 18), (18, 2), (2, 4), (4, 14), (14, 17), (17, 9), (9, 7), (7, 5)], 2: [(1, 6), (6, 8), (8, 11), (11, 10), (10, 3), (3, 15), (15, 12), (12, 5)]}, padri: [-1], figli: [1], mosse: [-1]
1 -> costo: 127902.59999999998, rotte: {3: [(1, 13), (13, 18), (18, 2), (2, 4), (4, 14), (14, 17), (17, 16), (16, 9), (9, 7), (7, 5)], 2: [(1, 6), (6, 8), (8, 11), (11, 10), (10, 3), (3, 15), (15, 12), (12, 5)]}, padri: [0], figli: [2], mosse: [(3, 3, 17, 16, 5)]
2 -> costo: 118723.69999999998, rotte: {3: [(1, 13), (13, 18), (18, 2), (2, 4), (4, 14), (14, 17), (17, 16), (16, 9), (9, 7), (7, 5)], 2: [(1, 6), (6, 8), (8, 10), (10, 3), (3, 15), (15, 12), (12, 11), (11, 5)]}, padri: [1], figli: [3], mosse: [(2, 2, 12, 11, 20)]
3 -> costo: 110006.69999999998, rotte: {3: [(1, 18), (18, 2), (2, 4), (4, 14), (14, 13), (13, 17), (17, 16), (16, 9), (9, 7), (7, 5)], 2: [(1, 6), (6, 8), (8, 10), (10, 3), (3, 15), (15, 12), (12, 11), (11, 5)]}, padri: [2], figli: [4], mosse: [(3, 3, 14, 13, 2)]
4 -> costo: 103880.89999999998, rotte: {3: [(1, 18), (18, 2), (2, 4), (4, 14), (14, 13), (13, 17), (17, 16), (16, 9), (9, 7), (7, 5)], 2: [(1, 6), (6, 8), (8, 10), (10, 3), (3, 12), (12, 11), (11, 5), (5, 15)]}, padri: [3], figli: [5], mosse: [(2, 2, 5, 15, 4)]
5 -> costo: 96295.89999999998, rotte: {3: [(1, 18), (18, 2), (2, 4), (4, 14), (14, 13), (13, 17), (17, 16), (16, 9), (9, 7), (7, 5)], 2: [(1, 6), (6, 8), (8, 10), (10, 3), (3, 12), (12, 11), (11, 15)]}, padri: [4], figli: [6], mosse: [(3, 2, 1, 5, 12)]
6 -> costo: 94356.99999999999, rotte: {3: [(1, 2), (2, 4), (4, 14), (14, 13), (13, 17), (17, 16), (16, 18), (18, 9), (9, 7), (7, 5)], 2: [(1, 6), (6, 8), (8, 10), (10, 3), (3, 12), (12, 11), (11, 15)]}, padri: [5], figli: [7], mosse: [(3, 3, 16, 18, 5)]
7 -> costo: 93631.39999999998, rotte: {3: [(1, 2), (2, 4), (4, 14), (14, 13), (13, 17), (17, 16), (16, 18), (18, 7), (7, 5), (5, 9)], 2: [(1, 6), (6, 8), (8, 10), (10, 3), (3, 12), (12, 11), (11, 15)]}, padri: [6], figli: [8], mosse: [(3, 3, 5, 9, 18)]
8 -> costo: 93042.69999999998, rotte: {3: [(1, 2), (2, 4), (4, 14), (14, 13), (13, 17), (17, 16), (16, 18), (18, 5), (5, 7), (7, 9)], 2: [(1, 6), (6, 8), (8, 10), (10, 3), (3, 12), (12, 11), (11, 15)]}, padri: [7], figli: [9], mosse: [(3, 3, 5, 7, 16)]
9 -> costo: 92417.99999999999, rotte: {3: [(1, 2), (2, 4), (4, 14), (14, 13), (13, 17), (17, 16), (16, 5), (5, 7), (7, 18), (18, 9)], 2: [(1, 6), (6, 8), (8, 10), (10, 3), (3, 12), (12, 11), (11, 15)]}, padri: [8], figli: [10], mosse: [(3, 3, 7, 18, 5)]
10 -> costo: 91913.59999999999, rotte: {3: [(1, 2), (2, 4), (4, 14), (14, 13), (13, 17), (17, 16), (16, 5), (5, 7), (7, 18), (18, 9)], 2: [(1, 6), (6, 10), (10, 3), (3, 8), (8, 12), (12, 11), (11, 15)]}, padri: [9], figli: [11], mosse: [(2, 2, 3, 8, 17)]
11 -> costo: 91010.39999999998, rotte: {3: [(1, 2), (2, 4), (4, 14), (14, 13), (13, 17), (17, 16), (16, 5), (5, 7), (7, 18), (18, 9)], 2: [(1, 10), (10, 3), (3, 6), (6, 8), (8, 12), (12, 11), (11, 15)]}, padri: [10], figli: [12], mosse: [(2, 2, 3, 6, 15)]
12 -> costo: 90597.59999999998, rotte: {3: [(1, 2), (2, 14), (14, 13), (13, 17), (17, 16), (16, 5), (5, 7), (7, 4), (4, 18), (18, 9)], 2: [(1, 10), (10, 3), (3, 6), (6, 8), (8, 12), (12, 11), (11, 15)]}, padri: [11], figli: [13], mosse: [(3, 3, 7, 4, 13)]
13 -> costo: 88340.09999999999, rotte: {3: [(1, 14), (14, 13), (13, 17), (17, 16), (16, 2), (2, 5), (5, 7), (7, 4), (4, 18), (18, 9)], 2: [(1, 10), (10, 3), (3, 6), (6, 8), (8, 12), (12, 11), (11, 15)]}, padri: [12], figli: [14], mosse: [(3, 3, 16, 2, 11)]
14 -> costo: 87996.6, rotte: {3: [(1, 14), (14, 13), (13, 17), (17, 16), (16, 2), (2, 5), (5, 7), (7, 4), (4, 18), (18, 9)], 2: [(1, 10), (10, 3), (3, 6), (6, 8), (8, 11), (11, 12), (12, 15)]}, padri: [13], figli: [15], mosse: [(2, 2, 11, 12, 1)]
15 -> costo: 87695.1, rotte: {3: [(1, 13), (13, 17), (17, 16), (16, 2), (2, 5), (5, 7), (7, 4), (4, 18), (18, 9)], 2: [(1, 10), (10, 3), (3, 6), (6, 8), (8, 14), (14, 11), (11, 12), (12, 15)]}, padri: [14], figli: [16], mosse: [(2, 3, 8, 14, 3)]
16 -> costo: 78648.3, rotte: {3: [(1, 17), (17, 16), (16, 2), (2, 5), (5, 7), (7, 4), (4, 18), (18, 9)], 2: [(1, 10), (10, 3), (3, 6), (6, 8), (8, 13), (13, 14), (14, 11), (11, 12), (12, 15)]}, padri: [15], figli: [17, 26, 31], mosse: [(2, 3, 8, 13, 2)]
17 -> costo: 78430.0, rotte: {3: [(1, 17), (17, 16), (16, 2), (2, 5), (5, 7), (7, 4), (4, 18), (18, 9)], 2: [(1, 3), (3, 10), (10, 6), (6, 8), (8, 13), (13, 14), (14, 11), (11, 12), (12, 15)]}, padri: [16, 26], figli: [18, 19, 20, 21, 22, 23], mosse: [(2, 2, 3, 10, 19), (2, 2, 10, 6, 15)]
18 -> costo: 78014.90000000001, rotte: {3: [(1, 17), (17, 16), (16, 2), (2, 5), (5, 7), (7, 4), (4, 3), (3, 18), (18, 9)], 2: [(1, 10), (10, 6), (6, 8), (8, 13), (13, 14), (14, 11), (11, 12), (12, 15)]}, padri: [17, 19, 20, 22, 27], figli: [], mosse: [(3, 2, 4, 3, 12), (3, 3, 4, 3, 12), (3, 3, 4, 3, 12), (3, 3, 4, 3, 12), (2, 2, 10, 6, 15)]
19 -> costo: 78015.7, rotte: {3: [(1, 17), (17, 16), (16, 2), (2, 5), (5, 7), (7, 3), (3, 4), (4, 18), (18, 9)], 2: [(1, 10), (10, 6), (6, 8), (8, 13), (13, 14), (14, 11), (11, 12), (12, 15)]}, padri: [17, 20, 22, 28], figli: [18], mosse: [(3, 2, 7, 3, 12), (3, 3, 7, 3, 12), (3, 3, 7, 3, 12), (2, 2, 10, 6, 15)]
20 -> costo: 78042.1, rotte: {3: [(1, 17), (17, 16), (16, 2), (2, 3), (3, 5), (5, 7), (7, 4), (4, 18), (18, 9)], 2: [(1, 10), (10, 6), (6, 8), (8, 13), (13, 14), (14, 11), (11, 12), (12, 15)]}, padri: [17, 22, 29], figli: [18, 19, 21], mosse: [(3, 2, 2, 3, 12), (3, 3, 2, 3, 12), (2, 2, 10, 6, 15)]
21 -> costo: 78027.5, rotte: {3: [(1, 17), (17, 16), (16, 2), (2, 3), (3, 7), (7, 4), (4, 5), (5, 18), (18, 9)], 2: [(1, 10), (10, 6), (6, 8), (8, 13), (13, 14), (14, 11), (11, 12), (12, 15)]}, padri: [20, 30], figli: [], mosse: [(3, 3, 4, 5, 14), (2, 2, 10, 6, 15)]
22 -> costo: 78324.7, rotte: {3: [(1, 17), (17, 16), (16, 3), (3, 2), (2, 5), (5, 7), (7, 4), (4, 18), (18, 9)], 2: [(1, 10), (10, 6), (6, 8), (8, 13), (13, 14), (14, 11), (11, 12), (12, 15)]}, padri: [17, 31], figli: [18, 19, 20, 23], mosse: [(3, 2, 16, 3, 12), (2, 2, 10, 6, 15)]
23 -> costo: 78293.9, rotte: {3: [(1, 17), (17, 16), (16, 3), (3, 5), (5, 7), (7, 4), (4, 2), (2, 18), (18, 9)], 2: [(1, 10), (10, 6), (6, 8), (8, 13), (13, 14), (14, 11), (11, 12), (12, 15)]}, padri: [22], figli: [24, 25], mosse: [(3, 3, 4, 2, 11)]
24 -> costo: 78239.6, rotte: {3: [(1, 17), (17, 16), (16, 5), (5, 7), (7, 4), (4, 3), (3, 2), (2, 18), (18, 9)], 2: [(1, 10), (10, 6), (6, 8), (8, 13), (13, 14), (14, 11), (11, 12), (12, 15)]}, padri: [23, 25], figli: [], mosse: [(3, 3, 4, 3, 12), (3, 3, 4, 3, 12)]
25 -> costo: 78280.4, rotte: {3: [(1, 17), (17, 16), (16, 5), (5, 7), (7, 3), (3, 4), (4, 2), (2, 18), (18, 9)], 2: [(1, 10), (10, 6), (6, 8), (8, 13), (13, 14), (14, 11), (11, 12), (12, 15)]}, padri: [23], figli: [24], mosse: [(3, 3, 7, 3, 12)]
26 -> costo: 78621.9, rotte: {3: [(1, 17), (17, 16), (16, 2), (2, 5), (5, 7), (7, 4), (4, 18), (18, 9)], 2: [(1, 3), (3, 6), (6, 10), (10, 8), (8, 13), (13, 14), (14, 11), (11, 12), (12, 15)]}, padri: [16], figli: [27, 28, 29, 30, 17, 31], mosse: [(2, 2, 6, 10, 19)]
27 -> costo: 78299.8, rotte: {3: [(1, 17), (17, 16), (16, 2), (2, 5), (5, 7), (7, 4), (4, 3), (3, 18), (18, 9)], 2: [(1, 6), (6, 10), (10, 8), (8, 13), (13, 14), (14, 11), (11, 12), (12, 15)]}, padri: [26, 28, 29, 31], figli: [18], mosse: [(3, 2, 4, 3, 12), (3, 3, 4, 3, 12), (3, 3, 4, 3, 12), (3, 3, 4, 3, 12)]
28 -> costo: 78300.59999999999, rotte: {3: [(1, 17), (17, 16), (16, 2), (2, 5), (5, 7), (7, 3), (3, 4), (4, 18), (18, 9)], 2: [(1, 6), (6, 10), (10, 8), (8, 13), (13, 14), (14, 11), (11, 12), (12, 15)]}, padri: [26, 29, 31], figli: [19, 27], mosse: [(3, 2, 7, 3, 12), (3, 3, 7, 3, 12), (3, 3, 7, 3, 12)]
29 -> costo: 78327.0, rotte: {3: [(1, 17), (17, 16), (16, 2), (2, 3), (3, 5), (5, 7), (7, 4), (4, 18), (18, 9)], 2: [(1, 6), (6, 10), (10, 8), (8, 13), (13, 14), (14, 11), (11, 12), (12, 15)]}, padri: [26], figli: [20, 27, 28, 30], mosse: [(3, 2, 2, 3, 12)]
30 -> costo: 78312.4, rotte: {3: [(1, 17), (17, 16), (16, 2), (2, 3), (3, 7), (7, 4), (4, 5), (5, 18), (18, 9)], 2: [(1, 6), (6, 10), (10, 8), (8, 13), (13, 14), (14, 11), (11, 12), (12, 15)]}, padri: [29], figli: [21], mosse: [(3, 3, 4, 5, 14)]
31 -> costo: 78609.59999999999, rotte: {3: [(1, 17), (17, 16), (16, 3), (3, 2), (2, 5), (5, 7), (7, 4), (4, 18), (18, 9)], 2: [(1, 6), (6, 10), (10, 8), (8, 13), (13, 14), (14, 11), (11, 12), (12, 15)]}, padri: [26], figli: [27, 28, 22], mosse: [(3, 2, 16, 3, 12)]
bestSolutionIndice: 18
18 -> costo: 78014.90000000001, rotte: {3: [(1, 17), (17, 16), (16, 2), (2, 5), (5, 7), (7, 4), (4, 3), (3, 18), (18, 9)], 2: [(1, 10), (10, 6), (6, 8), (8, 13), (13, 14), (14, 11), (11, 12), (12, 15)]}, padri: [17, 19, 20, 22, 27], figli: [], mosse: [(3, 2, 4, 3, 12), (3, 3, 4, 3, 12), (3, 3, 4, 3, 12), (3, 3, 4, 3, 12), (2, 2, 10, 6, 15)]
trasportoPalletDiGamma: {3: [(17, 6), (16, 5), (2, 11), (5, 14), (7, 16), (4, 13), (3, 12), (18, 5), (9, 18)], 2: [(10, 19), (6, 15), (8, 17), (13, 2), (14, 3), (11, 20), (12, 1), (15, 4)]}
itMosseLS: 49, itMosseTS: 30
time elapsed: 355.95s.


##########################################################################################
s: 1
dictSolutions[1]:
0 -> costo: 131862.30000000002, rotte: {2: [(1, 11), (11, 9), (9, 4), (4, 6), (6, 7), (7, 5), (5, 8)], 3: [(1, 3), (3, 18), (18, 10), (10, 2), (2, 16), (16, 13), (13, 15), (15, 12), (12, 14), (14, 17), (17, 8)]}, padri: [-1], figli: [1], mosse: [-1]
1 -> costo: 107181.99999999999, rotte: {2: [(1, 11), (11, 9), (9, 4), (4, 6), (6, 7), (7, 5), (5, 8)], 3: [(1, 3), (3, 18), (18, 10), (10, 2), (2, 16), (16, 15), (15, 12), (12, 14), (14, 13), (13, 17), (17, 8)]}, padri: [0], figli: [2], mosse: [(3, 3, 14, 13, 2)]
2 -> costo: 95162.49999999999, rotte: {2: [(1, 11), (11, 9), (9, 4), (4, 6), (6, 7), (7, 5), (5, 8)], 3: [(1, 3), (3, 18), (18, 8), (8, 10), (10, 2), (2, 16), (16, 15), (15, 12), (12, 14), (14, 13), (13, 17)]}, padri: [1], figli: [3], mosse: [(3, 3, 18, 8, 13)]
3 -> costo: 83159.09999999999, rotte: {2: [(1, 11), (11, 9), (9, 4), (4, 6), (6, 7), (7, 5), (5, 8)], 3: [(1, 3), (3, 18), (18, 8), (8, 10), (10, 2), (2, 17), (17, 16), (16, 15), (15, 12), (12, 14), (14, 13)]}, padri: [2], figli: [4], mosse: [(3, 3, 2, 17, 6)]
4 -> costo: 79028.09999999999, rotte: {2: [(1, 11), (11, 4), (4, 6), (6, 7), (7, 5), (5, 8), (8, 9)], 3: [(1, 3), (3, 18), (18, 8), (8, 10), (10, 2), (2, 17), (17, 16), (16, 15), (15, 12), (12, 14), (14, 13)]}, padri: [3], figli: [5], mosse: [(2, 2, 8, 9, 18)]
5 -> costo: 76677.69999999998, rotte: {2: [(1, 4), (4, 6), (6, 7), (7, 5), (5, 8), (8, 9), (9, 11)], 3: [(1, 3), (3, 18), (18, 8), (8, 10), (10, 2), (2, 17), (17, 16), (16, 15), (15, 12), (12, 14), (14, 13)]}, padri: [4], figli: [6, 15], mosse: [(2, 2, 9, 11, 20)]
6 -> costo: 75956.19999999998, rotte: {2: [(1, 4), (4, 7), (7, 5), (5, 6), (6, 8), (8, 9), (9, 11)], 3: [(1, 3), (3, 18), (18, 8), (8, 10), (10, 2), (2, 17), (17, 16), (16, 15), (15, 12), (12, 14), (14, 13)]}, padri: [5], figli: [7, 7, 7, 10, 10, 10, 11, 11, 11, 13, 14, 16, 16, 16], mosse: [(2, 2, 5, 6, 15)]
7 -> costo: 75299.59999999999, rotte: {2: [(1, 4), (4, 7), (7, 5), (5, 6), (6, 8), (8, 9), (9, 11)], 3: [(1, 3), (3, 18), (18, 8), (8, 10), (10, 2), (2, 17), (17, 16), (16, 15), (15, 12), (12, 13), (13, 14)]}, padri: [6, 6, 6, 10, 15], figli: [8, 9], mosse: [(3, 3, 12, 13, 2), (3, 3, 13, 14, 3), (3, 3, 14, 13), (3, 3, 12, 13, 2), (2, 2, 5, 6, 15)]
8 -> costo: 75003.4, rotte: {2: [(1, 4), (4, 7), (7, 5), (5, 6), (6, 8), (8, 9), (9, 11)], 3: [(1, 18), (18, 8), (8, 10), (10, 3), (3, 2), (2, 17), (17, 16), (16, 15), (15, 12), (12, 13), (13, 14)]}, padri: [7, 9, 11, 13, 13, 13], figli: [], mosse: [(3, 3, 10, 3, 12), (3, 3, 3, 2, 11), (3, 3, 12, 13, 2), (3, 3, 12, 13, 2), (3, 3, 13, 14, 3), (3, 3, 14, 13)]
9 -> costo: 75215.2, rotte: {2: [(1, 4), (4, 7), (7, 5), (5, 6), (6, 8), (8, 9), (9, 11)], 3: [(1, 18), (18, 8), (8, 10), (10, 2), (2, 3), (3, 17), (17, 16), (16, 15), (15, 12), (12, 13), (13, 14)]}, padri: [7, 12, 14, 14, 14], figli: [8], mosse: [(3, 3, 2, 3, 12), (3, 3, 12, 13, 2), (3, 3, 12, 13, 2), (3, 3, 13, 14, 3), (3, 3, 14, 13)]
10 -> costo: 75601.9, rotte: {2: [(1, 4), (4, 7), (7, 5), (5, 6), (6, 8), (8, 9), (9, 11)], 3: [(1, 3), (3, 18), (18, 8), (8, 10), (10, 2), (2, 17), (17, 16), (16, 15), (15, 13), (13, 12), (12, 14)]}, padri: [6], figli: [7, 11, 12, 16], mosse: [(3, 3, 15, 13, 2)]
11 -> costo: 75305.69999999998, rotte: {2: [(1, 4), (4, 7), (7, 5), (5, 6), (6, 8), (8, 9), (9, 11)], 3: [(1, 18), (18, 8), (8, 10), (10, 3), (3, 2), (2, 17), (17, 16), (16, 15), (15, 13), (13, 12), (12, 14)]}, padri: [10, 12, 13], figli: [8], mosse: [(3, 3, 10, 3, 12), (3, 3, 3, 2, 11), (3, 3, 15, 13, 2)]
12 -> costo: 75517.5, rotte: {2: [(1, 4), (4, 7), (7, 5), (5, 6), (6, 8), (8, 9), (9, 11)], 3: [(1, 18), (18, 8), (8, 10), (10, 2), (2, 3), (3, 17), (17, 16), (16, 15), (15, 13), (13, 12), (12, 14)]}, padri: [10, 14], figli: [9, 11], mosse: [(3, 3, 2, 3, 12), (3, 3, 15, 13, 2)]
13 -> costo: 75659.99999999999, rotte: {2: [(1, 4), (4, 7), (7, 5), (5, 6), (6, 8), (8, 9), (9, 11)], 3: [(1, 18), (18, 8), (8, 10), (10, 3), (3, 2), (2, 17), (17, 16), (16, 15), (15, 12), (12, 14), (14, 13)]}, padri: [6, 14], figli: [8, 8, 8, 11], mosse: [(3, 3, 10, 3, 12), (3, 3, 3, 2, 11)]
14 -> costo: 75871.79999999999, rotte: {2: [(1, 4), (4, 7), (7, 5), (5, 6), (6, 8), (8, 9), (9, 11)], 3: [(1, 18), (18, 8), (8, 10), (10, 2), (2, 3), (3, 17), (17, 16), (16, 15), (15, 12), (12, 14), (14, 13)]}, padri: [6], figli: [9, 9, 9, 12, 13], mosse: [(3, 3, 2, 3, 12)]
15 -> costo: 76021.09999999999, rotte: {2: [(1, 4), (4, 6), (6, 7), (7, 5), (5, 8), (8, 9), (9, 11)], 3: [(1, 3), (3, 18), (18, 8), (8, 10), (10, 2), (2, 17), (17, 16), (16, 15), (15, 12), (12, 13), (13, 14)]}, padri: [5], figli: [7, 16], mosse: [(3, 3, 12, 13, 2)]
16 -> costo: 75721.5, rotte: {2: [(1, 6), (6, 7), (7, 5), (5, 8), (8, 9), (9, 11)], 3: [(1, 3), (3, 4), (4, 18), (18, 8), (8, 10), (10, 2), (2, 17), (17, 16), (16, 15), (15, 12), (12, 13), (13, 14)]}, padri: [15], figli: [17, 17, 17, 17, 17], mosse: [(3, 2, 3, 4, 13)]
17 -> costo: 71499.3, rotte: {2: [(1, 6), (6, 7), (7, 5), (5, 8), (8, 9), (9, 11)], 3: [(1, 3), (3, 4), (4, 18), (18, 10), (10, 2), (2, 17), (17, 16), (16, 15), (15, 12), (12, 13), (13, 14)]}, padri: [16, 16, 16, 16, 16], figli: [], mosse: [(2, 3, 1, 8, 13), (2, 3, 6, 8, 13), (2, 3, 7, 8, 13), (2, 3, 5, 8, 13), (2, 3, 9, 8, 13)]
bestSolutionIndice: 17
17 -> costo: 71499.3, rotte: {2: [(1, 6), (6, 7), (7, 5), (5, 8), (8, 9), (9, 11)], 3: [(1, 3), (3, 4), (4, 18), (18, 10), (10, 2), (2, 17), (17, 16), (16, 15), (15, 12), (12, 13), (13, 14)]}, padri: [16, 16, 16, 16, 16], figli: [], mosse: [(2, 3, 1, 8, 13), (2, 3, 6, 8, 13), (2, 3, 7, 8, 13), (2, 3, 5, 8, 13), (2, 3, 9, 8, 13)]
trasportoPalletDiGamma: {2: [(6, 15), (7, 16), (5, 14), (8, 17), (9, 18), (11, 20)], 3: [(3, 12), (4, 13), (18, 5), (10, 19), (2, 11), (17, 6), (16, 5), (15, 4), (12, 1), (13, 2), (14, 3)]}
itMosseLS: 38, itMosseTS: 30
time elapsed: 350.63s.


##########################################################################################
s: 1
dictSolutions[1]:
0 -> costo: 149227.1, rotte: {3: [(1, 3), (3, 16), (16, 9), (9, 4), (4, 12), (12, 18), (18, 10), (10, 7), (7, 15)], 2: [(1, 8), (8, 5), (5, 11), (11, 17), (17, 14), (14, 2), (2, 13), (13, 6)]}, padri: [-1], figli: [1], mosse: [-1]
1 -> costo: 123848.39999999998, rotte: {3: [(1, 3), (3, 9), (9, 4), (4, 12), (12, 18), (18, 10), (10, 7), (7, 16), (16, 15)], 2: [(1, 8), (8, 5), (5, 11), (11, 17), (17, 14), (14, 2), (2, 13), (13, 6)]}, padri: [0], figli: [2], mosse: [(3, 3, 7, 16, 5)]
2 -> costo: 111915.99999999997, rotte: {3: [(1, 3), (3, 9), (9, 4), (4, 12), (12, 18), (18, 10), (10, 7), (7, 16), (16, 15)], 2: [(1, 8), (8, 5), (5, 11), (11, 14), (14, 2), (2, 13), (13, 6), (6, 17)]}, padri: [1], figli: [3], mosse: [(2, 2, 6, 17, 6)]
3 -> costo: 100491.19999999997, rotte: {3: [(1, 3), (3, 9), (9, 4), (4, 12), (12, 18), (18, 10), (10, 7), (7, 16), (16, 15)], 2: [(1, 8), (8, 5), (5, 11), (11, 14), (14, 13), (13, 6), (6, 2), (2, 17)]}, padri: [2], figli: [4], mosse: [(2, 2, 6, 2, 11)]
4 -> costo: 94534.29999999999, rotte: {3: [(1, 3), (3, 9), (9, 4), (4, 18), (18, 10), (10, 7), (7, 12), (12, 16), (16, 15)], 2: [(1, 8), (8, 5), (5, 11), (11, 14), (14, 13), (13, 6), (6, 2), (2, 17)]}, padri: [3], figli: [5], mosse: [(3, 3, 7, 12, 1)]
5 -> costo: 90495.19999999998, rotte: {3: [(1, 3), (3, 4), (4, 18), (18, 10), (10, 7), (7, 9), (9, 12), (12, 16), (16, 15)], 2: [(1, 8), (8, 5), (5, 11), (11, 14), (14, 13), (13, 6), (6, 2), (2, 17)]}, padri: [4], figli: [6], mosse: [(3, 3, 7, 9, 18)]
6 -> costo: 87729.7, rotte: {3: [(1, 3), (3, 4), (4, 18), (18, 10), (10, 7), (7, 9), (9, 12), (12, 16), (16, 15)], 2: [(1, 8), (8, 11), (11, 14), (14, 13), (13, 6), (6, 5), (5, 2), (2, 17)]}, padri: [5], figli: [7], mosse: [(2, 2, 6, 5, 14)]
7 -> costo: 84917.39999999998, rotte: {3: [(1, 3), (3, 4), (4, 18), (18, 10), (10, 7), (7, 9), (9, 12), (12, 16), (16, 15)], 2: [(1, 11), (11, 14), (14, 13), (13, 8), (8, 6), (6, 5), (5, 2), (2, 17)]}, padri: [6], figli: [8], mosse: [(2, 2, 13, 8, 17)]
8 -> costo: 83775.59999999999, rotte: {3: [(1, 3), (3, 18), (18, 10), (10, 4), (4, 7), (7, 9), (9, 12), (12, 16), (16, 15)], 2: [(1, 11), (11, 14), (14, 13), (13, 8), (8, 6), (6, 5), (5, 2), (2, 17)]}, padri: [7], figli: [9, 27], mosse: [(3, 3, 10, 4, 13)]
9 -> costo: 83335.2, rotte: {3: [(1, 18), (18, 10), (10, 3), (3, 4), (4, 7), (7, 9), (9, 12), (12, 16), (16, 15)], 2: [(1, 11), (11, 14), (14, 13), (13, 8), (8, 6), (6, 5), (5, 2), (2, 17)]}, padri: [8], figli: [10, 12, 22, 25, 26], mosse: [(3, 3, 10, 3, 12)]
10 -> costo: 82406.4, rotte: {3: [(1, 10), (10, 3), (3, 4), (4, 7), (7, 9), (9, 12), (12, 16), (16, 15)], 2: [(1, 11), (11, 14), (14, 13), (13, 8), (8, 18), (18, 6), (6, 5), (5, 2), (2, 17)]}, padri: [9, 25], figli: [11], mosse: [(2, 3, 8, 18, 5), (2, 2, 18, 6, 15)]
11 -> costo: 82231.09999999999, rotte: {3: [(1, 10), (10, 3), (3, 4), (4, 7), (7, 9), (9, 12), (12, 16), (16, 15)], 2: [(1, 14), (14, 11), (11, 13), (13, 8), (8, 18), (18, 6), (6, 5), (5, 2), (2, 17)]}, padri: [10, 22, 23], figli: [], mosse: [(2, 2, 14, 11, 20), (2, 3, 8, 18, 5), (2, 2, 18, 6, 15)]
12 -> costo: 82934.59999999999, rotte: {3: [(1, 10), (10, 3), (3, 4), (4, 7), (7, 18), (18, 9), (9, 12), (12, 16), (16, 15)], 2: [(1, 11), (11, 14), (14, 13), (13, 8), (8, 6), (6, 5), (5, 2), (2, 17)]}, padri: [9, 26], figli: [13, 17, 21, 23], mosse: [(3, 3, 7, 18, 5), (3, 3, 7, 18, 5)]
13 -> costo: 82727.7, rotte: {3: [(1, 10), (10, 3), (3, 7), (7, 4), (4, 18), (18, 9), (9, 12), (12, 16), (16, 15)], 2: [(1, 11), (11, 14), (14, 13), (13, 8), (8, 6), (6, 5), (5, 2), (2, 17)]}, padri: [12], figli: [14, 16], mosse: [(3, 3, 7, 4, 13)]
14 -> costo: 81991.59999999999, rotte: {3: [(1, 3), (3, 7), (7, 4), (4, 10), (10, 18), (18, 9), (9, 12), (12, 16), (16, 15)], 2: [(1, 11), (11, 14), (14, 13), (13, 8), (8, 6), (6, 5), (5, 2), (2, 17)]}, padri: [13], figli: [15], mosse: [(3, 3, 4, 10, 19)]
15 -> costo: 81816.29999999999, rotte: {3: [(1, 3), (3, 7), (7, 4), (4, 10), (10, 18), (18, 9), (9, 12), (12, 16), (16, 15)], 2: [(1, 14), (14, 11), (11, 13), (13, 8), (8, 6), (6, 5), (5, 2), (2, 17)]}, padri: [14, 16], figli: [], mosse: [(2, 2, 14, 11, 20), (3, 3, 4, 10, 19)]
16 -> costo: 82552.4, rotte: {3: [(1, 10), (10, 3), (3, 7), (7, 4), (4, 18), (18, 9), (9, 12), (12, 16), (16, 15)], 2: [(1, 14), (14, 11), (11, 13), (13, 8), (8, 6), (6, 5), (5, 2), (2, 17)]}, padri: [13, 21], figli: [15], mosse: [(2, 2, 14, 11, 20), (3, 3, 7, 4, 13)]
17 -> costo: 82752.99999999999, rotte: {3: [(1, 10), (10, 4), (4, 7), (7, 3), (3, 18), (18, 9), (9, 12), (12, 16), (16, 15)], 2: [(1, 11), (11, 14), (14, 13), (13, 8), (8, 6), (6, 5), (5, 2), (2, 17)]}, padri: [12, 27], figli: [18, 20], mosse: [(3, 3, 7, 3, 12), (3, 3, 7, 3, 12)]
18 -> costo: 81970.7, rotte: {3: [(1, 4), (4, 7), (7, 3), (3, 10), (10, 18), (18, 9), (9, 12), (12, 16), (16, 15)], 2: [(1, 11), (11, 14), (14, 13), (13, 8), (8, 6), (6, 5), (5, 2), (2, 17)]}, padri: [17], figli: [19], mosse: [(3, 3, 3, 10, 19)]
19 -> costo: 81795.4, rotte: {3: [(1, 4), (4, 7), (7, 3), (3, 10), (10, 18), (18, 9), (9, 12), (12, 16), (16, 15)], 2: [(1, 14), (14, 11), (11, 13), (13, 8), (8, 6), (6, 5), (5, 2), (2, 17)]}, padri: [18, 20], figli: [], mosse: [(2, 2, 14, 11, 20), (3, 3, 3, 10, 19)]
20 -> costo: 82577.69999999998, rotte: {3: [(1, 10), (10, 4), (4, 7), (7, 3), (3, 18), (18, 9), (9, 12), (12, 16), (16, 15)], 2: [(1, 14), (14, 11), (11, 13), (13, 8), (8, 6), (6, 5), (5, 2), (2, 17)]}, padri: [17, 21], figli: [19], mosse: [(2, 2, 14, 11, 20), (3, 3, 7, 3, 12)]
21 -> costo: 82759.29999999999, rotte: {3: [(1, 10), (10, 3), (3, 4), (4, 7), (7, 18), (18, 9), (9, 12), (12, 16), (16, 15)], 2: [(1, 14), (14, 11), (11, 13), (13, 8), (8, 6), (6, 5), (5, 2), (2, 17)]}, padri: [12, 22, 24], figli: [16, 20], mosse: [(2, 2, 14, 11, 20), (3, 3, 7, 18, 5), (3, 3, 7, 18, 5)]
22 -> costo: 83159.9, rotte: {3: [(1, 18), (18, 10), (10, 3), (3, 4), (4, 7), (7, 9), (9, 12), (12, 16), (16, 15)], 2: [(1, 14), (14, 11), (11, 13), (13, 8), (8, 6), (6, 5), (5, 2), (2, 17)]}, padri: [9], figli: [11, 21, 23, 24], mosse: [(2, 2, 14, 11, 20)]
23 -> costo: 83093.7, rotte: {3: [(1, 10), (10, 3), (3, 4), (4, 7), (7, 9), (9, 12), (12, 16), (16, 15)], 2: [(1, 14), (14, 11), (11, 13), (13, 8), (8, 6), (6, 18), (18, 5), (5, 2), (2, 17)]}, padri: [22, 25], figli: [11], mosse: [(2, 3, 6, 18, 5), (2, 2, 14, 11, 20)]
24 -> costo: 83139.0, rotte: {3: [(1, 10), (10, 18), (18, 3), (3, 4), (4, 7), (7, 9), (9, 12), (12, 16), (16, 15)], 2: [(1, 14), (14, 11), (11, 13), (13, 8), (8, 6), (6, 5), (5, 2), (2, 17)]}, padri: [22, 26], figli: [21], mosse: [(3, 3, 10, 18, 5), (2, 2, 14, 11, 20)]
25 -> costo: 83269.0, rotte: {3: [(1, 10), (10, 3), (3, 4), (4, 7), (7, 9), (9, 12), (12, 16), (16, 15)], 2: [(1, 11), (11, 14), (14, 13), (13, 8), (8, 6), (6, 18), (18, 5), (5, 2), (2, 17)]}, padri: [9], figli: [10, 23], mosse: [(2, 3, 6, 18, 5)]
26 -> costo: 83314.3, rotte: {3: [(1, 10), (10, 18), (18, 3), (3, 4), (4, 7), (7, 9), (9, 12), (12, 16), (16, 15)], 2: [(1, 11), (11, 14), (14, 13), (13, 8), (8, 6), (6, 5), (5, 2), (2, 17)]}, padri: [9], figli: [12, 24], mosse: [(3, 3, 10, 18, 5)]
27 -> costo: 83395.9, rotte: {3: [(1, 3), (3, 10), (10, 4), (4, 7), (7, 18), (18, 9), (9, 12), (12, 16), (16, 15)], 2: [(1, 11), (11, 14), (14, 13), (13, 8), (8, 6), (6, 5), (5, 2), (2, 17)]}, padri: [8], figli: [17], mosse: [(3, 3, 7, 18, 5)]
bestSolutionIndice: 19
19 -> costo: 81795.4, rotte: {3: [(1, 4), (4, 7), (7, 3), (3, 10), (10, 18), (18, 9), (9, 12), (12, 16), (16, 15)], 2: [(1, 14), (14, 11), (11, 13), (13, 8), (8, 6), (6, 5), (5, 2), (2, 17)]}, padri: [18, 20], figli: [], mosse: [(2, 2, 14, 11, 20), (3, 3, 3, 10, 19)]
trasportoPalletDiGamma: {3: [(4, 13), (7, 16), (3, 12), (10, 19), (18, 5), (9, 18), (12, 1), (16, 5), (15, 4)], 2: [(14, 3), (11, 20), (13, 2), (8, 17), (6, 15), (5, 14), (2, 11), (17, 6)]}
itMosseLS: 40, itMosseTS: 30
time elapsed: 623.85s.


##########################################################################################
s: 1
dictSolutions[1]:
0 -> costo: 155833.7, rotte: {3: [(1, 8), (8, 10), (10, 18), (18, 13), (13, 9), (9, 11), (11, 6), (6, 7)], 2: [(1, 15), (15, 3), (3, 17), (17, 4), (4, 12), (12, 16), (16, 2), (2, 5), (5, 14), (14, 7)]}, padri: [-1], figli: [1], mosse: [-1]
1 -> costo: 128785.7, rotte: {3: [(1, 8), (8, 10), (10, 18), (18, 13), (13, 9), (9, 11), (11, 6), (6, 7)], 2: [(1, 15), (15, 17), (17, 4), (4, 12), (12, 16), (16, 2), (2, 5), (5, 14), (14, 3), (3, 7)]}, padri: [0], figli: [2], mosse: [(2, 2, 14, 3, 12)]
2 -> costo: 118265.5, rotte: {3: [(1, 8), (8, 10), (10, 18), (18, 13), (13, 11), (11, 6), (6, 7), (7, 9)], 2: [(1, 15), (15, 17), (17, 4), (4, 12), (12, 16), (16, 2), (2, 5), (5, 14), (14, 3), (3, 7)]}, padri: [1], figli: [3], mosse: [(3, 3, 7, 9, 18)]
3 -> costo: 111063.69999999998, rotte: {3: [(1, 8), (8, 10), (10, 18), (18, 13), (13, 11), (11, 6), (6, 7), (7, 9)], 2: [(1, 15), (15, 17), (17, 12), (12, 16), (16, 2), (2, 5), (5, 14), (14, 3), (3, 7), (7, 4)]}, padri: [2], figli: [4], mosse: [(2, 2, 7, 4, 13)]
4 -> costo: 86605.49999999999, rotte: {3: [(1, 8), (8, 10), (10, 18), (18, 13), (13, 11), (11, 6), (6, 7), (7, 9)], 2: [(1, 15), (15, 17), (17, 16), (16, 2), (2, 5), (5, 12), (12, 14), (14, 3), (3, 7), (7, 4)]}, padri: [3], figli: [5], mosse: [(2, 2, 5, 12, 1)]
5 -> costo: 81438.5, rotte: {3: [(1, 10), (10, 18), (18, 13), (13, 11), (11, 6), (6, 7), (7, 8), (8, 9)], 2: [(1, 15), (15, 17), (17, 16), (16, 2), (2, 5), (5, 12), (12, 14), (14, 3), (3, 7), (7, 4)]}, padri: [4], figli: [6], mosse: [(3, 3, 7, 8, 17)]
6 -> costo: 80106.09999999999, rotte: {3: [(1, 10), (10, 13), (13, 11), (11, 18), (18, 6), (6, 7), (7, 8), (8, 9)], 2: [(1, 15), (15, 17), (17, 16), (16, 2), (2, 5), (5, 12), (12, 14), (14, 3), (3, 7), (7, 4)]}, padri: [5], figli: [7], mosse: [(3, 3, 11, 18, 5)]
7 -> costo: 78173.59999999999, rotte: {3: [(1, 13), (13, 11), (11, 18), (18, 6), (6, 7), (7, 8), (8, 9)], 2: [(1, 15), (15, 17), (17, 16), (16, 2), (2, 5), (5, 10), (10, 12), (12, 14), (14, 3), (3, 7), (7, 4)]}, padri: [6], figli: [8], mosse: [(2, 3, 5, 10, 19)]
8 -> costo: 77610.9, rotte: {3: [(1, 13), (13, 11), (11, 18), (18, 6), (6, 7), (7, 8), (8, 9)], 2: [(1, 15), (15, 17), (17, 16), (16, 2), (2, 10), (10, 12), (12, 14), (14, 3), (3, 7), (7, 4), (4, 5)]}, padri: [7], figli: [9], mosse: [(2, 2, 4, 5, 14)]
9 -> costo: 77192.0, rotte: {3: [(1, 13), (13, 11), (11, 18), (18, 6), (6, 7), (7, 8), (8, 9)], 2: [(1, 15), (15, 17), (17, 16), (16, 10), (10, 12), (12, 14), (14, 2), (2, 3), (3, 7), (7, 4), (4, 5)]}, padri: [8], figli: [10, 12, 13, 21], mosse: [(2, 2, 14, 2, 11)]
10 -> costo: 70884.0, rotte: {3: [(1, 13), (13, 11), (11, 18), (18, 6), (6, 7), (7, 8), (8, 9)], 2: [(1, 15), (15, 17), (17, 16), (16, 12), (12, 14), (14, 10), (10, 2), (2, 3), (3, 7), (7, 4), (4, 5)]}, padri: [9, 12, 14, 14, 14], figli: [11], mosse: [(2, 2, 14, 10, 19), (2, 2, 14, 10, 19), (2, 2, 7, 4, 13), (2, 2, 4, 5, 14), (2, 2, 5, 4)]
11 -> costo: 70881.0, rotte: {3: [(1, 11), (11, 13), (13, 18), (18, 6), (6, 7), (7, 8), (8, 9)], 2: [(1, 15), (15, 17), (17, 16), (16, 12), (12, 14), (14, 10), (10, 2), (2, 3), (3, 7), (7, 4), (4, 5)]}, padri: [10, 23, 23, 23], figli: [], mosse: [(3, 3, 11, 13, 2), (2, 2, 7, 4, 13), (2, 2, 4, 5, 14), (2, 2, 5, 4)]
12 -> costo: 72195.2, rotte: {3: [(1, 13), (13, 11), (11, 18), (18, 6), (6, 7), (7, 8), (8, 9)], 2: [(1, 15), (15, 17), (17, 16), (16, 12), (12, 14), (14, 2), (2, 3), (3, 7), (7, 4), (4, 5), (5, 10)]}, padri: [9], figli: [10, 13, 21], mosse: [(2, 2, 5, 10, 19)]
13 -> costo: 71821.5, rotte: {3: [(1, 13), (13, 11), (11, 18), (18, 6), (6, 7), (7, 8), (8, 9)], 2: [(1, 15), (15, 17), (17, 16), (16, 12), (12, 14), (14, 2), (2, 3), (3, 7), (7, 5), (5, 4), (4, 10)]}, padri: [12], figli: [14], mosse: [(2, 2, 5, 4, 13)]
14 -> costo: 70920.1, rotte: {3: [(1, 13), (13, 11), (11, 18), (18, 6), (6, 7), (7, 8), (8, 9)], 2: [(1, 15), (15, 17), (17, 16), (16, 12), (12, 14), (14, 10), (10, 2), (2, 3), (3, 7), (7, 5), (5, 4)]}, padri: [13], figli: [15, 17, 18, 19, 20, 10, 10, 10, 21, 21, 21, 23], mosse: [(2, 2, 14, 10, 19)]
15 -> costo: 70485.0, rotte: {3: [(1, 13), (13, 11), (11, 18), (18, 6), (6, 7), (7, 8), (8, 9)], 2: [(1, 15), (15, 17), (17, 16), (16, 12), (12, 14), (14, 10), (10, 2), (2, 3), (3, 4), (4, 7), (7, 5)]}, padri: [14, 17, 17, 19], figli: [16], mosse: [(2, 2, 3, 4, 13), (2, 2, 3, 4, 13), (2, 2, 4, 3), (2, 2, 3, 4, 13)]
16 -> costo: 70482.0, rotte: {3: [(1, 11), (11, 13), (13, 18), (18, 6), (6, 7), (7, 8), (8, 9)], 2: [(1, 15), (15, 17), (17, 16), (16, 12), (12, 14), (14, 10), (10, 2), (2, 3), (3, 4), (4, 7), (7, 5)]}, padri: [15, 18, 18, 20, 23], figli: [], mosse: [(3, 3, 11, 13, 2), (2, 2, 3, 4, 13), (2, 2, 4, 3), (2, 2, 3, 4, 13), (2, 2, 3, 4, 13)]
17 -> costo: 70546.7, rotte: {3: [(1, 13), (13, 11), (11, 18), (18, 6), (6, 7), (7, 8), (8, 9)], 2: [(1, 15), (15, 17), (17, 16), (16, 12), (12, 14), (14, 10), (10, 2), (2, 4), (4, 3), (3, 7), (7, 5)]}, padri: [14, 19], figli: [15, 15, 18, 18], mosse: [(2, 2, 2, 4, 13), (2, 2, 2, 4, 13)]
18 -> costo: 70543.7, rotte: {3: [(1, 11), (11, 13), (13, 18), (18, 6), (6, 7), (7, 8), (8, 9)], 2: [(1, 15), (15, 17), (17, 16), (16, 12), (12, 14), (14, 10), (10, 2), (2, 4), (4, 3), (3, 7), (7, 5)]}, padri: [17, 20, 23], figli: [16, 16], mosse: [(3, 3, 11, 13, 2), (2, 2, 2, 4, 13), (2, 2, 2, 4, 13)]
19 -> costo: 70690.9, rotte: {3: [(1, 13), (13, 11), (11, 18), (18, 6), (6, 7), (7, 8), (8, 9)], 2: [(1, 15), (15, 17), (17, 16), (16, 12), (12, 14), (14, 10), (10, 4), (4, 2), (2, 3), (3, 7), (7, 5)]}, padri: [14], figli: [15, 17, 20], mosse: [(2, 2, 10, 4, 13)]
20 -> costo: 70687.9, rotte: {3: [(1, 11), (11, 13), (13, 18), (18, 6), (6, 7), (7, 8), (8, 9)], 2: [(1, 15), (15, 17), (17, 16), (16, 12), (12, 14), (14, 10), (10, 4), (4, 2), (2, 3), (3, 7), (7, 5)]}, padri: [19, 23], figli: [16, 18], mosse: [(3, 3, 11, 13, 2), (2, 2, 10, 4, 13)]
21 -> costo: 70911.09999999999, rotte: {3: [(1, 13), (13, 11), (11, 18), (18, 6), (6, 7), (7, 8), (8, 9)], 2: [(1, 15), (15, 17), (17, 16), (16, 12), (12, 14), (14, 10), (10, 3), (3, 7), (7, 5), (5, 4), (4, 2)]}, padri: [14], figli: [22], mosse: [(2, 2, 4, 2, 11)]
22 -> costo: 70908.09999999999, rotte: {3: [(1, 11), (11, 13), (13, 18), (18, 6), (6, 7), (7, 8), (8, 9)], 2: [(1, 15), (15, 17), (17, 16), (16, 12), (12, 14), (14, 10), (10, 3), (3, 7), (7, 5), (5, 4), (4, 2)]}, padri: [21, 23], figli: [], mosse: [(3, 3, 11, 13, 2), (2, 2, 4, 2, 11)]
23 -> costo: 70917.1, rotte: {3: [(1, 11), (11, 13), (13, 18), (18, 6), (6, 7), (7, 8), (8, 9)], 2: [(1, 15), (15, 17), (17, 16), (16, 12), (12, 14), (14, 10), (10, 2), (2, 3), (3, 7), (7, 5), (5, 4)]}, padri: [14], figli: [16, 18, 20, 11, 11, 11, 22], mosse: [(3, 3, 11, 13, 2)]
bestSolutionIndice: 16
16 -> costo: 70482.0, rotte: {3: [(1, 11), (11, 13), (13, 18), (18, 6), (6, 7), (7, 8), (8, 9)], 2: [(1, 15), (15, 17), (17, 16), (16, 12), (12, 14), (14, 10), (10, 2), (2, 3), (3, 4), (4, 7), (7, 5)]}, padri: [15, 18, 18, 20, 23], figli: [], mosse: [(3, 3, 11, 13, 2), (2, 2, 3, 4, 13), (2, 2, 4, 3), (2, 2, 3, 4, 13), (2, 2, 3, 4, 13)]
trasportoPalletDiGamma: {3: [(11, 20), (13, 2), (18, 5), (6, 15), (7, 4), (8, 17), (9, 18)], 2: [(15, 4), (17, 6), (16, 5), (12, 1), (14, 3), (10, 19), (2, 11), (3, 12), (4, 13), (7, 12), (5, 14)]}
itMosseLS: 42, itMosseTS: 30
time elapsed: 213.79s.


##########################################################################################
s: 1
dictSolutions[1]:
0 -> costo: 142435.50000000003, rotte: {3: [(1, 15), (15, 7), (7, 6), (6, 13), (13, 11), (11, 9), (9, 2), (2, 3), (3, 14)], 2: [(1, 18), (18, 17), (17, 12), (12, 10), (10, 4), (4, 5), (5, 8), (8, 16), (16, 14)]}, padri: [-1], figli: [1], mosse: [-1]
1 -> costo: 122101.70000000003, rotte: {3: [(1, 15), (15, 7), (7, 6), (6, 13), (13, 11), (11, 9), (9, 2), (2, 3), (3, 14)], 2: [(1, 18), (18, 12), (12, 10), (10, 4), (4, 5), (5, 8), (8, 17), (17, 16), (16, 14)]}, padri: [0], figli: [2], mosse: [(2, 2, 8, 17, 6)]
2 -> costo: 102514.50000000003, rotte: {3: [(1, 7), (7, 6), (6, 13), (13, 11), (11, 9), (9, 2), (2, 3), (3, 14)], 2: [(1, 18), (18, 12), (12, 10), (10, 4), (4, 5), (5, 8), (8, 15), (15, 17), (17, 16), (16, 14)]}, padri: [1], figli: [3], mosse: [(2, 3, 8, 15, 4)]
3 -> costo: 87895.90000000002, rotte: {3: [(1, 7), (7, 6), (6, 13), (13, 11), (11, 9), (9, 2), (2, 3), (3, 14)], 2: [(1, 18), (18, 12), (12, 10), (10, 4), (4, 5), (5, 8), (8, 15), (15, 17), (17, 16)]}, padri: [2], figli: [4], mosse: [(3, 2, 1, 14, 1)]
4 -> costo: 80574.50000000001, rotte: {3: [(1, 7), (7, 6), (6, 13), (13, 11), (11, 9), (9, 2), (2, 3), (3, 14)], 2: [(1, 18), (18, 10), (10, 4), (4, 5), (5, 8), (8, 12), (12, 15), (15, 17), (17, 16)]}, padri: [3], figli: [5], mosse: [(2, 2, 8, 12, 1)]
5 -> costo: 74490.40000000001, rotte: {3: [(1, 7), (7, 6), (6, 13), (13, 11), (11, 14), (14, 9), (9, 2), (2, 3)], 2: [(1, 18), (18, 10), (10, 4), (4, 5), (5, 8), (8, 12), (12, 15), (15, 17), (17, 16)]}, padri: [4], figli: [6], mosse: [(3, 3, 11, 14, 3)]
6 -> costo: 72975.00000000001, rotte: {3: [(1, 3), (3, 7), (7, 6), (6, 13), (13, 11), (11, 14), (14, 9), (9, 2)], 2: [(1, 18), (18, 10), (10, 4), (4, 5), (5, 8), (8, 12), (12, 15), (15, 17), (17, 16)]}, padri: [5], figli: [7], mosse: [(3, 3, 1, 3, 12)]
7 -> costo: 69523.90000000001, rotte: {3: [(1, 2), (2, 3), (3, 7), (7, 6), (6, 13), (13, 11), (11, 14), (14, 9)], 2: [(1, 18), (18, 10), (10, 4), (4, 5), (5, 8), (8, 12), (12, 15), (15, 17), (17, 16)]}, padri: [6], figli: [8], mosse: [(3, 3, 1, 2, 11)]
8 -> costo: 66170.0, rotte: {3: [(1, 2), (2, 3), (3, 7), (7, 6), (6, 9), (9, 13), (13, 11), (11, 14)], 2: [(1, 18), (18, 10), (10, 4), (4, 5), (5, 8), (8, 12), (12, 15), (15, 17), (17, 16)]}, padri: [7], figli: [9, 19, 23], mosse: [(3, 3, 6, 9, 18)]
9 -> costo: 65225.09999999999, rotte: {3: [(1, 2), (2, 3), (3, 7), (7, 6), (6, 9), (9, 13), (13, 11), (11, 14)], 2: [(1, 10), (10, 4), (4, 5), (5, 18), (18, 8), (8, 12), (12, 15), (15, 17), (17, 16)]}, padri: [8, 23, 25], figli: [10, 18, 20, 21], mosse: [(2, 2, 5, 18, 5), (2, 2, 5, 18, 5), (2, 2, 4, 5, 14)]
10 -> costo: 64899.19999999999, rotte: {3: [(1, 2), (2, 3), (3, 7), (7, 6), (6, 9), (9, 13), (13, 11), (11, 14)], 2: [(1, 4), (4, 5), (5, 10), (10, 18), (18, 8), (8, 12), (12, 15), (15, 17), (17, 16)]}, padri: [9], figli: [11, 15, 17], mosse: [(2, 2, 5, 10, 19)]
11 -> costo: 64790.19999999999, rotte: {3: [(1, 2), (2, 3), (3, 7), (7, 6), (6, 9), (9, 13), (13, 11), (11, 14)], 2: [(1, 4), (4, 5), (5, 10), (10, 18), (18, 8), (8, 12), (12, 17), (17, 16), (16, 15)]}, padri: [10, 18], figli: [12, 14, 16], mosse: [(2, 2, 16, 15, 4), (2, 2, 5, 10, 19)]
12 -> costo: 64769.2, rotte: {3: [(1, 2), (2, 3), (3, 7), (7, 6), (6, 9), (9, 13), (13, 11), (11, 14)], 2: [(1, 5), (5, 4), (4, 10), (10, 18), (18, 8), (8, 12), (12, 17), (17, 16), (16, 15)]}, padri: [11, 15, 22], figli: [13], mosse: [(2, 2, 5, 4, 13), (2, 2, 16, 15, 4), (2, 2, 4, 10, 19)]
13 -> costo: 64756.299999999996, rotte: {3: [(1, 3), (3, 7), (7, 6), (6, 9), (9, 13), (13, 11), (11, 14)], 2: [(1, 2), (2, 5), (5, 4), (4, 10), (10, 18), (18, 8), (8, 12), (12, 17), (17, 16), (16, 15)]}, padri: [12, 14, 16], figli: [], mosse: [(2, 3, 1, 2, 11), (2, 2, 5, 4, 13), (2, 2, 16, 15, 4)]
14 -> costo: 64783.99999999999, rotte: {3: [(1, 3), (3, 7), (7, 6), (6, 9), (9, 13), (13, 11), (11, 14)], 2: [(1, 2), (2, 4), (4, 5), (5, 10), (10, 18), (18, 8), (8, 12), (12, 17), (17, 16), (16, 15)]}, padri: [11, 17], figli: [13], mosse: [(2, 3, 1, 2, 11), (2, 2, 16, 15, 4)]
15 -> costo: 64878.2, rotte: {3: [(1, 2), (2, 3), (3, 7), (7, 6), (6, 9), (9, 13), (13, 11), (11, 14)], 2: [(1, 5), (5, 4), (4, 10), (10, 18), (18, 8), (8, 12), (12, 15), (15, 17), (17, 16)]}, padri: [10, 25], figli: [12, 16], mosse: [(2, 2, 5, 4, 13), (2, 2, 4, 10, 19)]
16 -> costo: 64865.299999999996, rotte: {3: [(1, 3), (3, 7), (7, 6), (6, 9), (9, 13), (13, 11), (11, 14)], 2: [(1, 2), (2, 5), (5, 4), (4, 10), (10, 18), (18, 8), (8, 12), (12, 15), (15, 17), (17, 16)]}, padri: [15, 17], figli: [13], mosse: [(2, 3, 1, 2, 11), (2, 2, 5, 4, 13)]
17 -> costo: 64892.99999999999, rotte: {3: [(1, 3), (3, 7), (7, 6), (6, 9), (9, 13), (13, 11), (11, 14)], 2: [(1, 2), (2, 4), (4, 5), (5, 10), (10, 18), (18, 8), (8, 12), (12, 15), (15, 17), (17, 16)]}, padri: [10], figli: [14, 16], mosse: [(2, 3, 1, 2, 11)]
18 -> costo: 65116.09999999999, rotte: {3: [(1, 2), (2, 3), (3, 7), (7, 6), (6, 9), (9, 13), (13, 11), (11, 14)], 2: [(1, 10), (10, 4), (4, 5), (5, 18), (18, 8), (8, 12), (12, 17), (17, 16), (16, 15)]}, padri: [9, 19, 20, 22], figli: [11], mosse: [(2, 2, 16, 15, 4), (2, 2, 5, 18, 5), (2, 2, 5, 18, 5), (2, 2, 4, 5, 14)]
19 -> costo: 66061.0, rotte: {3: [(1, 2), (2, 3), (3, 7), (7, 6), (6, 9), (9, 13), (13, 11), (11, 14)], 2: [(1, 18), (18, 10), (10, 4), (4, 5), (5, 8), (8, 12), (12, 17), (17, 16), (16, 15)]}, padri: [8], figli: [18, 20, 21, 24], mosse: [(2, 2, 16, 15, 4)]
20 -> costo: 65998.40000000001, rotte: {3: [(1, 2), (2, 3), (3, 7), (7, 6), (6, 9), (9, 13), (13, 11), (11, 14)], 2: [(1, 10), (10, 18), (18, 4), (4, 5), (5, 8), (8, 12), (12, 17), (17, 16), (16, 15)]}, padri: [19, 23], figli: [18, 21], mosse: [(2, 2, 10, 18, 5), (2, 2, 16, 15, 4)]
21 -> costo: 65998.3, rotte: {3: [(1, 2), (2, 3), (3, 7), (7, 6), (6, 9), (9, 13), (13, 11), (11, 14)], 2: [(1, 10), (10, 18), (18, 5), (5, 4), (4, 8), (8, 12), (12, 17), (17, 16), (16, 15)]}, padri: [20, 24], figli: [22], mosse: [(2, 2, 5, 4, 13), (2, 2, 16, 15, 4)]
22 -> costo: 65529.59999999999, rotte: {3: [(1, 2), (2, 3), (3, 7), (7, 6), (6, 9), (9, 13), (13, 11), (11, 14)], 2: [(1, 10), (10, 5), (5, 4), (4, 18), (18, 8), (8, 12), (12, 17), (17, 16), (16, 15)]}, padri: [21, 25], figli: [12, 18], mosse: [(2, 2, 4, 18, 5), (2, 2, 16, 15, 4)]
23 -> costo: 66107.40000000001, rotte: {3: [(1, 2), (2, 3), (3, 7), (7, 6), (6, 9), (9, 13), (13, 11), (11, 14)], 2: [(1, 10), (10, 18), (18, 4), (4, 5), (5, 8), (8, 12), (12, 15), (15, 17), (17, 16)]}, padri: [8], figli: [9, 20, 24], mosse: [(2, 2, 10, 18, 5)]
24 -> costo: 66107.3, rotte: {3: [(1, 2), (2, 3), (3, 7), (7, 6), (6, 9), (9, 13), (13, 11), (11, 14)], 2: [(1, 10), (10, 18), (18, 5), (5, 4), (4, 8), (8, 12), (12, 15), (15, 17), (17, 16)]}, padri: [23], figli: [25, 21], mosse: [(2, 2, 5, 4, 13)]
25 -> costo: 65638.59999999999, rotte: {3: [(1, 2), (2, 3), (3, 7), (7, 6), (6, 9), (9, 13), (13, 11), (11, 14)], 2: [(1, 10), (10, 5), (5, 4), (4, 18), (18, 8), (8, 12), (12, 15), (15, 17), (17, 16)]}, padri: [24], figli: [15, 9, 22], mosse: [(2, 2, 4, 18, 5)]
bestSolutionIndice: 13
13 -> costo: 64756.299999999996, rotte: {3: [(1, 3), (3, 7), (7, 6), (6, 9), (9, 13), (13, 11), (11, 14)], 2: [(1, 2), (2, 5), (5, 4), (4, 10), (10, 18), (18, 8), (8, 12), (12, 17), (17, 16), (16, 15)]}, padri: [12, 14, 16], figli: [], mosse: [(2, 3, 1, 2, 11), (2, 2, 5, 4, 13), (2, 2, 16, 15, 4)]
trasportoPalletDiGamma: {3: [(3, 12), (7, 16), (6, 15), (9, 18), (13, 2), (11, 20), (14, 3)], 2: [(2, 11), (5, 14), (4, 13), (10, 19), (18, 5), (8, 17), (12, 1), (17, 6), (16, 5), (15, 4)]}
itMosseLS: 41, itMosseTS: 30
time elapsed: 525.79s.


##########################################################################################
s: 1
dictSolutions[1]:
0 -> costo: 151015.4, rotte: {2: [(1, 10), (10, 6), (6, 14), (14, 4), (4, 7), (7, 12), (12, 11), (11, 2), (2, 9)], 3: [(1, 15), (15, 3), (3, 13), (13, 16), (16, 18), (18, 5), (5, 8), (8, 17), (17, 9)]}, padri: [-1], figli: [1], mosse: [-1]
1 -> costo: 130195.20000000001, rotte: {2: [(1, 10), (10, 6), (6, 14), (14, 4), (4, 7), (7, 12), (12, 11), (11, 2), (2, 9)], 3: [(1, 15), (15, 3), (3, 13), (13, 18), (18, 5), (5, 8), (8, 16), (16, 17), (17, 9)]}, padri: [0], figli: [2], mosse: [(3, 3, 8, 16, 5)]
2 -> costo: 110553.5, rotte: {2: [(1, 10), (10, 6), (6, 14), (14, 4), (4, 7), (7, 12), (12, 11), (11, 2), (2, 9)], 3: [(1, 3), (3, 13), (13, 18), (18, 5), (5, 8), (8, 15), (15, 16), (16, 17), (17, 9)]}, padri: [1], figli: [3], mosse: [(3, 3, 8, 15, 4)]
3 -> costo: 94650.4, rotte: {2: [(1, 10), (10, 6), (6, 14), (14, 4), (4, 7), (7, 12), (12, 11), (11, 2), (2, 9)], 3: [(1, 3), (3, 13), (13, 18), (18, 5), (5, 8), (8, 9), (9, 15), (15, 16), (16, 17)]}, padri: [2], figli: [4], mosse: [(3, 3, 8, 9, 16)]
4 -> costo: 83140.2, rotte: {2: [(1, 10), (10, 6), (6, 4), (4, 7), (7, 12), (12, 11), (11, 14), (14, 2), (2, 9)], 3: [(1, 3), (3, 13), (13, 18), (18, 5), (5, 8), (8, 9), (9, 15), (15, 16), (16, 17)]}, padri: [3], figli: [5], mosse: [(2, 2, 11, 14, 3)]
5 -> costo: 75788.50000000001, rotte: {2: [(1, 10), (10, 6), (6, 4), (4, 7), (7, 12), (12, 11), (11, 14), (14, 2), (2, 9)], 3: [(1, 3), (3, 18), (18, 5), (5, 8), (8, 9), (9, 13), (13, 15), (15, 16), (16, 17)]}, padri: [4], figli: [6], mosse: [(3, 3, 9, 13, 2)]
6 -> costo: 72008.50000000001, rotte: {2: [(1, 10), (10, 6), (6, 4), (4, 7), (7, 12), (12, 11), (11, 14), (14, 2)], 3: [(1, 3), (3, 18), (18, 5), (5, 8), (8, 9), (9, 13), (13, 15), (15, 16), (16, 17)]}, padri: [5], figli: [7], mosse: [(3, 2, 1, 9, 2)]
7 -> costo: 66357.80000000002, rotte: {2: [(1, 2), (2, 10), (10, 6), (6, 4), (4, 7), (7, 12), (12, 11), (11, 14)], 3: [(1, 3), (3, 18), (18, 5), (5, 8), (8, 9), (9, 13), (13, 15), (15, 16), (16, 17)]}, padri: [6], figli: [8], mosse: [(2, 2, 1, 2, 11)]
8 -> costo: 64477.10000000001, rotte: {2: [(1, 2), (2, 10), (10, 6), (6, 7), (7, 4), (4, 12), (12, 11), (11, 14)], 3: [(1, 3), (3, 18), (18, 5), (5, 8), (8, 9), (9, 13), (13, 15), (15, 16), (16, 17)]}, padri: [7], figli: [9], mosse: [(2, 2, 7, 4, 13)]
9 -> costo: 62800.899999999994, rotte: {2: [(1, 2), (2, 10), (10, 6), (6, 7), (7, 4), (4, 12), (12, 11), (11, 14)], 3: [(1, 3), (3, 5), (5, 18), (18, 8), (8, 9), (9, 13), (13, 15), (15, 16), (16, 17)]}, padri: [8], figli: [10], mosse: [(3, 3, 5, 18, 5)]
10 -> costo: 61815.5, rotte: {2: [(1, 2), (2, 6), (6, 7), (7, 4), (4, 10), (10, 12), (12, 11), (11, 14)], 3: [(1, 3), (3, 5), (5, 18), (18, 8), (8, 9), (9, 13), (13, 15), (15, 16), (16, 17)]}, padri: [9], figli: [11, 15, 20, 23], mosse: [(2, 2, 4, 10, 19)]
11 -> costo: 61526.899999999994, rotte: {2: [(1, 6), (6, 7), (7, 4), (4, 10), (10, 12), (12, 11), (11, 14)], 3: [(1, 2), (2, 3), (3, 5), (5, 18), (18, 8), (8, 9), (9, 13), (13, 15), (15, 16), (16, 17)]}, padri: [10], figli: [12, 13, 13, 13, 16, 24, 24, 24], mosse: [(3, 2, 1, 2, 11)]
12 -> costo: 61338.5, rotte: {2: [(1, 6), (6, 7), (7, 4), (4, 10), (10, 12), (12, 11), (11, 14)], 3: [(1, 2), (2, 3), (3, 5), (5, 18), (18, 8), (8, 9), (9, 13), (13, 16), (16, 17), (17, 15)]}, padri: [11, 15, 17], figli: [], mosse: [(3, 3, 17, 15, 4), (3, 2, 1, 2, 11), (3, 3, 2, 3, 12)]
13 -> costo: 61447.49999999999, rotte: {2: [(1, 6), (6, 7), (7, 4), (4, 10), (10, 12), (12, 11), (11, 14)], 3: [(1, 2), (2, 3), (3, 5), (5, 18), (18, 8), (8, 9), (9, 13), (13, 15), (15, 17), (17, 16)]}, padri: [11, 11, 11, 23], figli: [14], mosse: [(3, 3, 16, 17), (3, 3, 15, 17, 6), (3, 3, 17, 16, 5), (3, 2, 1, 2, 11)]
14 -> costo: 61338.49999999999, rotte: {2: [(1, 6), (6, 7), (7, 4), (4, 10), (10, 12), (12, 11), (11, 14)], 3: [(1, 2), (2, 3), (3, 5), (5, 18), (18, 8), (8, 9), (9, 13), (13, 17), (17, 16), (16, 15)]}, padri: [13, 24, 25], figli: [], mosse: [(3, 3, 16, 15, 4), (3, 2, 1, 2, 11), (3, 3, 2, 3, 12)]
15 -> costo: 61627.1, rotte: {2: [(1, 2), (2, 6), (6, 7), (7, 4), (4, 10), (10, 12), (12, 11), (11, 14)], 3: [(1, 3), (3, 5), (5, 18), (18, 8), (8, 9), (9, 13), (13, 16), (16, 17), (17, 15)]}, padri: [10], figli: [12, 16, 17, 21], mosse: [(3, 3, 17, 15, 4)]
16 -> costo: 61544.1, rotte: {2: [(1, 6), (6, 7), (7, 4), (4, 2), (2, 10), (10, 12), (12, 11), (11, 14)], 3: [(1, 3), (3, 5), (5, 18), (18, 8), (8, 9), (9, 13), (13, 16), (16, 17), (17, 15)]}, padri: [15, 20], figli: [], mosse: [(2, 2, 4, 2, 11), (3, 3, 17, 15, 4)]
17 -> costo: 61621.1, rotte: {2: [(1, 6), (6, 7), (7, 4), (4, 10), (10, 12), (12, 11), (11, 14)], 3: [(1, 3), (3, 2), (2, 5), (5, 18), (18, 8), (8, 9), (9, 13), (13, 16), (16, 17), (17, 15)]}, padri: [15], figli: [18, 19, 12], mosse: [(3, 2, 3, 2, 11)]
18 -> costo: 61265.1, rotte: {2: [(1, 6), (6, 7), (7, 4), (4, 3), (3, 10), (10, 12), (12, 11), (11, 14)], 3: [(1, 2), (2, 5), (5, 18), (18, 8), (8, 9), (9, 13), (13, 16), (16, 17), (17, 15)]}, padri: [17, 19], figli: [], mosse: [(2, 3, 4, 3, 12), (2, 2, 4, 3, 12)]
19 -> costo: 61312.1, rotte: {2: [(1, 6), (6, 7), (7, 3), (3, 4), (4, 10), (10, 12), (12, 11), (11, 14)], 3: [(1, 2), (2, 5), (5, 18), (18, 8), (8, 9), (9, 13), (13, 16), (16, 17), (17, 15)]}, padri: [17], figli: [18], mosse: [(2, 3, 7, 3, 12)]
20 -> costo: 61732.5, rotte: {2: [(1, 6), (6, 7), (7, 4), (4, 2), (2, 10), (10, 12), (12, 11), (11, 14)], 3: [(1, 3), (3, 5), (5, 18), (18, 8), (8, 9), (9, 13), (13, 15), (15, 16), (16, 17)]}, padri: [10], figli: [16, 21, 21, 21, 28, 28, 28], mosse: [(2, 2, 4, 2, 11)]
21 -> costo: 61653.1, rotte: {2: [(1, 6), (6, 7), (7, 4), (4, 2), (2, 10), (10, 12), (12, 11), (11, 14)], 3: [(1, 3), (3, 5), (5, 18), (18, 8), (8, 9), (9, 13), (13, 15), (15, 17), (17, 16)]}, padri: [20, 20, 20, 23], figli: [22, 25], mosse: [(3, 3, 16, 17), (3, 3, 15, 17, 6), (3, 3, 17, 16, 5), (2, 2, 4, 2, 11)]
22 -> costo: 61544.09999999999, rotte: {2: [(1, 6), (6, 7), (7, 4), (4, 2), (2, 10), (10, 12), (12, 11), (11, 14)], 3: [(1, 3), (3, 5), (5, 18), (18, 8), (8, 9), (9, 13), (13, 17), (17, 16), (16, 15)]}, padri: [21, 24], figli: [], mosse: [(3, 3, 16, 15, 4), (2, 2, 4, 2, 11)]
23 -> costo: 61736.1, rotte: {2: [(1, 2), (2, 6), (6, 7), (7, 4), (4, 10), (10, 12), (12, 11), (11, 14)], 3: [(1, 3), (3, 5), (5, 18), (18, 8), (8, 9), (9, 13), (13, 15), (15, 17), (17, 16)]}, padri: [10], figli: [13, 24, 21, 28], mosse: [(3, 3, 16, 17)]
24 -> costo: 61627.09999999999, rotte: {2: [(1, 2), (2, 6), (6, 7), (7, 4), (4, 10), (10, 12), (12, 11), (11, 14)], 3: [(1, 3), (3, 5), (5, 18), (18, 8), (8, 9), (9, 13), (13, 17), (17, 16), (16, 15)]}, padri: [23], figli: [14, 22, 25], mosse: [(3, 3, 16, 15, 4)]
25 -> costo: 61621.09999999999, rotte: {2: [(1, 6), (6, 7), (7, 4), (4, 10), (10, 12), (12, 11), (11, 14)], 3: [(1, 3), (3, 2), (2, 5), (5, 18), (18, 8), (8, 9), (9, 13), (13, 17), (17, 16), (16, 15)]}, padri: [24], figli: [26, 27, 14], mosse: [(3, 2, 3, 2, 11)]
26 -> costo: 61265.09999999999, rotte: {2: [(1, 6), (6, 7), (7, 4), (4, 3), (3, 10), (10, 12), (12, 11), (11, 14)], 3: [(1, 2), (2, 5), (5, 18), (18, 8), (8, 9), (9, 13), (13, 17), (17, 16), (16, 15)]}, padri: [25, 27, 29], figli: [], mosse: [(2, 3, 4, 3, 12), (2, 2, 4, 3, 12), (3, 3, 16, 15, 4)]
27 -> costo: 61312.09999999999, rotte: {2: [(1, 6), (6, 7), (7, 3), (3, 4), (4, 10), (10, 12), (12, 11), (11, 14)], 3: [(1, 2), (2, 5), (5, 18), (18, 8), (8, 9), (9, 13), (13, 17), (17, 16), (16, 15)]}, padri: [25], figli: [26], mosse: [(2, 3, 7, 3, 12)]
28 -> costo: 61730.1, rotte: {2: [(1, 6), (6, 7), (7, 4), (4, 10), (10, 12), (12, 11), (11, 14)], 3: [(1, 3), (3, 2), (2, 5), (5, 18), (18, 8), (8, 9), (9, 13), (13, 15), (15, 17), (17, 16)]}, padri: [23], figli: [29], mosse: [(3, 2, 3, 2, 11)]
29 -> costo: 61374.1, rotte: {2: [(1, 6), (6, 7), (7, 4), (4, 3), (3, 10), (10, 12), (12, 11), (11, 14)], 3: [(1, 2), (2, 5), (5, 18), (18, 8), (8, 9), (9, 13), (13, 15), (15, 17), (17, 16)]}, padri: [28], figli: [26], mosse: [(2, 3, 4, 3, 12)]
bestSolutionIndice: 26
26 -> costo: 61265.09999999999, rotte: {2: [(1, 6), (6, 7), (7, 4), (4, 3), (3, 10), (10, 12), (12, 11), (11, 14)], 3: [(1, 2), (2, 5), (5, 18), (18, 8), (8, 9), (9, 13), (13, 17), (17, 16), (16, 15)]}, padri: [25, 27, 29], figli: [], mosse: [(2, 3, 4, 3, 12), (2, 2, 4, 3, 12), (3, 3, 16, 15, 4)]
trasportoPalletDiGamma: {2: [(6, 15), (7, 16), (4, 13), (3, 12), (10, 19), (12, 1), (11, 20), (14, 3)], 3: [(2, 11), (5, 14), (18, 5), (8, 17), (9, 18), (13, 2), (17, 6), (16, 5), (15, 4)]}
itMosseLS: 44, itMosseTS: 30
time elapsed: 340.75s.


##########################################################################################
s: 1
dictSolutions[1]:
0 -> costo: 144706.7, rotte: {2: [(1, 10), (10, 9), (9, 17), (17, 14), (14, 3), (3, 8), (8, 6), (6, 5)], 3: [(1, 13), (13, 16), (16, 12), (12, 7), (7, 4), (4, 2), (2, 15), (15, 11), (11, 18), (18, 5)]}, padri: [-1], figli: [1], mosse: [-1]
1 -> costo: 120462.1, rotte: {2: [(1, 10), (10, 9), (9, 17), (17, 14), (14, 3), (3, 8), (8, 6), (6, 5)], 3: [(1, 13), (13, 12), (12, 7), (7, 4), (4, 2), (2, 16), (16, 15), (15, 11), (11, 18), (18, 5)]}, padri: [0], figli: [2], mosse: [(3, 3, 2, 16, 5)]
2 -> costo: 111782.6, rotte: {2: [(1, 10), (10, 9), (9, 14), (14, 3), (3, 8), (8, 6), (6, 5), (5, 17)], 3: [(1, 13), (13, 12), (12, 7), (7, 4), (4, 2), (2, 16), (16, 15), (15, 11), (11, 18), (18, 5)]}, padri: [1], figli: [3], mosse: [(2, 2, 5, 17, 6)]
3 -> costo: 107549.3, rotte: {2: [(1, 10), (10, 14), (14, 3), (3, 9), (9, 8), (8, 6), (6, 5), (5, 17)], 3: [(1, 13), (13, 12), (12, 7), (7, 4), (4, 2), (2, 16), (16, 15), (15, 11), (11, 18), (18, 5)]}, padri: [2], figli: [4], mosse: [(2, 2, 3, 9, 18)]
4 -> costo: 102920.90000000001, rotte: {2: [(1, 10), (10, 3), (3, 9), (9, 8), (8, 6), (6, 5), (5, 14), (14, 17)], 3: [(1, 13), (13, 12), (12, 7), (7, 4), (4, 2), (2, 16), (16, 15), (15, 11), (11, 18), (18, 5)]}, padri: [3], figli: [5], mosse: [(2, 2, 5, 14, 3)]
5 -> costo: 101185.3, rotte: {2: [(1, 10), (10, 3), (3, 9), (9, 8), (8, 6), (6, 5), (5, 14), (14, 17)], 3: [(1, 13), (13, 12), (12, 5), (5, 7), (7, 4), (4, 2), (2, 16), (16, 15), (15, 11), (11, 18)]}, padri: [4], figli: [6], mosse: [(3, 3, 12, 5, 4)]
6 -> costo: 96238.40000000001, rotte: {2: [(1, 10), (10, 3), (3, 9), (9, 8), (8, 6), (6, 5), (5, 14), (14, 17)], 3: [(1, 13), (13, 12), (12, 18), (18, 5), (5, 7), (7, 4), (4, 2), (2, 16), (16, 15), (15, 11)]}, padri: [5], figli: [7], mosse: [(3, 3, 12, 18, 5)]
7 -> costo: 82674.30000000002, rotte: {2: [(1, 10), (10, 3), (3, 9), (9, 8), (8, 6), (6, 5), (5, 14), (14, 17)], 3: [(1, 13), (13, 12), (12, 11), (11, 18), (18, 5), (5, 7), (7, 4), (4, 2), (2, 16), (16, 15)]}, padri: [6], figli: [8], mosse: [(3, 3, 12, 11, 20)]
8 -> costo: 81401.1, rotte: {2: [(1, 3), (3, 9), (9, 8), (8, 6), (6, 5), (5, 10), (10, 14), (14, 17)], 3: [(1, 13), (13, 12), (12, 11), (11, 18), (18, 5), (5, 7), (7, 4), (4, 2), (2, 16), (16, 15)]}, padri: [7], figli: [9, 9, 9, 9, 9, 9, 9, 9, 9, 9, 10, 10, 10, 10, 10, 10, 10, 10, 10, 10, 11], mosse: [(2, 2, 5, 10, 19)]
9 -> costo: 80459.90000000001, rotte: {2: [(1, 3), (3, 9), (9, 8), (8, 6), (6, 10), (10, 14), (14, 17)], 3: [(1, 13), (13, 12), (12, 11), (11, 18), (18, 5), (5, 7), (7, 4), (4, 2), (2, 16), (16, 15)]}, padri: [8, 8, 8, 8, 8, 8, 8, 8, 8, 8], figli: [], mosse: [(3, 2, 1, 5, 10), (3, 2, 13, 5, 10), (3, 2, 12, 5, 10), (3, 2, 11, 5, 10), (3, 2, 18, 5, 10), (3, 2, 7, 5, 10), (3, 2, 4, 5, 10), (3, 2, 2, 5, 10), (3, 2, 16, 5, 10), (3, 2, 15, 5, 10)]
10 -> costo: 80966.90000000001, rotte: {2: [(1, 9), (9, 8), (8, 6), (6, 5), (5, 10), (10, 14), (14, 17)], 3: [(1, 13), (13, 12), (12, 11), (11, 18), (18, 5), (5, 7), (7, 4), (4, 3), (3, 2), (2, 16), (16, 15)]}, padri: [8], figli: [], mosse: [(3, 2, 4, 3, 12)]
11 -> costo: 81000.20000000001, rotte: {2: [(1, 9), (9, 8), (8, 6), (6, 5), (5, 3), (3, 10), (10, 14), (14, 17)], 3: [(1, 13), (13, 12), (12, 11), (11, 18), (18, 5), (5, 7), (7, 4), (4, 2), (2, 16), (16, 15)]}, padri: [8], figli: [12, 12, 12, 12, 12, 12, 12], mosse: [(2, 2, 5, 3, 12)]
12 -> costo: 80703.6, rotte: {2: [(1, 9), (9, 8), (8, 6), (6, 3), (3, 10), (10, 14), (14, 17)], 3: [(1, 13), (13, 12), (12, 11), (11, 18), (18, 5), (5, 7), (7, 4), (4, 2), (2, 16), (16, 15)]}, padri: [11, 11, 11, 11, 11, 11, 11], figli: [], mosse: [(3, 2, 1, 5, 10), (3, 2, 13, 5, 10), (3, 2, 12, 5, 10), (3, 2, 11, 5, 10), (3, 2, 18, 5, 10), (3, 2, 7, 5, 10), (3, 2, 4, 5, 10)]
bestSolutionIndice: 9
9 -> costo: 80459.90000000001, rotte: {2: [(1, 3), (3, 9), (9, 8), (8, 6), (6, 10), (10, 14), (14, 17)], 3: [(1, 13), (13, 12), (12, 11), (11, 18), (18, 5), (5, 7), (7, 4), (4, 2), (2, 16), (16, 15)]}, padri: [8, 8, 8, 8, 8, 8, 8, 8, 8, 8], figli: [], mosse: [(3, 2, 1, 5, 10), (3, 2, 13, 5, 10), (3, 2, 12, 5, 10), (3, 2, 11, 5, 10), (3, 2, 18, 5, 10), (3, 2, 7, 5, 10), (3, 2, 4, 5, 10), (3, 2, 2, 5, 10), (3, 2, 16, 5, 10), (3, 2, 15, 5, 10)]
trasportoPalletDiGamma: {2: [(3, 12), (9, 18), (8, 17), (6, 15), (10, 19), (14, 3), (17, 6)], 3: [(13, 2), (12, 1), (11, 20), (18, 5), (5, 14), (7, 16), (4, 13), (2, 11), (16, 5), (15, 4)]}
itMosseLS: 27, itMosseTS: 17
time elapsed: 281.61s.


##########################################################################################
