itNSIMax: 25, itMosseTSMax: 25.
##########################################################################################
s: 1
dictSolutions[1]:
0 -> costo: 136053.5, rotte: {2: [(1, 3), (3, 16), (16, 10), (10, 5), (5, 9), (9, 15), (15, 6), (6, 4)], 3: [(1, 13), (13, 11), (11, 12), (12, 14), (14, 7), (7, 8), (8, 18), (18, 17), (17, 2)]}, padri: [-1], figli: [1], mosse: [-1]
1 -> costo: 110882.00000000001, rotte: {2: [(1, 3), (3, 10), (10, 5), (5, 9), (9, 16), (16, 15), (15, 6), (6, 4)], 3: [(1, 13), (13, 11), (11, 12), (12, 14), (14, 7), (7, 8), (8, 18), (18, 17), (17, 2)]}, padri: [0], figli: [2], mosse: [(2, 2, 9, 16, 5)]
2 -> costo: 98032.00000000001, rotte: {2: [(1, 3), (3, 10), (10, 5), (5, 9), (9, 16), (16, 15), (15, 6), (6, 4)], 3: [(1, 13), (13, 11), (11, 12), (12, 14), (14, 7), (7, 8), (8, 18), (18, 2), (2, 17)]}, padri: [1], figli: [3], mosse: [(3, 3, 17, 2)]
3 -> costo: 95595.1, rotte: {2: [(1, 3), (3, 10), (10, 5), (5, 16), (16, 15), (15, 6), (6, 4), (4, 9)], 3: [(1, 13), (13, 11), (11, 12), (12, 14), (14, 7), (7, 8), (8, 18), (18, 2), (2, 17)]}, padri: [2], figli: [4], mosse: [(2, 2, 4, 9, 18)]
4 -> costo: 93979.20000000001, rotte: {2: [(1, 3), (3, 10), (10, 5), (5, 16), (16, 15), (15, 6), (6, 4), (4, 9)], 3: [(1, 13), (13, 11), (11, 12), (12, 14), (14, 8), (8, 18), (18, 7), (7, 2), (2, 17)]}, padri: [3], figli: [5], mosse: [(3, 3, 18, 7, 16)]
5 -> costo: 92072.8, rotte: {2: [(1, 10), (10, 5), (5, 16), (16, 15), (15, 6), (6, 4), (4, 9)], 3: [(1, 13), (13, 11), (11, 12), (12, 14), (14, 8), (8, 18), (18, 7), (7, 3), (3, 2), (2, 17)]}, padri: [4], figli: [6], mosse: [(3, 2, 7, 3, 12)]
6 -> costo: 90754.0, rotte: {2: [(1, 10), (10, 16), (16, 15), (15, 6), (6, 5), (5, 4), (4, 9)], 3: [(1, 13), (13, 11), (11, 12), (12, 14), (14, 8), (8, 18), (18, 7), (7, 3), (3, 2), (2, 17)]}, padri: [5], figli: [7], mosse: [(2, 2, 6, 5, 14)]
7 -> costo: 84426.40000000001, rotte: {2: [(1, 16), (16, 15), (15, 6), (6, 5), (5, 4), (4, 10), (10, 9)], 3: [(1, 13), (13, 11), (11, 12), (12, 14), (14, 8), (8, 18), (18, 7), (7, 3), (3, 2), (2, 17)]}, padri: [6], figli: [8, 24, 25], mosse: [(2, 2, 4, 10, 19)]
8 -> costo: 83606.00000000001, rotte: {2: [(1, 15), (15, 6), (6, 5), (5, 4), (4, 10), (10, 9)], 3: [(1, 13), (13, 11), (11, 12), (12, 14), (14, 8), (8, 18), (18, 7), (7, 3), (3, 2), (2, 17), (17, 16)]}, padri: [7, 24], figli: [9, 23, 26], mosse: [(3, 2, 17, 16, 5), (3, 3, 16, 17)]
9 -> costo: 79242.10000000002, rotte: {2: [(1, 6), (6, 5), (5, 4), (4, 10), (10, 9), (9, 15)], 3: [(1, 13), (13, 11), (11, 12), (12, 14), (14, 8), (8, 18), (18, 7), (7, 3), (3, 2), (2, 17), (17, 16)]}, padri: [8, 25], figli: [10, 16, 22], mosse: [(2, 2, 9, 15, 4), (3, 3, 16, 17)]
10 -> costo: 78833.20000000001, rotte: {2: [(1, 5), (5, 4), (4, 10), (10, 9), (9, 6), (6, 15)], 3: [(1, 13), (13, 11), (11, 12), (12, 14), (14, 8), (8, 18), (18, 7), (7, 3), (3, 2), (2, 17), (17, 16)]}, padri: [9, 26], figli: [11, 14], mosse: [(2, 2, 9, 6, 15), (3, 3, 16, 17)]
11 -> costo: 78665.00000000001, rotte: {2: [(1, 5), (5, 4), (4, 10), (10, 9), (9, 6), (6, 15)], 3: [(1, 13), (13, 12), (12, 11), (11, 14), (14, 8), (8, 18), (18, 7), (7, 3), (3, 2), (2, 17), (17, 16)]}, padri: [10, 22], figli: [12], mosse: [(3, 3, 12, 11, 20), (2, 2, 9, 6, 15)]
12 -> costo: 78534.30000000002, rotte: {2: [(1, 4), (4, 10), (10, 9), (9, 6), (6, 5), (5, 15)], 3: [(1, 13), (13, 12), (12, 11), (11, 14), (14, 8), (8, 18), (18, 7), (7, 3), (3, 2), (2, 17), (17, 16)]}, padri: [11, 14], figli: [13], mosse: [(2, 2, 6, 5, 14), (3, 3, 12, 11, 20)]
13 -> costo: 78051.40000000001, rotte: {2: [(1, 10), (10, 9), (9, 6), (6, 5), (5, 4), (4, 15)], 3: [(1, 13), (13, 12), (12, 11), (11, 14), (14, 8), (8, 18), (18, 7), (7, 3), (3, 2), (2, 17), (17, 16)]}, padri: [12, 15], figli: [], mosse: [(2, 2, 5, 4, 13), (3, 3, 12, 11, 20)]
14 -> costo: 78702.50000000001, rotte: {2: [(1, 4), (4, 10), (10, 9), (9, 6), (6, 5), (5, 15)], 3: [(1, 13), (13, 11), (11, 12), (12, 14), (14, 8), (8, 18), (18, 7), (7, 3), (3, 2), (2, 17), (17, 16)]}, padri: [10], figli: [15, 12], mosse: [(2, 2, 6, 5, 14)]
15 -> costo: 78219.6, rotte: {2: [(1, 10), (10, 9), (9, 6), (6, 5), (5, 4), (4, 15)], 3: [(1, 13), (13, 11), (11, 12), (12, 14), (14, 8), (8, 18), (18, 7), (7, 3), (3, 2), (2, 17), (17, 16)]}, padri: [14], figli: [13], mosse: [(2, 2, 5, 4, 13)]
16 -> costo: 78988.70000000001, rotte: {2: [(1, 6), (6, 5), (5, 4), (4, 9), (9, 10), (10, 15)], 3: [(1, 13), (13, 11), (11, 12), (12, 14), (14, 8), (8, 18), (18, 7), (7, 3), (3, 2), (2, 17), (17, 16)]}, padri: [9], figli: [17, 21], mosse: [(2, 2, 9, 10, 19)]
17 -> costo: 78414.30000000002, rotte: {2: [(1, 5), (5, 4), (4, 6), (6, 9), (9, 10), (10, 15)], 3: [(1, 13), (13, 11), (11, 12), (12, 14), (14, 8), (8, 18), (18, 7), (7, 3), (3, 2), (2, 17), (17, 16)]}, padri: [16], figli: [18, 20], mosse: [(2, 2, 4, 6, 15)]
18 -> costo: 77908.90000000001, rotte: {2: [(1, 4), (4, 5), (5, 6), (6, 9), (9, 10), (10, 15)], 3: [(1, 13), (13, 11), (11, 12), (12, 14), (14, 8), (8, 18), (18, 7), (7, 3), (3, 2), (2, 17), (17, 16)]}, padri: [17], figli: [19], mosse: [(2, 2, 4, 5, 14)]
19 -> costo: 77740.70000000001, rotte: {2: [(1, 4), (4, 5), (5, 6), (6, 9), (9, 10), (10, 15)], 3: [(1, 13), (13, 12), (12, 11), (11, 14), (14, 8), (8, 18), (18, 7), (7, 3), (3, 2), (2, 17), (17, 16)]}, padri: [18, 20], figli: [], mosse: [(3, 3, 12, 11, 20), (2, 2, 4, 5, 14)]
20 -> costo: 78246.10000000002, rotte: {2: [(1, 5), (5, 4), (4, 6), (6, 9), (9, 10), (10, 15)], 3: [(1, 13), (13, 12), (12, 11), (11, 14), (14, 8), (8, 18), (18, 7), (7, 3), (3, 2), (2, 17), (17, 16)]}, padri: [17, 21], figli: [19], mosse: [(3, 3, 12, 11, 20), (2, 2, 4, 6, 15)]
21 -> costo: 78820.50000000001, rotte: {2: [(1, 6), (6, 5), (5, 4), (4, 9), (9, 10), (10, 15)], 3: [(1, 13), (13, 12), (12, 11), (11, 14), (14, 8), (8, 18), (18, 7), (7, 3), (3, 2), (2, 17), (17, 16)]}, padri: [16, 22], figli: [20], mosse: [(3, 3, 12, 11, 20), (2, 2, 9, 10, 19)]
22 -> costo: 79073.90000000002, rotte: {2: [(1, 6), (6, 5), (5, 4), (4, 10), (10, 9), (9, 15)], 3: [(1, 13), (13, 12), (12, 11), (11, 14), (14, 8), (8, 18), (18, 7), (7, 3), (3, 2), (2, 17), (17, 16)]}, padri: [9, 23], figli: [11, 21], mosse: [(3, 3, 12, 11, 20), (2, 2, 9, 15, 4)]
23 -> costo: 83437.80000000002, rotte: {2: [(1, 15), (15, 6), (6, 5), (5, 4), (4, 10), (10, 9)], 3: [(1, 13), (13, 12), (12, 11), (11, 14), (14, 8), (8, 18), (18, 7), (7, 3), (3, 2), (2, 17), (17, 16)]}, padri: [8], figli: [22], mosse: [(3, 3, 12, 11, 20)]
24 -> costo: 83685.40000000002, rotte: {2: [(1, 15), (15, 6), (6, 5), (5, 4), (4, 10), (10, 9)], 3: [(1, 13), (13, 11), (11, 12), (12, 14), (14, 8), (8, 18), (18, 7), (7, 3), (3, 2), (2, 16), (16, 17)]}, padri: [7], figli: [8, 25], mosse: [(3, 2, 2, 16, 5)]
25 -> costo: 79321.50000000003, rotte: {2: [(1, 6), (6, 5), (5, 4), (4, 10), (10, 9), (9, 15)], 3: [(1, 13), (13, 11), (11, 12), (12, 14), (14, 8), (8, 18), (18, 7), (7, 3), (3, 2), (2, 16), (16, 17)]}, padri: [24], figli: [9, 26], mosse: [(2, 2, 9, 15, 4)]
26 -> costo: 78912.60000000002, rotte: {2: [(1, 5), (5, 4), (4, 10), (10, 9), (9, 6), (6, 15)], 3: [(1, 13), (13, 11), (11, 12), (12, 14), (14, 8), (8, 18), (18, 7), (7, 3), (3, 2), (2, 16), (16, 17)]}, padri: [25], figli: [10], mosse: [(2, 2, 9, 6, 15)]
bestSolutionIndice: 19
19 -> costo: 77740.70000000001, rotte: {2: [(1, 4), (4, 5), (5, 6), (6, 9), (9, 10), (10, 15)], 3: [(1, 13), (13, 12), (12, 11), (11, 14), (14, 8), (8, 18), (18, 7), (7, 3), (3, 2), (2, 17), (17, 16)]}, padri: [18, 20], figli: [], mosse: [(3, 3, 12, 11, 20), (2, 2, 4, 5, 14)]
trasportoPalletDiGamma: {2: [(4, 13), (5, 14), (6, 15), (9, 18), (10, 19), (15, 4)], 3: [(13, 2), (12, 1), (11, 20), (14, 3), (8, 17), (18, 5), (7, 16), (3, 12), (2, 11), (17, 6), (16, 5)]}
itMosseLS: 36, itMosseTS: 25
time elapsed: 533.59s.


##########################################################################################
s: 1
dictSolutions[1]:
0 -> costo: 145609.7, rotte: {2: [(1, 2), (2, 9), (9, 7), (7, 11), (11, 8), (8, 14), (14, 13), (13, 18), (18, 5)], 3: [(1, 17), (17, 10), (10, 16), (16, 4), (4, 12), (12, 15), (15, 6), (6, 3), (3, 5)]}, padri: [-1], figli: [1], mosse: [-1]
1 -> costo: 145446.1, rotte: {2: [(1, 2), (2, 9), (9, 7), (7, 11), (11, 8), (8, 14), (14, 13), (13, 18), (18, 5)], 3: [(1, 17), (17, 10), (10, 16), (16, 4), (4, 12), (12, 15), (15, 6), (6, 5), (5, 3)]}, padri: [0], figli: [2], mosse: [(3, 3, 3, 5)]
2 -> costo: 118571.59999999999, rotte: {2: [(1, 2), (2, 9), (9, 7), (7, 11), (11, 8), (8, 14), (14, 13), (13, 18), (18, 5)], 3: [(1, 17), (17, 16), (16, 4), (4, 10), (10, 12), (12, 15), (15, 6), (6, 5), (5, 3)]}, padri: [1], figli: [3], mosse: [(3, 3, 4, 10, 19)]
3 -> costo: 107512.7, rotte: {2: [(1, 2), (2, 9), (9, 7), (7, 8), (8, 14), (14, 11), (11, 13), (13, 18), (18, 5)], 3: [(1, 17), (17, 16), (16, 4), (4, 10), (10, 12), (12, 15), (15, 6), (6, 5), (5, 3)]}, padri: [2], figli: [4], mosse: [(2, 2, 14, 11, 20)]
4 -> costo: 100739.89999999997, rotte: {2: [(1, 2), (2, 9), (9, 7), (7, 8), (8, 14), (14, 11), (11, 13), (13, 18), (18, 5)], 3: [(1, 17), (17, 16), (16, 4), (4, 10), (10, 12), (12, 6), (6, 5), (5, 3), (3, 15)]}, padri: [3], figli: [5], mosse: [(3, 3, 3, 15, 4)]
5 -> costo: 88462.9, rotte: {2: [(1, 2), (2, 9), (9, 7), (7, 8), (8, 14), (14, 11), (11, 13), (13, 18), (18, 5)], 3: [(1, 15), (15, 17), (17, 16), (16, 4), (4, 10), (10, 12), (12, 6), (6, 5), (5, 3)]}, padri: [4], figli: [6], mosse: [(3, 3, 1, 15, 4)]
6 -> costo: 82747.7, rotte: {2: [(1, 2), (2, 9), (9, 8), (8, 14), (14, 11), (11, 13), (13, 18), (18, 5), (5, 7)], 3: [(1, 15), (15, 17), (17, 16), (16, 4), (4, 10), (10, 12), (12, 6), (6, 5), (5, 3)]}, padri: [5], figli: [7], mosse: [(2, 2, 5, 7, 16)]
7 -> costo: 78799.8, rotte: {2: [(1, 2), (2, 9), (9, 8), (8, 14), (14, 11), (11, 13), (13, 18), (18, 5), (5, 7)], 3: [(1, 15), (15, 17), (17, 16), (16, 4), (4, 10), (10, 6), (6, 5), (5, 3), (3, 12)]}, padri: [6], figli: [8], mosse: [(3, 3, 3, 12, 1)]
8 -> costo: 77334.0, rotte: {2: [(1, 2), (2, 9), (9, 8), (8, 14), (14, 11), (11, 13), (13, 18), (18, 5), (5, 7)], 3: [(1, 15), (15, 17), (17, 16), (16, 12), (12, 4), (4, 10), (10, 6), (6, 5), (5, 3)]}, padri: [7], figli: [9, 12, 13], mosse: [(3, 3, 16, 12, 1)]
9 -> costo: 75526.4, rotte: {2: [(1, 2), (2, 9), (9, 8), (8, 14), (14, 11), (11, 13), (13, 18), (18, 5), (5, 7)], 3: [(1, 15), (15, 17), (17, 16), (16, 12), (12, 10), (10, 6), (6, 5), (5, 4), (4, 3)]}, padri: [8, 12], figli: [10], mosse: [(3, 3, 5, 4, 13), (3, 3, 3, 4)]
10 -> costo: 75371.29999999999, rotte: {2: [(1, 9), (9, 8), (8, 14), (14, 11), (11, 13), (13, 18), (18, 5), (5, 7)], 3: [(1, 15), (15, 17), (17, 16), (16, 12), (12, 10), (10, 6), (6, 5), (5, 4), (4, 3), (3, 2)]}, padri: [9, 13], figli: [11, 11, 11, 11, 11, 11, 11, 11, 15, 15, 15, 15, 15, 15, 15, 15], mosse: [(3, 2, 3, 2, 11), (3, 3, 4, 3, 12)]
11 -> costo: 75041.9, rotte: {2: [(1, 9), (9, 8), (8, 14), (14, 11), (11, 13), (13, 18), (18, 5), (5, 7)], 3: [(1, 15), (15, 17), (17, 16), (16, 12), (12, 10), (10, 6), (6, 4), (4, 3), (3, 2)]}, padri: [10, 10, 10, 10, 10, 10, 10, 10, 14], figli: [], mosse: [(2, 3, 1, 5, 6), (2, 3, 9, 5, 6), (2, 3, 8, 5, 6), (2, 3, 14, 5, 6), (2, 3, 11, 5, 6), (2, 3, 13, 5, 6), (2, 3, 18, 5, 6), (2, 3, 7, 5, 6), (3, 3, 4, 3, 12)]
12 -> costo: 75540.59999999999, rotte: {2: [(1, 2), (2, 9), (9, 8), (8, 14), (14, 11), (11, 13), (13, 18), (18, 5), (5, 7)], 3: [(1, 15), (15, 17), (17, 16), (16, 12), (12, 10), (10, 6), (6, 5), (5, 3), (3, 4)]}, padri: [8], figli: [9, 13], mosse: [(3, 3, 3, 4, 13)]
13 -> costo: 75447.19999999998, rotte: {2: [(1, 9), (9, 8), (8, 14), (14, 11), (11, 13), (13, 18), (18, 5), (5, 7)], 3: [(1, 15), (15, 17), (17, 16), (16, 12), (12, 10), (10, 6), (6, 5), (5, 3), (3, 4), (4, 2)]}, padri: [12], figli: [14, 14, 14, 14, 14, 14, 14, 14, 10], mosse: [(3, 2, 4, 2, 11)]
14 -> costo: 75150.59999999999, rotte: {2: [(1, 9), (9, 8), (8, 14), (14, 11), (11, 13), (13, 18), (18, 5), (5, 7)], 3: [(1, 15), (15, 17), (17, 16), (16, 12), (12, 10), (10, 6), (6, 3), (3, 4), (4, 2)]}, padri: [13, 13, 13, 13, 13, 13, 13, 13], figli: [11, 15], mosse: [(2, 3, 1, 5, 6), (2, 3, 9, 5, 6), (2, 3, 8, 5, 6), (2, 3, 14, 5, 6), (2, 3, 11, 5, 6), (2, 3, 13, 5, 6), (2, 3, 18, 5, 6), (2, 3, 7, 5, 6)]
15 -> costo: 75054.59999999999, rotte: {2: [(1, 9), (9, 8), (8, 14), (14, 11), (11, 13), (13, 18), (18, 5), (5, 7)], 3: [(1, 15), (15, 17), (17, 16), (16, 12), (12, 10), (10, 3), (3, 4), (4, 2), (2, 6)]}, padri: [14], figli: [16], mosse: [(3, 3, 2, 6, 15)]
16 -> costo: 75019.4, rotte: {2: [(1, 9), (9, 8), (8, 14), (14, 11), (11, 13), (13, 18), (18, 5), (5, 7)], 3: [(1, 15), (15, 17), (17, 16), (16, 12), (12, 10), (10, 3), (3, 2), (2, 4), (4, 6)]}, padri: [15], figli: [17, 18], mosse: [(3, 3, 2, 4, 13)]
17 -> costo: 74881.4, rotte: {2: [(1, 9), (9, 8), (8, 14), (14, 11), (11, 13), (13, 18), (18, 5), (5, 7)], 3: [(1, 15), (15, 17), (17, 16), (16, 12), (12, 10), (10, 2), (2, 3), (3, 4), (4, 6)]}, padri: [16, 18], figli: [], mosse: [(3, 3, 2, 3, 12), (3, 3, 3, 4, 13)]
18 -> costo: 74990.09999999999, rotte: {2: [(1, 9), (9, 8), (8, 14), (14, 11), (11, 13), (13, 18), (18, 5), (5, 7)], 3: [(1, 15), (15, 17), (17, 16), (16, 12), (12, 10), (10, 2), (2, 4), (4, 3), (3, 6)]}, padri: [16], figli: [17], mosse: [(3, 3, 4, 3, 12)]
bestSolutionIndice: 17
17 -> costo: 74881.4, rotte: {2: [(1, 9), (9, 8), (8, 14), (14, 11), (11, 13), (13, 18), (18, 5), (5, 7)], 3: [(1, 15), (15, 17), (17, 16), (16, 12), (12, 10), (10, 2), (2, 3), (3, 4), (4, 6)]}, padri: [16, 18], figli: [], mosse: [(3, 3, 2, 3, 12), (3, 3, 3, 4, 13)]
trasportoPalletDiGamma: {2: [(9, 18), (8, 17), (14, 3), (11, 20), (13, 2), (18, 5), (5, 14), (7, 16)], 3: [(15, 4), (17, 6), (16, 5), (12, 1), (10, 19), (2, 11), (3, 12), (4, 13), (6, 15)]}
itMosseLS: 36, itMosseTS: 25
time elapsed: 313.06s.


##########################################################################################
s: 1
dictSolutions[1]:
0 -> costo: 123926.8, rotte: {2: [(1, 4), (4, 12), (12, 3), (3, 14), (14, 8), (8, 2), (2, 13), (13, 9), (9, 17)], 3: [(1, 10), (10, 18), (18, 6), (6, 7), (7, 15), (15, 16), (16, 11), (11, 5)]}, padri: [-1], figli: [1], mosse: [-1]
1 -> costo: 111952.59999999999, rotte: {2: [(1, 4), (4, 3), (3, 14), (14, 8), (8, 2), (2, 13), (13, 12), (12, 9), (9, 17)], 3: [(1, 10), (10, 18), (18, 6), (6, 7), (7, 15), (15, 16), (16, 11), (11, 5)]}, padri: [0], figli: [2], mosse: [(2, 2, 13, 12, 1)]
2 -> costo: 102660.09999999999, rotte: {2: [(1, 4), (4, 3), (3, 8), (8, 2), (2, 13), (13, 12), (12, 14), (14, 9), (9, 17)], 3: [(1, 10), (10, 18), (18, 6), (6, 7), (7, 15), (15, 16), (16, 11), (11, 5)]}, padri: [1], figli: [3], mosse: [(2, 2, 12, 14, 3)]
3 -> costo: 95850.5, rotte: {2: [(1, 4), (4, 3), (3, 8), (8, 2), (2, 13), (13, 12), (12, 14), (14, 9), (9, 17)], 3: [(1, 10), (10, 18), (18, 6), (6, 7), (7, 5), (5, 15), (15, 16), (16, 11)]}, padri: [2], figli: [4], mosse: [(3, 3, 7, 5, 14)]
4 -> costo: 87936.2, rotte: {2: [(1, 4), (4, 3), (3, 8), (8, 2), (2, 13), (13, 12), (12, 14), (14, 9), (9, 17)], 3: [(1, 10), (10, 18), (18, 6), (6, 7), (7, 5), (5, 11), (11, 15), (15, 16)]}, padri: [3], figli: [5], mosse: [(3, 3, 5, 11, 20)]
5 -> costo: 87827.20000000001, rotte: {2: [(1, 4), (4, 3), (3, 8), (8, 2), (2, 13), (13, 12), (12, 14), (14, 9), (9, 17)], 3: [(1, 10), (10, 18), (18, 6), (6, 7), (7, 5), (5, 11), (11, 16), (16, 15)]}, padri: [4], figli: [6, 14, 27], mosse: [(3, 3, 15, 16)]
6 -> costo: 81527.4, rotte: {2: [(1, 4), (4, 3), (3, 2), (2, 13), (13, 12), (12, 14), (14, 9), (9, 8), (8, 17)], 3: [(1, 10), (10, 18), (18, 6), (6, 7), (7, 5), (5, 11), (11, 16), (16, 15)]}, padri: [5], figli: [7, 13], mosse: [(2, 2, 9, 8, 17)]
7 -> costo: 81057.4, rotte: {2: [(1, 4), (4, 3), (3, 2), (2, 13), (13, 12), (12, 14), (14, 9), (9, 8), (8, 17)], 3: [(1, 18), (18, 6), (6, 7), (7, 5), (5, 10), (10, 11), (11, 16), (16, 15)]}, padri: [6], figli: [8, 10, 12], mosse: [(3, 3, 5, 10, 19)]
8 -> costo: 80435.8, rotte: {2: [(1, 4), (4, 3), (3, 2), (2, 13), (13, 12), (12, 14), (14, 9), (9, 8), (8, 18), (18, 17)], 3: [(1, 6), (6, 7), (7, 5), (5, 10), (10, 11), (11, 16), (16, 15)]}, padri: [7], figli: [9], mosse: [(2, 3, 8, 18, 5)]
9 -> costo: 80429.59999999999, rotte: {2: [(1, 3), (3, 4), (4, 2), (2, 13), (13, 12), (12, 14), (14, 9), (9, 8), (8, 18), (18, 17)], 3: [(1, 6), (6, 7), (7, 5), (5, 10), (10, 11), (11, 16), (16, 15)]}, padri: [8, 12], figli: [], mosse: [(2, 2, 3, 4, 13), (2, 3, 8, 18, 5)]
10 -> costo: 80903.29999999999, rotte: {2: [(1, 4), (4, 3), (3, 2), (2, 13), (13, 12), (12, 14), (14, 9), (9, 8), (8, 17)], 3: [(1, 6), (6, 7), (7, 5), (5, 18), (18, 10), (10, 11), (11, 16), (16, 15)]}, padri: [7], figli: [11], mosse: [(3, 3, 5, 18, 5)]
11 -> costo: 80897.1, rotte: {2: [(1, 3), (3, 4), (4, 2), (2, 13), (13, 12), (12, 14), (14, 9), (9, 8), (8, 17)], 3: [(1, 6), (6, 7), (7, 5), (5, 18), (18, 10), (10, 11), (11, 16), (16, 15)]}, padri: [10, 12], figli: [], mosse: [(2, 2, 3, 4, 13), (3, 3, 5, 18, 5)]
12 -> costo: 81051.2, rotte: {2: [(1, 3), (3, 4), (4, 2), (2, 13), (13, 12), (12, 14), (14, 9), (9, 8), (8, 17)], 3: [(1, 18), (18, 6), (6, 7), (7, 5), (5, 10), (10, 11), (11, 16), (16, 15)]}, padri: [7, 13], figli: [9, 11], mosse: [(2, 2, 3, 4, 13), (3, 3, 5, 10, 19)]
13 -> costo: 81521.2, rotte: {2: [(1, 3), (3, 4), (4, 2), (2, 13), (13, 12), (12, 14), (14, 9), (9, 8), (8, 17)], 3: [(1, 10), (10, 18), (18, 6), (6, 7), (7, 5), (5, 11), (11, 16), (16, 15)]}, padri: [6], figli: [12], mosse: [(2, 2, 3, 4, 13)]
14 -> costo: 81527.4, rotte: {2: [(1, 4), (4, 3), (3, 2), (2, 13), (13, 12), (12, 14), (14, 8), (8, 9), (9, 17)], 3: [(1, 10), (10, 18), (18, 6), (6, 7), (7, 5), (5, 11), (11, 16), (16, 15)]}, padri: [5], figli: [15, 23], mosse: [(2, 2, 14, 8, 17)]
15 -> costo: 81057.4, rotte: {2: [(1, 4), (4, 3), (3, 2), (2, 13), (13, 12), (12, 14), (14, 8), (8, 9), (9, 17)], 3: [(1, 18), (18, 6), (6, 7), (7, 5), (5, 10), (10, 11), (11, 16), (16, 15)]}, padri: [14], figli: [16, 18, 20], mosse: [(3, 3, 5, 10, 19)]
16 -> costo: 80435.8, rotte: {2: [(1, 4), (4, 3), (3, 2), (2, 13), (13, 12), (12, 14), (14, 8), (8, 9), (9, 18), (18, 17)], 3: [(1, 6), (6, 7), (7, 5), (5, 10), (10, 11), (11, 16), (16, 15)]}, padri: [15], figli: [17], mosse: [(2, 3, 9, 18, 5)]
17 -> costo: 80429.59999999999, rotte: {2: [(1, 3), (3, 4), (4, 2), (2, 13), (13, 12), (12, 14), (14, 8), (8, 9), (9, 18), (18, 17)], 3: [(1, 6), (6, 7), (7, 5), (5, 10), (10, 11), (11, 16), (16, 15)]}, padri: [16], figli: [], mosse: [(2, 2, 3, 4, 13)]
18 -> costo: 80903.29999999999, rotte: {2: [(1, 4), (4, 3), (3, 2), (2, 13), (13, 12), (12, 14), (14, 8), (8, 9), (9, 17)], 3: [(1, 6), (6, 7), (7, 5), (5, 18), (18, 10), (10, 11), (11, 16), (16, 15)]}, padri: [15], figli: [19], mosse: [(3, 3, 5, 18, 5)]
19 -> costo: 80897.1, rotte: {2: [(1, 3), (3, 4), (4, 2), (2, 13), (13, 12), (12, 14), (14, 8), (8, 9), (9, 17)], 3: [(1, 6), (6, 7), (7, 5), (5, 18), (18, 10), (10, 11), (11, 16), (16, 15)]}, padri: [18], figli: [], mosse: [(2, 2, 3, 4, 13)]
20 -> costo: 81051.2, rotte: {2: [(1, 3), (3, 4), (4, 2), (2, 13), (13, 12), (12, 14), (14, 8), (8, 9), (9, 17)], 3: [(1, 18), (18, 6), (6, 7), (7, 5), (5, 10), (10, 11), (11, 16), (16, 15)]}, padri: [15], figli: [21, 22], mosse: [(2, 2, 3, 4, 13)]
21 -> costo: 80429.59999999999, rotte: {2: [(1, 3), (3, 4), (4, 2), (2, 13), (13, 12), (12, 14), (14, 8), (8, 9), (9, 18), (18, 17)], 3: [(1, 6), (6, 7), (7, 5), (5, 10), (10, 11), (11, 16), (16, 15)]}, padri: [20], figli: [], mosse: [(2, 3, 9, 18, 5)]
22 -> costo: 80897.1, rotte: {2: [(1, 3), (3, 4), (4, 2), (2, 13), (13, 12), (12, 14), (14, 8), (8, 9), (9, 17)], 3: [(1, 6), (6, 7), (7, 5), (5, 18), (18, 10), (10, 11), (11, 16), (16, 15)]}, padri: [20], figli: [], mosse: [(3, 3, 5, 18, 5)]
23 -> costo: 81521.2, rotte: {2: [(1, 3), (3, 4), (4, 2), (2, 13), (13, 12), (12, 14), (14, 8), (8, 9), (9, 17)], 3: [(1, 10), (10, 18), (18, 6), (6, 7), (7, 5), (5, 11), (11, 16), (16, 15)]}, padri: [14], figli: [24], mosse: [(2, 2, 3, 4, 13)]
24 -> costo: 81051.2, rotte: {2: [(1, 3), (3, 4), (4, 2), (2, 13), (13, 12), (12, 14), (14, 8), (8, 9), (9, 17)], 3: [(1, 18), (18, 6), (6, 7), (7, 5), (5, 10), (10, 11), (11, 16), (16, 15)]}, padri: [23], figli: [25, 26], mosse: [(3, 3, 5, 10, 19)]
25 -> costo: 80429.59999999999, rotte: {2: [(1, 3), (3, 4), (4, 2), (2, 13), (13, 12), (12, 14), (14, 8), (8, 9), (9, 18), (18, 17)], 3: [(1, 6), (6, 7), (7, 5), (5, 10), (10, 11), (11, 16), (16, 15)]}, padri: [24], figli: [], mosse: [(2, 3, 9, 18, 5)]
26 -> costo: 80897.1, rotte: {2: [(1, 3), (3, 4), (4, 2), (2, 13), (13, 12), (12, 14), (14, 8), (8, 9), (9, 17)], 3: [(1, 6), (6, 7), (7, 5), (5, 18), (18, 10), (10, 11), (11, 16), (16, 15)]}, padri: [24], figli: [], mosse: [(3, 3, 5, 18, 5)]
27 -> costo: 85358.90000000001, rotte: {2: [(1, 4), (4, 3), (3, 2), (2, 8), (8, 13), (13, 12), (12, 14), (14, 9), (9, 17)], 3: [(1, 10), (10, 18), (18, 6), (6, 7), (7, 5), (5, 11), (11, 16), (16, 15)]}, padri: [5], figli: [28], mosse: [(2, 2, 2, 8, 17)]
28 -> costo: 81527.4, rotte: {2: [(1, 4), (4, 3), (3, 2), (2, 13), (13, 12), (12, 14), (14, 8), (8, 9), (9, 17)], 3: [(1, 10), (10, 18), (18, 6), (6, 7), (7, 5), (5, 11), (11, 16), (16, 15)]}, padri: [27], figli: [29], mosse: [(2, 2, 14, 8, 17)]
29 -> costo: 81057.4, rotte: {2: [(1, 4), (4, 3), (3, 2), (2, 13), (13, 12), (12, 14), (14, 8), (8, 9), (9, 17)], 3: [(1, 18), (18, 6), (6, 7), (7, 5), (5, 10), (10, 11), (11, 16), (16, 15)]}, padri: [28], figli: [30], mosse: [(3, 3, 5, 10, 19)]
30 -> costo: 80435.8, rotte: {2: [(1, 4), (4, 3), (3, 2), (2, 13), (13, 12), (12, 14), (14, 8), (8, 9), (9, 18), (18, 17)], 3: [(1, 6), (6, 7), (7, 5), (5, 10), (10, 11), (11, 16), (16, 15)]}, padri: [29], figli: [31], mosse: [(2, 3, 9, 18, 5)]
31 -> costo: 80429.59999999999, rotte: {2: [(1, 3), (3, 4), (4, 2), (2, 13), (13, 12), (12, 14), (14, 8), (8, 9), (9, 18), (18, 17)], 3: [(1, 6), (6, 7), (7, 5), (5, 10), (10, 11), (11, 16), (16, 15)]}, padri: [30], figli: [], mosse: [(2, 2, 3, 4, 13)]
bestSolutionIndice: 9
9 -> costo: 80429.59999999999, rotte: {2: [(1, 3), (3, 4), (4, 2), (2, 13), (13, 12), (12, 14), (14, 9), (9, 8), (8, 18), (18, 17)], 3: [(1, 6), (6, 7), (7, 5), (5, 10), (10, 11), (11, 16), (16, 15)]}, padri: [8, 12], figli: [], mosse: [(2, 2, 3, 4, 13), (2, 3, 8, 18, 5)]
trasportoPalletDiGamma: {2: [(3, 12), (4, 13), (2, 11), (13, 2), (12, 1), (14, 3), (9, 18), (8, 17), (18, 5), (17, 6)], 3: [(6, 15), (7, 16), (5, 14), (10, 19), (11, 20), (16, 5), (15, 4)]}
itMosseLS: 34, itMosseTS: 25
time elapsed: 305.82s.


##########################################################################################
s: 1
dictSolutions[1]:
0 -> costo: 151477.1, rotte: {2: [(1, 17), (17, 2), (2, 14), (14, 4), (4, 10), (10, 9), (9, 7), (7, 16), (16, 5)], 3: [(1, 11), (11, 6), (6, 13), (13, 15), (15, 12), (12, 18), (18, 8), (8, 3), (3, 5)]}, padri: [-1], figli: [1], mosse: [-1]
1 -> costo: 131094.4, rotte: {2: [(1, 2), (2, 14), (14, 4), (4, 10), (10, 9), (9, 7), (7, 17), (17, 16), (16, 5)], 3: [(1, 11), (11, 6), (6, 13), (13, 15), (15, 12), (12, 18), (18, 8), (8, 3), (3, 5)]}, padri: [0], figli: [2], mosse: [(2, 2, 7, 17, 6)]
2 -> costo: 116329.7, rotte: {2: [(1, 2), (2, 14), (14, 4), (4, 10), (10, 9), (9, 7), (7, 5), (5, 17), (17, 16)], 3: [(1, 11), (11, 6), (6, 13), (13, 15), (15, 12), (12, 18), (18, 8), (8, 3), (3, 5)]}, padri: [1], figli: [3], mosse: [(2, 2, 7, 5, 9)]
3 -> costo: 104164.29999999999, rotte: {2: [(1, 2), (2, 14), (14, 4), (4, 10), (10, 9), (9, 7), (7, 5), (5, 17), (17, 16)], 3: [(1, 11), (11, 13), (13, 15), (15, 12), (12, 18), (18, 8), (8, 6), (6, 3), (3, 5)]}, padri: [2], figli: [4], mosse: [(3, 3, 8, 6, 15)]
4 -> costo: 104000.69999999998, rotte: {2: [(1, 2), (2, 14), (14, 4), (4, 10), (10, 9), (9, 7), (7, 5), (5, 17), (17, 16)], 3: [(1, 11), (11, 13), (13, 15), (15, 12), (12, 18), (18, 8), (8, 6), (6, 5), (5, 3)]}, padri: [3], figli: [5], mosse: [(3, 3, 3, 5)]
5 -> costo: 92033.09999999999, rotte: {2: [(1, 2), (2, 14), (14, 4), (4, 10), (10, 9), (9, 7), (7, 5), (5, 17), (17, 16)], 3: [(1, 11), (11, 13), (13, 12), (12, 18), (18, 8), (8, 6), (6, 5), (5, 3), (3, 15)]}, padri: [4], figli: [6], mosse: [(3, 3, 3, 15, 4)]
6 -> costo: 85813.19999999998, rotte: {2: [(1, 2), (2, 4), (4, 10), (10, 9), (9, 7), (7, 5), (5, 14), (14, 17), (17, 16)], 3: [(1, 11), (11, 13), (13, 12), (12, 18), (18, 8), (8, 6), (6, 5), (5, 3), (3, 15)]}, padri: [5], figli: [7], mosse: [(2, 2, 5, 14, 3)]
7 -> costo: 84508.9, rotte: {2: [(1, 2), (2, 4), (4, 10), (10, 9), (9, 7), (7, 5), (5, 14), (14, 17), (17, 16)], 3: [(1, 11), (11, 13), (13, 12), (12, 8), (8, 18), (18, 6), (6, 5), (5, 3), (3, 15)]}, padri: [6], figli: [8], mosse: [(3, 3, 8, 18, 5)]
8 -> costo: 84026.09999999999, rotte: {2: [(1, 2), (2, 4), (4, 9), (9, 7), (7, 5), (5, 10), (10, 14), (14, 17), (17, 16)], 3: [(1, 11), (11, 13), (13, 12), (12, 8), (8, 18), (18, 6), (6, 5), (5, 3), (3, 15)]}, padri: [7], figli: [9], mosse: [(2, 2, 5, 10, 19)]
9 -> costo: 83976.9, rotte: {2: [(1, 2), (2, 4), (4, 7), (7, 9), (9, 5), (5, 10), (10, 14), (14, 17), (17, 16)], 3: [(1, 11), (11, 13), (13, 12), (12, 8), (8, 18), (18, 6), (6, 5), (5, 3), (3, 15)]}, padri: [8], figli: [10, 14, 14, 14, 14, 14, 14, 14, 14, 14, 19, 19, 19, 19, 19, 19, 19, 19, 19], mosse: [(2, 2, 9, 7)]
10 -> costo: 82159.9, rotte: {2: [(1, 2), (2, 4), (4, 7), (7, 5), (5, 10), (10, 9), (9, 14), (14, 17), (17, 16)], 3: [(1, 11), (11, 13), (13, 12), (12, 8), (8, 18), (18, 6), (6, 5), (5, 3), (3, 15)]}, padri: [9, 19], figli: [11, 12, 13], mosse: [(2, 2, 10, 9, 18), (2, 2, 10, 9, 18)]
11 -> costo: 81866.7, rotte: {2: [(1, 2), (2, 4), (4, 7), (7, 5), (5, 10), (10, 9), (9, 14), (14, 17), (17, 16)], 3: [(1, 11), (11, 12), (12, 13), (13, 8), (8, 18), (18, 6), (6, 5), (5, 3), (3, 15)]}, padri: [10, 13], figli: [], mosse: [(3, 3, 12, 13, 2), (3, 3, 12, 13, 2)]
12 -> costo: 81869.7, rotte: {2: [(1, 2), (2, 4), (4, 7), (7, 5), (5, 10), (10, 9), (9, 14), (14, 17), (17, 16)], 3: [(1, 13), (13, 12), (12, 11), (11, 8), (8, 18), (18, 6), (6, 5), (5, 3), (3, 15)]}, padri: [10, 13], figli: [], mosse: [(3, 3, 12, 11, 20), (3, 3, 12, 11, 20)]
13 -> costo: 81915.1, rotte: {2: [(1, 2), (2, 4), (4, 7), (7, 5), (5, 10), (10, 9), (9, 14), (14, 17), (17, 16)], 3: [(1, 13), (13, 11), (11, 12), (12, 8), (8, 18), (18, 6), (6, 5), (5, 3), (3, 15)]}, padri: [10], figli: [11, 12], mosse: [(3, 3, 13, 11, 20)]
14 -> costo: 82232.4, rotte: {2: [(1, 2), (2, 4), (4, 7), (7, 9), (9, 10), (10, 14), (14, 17), (17, 16)], 3: [(1, 11), (11, 13), (13, 12), (12, 8), (8, 18), (18, 6), (6, 5), (5, 3), (3, 15)]}, padri: [9, 9, 9, 9, 9, 9, 9, 9, 9, 19, 19, 19, 19], figli: [15, 16, 17, 18], mosse: [(3, 2, 1, 5, 9), (3, 2, 11, 5, 9), (3, 2, 13, 5, 9), (3, 2, 12, 5, 9), (3, 2, 8, 5, 9), (3, 2, 18, 5, 9), (3, 2, 6, 5, 9), (3, 2, 3, 5, 9), (3, 2, 15, 5, 9), (3, 2, 1, 5, 9), (3, 2, 11, 5, 9), (3, 2, 13, 5, 9), (3, 2, 12, 5, 9)]
15 -> costo: 81939.2, rotte: {2: [(1, 2), (2, 4), (4, 7), (7, 9), (9, 10), (10, 14), (14, 17), (17, 16)], 3: [(1, 11), (11, 12), (12, 13), (13, 8), (8, 18), (18, 6), (6, 5), (5, 3), (3, 15)]}, padri: [14, 17], figli: [], mosse: [(3, 3, 12, 13, 2), (3, 3, 12, 13, 2)]
16 -> costo: 81942.19999999998, rotte: {2: [(1, 2), (2, 4), (4, 7), (7, 9), (9, 10), (10, 14), (14, 17), (17, 16)], 3: [(1, 13), (13, 12), (12, 11), (11, 8), (8, 18), (18, 6), (6, 5), (5, 3), (3, 15)]}, padri: [14, 17], figli: [], mosse: [(3, 3, 12, 11, 20), (3, 3, 12, 11, 20)]
17 -> costo: 81987.59999999999, rotte: {2: [(1, 2), (2, 4), (4, 7), (7, 9), (9, 10), (10, 14), (14, 17), (17, 16)], 3: [(1, 13), (13, 11), (11, 12), (12, 8), (8, 18), (18, 6), (6, 5), (5, 3), (3, 15)]}, padri: [14], figli: [15, 16, 18], mosse: [(3, 3, 13, 11, 20)]
18 -> costo: 81958.4, rotte: {2: [(1, 2), (2, 4), (4, 7), (7, 9), (9, 10), (10, 14), (14, 13), (13, 17), (17, 16)], 3: [(1, 11), (11, 12), (12, 8), (8, 18), (18, 6), (6, 5), (5, 3), (3, 15)]}, padri: [17], figli: [], mosse: [(2, 3, 14, 13, 2)]
19 -> costo: 82616.4, rotte: {2: [(1, 2), (2, 4), (4, 7), (7, 5), (5, 9), (9, 10), (10, 14), (14, 17), (17, 16)], 3: [(1, 11), (11, 13), (13, 12), (12, 8), (8, 18), (18, 6), (6, 5), (5, 3), (3, 15)]}, padri: [9], figli: [10, 14, 14, 14, 14], mosse: [(2, 2, 5, 9, 18)]
bestSolutionIndice: 11
11 -> costo: 81866.7, rotte: {2: [(1, 2), (2, 4), (4, 7), (7, 5), (5, 10), (10, 9), (9, 14), (14, 17), (17, 16)], 3: [(1, 11), (11, 12), (12, 13), (13, 8), (8, 18), (18, 6), (6, 5), (5, 3), (3, 15)]}, padri: [10, 13], figli: [], mosse: [(3, 3, 12, 13, 2), (3, 3, 12, 13, 2)]
trasportoPalletDiGamma: {2: [(2, 11), (4, 13), (7, 16), (5, 9), (10, 19), (9, 18), (14, 3), (17, 6), (16, 5)], 3: [(11, 20), (12, 1), (13, 2), (8, 17), (18, 5), (6, 15), (5, 5), (3, 12), (15, 4)]}
itMosseLS: 36, itMosseTS: 25
time elapsed: 468.33s.


##########################################################################################
s: 1
dictSolutions[1]:
0 -> costo: 152777.6, rotte: {2: [(1, 18), (18, 9), (9, 15), (15, 14), (14, 6), (6, 12), (12, 8), (8, 13), (13, 17), (17, 2)], 3: [(1, 11), (11, 5), (5, 7), (7, 3), (3, 16), (16, 10), (10, 4), (4, 2)]}, padri: [-1], figli: [1], mosse: [-1]
1 -> costo: 131176.0, rotte: {2: [(1, 18), (18, 9), (9, 14), (14, 6), (6, 12), (12, 8), (8, 13), (13, 15), (15, 17), (17, 2)], 3: [(1, 11), (11, 5), (5, 7), (7, 3), (3, 16), (16, 10), (10, 4), (4, 2)]}, padri: [0], figli: [2], mosse: [(2, 2, 13, 15, 4)]
2 -> costo: 118206.09999999999, rotte: {2: [(1, 2), (2, 18), (18, 9), (9, 14), (14, 6), (6, 12), (12, 8), (8, 13), (13, 15), (15, 17)], 3: [(1, 11), (11, 5), (5, 7), (7, 3), (3, 16), (16, 10), (10, 4), (4, 2)]}, padri: [1], figli: [3], mosse: [(2, 2, 1, 2, 10)]
3 -> costo: 118017.7, rotte: {2: [(1, 2), (2, 18), (18, 9), (9, 14), (14, 6), (6, 12), (12, 8), (8, 13), (13, 17), (17, 15)], 3: [(1, 11), (11, 5), (5, 7), (7, 3), (3, 16), (16, 10), (10, 4), (4, 2)]}, padri: [2], figli: [4], mosse: [(2, 2, 15, 17)]
4 -> costo: 105091.1, rotte: {2: [(1, 2), (2, 18), (18, 9), (9, 14), (14, 6), (6, 12), (12, 8), (8, 13), (13, 17), (17, 15)], 3: [(1, 11), (11, 5), (5, 7), (7, 3), (3, 10), (10, 4), (4, 2), (2, 16)]}, padri: [3], figli: [5], mosse: [(3, 3, 2, 16, 5)]
5 -> costo: 94406.8, rotte: {2: [(1, 2), (2, 18), (18, 9), (9, 14), (14, 6), (6, 8), (8, 13), (13, 12), (12, 17), (17, 15)], 3: [(1, 11), (11, 5), (5, 7), (7, 3), (3, 10), (10, 4), (4, 2), (2, 16)]}, padri: [4], figli: [6], mosse: [(2, 2, 13, 12, 1)]
6 -> costo: 84403.0, rotte: {2: [(1, 2), (2, 18), (18, 9), (9, 6), (6, 8), (8, 14), (14, 13), (13, 12), (12, 17), (17, 15)], 3: [(1, 11), (11, 5), (5, 7), (7, 3), (3, 10), (10, 4), (4, 2), (2, 16)]}, padri: [5], figli: [7], mosse: [(2, 2, 8, 14, 3)]
7 -> costo: 80142.5, rotte: {2: [(1, 2), (2, 18), (18, 6), (6, 8), (8, 9), (9, 14), (14, 13), (13, 12), (12, 17), (17, 15)], 3: [(1, 11), (11, 5), (5, 7), (7, 3), (3, 10), (10, 4), (4, 2), (2, 16)]}, padri: [6], figli: [8], mosse: [(2, 2, 8, 9, 18)]
8 -> costo: 76014.5, rotte: {2: [(1, 2), (2, 18), (18, 6), (6, 8), (8, 9), (9, 14), (14, 13), (13, 12), (12, 17), (17, 15)], 3: [(1, 5), (5, 7), (7, 3), (3, 10), (10, 4), (4, 2), (2, 11), (11, 16)]}, padri: [7], figli: [9], mosse: [(3, 3, 2, 11, 20)]
9 -> costo: 74285.0, rotte: {2: [(1, 2), (2, 18), (18, 6), (6, 8), (8, 9), (9, 14), (14, 13), (13, 12), (12, 17), (17, 15)], 3: [(1, 5), (5, 7), (7, 3), (3, 4), (4, 2), (2, 10), (10, 11), (11, 16)]}, padri: [8], figli: [10, 14], mosse: [(3, 3, 2, 10, 19)]
10 -> costo: 73671.79999999999, rotte: {2: [(1, 2), (2, 6), (6, 18), (18, 8), (8, 9), (9, 14), (14, 13), (13, 12), (12, 17), (17, 15)], 3: [(1, 5), (5, 7), (7, 3), (3, 4), (4, 2), (2, 10), (10, 11), (11, 16)]}, padri: [9], figli: [11, 11, 11, 11, 11, 11, 11, 11, 11, 11, 13, 13, 13, 13, 13, 13, 13, 13, 13, 13, 15, 15, 15, 15, 15, 15, 15, 15, 15, 15], mosse: [(2, 2, 6, 18, 5)]
11 -> costo: 73453.3, rotte: {2: [(1, 2), (2, 6), (6, 18), (18, 8), (8, 9), (9, 14), (14, 13), (13, 12), (12, 17), (17, 15)], 3: [(1, 5), (5, 7), (7, 3), (3, 4), (4, 10), (10, 11), (11, 16)]}, padri: [10, 10, 10, 10, 10, 10, 10, 10, 10, 10, 14], figli: [12], mosse: [(2, 3, 1, 2, 1), (2, 3, 6, 2, 1), (2, 3, 18, 2, 1), (2, 3, 8, 2, 1), (2, 3, 9, 2, 1), (2, 3, 14, 2, 1), (2, 3, 13, 2, 1), (2, 3, 12, 2, 1), (2, 3, 17, 2, 1), (2, 3, 15, 2, 1), (2, 2, 6, 18, 5)]
12 -> costo: 73406.3, rotte: {2: [(1, 2), (2, 6), (6, 18), (18, 8), (8, 9), (9, 14), (14, 13), (13, 12), (12, 17), (17, 15)], 3: [(1, 5), (5, 7), (7, 4), (4, 3), (3, 10), (10, 11), (11, 16)]}, padri: [11, 13, 13, 13, 13, 13, 13, 13, 13, 13, 13, 15], figli: [], mosse: [(3, 3, 4, 3, 12), (2, 3, 1, 2, 1), (2, 3, 6, 2, 1), (2, 3, 18, 2, 1), (2, 3, 8, 2, 1), (2, 3, 9, 2, 1), (2, 3, 14, 2, 1), (2, 3, 13, 2, 1), (2, 3, 12, 2, 1), (2, 3, 17, 2, 1), (2, 3, 15, 2, 1), (2, 2, 6, 18, 5)]
13 -> costo: 73631.0, rotte: {2: [(1, 2), (2, 6), (6, 18), (18, 8), (8, 9), (9, 14), (14, 13), (13, 12), (12, 17), (17, 15)], 3: [(1, 5), (5, 7), (7, 4), (4, 3), (3, 2), (2, 10), (10, 11), (11, 16)]}, padri: [10], figli: [12, 12, 12, 12, 12, 12, 12, 12, 12, 12], mosse: [(3, 3, 4, 3, 12)]
14 -> costo: 74066.50000000001, rotte: {2: [(1, 2), (2, 18), (18, 6), (6, 8), (8, 9), (9, 14), (14, 13), (13, 12), (12, 17), (17, 15)], 3: [(1, 5), (5, 7), (7, 3), (3, 4), (4, 10), (10, 11), (11, 16)]}, padri: [9], figli: [11, 15], mosse: [(2, 3, 1, 2, 1)]
15 -> costo: 74019.50000000001, rotte: {2: [(1, 2), (2, 18), (18, 6), (6, 8), (8, 9), (9, 14), (14, 13), (13, 12), (12, 17), (17, 15)], 3: [(1, 5), (5, 7), (7, 4), (4, 3), (3, 10), (10, 11), (11, 16)]}, padri: [14], figli: [12], mosse: [(3, 3, 4, 3, 12)]
bestSolutionIndice: 12
12 -> costo: 73406.3, rotte: {2: [(1, 2), (2, 6), (6, 18), (18, 8), (8, 9), (9, 14), (14, 13), (13, 12), (12, 17), (17, 15)], 3: [(1, 5), (5, 7), (7, 4), (4, 3), (3, 10), (10, 11), (11, 16)]}, padri: [11, 13, 13, 13, 13, 13, 13, 13, 13, 13, 13, 15], figli: [], mosse: [(3, 3, 4, 3, 12), (2, 3, 1, 2, 1), (2, 3, 6, 2, 1), (2, 3, 18, 2, 1), (2, 3, 8, 2, 1), (2, 3, 9, 2, 1), (2, 3, 14, 2, 1), (2, 3, 13, 2, 1), (2, 3, 12, 2, 1), (2, 3, 17, 2, 1), (2, 3, 15, 2, 1), (2, 2, 6, 18, 5)]
trasportoPalletDiGamma: {2: [(2, 11), (6, 15), (18, 5), (8, 17), (9, 18), (14, 3), (13, 2), (12, 1), (17, 6), (15, 4)], 3: [(5, 14), (7, 16), (4, 13), (3, 12), (10, 19), (11, 20), (16, 5)]}
itMosseLS: 36, itMosseTS: 25
time elapsed: 240.55s.


##########################################################################################
s: 1
dictSolutions[1]:
0 -> costo: 142280.59999999998, rotte: {3: [(1, 17), (17, 7), (7, 9), (9, 4), (4, 10), (10, 5), (5, 8)], 2: [(1, 12), (12, 15), (15, 2), (2, 3), (3, 18), (18, 14), (14, 11), (11, 6), (6, 13), (13, 16), (16, 8)]}, padri: [-1], figli: [1], mosse: [-1]
1 -> costo: 121952.40000000001, rotte: {3: [(1, 7), (7, 9), (9, 4), (4, 10), (10, 5), (5, 8)], 2: [(1, 12), (12, 15), (15, 2), (2, 3), (3, 18), (18, 14), (14, 11), (11, 6), (6, 13), (13, 17), (17, 16), (16, 8)]}, padri: [0], figli: [2], mosse: [(2, 3, 13, 17, 6)]
2 -> costo: 103262.50000000001, rotte: {3: [(1, 7), (7, 9), (9, 4), (4, 10), (10, 5), (5, 8)], 2: [(1, 12), (12, 2), (2, 3), (3, 18), (18, 14), (14, 11), (11, 6), (6, 13), (13, 15), (15, 17), (17, 16), (16, 8)]}, padri: [1], figli: [3], mosse: [(2, 2, 13, 15, 4)]
3 -> costo: 86941.40000000001, rotte: {3: [(1, 7), (7, 9), (9, 4), (4, 10), (10, 5), (5, 8)], 2: [(1, 12), (12, 2), (2, 3), (3, 18), (18, 14), (14, 11), (11, 6), (6, 13), (13, 15), (15, 17), (17, 16)]}, padri: [2], figli: [4], mosse: [(3, 2, 1, 8, 3)]
4 -> costo: 76688.6, rotte: {3: [(1, 7), (7, 9), (9, 4), (4, 10), (10, 5), (5, 8)], 2: [(1, 2), (2, 3), (3, 18), (18, 14), (14, 11), (11, 6), (6, 13), (13, 12), (12, 15), (15, 17), (17, 16)]}, padri: [3], figli: [5], mosse: [(2, 2, 13, 12, 1)]
5 -> costo: 70263.3, rotte: {3: [(1, 7), (7, 4), (4, 10), (10, 5), (5, 8), (8, 9)], 2: [(1, 2), (2, 3), (3, 18), (18, 14), (14, 11), (11, 6), (6, 13), (13, 12), (12, 15), (15, 17), (17, 16)]}, padri: [4], figli: [6], mosse: [(3, 3, 8, 9, 18)]
6 -> costo: 65541.1, rotte: {3: [(1, 7), (7, 4), (4, 10), (10, 5), (5, 8), (8, 9)], 2: [(1, 2), (2, 3), (3, 18), (18, 14), (14, 11), (11, 13), (13, 12), (12, 6), (6, 15), (15, 17), (17, 16)]}, padri: [5], figli: [7], mosse: [(2, 2, 12, 6, 15)]
7 -> costo: 63903.6, rotte: {3: [(1, 4), (4, 10), (10, 5), (5, 7), (7, 8), (8, 9)], 2: [(1, 2), (2, 3), (3, 18), (18, 14), (14, 11), (11, 13), (13, 12), (12, 6), (6, 15), (15, 17), (17, 16)]}, padri: [6], figli: [8], mosse: [(3, 3, 5, 7, 16)]
8 -> costo: 63057.100000000006, rotte: {3: [(1, 4), (4, 10), (10, 5), (5, 7), (7, 8), (8, 9)], 2: [(1, 2), (2, 3), (3, 14), (14, 11), (11, 13), (13, 12), (12, 18), (18, 6), (6, 15), (15, 17), (17, 16)]}, padri: [7], figli: [9], mosse: [(2, 2, 12, 18, 5)]
9 -> costo: 62549.90000000001, rotte: {3: [(1, 10), (10, 4), (4, 5), (5, 7), (7, 8), (8, 9)], 2: [(1, 2), (2, 3), (3, 14), (14, 11), (11, 13), (13, 12), (12, 18), (18, 6), (6, 15), (15, 17), (17, 16)]}, padri: [8], figli: [10, 16], mosse: [(3, 3, 10, 4, 13)]
10 -> costo: 62256.70000000001, rotte: {3: [(1, 10), (10, 4), (4, 5), (5, 7), (7, 8), (8, 9)], 2: [(1, 2), (2, 3), (3, 14), (14, 11), (11, 12), (12, 13), (13, 18), (18, 6), (6, 15), (15, 17), (17, 16)]}, padri: [9], figli: [11, 14, 17], mosse: [(2, 2, 12, 13, 2)]
11 -> costo: 62147.70000000001, rotte: {3: [(1, 10), (10, 4), (4, 5), (5, 7), (7, 8), (8, 9)], 2: [(1, 2), (2, 3), (3, 14), (14, 11), (11, 12), (12, 13), (13, 18), (18, 6), (6, 17), (17, 16), (16, 15)]}, padri: [10, 16], figli: [12, 22], mosse: [(2, 2, 16, 15, 4), (2, 2, 12, 13, 2)]
12 -> costo: 62085.70000000001, rotte: {3: [(1, 10), (10, 4), (4, 7), (7, 5), (5, 8), (8, 9)], 2: [(1, 2), (2, 3), (3, 14), (14, 11), (11, 12), (12, 13), (13, 18), (18, 6), (6, 17), (17, 16), (16, 15)]}, padri: [11, 14, 17, 24], figli: [13, 19], mosse: [(3, 3, 7, 5, 14), (2, 2, 16, 15, 4), (2, 2, 12, 13, 2), (2, 2, 11, 12, 1)]
13 -> costo: 61705.40000000001, rotte: {3: [(1, 4), (4, 7), (7, 5), (5, 10), (10, 8), (8, 9)], 2: [(1, 2), (2, 3), (3, 14), (14, 11), (11, 12), (12, 13), (13, 18), (18, 6), (6, 17), (17, 16), (16, 15)]}, padri: [12, 15, 18, 21], figli: [], mosse: [(3, 3, 5, 10, 19), (2, 2, 16, 15, 4), (2, 2, 12, 13, 2), (2, 2, 11, 12, 1)]
14 -> costo: 62194.70000000001, rotte: {3: [(1, 10), (10, 4), (4, 7), (7, 5), (5, 8), (8, 9)], 2: [(1, 2), (2, 3), (3, 14), (14, 11), (11, 12), (12, 13), (13, 18), (18, 6), (6, 15), (15, 17), (17, 16)]}, padri: [10], figli: [15, 12, 22], mosse: [(3, 3, 7, 5, 14)]
15 -> costo: 61814.40000000001, rotte: {3: [(1, 4), (4, 7), (7, 5), (5, 10), (10, 8), (8, 9)], 2: [(1, 2), (2, 3), (3, 14), (14, 11), (11, 12), (12, 13), (13, 18), (18, 6), (6, 15), (15, 17), (17, 16)]}, padri: [14], figli: [13, 19], mosse: [(3, 3, 5, 10, 19)]
16 -> costo: 62440.90000000001, rotte: {3: [(1, 10), (10, 4), (4, 5), (5, 7), (7, 8), (8, 9)], 2: [(1, 2), (2, 3), (3, 14), (14, 11), (11, 13), (13, 12), (12, 18), (18, 6), (6, 17), (17, 16), (16, 15)]}, padri: [9], figli: [11, 17, 25], mosse: [(2, 2, 16, 15, 4)]
17 -> costo: 62378.90000000001, rotte: {3: [(1, 10), (10, 4), (4, 7), (7, 5), (5, 8), (8, 9)], 2: [(1, 2), (2, 3), (3, 14), (14, 11), (11, 13), (13, 12), (12, 18), (18, 6), (6, 17), (17, 16), (16, 15)]}, padri: [16], figli: [18, 12, 22], mosse: [(3, 3, 7, 5, 14)]
18 -> costo: 61998.600000000006, rotte: {3: [(1, 4), (4, 7), (7, 5), (5, 10), (10, 8), (8, 9)], 2: [(1, 2), (2, 3), (3, 14), (14, 11), (11, 13), (13, 12), (12, 18), (18, 6), (6, 17), (17, 16), (16, 15)]}, padri: [17], figli: [13, 19, 23], mosse: [(3, 3, 5, 10, 19)]
19 -> costo: 61980.1, rotte: {3: [(1, 4), (4, 7), (7, 5), (5, 10), (10, 8), (8, 9)], 2: [(1, 2), (2, 3), (3, 14), (14, 13), (13, 12), (12, 11), (11, 18), (18, 6), (6, 17), (17, 16), (16, 15)]}, padri: [18, 22], figli: [20, 21], mosse: [(2, 2, 12, 11, 20), (3, 3, 5, 10, 19)]
20 -> costo: 61704.7, rotte: {3: [(1, 4), (4, 7), (7, 5), (5, 10), (10, 8), (8, 9)], 2: [(1, 2), (2, 3), (3, 13), (13, 12), (12, 11), (11, 14), (14, 18), (18, 6), (6, 17), (17, 16), (16, 15)]}, padri: [19, 23], figli: [], mosse: [(2, 2, 11, 14, 3), (3, 3, 5, 10, 19)]
21 -> costo: 61873.6, rotte: {3: [(1, 4), (4, 7), (7, 5), (5, 10), (10, 8), (8, 9)], 2: [(1, 2), (2, 3), (3, 14), (14, 12), (12, 11), (11, 13), (13, 18), (18, 6), (6, 17), (17, 16), (16, 15)]}, padri: [19, 24], figli: [13], mosse: [(2, 2, 11, 13, 2), (3, 3, 5, 10, 19)]
22 -> costo: 62360.4, rotte: {3: [(1, 10), (10, 4), (4, 7), (7, 5), (5, 8), (8, 9)], 2: [(1, 2), (2, 3), (3, 14), (14, 13), (13, 12), (12, 11), (11, 18), (18, 6), (6, 17), (17, 16), (16, 15)]}, padri: [17], figli: [19, 23, 24], mosse: [(2, 2, 12, 11, 20)]
23 -> costo: 62085.0, rotte: {3: [(1, 10), (10, 4), (4, 7), (7, 5), (5, 8), (8, 9)], 2: [(1, 2), (2, 3), (3, 13), (13, 12), (12, 11), (11, 14), (14, 18), (18, 6), (6, 17), (17, 16), (16, 15)]}, padri: [22, 26], figli: [20], mosse: [(2, 2, 11, 14, 3), (3, 3, 7, 5, 14)]
24 -> costo: 62253.9, rotte: {3: [(1, 10), (10, 4), (4, 7), (7, 5), (5, 8), (8, 9)], 2: [(1, 2), (2, 3), (3, 14), (14, 12), (12, 11), (11, 13), (13, 18), (18, 6), (6, 17), (17, 16), (16, 15)]}, padri: [22], figli: [21, 12], mosse: [(2, 2, 11, 13, 2)]
25 -> costo: 62422.4, rotte: {3: [(1, 10), (10, 4), (4, 5), (5, 7), (7, 8), (8, 9)], 2: [(1, 2), (2, 3), (3, 14), (14, 13), (13, 12), (12, 11), (11, 18), (18, 6), (6, 17), (17, 16), (16, 15)]}, padri: [16], figli: [26], mosse: [(2, 2, 12, 11, 20)]
26 -> costo: 62147.0, rotte: {3: [(1, 10), (10, 4), (4, 5), (5, 7), (7, 8), (8, 9)], 2: [(1, 2), (2, 3), (3, 13), (13, 12), (12, 11), (11, 14), (14, 18), (18, 6), (6, 17), (17, 16), (16, 15)]}, padri: [25], figli: [23], mosse: [(2, 2, 11, 14, 3)]
bestSolutionIndice: 20
20 -> costo: 61704.7, rotte: {3: [(1, 4), (4, 7), (7, 5), (5, 10), (10, 8), (8, 9)], 2: [(1, 2), (2, 3), (3, 13), (13, 12), (12, 11), (11, 14), (14, 18), (18, 6), (6, 17), (17, 16), (16, 15)]}, padri: [19, 23], figli: [], mosse: [(2, 2, 11, 14, 3), (3, 3, 5, 10, 19)]
trasportoPalletDiGamma: {3: [(4, 13), (7, 16), (5, 14), (10, 19), (8, 17), (9, 18)], 2: [(2, 11), (3, 12), (13, 2), (12, 1), (11, 20), (14, 3), (18, 5), (6, 15), (17, 6), (16, 5), (15, 4)]}
itMosseLS: 37, itMosseTS: 25
time elapsed: 189.84s.


##########################################################################################
s: 1
dictSolutions[1]:
0 -> costo: 118870.9, rotte: {2: [(1, 7), (7, 2), (2, 18), (18, 3), (3, 12), (12, 4), (4, 8), (8, 13), (13, 14), (14, 17)], 3: [(1, 9), (9, 5), (5, 6), (6, 10), (10, 16), (16, 15), (15, 11), (11, 17)]}, padri: [-1], figli: [1], mosse: [-1]
1 -> costo: 106308.4, rotte: {2: [(1, 7), (7, 2), (2, 18), (18, 3), (3, 4), (4, 8), (8, 13), (13, 14), (14, 12), (12, 17)], 3: [(1, 9), (9, 5), (5, 6), (6, 10), (10, 16), (16, 15), (15, 11), (11, 17)]}, padri: [0], figli: [2], mosse: [(2, 2, 14, 12, 1)]
2 -> costo: 94966.3, rotte: {2: [(1, 7), (7, 2), (2, 18), (18, 3), (3, 4), (4, 8), (8, 13), (13, 14), (14, 12), (12, 17)], 3: [(1, 9), (9, 5), (5, 6), (6, 10), (10, 16), (16, 15), (15, 17), (17, 11)]}, padri: [1], figli: [3], mosse: [(3, 3, 11, 17)]
3 -> costo: 86143.40000000001, rotte: {2: [(1, 7), (7, 2), (2, 18), (18, 3), (3, 4), (4, 8), (8, 13), (13, 14), (14, 12), (12, 17)], 3: [(1, 9), (9, 5), (5, 6), (6, 10), (10, 11), (11, 16), (16, 15), (15, 17)]}, padri: [2], figli: [4], mosse: [(3, 3, 10, 11, 20)]
4 -> costo: 85214.00000000001, rotte: {2: [(1, 7), (7, 2), (2, 18), (18, 3), (3, 4), (4, 8), (8, 13), (13, 14), (14, 12), (12, 17)], 3: [(1, 9), (9, 5), (5, 6), (6, 10), (10, 11), (11, 16), (16, 17), (17, 15)]}, padri: [3], figli: [5], mosse: [(3, 3, 15, 17)]
5 -> costo: 79641.20000000001, rotte: {2: [(1, 7), (7, 2), (2, 18), (18, 3), (3, 4), (4, 9), (9, 8), (8, 13), (13, 14), (14, 12), (12, 17)], 3: [(1, 5), (5, 6), (6, 10), (10, 11), (11, 16), (16, 17), (17, 15)]}, padri: [4], figli: [6], mosse: [(2, 3, 4, 9, 18)]
6 -> costo: 67641.20000000001, rotte: {2: [(1, 7), (7, 2), (2, 18), (18, 3), (3, 4), (4, 9), (9, 8), (8, 13), (13, 14), (14, 12)], 3: [(1, 5), (5, 6), (6, 10), (10, 11), (11, 16), (16, 17), (17, 15)]}, padri: [5], figli: [7], mosse: [(3, 2, 1, 17, 1)]
7 -> costo: 67066.3, rotte: {2: [(1, 7), (7, 2), (2, 18), (18, 3), (3, 4), (4, 9), (9, 8), (8, 13), (13, 12), (12, 14)], 3: [(1, 5), (5, 6), (6, 10), (10, 11), (11, 16), (16, 17), (17, 15)]}, padri: [6], figli: [8, 22], mosse: [(2, 2, 14, 12)]
8 -> costo: 63218.899999999994, rotte: {2: [(1, 2), (2, 18), (18, 3), (3, 4), (4, 9), (9, 8), (8, 13), (13, 12), (12, 14)], 3: [(1, 5), (5, 7), (7, 6), (6, 10), (10, 11), (11, 16), (16, 17), (17, 15)]}, padri: [7], figli: [9, 10, 12, 13, 15], mosse: [(3, 2, 5, 7, 16)]
9 -> costo: 61195.59999999999, rotte: {2: [(1, 2), (2, 3), (3, 4), (4, 18), (18, 9), (9, 8), (8, 13), (13, 12), (12, 14)], 3: [(1, 5), (5, 7), (7, 6), (6, 10), (10, 11), (11, 16), (16, 17), (17, 15)]}, padri: [8, 12], figli: [], mosse: [(2, 2, 4, 18, 5), (2, 2, 4, 18, 5)]
10 -> costo: 62514.49999999999, rotte: {2: [(1, 2), (2, 3), (3, 4), (4, 9), (9, 8), (8, 18), (18, 13), (13, 12), (12, 14)], 3: [(1, 5), (5, 7), (7, 6), (6, 10), (10, 11), (11, 16), (16, 17), (17, 15)]}, padri: [8, 12], figli: [11], mosse: [(2, 2, 8, 18, 5), (2, 2, 8, 18, 5)]
11 -> costo: 62514.499999999985, rotte: {2: [(1, 2), (2, 3), (3, 4), (4, 9), (9, 8), (8, 18), (18, 13), (13, 12), (12, 14)], 3: [(1, 5), (5, 7), (7, 6), (6, 10), (10, 11), (11, 17), (17, 16), (16, 15)]}, padri: [10, 13], figli: [], mosse: [(3, 3, 17, 16, 5), (2, 2, 8, 18, 5)]
12 -> costo: 63134.49999999999, rotte: {2: [(1, 18), (18, 2), (2, 3), (3, 4), (4, 9), (9, 8), (8, 13), (13, 12), (12, 14)], 3: [(1, 5), (5, 7), (7, 6), (6, 10), (10, 11), (11, 16), (16, 17), (17, 15)]}, padri: [8], figli: [9, 10, 13], mosse: [(2, 2, 18, 2, 11)]
13 -> costo: 63134.499999999985, rotte: {2: [(1, 18), (18, 2), (2, 3), (3, 4), (4, 9), (9, 8), (8, 13), (13, 12), (12, 14)], 3: [(1, 5), (5, 7), (7, 6), (6, 10), (10, 11), (11, 17), (17, 16), (16, 15)]}, padri: [12], figli: [14, 11], mosse: [(3, 3, 17, 16, 5)]
14 -> costo: 61195.59999999999, rotte: {2: [(1, 2), (2, 3), (3, 4), (4, 18), (18, 9), (9, 8), (8, 13), (13, 12), (12, 14)], 3: [(1, 5), (5, 7), (7, 6), (6, 10), (10, 11), (11, 17), (17, 16), (16, 15)]}, padri: [13], figli: [], mosse: [(2, 2, 4, 18, 5)]
15 -> costo: 63174.5, rotte: {2: [(1, 18), (18, 3), (3, 4), (4, 2), (2, 9), (9, 8), (8, 13), (13, 12), (12, 14)], 3: [(1, 5), (5, 7), (7, 6), (6, 10), (10, 11), (11, 16), (16, 17), (17, 15)]}, padri: [8], figli: [16, 17, 19], mosse: [(2, 2, 4, 2, 11)]
16 -> costo: 61447.399999999994, rotte: {2: [(1, 3), (3, 4), (4, 2), (2, 18), (18, 9), (9, 8), (8, 13), (13, 12), (12, 14)], 3: [(1, 5), (5, 7), (7, 6), (6, 10), (10, 11), (11, 16), (16, 17), (17, 15)]}, padri: [15, 20], figli: [], mosse: [(2, 2, 2, 18, 5), (2, 2, 3, 4, 13)]
17 -> costo: 62766.299999999996, rotte: {2: [(1, 3), (3, 4), (4, 2), (2, 9), (9, 8), (8, 18), (18, 13), (13, 12), (12, 14)], 3: [(1, 5), (5, 7), (7, 6), (6, 10), (10, 11), (11, 16), (16, 17), (17, 15)]}, padri: [15, 21], figli: [18], mosse: [(2, 2, 8, 18, 5), (2, 2, 3, 4, 13)]
18 -> costo: 62766.29999999999, rotte: {2: [(1, 3), (3, 4), (4, 2), (2, 9), (9, 8), (8, 18), (18, 13), (13, 12), (12, 14)], 3: [(1, 5), (5, 7), (7, 6), (6, 10), (10, 11), (11, 17), (17, 16), (16, 15)]}, padri: [17], figli: [], mosse: [(3, 3, 17, 16, 5)]
19 -> costo: 63139.0, rotte: {2: [(1, 18), (18, 4), (4, 3), (3, 2), (2, 9), (9, 8), (8, 13), (13, 12), (12, 14)], 3: [(1, 5), (5, 7), (7, 6), (6, 10), (10, 11), (11, 16), (16, 17), (17, 15)]}, padri: [15], figli: [20, 21], mosse: [(2, 2, 4, 3, 12)]
20 -> costo: 61453.59999999999, rotte: {2: [(1, 4), (4, 3), (3, 2), (2, 18), (18, 9), (9, 8), (8, 13), (13, 12), (12, 14)], 3: [(1, 5), (5, 7), (7, 6), (6, 10), (10, 11), (11, 16), (16, 17), (17, 15)]}, padri: [19], figli: [16], mosse: [(2, 2, 2, 18, 5)]
21 -> costo: 62772.5, rotte: {2: [(1, 4), (4, 3), (3, 2), (2, 9), (9, 8), (8, 18), (18, 13), (13, 12), (12, 14)], 3: [(1, 5), (5, 7), (7, 6), (6, 10), (10, 11), (11, 16), (16, 17), (17, 15)]}, padri: [19], figli: [17], mosse: [(2, 2, 8, 18, 5)]
22 -> costo: 63580.4, rotte: {2: [(1, 2), (2, 18), (18, 3), (3, 4), (4, 7), (7, 9), (9, 8), (8, 13), (13, 12), (12, 14)], 3: [(1, 5), (5, 6), (6, 10), (10, 11), (11, 16), (16, 17), (17, 15)]}, padri: [7], figli: [23], mosse: [(2, 2, 4, 7, 16)]
23 -> costo: 62101.299999999996, rotte: {2: [(1, 2), (2, 3), (3, 4), (4, 7), (7, 18), (18, 9), (9, 8), (8, 13), (13, 12), (12, 14)], 3: [(1, 5), (5, 6), (6, 10), (10, 11), (11, 16), (16, 17), (17, 15)]}, padri: [22], figli: [24, 27, 30], mosse: [(2, 2, 7, 18, 5)]
24 -> costo: 61894.399999999994, rotte: {2: [(1, 2), (2, 3), (3, 7), (7, 4), (4, 18), (18, 9), (9, 8), (8, 13), (13, 12), (12, 14)], 3: [(1, 5), (5, 6), (6, 10), (10, 11), (11, 16), (16, 17), (17, 15)]}, padri: [23], figli: [25], mosse: [(2, 2, 7, 4, 13)]
25 -> costo: 61881.49999999999, rotte: {2: [(1, 3), (3, 7), (7, 4), (4, 18), (18, 9), (9, 8), (8, 13), (13, 12), (12, 14)], 3: [(1, 2), (2, 5), (5, 6), (6, 10), (10, 11), (11, 16), (16, 17), (17, 15)]}, padri: [24, 30], figli: [26], mosse: [(3, 2, 1, 2, 11), (2, 2, 7, 4, 13)]
26 -> costo: 61881.499999999985, rotte: {2: [(1, 3), (3, 7), (7, 4), (4, 18), (18, 9), (9, 8), (8, 13), (13, 12), (12, 14)], 3: [(1, 2), (2, 5), (5, 6), (6, 10), (10, 11), (11, 17), (17, 16), (16, 15)]}, padri: [25], figli: [], mosse: [(3, 3, 17, 16, 5)]
27 -> costo: 61913.5, rotte: {2: [(1, 2), (2, 4), (4, 7), (7, 3), (3, 18), (18, 9), (9, 8), (8, 13), (13, 12), (12, 14)], 3: [(1, 5), (5, 6), (6, 10), (10, 11), (11, 16), (16, 17), (17, 15)]}, padri: [23], figli: [28], mosse: [(2, 2, 7, 3, 12)]
28 -> costo: 61906.799999999996, rotte: {2: [(1, 4), (4, 7), (7, 3), (3, 18), (18, 9), (9, 8), (8, 13), (13, 12), (12, 14)], 3: [(1, 2), (2, 5), (5, 6), (6, 10), (10, 11), (11, 16), (16, 17), (17, 15)]}, padri: [27], figli: [29], mosse: [(3, 2, 1, 2, 11)]
29 -> costo: 61906.79999999999, rotte: {2: [(1, 4), (4, 7), (7, 3), (3, 18), (18, 9), (9, 8), (8, 13), (13, 12), (12, 14)], 3: [(1, 2), (2, 5), (5, 6), (6, 10), (10, 11), (11, 17), (17, 16), (16, 15)]}, padri: [28], figli: [], mosse: [(3, 3, 17, 16, 5)]
30 -> costo: 62088.399999999994, rotte: {2: [(1, 3), (3, 4), (4, 7), (7, 18), (18, 9), (9, 8), (8, 13), (13, 12), (12, 14)], 3: [(1, 2), (2, 5), (5, 6), (6, 10), (10, 11), (11, 16), (16, 17), (17, 15)]}, padri: [23], figli: [25], mosse: [(3, 2, 1, 2, 11)]
bestSolutionIndice: 9
9 -> costo: 61195.59999999999, rotte: {2: [(1, 2), (2, 3), (3, 4), (4, 18), (18, 9), (9, 8), (8, 13), (13, 12), (12, 14)], 3: [(1, 5), (5, 7), (7, 6), (6, 10), (10, 11), (11, 16), (16, 17), (17, 15)]}, padri: [8, 12], figli: [], mosse: [(2, 2, 4, 18, 5), (2, 2, 4, 18, 5)]
trasportoPalletDiGamma: {2: [(2, 11), (3, 12), (4, 13), (18, 5), (9, 18), (8, 17), (13, 2), (12, 1), (14, 3)], 3: [(5, 14), (7, 16), (6, 15), (10, 19), (11, 20), (16, 5), (17, 6), (15, 4)]}
itMosseLS: 36, itMosseTS: 25
time elapsed: 247.17s.


##########################################################################################
s: 1
dictSolutions[1]:
0 -> costo: 143498.0, rotte: {2: [(1, 14), (14, 6), (6, 16), (16, 15), (15, 10), (10, 11), (11, 4), (4, 12), (12, 5)], 3: [(1, 13), (13, 7), (7, 8), (8, 3), (3, 17), (17, 9), (9, 2), (2, 18)]}, padri: [-1], figli: [1], mosse: [-1]
1 -> costo: 131113.7, rotte: {2: [(1, 14), (14, 6), (6, 16), (16, 15), (15, 10), (10, 11), (11, 4), (4, 12), (12, 5)], 3: [(1, 13), (13, 7), (7, 8), (8, 3), (3, 9), (9, 2), (2, 18), (18, 17)]}, padri: [0], figli: [2], mosse: [(3, 3, 18, 17, 6)]
2 -> costo: 125929.3, rotte: {2: [(1, 14), (14, 6), (6, 16), (16, 15), (15, 10), (10, 11), (11, 4), (4, 5), (5, 12)], 3: [(1, 13), (13, 7), (7, 8), (8, 3), (3, 9), (9, 2), (2, 18), (18, 17)]}, padri: [1], figli: [3], mosse: [(2, 2, 12, 5)]
3 -> costo: 115436.80000000002, rotte: {2: [(1, 14), (14, 6), (6, 16), (16, 15), (15, 10), (10, 4), (4, 5), (5, 11), (11, 12)], 3: [(1, 13), (13, 7), (7, 8), (8, 3), (3, 9), (9, 2), (2, 18), (18, 17)]}, padri: [2], figli: [4], mosse: [(2, 2, 5, 11, 20)]
4 -> costo: 105828.40000000002, rotte: {2: [(1, 6), (6, 16), (16, 15), (15, 10), (10, 4), (4, 5), (5, 11), (11, 12), (12, 14)], 3: [(1, 13), (13, 7), (7, 8), (8, 3), (3, 9), (9, 2), (2, 18), (18, 17)]}, padri: [3], figli: [5], mosse: [(2, 2, 12, 14, 3)]
5 -> costo: 96490.30000000002, rotte: {2: [(1, 6), (6, 16), (16, 15), (15, 10), (10, 4), (4, 5), (5, 13), (13, 11), (11, 12), (12, 14)], 3: [(1, 7), (7, 8), (8, 3), (3, 9), (9, 2), (2, 18), (18, 17)]}, padri: [4], figli: [6], mosse: [(2, 3, 5, 13, 2)]
6 -> costo: 88442.3, rotte: {2: [(1, 16), (16, 15), (15, 10), (10, 4), (4, 5), (5, 13), (13, 11), (11, 12), (12, 14)], 3: [(1, 6), (6, 7), (7, 8), (8, 3), (3, 9), (9, 2), (2, 18), (18, 17)]}, padri: [5], figli: [7], mosse: [(3, 2, 1, 6, 15)]
7 -> costo: 82142.5, rotte: {2: [(1, 16), (16, 15), (15, 10), (10, 4), (4, 5), (5, 13), (13, 11), (11, 12), (12, 14)], 3: [(1, 6), (6, 7), (7, 8), (8, 9), (9, 2), (2, 3), (3, 18), (18, 17)]}, padri: [6], figli: [8], mosse: [(3, 3, 2, 3, 12)]
8 -> costo: 81182.90000000001, rotte: {2: [(1, 16), (16, 15), (15, 4), (4, 5), (5, 10), (10, 13), (13, 11), (11, 12), (12, 14)], 3: [(1, 6), (6, 7), (7, 8), (8, 9), (9, 2), (2, 3), (3, 18), (18, 17)]}, padri: [7], figli: [9, 21, 25], mosse: [(2, 2, 5, 10, 19)]
9 -> costo: 81014.70000000001, rotte: {2: [(1, 16), (16, 15), (15, 4), (4, 5), (5, 10), (10, 13), (13, 12), (12, 11), (11, 14)], 3: [(1, 6), (6, 7), (7, 8), (8, 9), (9, 2), (2, 3), (3, 18), (18, 17)]}, padri: [8], figli: [10, 14, 24], mosse: [(2, 2, 12, 11, 20)]
10 -> costo: 80975.40000000001, rotte: {2: [(1, 16), (16, 15), (15, 4), (4, 5), (5, 10), (10, 13), (13, 12), (12, 11), (11, 14)], 3: [(1, 6), (6, 8), (8, 9), (9, 2), (2, 3), (3, 7), (7, 18), (18, 17)]}, padri: [9, 21], figli: [11, 13, 15, 23], mosse: [(3, 3, 3, 7, 16), (2, 2, 12, 11, 20)]
11 -> costo: 79828.30000000002, rotte: {2: [(1, 16), (16, 15), (15, 4), (4, 5), (5, 10), (10, 13), (13, 12), (12, 11), (11, 14)], 3: [(1, 8), (8, 9), (9, 2), (2, 3), (3, 7), (7, 6), (6, 18), (18, 17)]}, padri: [10, 22], figli: [12], mosse: [(3, 3, 7, 6, 15), (2, 2, 12, 11, 20)]
12 -> costo: 79807.3, rotte: {2: [(1, 16), (16, 15), (15, 5), (5, 4), (4, 10), (10, 13), (13, 12), (12, 11), (11, 14)], 3: [(1, 8), (8, 9), (9, 2), (2, 3), (3, 7), (7, 6), (6, 18), (18, 17)]}, padri: [11, 13, 23], figli: [], mosse: [(2, 2, 5, 4, 13), (3, 3, 7, 6, 15), (2, 2, 12, 11, 20)]
13 -> costo: 80954.4, rotte: {2: [(1, 16), (16, 15), (15, 5), (5, 4), (4, 10), (10, 13), (13, 12), (12, 11), (11, 14)], 3: [(1, 6), (6, 8), (8, 9), (9, 2), (2, 3), (3, 7), (7, 18), (18, 17)]}, padri: [10, 14, 24], figli: [12], mosse: [(2, 2, 5, 4, 13), (3, 3, 3, 7, 16), (2, 2, 12, 11, 20)]
14 -> costo: 80993.70000000001, rotte: {2: [(1, 16), (16, 15), (15, 5), (5, 4), (4, 10), (10, 13), (13, 12), (12, 11), (11, 14)], 3: [(1, 6), (6, 7), (7, 8), (8, 9), (9, 2), (2, 3), (3, 18), (18, 17)]}, padri: [9, 25], figli: [13, 15, 18], mosse: [(2, 2, 5, 4, 13), (2, 2, 12, 11, 20)]
15 -> costo: 80993.7, rotte: {2: [(1, 16), (16, 15), (15, 5), (5, 4), (4, 10), (10, 13), (13, 12), (12, 11), (11, 14)], 3: [(1, 6), (6, 7), (7, 9), (9, 8), (8, 2), (2, 3), (3, 18), (18, 17)]}, padri: [14], figli: [16], mosse: [(3, 3, 9, 8, 17)]
16 -> costo: 80954.40000000001, rotte: {2: [(1, 16), (16, 15), (15, 5), (5, 4), (4, 10), (10, 13), (13, 12), (12, 11), (11, 14)], 3: [(1, 6), (6, 9), (9, 8), (8, 2), (2, 3), (3, 7), (7, 18), (18, 17)]}, padri: [15], figli: [17], mosse: [(3, 3, 3, 7, 16)]
17 -> costo: 79807.3, rotte: {2: [(1, 16), (16, 15), (15, 5), (5, 4), (4, 10), (10, 13), (13, 12), (12, 11), (11, 14)], 3: [(1, 9), (9, 8), (8, 2), (2, 3), (3, 7), (7, 6), (6, 18), (18, 17)]}, padri: [16], figli: [], mosse: [(3, 3, 7, 6, 15)]
18 -> costo: 80993.7, rotte: {2: [(1, 16), (16, 15), (15, 5), (5, 4), (4, 10), (10, 13), (13, 12), (12, 11), (11, 14)], 3: [(1, 6), (6, 7), (7, 8), (8, 9), (9, 3), (3, 2), (2, 18), (18, 17)]}, padri: [14], figli: [19], mosse: [(3, 3, 3, 2, 11)]
19 -> costo: 80406.6, rotte: {2: [(1, 16), (16, 15), (15, 5), (5, 4), (4, 10), (10, 13), (13, 12), (12, 11), (11, 14)], 3: [(1, 6), (6, 8), (8, 9), (9, 7), (7, 3), (3, 2), (2, 18), (18, 17)]}, padri: [18], figli: [20], mosse: [(3, 3, 9, 7, 16)]
20 -> costo: 79794.4, rotte: {2: [(1, 16), (16, 15), (15, 5), (5, 4), (4, 10), (10, 13), (13, 12), (12, 11), (11, 14)], 3: [(1, 8), (8, 9), (9, 6), (6, 7), (7, 3), (3, 2), (2, 18), (18, 17)]}, padri: [19], figli: [], mosse: [(3, 3, 9, 6, 15)]
21 -> costo: 81143.6, rotte: {2: [(1, 16), (16, 15), (15, 4), (4, 5), (5, 10), (10, 13), (13, 11), (11, 12), (12, 14)], 3: [(1, 6), (6, 8), (8, 9), (9, 2), (2, 3), (3, 7), (7, 18), (18, 17)]}, padri: [8], figli: [22, 10, 24], mosse: [(3, 3, 3, 7, 16)]
22 -> costo: 79996.5, rotte: {2: [(1, 16), (16, 15), (15, 4), (4, 5), (5, 10), (10, 13), (13, 11), (11, 12), (12, 14)], 3: [(1, 8), (8, 9), (9, 2), (2, 3), (3, 7), (7, 6), (6, 18), (18, 17)]}, padri: [21], figli: [11, 23], mosse: [(3, 3, 7, 6, 15)]
23 -> costo: 79975.5, rotte: {2: [(1, 16), (16, 15), (15, 5), (5, 4), (4, 10), (10, 13), (13, 11), (11, 12), (12, 14)], 3: [(1, 8), (8, 9), (9, 2), (2, 3), (3, 7), (7, 6), (6, 18), (18, 17)]}, padri: [22, 24], figli: [12], mosse: [(2, 2, 5, 4, 13), (3, 3, 7, 6, 15)]
24 -> costo: 81122.6, rotte: {2: [(1, 16), (16, 15), (15, 5), (5, 4), (4, 10), (10, 13), (13, 11), (11, 12), (12, 14)], 3: [(1, 6), (6, 8), (8, 9), (9, 2), (2, 3), (3, 7), (7, 18), (18, 17)]}, padri: [21, 25], figli: [23, 13], mosse: [(2, 2, 5, 4, 13), (3, 3, 3, 7, 16)]
25 -> costo: 81161.90000000001, rotte: {2: [(1, 16), (16, 15), (15, 5), (5, 4), (4, 10), (10, 13), (13, 11), (11, 12), (12, 14)], 3: [(1, 6), (6, 7), (7, 8), (8, 9), (9, 2), (2, 3), (3, 18), (18, 17)]}, padri: [8], figli: [14, 24], mosse: [(2, 2, 5, 4, 13)]
bestSolutionIndice: 20
20 -> costo: 79794.4, rotte: {2: [(1, 16), (16, 15), (15, 5), (5, 4), (4, 10), (10, 13), (13, 12), (12, 11), (11, 14)], 3: [(1, 8), (8, 9), (9, 6), (6, 7), (7, 3), (3, 2), (2, 18), (18, 17)]}, padri: [19], figli: [], mosse: [(3, 3, 9, 6, 15)]
trasportoPalletDiGamma: {2: [(16, 5), (15, 4), (5, 14), (4, 13), (10, 19), (13, 2), (12, 1), (11, 20), (14, 3)], 3: [(8, 17), (9, 18), (6, 15), (7, 16), (3, 12), (2, 11), (18, 5), (17, 6)]}
itMosseLS: 34, itMosseTS: 25
time elapsed: 337.06s.


##########################################################################################
s: 1
dictSolutions[1]:
0 -> costo: 117922.3, rotte: {3: [(1, 15), (15, 13), (13, 14), (14, 10), (10, 7), (7, 5), (5, 8), (8, 9), (9, 12)], 2: [(1, 16), (16, 18), (18, 4), (4, 6), (6, 2), (2, 11), (11, 3), (3, 17)]}, padri: [-1], figli: [1], mosse: [-1]
1 -> costo: 97587.5, rotte: {3: [(1, 15), (15, 13), (13, 14), (14, 10), (10, 7), (7, 5), (5, 8), (8, 9), (9, 12)], 2: [(1, 18), (18, 4), (4, 6), (6, 2), (2, 11), (11, 3), (3, 17), (17, 16)]}, padri: [0], figli: [2], mosse: [(2, 2, 17, 16, 5)]
2 -> costo: 82079.99999999999, rotte: {3: [(1, 13), (13, 14), (14, 10), (10, 7), (7, 5), (5, 8), (8, 9), (9, 12)], 2: [(1, 18), (18, 4), (4, 6), (6, 2), (2, 11), (11, 3), (3, 17), (17, 16), (16, 15)]}, padri: [1], figli: [3], mosse: [(2, 3, 16, 15, 4)]
3 -> costo: 74732.59999999999, rotte: {3: [(1, 13), (13, 12), (12, 14), (14, 10), (10, 7), (7, 5), (5, 8), (8, 9)], 2: [(1, 18), (18, 4), (4, 6), (6, 2), (2, 11), (11, 3), (3, 17), (17, 16), (16, 15)]}, padri: [2], figli: [4], mosse: [(3, 3, 13, 12, 1)]
4 -> costo: 68172.6, rotte: {3: [(1, 13), (13, 12), (12, 14), (14, 10), (10, 7), (7, 5), (5, 8), (8, 9)], 2: [(1, 18), (18, 4), (4, 6), (6, 2), (2, 3), (3, 11), (11, 17), (17, 16), (16, 15)]}, padri: [3], figli: [5], mosse: [(2, 2, 3, 11, 20)]
5 -> costo: 66464.5, rotte: {3: [(1, 13), (13, 12), (12, 14), (14, 10), (10, 18), (18, 7), (7, 5), (5, 8), (8, 9)], 2: [(1, 4), (4, 6), (6, 2), (2, 3), (3, 11), (11, 17), (17, 16), (16, 15)]}, padri: [4], figli: [6], mosse: [(3, 2, 10, 18, 5)]
6 -> costo: 65875.8, rotte: {3: [(1, 13), (13, 12), (12, 14), (14, 10), (10, 18), (18, 5), (5, 7), (7, 8), (8, 9)], 2: [(1, 4), (4, 6), (6, 2), (2, 3), (3, 11), (11, 17), (17, 16), (16, 15)]}, padri: [5], figli: [7, 13, 14, 15, 17, 18], mosse: [(3, 3, 5, 7, 16)]
7 -> costo: 65430.0, rotte: {3: [(1, 13), (13, 12), (12, 14), (14, 10), (10, 18), (18, 5), (5, 7), (7, 8), (8, 9)], 2: [(1, 4), (4, 2), (2, 3), (3, 6), (6, 11), (11, 17), (17, 16), (16, 15)]}, padri: [6, 13], figli: [8, 9, 10, 19], mosse: [(2, 2, 3, 6, 15), (2, 2, 3, 6, 15)]
8 -> costo: 64965.3, rotte: {3: [(1, 13), (13, 12), (12, 14), (14, 10), (10, 18), (18, 5), (5, 7), (7, 8), (8, 9)], 2: [(1, 2), (2, 3), (3, 4), (4, 6), (6, 11), (11, 17), (17, 16), (16, 15)]}, padri: [7, 9, 11, 18], figli: [], mosse: [(2, 2, 3, 4, 13), (2, 2, 3, 4, 13), (2, 2, 2, 3, 12), (2, 2, 4, 6, 15)]
9 -> costo: 65074.0, rotte: {3: [(1, 13), (13, 12), (12, 14), (14, 10), (10, 18), (18, 5), (5, 7), (7, 8), (8, 9)], 2: [(1, 2), (2, 4), (4, 3), (3, 6), (6, 11), (11, 17), (17, 16), (16, 15)]}, padri: [7, 11, 15, 16, 17], figli: [8, 19], mosse: [(2, 2, 2, 4, 13), (2, 2, 4, 3, 12), (2, 2, 3, 6, 15), (2, 2, 3, 6, 15), (2, 2, 3, 6, 15)]
10 -> costo: 65356.5, rotte: {3: [(1, 13), (13, 12), (12, 14), (14, 10), (10, 18), (18, 5), (5, 7), (7, 8), (8, 9)], 2: [(1, 4), (4, 3), (3, 2), (2, 6), (6, 11), (11, 17), (17, 16), (16, 15)]}, padri: [7, 14], figli: [11, 12], mosse: [(2, 2, 3, 2, 11), (2, 2, 2, 6, 15)]
11 -> costo: 65315.09999999999, rotte: {3: [(1, 13), (13, 12), (12, 14), (14, 10), (10, 18), (18, 5), (5, 7), (7, 8), (8, 9)], 2: [(1, 3), (3, 2), (2, 4), (4, 6), (6, 11), (11, 17), (17, 16), (16, 15)]}, padri: [10, 12], figli: [8, 9, 19], mosse: [(2, 2, 2, 4, 13), (2, 2, 2, 4, 13)]
12 -> costo: 65350.29999999999, rotte: {3: [(1, 13), (13, 12), (12, 14), (14, 10), (10, 18), (18, 5), (5, 7), (7, 8), (8, 9)], 2: [(1, 3), (3, 4), (4, 2), (2, 6), (6, 11), (11, 17), (17, 16), (16, 15)]}, padri: [10, 19], figli: [11], mosse: [(2, 2, 3, 4, 13), (2, 2, 2, 6, 15)]
13 -> costo: 65576.7, rotte: {3: [(1, 13), (13, 12), (12, 14), (14, 10), (10, 18), (18, 5), (5, 7), (7, 8), (8, 9)], 2: [(1, 6), (6, 4), (4, 2), (2, 3), (3, 11), (11, 17), (17, 16), (16, 15)]}, padri: [6, 15], figli: [7, 14, 16], mosse: [(2, 2, 6, 4, 13), (2, 2, 4, 2, 11)]
14 -> costo: 65438.7, rotte: {3: [(1, 13), (13, 12), (12, 14), (14, 10), (10, 18), (18, 5), (5, 7), (7, 8), (8, 9)], 2: [(1, 6), (6, 4), (4, 3), (3, 2), (2, 11), (11, 17), (17, 16), (16, 15)]}, padri: [13, 15, 16], figli: [10], mosse: [(2, 2, 3, 2, 11), (2, 2, 3, 2, 11), (2, 2, 3, 2, 11)]
15 -> costo: 65616.2, rotte: {3: [(1, 13), (13, 12), (12, 14), (14, 10), (10, 18), (18, 5), (5, 7), (7, 8), (8, 9)], 2: [(1, 6), (6, 2), (2, 4), (4, 3), (3, 11), (11, 17), (17, 16), (16, 15)]}, padri: [6], figli: [9, 14, 16, 13, 17], mosse: [(2, 2, 2, 4, 13)]
16 -> costo: 65515.5, rotte: {3: [(1, 13), (13, 12), (12, 14), (14, 10), (10, 18), (18, 5), (5, 7), (7, 8), (8, 9)], 2: [(1, 2), (2, 6), (6, 4), (4, 3), (3, 11), (11, 17), (17, 16), (16, 15)]}, padri: [15, 17], figli: [9, 14], mosse: [(2, 2, 2, 6, 15), (2, 2, 6, 4, 13)]
17 -> costo: 65589.0, rotte: {3: [(1, 13), (13, 12), (12, 14), (14, 10), (10, 18), (18, 5), (5, 7), (7, 8), (8, 9)], 2: [(1, 2), (2, 4), (4, 6), (6, 3), (3, 11), (11, 17), (17, 16), (16, 15)]}, padri: [15], figli: [9, 16], mosse: [(2, 2, 4, 6, 15)]
18 -> costo: 65622.4, rotte: {3: [(1, 13), (13, 12), (12, 14), (14, 10), (10, 18), (18, 5), (5, 7), (7, 8), (8, 9)], 2: [(1, 6), (6, 2), (2, 3), (3, 4), (4, 11), (11, 17), (17, 16), (16, 15)]}, padri: [6], figli: [8, 19], mosse: [(2, 2, 3, 4, 13)]
19 -> costo: 65547.4, rotte: {3: [(1, 13), (13, 12), (12, 14), (14, 10), (10, 18), (18, 5), (5, 7), (7, 8), (8, 9)], 2: [(1, 6), (6, 3), (3, 4), (4, 2), (2, 11), (11, 17), (17, 16), (16, 15)]}, padri: [18], figli: [12], mosse: [(2, 2, 4, 2, 11)]
bestSolutionIndice: 8
8 -> costo: 64965.3, rotte: {3: [(1, 13), (13, 12), (12, 14), (14, 10), (10, 18), (18, 5), (5, 7), (7, 8), (8, 9)], 2: [(1, 2), (2, 3), (3, 4), (4, 6), (6, 11), (11, 17), (17, 16), (16, 15)]}, padri: [7, 9, 11, 18], figli: [], mosse: [(2, 2, 3, 4, 13), (2, 2, 3, 4, 13), (2, 2, 2, 3, 12), (2, 2, 4, 6, 15)]
trasportoPalletDiGamma: {3: [(13, 2), (12, 1), (14, 3), (10, 19), (18, 5), (5, 14), (7, 16), (8, 17), (9, 18)], 2: [(2, 11), (3, 12), (4, 13), (6, 15), (11, 20), (17, 6), (16, 5), (15, 4)]}
itMosseLS: 34, itMosseTS: 25
time elapsed: 331.18s.


##########################################################################################
s: 1
dictSolutions[1]:
0 -> costo: 161210.7, rotte: {2: [(1, 14), (14, 3), (3, 4), (4, 13), (13, 6), (6, 9), (9, 15), (15, 18), (18, 16), (16, 5)], 3: [(1, 7), (7, 17), (17, 10), (10, 8), (8, 2), (2, 12), (12, 11), (11, 5)]}, padri: [-1], figli: [1], mosse: [-1]
1 -> costo: 134224.8, rotte: {2: [(1, 14), (14, 3), (3, 4), (4, 13), (13, 6), (6, 9), (9, 18), (18, 16), (16, 15), (15, 5)], 3: [(1, 7), (7, 17), (17, 10), (10, 8), (8, 2), (2, 12), (12, 11), (11, 5)]}, padri: [0], figli: [2], mosse: [(2, 2, 16, 15, 4)]
2 -> costo: 121016.5, rotte: {2: [(1, 14), (14, 3), (3, 4), (4, 5), (5, 13), (13, 6), (6, 9), (9, 18), (18, 16), (16, 15)], 3: [(1, 7), (7, 17), (17, 10), (10, 8), (8, 2), (2, 12), (12, 11), (11, 5)]}, padri: [1], figli: [3], mosse: [(2, 2, 4, 5, 4)]
3 -> costo: 108630.90000000001, rotte: {2: [(1, 14), (14, 3), (3, 4), (4, 5), (5, 13), (13, 6), (6, 9), (9, 18), (18, 16), (16, 15)], 3: [(1, 7), (7, 10), (10, 8), (8, 2), (2, 12), (12, 11), (11, 5), (5, 17)]}, padri: [2], figli: [4], mosse: [(3, 3, 5, 17, 6)]
4 -> costo: 99269.90000000001, rotte: {2: [(1, 3), (3, 4), (4, 5), (5, 14), (14, 13), (13, 6), (6, 9), (9, 18), (18, 16), (16, 15)], 3: [(1, 7), (7, 10), (10, 8), (8, 2), (2, 12), (12, 11), (11, 5), (5, 17)]}, padri: [3], figli: [5], mosse: [(2, 2, 5, 14, 3)]
5 -> costo: 91684.90000000001, rotte: {2: [(1, 3), (3, 4), (4, 5), (5, 14), (14, 13), (13, 6), (6, 9), (9, 18), (18, 16), (16, 15)], 3: [(1, 7), (7, 10), (10, 8), (8, 2), (2, 12), (12, 11), (11, 17)]}, padri: [4], figli: [6], mosse: [(2, 3, 1, 5, 10)]
6 -> costo: 89765.59999999999, rotte: {2: [(1, 3), (3, 4), (4, 5), (5, 14), (14, 13), (13, 6), (6, 9), (9, 18), (18, 16), (16, 15)], 3: [(1, 7), (7, 8), (8, 2), (2, 10), (10, 12), (12, 11), (11, 17)]}, padri: [5], figli: [7], mosse: [(3, 3, 2, 10, 19)]
7 -> costo: 87891.79999999999, rotte: {2: [(1, 3), (3, 4), (4, 5), (5, 14), (14, 13), (13, 9), (9, 18), (18, 6), (6, 16), (16, 15)], 3: [(1, 7), (7, 8), (8, 2), (2, 10), (10, 12), (12, 11), (11, 17)]}, padri: [6], figli: [8], mosse: [(2, 2, 18, 6, 15)]
8 -> costo: 87548.29999999999, rotte: {2: [(1, 3), (3, 4), (4, 5), (5, 14), (14, 13), (13, 9), (9, 18), (18, 6), (6, 16), (16, 15)], 3: [(1, 7), (7, 8), (8, 2), (2, 10), (10, 11), (11, 12), (12, 17)]}, padri: [7], figli: [9], mosse: [(3, 3, 11, 12, 1)]
9 -> costo: 87319.3, rotte: {2: [(1, 3), (3, 4), (4, 5), (5, 14), (14, 13), (13, 9), (9, 18), (18, 6), (6, 16), (16, 15)], 3: [(1, 7), (7, 2), (2, 10), (10, 8), (8, 11), (11, 12), (12, 17)]}, padri: [8], figli: [10], mosse: [(3, 3, 10, 8, 17)]
10 -> costo: 86273.1, rotte: {2: [(1, 3), (3, 4), (4, 5), (5, 14), (14, 13), (13, 9), (9, 18), (18, 6), (6, 16), (16, 15)], 3: [(1, 2), (2, 10), (10, 7), (7, 8), (8, 11), (11, 12), (12, 17)]}, padri: [9], figli: [11], mosse: [(3, 3, 10, 7, 16)]
11 -> costo: 86116.40000000001, rotte: {2: [(1, 3), (3, 4), (4, 14), (14, 13), (13, 9), (9, 18), (18, 6), (6, 5), (5, 16), (16, 15)], 3: [(1, 2), (2, 10), (10, 7), (7, 8), (8, 11), (11, 12), (12, 17)]}, padri: [10], figli: [12], mosse: [(2, 2, 6, 5, 14)]
12 -> costo: 86086.6, rotte: {2: [(1, 3), (3, 4), (4, 13), (13, 14), (14, 9), (9, 18), (18, 6), (6, 5), (5, 16), (16, 15)], 3: [(1, 2), (2, 10), (10, 7), (7, 8), (8, 11), (11, 12), (12, 17)]}, padri: [11], figli: [13], mosse: [(2, 2, 13, 14, 3)]
13 -> costo: 86065.00000000001, rotte: {2: [(1, 3), (3, 13), (13, 14), (14, 9), (9, 18), (18, 6), (6, 5), (5, 4), (4, 16), (16, 15)], 3: [(1, 2), (2, 10), (10, 7), (7, 8), (8, 11), (11, 12), (12, 17)]}, padri: [12], figli: [14], mosse: [(2, 2, 5, 4, 13)]
14 -> costo: 83676.20000000001, rotte: {2: [(1, 13), (13, 14), (14, 9), (9, 18), (18, 6), (6, 5), (5, 4), (4, 3), (3, 16), (16, 15)], 3: [(1, 2), (2, 10), (10, 7), (7, 8), (8, 11), (11, 12), (12, 17)]}, padri: [13], figli: [15], mosse: [(2, 2, 4, 3, 12)]
15 -> costo: 83500.20000000001, rotte: {2: [(1, 14), (14, 9), (9, 18), (18, 6), (6, 5), (5, 4), (4, 3), (3, 16), (16, 15)], 3: [(1, 2), (2, 10), (10, 7), (7, 8), (8, 13), (13, 11), (11, 12), (12, 17)]}, padri: [14], figli: [16, 25], mosse: [(3, 2, 8, 13, 2)]
16 -> costo: 76242.8, rotte: {2: [(1, 9), (9, 18), (18, 6), (6, 5), (5, 4), (4, 3), (3, 16), (16, 15)], 3: [(1, 2), (2, 10), (10, 7), (7, 8), (8, 13), (13, 14), (14, 11), (11, 12), (12, 17)]}, padri: [15], figli: [17, 20, 21, 22, 27], mosse: [(3, 2, 13, 14, 3)]
17 -> costo: 75925.7, rotte: {2: [(1, 9), (9, 18), (18, 6), (6, 5), (5, 4), (4, 3), (3, 2), (2, 16), (16, 15)], 3: [(1, 10), (10, 7), (7, 8), (8, 13), (13, 14), (14, 11), (11, 12), (12, 17)]}, padri: [16, 20, 26], figli: [18, 23], mosse: [(2, 3, 3, 2, 11), (2, 2, 3, 2, 11), (3, 3, 13, 14, 3)]
18 -> costo: 75909.7, rotte: {2: [(1, 18), (18, 9), (9, 6), (6, 5), (5, 4), (4, 3), (3, 2), (2, 16), (16, 15)], 3: [(1, 10), (10, 7), (7, 8), (8, 13), (13, 14), (14, 11), (11, 12), (12, 17)]}, padri: [17, 21, 22], figli: [19, 24], mosse: [(2, 2, 18, 9, 18), (2, 2, 3, 2, 11), (2, 3, 3, 2, 11)]
19 -> costo: 75887.0, rotte: {2: [(1, 9), (9, 6), (6, 5), (5, 4), (4, 3), (3, 2), (2, 16), (16, 15)], 3: [(1, 10), (10, 18), (18, 7), (7, 8), (8, 13), (13, 14), (14, 11), (11, 12), (12, 17)]}, padri: [18, 23, 24], figli: [], mosse: [(3, 2, 10, 18, 5), (2, 3, 3, 2, 11), (2, 2, 3, 2, 11)]
20 -> costo: 76221.90000000001, rotte: {2: [(1, 2), (2, 9), (9, 18), (18, 6), (6, 5), (5, 4), (4, 3), (3, 16), (16, 15)], 3: [(1, 10), (10, 7), (7, 8), (8, 13), (13, 14), (14, 11), (11, 12), (12, 17)]}, padri: [16], figli: [17, 21, 27], mosse: [(2, 3, 1, 2, 11)]
21 -> costo: 76205.9, rotte: {2: [(1, 2), (2, 18), (18, 9), (9, 6), (6, 5), (5, 4), (4, 3), (3, 16), (16, 15)], 3: [(1, 10), (10, 7), (7, 8), (8, 13), (13, 14), (14, 11), (11, 12), (12, 17)]}, padri: [20, 22], figli: [18, 23], mosse: [(2, 2, 18, 9, 18), (2, 3, 1, 2, 11)]
22 -> costo: 76226.8, rotte: {2: [(1, 18), (18, 9), (9, 6), (6, 5), (5, 4), (4, 3), (3, 16), (16, 15)], 3: [(1, 2), (2, 10), (10, 7), (7, 8), (8, 13), (13, 14), (14, 11), (11, 12), (12, 17)]}, padri: [16], figli: [18, 23, 21], mosse: [(2, 2, 18, 9, 18)]
23 -> costo: 76204.1, rotte: {2: [(1, 9), (9, 6), (6, 5), (5, 4), (4, 3), (3, 16), (16, 15)], 3: [(1, 2), (2, 10), (10, 18), (18, 7), (7, 8), (8, 13), (13, 14), (14, 11), (11, 12), (12, 17)]}, padri: [22], figli: [19, 24], mosse: [(3, 2, 10, 18, 5)]
24 -> costo: 76183.20000000001, rotte: {2: [(1, 2), (2, 9), (9, 6), (6, 5), (5, 4), (4, 3), (3, 16), (16, 15)], 3: [(1, 10), (10, 18), (18, 7), (7, 8), (8, 13), (13, 14), (14, 11), (11, 12), (12, 17)]}, padri: [23], figli: [19], mosse: [(2, 3, 1, 2, 11)]
25 -> costo: 76308.70000000001, rotte: {2: [(1, 9), (9, 18), (18, 6), (6, 5), (5, 4), (4, 3), (3, 16), (16, 15)], 3: [(1, 2), (2, 10), (10, 7), (7, 8), (8, 14), (14, 13), (13, 11), (11, 12), (12, 17)]}, padri: [15], figli: [26], mosse: [(3, 2, 8, 14, 3)]
26 -> costo: 75991.6, rotte: {2: [(1, 9), (9, 18), (18, 6), (6, 5), (5, 4), (4, 3), (3, 2), (2, 16), (16, 15)], 3: [(1, 10), (10, 7), (7, 8), (8, 14), (14, 13), (13, 11), (11, 12), (12, 17)]}, padri: [25], figli: [17, 27], mosse: [(2, 3, 3, 2, 11)]
27 -> costo: 75964.7, rotte: {2: [(1, 9), (9, 18), (18, 6), (6, 5), (5, 4), (4, 3), (3, 2), (2, 16), (16, 15)], 3: [(1, 10), (10, 7), (7, 8), (8, 14), (14, 11), (11, 13), (13, 12), (12, 17)]}, padri: [26], figli: [28], mosse: [(3, 3, 11, 13, 2)]
28 -> costo: 75948.7, rotte: {2: [(1, 18), (18, 9), (9, 6), (6, 5), (5, 4), (4, 3), (3, 2), (2, 16), (16, 15)], 3: [(1, 10), (10, 7), (7, 8), (8, 14), (14, 11), (11, 13), (13, 12), (12, 17)]}, padri: [27], figli: [], mosse: [(2, 2, 18, 9, 18)]
bestSolutionIndice: 19
19 -> costo: 75887.0, rotte: {2: [(1, 9), (9, 6), (6, 5), (5, 4), (4, 3), (3, 2), (2, 16), (16, 15)], 3: [(1, 10), (10, 18), (18, 7), (7, 8), (8, 13), (13, 14), (14, 11), (11, 12), (12, 17)]}, padri: [18, 23, 24], figli: [], mosse: [(3, 2, 10, 18, 5), (2, 3, 3, 2, 11), (2, 2, 3, 2, 11)]
trasportoPalletDiGamma: {2: [(9, 18), (6, 15), (5, 14), (4, 13), (3, 12), (2, 11), (16, 5), (15, 4)], 3: [(10, 19), (18, 5), (7, 16), (8, 17), (13, 2), (14, 3), (11, 20), (12, 1), (17, 6)]}
itMosseLS: 35, itMosseTS: 16
time elapsed: 640.29s.


##########################################################################################
##########################################################################################
##########################################################################################
##########################################################################################
##########################################################################################
##########################################################################################
##########################################################################################
##########################################################################################
##########################################################################################
##########################################################################################
##########################################################################################
##########################################################################################
##########################################################################################
##########################################################################################
##########################################################################################
