itNSIMax: 3, itMosseTSMax: 200.
##########################################################################################
s: 1
dictSolutions[1]:
0 -> costo: 113793.50000000001, rotte: {3: [(1, 10), (10, 17), (17, 15), (15, 6), (6, 18), (18, 4), (4, 7), (7, 9), (9, 14)], 2: [(1, 12), (12, 11), (11, 13), (13, 5), (5, 2), (2, 16), (16, 8), (8, 3)]}, padri: [-1], figli: [1], mosse: [-1]
1 -> costo: 101012.6, rotte: {3: [(1, 10), (10, 17), (17, 15), (15, 6), (6, 18), (18, 4), (4, 7), (7, 9), (9, 14)], 2: [(1, 12), (12, 11), (11, 13), (13, 5), (5, 2), (2, 8), (8, 3), (3, 16)]}, padri: [0], figli: [2], mosse: [(2, 2, 3, 16, 5)]
2 -> costo: 94734.8, rotte: {3: [(1, 17), (17, 15), (15, 6), (6, 18), (18, 10), (10, 4), (4, 7), (7, 9), (9, 14)], 2: [(1, 12), (12, 11), (11, 13), (13, 5), (5, 2), (2, 8), (8, 3), (3, 16)]}, padri: [1], figli: [3], mosse: [(3, 3, 18, 10, 19)]
3 -> costo: 93318.90000000001, rotte: {3: [(1, 17), (17, 15), (15, 14), (14, 6), (6, 18), (18, 10), (10, 4), (4, 7), (7, 9)], 2: [(1, 12), (12, 11), (11, 13), (13, 5), (5, 2), (2, 8), (8, 3), (3, 16)]}, padri: [2], figli: [4], mosse: [(3, 3, 15, 14, 3)]
4 -> costo: 92089.8, rotte: {3: [(1, 17), (17, 15), (15, 14), (14, 18), (18, 10), (10, 4), (4, 7), (7, 6), (6, 9)], 2: [(1, 12), (12, 11), (11, 13), (13, 5), (5, 2), (2, 8), (8, 3), (3, 16)]}, padri: [3], figli: [5], mosse: [(3, 3, 7, 6, 15)]
5 -> costo: 90746.0, rotte: {3: [(1, 17), (17, 15), (15, 14), (14, 10), (10, 4), (4, 7), (7, 6), (6, 18), (18, 9)], 2: [(1, 12), (12, 11), (11, 13), (13, 5), (5, 2), (2, 8), (8, 3), (3, 16)]}, padri: [4], figli: [6], mosse: [(3, 3, 6, 18, 5)]
6 -> costo: 90005.00000000001, rotte: {3: [(1, 15), (15, 14), (14, 10), (10, 4), (4, 7), (7, 6), (6, 18), (18, 9)], 2: [(1, 12), (12, 11), (11, 13), (13, 5), (5, 2), (2, 8), (8, 3), (3, 17), (17, 16)]}, padri: [5], figli: [7], mosse: [(2, 3, 3, 17, 6)]
7 -> costo: 74292.3, rotte: {3: [(1, 14), (14, 10), (10, 4), (4, 7), (7, 6), (6, 18), (18, 9)], 2: [(1, 12), (12, 11), (11, 13), (13, 5), (5, 2), (2, 8), (8, 3), (3, 17), (17, 16), (16, 15)]}, padri: [6], figli: [8, 51, 72], mosse: [(2, 3, 16, 15, 4)]
8 -> costo: 66043.59999999999, rotte: {3: [(1, 10), (10, 4), (4, 7), (7, 6), (6, 18), (18, 9)], 2: [(1, 14), (14, 12), (12, 11), (11, 13), (13, 5), (5, 2), (2, 8), (8, 3), (3, 17), (17, 16), (16, 15)]}, padri: [7], figli: [9, 23, 25, 26, 29, 31, 32, 33, 48, 50], mosse: [(2, 3, 1, 14, 3)]
9 -> costo: 65409.39999999999, rotte: {3: [(1, 10), (10, 4), (4, 7), (7, 6), (6, 18), (18, 9)], 2: [(1, 14), (14, 12), (12, 11), (11, 13), (13, 5), (5, 8), (8, 3), (3, 2), (2, 17), (17, 16), (16, 15)]}, padri: [8, 25, 31], figli: [10, 12, 13, 16, 17, 22], mosse: [(2, 2, 3, 2, 11), (2, 2, 3, 2, 11), (2, 2, 3, 2, 11)]
10 -> costo: 62840.099999999984, rotte: {3: [(1, 10), (10, 4), (4, 7), (7, 6), (6, 18), (18, 9)], 2: [(1, 14), (14, 12), (12, 11), (11, 13), (13, 8), (8, 5), (5, 3), (3, 2), (2, 17), (17, 16), (16, 15)]}, padri: [9, 12, 15, 20, 23, 47], figli: [11, 14], mosse: [(2, 2, 8, 5, 14), (2, 2, 5, 3, 12), (2, 2, 3, 2, 11), (2, 2, 3, 2, 11), (2, 2, 3, 2, 11), (2, 2, 5, 3, 12)]
11 -> costo: 62671.899999999994, rotte: {3: [(1, 10), (10, 4), (4, 7), (7, 6), (6, 18), (18, 9)], 2: [(1, 14), (14, 11), (11, 12), (12, 13), (13, 8), (8, 5), (5, 3), (3, 2), (2, 17), (17, 16), (16, 15)]}, padri: [10, 13, 14, 18, 22, 24, 40], figli: [], mosse: [(2, 2, 11, 12, 1), (2, 2, 5, 3, 12), (2, 2, 3, 2, 11), (2, 2, 3, 2, 11), (2, 2, 8, 5, 14), (2, 2, 3, 2, 11), (2, 2, 5, 3, 12)]
12 -> costo: 63257.999999999985, rotte: {3: [(1, 10), (10, 4), (4, 7), (7, 6), (6, 18), (18, 9)], 2: [(1, 14), (14, 12), (12, 11), (11, 13), (13, 8), (8, 3), (3, 5), (5, 2), (2, 17), (17, 16), (16, 15)]}, padri: [9, 16, 21, 47, 50], figli: [10, 13, 15, 18], mosse: [(2, 2, 3, 5, 14), (2, 2, 5, 2, 11), (2, 2, 5, 2, 11), (2, 2, 8, 3, 12), (2, 2, 5, 2, 11)]
13 -> costo: 63089.799999999996, rotte: {3: [(1, 10), (10, 4), (4, 7), (7, 6), (6, 18), (18, 9)], 2: [(1, 14), (14, 11), (11, 12), (12, 13), (13, 8), (8, 3), (3, 5), (5, 2), (2, 17), (17, 16), (16, 15)]}, padri: [12, 17, 19, 22, 40, 49], figli: [11, 14], mosse: [(2, 2, 11, 12, 1), (2, 2, 5, 2, 11), (2, 2, 5, 2, 11), (2, 2, 3, 5, 14), (2, 2, 8, 3, 12), (2, 2, 5, 2, 11)]
14 -> costo: 62954.5, rotte: {3: [(1, 10), (10, 4), (4, 7), (7, 6), (6, 18), (18, 9)], 2: [(1, 14), (14, 11), (11, 12), (12, 13), (13, 8), (8, 5), (5, 2), (2, 3), (3, 17), (17, 16), (16, 15)]}, padri: [13, 15, 18, 24, 32, 40], figli: [11], mosse: [(2, 2, 2, 3, 12), (2, 2, 11, 12, 1), (2, 2, 5, 2, 11), (2, 2, 5, 2, 11), (2, 2, 8, 5, 14), (2, 2, 2, 3, 12)]
15 -> costo: 63122.69999999999, rotte: {3: [(1, 10), (10, 4), (4, 7), (7, 6), (6, 18), (18, 9)], 2: [(1, 14), (14, 12), (12, 11), (11, 13), (13, 8), (8, 5), (5, 2), (2, 3), (3, 17), (17, 16), (16, 15)]}, padri: [12, 20, 23, 31, 47], figli: [10, 14], mosse: [(2, 2, 2, 3, 12), (2, 2, 5, 2, 11), (2, 2, 5, 2, 11), (2, 2, 8, 5, 14), (2, 2, 2, 3, 12)]
16 -> costo: 63553.499999999985, rotte: {3: [(1, 10), (10, 4), (4, 7), (7, 6), (6, 18), (18, 9)], 2: [(1, 14), (14, 12), (12, 11), (11, 13), (13, 8), (8, 3), (3, 2), (2, 5), (5, 17), (17, 16), (16, 15)]}, padri: [9, 50], figli: [12, 17, 20, 21, 24], mosse: [(2, 2, 2, 5, 14), (2, 2, 3, 2, 11)]
17 -> costo: 63385.299999999996, rotte: {3: [(1, 10), (10, 4), (4, 7), (7, 6), (6, 18), (18, 9)], 2: [(1, 14), (14, 11), (11, 12), (12, 13), (13, 8), (8, 3), (3, 2), (2, 5), (5, 17), (17, 16), (16, 15)]}, padri: [16, 22, 49], figli: [13, 18, 19], mosse: [(2, 2, 11, 12, 1), (2, 2, 2, 5, 14), (2, 2, 3, 2, 11)]
18 -> costo: 63301.59999999999, rotte: {3: [(1, 10), (10, 4), (4, 7), (7, 6), (6, 18), (18, 9)], 2: [(1, 14), (14, 11), (11, 12), (12, 13), (13, 8), (8, 2), (2, 5), (5, 3), (3, 17), (17, 16), (16, 15)]}, padri: [17, 19, 20, 24, 32], figli: [11, 14], mosse: [(2, 2, 5, 3, 12), (2, 2, 5, 3, 12), (2, 2, 11, 12, 1), (2, 2, 8, 2, 11), (2, 2, 2, 5, 14)]
19 -> costo: 63314.49999999999, rotte: {3: [(1, 10), (10, 4), (4, 7), (7, 6), (6, 18), (18, 9)], 2: [(1, 14), (14, 11), (11, 12), (12, 13), (13, 8), (8, 2), (2, 3), (3, 5), (5, 17), (17, 16), (16, 15)]}, padri: [17, 21, 32, 49], figli: [13, 18], mosse: [(2, 2, 2, 3, 12), (2, 2, 11, 12, 1), (2, 2, 3, 5, 14), (2, 2, 8, 2, 11)]
20 -> costo: 63469.79999999998, rotte: {3: [(1, 10), (10, 4), (4, 7), (7, 6), (6, 18), (18, 9)], 2: [(1, 14), (14, 12), (12, 11), (11, 13), (13, 8), (8, 2), (2, 5), (5, 3), (3, 17), (17, 16), (16, 15)]}, padri: [16, 21, 23, 31], figli: [10, 15, 18], mosse: [(2, 2, 5, 3, 12), (2, 2, 5, 3, 12), (2, 2, 8, 2, 11), (2, 2, 2, 5, 14)]
21 -> costo: 63482.69999999998, rotte: {3: [(1, 10), (10, 4), (4, 7), (7, 6), (6, 18), (18, 9)], 2: [(1, 14), (14, 12), (12, 11), (11, 13), (13, 8), (8, 2), (2, 3), (3, 5), (5, 17), (17, 16), (16, 15)]}, padri: [16, 31, 50], figli: [12, 19, 20, 24], mosse: [(2, 2, 2, 3, 12), (2, 2, 3, 5, 14), (2, 2, 8, 2, 11)]
22 -> costo: 65241.2, rotte: {3: [(1, 10), (10, 4), (4, 7), (7, 6), (6, 18), (18, 9)], 2: [(1, 14), (14, 11), (11, 12), (12, 13), (13, 5), (5, 8), (8, 3), (3, 2), (2, 17), (17, 16), (16, 15)]}, padri: [9, 26, 32, 48], figli: [11, 13, 17], mosse: [(2, 2, 11, 12, 1), (2, 2, 3, 2, 11), (2, 2, 3, 2, 11), (2, 2, 3, 2, 11)]
23 -> costo: 65517.599999999984, rotte: {3: [(1, 10), (10, 4), (4, 7), (7, 6), (6, 18), (18, 9)], 2: [(1, 14), (14, 12), (12, 11), (11, 13), (13, 2), (2, 8), (8, 5), (5, 3), (3, 17), (17, 16), (16, 15)]}, padri: [8, 25, 46, 50], figli: [10, 15, 20, 24, 27], mosse: [(2, 2, 8, 5, 14), (2, 2, 8, 5, 14), (2, 2, 5, 3, 12), (2, 2, 5, 3, 12)]
24 -> costo: 65349.399999999994, rotte: {3: [(1, 10), (10, 4), (4, 7), (7, 6), (6, 18), (18, 9)], 2: [(1, 14), (14, 11), (11, 12), (12, 13), (13, 2), (2, 8), (8, 5), (5, 3), (3, 17), (17, 16), (16, 15)]}, padri: [23, 26, 39, 48, 49], figli: [11, 14, 18], mosse: [(2, 2, 11, 12, 1), (2, 2, 8, 5, 14), (2, 2, 5, 3, 12), (2, 2, 8, 5, 14), (2, 2, 5, 3, 12)]
25 -> costo: 65583.9, rotte: {3: [(1, 10), (10, 4), (4, 7), (7, 6), (6, 18), (18, 9)], 2: [(1, 14), (14, 12), (12, 11), (11, 13), (13, 2), (2, 5), (5, 8), (8, 3), (3, 17), (17, 16), (16, 15)]}, padri: [8], figli: [9, 26, 23, 29, 32, 41], mosse: [(2, 2, 2, 5, 14)]
26 -> costo: 65415.7, rotte: {3: [(1, 10), (10, 4), (4, 7), (7, 6), (6, 18), (18, 9)], 2: [(1, 14), (14, 11), (11, 12), (12, 13), (13, 2), (2, 5), (5, 8), (8, 3), (3, 17), (17, 16), (16, 15)]}, padri: [25, 48], figli: [22, 24, 27, 35], mosse: [(2, 2, 11, 12, 1), (2, 2, 2, 5, 14)]
27 -> costo: 65351.2, rotte: {3: [(1, 10), (10, 4), (4, 7), (7, 6), (6, 18), (18, 9)], 2: [(1, 14), (14, 11), (11, 12), (12, 13), (13, 2), (2, 5), (5, 3), (3, 8), (8, 17), (17, 16), (16, 15)]}, padri: [26, 29, 34], figli: [28, 40], mosse: [(2, 2, 3, 8, 17), (2, 2, 11, 12, 1), (2, 2, 2, 5, 14)]
28 -> costo: 64928.8, rotte: {3: [(1, 10), (10, 4), (4, 7), (7, 6), (6, 18), (18, 9)], 2: [(1, 14), (14, 11), (11, 12), (12, 13), (13, 2), (2, 3), (3, 5), (5, 8), (8, 17), (17, 16), (16, 15)]}, padri: [27, 30, 34, 36, 39, 49], figli: [], mosse: [(2, 2, 3, 5, 14), (2, 2, 11, 12, 1), (2, 2, 3, 5, 14), (2, 2, 2, 3, 12), (2, 2, 5, 8, 17), (2, 2, 5, 8, 17)]
29 -> costo: 65519.39999999999, rotte: {3: [(1, 10), (10, 4), (4, 7), (7, 6), (6, 18), (18, 9)], 2: [(1, 14), (14, 12), (12, 11), (11, 13), (13, 2), (2, 5), (5, 3), (3, 8), (8, 17), (17, 16), (16, 15)]}, padri: [25, 33], figli: [30, 27, 34, 35, 47], mosse: [(2, 2, 3, 8, 17), (2, 2, 2, 5, 14)]
30 -> costo: 65096.99999999999, rotte: {3: [(1, 10), (10, 4), (4, 7), (7, 6), (6, 18), (18, 9)], 2: [(1, 14), (14, 12), (12, 11), (11, 13), (13, 2), (2, 3), (3, 5), (5, 8), (8, 17), (17, 16), (16, 15)]}, padri: [29, 33, 42, 46, 50], figli: [28, 40], mosse: [(2, 2, 3, 5, 14), (2, 2, 3, 5, 14), (2, 2, 2, 3, 12), (2, 2, 5, 8, 17), (2, 2, 5, 8, 17)]
31 -> costo: 65621.19999999998, rotte: {3: [(1, 10), (10, 4), (4, 7), (7, 6), (6, 18), (18, 9)], 2: [(1, 14), (14, 12), (12, 11), (11, 13), (13, 5), (5, 8), (8, 2), (2, 3), (3, 17), (17, 16), (16, 15)]}, padri: [8], figli: [15, 20, 21, 9, 32], mosse: [(2, 2, 8, 2, 11)]
32 -> costo: 65453.0, rotte: {3: [(1, 10), (10, 4), (4, 7), (7, 6), (6, 18), (18, 9)], 2: [(1, 14), (14, 11), (11, 12), (12, 13), (13, 5), (5, 8), (8, 2), (2, 3), (3, 17), (17, 16), (16, 15)]}, padri: [31, 48], figli: [14, 18, 19, 22], mosse: [(2, 2, 11, 12, 1), (2, 2, 8, 2, 11)]
33 -> costo: 65627.5, rotte: {3: [(1, 10), (10, 4), (4, 7), (7, 6), (6, 18), (18, 9)], 2: [(1, 14), (14, 12), (12, 11), (11, 13), (13, 5), (5, 2), (2, 3), (3, 8), (8, 17), (17, 16), (16, 15)]}, padri: [8], figli: [30, 34, 29, 41, 46, 47, 49], mosse: [(2, 2, 3, 8, 17)]
34 -> costo: 65459.3, rotte: {3: [(1, 10), (10, 4), (4, 7), (7, 6), (6, 18), (18, 9)], 2: [(1, 14), (14, 11), (11, 12), (12, 13), (13, 5), (5, 2), (2, 3), (3, 8), (8, 17), (17, 16), (16, 15)]}, padri: [33, 48], figli: [28, 27, 35, 39, 40, 43], mosse: [(2, 2, 11, 12, 1), (2, 2, 3, 8, 17)]
35 -> costo: 65388.49999999999, rotte: {3: [(1, 10), (10, 4), (4, 7), (7, 6), (6, 18), (18, 9)], 2: [(1, 14), (14, 11), (11, 12), (12, 13), (13, 5), (5, 3), (3, 2), (2, 8), (8, 17), (17, 16), (16, 15)]}, padri: [34, 41], figli: [36, 37, 38], mosse: [(2, 2, 3, 2, 11), (2, 2, 11, 12, 1)]
36 -> costo: 64999.6, rotte: {3: [(1, 10), (10, 4), (4, 7), (7, 6), (6, 18), (18, 9)], 2: [(1, 14), (14, 11), (11, 12), (12, 13), (13, 3), (3, 2), (2, 5), (5, 8), (8, 17), (17, 16), (16, 15)]}, padri: [35, 37, 42, 45], figli: [28, 40], mosse: [(2, 2, 2, 5, 14), (2, 2, 2, 5, 14), (2, 2, 11, 12, 1), (2, 2, 2, 5, 14)]
37 -> costo: 65351.2, rotte: {3: [(1, 10), (10, 4), (4, 7), (7, 6), (6, 18), (18, 9)], 2: [(1, 14), (14, 11), (11, 12), (12, 13), (13, 3), (3, 5), (5, 2), (2, 8), (8, 17), (17, 16), (16, 15)]}, padri: [35], figli: [36, 38], mosse: [(2, 2, 3, 5, 14)]
38 -> costo: 65133.1, rotte: {3: [(1, 10), (10, 4), (4, 7), (7, 6), (6, 18), (18, 9)], 2: [(1, 14), (14, 11), (11, 12), (12, 13), (13, 3), (3, 5), (5, 8), (8, 2), (2, 17), (17, 16), (16, 15)]}, padri: [37, 40, 44, 45], figli: [], mosse: [(2, 2, 8, 2, 11), (2, 2, 5, 8, 17), (2, 2, 11, 12, 1), (2, 2, 8, 2, 11)]
39 -> costo: 65433.100000000006, rotte: {3: [(1, 10), (10, 4), (4, 7), (7, 6), (6, 18), (18, 9)], 2: [(1, 14), (14, 11), (11, 12), (12, 13), (13, 2), (2, 3), (3, 8), (8, 5), (5, 17), (17, 16), (16, 15)]}, padri: [34, 46, 49], figli: [28, 40, 24], mosse: [(2, 2, 8, 5, 14), (2, 2, 11, 12, 1), (2, 2, 3, 8, 17)]
40 -> costo: 65208.4, rotte: {3: [(1, 10), (10, 4), (4, 7), (7, 6), (6, 18), (18, 9)], 2: [(1, 14), (14, 11), (11, 12), (12, 13), (13, 3), (3, 8), (8, 5), (5, 2), (2, 17), (17, 16), (16, 15)]}, padri: [39, 47], figli: [11, 14, 13, 38], mosse: [(2, 2, 5, 2, 11), (2, 2, 11, 12, 1)]
41 -> costo: 65556.69999999998, rotte: {3: [(1, 10), (10, 4), (4, 7), (7, 6), (6, 18), (18, 9)], 2: [(1, 14), (14, 12), (12, 11), (11, 13), (13, 5), (5, 3), (3, 2), (2, 8), (8, 17), (17, 16), (16, 15)]}, padri: [33], figli: [42, 35, 43, 44], mosse: [(2, 2, 3, 2, 11)]
42 -> costo: 65167.79999999999, rotte: {3: [(1, 10), (10, 4), (4, 7), (7, 6), (6, 18), (18, 9)], 2: [(1, 14), (14, 12), (12, 11), (11, 13), (13, 3), (3, 2), (2, 5), (5, 8), (8, 17), (17, 16), (16, 15)]}, padri: [41, 43], figli: [36, 30, 47], mosse: [(2, 2, 2, 5, 14), (2, 2, 2, 5, 14)]
43 -> costo: 65519.39999999999, rotte: {3: [(1, 10), (10, 4), (4, 7), (7, 6), (6, 18), (18, 9)], 2: [(1, 14), (14, 12), (12, 11), (11, 13), (13, 3), (3, 5), (5, 2), (2, 8), (8, 17), (17, 16), (16, 15)]}, padri: [34, 41], figli: [42, 44, 45], mosse: [(2, 2, 3, 5, 14)]
44 -> costo: 65301.29999999999, rotte: {3: [(1, 10), (10, 4), (4, 7), (7, 6), (6, 18), (18, 9)], 2: [(1, 14), (14, 12), (12, 11), (11, 13), (13, 3), (3, 5), (5, 8), (8, 2), (2, 17), (17, 16), (16, 15)]}, padri: [43, 47], figli: [38], mosse: [(2, 2, 8, 2, 11), (2, 2, 5, 8, 17)]
45 -> costo: 65351.2, rotte: {3: [(1, 10), (10, 4), (4, 7), (7, 6), (6, 18), (18, 9)], 2: [(1, 14), (14, 11), (11, 12), (12, 13), (13, 3), (3, 5), (5, 2), (2, 8), (8, 17), (17, 16), (16, 15)]}, padri: [43], figli: [36, 38], mosse: [(2, 2, 11, 12, 1)]
46 -> costo: 65601.29999999999, rotte: {3: [(1, 10), (10, 4), (4, 7), (7, 6), (6, 18), (18, 9)], 2: [(1, 14), (14, 12), (12, 11), (11, 13), (13, 2), (2, 3), (3, 8), (8, 5), (5, 17), (17, 16), (16, 15)]}, padri: [33, 50], figli: [30, 47, 39, 23], mosse: [(2, 2, 8, 5, 14), (2, 2, 3, 8, 17)]
47 -> costo: 65376.59999999999, rotte: {3: [(1, 10), (10, 4), (4, 7), (7, 6), (6, 18), (18, 9)], 2: [(1, 14), (14, 12), (12, 11), (11, 13), (13, 3), (3, 8), (8, 5), (5, 2), (2, 17), (17, 16), (16, 15)]}, padri: [46], figli: [10, 15, 12, 40, 44], mosse: [(2, 2, 5, 2, 11)]
48 -> costo: 65875.4, rotte: {3: [(1, 10), (10, 4), (4, 7), (7, 6), (6, 18), (18, 9)], 2: [(1, 14), (14, 11), (11, 12), (12, 13), (13, 5), (5, 2), (2, 8), (8, 3), (3, 17), (17, 16), (16, 15)]}, padri: [8], figli: [22, 24, 26, 32, 34, 49], mosse: [(2, 2, 11, 12, 1)]
49 -> costo: 65780.19999999998, rotte: {3: [(1, 10), (10, 4), (4, 7), (7, 6), (6, 18), (18, 9)], 2: [(1, 14), (14, 11), (11, 12), (12, 13), (13, 2), (2, 8), (8, 3), (3, 5), (5, 17), (17, 16), (16, 15)]}, padri: [48, 50], figli: [13, 19, 17, 28, 24, 39], mosse: [(2, 2, 3, 5, 14), (2, 2, 11, 12, 1)]
50 -> costo: 65948.39999999998, rotte: {3: [(1, 10), (10, 4), (4, 7), (7, 6), (6, 18), (18, 9)], 2: [(1, 14), (14, 12), (12, 11), (11, 13), (13, 2), (2, 8), (8, 3), (3, 5), (5, 17), (17, 16), (16, 15)]}, padri: [8], figli: [12, 21, 16, 30, 23, 46, 49], mosse: [(2, 2, 3, 5, 14)]
51 -> costo: 66099.09999999999, rotte: {3: [(1, 10), (10, 4), (4, 7), (7, 6), (6, 18), (18, 9)], 2: [(1, 12), (12, 11), (11, 14), (14, 13), (13, 5), (5, 2), (2, 8), (8, 3), (3, 17), (17, 16), (16, 15)]}, padri: [7], figli: [52, 59, 60, 61, 63, 64, 71], mosse: [(2, 3, 11, 14, 3)]
52 -> costo: 65464.89999999999, rotte: {3: [(1, 10), (10, 4), (4, 7), (7, 6), (6, 18), (18, 9)], 2: [(1, 12), (12, 11), (11, 14), (14, 13), (13, 5), (5, 8), (8, 3), (3, 2), (2, 17), (17, 16), (16, 15)]}, padri: [51, 60, 63], figli: [53, 54, 55, 56, 57, 75], mosse: [(2, 2, 3, 2, 11), (2, 2, 3, 2, 11), (2, 2, 3, 2, 11)]
53 -> costo: 62895.599999999984, rotte: {3: [(1, 10), (10, 4), (4, 7), (7, 6), (6, 18), (18, 9)], 2: [(1, 12), (12, 11), (11, 14), (14, 13), (13, 8), (8, 5), (5, 3), (3, 2), (2, 17), (17, 16), (16, 15)]}, padri: [52, 54, 55, 57, 59, 70, 74, 76], figli: [], mosse: [(2, 2, 8, 5, 14), (2, 2, 5, 3, 12), (2, 2, 3, 2, 11), (2, 2, 3, 2, 11), (2, 2, 3, 2, 11), (2, 2, 5, 3, 12), (2, 2, 14, 13, 2), (2, 2, 14, 13, 2)]
54 -> costo: 63313.499999999985, rotte: {3: [(1, 10), (10, 4), (4, 7), (7, 6), (6, 18), (18, 9)], 2: [(1, 12), (12, 11), (11, 14), (14, 13), (13, 8), (8, 3), (3, 5), (5, 2), (2, 17), (17, 16), (16, 15)]}, padri: [52, 56, 58, 70, 71], figli: [53, 55, 75, 81], mosse: [(2, 2, 3, 5, 14), (2, 2, 5, 2, 11), (2, 2, 5, 2, 11), (2, 2, 8, 3, 12), (2, 2, 5, 2, 11)]
55 -> costo: 63178.19999999999, rotte: {3: [(1, 10), (10, 4), (4, 7), (7, 6), (6, 18), (18, 9)], 2: [(1, 12), (12, 11), (11, 14), (14, 13), (13, 8), (8, 5), (5, 2), (2, 3), (3, 17), (17, 16), (16, 15)]}, padri: [54, 57, 59, 63, 70, 80, 82], figli: [53, 75], mosse: [(2, 2, 2, 3, 12), (2, 2, 5, 2, 11), (2, 2, 5, 2, 11), (2, 2, 8, 5, 14), (2, 2, 2, 3, 12), (2, 2, 14, 13, 2), (2, 2, 14, 13, 2)]
56 -> costo: 63608.99999999998, rotte: {3: [(1, 10), (10, 4), (4, 7), (7, 6), (6, 18), (18, 9)], 2: [(1, 12), (12, 11), (11, 14), (14, 13), (13, 8), (8, 3), (3, 2), (2, 5), (5, 17), (17, 16), (16, 15)]}, padri: [52, 71], figli: [54, 57, 58], mosse: [(2, 2, 2, 5, 14), (2, 2, 3, 2, 11)]
57 -> costo: 63525.29999999998, rotte: {3: [(1, 10), (10, 4), (4, 7), (7, 6), (6, 18), (18, 9)], 2: [(1, 12), (12, 11), (11, 14), (14, 13), (13, 8), (8, 2), (2, 5), (5, 3), (3, 17), (17, 16), (16, 15)]}, padri: [56, 58, 59, 63], figli: [53, 55, 75, 81], mosse: [(2, 2, 5, 3, 12), (2, 2, 5, 3, 12), (2, 2, 8, 2, 11), (2, 2, 2, 5, 14)]
58 -> costo: 63538.19999999999, rotte: {3: [(1, 10), (10, 4), (4, 7), (7, 6), (6, 18), (18, 9)], 2: [(1, 12), (12, 11), (11, 14), (14, 13), (13, 8), (8, 2), (2, 3), (3, 5), (5, 17), (17, 16), (16, 15)]}, padri: [56, 63, 71], figli: [54, 57], mosse: [(2, 2, 2, 3, 12), (2, 2, 3, 5, 14), (2, 2, 8, 2, 11)]
59 -> costo: 65573.09999999998, rotte: {3: [(1, 10), (10, 4), (4, 7), (7, 6), (6, 18), (18, 9)], 2: [(1, 12), (12, 11), (11, 14), (14, 13), (13, 2), (2, 8), (8, 5), (5, 3), (3, 17), (17, 16), (16, 15)]}, padri: [51, 60, 69, 71], figli: [53, 55, 57, 75, 81], mosse: [(2, 2, 8, 5, 14), (2, 2, 8, 5, 14), (2, 2, 5, 3, 12), (2, 2, 5, 3, 12)]
60 -> costo: 65639.4, rotte: {3: [(1, 10), (10, 4), (4, 7), (7, 6), (6, 18), (18, 9)], 2: [(1, 12), (12, 11), (11, 14), (14, 13), (13, 2), (2, 5), (5, 8), (8, 3), (3, 17), (17, 16), (16, 15)]}, padri: [51], figli: [52, 59, 61, 65], mosse: [(2, 2, 2, 5, 14)]
61 -> costo: 65574.9, rotte: {3: [(1, 10), (10, 4), (4, 7), (7, 6), (6, 18), (18, 9)], 2: [(1, 12), (12, 11), (11, 14), (14, 13), (13, 2), (2, 5), (5, 3), (3, 8), (8, 17), (17, 16), (16, 15)]}, padri: [60, 64], figli: [62, 70], mosse: [(2, 2, 3, 8, 17), (2, 2, 2, 5, 14)]
62 -> costo: 65152.49999999999, rotte: {3: [(1, 10), (10, 4), (4, 7), (7, 6), (6, 18), (18, 9)], 2: [(1, 12), (12, 11), (11, 14), (14, 13), (13, 2), (2, 3), (3, 5), (5, 8), (8, 17), (17, 16), (16, 15)]}, padri: [61, 64, 66, 69, 71], figli: [], mosse: [(2, 2, 3, 5, 14), (2, 2, 3, 5, 14), (2, 2, 2, 3, 12), (2, 2, 5, 8, 17), (2, 2, 5, 8, 17)]
63 -> costo: 65676.69999999998, rotte: {3: [(1, 10), (10, 4), (4, 7), (7, 6), (6, 18), (18, 9)], 2: [(1, 12), (12, 11), (11, 14), (14, 13), (13, 5), (5, 8), (8, 2), (2, 3), (3, 17), (17, 16), (16, 15)]}, padri: [51], figli: [55, 57, 58, 52, 81], mosse: [(2, 2, 8, 2, 11)]
64 -> costo: 65683.0, rotte: {3: [(1, 10), (10, 4), (4, 7), (7, 6), (6, 18), (18, 9)], 2: [(1, 12), (12, 11), (11, 14), (14, 13), (13, 5), (5, 2), (2, 3), (3, 8), (8, 17), (17, 16), (16, 15)]}, padri: [51], figli: [62, 61, 65, 69, 70], mosse: [(2, 2, 3, 8, 17)]
65 -> costo: 65612.19999999998, rotte: {3: [(1, 10), (10, 4), (4, 7), (7, 6), (6, 18), (18, 9)], 2: [(1, 12), (12, 11), (11, 14), (14, 13), (13, 5), (5, 3), (3, 2), (2, 8), (8, 17), (17, 16), (16, 15)]}, padri: [64], figli: [66, 67, 68], mosse: [(2, 2, 3, 2, 11)]
66 -> costo: 65223.29999999999, rotte: {3: [(1, 10), (10, 4), (4, 7), (7, 6), (6, 18), (18, 9)], 2: [(1, 12), (12, 11), (11, 14), (14, 13), (13, 3), (3, 2), (2, 5), (5, 8), (8, 17), (17, 16), (16, 15)]}, padri: [65, 67], figli: [62, 70], mosse: [(2, 2, 2, 5, 14), (2, 2, 2, 5, 14)]
67 -> costo: 65574.9, rotte: {3: [(1, 10), (10, 4), (4, 7), (7, 6), (6, 18), (18, 9)], 2: [(1, 12), (12, 11), (11, 14), (14, 13), (13, 3), (3, 5), (5, 2), (2, 8), (8, 17), (17, 16), (16, 15)]}, padri: [65], figli: [66, 68], mosse: [(2, 2, 3, 5, 14)]
68 -> costo: 65356.79999999999, rotte: {3: [(1, 10), (10, 4), (4, 7), (7, 6), (6, 18), (18, 9)], 2: [(1, 12), (12, 11), (11, 14), (14, 13), (13, 3), (3, 5), (5, 8), (8, 2), (2, 17), (17, 16), (16, 15)]}, padri: [67, 70], figli: [], mosse: [(2, 2, 8, 2, 11), (2, 2, 5, 8, 17)]
69 -> costo: 65656.79999999999, rotte: {3: [(1, 10), (10, 4), (4, 7), (7, 6), (6, 18), (18, 9)], 2: [(1, 12), (12, 11), (11, 14), (14, 13), (13, 2), (2, 3), (3, 8), (8, 5), (5, 17), (17, 16), (16, 15)]}, padri: [64, 71], figli: [62, 70, 59], mosse: [(2, 2, 8, 5, 14), (2, 2, 3, 8, 17)]
70 -> costo: 65432.09999999999, rotte: {3: [(1, 10), (10, 4), (4, 7), (7, 6), (6, 18), (18, 9)], 2: [(1, 12), (12, 11), (11, 14), (14, 13), (13, 3), (3, 8), (8, 5), (5, 2), (2, 17), (17, 16), (16, 15)]}, padri: [69], figli: [53, 55, 54, 68, 75, 81], mosse: [(2, 2, 5, 2, 11)]
71 -> costo: 66003.9, rotte: {3: [(1, 10), (10, 4), (4, 7), (7, 6), (6, 18), (18, 9)], 2: [(1, 12), (12, 11), (11, 14), (14, 13), (13, 2), (2, 8), (8, 3), (3, 5), (5, 17), (17, 16), (16, 15)]}, padri: [51], figli: [54, 58, 56, 62, 59, 69], mosse: [(2, 2, 3, 5, 14)]
72 -> costo: 66195.5, rotte: {3: [(1, 10), (10, 4), (4, 7), (7, 6), (6, 18), (18, 9)], 2: [(1, 12), (12, 11), (11, 13), (13, 14), (14, 5), (5, 2), (2, 8), (8, 3), (3, 17), (17, 16), (16, 15)]}, padri: [7], figli: [73], mosse: [(2, 3, 13, 14, 3)]
73 -> costo: 65561.29999999999, rotte: {3: [(1, 10), (10, 4), (4, 7), (7, 6), (6, 18), (18, 9)], 2: [(1, 12), (12, 11), (11, 13), (13, 14), (14, 5), (5, 8), (8, 3), (3, 2), (2, 17), (17, 16), (16, 15)]}, padri: [72], figli: [74, 79, 80], mosse: [(2, 2, 3, 2, 11)]
74 -> costo: 62962.19999999999, rotte: {3: [(1, 10), (10, 4), (4, 7), (7, 6), (6, 18), (18, 9)], 2: [(1, 12), (12, 11), (11, 13), (13, 14), (14, 8), (8, 5), (5, 3), (3, 2), (2, 17), (17, 16), (16, 15)]}, padri: [73, 79, 80], figli: [53, 75, 76, 84], mosse: [(2, 2, 8, 5, 14), (2, 2, 5, 3, 12), (2, 2, 3, 2, 11)]
75 -> costo: 62913.799999999996, rotte: {3: [(1, 10), (10, 4), (4, 7), (7, 6), (6, 18), (18, 9)], 2: [(1, 11), (11, 12), (12, 13), (13, 14), (14, 8), (8, 5), (5, 3), (3, 2), (2, 17), (17, 16), (16, 15)]}, padri: [74, 81], figli: [], mosse: [(2, 2, 11, 12, 1), (2, 2, 3, 2, 11)]
76 -> costo: 62934.59999999999, rotte: {3: [(1, 10), (10, 4), (4, 7), (7, 6), (6, 18), (18, 9)], 2: [(1, 12), (12, 13), (13, 11), (11, 14), (14, 8), (8, 5), (5, 3), (3, 2), (2, 17), (17, 16), (16, 15)]}, padri: [74, 82], figli: [77, 78, 53], mosse: [(2, 2, 13, 11, 20), (2, 2, 3, 2, 11)]
77 -> costo: 62641.399999999994, rotte: {3: [(1, 10), (10, 4), (4, 7), (7, 6), (6, 18), (18, 9)], 2: [(1, 13), (13, 12), (12, 11), (11, 14), (14, 8), (8, 5), (5, 3), (3, 2), (2, 17), (17, 16), (16, 15)]}, padri: [76, 78, 83], figli: [], mosse: [(2, 2, 13, 12, 1), (2, 2, 12, 11, 20), (2, 2, 3, 2, 11)]
78 -> costo: 62809.6, rotte: {3: [(1, 10), (10, 4), (4, 7), (7, 6), (6, 18), (18, 9)], 2: [(1, 13), (13, 11), (11, 12), (12, 14), (14, 8), (8, 5), (5, 3), (3, 2), (2, 17), (17, 16), (16, 15)]}, padri: [76, 84], figli: [77], mosse: [(2, 2, 11, 12, 1), (2, 2, 3, 2, 11)]
79 -> costo: 63380.09999999999, rotte: {3: [(1, 10), (10, 4), (4, 7), (7, 6), (6, 18), (18, 9)], 2: [(1, 12), (12, 11), (11, 13), (13, 14), (14, 8), (8, 3), (3, 5), (5, 2), (2, 17), (17, 16), (16, 15)]}, padri: [73], figli: [74, 80], mosse: [(2, 2, 3, 5, 14)]
80 -> costo: 63244.799999999996, rotte: {3: [(1, 10), (10, 4), (4, 7), (7, 6), (6, 18), (18, 9)], 2: [(1, 12), (12, 11), (11, 13), (13, 14), (14, 8), (8, 5), (5, 2), (2, 3), (3, 17), (17, 16), (16, 15)]}, padri: [79], figli: [74, 55, 81, 82], mosse: [(2, 2, 2, 3, 12)]
81 -> costo: 63196.4, rotte: {3: [(1, 10), (10, 4), (4, 7), (7, 6), (6, 18), (18, 9)], 2: [(1, 11), (11, 12), (12, 13), (13, 14), (14, 8), (8, 5), (5, 2), (2, 3), (3, 17), (17, 16), (16, 15)]}, padri: [80], figli: [75], mosse: [(2, 2, 11, 12, 1)]
82 -> costo: 63217.2, rotte: {3: [(1, 10), (10, 4), (4, 7), (7, 6), (6, 18), (18, 9)], 2: [(1, 12), (12, 13), (13, 11), (11, 14), (14, 8), (8, 5), (5, 2), (2, 3), (3, 17), (17, 16), (16, 15)]}, padri: [80], figli: [83, 76, 84, 55], mosse: [(2, 2, 13, 11, 20)]
83 -> costo: 62924.0, rotte: {3: [(1, 10), (10, 4), (4, 7), (7, 6), (6, 18), (18, 9)], 2: [(1, 13), (13, 12), (12, 11), (11, 14), (14, 8), (8, 5), (5, 2), (2, 3), (3, 17), (17, 16), (16, 15)]}, padri: [82, 84], figli: [77], mosse: [(2, 2, 13, 12, 1), (2, 2, 12, 11, 20)]
84 -> costo: 63092.200000000004, rotte: {3: [(1, 10), (10, 4), (4, 7), (7, 6), (6, 18), (18, 9)], 2: [(1, 13), (13, 11), (11, 12), (12, 14), (14, 8), (8, 5), (5, 2), (2, 3), (3, 17), (17, 16), (16, 15)]}, padri: [82], figli: [78, 83], mosse: [(2, 2, 11, 12, 1)]
bestSolutionIndice: 77
77 -> costo: 62641.399999999994, rotte: {3: [(1, 10), (10, 4), (4, 7), (7, 6), (6, 18), (18, 9)], 2: [(1, 13), (13, 12), (12, 11), (11, 14), (14, 8), (8, 5), (5, 3), (3, 2), (2, 17), (17, 16), (16, 15)]}, padri: [76, 78, 83], figli: [], mosse: [(2, 2, 13, 12, 1), (2, 2, 12, 11, 20), (2, 2, 3, 2, 11)]
trasportoPalletDiGamma: {3: [(10, 19), (4, 13), (7, 16), (6, 15), (18, 5), (9, 18)], 2: [(13, 2), (12, 1), (11, 20), (14, 3), (8, 17), (5, 14), (3, 12), (2, 11), (17, 6), (16, 5), (15, 4)]}
itMosseLS: 213, itMosseTS: 200
time elapsed: 2261.00s.


##########################################################################################
s: 1
dictSolutions[1]:
0 -> costo: 135943.09999999998, rotte: {3: [(1, 4), (4, 14), (14, 13), (13, 11), (11, 16), (16, 5), (5, 2), (2, 7), (7, 9)], 2: [(1, 15), (15, 18), (18, 6), (6, 17), (17, 3), (3, 8), (8, 12), (12, 10), (10, 9)]}, padri: [-1], figli: [1], mosse: [-1]
1 -> costo: 125823.99999999999, rotte: {3: [(1, 4), (4, 14), (14, 13), (13, 11), (11, 16), (16, 5), (5, 2), (2, 7), (7, 9)], 2: [(1, 15), (15, 18), (18, 6), (6, 3), (3, 8), (8, 12), (12, 10), (10, 9), (9, 17)]}, padri: [0], figli: [2], mosse: [(2, 2, 9, 17, 6)]
2 -> costo: 106121.19999999998, rotte: {3: [(1, 4), (4, 14), (14, 13), (13, 11), (11, 16), (16, 5), (5, 2), (2, 7), (7, 9)], 2: [(1, 18), (18, 6), (6, 3), (3, 8), (8, 12), (12, 10), (10, 9), (9, 17), (17, 15)]}, padri: [1], figli: [3], mosse: [(2, 2, 17, 15, 4)]
3 -> costo: 100064.39999999998, rotte: {3: [(1, 4), (4, 14), (14, 13), (13, 11), (11, 16), (16, 5), (5, 2), (2, 7), (7, 9)], 2: [(1, 18), (18, 6), (6, 3), (3, 8), (8, 10), (10, 9), (9, 12), (12, 17), (17, 15)]}, padri: [2], figli: [4], mosse: [(2, 2, 9, 12, 1)]
4 -> costo: 94918.29999999999, rotte: {3: [(1, 4), (4, 14), (14, 13), (13, 11), (11, 16), (16, 5), (5, 2), (2, 7), (7, 9)], 2: [(1, 18), (18, 6), (6, 3), (3, 10), (10, 8), (8, 9), (9, 12), (12, 17), (17, 15)]}, padri: [3], figli: [5], mosse: [(2, 2, 10, 8, 17)]
5 -> costo: 90980.4, rotte: {3: [(1, 4), (4, 14), (14, 13), (13, 11), (11, 5), (5, 2), (2, 7), (7, 9), (9, 16)], 2: [(1, 18), (18, 6), (6, 3), (3, 10), (10, 8), (8, 9), (9, 12), (12, 17), (17, 15)]}, padri: [4], figli: [6], mosse: [(3, 3, 9, 16, 5)]
6 -> costo: 86001.1, rotte: {3: [(1, 4), (4, 14), (14, 13), (13, 11), (11, 5), (5, 2), (2, 7), (7, 16)], 2: [(1, 18), (18, 6), (6, 3), (3, 10), (10, 8), (8, 9), (9, 12), (12, 17), (17, 15)]}, padri: [5], figli: [7], mosse: [(2, 3, 1, 9, 16)]
7 -> costo: 82101.2, rotte: {3: [(1, 14), (14, 13), (13, 11), (11, 5), (5, 2), (2, 4), (4, 7), (7, 16)], 2: [(1, 18), (18, 6), (6, 3), (3, 10), (10, 8), (8, 9), (9, 12), (12, 17), (17, 15)]}, padri: [6], figli: [8], mosse: [(3, 3, 2, 4, 13)]
8 -> costo: 80284.5, rotte: {3: [(1, 14), (14, 13), (13, 11), (11, 2), (2, 4), (4, 7), (7, 5), (5, 16)], 2: [(1, 18), (18, 6), (6, 3), (3, 10), (10, 8), (8, 9), (9, 12), (12, 17), (17, 15)]}, padri: [7], figli: [9], mosse: [(3, 3, 7, 5, 14)]
9 -> costo: 79717.20000000001, rotte: {3: [(1, 14), (14, 13), (13, 11), (11, 2), (2, 4), (4, 7), (7, 5), (5, 16)], 2: [(1, 6), (6, 3), (3, 10), (10, 18), (18, 8), (8, 9), (9, 12), (12, 17), (17, 15)]}, padri: [8], figli: [10, 26, 34, 35], mosse: [(2, 2, 10, 18, 5)]
10 -> costo: 78955.5, rotte: {3: [(1, 14), (14, 13), (13, 11), (11, 2), (2, 4), (4, 7), (7, 6), (6, 5), (5, 16)], 2: [(1, 3), (3, 10), (10, 18), (18, 8), (8, 9), (9, 12), (12, 17), (17, 15)]}, padri: [9, 26, 34, 34], figli: [11, 15, 17, 22, 24, 31, 36, 46, 51, 65], mosse: [(3, 2, 7, 6, 15), (3, 3, 6, 5, 14), (3, 3, 6, 7), (3, 3, 7, 6, 15)]
11 -> costo: 78680.1, rotte: {3: [(1, 13), (13, 11), (11, 14), (14, 2), (2, 4), (4, 7), (7, 6), (6, 5), (5, 16)], 2: [(1, 3), (3, 10), (10, 18), (18, 8), (8, 9), (9, 12), (12, 17), (17, 15)]}, padri: [10, 24, 27, 35, 35], figli: [12, 14, 37, 41], mosse: [(3, 3, 11, 14, 3), (3, 3, 11, 14, 3), (3, 3, 6, 5, 14), (3, 3, 6, 7), (3, 3, 7, 6, 15)]
12 -> costo: 78461.6, rotte: {3: [(1, 13), (13, 11), (11, 14), (14, 4), (4, 7), (7, 6), (6, 5), (5, 2), (2, 16)], 2: [(1, 3), (3, 10), (10, 18), (18, 8), (8, 9), (9, 12), (12, 17), (17, 15)]}, padri: [11, 17, 20, 36, 36], figli: [13], mosse: [(3, 3, 5, 2, 11), (3, 3, 11, 14, 3), (3, 3, 11, 14, 3), (3, 3, 6, 7), (3, 3, 7, 6, 15)]
13 -> costo: 78413.20000000001, rotte: {3: [(1, 11), (11, 14), (14, 4), (4, 7), (7, 6), (6, 5), (5, 2), (2, 16)], 2: [(1, 3), (3, 10), (10, 18), (18, 8), (8, 9), (9, 13), (13, 12), (12, 17), (17, 15)]}, padri: [12, 14, 21, 43, 43], figli: [], mosse: [(2, 3, 9, 13, 2), (3, 3, 5, 2, 11), (3, 3, 11, 14, 3), (3, 3, 6, 7), (3, 3, 7, 6, 15)]
14 -> costo: 78631.70000000001, rotte: {3: [(1, 11), (11, 14), (14, 2), (2, 4), (4, 7), (7, 6), (6, 5), (5, 16)], 2: [(1, 3), (3, 10), (10, 18), (18, 8), (8, 9), (9, 13), (13, 12), (12, 17), (17, 15)]}, padri: [11, 25, 28, 44, 44], figli: [13], mosse: [(2, 3, 9, 13, 2), (3, 3, 11, 14, 3), (3, 3, 6, 5, 14), (3, 3, 6, 7), (3, 3, 7, 6, 15)]
15 -> costo: 78680.8, rotte: {3: [(1, 14), (14, 11), (11, 13), (13, 2), (2, 4), (4, 7), (7, 6), (6, 5), (5, 16)], 2: [(1, 3), (3, 10), (10, 18), (18, 8), (8, 9), (9, 12), (12, 17), (17, 15)]}, padri: [10, 24, 29, 45, 45], figli: [16, 18, 47, 49], mosse: [(3, 3, 11, 13, 2), (3, 3, 11, 13, 2), (3, 3, 6, 5, 14), (3, 3, 6, 7), (3, 3, 7, 6, 15)]
16 -> costo: 78462.29999999999, rotte: {3: [(1, 14), (14, 11), (11, 13), (13, 4), (4, 7), (7, 6), (6, 5), (5, 2), (2, 16)], 2: [(1, 3), (3, 10), (10, 18), (18, 8), (8, 9), (9, 12), (12, 17), (17, 15)]}, padri: [15, 17, 20, 46, 46], figli: [], mosse: [(3, 3, 5, 2, 11), (3, 3, 11, 13, 2), (3, 3, 11, 13, 2), (3, 3, 6, 7), (3, 3, 7, 6, 15)]
17 -> costo: 78737.0, rotte: {3: [(1, 14), (14, 13), (13, 11), (11, 4), (4, 7), (7, 6), (6, 5), (5, 2), (2, 16)], 2: [(1, 3), (3, 10), (10, 18), (18, 8), (8, 9), (9, 12), (12, 17), (17, 15)]}, padri: [10, 50, 50], figli: [12, 16, 18, 20, 23, 37, 41, 47, 49, 59], mosse: [(3, 3, 5, 2, 11), (3, 3, 6, 7), (3, 3, 7, 6, 15)]
18 -> costo: 78555.30000000002, rotte: {3: [(1, 13), (13, 11), (11, 4), (4, 7), (7, 6), (6, 5), (5, 2), (2, 16)], 2: [(1, 3), (3, 10), (10, 18), (18, 8), (8, 9), (9, 14), (14, 12), (12, 17), (17, 15)]}, padri: [17, 22, 56, 56], figli: [19], mosse: [(2, 3, 9, 14, 3), (3, 3, 5, 2, 11), (3, 3, 6, 7), (3, 3, 7, 6, 15)]
19 -> costo: 78552.30000000002, rotte: {3: [(1, 11), (11, 13), (13, 4), (4, 7), (7, 6), (6, 5), (5, 2), (2, 16)], 2: [(1, 3), (3, 10), (10, 18), (18, 8), (8, 9), (9, 14), (14, 12), (12, 17), (17, 15)]}, padri: [18, 23, 61, 61], figli: [], mosse: [(3, 3, 11, 13, 2), (3, 3, 5, 2, 11), (3, 3, 6, 7), (3, 3, 7, 6, 15)]
20 -> costo: 78641.30000000002, rotte: {3: [(1, 13), (13, 14), (14, 11), (11, 4), (4, 7), (7, 6), (6, 5), (5, 2), (2, 16)], 2: [(1, 3), (3, 10), (10, 18), (18, 8), (8, 9), (9, 12), (12, 17), (17, 15)]}, padri: [17, 24, 68, 68], figli: [21, 12, 16, 37, 41, 47, 49], mosse: [(3, 3, 13, 14, 3), (3, 3, 5, 2, 11), (3, 3, 6, 7), (3, 3, 7, 6, 15)]
21 -> costo: 78416.90000000001, rotte: {3: [(1, 14), (14, 11), (11, 4), (4, 7), (7, 6), (6, 5), (5, 2), (2, 16)], 2: [(1, 3), (3, 10), (10, 18), (18, 8), (8, 9), (9, 13), (13, 12), (12, 17), (17, 15)]}, padri: [20, 25, 69, 69], figli: [13], mosse: [(2, 3, 9, 13, 2), (3, 3, 5, 2, 11), (3, 3, 6, 7), (3, 3, 7, 6, 15)]
22 -> costo: 78773.80000000002, rotte: {3: [(1, 13), (13, 11), (11, 2), (2, 4), (4, 7), (7, 6), (6, 5), (5, 16)], 2: [(1, 3), (3, 10), (10, 18), (18, 8), (8, 9), (9, 14), (14, 12), (12, 17), (17, 15)]}, padri: [10, 30, 70, 70], figli: [18, 23, 59], mosse: [(2, 3, 9, 14, 3), (3, 3, 6, 5, 14), (3, 3, 6, 7), (3, 3, 7, 6, 15)]
23 -> costo: 78770.80000000002, rotte: {3: [(1, 11), (11, 13), (13, 2), (2, 4), (4, 7), (7, 6), (6, 5), (5, 16)], 2: [(1, 3), (3, 10), (10, 18), (18, 8), (8, 9), (9, 14), (14, 12), (12, 17), (17, 15)]}, padri: [22, 31, 71, 71], figli: [19], mosse: [(3, 3, 11, 13, 2), (3, 3, 6, 5, 14), (3, 3, 6, 7), (3, 3, 7, 6, 15)]
24 -> costo: 78859.80000000002, rotte: {3: [(1, 13), (13, 14), (14, 11), (11, 2), (2, 4), (4, 7), (7, 6), (6, 5), (5, 16)], 2: [(1, 3), (3, 10), (10, 18), (18, 8), (8, 9), (9, 12), (12, 17), (17, 15)]}, padri: [10, 32], figli: [25, 20, 11, 15, 36, 46], mosse: [(3, 3, 13, 14, 3), (3, 3, 6, 5, 14)]
25 -> costo: 78635.40000000001, rotte: {3: [(1, 14), (14, 11), (11, 2), (2, 4), (4, 7), (7, 6), (6, 5), (5, 16)], 2: [(1, 3), (3, 10), (10, 18), (18, 8), (8, 9), (9, 13), (13, 12), (12, 17), (17, 15)]}, padri: [24, 33], figli: [21, 14], mosse: [(2, 3, 9, 13, 2), (3, 3, 6, 5, 14)]
26 -> costo: 78997.20000000001, rotte: {3: [(1, 14), (14, 13), (13, 11), (11, 2), (2, 4), (4, 7), (7, 5), (5, 6), (6, 16)], 2: [(1, 3), (3, 10), (10, 18), (18, 8), (8, 9), (9, 12), (12, 17), (17, 15)]}, padri: [9], figli: [27, 29, 30, 32, 10, 35, 44, 71], mosse: [(3, 2, 5, 6, 15)]
27 -> costo: 78721.8, rotte: {3: [(1, 13), (13, 11), (11, 14), (14, 2), (2, 4), (4, 7), (7, 5), (5, 6), (6, 16)], 2: [(1, 3), (3, 10), (10, 18), (18, 8), (8, 9), (9, 12), (12, 17), (17, 15)]}, padri: [26, 32, 35], figli: [28, 11, 36], mosse: [(3, 3, 11, 14, 3), (3, 3, 11, 14, 3), (3, 3, 5, 6, 15)]
28 -> costo: 78673.40000000001, rotte: {3: [(1, 11), (11, 14), (14, 2), (2, 4), (4, 7), (7, 5), (5, 6), (6, 16)], 2: [(1, 3), (3, 10), (10, 18), (18, 8), (8, 9), (9, 13), (13, 12), (12, 17), (17, 15)]}, padri: [27, 33, 44], figli: [14], mosse: [(2, 3, 9, 13, 2), (3, 3, 11, 14, 3), (3, 3, 5, 6, 15)]
29 -> costo: 78722.5, rotte: {3: [(1, 14), (14, 11), (11, 13), (13, 2), (2, 4), (4, 7), (7, 5), (5, 6), (6, 16)], 2: [(1, 3), (3, 10), (10, 18), (18, 8), (8, 9), (9, 12), (12, 17), (17, 15)]}, padri: [26, 32, 45], figli: [15, 46], mosse: [(3, 3, 11, 13, 2), (3, 3, 11, 13, 2), (3, 3, 5, 6, 15)]
30 -> costo: 78815.50000000001, rotte: {3: [(1, 13), (13, 11), (11, 2), (2, 4), (4, 7), (7, 5), (5, 6), (6, 16)], 2: [(1, 3), (3, 10), (10, 18), (18, 8), (8, 9), (9, 14), (14, 12), (12, 17), (17, 15)]}, padri: [26, 70], figli: [22, 31], mosse: [(2, 3, 9, 14, 3), (3, 3, 5, 6, 15)]
31 -> costo: 78812.50000000001, rotte: {3: [(1, 11), (11, 13), (13, 2), (2, 4), (4, 7), (7, 5), (5, 6), (6, 16)], 2: [(1, 3), (3, 10), (10, 18), (18, 8), (8, 9), (9, 14), (14, 12), (12, 17), (17, 15)]}, padri: [30, 71], figli: [23], mosse: [(3, 3, 11, 13, 2), (3, 3, 5, 6, 15)]
32 -> costo: 78901.5, rotte: {3: [(1, 13), (13, 14), (14, 11), (11, 2), (2, 4), (4, 7), (7, 5), (5, 6), (6, 16)], 2: [(1, 3), (3, 10), (10, 18), (18, 8), (8, 9), (9, 12), (12, 17), (17, 15)]}, padri: [26], figli: [33, 27, 29, 24, 44], mosse: [(3, 3, 13, 14, 3)]
33 -> costo: 78677.10000000002, rotte: {3: [(1, 14), (14, 11), (11, 2), (2, 4), (4, 7), (7, 5), (5, 6), (6, 16)], 2: [(1, 3), (3, 10), (10, 18), (18, 8), (8, 9), (9, 13), (13, 12), (12, 17), (17, 15)]}, padri: [32], figli: [25, 28], mosse: [(2, 3, 9, 13, 2)]
34 -> costo: 79127.70000000001, rotte: {3: [(1, 14), (14, 13), (13, 11), (11, 2), (2, 4), (4, 6), (6, 7), (7, 5), (5, 16)], 2: [(1, 3), (3, 10), (10, 18), (18, 8), (8, 9), (9, 12), (12, 17), (17, 15)]}, padri: [9], figli: [10, 35, 45, 50, 70, 10], mosse: [(3, 2, 4, 6, 15)]
35 -> costo: 78852.3, rotte: {3: [(1, 13), (13, 11), (11, 14), (14, 2), (2, 4), (4, 6), (6, 7), (7, 5), (5, 16)], 2: [(1, 3), (3, 10), (10, 18), (18, 8), (8, 9), (9, 12), (12, 17), (17, 15)]}, padri: [34], figli: [11, 36, 11, 27, 44], mosse: [(3, 3, 11, 14, 3)]
36 -> costo: 78633.80000000002, rotte: {3: [(1, 13), (13, 11), (11, 14), (14, 4), (4, 6), (6, 7), (7, 5), (5, 2), (2, 16)], 2: [(1, 3), (3, 10), (10, 18), (18, 8), (8, 9), (9, 12), (12, 17), (17, 15)]}, padri: [35, 50, 68], figli: [12, 37, 39, 40, 12, 41, 41, 42, 43], mosse: [(3, 3, 5, 2, 11), (3, 3, 11, 14, 3), (3, 3, 11, 14, 3)]
37 -> costo: 78110.5, rotte: {3: [(1, 13), (13, 11), (11, 14), (14, 6), (6, 7), (7, 5), (5, 4), (4, 2), (2, 16)], 2: [(1, 3), (3, 10), (10, 18), (18, 8), (8, 9), (9, 12), (12, 17), (17, 15)]}, padri: [36, 39, 41, 51, 54], figli: [38], mosse: [(3, 3, 5, 4, 13), (3, 3, 5, 4, 13), (3, 3, 4, 2, 11), (3, 3, 11, 14, 3), (3, 3, 11, 14, 3)]
38 -> costo: 78062.1, rotte: {3: [(1, 11), (11, 14), (14, 6), (6, 7), (7, 5), (5, 4), (4, 2), (2, 16)], 2: [(1, 3), (3, 10), (10, 18), (18, 8), (8, 9), (9, 13), (13, 12), (12, 17), (17, 15)]}, padri: [37, 40, 42, 43, 55], figli: [], mosse: [(2, 3, 9, 13, 2), (3, 3, 5, 4, 13), (3, 3, 4, 2, 11), (3, 3, 5, 4, 13), (3, 3, 11, 14, 3)]
39 -> costo: 78456.5, rotte: {3: [(1, 13), (13, 11), (11, 14), (14, 6), (6, 7), (7, 4), (4, 5), (5, 2), (2, 16)], 2: [(1, 3), (3, 10), (10, 18), (18, 8), (8, 9), (9, 12), (12, 17), (17, 15)]}, padri: [36, 62, 63], figli: [37, 40, 42], mosse: [(3, 3, 7, 4, 13), (3, 3, 11, 14, 3), (3, 3, 11, 14, 3)]
40 -> costo: 78408.1, rotte: {3: [(1, 11), (11, 14), (14, 6), (6, 7), (7, 4), (4, 5), (5, 2), (2, 16)], 2: [(1, 3), (3, 10), (10, 18), (18, 8), (8, 9), (9, 13), (13, 12), (12, 17), (17, 15)]}, padri: [39, 43, 64], figli: [38], mosse: [(2, 3, 9, 13, 2), (3, 3, 7, 4, 13), (3, 3, 11, 14, 3)]
41 -> costo: 78475.20000000001, rotte: {3: [(1, 13), (13, 11), (11, 14), (14, 6), (6, 7), (7, 5), (5, 2), (2, 4), (4, 16)], 2: [(1, 3), (3, 10), (10, 18), (18, 8), (8, 9), (9, 12), (12, 17), (17, 15)]}, padri: [36, 65, 66], figli: [37, 42], mosse: [(3, 3, 2, 4, 13), (3, 3, 11, 14, 3), (3, 3, 11, 14, 3)]
42 -> costo: 78426.8, rotte: {3: [(1, 11), (11, 14), (14, 6), (6, 7), (7, 5), (5, 2), (2, 4), (4, 16)], 2: [(1, 3), (3, 10), (10, 18), (18, 8), (8, 9), (9, 13), (13, 12), (12, 17), (17, 15)]}, padri: [41, 43, 67], figli: [38], mosse: [(2, 3, 9, 13, 2), (3, 3, 2, 4, 13), (3, 3, 11, 14, 3)]
43 -> costo: 78585.40000000001, rotte: {3: [(1, 11), (11, 14), (14, 4), (4, 6), (6, 7), (7, 5), (5, 2), (2, 16)], 2: [(1, 3), (3, 10), (10, 18), (18, 8), (8, 9), (9, 13), (13, 12), (12, 17), (17, 15)]}, padri: [36, 44, 69], figli: [13, 38, 40, 13, 42], mosse: [(2, 3, 9, 13, 2), (3, 3, 5, 2, 11), (3, 3, 11, 14, 3)]
44 -> costo: 78803.90000000001, rotte: {3: [(1, 11), (11, 14), (14, 2), (2, 4), (4, 6), (6, 7), (7, 5), (5, 16)], 2: [(1, 3), (3, 10), (10, 18), (18, 8), (8, 9), (9, 13), (13, 12), (12, 17), (17, 15)]}, padri: [35], figli: [14, 43, 14, 28], mosse: [(2, 3, 9, 13, 2)]
45 -> costo: 78853.0, rotte: {3: [(1, 14), (14, 11), (11, 13), (13, 2), (2, 4), (4, 6), (6, 7), (7, 5), (5, 16)], 2: [(1, 3), (3, 10), (10, 18), (18, 8), (8, 9), (9, 12), (12, 17), (17, 15)]}, padri: [34], figli: [15, 46, 15, 29, 56], mosse: [(3, 3, 11, 13, 2)]
46 -> costo: 78634.5, rotte: {3: [(1, 14), (14, 11), (11, 13), (13, 4), (4, 6), (6, 7), (7, 5), (5, 2), (2, 16)], 2: [(1, 3), (3, 10), (10, 18), (18, 8), (8, 9), (9, 12), (12, 17), (17, 15)]}, padri: [45, 50, 68], figli: [16, 47, 48, 16, 49, 49, 52], mosse: [(3, 3, 5, 2, 11), (3, 3, 11, 13, 2), (3, 3, 11, 13, 2)]
47 -> costo: 78111.2, rotte: {3: [(1, 14), (14, 11), (11, 13), (13, 6), (6, 7), (7, 5), (5, 4), (4, 2), (2, 16)], 2: [(1, 3), (3, 10), (10, 18), (18, 8), (8, 9), (9, 12), (12, 17), (17, 15)]}, padri: [46, 48, 49, 51, 54], figli: [], mosse: [(3, 3, 5, 4, 13), (3, 3, 5, 4, 13), (3, 3, 4, 2, 11), (3, 3, 11, 13, 2), (3, 3, 11, 13, 2)]
48 -> costo: 78457.2, rotte: {3: [(1, 14), (14, 11), (11, 13), (13, 6), (6, 7), (7, 4), (4, 5), (5, 2), (2, 16)], 2: [(1, 3), (3, 10), (10, 18), (18, 8), (8, 9), (9, 12), (12, 17), (17, 15)]}, padri: [46, 62, 63], figli: [47, 52], mosse: [(3, 3, 7, 4, 13), (3, 3, 11, 13, 2), (3, 3, 11, 13, 2)]
49 -> costo: 78475.9, rotte: {3: [(1, 14), (14, 11), (11, 13), (13, 6), (6, 7), (7, 5), (5, 2), (2, 4), (4, 16)], 2: [(1, 3), (3, 10), (10, 18), (18, 8), (8, 9), (9, 12), (12, 17), (17, 15)]}, padri: [46, 65, 66], figli: [47, 52], mosse: [(3, 3, 2, 4, 13), (3, 3, 11, 13, 2), (3, 3, 11, 13, 2)]
50 -> costo: 78909.20000000001, rotte: {3: [(1, 14), (14, 13), (13, 11), (11, 4), (4, 6), (6, 7), (7, 5), (5, 2), (2, 16)], 2: [(1, 3), (3, 10), (10, 18), (18, 8), (8, 9), (9, 12), (12, 17), (17, 15)]}, padri: [34], figli: [17, 51, 36, 46, 56, 62, 17, 65, 65, 68], mosse: [(3, 3, 5, 2, 11)]
51 -> costo: 78385.9, rotte: {3: [(1, 14), (14, 13), (13, 11), (11, 6), (6, 7), (7, 5), (5, 4), (4, 2), (2, 16)], 2: [(1, 3), (3, 10), (10, 18), (18, 8), (8, 9), (9, 12), (12, 17), (17, 15)]}, padri: [50, 62, 65], figli: [37, 47, 52, 54, 57, 58, 60, 64, 67, 69], mosse: [(3, 3, 5, 4, 13), (3, 3, 5, 4, 13), (3, 3, 4, 2, 11)]
52 -> costo: 78204.20000000001, rotte: {3: [(1, 13), (13, 11), (11, 6), (6, 7), (7, 5), (5, 4), (4, 2), (2, 16)], 2: [(1, 3), (3, 10), (10, 18), (18, 8), (8, 9), (9, 14), (14, 12), (12, 17), (17, 15)]}, padri: [51, 56, 57, 59], figli: [53], mosse: [(2, 3, 9, 14, 3), (3, 3, 5, 4, 13), (3, 3, 5, 4, 13), (3, 3, 4, 2, 11)]
53 -> costo: 78201.20000000001, rotte: {3: [(1, 11), (11, 13), (13, 6), (6, 7), (7, 5), (5, 4), (4, 2), (2, 16)], 2: [(1, 3), (3, 10), (10, 18), (18, 8), (8, 9), (9, 14), (14, 12), (12, 17), (17, 15)]}, padri: [52, 58, 60, 61], figli: [], mosse: [(3, 3, 11, 13, 2), (3, 3, 5, 4, 13), (3, 3, 4, 2, 11), (3, 3, 5, 4, 13)]
54 -> costo: 78290.20000000001, rotte: {3: [(1, 13), (13, 14), (14, 11), (11, 6), (6, 7), (7, 5), (5, 4), (4, 2), (2, 16)], 2: [(1, 3), (3, 10), (10, 18), (18, 8), (8, 9), (9, 12), (12, 17), (17, 15)]}, padri: [51, 63, 66, 68], figli: [55, 37, 47], mosse: [(3, 3, 13, 14, 3), (3, 3, 5, 4, 13), (3, 3, 4, 2, 11), (3, 3, 5, 4, 13)]
55 -> costo: 78065.8, rotte: {3: [(1, 14), (14, 11), (11, 6), (6, 7), (7, 5), (5, 4), (4, 2), (2, 16)], 2: [(1, 3), (3, 10), (10, 18), (18, 8), (8, 9), (9, 13), (13, 12), (12, 17), (17, 15)]}, padri: [54, 64, 67, 69], figli: [38], mosse: [(2, 3, 9, 13, 2), (3, 3, 5, 4, 13), (3, 3, 4, 2, 11), (3, 3, 5, 4, 13)]
56 -> costo: 78727.50000000001, rotte: {3: [(1, 13), (13, 11), (11, 4), (4, 6), (6, 7), (7, 5), (5, 2), (2, 16)], 2: [(1, 3), (3, 10), (10, 18), (18, 8), (8, 9), (9, 14), (14, 12), (12, 17), (17, 15)]}, padri: [50, 70], figli: [18, 52, 57, 58, 18, 59, 59, 60, 61, 63, 66], mosse: [(2, 3, 9, 14, 3), (3, 3, 5, 2, 11)]
57 -> costo: 78550.20000000001, rotte: {3: [(1, 13), (13, 11), (11, 6), (6, 7), (7, 4), (4, 5), (5, 2), (2, 16)], 2: [(1, 3), (3, 10), (10, 18), (18, 8), (8, 9), (9, 14), (14, 12), (12, 17), (17, 15)]}, padri: [56, 62], figli: [52, 58, 60], mosse: [(3, 3, 7, 4, 13), (2, 3, 9, 14, 3)]
58 -> costo: 78547.20000000001, rotte: {3: [(1, 11), (11, 13), (13, 6), (6, 7), (7, 4), (4, 5), (5, 2), (2, 16)], 2: [(1, 3), (3, 10), (10, 18), (18, 8), (8, 9), (9, 14), (14, 12), (12, 17), (17, 15)]}, padri: [57, 61], figli: [53], mosse: [(3, 3, 11, 13, 2), (3, 3, 7, 4, 13)]
59 -> costo: 78568.90000000002, rotte: {3: [(1, 13), (13, 11), (11, 6), (6, 7), (7, 5), (5, 2), (2, 4), (4, 16)], 2: [(1, 3), (3, 10), (10, 18), (18, 8), (8, 9), (9, 14), (14, 12), (12, 17), (17, 15)]}, padri: [56, 65], figli: [52, 60], mosse: [(3, 3, 2, 4, 13), (2, 3, 9, 14, 3)]
60 -> costo: 78565.90000000001, rotte: {3: [(1, 11), (11, 13), (13, 6), (6, 7), (7, 5), (5, 2), (2, 4), (4, 16)], 2: [(1, 3), (3, 10), (10, 18), (18, 8), (8, 9), (9, 14), (14, 12), (12, 17), (17, 15)]}, padri: [59, 61], figli: [53], mosse: [(3, 3, 11, 13, 2), (3, 3, 2, 4, 13)]
61 -> costo: 78724.5, rotte: {3: [(1, 11), (11, 13), (13, 4), (4, 6), (6, 7), (7, 5), (5, 2), (2, 16)], 2: [(1, 3), (3, 10), (10, 18), (18, 8), (8, 9), (9, 14), (14, 12), (12, 17), (17, 15)]}, padri: [56, 71], figli: [19, 53, 58, 19, 60], mosse: [(3, 3, 11, 13, 2), (3, 3, 5, 2, 11)]
62 -> costo: 78731.9, rotte: {3: [(1, 14), (14, 13), (13, 11), (11, 6), (6, 7), (7, 4), (4, 5), (5, 2), (2, 16)], 2: [(1, 3), (3, 10), (10, 18), (18, 8), (8, 9), (9, 12), (12, 17), (17, 15)]}, padri: [50], figli: [51, 39, 48, 57, 63], mosse: [(3, 3, 7, 4, 13)]
63 -> costo: 78636.20000000001, rotte: {3: [(1, 13), (13, 14), (14, 11), (11, 6), (6, 7), (7, 4), (4, 5), (5, 2), (2, 16)], 2: [(1, 3), (3, 10), (10, 18), (18, 8), (8, 9), (9, 12), (12, 17), (17, 15)]}, padri: [62, 68], figli: [54, 64, 39, 48, 67, 69], mosse: [(3, 3, 13, 14, 3), (3, 3, 7, 4, 13)]
64 -> costo: 78411.8, rotte: {3: [(1, 14), (14, 11), (11, 6), (6, 7), (7, 4), (4, 5), (5, 2), (2, 16)], 2: [(1, 3), (3, 10), (10, 18), (18, 8), (8, 9), (9, 13), (13, 12), (12, 17), (17, 15)]}, padri: [63, 69], figli: [55, 40], mosse: [(2, 3, 9, 13, 2), (3, 3, 7, 4, 13)]
65 -> costo: 78750.6, rotte: {3: [(1, 14), (14, 13), (13, 11), (11, 6), (6, 7), (7, 5), (5, 2), (2, 4), (4, 16)], 2: [(1, 3), (3, 10), (10, 18), (18, 8), (8, 9), (9, 12), (12, 17), (17, 15)]}, padri: [50], figli: [51, 41, 49, 59, 66], mosse: [(3, 3, 2, 4, 13)]
66 -> costo: 78654.90000000001, rotte: {3: [(1, 13), (13, 14), (14, 11), (11, 6), (6, 7), (7, 5), (5, 2), (2, 4), (4, 16)], 2: [(1, 3), (3, 10), (10, 18), (18, 8), (8, 9), (9, 12), (12, 17), (17, 15)]}, padri: [65, 68], figli: [54, 67, 41, 49, 69], mosse: [(3, 3, 13, 14, 3), (3, 3, 2, 4, 13)]
67 -> costo: 78430.50000000001, rotte: {3: [(1, 14), (14, 11), (11, 6), (6, 7), (7, 5), (5, 2), (2, 4), (4, 16)], 2: [(1, 3), (3, 10), (10, 18), (18, 8), (8, 9), (9, 13), (13, 12), (12, 17), (17, 15)]}, padri: [66, 69], figli: [55, 42], mosse: [(2, 3, 9, 13, 2), (3, 3, 2, 4, 13)]
68 -> costo: 78813.5, rotte: {3: [(1, 13), (13, 14), (14, 11), (11, 4), (4, 6), (6, 7), (7, 5), (5, 2), (2, 16)], 2: [(1, 3), (3, 10), (10, 18), (18, 8), (8, 9), (9, 12), (12, 17), (17, 15)]}, padri: [50], figli: [20, 54, 69, 36, 46, 63, 20, 66], mosse: [(3, 3, 13, 14, 3)]
69 -> costo: 78589.10000000002, rotte: {3: [(1, 14), (14, 11), (11, 4), (4, 6), (6, 7), (7, 5), (5, 2), (2, 16)], 2: [(1, 3), (3, 10), (10, 18), (18, 8), (8, 9), (9, 13), (13, 12), (12, 17), (17, 15)]}, padri: [68], figli: [21, 55, 64, 21, 67, 43], mosse: [(2, 3, 9, 13, 2)]
70 -> costo: 78946.00000000001, rotte: {3: [(1, 13), (13, 11), (11, 2), (2, 4), (4, 6), (6, 7), (7, 5), (5, 16)], 2: [(1, 3), (3, 10), (10, 18), (18, 8), (8, 9), (9, 14), (14, 12), (12, 17), (17, 15)]}, padri: [34], figli: [22, 56, 22, 30, 71], mosse: [(2, 3, 9, 14, 3)]
71 -> costo: 78943.00000000001, rotte: {3: [(1, 11), (11, 13), (13, 2), (2, 4), (4, 6), (6, 7), (7, 5), (5, 16)], 2: [(1, 3), (3, 10), (10, 18), (18, 8), (8, 9), (9, 14), (14, 12), (12, 17), (17, 15)]}, padri: [70], figli: [23, 61, 23, 31], mosse: [(3, 3, 11, 13, 2)]
bestSolutionIndice: 38
38 -> costo: 78062.1, rotte: {3: [(1, 11), (11, 14), (14, 6), (6, 7), (7, 5), (5, 4), (4, 2), (2, 16)], 2: [(1, 3), (3, 10), (10, 18), (18, 8), (8, 9), (9, 13), (13, 12), (12, 17), (17, 15)]}, padri: [37, 40, 42, 43, 55], figli: [], mosse: [(2, 3, 9, 13, 2), (3, 3, 5, 4, 13), (3, 3, 4, 2, 11), (3, 3, 5, 4, 13), (3, 3, 11, 14, 3)]
trasportoPalletDiGamma: {3: [(11, 20), (14, 3), (6, 15), (7, 16), (5, 14), (4, 13), (2, 11), (16, 5)], 2: [(3, 12), (10, 19), (18, 5), (8, 17), (9, 18), (13, 2), (12, 1), (17, 6), (15, 4)]}
itMosseLS: 182, itMosseTS: 172
time elapsed: 1339.31s.


##########################################################################################
