itNSIMax: 5, itMosseTSMax: 75.
##########################################################################################
s: 1, itNSI: 1.
soluzione iniziale: 0
0 -> 
costo: 156586.6, 
rotte: {3: [(1, 9), (9, 6), (6, 17), (17, 2), (2, 18), (18, 15), (15, 13), (13, 5), (5, 3)], 2: [(1, 12), (12, 4), (4, 8), (8, 14), (14, 16), (16, 10), (10, 11), (11, 7)]}
trasportoPalletDiGamma: {3: [(9, 18), (6, 15), (17, 6), (2, 11), (18, 5), (15, 4), (13, 2), (5, 14), (3, 12)], 2: [(12, 1), (4, 13), (8, 17), (14, 3), (16, 5), (10, 19), (11, 20), (7, 16)]}
bestSolutionIndice: 35
35 -> 
costo: 74725.79999999999, 
rotte: {3: [(1, 2), (2, 3), (3, 5), (5, 6), (6, 9), (9, 18), (18, 17)], 2: [(1, 4), (4, 7), (7, 8), (8, 10), (10, 13), (13, 14), (14, 11), (11, 12), (12, 16), (16, 15)]}
trasportoPalletDiGamma: {3: [(2, 11), (3, 12), (5, 14), (6, 15), (9, 18), (18, 5), (17, 6)], 2: [(4, 13), (7, 16), (8, 17), (10, 19), (13, 2), (14, 3), (11, 20), (12, 1), (16, 5), (15, 4)]}
itMosseLS: 96, itMosseTS: 75
numero di soluzioni totali trovati: 55.
time elapsed: 1872.96s.


##########################################################################################
s: 1, itNSI: 2.
soluzione iniziale: 0
0 -> 
costo: 161013.6, 
rotte: {2: [(1, 10), (10, 3), (3, 16), (16, 7), (7, 17), (17, 4), (4, 8), (8, 15), (15, 6)], 3: [(1, 5), (5, 13), (13, 12), (12, 2), (2, 18), (18, 11), (11, 9), (9, 14), (14, 6)]}
trasportoPalletDiGamma: {2: [(10, 19), (3, 12), (16, 5), (7, 16), (17, 6), (4, 13), (8, 17), (15, 4), (6, 8)], 3: [(5, 14), (13, 2), (12, 1), (2, 11), (18, 5), (11, 20), (9, 18), (14, 3), (6, 7)]}
bestSolutionIndice: 11
11 -> 
costo: 69778.6, 
rotte: {2: [(1, 15), (15, 16), (16, 17), (17, 3), (3, 4), (4, 7), (7, 6), (6, 8)], 3: [(1, 2), (2, 5), (5, 13), (13, 12), (12, 11), (11, 14), (14, 10), (10, 18), (18, 9)]}
trasportoPalletDiGamma: {2: [(15, 4), (16, 5), (17, 6), (3, 12), (4, 13), (7, 16), (6, 15), (8, 17)], 3: [(2, 11), (5, 14), (13, 2), (12, 1), (11, 20), (14, 3), (10, 19), (18, 5), (9, 18)]}
itMosseLS: 87, itMosseTS: 75
numero di soluzioni totali trovati: 38.
time elapsed: 635.95s.


##########################################################################################
s: 1, itNSI: 3.
soluzione iniziale: 0
0 -> 
costo: 126550.59999999999, 
rotte: {3: [(1, 5), (5, 3), (3, 13), (13, 7), (7, 14), (14, 2), (2, 17), (17, 15), (15, 8)], 2: [(1, 10), (10, 4), (4, 18), (18, 16), (16, 11), (11, 12), (12, 9), (9, 6)]}
trasportoPalletDiGamma: {3: [(5, 14), (3, 12), (13, 2), (7, 16), (14, 3), (2, 11), (17, 6), (15, 4), (8, 17)], 2: [(10, 19), (4, 13), (18, 5), (16, 5), (11, 20), (12, 1), (9, 18), (6, 15)]}
bestSolutionIndice: 9
9 -> 
costo: 88171.4, 
rotte: {3: [(1, 3), (3, 4), (4, 7), (7, 5), (5, 8), (8, 14), (14, 13), (13, 2), (2, 17), (17, 15)], 2: [(1, 11), (11, 12), (12, 9), (9, 18), (18, 6), (6, 10), (10, 16)]}
trasportoPalletDiGamma: {3: [(3, 12), (4, 13), (7, 16), (5, 14), (8, 17), (14, 3), (13, 2), (2, 11), (17, 6), (15, 4)], 2: [(11, 20), (12, 1), (9, 18), (18, 5), (6, 15), (10, 19), (16, 5)]}
itMosseLS: 67, itMosseTS: 59
numero di soluzioni totali trovati: 32.
time elapsed: 1091.37s.


##########################################################################################
##########################################################################################
##########################################################################################
##########################################################################################
##########################################################################################
Soluzione migliore in assoluto trovata:

s: 1
itNSI: 2, 
costo: 69778.6, 
rotte: {2: [(1, 15), (15, 16), (16, 17), (17, 3), (3, 4), (4, 7), (7, 6), (6, 8)], 3: [(1, 2), (2, 5), (5, 13), (13, 12), (12, 11), (11, 14), (14, 10), (10, 18), (18, 9)]}
trasportoPalletDiGamma: {2: [(15, 4), (16, 5), (17, 6), (3, 12), (4, 13), (7, 16), (6, 15), (8, 17)], 3: [(2, 11), (5, 14), (13, 2), (12, 1), (11, 20), (14, 3), (10, 19), (18, 5), (9, 18)]}

Total time elapsed: 3600.66s.