itNSIMax: 10, itMosseTSMax: 50.
##########################################################################################
s: 1, itNSI: 1.
soluzione iniziale: 0
0 -> 
costo: 148009.69999999998, 
rotte: {2: [(1, 8), (8, 16), (16, 14), (14, 7), (7, 4), (4, 12), (12, 17), (17, 9), (9, 10)], 3: [(1, 2), (2, 13), (13, 15), (15, 18), (18, 6), (6, 5), (5, 3), (3, 11)]}
trasportoPalletDiGamma: {2: [(8, 17), (16, 5), (14, 3), (7, 16), (4, 13), (12, 1), (17, 6), (9, 18), (10, 19)], 3: [(2, 11), (13, 2), (15, 4), (18, 5), (6, 15), (5, 14), (3, 12), (11, 20)]}
bestSolutionIndice: 13
13 -> 
costo: 84959.7, 
rotte: {2: [(1, 2), (2, 10), (10, 14), (14, 12), (12, 16), (16, 17), (17, 18), (18, 8), (8, 9)], 3: [(1, 6), (6, 7), (7, 5), (5, 4), (4, 3), (3, 13), (13, 11), (11, 15)]}
trasportoPalletDiGamma: {2: [(2, 11), (10, 19), (14, 3), (12, 1), (16, 5), (17, 6), (18, 5), (8, 17), (9, 18)], 3: [(6, 15), (7, 16), (5, 14), (4, 13), (3, 12), (13, 2), (11, 20), (15, 4)]}
itMosseLS: 61, itMosseTS: 50
numero di soluzioni totali trovati: 29.
time elapsed: 396.22s.


##########################################################################################
s: 1, itNSI: 2.
soluzione iniziale: 0
0 -> 
costo: 101467.2, 
rotte: {2: [(1, 8), (8, 2), (2, 14), (14, 3), (3, 7), (7, 12), (12, 18), (18, 11), (11, 6)], 3: [(1, 5), (5, 9), (9, 4), (4, 10), (10, 13), (13, 17), (17, 15), (15, 16)]}
trasportoPalletDiGamma: {2: [(8, 17), (2, 11), (14, 3), (3, 12), (7, 16), (12, 1), (18, 5), (11, 20), (6, 15)], 3: [(5, 14), (9, 18), (4, 13), (10, 19), (13, 2), (17, 6), (15, 4), (16, 5)]}
bestSolutionIndice: 22
22 -> 
costo: 63245.39999999999, 
rotte: {2: [(1, 2), (2, 3), (3, 7), (7, 6), (6, 18), (18, 12), (12, 11), (11, 14)], 3: [(1, 9), (9, 8), (8, 5), (5, 4), (4, 10), (10, 13), (13, 17), (17, 16), (16, 15)]}
trasportoPalletDiGamma: {2: [(2, 11), (3, 12), (7, 16), (6, 15), (18, 5), (12, 1), (11, 20), (14, 3)], 3: [(9, 18), (8, 17), (5, 14), (4, 13), (10, 19), (13, 2), (17, 6), (16, 5), (15, 4)]}
itMosseLS: 56, itMosseTS: 50
numero di soluzioni totali trovati: 47.
time elapsed: 660.16s.


##########################################################################################
s: 1, itNSI: 3.
soluzione iniziale: 0
0 -> 
costo: 133836.4, 
rotte: {2: [(1, 5), (5, 13), (13, 4), (4, 10), (10, 11), (11, 2), (2, 6), (6, 9)], 3: [(1, 3), (3, 8), (8, 15), (15, 16), (16, 7), (7, 18), (18, 14), (14, 17), (17, 12), (12, 9)]}
trasportoPalletDiGamma: {2: [(5, 14), (13, 2), (4, 13), (10, 19), (11, 20), (2, 11), (6, 15), (9, 6)], 3: [(3, 12), (8, 17), (15, 4), (16, 5), (7, 16), (18, 5), (14, 3), (17, 6), (12, 1), (9, 12)]}
bestSolutionIndice: 10
10 -> 
costo: 82386.5, 
rotte: {2: [(1, 11), (11, 13), (13, 10), (10, 2), (2, 5), (5, 6)], 3: [(1, 8), (8, 9), (9, 15), (15, 16), (16, 17), (17, 3), (3, 7), (7, 4), (4, 18), (18, 12), (12, 14)]}
trasportoPalletDiGamma: {2: [(11, 20), (13, 2), (10, 19), (2, 11), (5, 14), (6, 15)], 3: [(8, 17), (9, 18), (15, 4), (16, 5), (17, 6), (3, 12), (7, 16), (4, 13), (18, 5), (12, 1), (14, 3)]}
itMosseLS: 60, itMosseTS: 50
numero di soluzioni totali trovati: 23.
time elapsed: 607.20s.


##########################################################################################
s: 1, itNSI: 4.
soluzione iniziale: 0
0 -> 
costo: 156151.60000000003, 
rotte: {2: [(1, 11), (11, 18), (18, 16), (16, 2), (2, 12), (12, 8), (8, 10), (10, 17), (17, 14)], 3: [(1, 5), (5, 4), (4, 15), (15, 6), (6, 13), (13, 3), (3, 9), (9, 7)]}
trasportoPalletDiGamma: {2: [(11, 20), (18, 5), (16, 5), (2, 11), (12, 1), (8, 17), (10, 19), (17, 6), (14, 3)], 3: [(5, 14), (4, 13), (15, 4), (6, 15), (13, 2), (3, 12), (9, 18), (7, 16)]}
bestSolutionIndice: 16
16 -> 
costo: 75613.8, 
rotte: {2: [(1, 2), (2, 10), (10, 18), (18, 8), (8, 14), (14, 11), (11, 12), (12, 17), (17, 16)], 3: [(1, 3), (3, 4), (4, 5), (5, 7), (7, 6), (6, 9), (9, 13), (13, 15)]}
trasportoPalletDiGamma: {2: [(2, 11), (10, 19), (18, 5), (8, 17), (14, 3), (11, 20), (12, 1), (17, 6), (16, 5)], 3: [(3, 12), (4, 13), (5, 14), (7, 16), (6, 15), (9, 18), (13, 2), (15, 4)]}
itMosseLS: 64, itMosseTS: 50
numero di soluzioni totali trovati: 29.
time elapsed: 750.61s.


##########################################################################################
s: 1, itNSI: 5.
soluzione iniziale: 0
0 -> 
costo: 117170.60000000002, 
rotte: {2: [(1, 13), (13, 10), (10, 2), (2, 14), (14, 8), (8, 7), (7, 5), (5, 18), (18, 6)], 3: [(1, 15), (15, 9), (9, 4), (4, 16), (16, 17), (17, 11), (11, 12), (12, 3), (3, 6)]}
trasportoPalletDiGamma: {2: [(13, 2), (10, 19), (2, 11), (14, 3), (8, 17), (7, 16), (5, 14), (18, 5), (6, 13)], 3: [(15, 4), (9, 18), (4, 13), (16, 5), (17, 6), (11, 20), (12, 1), (3, 12), (6, 2)]}
bestSolutionIndice: 11
11 -> 
costo: 71920.1, 
rotte: {2: [(1, 2), (2, 5), (5, 7), (7, 8), (8, 18), (18, 10), (10, 14)], 3: [(1, 15), (15, 16), (16, 17), (17, 12), (12, 11), (11, 13), (13, 3), (3, 4), (4, 6), (6, 9)]}
trasportoPalletDiGamma: {2: [(2, 11), (5, 14), (7, 16), (8, 17), (18, 5), (10, 19), (14, 3)], 3: [(15, 4), (16, 5), (17, 6), (12, 1), (11, 20), (13, 2), (3, 12), (4, 13), (6, 15), (9, 18)]}
itMosseLS: 60, itMosseTS: 49
numero di soluzioni totali trovati: 29.
time elapsed: 1190.60s.


##########################################################################################
##########################################################################################
##########################################################################################
##########################################################################################
##########################################################################################
##########################################################################################
##########################################################################################
##########################################################################################
Soluzione migliore in assoluto trovata:

s: 1
itNSI: 2, 
costo: 63245.39999999999, 
rotte: {2: [(1, 2), (2, 3), (3, 7), (7, 6), (6, 18), (18, 12), (12, 11), (11, 14)], 3: [(1, 9), (9, 8), (8, 5), (5, 4), (4, 10), (10, 13), (13, 17), (17, 16), (16, 15)]}
trasportoPalletDiGamma: {2: [(2, 11), (3, 12), (7, 16), (6, 15), (18, 5), (12, 1), (11, 20), (14, 3)], 3: [(9, 18), (8, 17), (5, 14), (4, 13), (10, 19), (13, 2), (17, 6), (16, 5), (15, 4)]}

Total time elapsed: 3605.88s.