itNSIMax: 10, itMosseTSMax: 50.
##########################################################################################
s: 1, itNSI: 1.
soluzione iniziale: 0
0 -> 
costo: 179412.39999999997, 
rotte: {3: [(1, 8), (8, 19), (19, 5), (5, 7), (7, 3)], 2: [(1, 13), (13, 9), (9, 17), (17, 15), (15, 2), (2, 11)], 4: [(1, 14), (14, 4), (4, 12), (12, 18), (18, 10), (10, 6), (6, 16), (16, 3), (3, 11)]}
trasportoPalletDiGamma: {3: [(8, 17), (19, 12), (5, 14), (7, 16), (3, 1)], 2: [(13, 2), (9, 18), (17, 6), (15, 4), (2, 11), (11, 19)], 4: [(14, 3), (4, 13), (12, 1), (18, 19), (10, 19), (6, 15), (16, 5), (3, 11), (11, 1)]}
bestSolutionIndice: 16
16 -> 
costo: 75733.7, 
rotte: {3: [(1, 19), (19, 7), (7, 5), (5, 8)], 2: [(1, 2), (2, 9), (9, 13), (13, 12), (12, 11), (11, 14)], 4: [(1, 10), (10, 6), (6, 4), (4, 3), (3, 18), (18, 17), (17, 16), (16, 15)]}
trasportoPalletDiGamma: {3: [(19, 12), (7, 16), (5, 14), (8, 17)], 2: [(2, 11), (9, 18), (13, 2), (12, 1), (11, 20), (14, 3)], 4: [(10, 19), (6, 15), (4, 13), (3, 12), (18, 19), (17, 6), (16, 5), (15, 4)]}
itMosseLS: 68, itMosseTS: 50
numero di soluzioni totali trovati: 32.
time elapsed: 1017.11s.


##########################################################################################
s: 1, itNSI: 2.
soluzione iniziale: 0
0 -> 
costo: 188587.69999999998, 
rotte: {4: [(1, 17), (17, 14), (14, 15), (15, 12), (12, 5), (5, 18), (18, 9), (9, 10), (10, 8)], 2: [(1, 4), (4, 6), (6, 16), (16, 3), (3, 13), (13, 2), (2, 8)], 3: [(1, 11), (11, 7), (7, 19), (19, 10)]}
trasportoPalletDiGamma: {4: [(17, 6), (14, 3), (15, 4), (12, 1), (5, 14), (18, 19), (9, 18), (10, 7), (8, 15)], 2: [(4, 13), (6, 15), (16, 5), (3, 12), (13, 2), (2, 11), (8, 2)], 3: [(11, 20), (7, 16), (19, 12), (10, 12)]}
bestSolutionIndice: 19
19 -> 
costo: 100457.7, 
rotte: {4: [(1, 18), (18, 17), (17, 15), (15, 12), (12, 14), (14, 10), (10, 5), (5, 8), (8, 9)], 2: [(1, 2), (2, 4), (4, 6), (6, 8), (8, 13), (13, 16)], 3: [(1, 19), (19, 7), (7, 3), (3, 11)]}
trasportoPalletDiGamma: {4: [(18, 19), (17, 6), (15, 4), (12, 1), (14, 3), (10, 19), (5, 14), (8, 15), (9, 18)], 2: [(2, 11), (4, 13), (6, 15), (8, 2), (13, 2), (16, 5)], 3: [(19, 12), (7, 16), (3, 12), (11, 20)]}
itMosseLS: 65, itMosseTS: 50
numero di soluzioni totali trovati: 41.
time elapsed: 2039.74s.


##########################################################################################
s: 1, itNSI: 3.
soluzione iniziale: 0
0 -> 
costo: 167333.3, 
rotte: {3: [(1, 16), (16, 14), (14, 7), (7, 19), (19, 13), (13, 2), (2, 3)], 2: [(1, 10), (10, 11), (11, 6), (6, 8)], 4: [(1, 4), (4, 9), (9, 12), (12, 17), (17, 15), (15, 5), (5, 18), (18, 8), (8, 3)]}
trasportoPalletDiGamma: {3: [(16, 5), (14, 3), (7, 16), (19, 12), (13, 2), (2, 11), (3, 11)], 2: [(10, 19), (11, 20), (6, 15), (8, 6)], 4: [(4, 13), (9, 18), (12, 1), (17, 6), (15, 4), (5, 14), (18, 19), (8, 11), (3, 1)]}
bestSolutionIndice: 15
15 -> 
costo: 85037.30000000002, 
rotte: {3: [(1, 19), (19, 7), (7, 3), (3, 2), (2, 13), (13, 12), (12, 14)], 2: [(1, 6), (6, 10), (10, 11)], 4: [(1, 16), (16, 17), (17, 15), (15, 18), (18, 3), (3, 4), (4, 5), (5, 8), (8, 9)]}
trasportoPalletDiGamma: {3: [(19, 12), (7, 16), (3, 11), (2, 11), (13, 2), (12, 1), (14, 3)], 2: [(6, 15), (10, 19), (11, 20)], 4: [(16, 5), (17, 6), (15, 4), (18, 19), (3, 1), (4, 13), (5, 14), (8, 17), (9, 18)]}
itMosseLS: 37, itMosseTS: 25
numero di soluzioni totali trovati: 19.
time elapsed: 544.69s.


##########################################################################################
##########################################################################################
##########################################################################################
##########################################################################################
##########################################################################################
##########################################################################################
##########################################################################################
##########################################################################################
##########################################################################################
##########################################################################################
Soluzione migliore in assoluto trovata:

s: 1
itNSI: 1, 
costo: 75733.7, 
rotte: {3: [(1, 19), (19, 7), (7, 5), (5, 8)], 2: [(1, 2), (2, 9), (9, 13), (13, 12), (12, 11), (11, 14)], 4: [(1, 10), (10, 6), (6, 4), (4, 3), (3, 18), (18, 17), (17, 16), (16, 15)]}
trasportoPalletDiGamma: {3: [(19, 12), (7, 16), (5, 14), (8, 17)], 2: [(2, 11), (9, 18), (13, 2), (12, 1), (11, 20), (14, 3)], 4: [(10, 19), (6, 15), (4, 13), (3, 12), (18, 19), (17, 6), (16, 5), (15, 4)]}

Total time elapsed: 3603.63s.