itNSIMax: 10, itMosseTSMax: 20.
##########################################################################################
s: 1
dictSolutions[1]:
0 -> costo: 155161.09999999998, rotte: {3: [(1, 13), (13, 10), (10, 17), (17, 2), (2, 19), (19, 9)], 4: [(1, 3), (3, 4), (4, 7), (7, 11), (11, 6), (6, 14), (14, 9)], 2: [(1, 18), (18, 12), (12, 5), (5, 8), (8, 15), (15, 16)]}, padri: [-1], figli: [1], mosse: [-1]
1 -> costo: 141744.09999999998, rotte: {3: [(1, 13), (13, 10), (10, 17), (17, 2), (2, 19), (19, 9)], 4: [(1, 3), (3, 4), (4, 7), (7, 6), (6, 11), (11, 14), (14, 9)], 2: [(1, 18), (18, 12), (12, 5), (5, 8), (8, 15), (15, 16)]}, padri: [0], figli: [2], mosse: [(4, 4, 6, 11, 20)]
2 -> costo: 131177.8, rotte: {3: [(1, 13), (13, 10), (10, 17), (17, 2), (2, 19)], 4: [(1, 3), (3, 4), (4, 7), (7, 6), (6, 11), (11, 14), (14, 9)], 2: [(1, 18), (18, 12), (12, 5), (5, 8), (8, 15), (15, 16)]}, padri: [1], figli: [3], mosse: [(4, 3, 1, 9, 10)]
3 -> costo: 117815.99999999999, rotte: {3: [(1, 13), (13, 10), (10, 2), (2, 19), (19, 17)], 4: [(1, 3), (3, 4), (4, 7), (7, 6), (6, 11), (11, 14), (14, 9)], 2: [(1, 18), (18, 12), (12, 5), (5, 8), (8, 15), (15, 16)]}, padri: [2], figli: [4], mosse: [(3, 3, 19, 17, 6)]
4 -> costo: 109543.19999999998, rotte: {3: [(1, 10), (10, 2), (2, 19), (19, 17)], 4: [(1, 3), (3, 4), (4, 7), (7, 6), (6, 13), (13, 11), (11, 14), (14, 9)], 2: [(1, 18), (18, 12), (12, 5), (5, 8), (8, 15), (15, 16)]}, padri: [3], figli: [5, 8, 11, 13, 15], mosse: [(4, 3, 6, 13, 2)]
5 -> costo: 102810.7, rotte: {3: [(1, 10), (10, 2), (2, 19), (19, 17)], 4: [(1, 3), (3, 4), (4, 7), (7, 6), (6, 13), (13, 11), (11, 14), (14, 9)], 2: [(1, 18), (18, 5), (5, 8), (8, 12), (12, 15), (15, 16)]}, padri: [4, 12], figli: [6, 7, 9], mosse: [(2, 2, 8, 12, 1), (2, 2, 5, 8, 17)]
6 -> costo: 99456.8, rotte: {3: [(1, 10), (10, 2), (2, 19), (19, 17)], 4: [(1, 3), (3, 4), (4, 7), (7, 6), (6, 9), (9, 13), (13, 11), (11, 14)], 2: [(1, 18), (18, 5), (5, 8), (8, 12), (12, 15), (15, 16)]}, padri: [5, 7, 8, 10], figli: [], mosse: [(4, 4, 6, 9, 18), (4, 4, 6, 9, 18), (2, 2, 8, 12, 1), (2, 2, 5, 8, 17)]
7 -> costo: 101990.7, rotte: {3: [(1, 10), (10, 2), (2, 19), (19, 17)], 4: [(1, 3), (3, 4), (4, 7), (7, 9), (9, 6), (6, 13), (13, 11), (11, 14)], 2: [(1, 18), (18, 5), (5, 8), (8, 12), (12, 15), (15, 16)]}, padri: [5, 13, 15], figli: [6, 9], mosse: [(4, 4, 7, 9, 18), (2, 2, 5, 8, 17), (2, 2, 8, 12, 1)]
8 -> costo: 106189.29999999999, rotte: {3: [(1, 10), (10, 2), (2, 19), (19, 17)], 4: [(1, 3), (3, 4), (4, 7), (7, 6), (6, 9), (9, 13), (13, 11), (11, 14)], 2: [(1, 18), (18, 12), (12, 5), (5, 8), (8, 15), (15, 16)]}, padri: [4], figli: [6, 9, 12], mosse: [(4, 4, 6, 9, 18)]
9 -> costo: 104119.79999999999, rotte: {3: [(1, 10), (10, 2), (2, 19), (19, 17)], 4: [(1, 3), (3, 4), (4, 7), (7, 6), (6, 9), (9, 13), (13, 11), (11, 14)], 2: [(1, 18), (18, 12), (12, 8), (8, 5), (5, 15), (15, 16)]}, padri: [8, 11, 14], figli: [10], mosse: [(2, 2, 8, 5, 14), (4, 4, 6, 9, 18), (4, 4, 6, 9, 18)]
10 -> costo: 101659.40000000001, rotte: {3: [(1, 10), (10, 2), (2, 19), (19, 17)], 4: [(1, 3), (3, 4), (4, 7), (7, 6), (6, 9), (9, 13), (13, 11), (11, 14)], 2: [(1, 18), (18, 8), (8, 5), (5, 12), (12, 15), (15, 16)]}, padri: [9, 12, 13], figli: [6], mosse: [(2, 2, 5, 12, 1), (4, 4, 6, 9, 18), (4, 4, 6, 9, 18)]
11 -> costo: 107473.69999999998, rotte: {3: [(1, 10), (10, 2), (2, 19), (19, 17)], 4: [(1, 3), (3, 4), (4, 7), (7, 6), (6, 13), (13, 11), (11, 14), (14, 9)], 2: [(1, 18), (18, 12), (12, 8), (8, 5), (5, 15), (15, 16)]}, padri: [4], figli: [9, 12, 14], mosse: [(2, 2, 8, 5, 14)]
12 -> costo: 105013.3, rotte: {3: [(1, 10), (10, 2), (2, 19), (19, 17)], 4: [(1, 3), (3, 4), (4, 7), (7, 6), (6, 13), (13, 11), (11, 14), (14, 9)], 2: [(1, 18), (18, 8), (8, 5), (5, 12), (12, 15), (15, 16)]}, padri: [11], figli: [10, 5, 13], mosse: [(2, 2, 5, 12, 1)]
13 -> costo: 104193.3, rotte: {3: [(1, 10), (10, 2), (2, 19), (19, 17)], 4: [(1, 3), (3, 4), (4, 7), (7, 9), (9, 6), (6, 13), (13, 11), (11, 14)], 2: [(1, 18), (18, 8), (8, 5), (5, 12), (12, 15), (15, 16)]}, padri: [12, 14], figli: [10, 7], mosse: [(4, 4, 7, 9, 18), (2, 2, 5, 12, 1)]
14 -> costo: 106653.69999999998, rotte: {3: [(1, 10), (10, 2), (2, 19), (19, 17)], 4: [(1, 3), (3, 4), (4, 7), (7, 9), (9, 6), (6, 13), (13, 11), (11, 14)], 2: [(1, 18), (18, 12), (12, 8), (8, 5), (5, 15), (15, 16)]}, padri: [11], figli: [9, 13], mosse: [(4, 4, 7, 9, 18)]
15 -> costo: 108723.19999999998, rotte: {3: [(1, 10), (10, 2), (2, 19), (19, 17)], 4: [(1, 3), (3, 4), (4, 7), (7, 9), (9, 6), (6, 13), (13, 11), (11, 14)], 2: [(1, 18), (18, 12), (12, 5), (5, 8), (8, 15), (15, 16)]}, padri: [4], figli: [7], mosse: [(4, 4, 7, 9, 18)]
bestSolutionIndice: 6
6 -> costo: 99456.8, rotte: {3: [(1, 10), (10, 2), (2, 19), (19, 17)], 4: [(1, 3), (3, 4), (4, 7), (7, 6), (6, 9), (9, 13), (13, 11), (11, 14)], 2: [(1, 18), (18, 5), (5, 8), (8, 12), (12, 15), (15, 16)]}, padri: [5, 7, 8, 10], figli: [], mosse: [(4, 4, 6, 9, 18), (4, 4, 6, 9, 18), (2, 2, 8, 12, 1), (2, 2, 5, 8, 17)]
trasportoPalletDiGamma: {3: [(10, 19), (2, 11), (19, 12), (17, 6)], 4: [(3, 12), (4, 13), (7, 16), (6, 15), (9, 18), (13, 2), (11, 20), (14, 3)], 2: [(18, 19), (5, 14), (8, 17), (12, 1), (15, 4), (16, 5)]}
itMosseLS: 26, itMosseTS: 20
time elapsed: 322.42s.


##########################################################################################
s: 1
dictSolutions[1]:
0 -> costo: 171080.90000000002, rotte: {4: [(1, 7), (7, 4), (4, 2), (2, 9), (9, 18), (18, 17), (17, 11)], 2: [(1, 16), (16, 12), (12, 14), (14, 19), (19, 13), (13, 10), (10, 8), (8, 11)], 3: [(1, 3), (3, 6), (6, 5), (5, 15), (15, 8)]}, padri: [-1], figli: [1], mosse: [-1]
1 -> costo: 159605.00000000003, rotte: {4: [(1, 7), (7, 4), (4, 2), (2, 9), (9, 18), (18, 17), (17, 11)], 2: [(1, 16), (16, 12), (12, 14), (14, 19), (19, 13), (13, 10), (10, 8), (8, 11)], 3: [(1, 3), (3, 8), (8, 6), (6, 5), (5, 15)]}, padri: [0], figli: [2], mosse: [(3, 3, 3, 8, 15)]
2 -> costo: 149235.40000000002, rotte: {4: [(1, 7), (7, 4), (4, 2), (2, 9), (9, 18), (18, 17), (17, 11)], 2: [(1, 16), (16, 12), (12, 14), (14, 13), (13, 10), (10, 8), (8, 11), (11, 19)], 3: [(1, 3), (3, 8), (8, 6), (6, 5), (5, 15)]}, padri: [1], figli: [3], mosse: [(2, 2, 11, 19, 12)]
3 -> costo: 141123.2, rotte: {4: [(1, 7), (7, 4), (4, 2), (2, 9), (9, 18), (18, 17), (17, 11)], 2: [(1, 19), (19, 16), (16, 12), (12, 14), (14, 13), (13, 10), (10, 8), (8, 11)], 3: [(1, 3), (3, 8), (8, 6), (6, 5), (5, 15)]}, padri: [2], figli: [4, 11], mosse: [(2, 2, 1, 19, 12)]
4 -> costo: 133859.2, rotte: {4: [(1, 7), (7, 4), (4, 2), (2, 9), (9, 18), (18, 17), (17, 11)], 2: [(1, 19), (19, 16), (16, 12), (12, 11), (11, 14), (14, 13), (13, 10), (10, 8)], 3: [(1, 3), (3, 8), (8, 6), (6, 5), (5, 15)]}, padri: [3], figli: [5, 6, 7, 8, 8, 8, 9, 9, 9, 10], mosse: [(2, 2, 12, 11, 3)]
5 -> costo: 128137.79999999997, rotte: {4: [(1, 7), (7, 4), (4, 2), (2, 9), (9, 11), (11, 18), (18, 17)], 2: [(1, 19), (19, 16), (16, 12), (12, 11), (11, 14), (14, 13), (13, 10), (10, 8)], 3: [(1, 3), (3, 8), (8, 6), (6, 5), (5, 15)]}, padri: [4, 6, 7, 8, 9], figli: [], mosse: [(4, 4, 9, 11, 17), (4, 4, 9, 11, 17), (4, 4, 9, 11, 17), (4, 4, 11, 18, 19), (4, 4, 9, 11, 17)]
6 -> costo: 130092.59999999998, rotte: {4: [(1, 7), (7, 4), (4, 2), (2, 11), (11, 9), (9, 18), (18, 17)], 2: [(1, 19), (19, 16), (16, 12), (12, 11), (11, 14), (14, 13), (13, 10), (10, 8)], 3: [(1, 3), (3, 8), (8, 6), (6, 5), (5, 15)]}, padri: [4, 9], figli: [5], mosse: [(4, 4, 2, 11, 17), (4, 4, 2, 11, 17)]
7 -> costo: 130114.79999999997, rotte: {4: [(1, 11), (11, 7), (7, 4), (4, 2), (2, 9), (9, 18), (18, 17)], 2: [(1, 19), (19, 16), (16, 12), (12, 11), (11, 14), (14, 13), (13, 10), (10, 8)], 3: [(1, 3), (3, 8), (8, 6), (6, 5), (5, 15)]}, padri: [4], figli: [5], mosse: [(4, 4, 1, 11, 17)]
8 -> costo: 130631.99999999997, rotte: {4: [(1, 7), (7, 4), (4, 2), (2, 9), (9, 18), (18, 11), (11, 17)], 2: [(1, 19), (19, 16), (16, 12), (12, 11), (11, 14), (14, 13), (13, 10), (10, 8)], 3: [(1, 3), (3, 8), (8, 6), (6, 5), (5, 15)]}, padri: [4, 4, 4, 9], figli: [5], mosse: [(4, 4, 11, 17, 6), (4, 4, 17, 11), (4, 4, 18, 11, 17), (4, 4, 18, 11, 17)]
9 -> costo: 132564.5, rotte: {4: [(1, 7), (7, 4), (4, 11), (11, 2), (2, 9), (9, 18), (18, 17)], 2: [(1, 19), (19, 16), (16, 12), (12, 11), (11, 14), (14, 13), (13, 10), (10, 8)], 3: [(1, 3), (3, 8), (8, 6), (6, 5), (5, 15)]}, padri: [4], figli: [5, 6, 10, 8], mosse: [(4, 4, 4, 11, 17)]
10 -> costo: 130175.59999999998, rotte: {4: [(1, 7), (7, 4), (4, 11), (11, 9), (9, 2), (2, 18), (18, 17)], 2: [(1, 19), (19, 16), (16, 12), (12, 11), (11, 14), (14, 13), (13, 10), (10, 8)], 3: [(1, 3), (3, 8), (8, 6), (6, 5), (5, 15)]}, padri: [9], figli: [], mosse: [(4, 4, 9, 2, 11)]
11 -> costo: 134000.5, rotte: {4: [(1, 7), (7, 4), (4, 2), (2, 9), (9, 18), (18, 17), (17, 11)], 2: [(1, 19), (19, 16), (16, 12), (12, 14), (14, 11), (11, 13), (13, 10), (10, 8)], 3: [(1, 3), (3, 8), (8, 6), (6, 5), (5, 15)]}, padri: [3], figli: [12, 13, 14, 15], mosse: [(2, 2, 14, 11, 3)]
12 -> costo: 128279.09999999998, rotte: {4: [(1, 7), (7, 4), (4, 2), (2, 9), (9, 11), (11, 18), (18, 17)], 2: [(1, 19), (19, 16), (16, 12), (12, 14), (14, 11), (11, 13), (13, 10), (10, 8)], 3: [(1, 3), (3, 8), (8, 6), (6, 5), (5, 15)]}, padri: [11, 13, 14, 15], figli: [], mosse: [(4, 4, 9, 11, 17), (4, 4, 9, 11, 17), (4, 4, 9, 11, 17), (4, 4, 11, 18, 19)]
13 -> costo: 130233.89999999997, rotte: {4: [(1, 7), (7, 4), (4, 2), (2, 11), (11, 9), (9, 18), (18, 17)], 2: [(1, 19), (19, 16), (16, 12), (12, 14), (14, 11), (11, 13), (13, 10), (10, 8)], 3: [(1, 3), (3, 8), (8, 6), (6, 5), (5, 15)]}, padri: [11], figli: [12], mosse: [(4, 4, 2, 11, 17)]
14 -> costo: 130256.09999999996, rotte: {4: [(1, 11), (11, 7), (7, 4), (4, 2), (2, 9), (9, 18), (18, 17)], 2: [(1, 19), (19, 16), (16, 12), (12, 14), (14, 11), (11, 13), (13, 10), (10, 8)], 3: [(1, 3), (3, 8), (8, 6), (6, 5), (5, 15)]}, padri: [11], figli: [12], mosse: [(4, 4, 1, 11, 17)]
15 -> costo: 130773.29999999996, rotte: {4: [(1, 7), (7, 4), (4, 2), (2, 9), (9, 18), (18, 11), (11, 17)], 2: [(1, 19), (19, 16), (16, 12), (12, 14), (14, 11), (11, 13), (13, 10), (10, 8)], 3: [(1, 3), (3, 8), (8, 6), (6, 5), (5, 15)]}, padri: [11], figli: [12], mosse: [(4, 4, 11, 17, 6)]
bestSolutionIndice: 5
5 -> costo: 128137.79999999997, rotte: {4: [(1, 7), (7, 4), (4, 2), (2, 9), (9, 11), (11, 18), (18, 17)], 2: [(1, 19), (19, 16), (16, 12), (12, 11), (11, 14), (14, 13), (13, 10), (10, 8)], 3: [(1, 3), (3, 8), (8, 6), (6, 5), (5, 15)]}, padri: [4, 6, 7, 8, 9], figli: [], mosse: [(4, 4, 9, 11, 17), (4, 4, 9, 11, 17), (4, 4, 9, 11, 17), (4, 4, 11, 18, 19), (4, 4, 9, 11, 17)]
trasportoPalletDiGamma: {4: [(7, 16), (4, 13), (2, 11), (9, 18), (11, 17), (18, 19), (17, 6)], 2: [(19, 12), (16, 5), (12, 1), (11, 3), (14, 3), (13, 2), (10, 19), (8, 2)], 3: [(3, 12), (8, 15), (6, 15), (5, 14), (15, 4)]}
itMosseLS: 26, itMosseTS: 20
time elapsed: 931.61s.


##########################################################################################
s: 1
dictSolutions[1]:
0 -> costo: 135087.5, rotte: {3: [(1, 5), (5, 8), (8, 17), (17, 16), (16, 15), (15, 14), (14, 3)], 2: [(1, 18), (18, 7), (7, 4), (4, 2), (2, 13)], 4: [(1, 9), (9, 19), (19, 12), (12, 11), (11, 10), (10, 6), (6, 13), (13, 3)]}, padri: [-1], figli: [1], mosse: [-1]
1 -> costo: 121440.0, rotte: {3: [(1, 5), (5, 8), (8, 17), (17, 16), (16, 15), (15, 14), (14, 3)], 2: [(1, 18), (18, 7), (7, 4), (4, 2), (2, 13)], 4: [(1, 19), (19, 12), (12, 11), (11, 10), (10, 6), (6, 9), (9, 13), (13, 3)]}, padri: [0], figli: [2], mosse: [(4, 4, 6, 9, 18)]
2 -> costo: 114781.20000000001, rotte: {3: [(1, 5), (5, 8), (8, 17), (17, 16), (16, 15), (15, 14), (14, 3)], 2: [(1, 18), (18, 7), (7, 4), (4, 2)], 4: [(1, 19), (19, 12), (12, 11), (11, 10), (10, 6), (6, 9), (9, 13), (13, 3)]}, padri: [1], figli: [3], mosse: [(4, 2, 1, 13, 1)]
3 -> costo: 108810.3, rotte: {3: [(1, 5), (5, 8), (8, 17), (17, 16), (16, 15), (15, 14)], 2: [(1, 18), (18, 7), (7, 4), (4, 2)], 4: [(1, 19), (19, 12), (12, 11), (11, 10), (10, 6), (6, 9), (9, 13), (13, 3)]}, padri: [2], figli: [4], mosse: [(4, 3, 1, 3, 11)]
4 -> costo: 99072.70000000001, rotte: {3: [(1, 5), (5, 8), (8, 14), (14, 17), (17, 16), (16, 15)], 2: [(1, 18), (18, 7), (7, 4), (4, 2)], 4: [(1, 19), (19, 12), (12, 11), (11, 10), (10, 6), (6, 9), (9, 13), (13, 3)]}, padri: [3], figli: [5, 9, 13, 17], mosse: [(3, 3, 8, 14, 3)]
5 -> costo: 94366.2, rotte: {3: [(1, 5), (5, 8), (8, 14), (14, 17), (17, 16), (16, 15)], 2: [(1, 18), (18, 7), (7, 4), (4, 2)], 4: [(1, 19), (19, 12), (12, 11), (11, 10), (10, 3), (3, 6), (6, 9), (9, 13)]}, padri: [4, 9, 13], figli: [6, 7, 8], mosse: [(4, 4, 10, 3, 12), (4, 4, 3, 6, 15), (4, 4, 10, 3, 12)]
6 -> costo: 86974.5, rotte: {3: [(1, 5), (5, 8), (8, 14), (14, 17), (17, 16), (16, 15)], 2: [(1, 18), (18, 7), (7, 4), (4, 2)], 4: [(1, 19), (19, 13), (13, 12), (12, 11), (11, 10), (10, 3), (3, 6), (6, 9)]}, padri: [5, 10, 14, 18], figli: [], mosse: [(4, 4, 19, 13, 2), (4, 4, 3, 6, 15), (4, 4, 10, 3, 12), (4, 4, 10, 3, 12)]
7 -> costo: 86981.8, rotte: {3: [(1, 5), (5, 8), (8, 14), (14, 17), (17, 16), (16, 15)], 2: [(1, 18), (18, 7), (7, 4), (4, 2)], 4: [(1, 19), (19, 12), (12, 11), (11, 13), (13, 10), (10, 3), (3, 6), (6, 9)]}, padri: [5, 11, 15], figli: [], mosse: [(4, 4, 11, 13, 2), (4, 4, 3, 6, 15), (4, 4, 10, 3, 12)]
8 -> costo: 87229.59999999999, rotte: {3: [(1, 5), (5, 8), (8, 14), (14, 17), (17, 16), (16, 15)], 2: [(1, 18), (18, 7), (7, 4), (4, 2)], 4: [(1, 19), (19, 12), (12, 13), (13, 11), (11, 10), (10, 3), (3, 6), (6, 9)]}, padri: [5, 12, 16], figli: [], mosse: [(4, 4, 12, 13, 2), (4, 4, 3, 6, 15), (4, 4, 10, 3, 12)]
9 -> costo: 95180.90000000001, rotte: {3: [(1, 5), (5, 8), (8, 14), (14, 17), (17, 16), (16, 15)], 2: [(1, 18), (18, 7), (7, 4), (4, 2)], 4: [(1, 19), (19, 12), (12, 11), (11, 10), (10, 6), (6, 3), (3, 9), (9, 13)]}, padri: [4], figli: [10, 11, 12, 5], mosse: [(4, 4, 6, 3, 12)]
10 -> costo: 87789.20000000001, rotte: {3: [(1, 5), (5, 8), (8, 14), (14, 17), (17, 16), (16, 15)], 2: [(1, 18), (18, 7), (7, 4), (4, 2)], 4: [(1, 19), (19, 13), (13, 12), (12, 11), (11, 10), (10, 6), (6, 3), (3, 9)]}, padri: [9], figli: [6], mosse: [(4, 4, 19, 13, 2)]
11 -> costo: 87796.50000000001, rotte: {3: [(1, 5), (5, 8), (8, 14), (14, 17), (17, 16), (16, 15)], 2: [(1, 18), (18, 7), (7, 4), (4, 2)], 4: [(1, 19), (19, 12), (12, 11), (11, 13), (13, 10), (10, 6), (6, 3), (3, 9)]}, padri: [9], figli: [7], mosse: [(4, 4, 11, 13, 2)]
12 -> costo: 88044.3, rotte: {3: [(1, 5), (5, 8), (8, 14), (14, 17), (17, 16), (16, 15)], 2: [(1, 18), (18, 7), (7, 4), (4, 2)], 4: [(1, 19), (19, 12), (12, 13), (13, 11), (11, 10), (10, 6), (6, 3), (3, 9)]}, padri: [9], figli: [8], mosse: [(4, 4, 12, 13, 2)]
13 -> costo: 95412.1, rotte: {3: [(1, 5), (5, 8), (8, 14), (14, 17), (17, 16), (16, 15)], 2: [(1, 18), (18, 7), (7, 4), (4, 2)], 4: [(1, 19), (19, 12), (12, 11), (11, 3), (3, 10), (10, 6), (6, 9), (9, 13)]}, padri: [4], figli: [14, 15, 16, 5], mosse: [(4, 4, 11, 3, 12)]
14 -> costo: 88020.40000000001, rotte: {3: [(1, 5), (5, 8), (8, 14), (14, 17), (17, 16), (16, 15)], 2: [(1, 18), (18, 7), (7, 4), (4, 2)], 4: [(1, 19), (19, 13), (13, 12), (12, 11), (11, 3), (3, 10), (10, 6), (6, 9)]}, padri: [13], figli: [6], mosse: [(4, 4, 19, 13, 2)]
15 -> costo: 88027.70000000001, rotte: {3: [(1, 5), (5, 8), (8, 14), (14, 17), (17, 16), (16, 15)], 2: [(1, 18), (18, 7), (7, 4), (4, 2)], 4: [(1, 19), (19, 12), (12, 11), (11, 13), (13, 3), (3, 10), (10, 6), (6, 9)]}, padri: [13], figli: [7], mosse: [(4, 4, 11, 13, 2)]
16 -> costo: 88275.5, rotte: {3: [(1, 5), (5, 8), (8, 14), (14, 17), (17, 16), (16, 15)], 2: [(1, 18), (18, 7), (7, 4), (4, 2)], 4: [(1, 19), (19, 12), (12, 13), (13, 11), (11, 3), (3, 10), (10, 6), (6, 9)]}, padri: [13], figli: [8], mosse: [(4, 4, 12, 13, 2)]
17 -> costo: 96299.1, rotte: {3: [(1, 5), (5, 8), (8, 14), (14, 17), (17, 16), (16, 15)], 2: [(1, 18), (18, 7), (7, 4), (4, 2)], 4: [(1, 19), (19, 12), (12, 11), (11, 10), (10, 6), (6, 9), (9, 3), (3, 13)]}, padri: [4], figli: [18], mosse: [(4, 4, 13, 3)]
18 -> costo: 89749.1, rotte: {3: [(1, 5), (5, 8), (8, 14), (14, 17), (17, 16), (16, 15)], 2: [(1, 18), (18, 7), (7, 4), (4, 2)], 4: [(1, 19), (19, 13), (13, 12), (12, 11), (11, 10), (10, 6), (6, 9), (9, 3)]}, padri: [17], figli: [6], mosse: [(4, 4, 19, 13, 2)]
bestSolutionIndice: 6
6 -> costo: 86974.5, rotte: {3: [(1, 5), (5, 8), (8, 14), (14, 17), (17, 16), (16, 15)], 2: [(1, 18), (18, 7), (7, 4), (4, 2)], 4: [(1, 19), (19, 13), (13, 12), (12, 11), (11, 10), (10, 3), (3, 6), (6, 9)]}, padri: [5, 10, 14, 18], figli: [], mosse: [(4, 4, 19, 13, 2), (4, 4, 3, 6, 15), (4, 4, 10, 3, 12), (4, 4, 10, 3, 12)]
trasportoPalletDiGamma: {3: [(5, 14), (8, 17), (14, 3), (17, 6), (16, 5), (15, 4)], 2: [(18, 19), (7, 16), (4, 13), (2, 11)], 4: [(19, 12), (13, 2), (12, 1), (11, 20), (10, 19), (3, 12), (6, 15), (9, 18)]}
itMosseLS: 27, itMosseTS: 20
time elapsed: 718.28s.


##########################################################################################
