itNSIMax: 50, itMosseTSMax: 15.
##########################################################################################
s: 1
dictSolutions[1]:
0 -> costo: 185258.30000000002, rotte: {2: [(1, 15), (15, 11), (11, 6), (6, 17), (17, 2), (2, 10)], 3: [(1, 13), (13, 14), (14, 9), (9, 19), (19, 3), (3, 12), (12, 10)], 4: [(1, 4), (4, 5), (5, 16), (16, 8), (8, 7), (7, 18), (18, 10)]}, padri: [-1], figli: [1], mosse: [-1]
1 -> costo: 169971.2, rotte: {2: [(1, 11), (11, 6), (6, 15), (15, 17), (17, 2), (2, 10)], 3: [(1, 13), (13, 14), (14, 9), (9, 19), (19, 3), (3, 12), (12, 10)], 4: [(1, 4), (4, 5), (5, 16), (16, 8), (8, 7), (7, 18), (18, 10)]}, padri: [0], figli: [2], mosse: [(2, 2, 6, 15, 4)]
2 -> costo: 165069.1, rotte: {2: [(1, 11), (11, 6), (6, 15), (15, 17), (17, 2), (2, 10)], 3: [(1, 13), (13, 14), (14, 9), (9, 19), (19, 3), (3, 12), (12, 10)], 4: [(1, 4), (4, 5), (5, 16), (16, 8), (8, 7), (7, 10), (10, 18)]}, padri: [1], figli: [3], mosse: [(4, 4, 18, 10)]
3 -> costo: 150180.90000000002, rotte: {2: [(1, 11), (11, 6), (6, 15), (15, 17), (17, 2), (2, 10)], 3: [(1, 13), (13, 14), (14, 9), (9, 19), (19, 3), (3, 12), (12, 10)], 4: [(1, 4), (4, 5), (5, 8), (8, 7), (7, 10), (10, 18), (18, 16)]}, padri: [2], figli: [4], mosse: [(4, 4, 18, 16, 5)]
4 -> costo: 145447.8, rotte: {2: [(1, 11), (11, 6), (6, 15), (15, 17), (17, 2), (2, 10)], 3: [(1, 13), (13, 14), (14, 9), (9, 19), (19, 3), (3, 10), (10, 12)], 4: [(1, 4), (4, 5), (5, 8), (8, 7), (7, 10), (10, 18), (18, 16)]}, padri: [3], figli: [5], mosse: [(3, 3, 12, 10)]
5 -> costo: 139136.5, rotte: {2: [(1, 11), (11, 15), (15, 17), (17, 2), (2, 10), (10, 6)], 3: [(1, 13), (13, 14), (14, 9), (9, 19), (19, 3), (3, 10), (10, 12)], 4: [(1, 4), (4, 5), (5, 8), (8, 7), (7, 10), (10, 18), (18, 16)]}, padri: [4], figli: [6], mosse: [(2, 2, 10, 6, 15)]
6 -> costo: 133468.3, rotte: {2: [(1, 11), (11, 15), (15, 17), (17, 2), (2, 10), (10, 6)], 3: [(1, 13), (13, 12), (12, 14), (14, 9), (9, 19), (19, 3), (3, 10)], 4: [(1, 4), (4, 5), (5, 8), (8, 7), (7, 10), (10, 18), (18, 16)]}, padri: [5], figli: [7], mosse: [(3, 3, 13, 12, 1)]
7 -> costo: 127042.79999999999, rotte: {2: [(1, 11), (11, 15), (15, 17), (17, 2), (2, 10), (10, 6)], 3: [(1, 13), (13, 12), (12, 14), (14, 9), (9, 3), (3, 10), (10, 19)], 4: [(1, 4), (4, 5), (5, 8), (8, 7), (7, 10), (10, 18), (18, 16)]}, padri: [6], figli: [8], mosse: [(3, 3, 10, 19, 12)]
8 -> costo: 122149.4, rotte: {2: [(1, 11), (11, 15), (15, 17), (17, 2), (2, 10), (10, 6)], 3: [(1, 19), (19, 13), (13, 12), (12, 14), (14, 9), (9, 3), (3, 10)], 4: [(1, 4), (4, 5), (5, 8), (8, 7), (7, 10), (10, 18), (18, 16)]}, padri: [7], figli: [9], mosse: [(3, 3, 1, 19, 12)]
9 -> costo: 121743.5, rotte: {2: [(1, 11), (11, 15), (15, 17), (17, 2), (2, 10), (10, 6)], 3: [(1, 19), (19, 13), (13, 12), (12, 14), (14, 9), (9, 10), (10, 3)], 4: [(1, 4), (4, 5), (5, 8), (8, 7), (7, 10), (10, 18), (18, 16)]}, padri: [8], figli: [10], mosse: [(3, 3, 3, 10)]
10 -> costo: 118000.2, rotte: {2: [(1, 15), (15, 17), (17, 11), (11, 2), (2, 10), (10, 6)], 3: [(1, 19), (19, 13), (13, 12), (12, 14), (14, 9), (9, 10), (10, 3)], 4: [(1, 4), (4, 5), (5, 8), (8, 7), (7, 10), (10, 18), (18, 16)]}, padri: [9], figli: [11], mosse: [(2, 2, 17, 11, 20)]
11 -> costo: 115559.4, rotte: {2: [(1, 15), (15, 17), (17, 11), (11, 2), (2, 10), (10, 6)], 3: [(1, 19), (19, 13), (13, 12), (12, 14), (14, 9), (9, 10), (10, 3)], 4: [(1, 4), (4, 5), (5, 7), (7, 8), (8, 10), (10, 18), (18, 16)]}, padri: [10], figli: [12], mosse: [(4, 4, 7, 8, 17)]
12 -> costo: 114317.3, rotte: {2: [(1, 15), (15, 17), (17, 11), (11, 2), (2, 10), (10, 6)], 3: [(1, 19), (19, 13), (13, 12), (12, 14), (14, 10), (10, 3), (3, 9)], 4: [(1, 4), (4, 5), (5, 7), (7, 8), (8, 10), (10, 18), (18, 16)]}, padri: [11], figli: [13], mosse: [(3, 3, 3, 9, 18)]
13 -> costo: 113295.59999999999, rotte: {2: [(1, 15), (15, 17), (17, 11), (11, 2), (2, 10), (10, 6)], 3: [(1, 13), (13, 12), (12, 14), (14, 10), (10, 3), (3, 9)], 4: [(1, 4), (4, 5), (5, 7), (7, 8), (8, 10), (10, 18), (18, 19), (19, 16)]}, padri: [12], figli: [14], mosse: [(4, 3, 18, 19, 12)]
14 -> costo: 112213.2, rotte: {2: [(1, 15), (15, 17), (17, 11), (11, 2), (2, 6)], 3: [(1, 13), (13, 12), (12, 14), (14, 10), (10, 3), (3, 9)], 4: [(1, 4), (4, 5), (5, 7), (7, 8), (8, 10), (10, 18), (18, 19), (19, 16)]}, padri: [13], figli: [15], mosse: [(3, 2, 1, 10, 4)]
15 -> costo: 111704.7, rotte: {2: [(1, 15), (15, 17), (17, 11), (11, 2), (2, 6)], 3: [(1, 13), (13, 12), (12, 14), (14, 10), (10, 3), (3, 9)], 4: [(1, 4), (4, 5), (5, 7), (7, 8), (8, 18), (18, 19), (19, 16)]}, padri: [14], figli: [16], mosse: [(3, 4, 1, 10, 3)]
16 -> costo: 111595.69999999998, rotte: {2: [(1, 17), (17, 11), (11, 2), (2, 6)], 3: [(1, 13), (13, 12), (12, 14), (14, 10), (10, 3), (3, 9)], 4: [(1, 4), (4, 5), (5, 7), (7, 8), (8, 18), (18, 19), (19, 16), (16, 15)]}, padri: [15], figli: [17, 25], mosse: [(4, 2, 16, 15, 4)]
17 -> costo: 109216.79999999999, rotte: {2: [(1, 11), (11, 2), (2, 6), (6, 17)], 3: [(1, 13), (13, 12), (12, 14), (14, 10), (10, 3), (3, 9)], 4: [(1, 4), (4, 5), (5, 7), (7, 8), (8, 18), (18, 19), (19, 16), (16, 15)]}, padri: [16], figli: [18, 20, 22, 24], mosse: [(2, 2, 6, 17, 6)]
18 -> costo: 104527.7, rotte: {2: [(1, 2), (2, 6), (6, 11), (11, 17)], 3: [(1, 13), (13, 12), (12, 14), (14, 10), (10, 3), (3, 9)], 4: [(1, 4), (4, 5), (5, 7), (7, 8), (8, 18), (18, 19), (19, 16), (16, 15)]}, padri: [17, 21], figli: [19], mosse: [(2, 2, 6, 11, 20), (2, 2, 2, 6, 15)]
19 -> costo: 104465.7, rotte: {2: [(1, 2), (2, 6), (6, 11), (11, 17)], 3: [(1, 13), (13, 12), (12, 14), (14, 10), (10, 3), (3, 9)], 4: [(1, 4), (4, 7), (7, 5), (5, 8), (8, 18), (18, 19), (19, 16), (16, 15)]}, padri: [18, 22, 24], figli: [], mosse: [(4, 4, 7, 5, 14), (2, 2, 2, 6, 15), (2, 2, 6, 11, 20)]
20 -> costo: 108853.99999999999, rotte: {2: [(1, 11), (11, 6), (6, 2), (2, 17)], 3: [(1, 13), (13, 12), (12, 14), (14, 10), (10, 3), (3, 9)], 4: [(1, 4), (4, 5), (5, 7), (7, 8), (8, 18), (18, 19), (19, 16), (16, 15)]}, padri: [17], figli: [21, 23], mosse: [(2, 2, 6, 2, 11)]
21 -> costo: 105005.40000000001, rotte: {2: [(1, 6), (6, 2), (2, 11), (11, 17)], 3: [(1, 13), (13, 12), (12, 14), (14, 10), (10, 3), (3, 9)], 4: [(1, 4), (4, 5), (5, 7), (7, 8), (8, 18), (18, 19), (19, 16), (16, 15)]}, padri: [20], figli: [18, 22], mosse: [(2, 2, 2, 11, 20)]
22 -> costo: 104943.40000000001, rotte: {2: [(1, 6), (6, 2), (2, 11), (11, 17)], 3: [(1, 13), (13, 12), (12, 14), (14, 10), (10, 3), (3, 9)], 4: [(1, 4), (4, 7), (7, 5), (5, 8), (8, 18), (18, 19), (19, 16), (16, 15)]}, padri: [21, 23], figli: [19], mosse: [(4, 4, 7, 5, 14), (2, 2, 2, 11, 20)]
23 -> costo: 108791.99999999999, rotte: {2: [(1, 11), (11, 6), (6, 2), (2, 17)], 3: [(1, 13), (13, 12), (12, 14), (14, 10), (10, 3), (3, 9)], 4: [(1, 4), (4, 7), (7, 5), (5, 8), (8, 18), (18, 19), (19, 16), (16, 15)]}, padri: [20, 24], figli: [22], mosse: [(4, 4, 7, 5, 14), (2, 2, 6, 2, 11)]
24 -> costo: 109154.79999999999, rotte: {2: [(1, 11), (11, 2), (2, 6), (6, 17)], 3: [(1, 13), (13, 12), (12, 14), (14, 10), (10, 3), (3, 9)], 4: [(1, 4), (4, 7), (7, 5), (5, 8), (8, 18), (18, 19), (19, 16), (16, 15)]}, padri: [17, 25], figli: [19, 23], mosse: [(4, 4, 7, 5, 14), (2, 2, 6, 17, 6)]
25 -> costo: 111533.69999999998, rotte: {2: [(1, 17), (17, 11), (11, 2), (2, 6)], 3: [(1, 13), (13, 12), (12, 14), (14, 10), (10, 3), (3, 9)], 4: [(1, 4), (4, 7), (7, 5), (5, 8), (8, 18), (18, 19), (19, 16), (16, 15)]}, padri: [16], figli: [24], mosse: [(4, 4, 7, 5, 14)]
bestSolutionIndice: 19
19 -> costo: 104465.7, rotte: {2: [(1, 2), (2, 6), (6, 11), (11, 17)], 3: [(1, 13), (13, 12), (12, 14), (14, 10), (10, 3), (3, 9)], 4: [(1, 4), (4, 7), (7, 5), (5, 8), (8, 18), (18, 19), (19, 16), (16, 15)]}, padri: [18, 22, 24], figli: [], mosse: [(4, 4, 7, 5, 14), (2, 2, 2, 6, 15), (2, 2, 6, 11, 20)]
trasportoPalletDiGamma: {2: [(2, 11), (6, 15), (11, 20), (17, 6)], 3: [(13, 2), (12, 1), (14, 3), (10, 19), (3, 12), (9, 18)], 4: [(4, 13), (7, 16), (5, 14), (8, 17), (18, 19), (19, 12), (16, 5), (15, 4)]}
itMosseLS: 31, itMosseTS: 15
time elapsed: 607.25s.


##########################################################################################
s: 1
dictSolutions[1]:
0 -> costo: 183742.10000000003, rotte: {2: [(1, 18), (18, 6), (6, 14), (14, 19), (19, 16), (16, 10)], 3: [(1, 12), (12, 8), (8, 2), (2, 13), (13, 7), (7, 17), (17, 10)], 4: [(1, 3), (3, 15), (15, 11), (11, 4), (4, 9), (9, 5), (5, 10)]}, padri: [-1], figli: [1], mosse: [-1]
1 -> costo: 170064.9, rotte: {2: [(1, 18), (18, 6), (6, 10), (10, 14), (14, 19), (19, 16)], 3: [(1, 12), (12, 8), (8, 2), (2, 13), (13, 7), (7, 17), (17, 10)], 4: [(1, 3), (3, 15), (15, 11), (11, 4), (4, 9), (9, 5), (5, 10)]}, padri: [0], figli: [2], mosse: [(2, 2, 6, 10, 6)]
2 -> costo: 157347.1, rotte: {2: [(1, 18), (18, 6), (6, 10), (10, 14), (14, 19), (19, 16)], 3: [(1, 12), (12, 8), (8, 2), (2, 13), (13, 7), (7, 10), (10, 17)], 4: [(1, 3), (3, 15), (15, 11), (11, 4), (4, 9), (9, 5), (5, 10)]}, padri: [1], figli: [3], mosse: [(3, 3, 17, 10)]
3 -> costo: 149342.9, rotte: {2: [(1, 18), (18, 6), (6, 10), (10, 14), (14, 19), (19, 16)], 3: [(1, 8), (8, 2), (2, 13), (13, 7), (7, 10), (10, 17)], 4: [(1, 3), (3, 15), (15, 12), (12, 11), (11, 4), (4, 9), (9, 5), (5, 10)]}, padri: [2], figli: [4], mosse: [(4, 3, 15, 12, 1)]
4 -> costo: 148914.4, rotte: {2: [(1, 18), (18, 6), (6, 10), (10, 14), (14, 19), (19, 16)], 3: [(1, 8), (8, 2), (2, 13), (13, 7), (7, 10), (10, 17)], 4: [(1, 3), (3, 15), (15, 12), (12, 11), (11, 4), (4, 9), (9, 10), (10, 5)]}, padri: [3], figli: [5], mosse: [(4, 4, 5, 10)]
5 -> costo: 141842.9, rotte: {2: [(1, 18), (18, 6), (6, 10), (10, 14), (14, 19), (19, 16)], 3: [(1, 8), (8, 2), (2, 7), (7, 10), (10, 13), (13, 17)], 4: [(1, 3), (3, 15), (15, 12), (12, 11), (11, 4), (4, 9), (9, 10), (10, 5)]}, padri: [4], figli: [6], mosse: [(3, 3, 10, 13, 2)]
6 -> costo: 135538.2, rotte: {2: [(1, 18), (18, 6), (6, 10), (10, 14), (14, 19), (19, 16)], 3: [(1, 8), (8, 2), (2, 7), (7, 10), (10, 13), (13, 17)], 4: [(1, 15), (15, 12), (12, 11), (11, 3), (3, 4), (4, 9), (9, 10), (10, 5)]}, padri: [5], figli: [7], mosse: [(4, 4, 11, 3, 12)]
7 -> costo: 132981.2, rotte: {2: [(1, 18), (18, 6), (6, 10), (10, 14), (14, 19), (19, 16)], 3: [(1, 2), (2, 7), (7, 8), (8, 10), (10, 13), (13, 17)], 4: [(1, 15), (15, 12), (12, 11), (11, 3), (3, 4), (4, 9), (9, 10), (10, 5)]}, padri: [6], figli: [8], mosse: [(3, 3, 7, 8, 17)]
8 -> costo: 130771.3, rotte: {2: [(1, 18), (18, 6), (6, 10), (10, 14), (14, 19), (19, 16)], 3: [(1, 2), (2, 7), (7, 8), (8, 10), (10, 13), (13, 17)], 4: [(1, 12), (12, 11), (11, 3), (3, 4), (4, 9), (9, 10), (10, 5), (5, 15)]}, padri: [7], figli: [9], mosse: [(4, 4, 5, 15, 4)]
9 -> costo: 130362.4, rotte: {2: [(1, 18), (18, 6), (6, 10), (10, 14), (14, 19), (19, 16)], 3: [(1, 2), (2, 7), (7, 8), (8, 10), (10, 13), (13, 17)], 4: [(1, 12), (12, 11), (11, 3), (3, 4), (4, 10), (10, 9), (9, 5), (5, 15)]}, padri: [8], figli: [10], mosse: [(4, 4, 10, 9, 18)]
10 -> costo: 130151.59999999998, rotte: {2: [(1, 18), (18, 6), (6, 10), (10, 14), (14, 19), (19, 16)], 3: [(1, 2), (2, 7), (7, 8), (8, 10), (10, 13), (13, 12), (12, 17)], 4: [(1, 11), (11, 3), (3, 4), (4, 10), (10, 9), (9, 5), (5, 15)]}, padri: [9], figli: [11], mosse: [(3, 4, 13, 12, 1)]
11 -> costo: 125862.19999999998, rotte: {2: [(1, 18), (18, 6), (6, 10), (10, 14), (14, 19), (19, 16)], 3: [(1, 2), (2, 7), (7, 8), (8, 10), (10, 13), (13, 12), (12, 17)], 4: [(1, 3), (3, 4), (4, 10), (10, 9), (9, 5), (5, 11), (11, 15)]}, padri: [10], figli: [12], mosse: [(4, 4, 5, 11, 20)]
12 -> costo: 124541.39999999998, rotte: {2: [(1, 18), (18, 6), (6, 10), (10, 14), (14, 19), (19, 16)], 3: [(1, 2), (2, 7), (7, 8), (8, 10), (10, 13), (13, 12), (12, 17)], 4: [(1, 3), (3, 4), (4, 10), (10, 5), (5, 9), (9, 11), (11, 15)]}, padri: [11], figli: [13, 16], mosse: [(4, 4, 5, 9, 18)]
13 -> costo: 123653.89999999998, rotte: {2: [(1, 18), (18, 6), (6, 10), (10, 14), (14, 19), (19, 16)], 3: [(1, 2), (2, 7), (7, 8), (8, 10), (10, 13), (13, 12), (12, 17)], 4: [(1, 3), (3, 4), (4, 5), (5, 10), (10, 9), (9, 11), (11, 15)]}, padri: [12], figli: [14], mosse: [(4, 4, 5, 10, 6)]
14 -> costo: 123517.39999999998, rotte: {2: [(1, 18), (18, 6), (6, 10), (10, 14), (14, 19), (19, 16)], 3: [(1, 7), (7, 8), (8, 10), (10, 13), (13, 12), (12, 17)], 4: [(1, 2), (2, 3), (3, 4), (4, 5), (5, 10), (10, 9), (9, 11), (11, 15)]}, padri: [13], figli: [15, 15, 15, 15, 15, 15], mosse: [(4, 3, 1, 2, 11)]
15 -> costo: 123474.59999999999, rotte: {2: [(1, 18), (18, 6), (6, 14), (14, 19), (19, 16)], 3: [(1, 7), (7, 8), (8, 10), (10, 13), (13, 12), (12, 17)], 4: [(1, 2), (2, 3), (3, 4), (4, 5), (5, 10), (10, 9), (9, 11), (11, 15)]}, padri: [14, 14, 14, 14, 14, 14], figli: [], mosse: [(3, 2, 1, 10, 6), (3, 2, 7, 10, 6), (3, 2, 8, 10, 6), (3, 2, 13, 10, 6), (3, 2, 12, 10, 6), (3, 2, 17, 10, 6)]
16 -> costo: 124080.59999999999, rotte: {2: [(1, 18), (18, 6), (6, 10), (10, 14), (14, 19), (19, 16)], 3: [(1, 2), (2, 7), (7, 8), (8, 10), (10, 13), (13, 12), (12, 17)], 4: [(1, 3), (3, 4), (4, 5), (5, 9), (9, 10), (10, 11), (11, 15)]}, padri: [12], figli: [17], mosse: [(4, 4, 9, 10, 6)]
17 -> costo: 123944.09999999999, rotte: {2: [(1, 18), (18, 6), (6, 10), (10, 14), (14, 19), (19, 16)], 3: [(1, 7), (7, 8), (8, 10), (10, 13), (13, 12), (12, 17)], 4: [(1, 2), (2, 3), (3, 4), (4, 5), (5, 9), (9, 10), (10, 11), (11, 15)]}, padri: [16], figli: [18, 18, 18, 18, 18, 18], mosse: [(4, 3, 1, 2, 11)]
18 -> costo: 123901.3, rotte: {2: [(1, 18), (18, 6), (6, 14), (14, 19), (19, 16)], 3: [(1, 7), (7, 8), (8, 10), (10, 13), (13, 12), (12, 17)], 4: [(1, 2), (2, 3), (3, 4), (4, 5), (5, 9), (9, 10), (10, 11), (11, 15)]}, padri: [17, 17, 17, 17, 17, 17], figli: [], mosse: [(3, 2, 1, 10, 6), (3, 2, 7, 10, 6), (3, 2, 8, 10, 6), (3, 2, 13, 10, 6), (3, 2, 12, 10, 6), (3, 2, 17, 10, 6)]
bestSolutionIndice: 15
15 -> costo: 123474.59999999999, rotte: {2: [(1, 18), (18, 6), (6, 14), (14, 19), (19, 16)], 3: [(1, 7), (7, 8), (8, 10), (10, 13), (13, 12), (12, 17)], 4: [(1, 2), (2, 3), (3, 4), (4, 5), (5, 10), (10, 9), (9, 11), (11, 15)]}, padri: [14, 14, 14, 14, 14, 14], figli: [], mosse: [(3, 2, 1, 10, 6), (3, 2, 7, 10, 6), (3, 2, 8, 10, 6), (3, 2, 13, 10, 6), (3, 2, 12, 10, 6), (3, 2, 17, 10, 6)]
trasportoPalletDiGamma: {2: [(18, 19), (6, 15), (14, 3), (19, 12), (16, 5)], 3: [(7, 16), (8, 17), (10, 13), (13, 2), (12, 1), (17, 6)], 4: [(2, 11), (3, 12), (4, 13), (5, 14), (10, 6), (9, 18), (11, 20), (15, 4)]}
itMosseLS: 28, itMosseTS: 15
time elapsed: 1440.89s.


##########################################################################################
s: 1
dictSolutions[1]:
0 -> costo: 170398.7, rotte: {3: [(1, 17), (17, 12), (12, 18), (18, 15), (15, 13), (13, 4), (4, 10)], 4: [(1, 16), (16, 3), (3, 2), (2, 14), (14, 6), (6, 8), (8, 19), (19, 7), (7, 10)], 2: [(1, 5), (5, 11), (11, 9), (9, 7)]}, padri: [-1], figli: [1], mosse: [-1]
1 -> costo: 154714.1, rotte: {3: [(1, 12), (12, 18), (18, 15), (15, 13), (13, 4), (4, 10)], 4: [(1, 17), (17, 16), (16, 3), (3, 2), (2, 14), (14, 6), (6, 8), (8, 19), (19, 7), (7, 10)], 2: [(1, 5), (5, 11), (11, 9), (9, 7)]}, padri: [0], figli: [2], mosse: [(4, 3, 1, 17, 6)]
2 -> costo: 153812.69999999998, rotte: {3: [(1, 12), (12, 18), (18, 15), (15, 13), (13, 10), (10, 4)], 4: [(1, 17), (17, 16), (16, 3), (3, 2), (2, 14), (14, 6), (6, 8), (8, 19), (19, 7), (7, 10)], 2: [(1, 5), (5, 11), (11, 9), (9, 7)]}, padri: [1], figli: [3], mosse: [(3, 3, 4, 10)]
3 -> costo: 134910.5, rotte: {3: [(1, 18), (18, 15), (15, 12), (12, 13), (13, 10), (10, 4)], 4: [(1, 17), (17, 16), (16, 3), (3, 2), (2, 14), (14, 6), (6, 8), (8, 19), (19, 7), (7, 10)], 2: [(1, 5), (5, 11), (11, 9), (9, 7)]}, padri: [2], figli: [4], mosse: [(3, 3, 15, 12, 1)]
4 -> costo: 128789.90000000001, rotte: {3: [(1, 18), (18, 15), (15, 12), (12, 13), (13, 10), (10, 4)], 4: [(1, 17), (17, 16), (16, 3), (3, 2), (2, 6), (6, 8), (8, 19), (19, 7), (7, 10), (10, 14)], 2: [(1, 5), (5, 11), (11, 9), (9, 7)]}, padri: [3], figli: [5], mosse: [(4, 4, 10, 14, 3)]
5 -> costo: 125518.7, rotte: {3: [(1, 18), (18, 15), (15, 12), (12, 13), (13, 10), (10, 4)], 4: [(1, 17), (17, 16), (16, 3), (3, 2), (2, 6), (6, 8), (8, 19), (19, 7), (7, 10), (10, 14)], 2: [(1, 11), (11, 9), (9, 7), (7, 5)]}, padri: [4], figli: [6], mosse: [(2, 2, 7, 5, 14)]
6 -> costo: 123637.8, rotte: {3: [(1, 18), (18, 12), (12, 13), (13, 10), (10, 4), (4, 15)], 4: [(1, 17), (17, 16), (16, 3), (3, 2), (2, 6), (6, 8), (8, 19), (19, 7), (7, 10), (10, 14)], 2: [(1, 11), (11, 9), (9, 7), (7, 5)]}, padri: [5], figli: [7], mosse: [(3, 3, 4, 15, 4)]
7 -> costo: 122156.7, rotte: {3: [(1, 18), (18, 12), (12, 13), (13, 10), (10, 4), (4, 15)], 4: [(1, 17), (17, 16), (16, 2), (2, 6), (6, 8), (8, 19), (19, 7), (7, 3), (3, 10), (10, 14)], 2: [(1, 11), (11, 9), (9, 7), (7, 5)]}, padri: [6], figli: [8], mosse: [(4, 4, 7, 3, 12)]
8 -> costo: 121509.09999999999, rotte: {3: [(1, 18), (18, 12), (12, 13), (13, 10), (10, 4), (4, 15)], 4: [(1, 17), (17, 16), (16, 2), (2, 6), (6, 19), (19, 7), (7, 3), (3, 10), (10, 8), (8, 14)], 2: [(1, 11), (11, 9), (9, 7), (7, 5)]}, padri: [7], figli: [9], mosse: [(4, 4, 10, 8, 17)]
9 -> costo: 120687.40000000001, rotte: {3: [(1, 18), (18, 12), (12, 13), (13, 10), (10, 4), (4, 15)], 4: [(1, 17), (17, 16), (16, 2), (2, 19), (19, 7), (7, 6), (6, 3), (3, 10), (10, 8), (8, 14)], 2: [(1, 11), (11, 9), (9, 7), (7, 5)]}, padri: [8], figli: [10], mosse: [(4, 4, 7, 6, 15)]
10 -> costo: 113116.2, rotte: {3: [(1, 18), (18, 12), (12, 13), (13, 10), (10, 4), (4, 15)], 4: [(1, 17), (17, 16), (16, 19), (19, 7), (7, 6), (6, 3), (3, 2), (2, 10), (10, 8), (8, 14)], 2: [(1, 11), (11, 9), (9, 7), (7, 5)]}, padri: [9], figli: [11], mosse: [(4, 4, 3, 2, 11)]
11 -> costo: 112576.3, rotte: {3: [(1, 18), (18, 12), (12, 13), (13, 10), (10, 4), (4, 15)], 4: [(1, 17), (17, 16), (16, 19), (19, 7), (7, 6), (6, 3), (3, 2), (2, 10), (10, 8), (8, 14)], 2: [(1, 9), (9, 7), (7, 5), (5, 11)]}, padri: [10], figli: [12], mosse: [(2, 2, 5, 11, 20)]
12 -> costo: 111609.59999999999, rotte: {3: [(1, 18), (18, 12), (12, 13), (13, 10), (10, 4), (4, 15)], 4: [(1, 17), (17, 16), (16, 19), (19, 7), (7, 6), (6, 3), (3, 2), (2, 10), (10, 8), (8, 14)], 2: [(1, 7), (7, 5), (5, 9), (9, 11)]}, padri: [11], figli: [13, 16], mosse: [(2, 2, 5, 9, 18)]
13 -> costo: 110324.8, rotte: {3: [(1, 18), (18, 12), (12, 13), (13, 10), (10, 4), (4, 15)], 4: [(1, 17), (17, 16), (16, 19), (19, 7), (7, 6), (6, 3), (3, 2), (2, 10), (10, 8), (8, 14)], 2: [(1, 5), (5, 7), (7, 9), (9, 11)]}, padri: [12], figli: [14, 14, 14, 14, 14, 14, 17, 17, 17, 17, 17, 17], mosse: [(2, 2, 5, 7, 8)]
14 -> costo: 109796.2, rotte: {3: [(1, 18), (18, 12), (12, 13), (13, 10), (10, 4), (4, 15)], 4: [(1, 17), (17, 16), (16, 19), (19, 7), (7, 6), (6, 3), (3, 2), (2, 8), (8, 14)], 2: [(1, 5), (5, 7), (7, 9), (9, 11)]}, padri: [13, 13, 13, 13, 13, 13, 16], figli: [15], mosse: [(3, 4, 1, 10, 4), (3, 4, 18, 10, 4), (3, 4, 12, 10, 4), (3, 4, 13, 10, 4), (3, 4, 4, 10, 4), (3, 4, 15, 10, 4), (2, 2, 5, 7, 8)]
15 -> costo: 109275.8, rotte: {3: [(1, 18), (18, 12), (12, 13), (13, 10), (10, 4), (4, 15)], 4: [(1, 17), (17, 16), (16, 19), (19, 7), (7, 3), (3, 2), (2, 6), (6, 8), (8, 14)], 2: [(1, 5), (5, 7), (7, 9), (9, 11)]}, padri: [14], figli: [], mosse: [(4, 4, 2, 6, 15)]
16 -> costo: 111080.99999999999, rotte: {3: [(1, 18), (18, 12), (12, 13), (13, 10), (10, 4), (4, 15)], 4: [(1, 17), (17, 16), (16, 19), (19, 7), (7, 6), (6, 3), (3, 2), (2, 8), (8, 14)], 2: [(1, 7), (7, 5), (5, 9), (9, 11)]}, padri: [12], figli: [14, 17, 17, 17, 17, 17, 17], mosse: [(3, 4, 1, 10, 4)]
17 -> costo: 110180.2, rotte: {3: [(1, 18), (18, 12), (12, 13), (13, 10), (10, 4), (4, 15)], 4: [(1, 17), (17, 16), (16, 19), (19, 7), (7, 6), (6, 3), (3, 2), (2, 8), (8, 14)], 2: [(1, 5), (5, 9), (9, 11)]}, padri: [16, 16, 16, 16, 16, 16], figli: [18], mosse: [(4, 2, 1, 7, 8), (4, 2, 17, 7, 8), (4, 2, 16, 7, 8), (4, 2, 19, 7, 8), (4, 2, 6, 7, 8), (4, 2, 3, 7, 8)]
18 -> costo: 109659.8, rotte: {3: [(1, 18), (18, 12), (12, 13), (13, 10), (10, 4), (4, 15)], 4: [(1, 17), (17, 16), (16, 19), (19, 7), (7, 3), (3, 2), (2, 6), (6, 8), (8, 14)], 2: [(1, 5), (5, 9), (9, 11)]}, padri: [17], figli: [], mosse: [(4, 4, 2, 6, 15)]
bestSolutionIndice: 15
15 -> costo: 109275.8, rotte: {3: [(1, 18), (18, 12), (12, 13), (13, 10), (10, 4), (4, 15)], 4: [(1, 17), (17, 16), (16, 19), (19, 7), (7, 3), (3, 2), (2, 6), (6, 8), (8, 14)], 2: [(1, 5), (5, 7), (7, 9), (9, 11)]}, padri: [14], figli: [], mosse: [(4, 4, 2, 6, 15)]
trasportoPalletDiGamma: {3: [(18, 19), (12, 1), (13, 2), (10, 19), (4, 13), (15, 4)], 4: [(17, 6), (16, 5), (19, 12), (7, 8), (3, 12), (2, 11), (6, 15), (8, 17), (14, 3)], 2: [(5, 14), (7, 8), (9, 18), (11, 20)]}
itMosseLS: 29, itMosseTS: 15
time elapsed: 584.50s.


##########################################################################################
s: 1
dictSolutions[1]:
0 -> costo: 166183.1, rotte: {4: [(1, 6), (6, 18), (18, 9), (9, 7), (7, 17), (17, 2), (2, 13), (13, 5)], 3: [(1, 4), (4, 8), (8, 11), (11, 5)], 2: [(1, 3), (3, 14), (14, 15), (15, 16), (16, 19), (19, 10), (10, 12)]}, padri: [-1], figli: [1], mosse: [-1]
1 -> costo: 153029.80000000002, rotte: {4: [(1, 18), (18, 9), (9, 7), (7, 6), (6, 17), (17, 2), (2, 13), (13, 5)], 3: [(1, 4), (4, 8), (8, 11), (11, 5)], 2: [(1, 3), (3, 14), (14, 15), (15, 16), (16, 19), (19, 10), (10, 12)]}, padri: [0], figli: [2], mosse: [(4, 4, 7, 6, 15)]
2 -> costo: 148233.3, rotte: {4: [(1, 18), (18, 9), (9, 7), (7, 6), (6, 17), (17, 2), (2, 5), (5, 13)], 3: [(1, 4), (4, 8), (8, 11), (11, 5)], 2: [(1, 3), (3, 14), (14, 15), (15, 16), (16, 19), (19, 10), (10, 12)]}, padri: [1], figli: [3], mosse: [(4, 4, 13, 5)]
3 -> costo: 134297.9, rotte: {4: [(1, 18), (18, 9), (9, 7), (7, 6), (6, 2), (2, 5), (5, 13), (13, 17)], 3: [(1, 4), (4, 8), (8, 11), (11, 5)], 2: [(1, 3), (3, 14), (14, 15), (15, 16), (16, 19), (19, 10), (10, 12)]}, padri: [2], figli: [4], mosse: [(4, 4, 13, 17, 6)]
4 -> costo: 131356.99999999997, rotte: {4: [(1, 18), (18, 9), (9, 7), (7, 6), (6, 2), (2, 5), (5, 13), (13, 17)], 3: [(1, 4), (4, 8), (8, 5), (5, 11)], 2: [(1, 3), (3, 14), (14, 15), (15, 16), (16, 19), (19, 10), (10, 12)]}, padri: [3], figli: [5], mosse: [(3, 3, 11, 5)]
5 -> costo: 125253.1, rotte: {4: [(1, 18), (18, 9), (9, 7), (7, 6), (6, 2), (2, 5), (5, 13), (13, 17)], 3: [(1, 4), (4, 8), (8, 5), (5, 11)], 2: [(1, 3), (3, 14), (14, 12), (12, 15), (15, 16), (16, 19), (19, 10)]}, padri: [4], figli: [6], mosse: [(2, 2, 14, 12, 1)]
6 -> costo: 117579.5, rotte: {4: [(1, 18), (18, 9), (9, 7), (7, 6), (6, 2), (2, 5), (5, 13), (13, 17)], 3: [(1, 4), (4, 8), (8, 5), (5, 11)], 2: [(1, 3), (3, 10), (10, 14), (14, 12), (12, 15), (15, 16), (16, 19)]}, padri: [5], figli: [7], mosse: [(2, 2, 3, 10, 19)]
7 -> costo: 108411.7, rotte: {4: [(1, 18), (18, 9), (9, 7), (7, 6), (6, 2), (2, 5), (5, 13), (13, 17)], 3: [(1, 4), (4, 8), (8, 5), (5, 11)], 2: [(1, 19), (19, 3), (3, 10), (10, 14), (14, 12), (12, 15), (15, 16)]}, padri: [6], figli: [8], mosse: [(2, 2, 1, 19, 12)]
8 -> costo: 108302.7, rotte: {4: [(1, 18), (18, 9), (9, 7), (7, 6), (6, 2), (2, 5), (5, 13), (13, 17)], 3: [(1, 4), (4, 8), (8, 5), (5, 11)], 2: [(1, 19), (19, 3), (3, 10), (10, 14), (14, 12), (12, 16), (16, 15)]}, padri: [7], figli: [9], mosse: [(2, 2, 15, 16)]
9 -> costo: 105684.3, rotte: {4: [(1, 18), (18, 9), (9, 7), (7, 6), (6, 2), (2, 5), (5, 13), (13, 17)], 3: [(1, 4), (4, 5), (5, 8), (8, 11)], 2: [(1, 19), (19, 3), (3, 10), (10, 14), (14, 12), (12, 16), (16, 15)]}, padri: [8], figli: [10], mosse: [(3, 3, 5, 8, 17)]
10 -> costo: 104770.0, rotte: {4: [(1, 18), (18, 7), (7, 6), (6, 2), (2, 5), (5, 9), (9, 13), (13, 17)], 3: [(1, 4), (4, 5), (5, 8), (8, 11)], 2: [(1, 19), (19, 3), (3, 10), (10, 14), (14, 12), (12, 16), (16, 15)]}, padri: [9], figli: [11, 16], mosse: [(4, 4, 5, 9, 18)]
11 -> costo: 103574.2, rotte: {4: [(1, 18), (18, 6), (6, 2), (2, 5), (5, 7), (7, 9), (9, 13), (13, 17)], 3: [(1, 4), (4, 5), (5, 8), (8, 11)], 2: [(1, 19), (19, 3), (3, 10), (10, 14), (14, 12), (12, 16), (16, 15)]}, padri: [10], figli: [12, 13, 14, 15, 21], mosse: [(4, 4, 5, 7, 16)]
12 -> costo: 101620.8, rotte: {4: [(1, 18), (18, 2), (2, 5), (5, 7), (7, 6), (6, 9), (9, 13), (13, 17)], 3: [(1, 4), (4, 5), (5, 8), (8, 11)], 2: [(1, 19), (19, 3), (3, 10), (10, 14), (14, 12), (12, 16), (16, 15)]}, padri: [11, 13, 14, 20], figli: [], mosse: [(4, 4, 7, 6, 15), (4, 4, 7, 6, 15), (4, 4, 7, 6, 15), (4, 4, 2, 5, 4)]
13 -> costo: 102587.5, rotte: {4: [(1, 18), (18, 2), (2, 5), (5, 6), (6, 7), (7, 9), (9, 13), (13, 17)], 3: [(1, 4), (4, 5), (5, 8), (8, 11)], 2: [(1, 19), (19, 3), (3, 10), (10, 14), (14, 12), (12, 16), (16, 15)]}, padri: [11, 14, 14, 19], figli: [12, 21], mosse: [(4, 4, 5, 6, 15), (4, 4, 6, 5), (4, 4, 5, 6, 15), (4, 4, 2, 5, 4)]
14 -> costo: 102974.8, rotte: {4: [(1, 18), (18, 2), (2, 6), (6, 5), (5, 7), (7, 9), (9, 13), (13, 17)], 3: [(1, 4), (4, 5), (5, 8), (8, 11)], 2: [(1, 19), (19, 3), (3, 10), (10, 14), (14, 12), (12, 16), (16, 15)]}, padri: [11, 19], figli: [13, 12, 13, 15, 15, 21], mosse: [(4, 4, 2, 6, 15), (4, 4, 6, 5, 4)]
15 -> costo: 102668.6, rotte: {4: [(1, 18), (18, 2), (2, 6), (6, 7), (7, 5), (5, 9), (9, 13), (13, 17)], 3: [(1, 4), (4, 5), (5, 8), (8, 11)], 2: [(1, 19), (19, 3), (3, 10), (10, 14), (14, 12), (12, 16), (16, 15)]}, padri: [14, 19], figli: [], mosse: [(4, 4, 7, 5, 4), (4, 4, 7, 5, 4)]
16 -> costo: 104516.2, rotte: {4: [(1, 18), (18, 7), (7, 6), (6, 5), (5, 2), (2, 9), (9, 13), (13, 17)], 3: [(1, 4), (4, 5), (5, 8), (8, 11)], 2: [(1, 19), (19, 3), (3, 10), (10, 14), (14, 12), (12, 16), (16, 15)]}, padri: [10], figli: [17, 18], mosse: [(4, 4, 5, 2, 11)]
17 -> costo: 103014.2, rotte: {4: [(1, 18), (18, 6), (6, 7), (7, 5), (5, 2), (2, 9), (9, 13), (13, 17)], 3: [(1, 4), (4, 5), (5, 8), (8, 11)], 2: [(1, 19), (19, 3), (3, 10), (10, 14), (14, 12), (12, 16), (16, 15)]}, padri: [16], figli: [], mosse: [(4, 4, 7, 6)]
18 -> costo: 104216.4, rotte: {4: [(1, 18), (18, 7), (7, 5), (5, 2), (2, 6), (6, 9), (9, 13), (13, 17)], 3: [(1, 4), (4, 5), (5, 8), (8, 11)], 2: [(1, 19), (19, 3), (3, 10), (10, 14), (14, 12), (12, 16), (16, 15)]}, padri: [16], figli: [19, 20], mosse: [(4, 4, 2, 6, 15)]
19 -> costo: 103484.1, rotte: {4: [(1, 18), (18, 5), (5, 2), (2, 6), (6, 7), (7, 9), (9, 13), (13, 17)], 3: [(1, 4), (4, 5), (5, 8), (8, 11)], 2: [(1, 19), (19, 3), (3, 10), (10, 14), (14, 12), (12, 16), (16, 15)]}, padri: [18], figli: [13, 15, 14], mosse: [(4, 4, 6, 7, 16)]
20 -> costo: 103870.5, rotte: {4: [(1, 18), (18, 5), (5, 2), (2, 7), (7, 6), (6, 9), (9, 13), (13, 17)], 3: [(1, 4), (4, 5), (5, 8), (8, 11)], 2: [(1, 19), (19, 3), (3, 10), (10, 14), (14, 12), (12, 16), (16, 15)]}, padri: [18], figli: [12, 21], mosse: [(4, 4, 2, 7, 16)]
21 -> costo: 103264.4, rotte: {4: [(1, 18), (18, 5), (5, 7), (7, 6), (6, 2), (2, 9), (9, 13), (13, 17)], 3: [(1, 4), (4, 5), (5, 8), (8, 11)], 2: [(1, 19), (19, 3), (3, 10), (10, 14), (14, 12), (12, 16), (16, 15)]}, padri: [20], figli: [], mosse: [(4, 4, 6, 2, 11)]
bestSolutionIndice: 12
12 -> costo: 101620.8, rotte: {4: [(1, 18), (18, 2), (2, 5), (5, 7), (7, 6), (6, 9), (9, 13), (13, 17)], 3: [(1, 4), (4, 5), (5, 8), (8, 11)], 2: [(1, 19), (19, 3), (3, 10), (10, 14), (14, 12), (12, 16), (16, 15)]}, padri: [11, 13, 14, 20], figli: [], mosse: [(4, 4, 7, 6, 15), (4, 4, 7, 6, 15), (4, 4, 7, 6, 15), (4, 4, 2, 5, 4)]
trasportoPalletDiGamma: {4: [(18, 19), (2, 11), (5, 4), (7, 16), (6, 15), (9, 18), (13, 2), (17, 6)], 3: [(4, 13), (5, 10), (8, 17), (11, 20)], 2: [(19, 12), (3, 12), (10, 19), (14, 3), (12, 1), (16, 5), (15, 4)]}
itMosseLS: 29, itMosseTS: 15
time elapsed: 696.59s.


##########################################################################################
s: 1
dictSolutions[1]:
0 -> costo: 164243.19999999998, rotte: {3: [(1, 9), (9, 7), (7, 4), (4, 3), (3, 12)], 2: [(1, 8), (8, 17), (17, 15), (15, 14), (14, 16), (16, 10), (10, 19)], 4: [(1, 11), (11, 6), (6, 2), (2, 18), (18, 5), (5, 13), (13, 19)]}, padri: [-1], figli: [1], mosse: [-1]
1 -> costo: 143730.1, rotte: {3: [(1, 9), (9, 7), (7, 4), (4, 3), (3, 12)], 2: [(1, 8), (8, 17), (17, 15), (15, 16), (16, 14), (14, 10), (10, 19)], 4: [(1, 11), (11, 6), (6, 2), (2, 18), (18, 5), (5, 13), (13, 19)]}, padri: [0], figli: [2], mosse: [(2, 2, 16, 14, 3)]
2 -> costo: 133132.2, rotte: {3: [(1, 9), (9, 7), (7, 4), (4, 3), (3, 12)], 2: [(1, 8), (8, 17), (17, 15), (15, 16), (16, 14), (14, 10), (10, 19)], 4: [(1, 11), (11, 6), (6, 2), (2, 5), (5, 13), (13, 18), (18, 19)]}, padri: [1], figli: [3], mosse: [(4, 4, 13, 18, 19)]
3 -> costo: 123847.19999999998, rotte: {3: [(1, 9), (9, 7), (7, 4), (4, 3), (3, 12)], 2: [(1, 8), (8, 17), (17, 15), (15, 16), (16, 14), (14, 10), (10, 19)], 4: [(1, 6), (6, 2), (2, 5), (5, 11), (11, 13), (13, 18), (18, 19)]}, padri: [2], figli: [4], mosse: [(4, 4, 5, 11, 20)]
4 -> costo: 115816.29999999999, rotte: {3: [(1, 9), (9, 7), (7, 4), (4, 3), (3, 12)], 2: [(1, 8), (8, 17), (17, 15), (15, 16), (16, 14), (14, 10)], 4: [(1, 6), (6, 2), (2, 5), (5, 11), (11, 13), (13, 18), (18, 19)]}, padri: [3], figli: [5], mosse: [(4, 2, 1, 19, 6)]
5 -> costo: 106990.79999999999, rotte: {3: [(1, 9), (9, 7), (7, 4), (4, 3), (3, 12)], 2: [(1, 17), (17, 15), (15, 16), (16, 14), (14, 10), (10, 8)], 4: [(1, 6), (6, 2), (2, 5), (5, 11), (11, 13), (13, 18), (18, 19)]}, padri: [4], figli: [6], mosse: [(2, 2, 10, 8, 17)]
6 -> costo: 105802.29999999999, rotte: {3: [(1, 9), (9, 7), (7, 4), (4, 3), (3, 12)], 2: [(1, 17), (17, 15), (15, 16), (16, 14), (14, 10), (10, 8)], 4: [(1, 2), (2, 5), (5, 6), (6, 11), (11, 13), (13, 18), (18, 19)]}, padri: [5], figli: [7, 12], mosse: [(4, 4, 5, 6, 15)]
7 -> costo: 105061.29999999997, rotte: {3: [(1, 9), (9, 7), (7, 4), (4, 3), (3, 12)], 2: [(1, 17), (17, 16), (16, 15), (15, 14), (14, 10), (10, 8)], 4: [(1, 2), (2, 5), (5, 6), (6, 11), (11, 13), (13, 18), (18, 19)]}, padri: [6], figli: [8], mosse: [(2, 2, 16, 15, 4)]
8 -> costo: 104555.89999999998, rotte: {3: [(1, 7), (7, 4), (4, 3), (3, 9), (9, 12)], 2: [(1, 17), (17, 16), (16, 15), (15, 14), (14, 10), (10, 8)], 4: [(1, 2), (2, 5), (5, 6), (6, 11), (11, 13), (13, 18), (18, 19)]}, padri: [7], figli: [9, 10], mosse: [(3, 3, 3, 9, 18)]
9 -> costo: 103234.49999999999, rotte: {3: [(1, 4), (4, 7), (7, 3), (3, 9), (9, 12)], 2: [(1, 17), (17, 16), (16, 15), (15, 14), (14, 10), (10, 8)], 4: [(1, 2), (2, 5), (5, 6), (6, 11), (11, 13), (13, 18), (18, 19)]}, padri: [8], figli: [10], mosse: [(3, 3, 7, 4)]
10 -> costo: 102939.79999999997, rotte: {3: [(1, 4), (4, 3), (3, 7), (7, 9), (9, 12)], 2: [(1, 17), (17, 16), (16, 15), (15, 14), (14, 10), (10, 8)], 4: [(1, 2), (2, 5), (5, 6), (6, 11), (11, 13), (13, 18), (18, 19)]}, padri: [9, 8], figli: [11, 11], mosse: [(3, 3, 3, 7, 16), (3, 3, 3, 7, 16)]
11 -> costo: 102871.89999999998, rotte: {3: [(1, 3), (3, 4), (4, 7), (7, 9), (9, 12)], 2: [(1, 17), (17, 16), (16, 15), (15, 14), (14, 10), (10, 8)], 4: [(1, 2), (2, 5), (5, 6), (6, 11), (11, 13), (13, 18), (18, 19)]}, padri: [10, 10], figli: [], mosse: [(3, 3, 4, 3), (3, 3, 3, 4, 13)]
12 -> costo: 105061.29999999999, rotte: {3: [(1, 9), (9, 7), (7, 4), (4, 3), (3, 12)], 2: [(1, 15), (15, 17), (17, 16), (16, 14), (14, 10), (10, 8)], 4: [(1, 2), (2, 5), (5, 6), (6, 11), (11, 13), (13, 18), (18, 19)]}, padri: [6], figli: [13], mosse: [(2, 2, 15, 17, 6)]
13 -> costo: 104555.9, rotte: {3: [(1, 7), (7, 4), (4, 3), (3, 9), (9, 12)], 2: [(1, 15), (15, 17), (17, 16), (16, 14), (14, 10), (10, 8)], 4: [(1, 2), (2, 5), (5, 6), (6, 11), (11, 13), (13, 18), (18, 19)]}, padri: [12], figli: [14], mosse: [(3, 3, 3, 9, 18)]
14 -> costo: 103234.49999999999, rotte: {3: [(1, 4), (4, 7), (7, 3), (3, 9), (9, 12)], 2: [(1, 15), (15, 17), (17, 16), (16, 14), (14, 10), (10, 8)], 4: [(1, 2), (2, 5), (5, 6), (6, 11), (11, 13), (13, 18), (18, 19)]}, padri: [13], figli: [15], mosse: [(3, 3, 7, 4)]
15 -> costo: 102939.79999999999, rotte: {3: [(1, 4), (4, 3), (3, 7), (7, 9), (9, 12)], 2: [(1, 15), (15, 17), (17, 16), (16, 14), (14, 10), (10, 8)], 4: [(1, 2), (2, 5), (5, 6), (6, 11), (11, 13), (13, 18), (18, 19)]}, padri: [14], figli: [16, 17], mosse: [(3, 3, 3, 7, 16)]
16 -> costo: 102871.89999999998, rotte: {3: [(1, 3), (3, 4), (4, 7), (7, 9), (9, 12)], 2: [(1, 15), (15, 17), (17, 16), (16, 14), (14, 10), (10, 8)], 4: [(1, 2), (2, 5), (5, 6), (6, 11), (11, 13), (13, 18), (18, 19)]}, padri: [15], figli: [], mosse: [(3, 3, 4, 3)]
17 -> costo: 102871.89999999998, rotte: {3: [(1, 3), (3, 4), (4, 7), (7, 9), (9, 12)], 2: [(1, 15), (15, 17), (17, 16), (16, 14), (14, 10), (10, 8)], 4: [(1, 2), (2, 5), (5, 6), (6, 11), (11, 13), (13, 18), (18, 19)]}, padri: [15], figli: [], mosse: [(3, 3, 3, 4, 13)]
bestSolutionIndice: 11
11 -> costo: 102871.89999999998, rotte: {3: [(1, 3), (3, 4), (4, 7), (7, 9), (9, 12)], 2: [(1, 17), (17, 16), (16, 15), (15, 14), (14, 10), (10, 8)], 4: [(1, 2), (2, 5), (5, 6), (6, 11), (11, 13), (13, 18), (18, 19)]}, padri: [10, 10], figli: [], mosse: [(3, 3, 4, 3), (3, 3, 3, 4, 13)]
trasportoPalletDiGamma: {3: [(3, 12), (4, 13), (7, 16), (9, 18), (12, 1)], 2: [(17, 6), (16, 5), (15, 4), (14, 3), (10, 19), (8, 17)], 4: [(2, 11), (5, 14), (6, 15), (11, 20), (13, 2), (18, 19), (19, 12)]}
itMosseLS: 19, itMosseTS: 10
time elapsed: 281.28s.


##########################################################################################
##########################################################################################
##########################################################################################
##########################################################################################
##########################################################################################
##########################################################################################
##########################################################################################
##########################################################################################
##########################################################################################
##########################################################################################
##########################################################################################
##########################################################################################
##########################################################################################
##########################################################################################
##########################################################################################
##########################################################################################
##########################################################################################
##########################################################################################
##########################################################################################
##########################################################################################
##########################################################################################
##########################################################################################
##########################################################################################
##########################################################################################
##########################################################################################
##########################################################################################
##########################################################################################
##########################################################################################
##########################################################################################
##########################################################################################
##########################################################################################
##########################################################################################
##########################################################################################
##########################################################################################
##########################################################################################
##########################################################################################
##########################################################################################
##########################################################################################
##########################################################################################
##########################################################################################
##########################################################################################
##########################################################################################
##########################################################################################
##########################################################################################
##########################################################################################
