itNSIMax: 5, itMosseTSMax: 100.
##########################################################################################
s: 1, itNSI: 1.
soluzione iniziale: 0
0 -> 
costo: 137048.19999999998, 
rotte: {2: [(1, 6), (6, 17), (17, 16), (16, 14), (14, 10), (10, 13), (13, 11)], 3: [(1, 18), (18, 3), (3, 4), (4, 7)], 4: [(1, 12), (12, 19), (19, 8), (8, 2), (2, 9), (9, 5), (5, 11), (11, 15)]}
trasportoPalletDiGamma: {2: [(6, 15), (17, 6), (16, 5), (14, 3), (10, 19), (13, 2), (11, 10)], 3: [(18, 19), (3, 12), (4, 13), (7, 16)], 4: [(12, 1), (19, 12), (8, 17), (2, 11), (9, 18), (5, 14), (11, 10), (15, 4)]}
bestSolutionIndice: 8
8 -> 
costo: 100405.2, 
rotte: {2: [(1, 17), (17, 16), (16, 13), (13, 14), (14, 10), (10, 6)], 3: [(1, 18), (18, 3), (3, 7), (7, 4)], 4: [(1, 19), (19, 8), (8, 9), (9, 5), (5, 2), (2, 11), (11, 12), (12, 15)]}
trasportoPalletDiGamma: {2: [(17, 6), (16, 5), (13, 2), (14, 3), (10, 19), (6, 15)], 3: [(18, 19), (3, 12), (7, 16), (4, 13)], 4: [(19, 12), (8, 17), (9, 18), (5, 14), (2, 11), (11, 20), (12, 1), (15, 4)]}
itMosseLS: 108, itMosseTS: 100
numero di soluzioni totali trovati: 20.
time elapsed: 2246.08s.


##########################################################################################
s: 1, itNSI: 2.
soluzione iniziale: 0
0 -> 
costo: 124952.59999999998, 
rotte: {2: [(1, 12), (12, 16), (16, 15), (15, 17), (17, 4), (4, 11), (11, 13)], 4: [(1, 2), (2, 19), (19, 10), (10, 18), (18, 5), (5, 3), (3, 6)], 3: [(1, 14), (14, 9), (9, 8), (8, 7), (7, 6)]}
trasportoPalletDiGamma: {2: [(12, 1), (16, 5), (15, 4), (17, 6), (4, 13), (11, 20), (13, 2)], 4: [(2, 11), (19, 12), (10, 19), (18, 19), (5, 14), (3, 12), (6, 9)], 3: [(14, 3), (9, 18), (8, 17), (7, 16), (6, 6)]}
bestSolutionIndice: 11
11 -> 
costo: 83359.0, 
rotte: {2: [(1, 16), (16, 17), (17, 15), (15, 12), (12, 11), (11, 14), (14, 13), (13, 4)], 4: [(1, 18), (18, 19), (19, 2), (2, 3), (3, 10), (10, 6), (6, 5)], 3: [(1, 9), (9, 8), (8, 6), (6, 7)]}
trasportoPalletDiGamma: {2: [(16, 5), (17, 6), (15, 4), (12, 1), (11, 20), (14, 3), (13, 2), (4, 13)], 4: [(18, 19), (19, 12), (2, 11), (3, 12), (10, 19), (6, 9), (5, 14)], 3: [(9, 18), (8, 17), (6, 6), (7, 16)]}
itMosseLS: 73, itMosseTS: 63
numero di soluzioni totali trovati: 45.
time elapsed: 1354.01s.


##########################################################################################
##########################################################################################
##########################################################################################
##########################################################################################
##########################################################################################
##########################################################################################
Soluzione migliore in assoluto trovata:

s: 1
itNSI: 2, 
costo: 83359.0, 
rotte: {2: [(1, 16), (16, 17), (17, 15), (15, 12), (12, 11), (11, 14), (14, 13), (13, 4)], 4: [(1, 18), (18, 19), (19, 2), (2, 3), (3, 10), (10, 6), (6, 5)], 3: [(1, 9), (9, 8), (8, 6), (6, 7)]}
trasportoPalletDiGamma: {2: [(16, 5), (17, 6), (15, 4), (12, 1), (11, 20), (14, 3), (13, 2), (4, 13)], 4: [(18, 19), (19, 12), (2, 11), (3, 12), (10, 19), (6, 9), (5, 14)], 3: [(9, 18), (8, 17), (6, 6), (7, 16)]}

Total time elapsed: 3600.97s.