itNSIMax: 5, itMosseTSMax: 75.
##########################################################################################
s: 1, itNSI: 1.
soluzione iniziale: 0
0 -> 
costo: 186284.90000000002, 
rotte: {3: [(1, 17), (17, 10), (10, 18), (18, 7)], 2: [(1, 4), (4, 9), (9, 6), (6, 14), (14, 2)], 4: [(1, 12), (12, 19), (19, 11), (11, 16), (16, 5), (5, 8), (8, 15), (15, 13), (13, 3)]}
trasportoPalletDiGamma: {3: [(17, 6), (10, 19), (18, 19), (7, 16)], 2: [(4, 13), (9, 18), (6, 15), (14, 3), (2, 11)], 4: [(12, 1), (19, 12), (11, 20), (16, 5), (5, 14), (8, 17), (15, 4), (13, 2), (3, 12)]}
bestSolutionIndice: 14
14 -> 
costo: 95279.1, 
rotte: {3: [(1, 18), (18, 10), (10, 7)], 2: [(1, 2), (2, 4), (4, 6), (6, 9), (9, 14)], 4: [(1, 19), (19, 13), (13, 11), (11, 12), (12, 17), (17, 16), (16, 15), (15, 3), (3, 5), (5, 8)]}
trasportoPalletDiGamma: {3: [(18, 19), (10, 19), (7, 16)], 2: [(2, 11), (4, 13), (6, 15), (9, 18), (14, 3)], 4: [(19, 12), (13, 2), (11, 20), (12, 1), (17, 6), (16, 5), (15, 4), (3, 12), (5, 14), (8, 17)]}
itMosseLS: 74, itMosseTS: 64
numero di soluzioni totali trovati: 34.
time elapsed: 3603.10s.


##########################################################################################
##########################################################################################
##########################################################################################
##########################################################################################
##########################################################################################
##########################################################################################
##########################################################################################
Soluzione migliore in assoluto trovata:

s: 1
itNSI: 1, 
costo: 95279.1, 
rotte: {3: [(1, 18), (18, 10), (10, 7)], 2: [(1, 2), (2, 4), (4, 6), (6, 9), (9, 14)], 4: [(1, 19), (19, 13), (13, 11), (11, 12), (12, 17), (17, 16), (16, 15), (15, 3), (3, 5), (5, 8)]}
trasportoPalletDiGamma: {3: [(18, 19), (10, 19), (7, 16)], 2: [(2, 11), (4, 13), (6, 15), (9, 18), (14, 3)], 4: [(19, 12), (13, 2), (11, 20), (12, 1), (17, 6), (16, 5), (15, 4), (3, 12), (5, 14), (8, 17)]}

Total time elapsed: 3604.24s.