itNSIMax: 5, itMosseTSMax: 75.
##########################################################################################
s: 1, itNSI: 1.
soluzione iniziale: 0
0 -> 
costo: 171060.80000000002, 
rotte: {2: [(1, 10), (10, 2), (2, 5), (5, 12), (12, 4), (4, 7)], 3: [(1, 17), (17, 18), (18, 9), (9, 3), (3, 15), (15, 6)], 4: [(1, 11), (11, 14), (14, 8), (8, 19), (19, 16), (16, 13), (13, 7), (7, 6)]}
trasportoPalletDiGamma: {2: [(10, 19), (2, 11), (5, 14), (12, 1), (4, 13), (7, 2)], 3: [(17, 6), (18, 19), (9, 18), (3, 12), (15, 4), (6, 1)], 4: [(11, 20), (14, 3), (8, 17), (19, 12), (16, 5), (13, 2), (7, 14), (6, 14)]}
bestSolutionIndice: 13
13 -> 
costo: 103637.9, 
rotte: {2: [(1, 2), (2, 5), (5, 7), (7, 4), (4, 10), (10, 12)], 3: [(1, 18), (18, 3), (3, 9), (9, 15)], 4: [(1, 14), (14, 11), (11, 13), (13, 17), (17, 16), (16, 19), (19, 7), (7, 6), (6, 8)]}
trasportoPalletDiGamma: {2: [(2, 11), (5, 14), (7, 2), (4, 13), (10, 19), (12, 1)], 3: [(18, 19), (3, 12), (9, 18), (15, 4)], 4: [(14, 3), (11, 20), (13, 2), (17, 6), (16, 5), (19, 12), (7, 14), (6, 15), (8, 17)]}
itMosseLS: 88, itMosseTS: 75
numero di soluzioni totali trovati: 30.
time elapsed: 2565.08s.


##########################################################################################
s: 1, itNSI: 2.
soluzione iniziale: 0
0 -> 
costo: 169168.4, 
rotte: {2: [(1, 12), (12, 17), (17, 14), (14, 13), (13, 6), (6, 11), (11, 5)], 4: [(1, 2), (2, 3), (3, 8), (8, 9), (9, 18), (18, 4)], 3: [(1, 16), (16, 7), (7, 10), (10, 19), (19, 15), (15, 5)]}
trasportoPalletDiGamma: {2: [(12, 1), (17, 6), (14, 3), (13, 2), (6, 15), (11, 20), (5, 10)], 4: [(2, 11), (3, 12), (8, 17), (9, 18), (18, 19), (4, 13)], 3: [(16, 5), (7, 16), (10, 19), (19, 12), (15, 4), (5, 4)]}
bestSolutionIndice: 8
8 -> 
costo: 96328.50000000001, 
rotte: {2: [(1, 13), (13, 12), (12, 11), (11, 14), (14, 6), (6, 5), (5, 17)], 4: [(1, 18), (18, 2), (2, 3), (3, 4), (4, 8), (8, 9)], 3: [(1, 5), (5, 7), (7, 10), (10, 19), (19, 16), (16, 15)]}
trasportoPalletDiGamma: {2: [(13, 2), (12, 1), (11, 20), (14, 3), (6, 15), (5, 10), (17, 6)], 4: [(18, 19), (2, 11), (3, 12), (4, 13), (8, 17), (9, 18)], 3: [(5, 4), (7, 16), (10, 19), (19, 12), (16, 5), (15, 4)]}
itMosseLS: 25, itMosseTS: 16
numero di soluzioni totali trovati: 17.
time elapsed: 1035.22s.


##########################################################################################
##########################################################################################
##########################################################################################
##########################################################################################
##########################################################################################
##########################################################################################
Soluzione migliore in assoluto trovata:

s: 1
itNSI: 2, 
costo: 96328.50000000001, 
rotte: {2: [(1, 13), (13, 12), (12, 11), (11, 14), (14, 6), (6, 5), (5, 17)], 4: [(1, 18), (18, 2), (2, 3), (3, 4), (4, 8), (8, 9)], 3: [(1, 5), (5, 7), (7, 10), (10, 19), (19, 16), (16, 15)]}
trasportoPalletDiGamma: {2: [(13, 2), (12, 1), (11, 20), (14, 3), (6, 15), (5, 10), (17, 6)], 4: [(18, 19), (2, 11), (3, 12), (4, 13), (8, 17), (9, 18)], 3: [(5, 4), (7, 16), (10, 19), (19, 12), (16, 5), (15, 4)]}

Total time elapsed: 3601.46s.