itNSIMax: 10, itMosseTSMax: 20.
##########################################################################################
s: 1, itNSI: 1.
soluzione iniziale: 0
0 -> 
costo: 155161.09999999998, 
rotte: {3: [(1, 13), (13, 10), (10, 17), (17, 2), (2, 19), (19, 9)], 4: [(1, 3), (3, 4), (4, 7), (7, 11), (11, 6), (6, 14), (14, 9)], 2: [(1, 18), (18, 12), (12, 5), (5, 8), (8, 15), (15, 16)]}
trasportoPalletDiGamma: {3: [(13, 2), (10, 19), (17, 6), (2, 11), (19, 12), (9, 10)], 4: [(3, 12), (4, 13), (7, 16), (11, 20), (6, 15), (14, 3), (9, 8)], 2: [(18, 19), (12, 1), (5, 14), (8, 17), (15, 4), (16, 5)]}
bestSolutionIndice: 6
6 -> 
costo: 99456.8, 
rotte: {3: [(1, 10), (10, 2), (2, 19), (19, 17)], 4: [(1, 3), (3, 4), (4, 7), (7, 6), (6, 9), (9, 13), (13, 11), (11, 14)], 2: [(1, 18), (18, 5), (5, 8), (8, 12), (12, 15), (15, 16)]}
trasportoPalletDiGamma: {3: [(10, 19), (2, 11), (19, 12), (17, 6)], 4: [(3, 12), (4, 13), (7, 16), (6, 15), (9, 18), (13, 2), (11, 20), (14, 3)], 2: [(18, 19), (5, 14), (8, 17), (12, 1), (15, 4), (16, 5)]}
itMosseLS: 26, itMosseTS: 20
numero di soluzioni totali trovati: 16.
time elapsed: 322.42s.


##########################################################################################
s: 1, itNSI: 2.
soluzione iniziale: 0
0 -> 
costo: 171080.90000000002, 
rotte: {4: [(1, 7), (7, 4), (4, 2), (2, 9), (9, 18), (18, 17), (17, 11)], 2: [(1, 16), (16, 12), (12, 14), (14, 19), (19, 13), (13, 10), (10, 8), (8, 11)], 3: [(1, 3), (3, 6), (6, 5), (5, 15), (15, 8)]}
trasportoPalletDiGamma: {4: [(7, 16), (4, 13), (2, 11), (9, 18), (18, 19), (17, 6), (11, 17)], 2: [(16, 5), (12, 1), (14, 3), (19, 12), (13, 2), (10, 19), (8, 2), (11, 3)], 3: [(3, 12), (6, 15), (5, 14), (15, 4), (8, 15)]}
bestSolutionIndice: 5
5 -> 
costo: 128137.79999999997, 
rotte: {4: [(1, 7), (7, 4), (4, 2), (2, 9), (9, 11), (11, 18), (18, 17)], 2: [(1, 19), (19, 16), (16, 12), (12, 11), (11, 14), (14, 13), (13, 10), (10, 8)], 3: [(1, 3), (3, 8), (8, 6), (6, 5), (5, 15)]}
trasportoPalletDiGamma: {4: [(7, 16), (4, 13), (2, 11), (9, 18), (11, 17), (18, 19), (17, 6)], 2: [(19, 12), (16, 5), (12, 1), (11, 3), (14, 3), (13, 2), (10, 19), (8, 2)], 3: [(3, 12), (8, 15), (6, 15), (5, 14), (15, 4)]}
itMosseLS: 26, itMosseTS: 20
numero di soluzioni totali trovati: 16.
time elapsed: 931.61s.


##########################################################################################
s: 1, itNSI: 3.
soluzione iniziale: 0
0 -> 
costo: 135087.5, 
rotte: {3: [(1, 5), (5, 8), (8, 17), (17, 16), (16, 15), (15, 14), (14, 3)], 2: [(1, 18), (18, 7), (7, 4), (4, 2), (2, 13)], 4: [(1, 9), (9, 19), (19, 12), (12, 11), (11, 10), (10, 6), (6, 13), (13, 3)]}
trasportoPalletDiGamma: {3: [(5, 14), (8, 17), (17, 6), (16, 5), (15, 4), (14, 3), (3, 11)], 2: [(18, 19), (7, 16), (4, 13), (2, 11), (13, 1)], 4: [(9, 18), (19, 12), (12, 1), (11, 20), (10, 19), (6, 15), (13, 1), (3, 1)]}
bestSolutionIndice: 6
6 -> 
costo: 86974.5, 
rotte: {3: [(1, 5), (5, 8), (8, 14), (14, 17), (17, 16), (16, 15)], 2: [(1, 18), (18, 7), (7, 4), (4, 2)], 4: [(1, 19), (19, 13), (13, 12), (12, 11), (11, 10), (10, 3), (3, 6), (6, 9)]}
trasportoPalletDiGamma: {3: [(5, 14), (8, 17), (14, 3), (17, 6), (16, 5), (15, 4)], 2: [(18, 19), (7, 16), (4, 13), (2, 11)], 4: [(19, 12), (13, 2), (12, 1), (11, 20), (10, 19), (3, 12), (6, 15), (9, 18)]}
itMosseLS: 27, itMosseTS: 20
numero di soluzioni totali trovati: 19.
time elapsed: 718.28s.


##########################################################################################
