itNSIMax: 10, itMosseTSMax: 30.
##########################################################################################
s: 1, itNSI: 1.
soluzione iniziale: 0
0 -> 
costo: 183154.69999999998, 
rotte: {3: [(1, 7), (7, 8), (8, 11), (11, 16), (16, 6)], 4: [(1, 5), (5, 9), (9, 15), (15, 2), (2, 4), (4, 17), (17, 18), (18, 6)], 2: [(1, 19), (19, 14), (14, 3), (3, 12), (12, 10), (10, 13), (13, 6)]}
trasportoPalletDiGamma: {3: [(7, 16), (8, 17), (11, 20), (16, 5), (6, 2)], 4: [(5, 14), (9, 18), (15, 4), (2, 11), (4, 13), (17, 6), (18, 19), (6, 2)], 2: [(19, 12), (14, 3), (3, 12), (12, 1), (10, 19), (13, 2), (6, 11)]}
bestSolutionIndice: 10
10 -> 
costo: 102599.9, 
rotte: {3: [(1, 6), (6, 7), (7, 8), (8, 11), (11, 16)], 4: [(1, 18), (18, 9), (9, 6), (6, 5), (5, 4), (4, 2), (2, 17), (17, 15)], 2: [(1, 19), (19, 14), (14, 12), (12, 13), (13, 10), (10, 3), (3, 6)]}
trasportoPalletDiGamma: {3: [(6, 2), (7, 16), (8, 17), (11, 20), (16, 5)], 4: [(18, 19), (9, 18), (6, 2), (5, 14), (4, 13), (2, 11), (17, 6), (15, 4)], 2: [(19, 12), (14, 3), (12, 1), (13, 2), (10, 19), (3, 12), (6, 11)]}
itMosseLS: 38, itMosseTS: 30
numero di soluzioni totali trovati: 18.
time elapsed: 2053.70s.


##########################################################################################
s: 1, itNSI: 2.
soluzione iniziale: 0
0 -> 
costo: 167058.19999999998, 
rotte: {4: [(1, 14), (14, 17), (17, 12), (12, 13), (13, 10), (10, 2), (2, 7), (7, 18), (18, 4), (4, 3)], 2: [(1, 11), (11, 5), (5, 6), (6, 4)], 3: [(1, 19), (19, 16), (16, 8), (8, 15), (15, 9), (9, 3)]}
trasportoPalletDiGamma: {4: [(14, 3), (17, 6), (12, 1), (13, 2), (10, 19), (2, 11), (7, 16), (18, 19), (4, 2), (3, 8)], 2: [(11, 20), (5, 14), (6, 15), (4, 11)], 3: [(19, 12), (16, 5), (8, 17), (15, 4), (9, 18), (3, 4)]}
bestSolutionIndice: 11
11 -> 
costo: 106640.0, 
rotte: {4: [(1, 14), (14, 12), (12, 13), (13, 10), (10, 4), (4, 7), (7, 3), (3, 2), (2, 18), (18, 17)], 2: [(1, 4), (4, 5), (5, 6), (6, 11)], 3: [(1, 19), (19, 16), (16, 15), (15, 8), (8, 9)]}
trasportoPalletDiGamma: {4: [(14, 3), (12, 1), (13, 2), (10, 19), (4, 2), (7, 16), (3, 12), (2, 11), (18, 19), (17, 6)], 2: [(4, 11), (5, 14), (6, 15), (11, 20)], 3: [(19, 12), (16, 5), (15, 4), (8, 17), (9, 18)]}
itMosseLS: 39, itMosseTS: 30
numero di soluzioni totali trovati: 25.
time elapsed: 1345.34s.


##########################################################################################
s: 1, itNSI: 3.
soluzione iniziale: 0
0 -> 
costo: 146662.4, 
rotte: {2: [(1, 6), (6, 8), (8, 10), (10, 3)], 3: [(1, 17), (17, 16), (16, 7), (7, 15), (15, 14), (14, 4), (4, 12), (12, 3)], 4: [(1, 18), (18, 9), (9, 2), (2, 13), (13, 11), (11, 5), (5, 19)]}
trasportoPalletDiGamma: {2: [(6, 15), (8, 17), (10, 19), (3, 9)], 3: [(17, 6), (16, 5), (7, 16), (15, 4), (14, 3), (4, 13), (12, 1), (3, 3)], 4: [(18, 19), (9, 18), (2, 11), (13, 2), (11, 20), (5, 14), (19, 12)]}
bestSolutionIndice: 10
10 -> 
costo: 90306.79999999999, 
rotte: {2: [(1, 10), (10, 6), (6, 8)], 3: [(1, 17), (17, 16), (16, 15), (15, 12), (12, 14), (14, 3), (3, 7), (7, 4)], 4: [(1, 18), (18, 19), (19, 2), (2, 5), (5, 9), (9, 13), (13, 11)]}
trasportoPalletDiGamma: {2: [(10, 19), (6, 15), (8, 17)], 3: [(17, 6), (16, 5), (15, 4), (12, 1), (14, 3), (3, 12), (7, 16), (4, 13)], 4: [(18, 19), (19, 12), (2, 11), (5, 14), (9, 18), (13, 2), (11, 20)]}
itMosseLS: 14, itMosseTS: 5
numero di soluzioni totali trovati: 13.
time elapsed: 208.07s.


##########################################################################################
##########################################################################################
##########################################################################################
##########################################################################################
##########################################################################################
##########################################################################################
##########################################################################################
##########################################################################################
##########################################################################################
##########################################################################################
Soluzione migliore in assoluto trovata:

s: 1
itNSI: 3, 
costo: 90306.79999999999, 
rotte: {2: [(1, 10), (10, 6), (6, 8)], 3: [(1, 17), (17, 16), (16, 15), (15, 12), (12, 14), (14, 3), (3, 7), (7, 4)], 4: [(1, 18), (18, 19), (19, 2), (2, 5), (5, 9), (9, 13), (13, 11)]}
trasportoPalletDiGamma: {2: [(10, 19), (6, 15), (8, 17)], 3: [(17, 6), (16, 5), (15, 4), (12, 1), (14, 3), (3, 12), (7, 16), (4, 13)], 4: [(18, 19), (19, 12), (2, 11), (5, 14), (9, 18), (13, 2), (11, 20)]}

Total time elapsed: 3609.19s.