itNSIMax: 3, itMosseTSMax: 200.
##########################################################################################
s: 1
dictSolutions[1]:
0 -> costo: 154292.60000000003, rotte: {3: [(1, 19), (19, 7), (7, 5), (5, 17), (17, 2), (2, 6)], 2: [(1, 12), (12, 16), (16, 14), (14, 15), (15, 11), (11, 4), (4, 6)], 4: [(1, 3), (3, 10), (10, 18), (18, 9), (9, 8), (8, 13)]}, padri: [-1], figli: [1], mosse: [-1]
1 -> costo: 129131.69999999998, rotte: {3: [(1, 19), (19, 7), (7, 5), (5, 17), (17, 2), (2, 6)], 2: [(1, 12), (12, 16), (16, 15), (15, 11), (11, 14), (14, 4), (4, 6)], 4: [(1, 3), (3, 10), (10, 18), (18, 9), (9, 8), (8, 13)]}, padri: [0], figli: [2], mosse: [(2, 2, 11, 14, 3)]
2 -> costo: 116436.59999999999, rotte: {3: [(1, 19), (19, 7), (7, 5), (5, 2), (2, 6), (6, 17)], 2: [(1, 12), (12, 16), (16, 15), (15, 11), (11, 14), (14, 4), (4, 6)], 4: [(1, 3), (3, 10), (10, 18), (18, 9), (9, 8), (8, 13)]}, padri: [1], figli: [3], mosse: [(3, 3, 6, 17, 6)]
3 -> costo: 107002.89999999998, rotte: {3: [(1, 19), (19, 7), (7, 5), (5, 2), (2, 6), (6, 17)], 2: [(1, 16), (16, 15), (15, 12), (12, 11), (11, 14), (14, 4), (4, 6)], 4: [(1, 3), (3, 10), (10, 18), (18, 9), (9, 8), (8, 13)]}, padri: [2], figli: [4, 10, 38, 40, 41], mosse: [(2, 2, 15, 12, 1)]
4 -> costo: 104037.09999999998, rotte: {3: [(1, 19), (19, 7), (7, 5), (5, 2), (2, 6), (6, 17)], 2: [(1, 16), (16, 15), (15, 12), (12, 11), (11, 14), (14, 4), (4, 6)], 4: [(1, 3), (3, 10), (10, 9), (9, 8), (8, 13), (13, 18)]}, padri: [3, 10, 40, 40, 40], figli: [5, 8, 11, 12, 39, 43], mosse: [(4, 4, 13, 18, 19), (4, 4, 13, 18, 19), (4, 4, 8, 13, 2), (4, 4, 13, 18, 19), (4, 4, 18, 13)]
5 -> costo: 95351.39999999998, rotte: {3: [(1, 19), (19, 7), (7, 5), (5, 2), (2, 6), (6, 17)], 2: [(1, 16), (16, 15), (15, 12), (12, 11), (11, 14), (14, 4), (4, 6)], 4: [(1, 18), (18, 3), (3, 10), (10, 9), (9, 8), (8, 13)]}, padri: [4, 10, 11, 23, 42], figli: [6, 9, 13, 44], mosse: [(4, 4, 1, 18, 19), (4, 4, 18, 3, 12), (4, 4, 3, 10, 19), (4, 4, 18, 3, 12), (4, 4, 8, 13, 2)]
6 -> costo: 94860.29999999999, rotte: {3: [(1, 19), (19, 7), (7, 5), (5, 6), (6, 2), (2, 17)], 2: [(1, 16), (16, 15), (15, 12), (12, 11), (11, 14), (14, 4), (4, 6)], 4: [(1, 18), (18, 3), (3, 10), (10, 9), (9, 8), (8, 13)]}, padri: [5, 8, 12, 24, 38, 43], figli: [7, 45], mosse: [(3, 3, 6, 2, 11), (4, 4, 1, 18, 19), (4, 4, 3, 10, 19), (4, 4, 18, 3, 12), (4, 4, 18, 3, 12), (4, 4, 8, 13, 2)]
7 -> costo: 94413.09999999999, rotte: {3: [(1, 19), (19, 7), (7, 6), (6, 5), (5, 2), (2, 17)], 2: [(1, 16), (16, 15), (15, 12), (12, 11), (11, 14), (14, 4), (4, 6)], 4: [(1, 18), (18, 3), (3, 10), (10, 9), (9, 8), (8, 13)]}, padri: [6, 9, 13, 25, 39, 44], figli: [], mosse: [(3, 3, 6, 5, 14), (4, 4, 1, 18, 19), (4, 4, 3, 10, 19), (4, 4, 18, 3, 12), (4, 4, 18, 3, 12), (4, 4, 8, 13, 2)]
8 -> costo: 103545.99999999999, rotte: {3: [(1, 19), (19, 7), (7, 5), (5, 6), (6, 2), (2, 17)], 2: [(1, 16), (16, 15), (15, 12), (12, 11), (11, 14), (14, 4), (4, 6)], 4: [(1, 3), (3, 10), (10, 9), (9, 8), (8, 13), (13, 18)]}, padri: [4, 38], figli: [6, 9, 13, 44], mosse: [(3, 3, 6, 2, 11), (4, 4, 13, 18, 19)]
9 -> costo: 103098.79999999999, rotte: {3: [(1, 19), (19, 7), (7, 6), (6, 5), (5, 2), (2, 17)], 2: [(1, 16), (16, 15), (15, 12), (12, 11), (11, 14), (14, 4), (4, 6)], 4: [(1, 3), (3, 10), (10, 9), (9, 8), (8, 13), (13, 18)]}, padri: [8, 39], figli: [7, 45], mosse: [(3, 3, 6, 5, 14), (4, 4, 13, 18, 19)]
10 -> costo: 106136.99999999997, rotte: {3: [(1, 19), (19, 7), (7, 5), (5, 2), (2, 6), (6, 17)], 2: [(1, 16), (16, 15), (15, 12), (12, 11), (11, 14), (14, 4), (4, 6)], 4: [(1, 3), (3, 18), (18, 10), (10, 9), (9, 8), (8, 13)]}, padri: [3], figli: [5, 11, 12, 14, 23, 24, 26, 36, 4, 38, 41, 43], mosse: [(4, 4, 18, 10, 19)]
11 -> costo: 96187.99999999999, rotte: {3: [(1, 19), (19, 7), (7, 5), (5, 2), (2, 6), (6, 17)], 2: [(1, 16), (16, 15), (15, 12), (12, 11), (11, 14), (14, 4), (4, 6)], 4: [(1, 18), (18, 10), (10, 3), (3, 9), (9, 8), (8, 13)]}, padri: [10, 23, 26], figli: [5, 12, 43], mosse: [(4, 4, 10, 3, 12), (4, 4, 10, 3, 12), (4, 4, 3, 9, 18)]
12 -> costo: 95696.9, rotte: {3: [(1, 19), (19, 7), (7, 5), (5, 6), (6, 2), (2, 17)], 2: [(1, 16), (16, 15), (15, 12), (12, 11), (11, 14), (14, 4), (4, 6)], 4: [(1, 18), (18, 10), (10, 3), (3, 9), (9, 8), (8, 13)]}, padri: [11, 24, 36, 38], figli: [6, 13, 44], mosse: [(3, 3, 6, 2, 11), (4, 4, 10, 3, 12), (4, 4, 3, 9, 18), (4, 4, 10, 3, 12)]
13 -> costo: 95249.7, rotte: {3: [(1, 19), (19, 7), (7, 6), (6, 5), (5, 2), (2, 17)], 2: [(1, 16), (16, 15), (15, 12), (12, 11), (11, 14), (14, 4), (4, 6)], 4: [(1, 18), (18, 10), (10, 3), (3, 9), (9, 8), (8, 13)]}, padri: [12, 25, 37, 39], figli: [7, 45], mosse: [(3, 3, 6, 5, 14), (4, 4, 10, 3, 12), (4, 4, 3, 9, 18), (4, 4, 10, 3, 12)]
14 -> costo: 97502.59999999999, rotte: {3: [(1, 19), (19, 7), (7, 5), (5, 2), (2, 6), (6, 17)], 2: [(1, 16), (16, 15), (15, 12), (12, 11), (11, 14), (14, 4), (4, 6)], 4: [(1, 18), (18, 10), (10, 9), (9, 8), (8, 3), (3, 13)]}, padri: [10, 23, 23, 23, 26], figli: [15, 21, 25], mosse: [(4, 4, 8, 3, 12), (4, 4, 13, 3), (4, 4, 8, 3, 12), (4, 4, 3, 13, 2), (4, 4, 8, 3, 12)]
15 -> costo: 97011.5, rotte: {3: [(1, 19), (19, 7), (7, 5), (5, 6), (6, 2), (2, 17)], 2: [(1, 16), (16, 15), (15, 12), (12, 11), (11, 14), (14, 4), (4, 6)], 4: [(1, 18), (18, 10), (10, 9), (9, 8), (8, 3), (3, 13)]}, padri: [14, 24, 24, 24, 36, 38], figli: [16, 19, 22], mosse: [(3, 3, 6, 2, 11), (4, 4, 13, 3), (4, 4, 8, 3, 12), (4, 4, 3, 13, 2), (4, 4, 8, 3, 12), (4, 4, 8, 3, 12)]
16 -> costo: 96564.3, rotte: {3: [(1, 19), (19, 7), (7, 6), (6, 5), (5, 2), (2, 17)], 2: [(1, 16), (16, 15), (15, 12), (12, 11), (11, 14), (14, 4), (4, 6)], 4: [(1, 18), (18, 10), (10, 9), (9, 8), (8, 3), (3, 13)]}, padri: [15, 25, 25, 25, 37, 39], figli: [17, 20], mosse: [(3, 3, 6, 5, 14), (4, 4, 13, 3), (4, 4, 8, 3, 12), (4, 4, 3, 13, 2), (4, 4, 8, 3, 12), (4, 4, 8, 3, 12)]
17 -> costo: 96153.6, rotte: {3: [(1, 19), (19, 7), (7, 6), (6, 5), (5, 2), (2, 17)], 2: [(1, 16), (16, 15), (15, 12), (12, 11), (11, 14), (14, 4), (4, 6)], 4: [(1, 18), (18, 9), (9, 8), (8, 3), (3, 10), (10, 13)]}, padri: [16, 19], figli: [18], mosse: [(4, 4, 3, 10, 19), (3, 3, 6, 5, 14)]
18 -> costo: 96153.59999999999, rotte: {3: [(1, 19), (19, 7), (7, 6), (6, 5), (5, 2), (2, 17)], 2: [(1, 16), (16, 15), (15, 12), (12, 11), (11, 14), (14, 4), (4, 6)], 4: [(1, 18), (18, 8), (8, 9), (9, 3), (3, 10), (10, 13)]}, padri: [17, 20], figli: [], mosse: [(4, 4, 8, 9, 18), (3, 3, 6, 5, 14)]
19 -> costo: 96600.8, rotte: {3: [(1, 19), (19, 7), (7, 5), (5, 6), (6, 2), (2, 17)], 2: [(1, 16), (16, 15), (15, 12), (12, 11), (11, 14), (14, 4), (4, 6)], 4: [(1, 18), (18, 9), (9, 8), (8, 3), (3, 10), (10, 13)]}, padri: [15, 21], figli: [17, 20], mosse: [(4, 4, 3, 10, 19), (3, 3, 6, 2, 11)]
20 -> costo: 96600.79999999999, rotte: {3: [(1, 19), (19, 7), (7, 5), (5, 6), (6, 2), (2, 17)], 2: [(1, 16), (16, 15), (15, 12), (12, 11), (11, 14), (14, 4), (4, 6)], 4: [(1, 18), (18, 8), (8, 9), (9, 3), (3, 10), (10, 13)]}, padri: [19, 22], figli: [18], mosse: [(4, 4, 8, 9, 18), (3, 3, 6, 2, 11)]
21 -> costo: 97091.9, rotte: {3: [(1, 19), (19, 7), (7, 5), (5, 2), (2, 6), (6, 17)], 2: [(1, 16), (16, 15), (15, 12), (12, 11), (11, 14), (14, 4), (4, 6)], 4: [(1, 18), (18, 9), (9, 8), (8, 3), (3, 10), (10, 13)]}, padri: [14], figli: [19, 22], mosse: [(4, 4, 3, 10, 19)]
22 -> costo: 97091.89999999998, rotte: {3: [(1, 19), (19, 7), (7, 5), (5, 2), (2, 6), (6, 17)], 2: [(1, 16), (16, 15), (15, 12), (12, 11), (11, 14), (14, 4), (4, 6)], 4: [(1, 18), (18, 8), (8, 9), (9, 3), (3, 10), (10, 13)]}, padri: [21], figli: [20], mosse: [(4, 4, 8, 9, 18)]
23 -> costo: 100276.19999999998, rotte: {3: [(1, 19), (19, 7), (7, 5), (5, 2), (2, 6), (6, 17)], 2: [(1, 16), (16, 15), (15, 12), (12, 11), (11, 14), (14, 4), (4, 6)], 4: [(1, 18), (18, 10), (10, 9), (9, 8), (8, 13), (13, 3)]}, padri: [10, 26], figli: [5, 11, 14, 14, 14, 24, 24, 24, 37, 43], mosse: [(4, 4, 13, 3, 12), (4, 4, 13, 3, 12)]
24 -> costo: 99785.09999999999, rotte: {3: [(1, 19), (19, 7), (7, 5), (5, 6), (6, 2), (2, 17)], 2: [(1, 16), (16, 15), (15, 12), (12, 11), (11, 14), (14, 4), (4, 6)], 4: [(1, 18), (18, 10), (10, 9), (9, 8), (8, 13), (13, 3)]}, padri: [23, 36, 38], figli: [6, 12, 15, 15, 15, 25, 25, 25, 44], mosse: [(3, 3, 6, 2, 11), (4, 4, 13, 3, 12), (4, 4, 13, 3, 12)]
25 -> costo: 99337.9, rotte: {3: [(1, 19), (19, 7), (7, 6), (6, 5), (5, 2), (2, 17)], 2: [(1, 16), (16, 15), (15, 12), (12, 11), (11, 14), (14, 4), (4, 6)], 4: [(1, 18), (18, 10), (10, 9), (9, 8), (8, 13), (13, 3)]}, padri: [24, 37, 39], figli: [7, 13, 16, 16, 16, 45], mosse: [(3, 3, 6, 5, 14), (4, 4, 13, 3, 12), (4, 4, 13, 3, 12)]
26 -> costo: 101334.09999999996, rotte: {3: [(1, 19), (19, 7), (7, 5), (5, 2), (2, 6), (6, 17)], 2: [(1, 16), (16, 15), (15, 12), (12, 11), (11, 14), (14, 4), (4, 6)], 4: [(1, 18), (18, 10), (10, 9), (9, 3), (3, 8), (8, 13)]}, padri: [10], figli: [27, 11, 14, 23, 36], mosse: [(4, 4, 9, 3, 12)]
27 -> costo: 96187.99999999997, rotte: {3: [(1, 19), (19, 7), (7, 5), (5, 2), (2, 6), (6, 17)], 2: [(1, 16), (16, 15), (15, 12), (12, 11), (11, 14), (14, 4), (4, 6)], 4: [(1, 18), (18, 10), (10, 3), (3, 8), (8, 9), (9, 13)]}, padri: [26], figli: [28, 31], mosse: [(4, 4, 8, 9, 18)]
28 -> costo: 95351.39999999998, rotte: {3: [(1, 19), (19, 7), (7, 5), (5, 2), (2, 6), (6, 17)], 2: [(1, 16), (16, 15), (15, 12), (12, 11), (11, 14), (14, 4), (4, 6)], 4: [(1, 18), (18, 3), (3, 10), (10, 8), (8, 9), (9, 13)]}, padri: [27], figli: [29], mosse: [(4, 4, 3, 10, 19)]
29 -> costo: 94860.29999999999, rotte: {3: [(1, 19), (19, 7), (7, 5), (5, 6), (6, 2), (2, 17)], 2: [(1, 16), (16, 15), (15, 12), (12, 11), (11, 14), (14, 4), (4, 6)], 4: [(1, 18), (18, 3), (3, 10), (10, 8), (8, 9), (9, 13)]}, padri: [28], figli: [30], mosse: [(3, 3, 6, 2, 11)]
30 -> costo: 94413.09999999999, rotte: {3: [(1, 19), (19, 7), (7, 6), (6, 5), (5, 2), (2, 17)], 2: [(1, 16), (16, 15), (15, 12), (12, 11), (11, 14), (14, 4), (4, 6)], 4: [(1, 18), (18, 3), (3, 10), (10, 8), (8, 9), (9, 13)]}, padri: [29], figli: [], mosse: [(3, 3, 6, 5, 14)]
31 -> costo: 95696.89999999998, rotte: {3: [(1, 19), (19, 7), (7, 5), (5, 6), (6, 2), (2, 17)], 2: [(1, 16), (16, 15), (15, 12), (12, 11), (11, 14), (14, 4), (4, 6)], 4: [(1, 18), (18, 10), (10, 3), (3, 8), (8, 9), (9, 13)]}, padri: [27, 36], figli: [32, 34], mosse: [(3, 3, 6, 2, 11), (4, 4, 8, 9, 18)]
32 -> costo: 94860.29999999999, rotte: {3: [(1, 19), (19, 7), (7, 5), (5, 6), (6, 2), (2, 17)], 2: [(1, 16), (16, 15), (15, 12), (12, 11), (11, 14), (14, 4), (4, 6)], 4: [(1, 18), (18, 3), (3, 10), (10, 8), (8, 9), (9, 13)]}, padri: [31], figli: [33], mosse: [(4, 4, 3, 10, 19)]
33 -> costo: 94413.09999999999, rotte: {3: [(1, 19), (19, 7), (7, 6), (6, 5), (5, 2), (2, 17)], 2: [(1, 16), (16, 15), (15, 12), (12, 11), (11, 14), (14, 4), (4, 6)], 4: [(1, 18), (18, 3), (3, 10), (10, 8), (8, 9), (9, 13)]}, padri: [32], figli: [], mosse: [(3, 3, 6, 5, 14)]
34 -> costo: 95249.69999999998, rotte: {3: [(1, 19), (19, 7), (7, 6), (6, 5), (5, 2), (2, 17)], 2: [(1, 16), (16, 15), (15, 12), (12, 11), (11, 14), (14, 4), (4, 6)], 4: [(1, 18), (18, 10), (10, 3), (3, 8), (8, 9), (9, 13)]}, padri: [31, 37], figli: [35], mosse: [(3, 3, 6, 5, 14), (4, 4, 8, 9, 18)]
35 -> costo: 94413.09999999999, rotte: {3: [(1, 19), (19, 7), (7, 6), (6, 5), (5, 2), (2, 17)], 2: [(1, 16), (16, 15), (15, 12), (12, 11), (11, 14), (14, 4), (4, 6)], 4: [(1, 18), (18, 3), (3, 10), (10, 8), (8, 9), (9, 13)]}, padri: [34], figli: [], mosse: [(4, 4, 3, 10, 19)]
36 -> costo: 100842.99999999997, rotte: {3: [(1, 19), (19, 7), (7, 5), (5, 6), (6, 2), (2, 17)], 2: [(1, 16), (16, 15), (15, 12), (12, 11), (11, 14), (14, 4), (4, 6)], 4: [(1, 18), (18, 10), (10, 9), (9, 3), (3, 8), (8, 13)]}, padri: [26, 38], figli: [31, 12, 15, 24, 37], mosse: [(3, 3, 6, 2, 11), (4, 4, 9, 3, 12)]
37 -> costo: 100395.79999999997, rotte: {3: [(1, 19), (19, 7), (7, 6), (6, 5), (5, 2), (2, 17)], 2: [(1, 16), (16, 15), (15, 12), (12, 11), (11, 14), (14, 4), (4, 6)], 4: [(1, 18), (18, 10), (10, 9), (9, 3), (3, 8), (8, 13)]}, padri: [36, 39], figli: [34, 13, 16, 25], mosse: [(3, 3, 6, 5, 14), (4, 4, 9, 3, 12)]
38 -> costo: 105645.89999999998, rotte: {3: [(1, 19), (19, 7), (7, 5), (5, 6), (6, 2), (2, 17)], 2: [(1, 16), (16, 15), (15, 12), (12, 11), (11, 14), (14, 4), (4, 6)], 4: [(1, 3), (3, 18), (18, 10), (10, 9), (9, 8), (8, 13)]}, padri: [10], figli: [6, 12, 15, 24, 36, 8, 39, 44], mosse: [(3, 3, 6, 2, 11)]
39 -> costo: 105198.69999999998, rotte: {3: [(1, 19), (19, 7), (7, 6), (6, 5), (5, 2), (2, 17)], 2: [(1, 16), (16, 15), (15, 12), (12, 11), (11, 14), (14, 4), (4, 6)], 4: [(1, 3), (3, 18), (18, 10), (10, 9), (9, 8), (8, 13)]}, padri: [38], figli: [7, 13, 16, 25, 37, 9, 45], mosse: [(3, 3, 6, 5, 14)]
40 -> costo: 106389.19999999998, rotte: {3: [(1, 19), (19, 7), (7, 5), (5, 2), (2, 6), (6, 17)], 2: [(1, 16), (16, 15), (15, 12), (12, 11), (11, 14), (14, 4), (4, 6)], 4: [(1, 3), (3, 10), (10, 9), (9, 8), (8, 18), (18, 13)]}, padri: [3], figli: [4, 4, 4, 41, 41, 41], mosse: [(4, 4, 8, 18, 19)]
41 -> costo: 105560.29999999999, rotte: {3: [(1, 19), (19, 7), (7, 5), (5, 2), (2, 6), (6, 17)], 2: [(1, 16), (16, 15), (15, 12), (12, 11), (11, 14), (14, 4), (4, 6)], 4: [(1, 3), (3, 10), (10, 13), (13, 9), (9, 8), (8, 18)]}, padri: [40], figli: [42], mosse: [(4, 4, 10, 13, 2)]
42 -> costo: 97192.9, rotte: {3: [(1, 19), (19, 7), (7, 5), (5, 2), (2, 6), (6, 17)], 2: [(1, 16), (16, 15), (15, 12), (12, 11), (11, 14), (14, 4), (4, 6)], 4: [(1, 18), (18, 3), (3, 10), (10, 13), (13, 9), (9, 8)]}, padri: [41], figli: [5, 43], mosse: [(4, 4, 1, 18, 19)]
43 -> costo: 96701.8, rotte: {3: [(1, 19), (19, 7), (7, 5), (5, 6), (6, 2), (2, 17)], 2: [(1, 16), (16, 15), (15, 12), (12, 11), (11, 14), (14, 4), (4, 6)], 4: [(1, 18), (18, 3), (3, 10), (10, 13), (13, 9), (9, 8)]}, padri: [42], figli: [6, 44], mosse: [(3, 3, 6, 2, 11)]
44 -> costo: 96254.6, rotte: {3: [(1, 19), (19, 7), (7, 6), (6, 5), (5, 2), (2, 17)], 2: [(1, 16), (16, 15), (15, 12), (12, 11), (11, 14), (14, 4), (4, 6)], 4: [(1, 18), (18, 3), (3, 10), (10, 13), (13, 9), (9, 8)]}, padri: [43], figli: [7, 45, 45], mosse: [(3, 3, 6, 5, 14)]
45 -> costo: 95916.0, rotte: {3: [(1, 19), (19, 7), (7, 6), (6, 5), (5, 2), (2, 17)], 2: [(1, 16), (16, 15), (15, 12), (12, 11), (11, 14), (14, 4), (4, 6)], 4: [(1, 18), (18, 3), (3, 10), (10, 13), (13, 8), (8, 9)]}, padri: [44, 44], figli: [46], mosse: [(4, 4, 13, 8, 17), (4, 4, 8, 9, 18)]
46 -> costo: 94413.09999999999, rotte: {3: [(1, 19), (19, 7), (7, 6), (6, 5), (5, 2), (2, 17)], 2: [(1, 16), (16, 15), (15, 12), (12, 11), (11, 14), (14, 4), (4, 6)], 4: [(1, 18), (18, 3), (3, 10), (10, 8), (8, 9), (9, 13)]}, padri: [45], figli: [], mosse: [(4, 4, 9, 13, 2)]
bestSolutionIndice: 7
7 -> costo: 94413.09999999999, rotte: {3: [(1, 19), (19, 7), (7, 6), (6, 5), (5, 2), (2, 17)], 2: [(1, 16), (16, 15), (15, 12), (12, 11), (11, 14), (14, 4), (4, 6)], 4: [(1, 18), (18, 3), (3, 10), (10, 9), (9, 8), (8, 13)]}, padri: [6, 9, 13, 25, 39, 44], figli: [], mosse: [(3, 3, 6, 5, 14), (4, 4, 1, 18, 19), (4, 4, 3, 10, 19), (4, 4, 18, 3, 12), (4, 4, 18, 3, 12), (4, 4, 8, 13, 2)]
trasportoPalletDiGamma: {3: [(19, 12), (7, 16), (6, 1), (5, 14), (2, 11), (17, 6)], 2: [(16, 5), (15, 4), (12, 1), (11, 20), (14, 3), (4, 13), (6, 14)], 4: [(18, 19), (3, 12), (10, 19), (9, 18), (8, 17), (13, 2)]}
itMosseLS: 102, itMosseTS: 93
time elapsed: 3601.53s.


##########################################################################################
##########################################################################################
