itNSIMax: 10, itMosseTSMax: 30.
##########################################################################################
s: 1, itNSI: 1.
soluzione iniziale: 0
0 -> 
costo: 175707.50000000003, 
rotte: {4: [(1, 3), (3, 6), (6, 14), (14, 13), (13, 4), (4, 10), (10, 12), (12, 18), (18, 5), (5, 15)], 3: [(1, 17), (17, 7), (7, 11), (11, 16), (16, 5)], 2: [(1, 8), (8, 9), (9, 2), (2, 19), (19, 15)]}
trasportoPalletDiGamma: {4: [(3, 12), (6, 15), (14, 3), (13, 2), (4, 13), (10, 19), (12, 1), (18, 19), (5, 1), (15, 2)], 3: [(17, 6), (7, 16), (11, 20), (16, 5), (5, 13)], 2: [(8, 17), (9, 18), (2, 11), (19, 12), (15, 2)]}
bestSolutionIndice: 19
19 -> 
costo: 101015.9, 
rotte: {4: [(1, 13), (13, 12), (12, 14), (14, 10), (10, 6), (6, 5), (5, 4), (4, 3), (3, 18), (18, 15)], 3: [(1, 5), (5, 7), (7, 11), (11, 17), (17, 16)], 2: [(1, 19), (19, 2), (2, 8), (8, 9)]}
trasportoPalletDiGamma: {4: [(13, 2), (12, 1), (14, 3), (10, 19), (6, 15), (5, 1), (4, 13), (3, 12), (18, 19), (15, 4)], 3: [(5, 13), (7, 16), (11, 20), (17, 6), (16, 5)], 2: [(19, 12), (2, 11), (8, 17), (9, 18)]}
itMosseLS: 42, itMosseTS: 30
numero di soluzioni totali trovati: 29.
time elapsed: 1633.14s.


##########################################################################################
s: 1, itNSI: 2.
soluzione iniziale: 0
0 -> 
costo: 170541.8, 
rotte: {4: [(1, 5), (5, 19), (19, 11), (11, 8), (8, 3), (3, 7), (7, 13)], 2: [(1, 15), (15, 12), (12, 2), (2, 10), (10, 6), (6, 16)], 3: [(1, 17), (17, 14), (14, 4), (4, 9), (9, 18), (18, 13)]}
trasportoPalletDiGamma: {4: [(5, 14), (19, 12), (11, 20), (8, 17), (3, 12), (7, 16), (13, 1)], 2: [(15, 4), (12, 1), (2, 11), (10, 19), (6, 15), (16, 5)], 3: [(17, 6), (14, 3), (4, 13), (9, 18), (18, 19), (13, 1)]}
bestSolutionIndice: 10
10 -> 
costo: 87405.4, 
rotte: {4: [(1, 19), (19, 12), (12, 11), (11, 3), (3, 7), (7, 5), (5, 8), (8, 13), (13, 14)], 2: [(1, 2), (2, 6), (6, 10), (10, 17), (17, 16), (16, 15)], 3: [(1, 18), (18, 4), (4, 9)]}
trasportoPalletDiGamma: {4: [(19, 12), (12, 1), (11, 20), (3, 12), (7, 16), (5, 14), (8, 17), (13, 2), (14, 3)], 2: [(2, 11), (6, 15), (10, 19), (17, 6), (16, 5), (15, 4)], 3: [(18, 19), (4, 13), (9, 18)]}
itMosseLS: 40, itMosseTS: 30
numero di soluzioni totali trovati: 24.
time elapsed: 715.24s.


##########################################################################################
s: 1, itNSI: 3.
soluzione iniziale: 0
0 -> 
costo: 175606.49999999997, 
rotte: {3: [(1, 5), (5, 15), (15, 3), (3, 17), (17, 19), (19, 14), (14, 16)], 4: [(1, 8), (8, 9), (9, 13), (13, 10), (10, 18), (18, 11)], 2: [(1, 6), (6, 4), (4, 2), (2, 7), (7, 12), (12, 16)]}
trasportoPalletDiGamma: {3: [(5, 14), (15, 4), (3, 12), (17, 6), (19, 12), (14, 3), (16, 1)], 4: [(8, 17), (9, 18), (13, 2), (10, 19), (18, 19), (11, 20)], 2: [(6, 15), (4, 13), (2, 11), (7, 16), (12, 1), (16, 4)]}
bestSolutionIndice: 8
8 -> 
costo: 103062.5, 
rotte: {3: [(1, 5), (5, 3), (3, 14), (14, 19), (19, 16), (16, 17), (17, 15)], 4: [(1, 8), (8, 9), (9, 10), (10, 11), (11, 13), (13, 18)], 2: [(1, 2), (2, 4), (4, 7), (7, 6), (6, 12)]}
trasportoPalletDiGamma: {3: [(5, 14), (3, 12), (14, 3), (19, 12), (16, 5), (17, 6), (15, 4)], 4: [(8, 17), (9, 18), (10, 19), (11, 20), (13, 2), (18, 19)], 2: [(2, 11), (4, 13), (7, 16), (6, 15), (12, 1)]}
itMosseLS: 39, itMosseTS: 30
numero di soluzioni totali trovati: 23.
time elapsed: 1130.95s.


##########################################################################################
s: 1, itNSI: 4.
soluzione iniziale: 0
0 -> 
costo: 172424.40000000002, 
rotte: {3: [(1, 10), (10, 12), (12, 11), (11, 15), (15, 19), (19, 7)], 2: [(1, 17), (17, 4), (4, 13), (13, 8), (8, 6), (6, 16), (16, 7)], 4: [(1, 5), (5, 3), (3, 14), (14, 2), (2, 9), (9, 18), (18, 7)]}
trasportoPalletDiGamma: {3: [(10, 19), (12, 1), (11, 20), (15, 4), (19, 12), (7, 4)], 2: [(17, 6), (4, 13), (13, 2), (8, 17), (6, 15), (16, 5), (7, 2)], 4: [(5, 14), (3, 12), (14, 3), (2, 11), (9, 18), (18, 19), (7, 10)]}
bestSolutionIndice: 12
12 -> 
costo: 117841.60000000002, 
rotte: {3: [(1, 12), (12, 11), (11, 19), (19, 7), (7, 10), (10, 15)], 2: [(1, 4), (4, 7), (7, 6), (6, 8), (8, 13), (13, 17), (17, 16)], 4: [(1, 9), (9, 7), (7, 5), (5, 3), (3, 2), (2, 18), (18, 14)]}
trasportoPalletDiGamma: {3: [(12, 1), (11, 20), (19, 12), (7, 4), (10, 19), (15, 4)], 2: [(4, 13), (7, 2), (6, 15), (8, 17), (13, 2), (17, 6), (16, 5)], 4: [(9, 18), (7, 10), (5, 14), (3, 12), (2, 11), (18, 19), (14, 3)]}
itMosseLS: 12, itMosseTS: 0
numero di soluzioni totali trovati: 13.
time elapsed: 128.07s.


##########################################################################################
##########################################################################################
##########################################################################################
##########################################################################################
##########################################################################################
##########################################################################################
##########################################################################################
##########################################################################################
##########################################################################################
Soluzione migliore in assoluto trovata:

s: 1
itNSI: 2, 
costo: 87405.4, 
rotte: {4: [(1, 19), (19, 12), (12, 11), (11, 3), (3, 7), (7, 5), (5, 8), (8, 13), (13, 14)], 2: [(1, 2), (2, 6), (6, 10), (10, 17), (17, 16), (16, 15)], 3: [(1, 18), (18, 4), (4, 9)]}
trasportoPalletDiGamma: {4: [(19, 12), (12, 1), (11, 20), (3, 12), (7, 16), (5, 14), (8, 17), (13, 2), (14, 3)], 2: [(2, 11), (6, 15), (10, 19), (17, 6), (16, 5), (15, 4)], 3: [(18, 19), (4, 13), (9, 18)]}

Total time elapsed: 3609.32s.