itNSIMax: 5, itMosseTSMax: 75.
##########################################################################################
s: 1, itNSI: 1.
soluzione iniziale: 0
0 -> 
costo: 155837.09999999998, 
rotte: {2: [(1, 14), (14, 15), (15, 18), (18, 17), (17, 10)], 4: [(1, 16), (16, 19), (19, 9), (9, 7), (7, 5), (5, 2), (2, 3), (3, 10)], 3: [(1, 11), (11, 13), (13, 12), (12, 8), (8, 4), (4, 20), (20, 6)]}
trasportoPalletDiGamma: {2: [(14, 3), (15, 4), (18, 19), (17, 6), (10, 18)], 4: [(16, 5), (19, 6), (9, 18), (7, 16), (5, 14), (2, 11), (3, 12), (10, 1)], 3: [(11, 20), (13, 2), (12, 1), (8, 17), (4, 13), (20, 11), (6, 15)]}
bestSolutionIndice: 24
24 -> 
costo: 85016.1, 
rotte: {2: [(1, 18), (18, 17), (17, 15)], 4: [(1, 5), (5, 7), (7, 3), (3, 2), (2, 10), (10, 9)], 3: [(1, 19), (19, 13), (13, 12), (12, 11), (11, 14), (14, 8), (8, 6), (6, 4), (4, 20), (20, 16)]}
trasportoPalletDiGamma: {2: [(18, 19), (17, 6), (15, 4)], 4: [(5, 14), (7, 16), (3, 12), (2, 11), (10, 19), (9, 18)], 3: [(19, 6), (13, 2), (12, 1), (11, 20), (14, 3), (8, 17), (6, 15), (4, 13), (20, 11), (16, 5)]}
itMosseLS: 84, itMosseTS: 75
numero di soluzioni totali trovati: 46.
time elapsed: 2318.33s.


##########################################################################################
s: 1, itNSI: 2.
soluzione iniziale: 0
0 -> 
costo: 181428.69999999998, 
rotte: {2: [(1, 20), (20, 8), (8, 12), (12, 18), (18, 10)], 3: [(1, 15), (15, 7), (7, 4), (4, 5), (5, 13), (13, 16), (16, 11), (11, 10)], 4: [(1, 14), (14, 19), (19, 2), (2, 17), (17, 6), (6, 9), (9, 3)]}
trasportoPalletDiGamma: {2: [(20, 11), (8, 17), (12, 1), (18, 19), (10, 2)], 3: [(15, 4), (7, 16), (4, 13), (5, 14), (13, 2), (16, 5), (11, 20), (10, 17)], 4: [(14, 3), (19, 6), (2, 11), (17, 6), (6, 15), (9, 18), (3, 12)]}
bestSolutionIndice: 14
14 -> 
costo: 105814.7, 
rotte: {2: [(1, 18), (18, 20), (20, 12), (12, 8)], 3: [(1, 19), (19, 4), (4, 7), (7, 5), (5, 13), (13, 11), (11, 14), (14, 10), (10, 16)], 4: [(1, 17), (17, 15), (15, 2), (2, 3), (3, 6), (6, 9)]}
trasportoPalletDiGamma: {2: [(18, 19), (20, 11), (12, 1), (8, 17)], 3: [(19, 6), (4, 13), (7, 16), (5, 14), (13, 2), (11, 20), (14, 3), (10, 19), (16, 5)], 4: [(17, 6), (15, 4), (2, 11), (3, 12), (6, 15), (9, 18)]}
itMosseLS: 47, itMosseTS: 38
numero di soluzioni totali trovati: 22.
time elapsed: 1294.57s.


##########################################################################################
##########################################################################################
##########################################################################################
##########################################################################################
##########################################################################################
##########################################################################################
Soluzione migliore in assoluto trovata:

s: 1
itNSI: 1, 
costo: 85016.1, 
rotte: {2: [(1, 18), (18, 17), (17, 15)], 4: [(1, 5), (5, 7), (7, 3), (3, 2), (2, 10), (10, 9)], 3: [(1, 19), (19, 13), (13, 12), (12, 11), (11, 14), (14, 8), (8, 6), (6, 4), (4, 20), (20, 16)]}
trasportoPalletDiGamma: {2: [(18, 19), (17, 6), (15, 4)], 4: [(5, 14), (7, 16), (3, 12), (2, 11), (10, 19), (9, 18)], 3: [(19, 6), (13, 2), (12, 1), (11, 20), (14, 3), (8, 17), (6, 15), (4, 13), (20, 11), (16, 5)]}

Total time elapsed: 3613.88s.