itNSIMax: 50, itMosseTSMax: 5.
##########################################################################################
s: 1
dictSolutions[1]:
0 -> costo: 175003.40000000002, rotte: {2: [(1, 6), (6, 17), (17, 11), (11, 2)], 4: [(1, 19), (19, 7), (7, 4), (4, 14), (14, 10), (10, 5), (5, 12), (12, 3)], 3: [(1, 13), (13, 8), (8, 18), (18, 16), (16, 20), (20, 15), (15, 9), (9, 2)]}, padri: [-1], figli: [1], mosse: [-1]
1 -> costo: 155771.1, rotte: {2: [(1, 6), (6, 17), (17, 11), (11, 2)], 4: [(1, 19), (19, 7), (7, 4), (4, 14), (14, 10), (10, 5), (5, 12), (12, 3)], 3: [(1, 13), (13, 8), (8, 18), (18, 20), (20, 16), (16, 15), (15, 9), (9, 2)]}, padri: [0], figli: [2], mosse: [(3, 3, 20, 16, 5)]
2 -> costo: 145594.19999999998, rotte: {2: [(1, 6), (6, 17), (17, 11), (11, 2)], 4: [(1, 19), (19, 7), (7, 4), (4, 10), (10, 5), (5, 12), (12, 14), (14, 3)], 3: [(1, 13), (13, 8), (8, 18), (18, 20), (20, 16), (16, 15), (15, 9), (9, 2)]}, padri: [1], figli: [3], mosse: [(4, 4, 12, 14, 3)]
3 -> costo: 137493.8, rotte: {2: [(1, 17), (17, 11), (11, 2)], 4: [(1, 19), (19, 6), (6, 7), (7, 4), (4, 10), (10, 5), (5, 12), (12, 14), (14, 3)], 3: [(1, 13), (13, 8), (8, 18), (18, 20), (20, 16), (16, 15), (15, 9), (9, 2)]}, padri: [2], figli: [4], mosse: [(4, 2, 19, 6, 15)]
4 -> costo: 121465.70000000001, rotte: {2: [(1, 11), (11, 2)], 4: [(1, 19), (19, 6), (6, 7), (7, 4), (4, 10), (10, 5), (5, 12), (12, 14), (14, 3)], 3: [(1, 13), (13, 8), (8, 18), (18, 20), (20, 17), (17, 16), (16, 15), (15, 9), (9, 2)]}, padri: [3], figli: [5], mosse: [(3, 2, 20, 17, 6)]
5 -> costo: 114095.2, rotte: {2: [(1, 11), (11, 13), (13, 2)], 4: [(1, 19), (19, 6), (6, 7), (7, 4), (4, 10), (10, 5), (5, 12), (12, 14), (14, 3)], 3: [(1, 8), (8, 18), (18, 20), (20, 17), (17, 16), (16, 15), (15, 9), (9, 2)]}, padri: [4], figli: [6], mosse: [(2, 3, 11, 13, 2)]
6 -> costo: 97277.50000000001, rotte: {2: [(1, 11), (11, 13), (13, 2)], 4: [(1, 19), (19, 6), (6, 7), (7, 4), (4, 10), (10, 5), (5, 12), (12, 14), (14, 3)], 3: [(1, 18), (18, 20), (20, 17), (17, 16), (16, 15), (15, 8), (8, 9), (9, 2)]}, padri: [5], figli: [7], mosse: [(3, 3, 15, 8, 17)]
7 -> costo: 91306.59999999999, rotte: {2: [(1, 11), (11, 13), (13, 2)], 4: [(1, 19), (19, 6), (6, 7), (7, 4), (4, 3), (3, 10), (10, 5), (5, 12), (12, 14)], 3: [(1, 18), (18, 20), (20, 17), (17, 16), (16, 15), (15, 8), (8, 9), (9, 2)]}, padri: [6], figli: [8], mosse: [(4, 4, 4, 3, 12)]
8 -> costo: 85910.7, rotte: {2: [(1, 11), (11, 13)], 4: [(1, 19), (19, 6), (6, 7), (7, 4), (4, 3), (3, 10), (10, 5), (5, 12), (12, 14)], 3: [(1, 18), (18, 20), (20, 17), (17, 16), (16, 15), (15, 8), (8, 9), (9, 2)]}, padri: [7], figli: [9], mosse: [(3, 2, 1, 2, 9)]
9 -> costo: 82883.1, rotte: {2: [(1, 11), (11, 13)], 4: [(1, 19), (19, 6), (6, 7), (7, 4), (4, 3), (3, 10), (10, 5), (5, 12), (12, 14)], 3: [(1, 18), (18, 20), (20, 17), (17, 16), (16, 15), (15, 2), (2, 8), (8, 9)]}, padri: [8], figli: [10], mosse: [(3, 3, 15, 2, 11)]
10 -> costo: 81184.8, rotte: {2: [(1, 11), (11, 13)], 4: [(1, 19), (19, 6), (6, 7), (7, 4), (4, 3), (3, 5), (5, 10), (10, 12), (12, 14)], 3: [(1, 18), (18, 20), (20, 17), (17, 16), (16, 15), (15, 2), (2, 8), (8, 9)]}, padri: [9], figli: [11], mosse: [(4, 4, 5, 10, 19)]
11 -> costo: 80993.0, rotte: {2: [(1, 13), (13, 11)], 4: [(1, 19), (19, 6), (6, 7), (7, 4), (4, 3), (3, 5), (5, 10), (10, 12), (12, 14)], 3: [(1, 18), (18, 20), (20, 17), (17, 16), (16, 15), (15, 2), (2, 8), (8, 9)]}, padri: [10], figli: [12, 15], mosse: [(2, 2, 1, 13, 2)]
12 -> costo: 80950.4, rotte: {2: [(1, 13), (13, 11)], 4: [(1, 19), (19, 6), (6, 7), (7, 4), (4, 5), (5, 3), (3, 10), (10, 12), (12, 14)], 3: [(1, 18), (18, 20), (20, 17), (17, 16), (16, 15), (15, 2), (2, 8), (8, 9)]}, padri: [11, 15], figli: [13, 14], mosse: [(4, 4, 5, 3, 12), (4, 4, 5, 3, 12)]
13 -> costo: 80537.2, rotte: {2: [(1, 13), (13, 11)], 4: [(1, 19), (19, 6), (6, 7), (7, 5), (5, 4), (4, 3), (3, 10), (10, 12), (12, 14)], 3: [(1, 18), (18, 20), (20, 17), (17, 16), (16, 15), (15, 2), (2, 8), (8, 9)]}, padri: [12, 14], figli: [], mosse: [(4, 4, 5, 4, 13), (4, 4, 4, 3, 12)]
14 -> costo: 80619.3, rotte: {2: [(1, 13), (13, 11)], 4: [(1, 19), (19, 6), (6, 7), (7, 5), (5, 3), (3, 4), (4, 10), (10, 12), (12, 14)], 3: [(1, 18), (18, 20), (20, 17), (17, 16), (16, 15), (15, 2), (2, 8), (8, 9)]}, padri: [12], figli: [13], mosse: [(4, 4, 3, 4, 13)]
15 -> costo: 80957.9, rotte: {2: [(1, 13), (13, 11)], 4: [(1, 19), (19, 6), (6, 7), (7, 3), (3, 4), (4, 5), (5, 10), (10, 12), (12, 14)], 3: [(1, 18), (18, 20), (20, 17), (17, 16), (16, 15), (15, 2), (2, 8), (8, 9)]}, padri: [11], figli: [12], mosse: [(4, 4, 3, 4, 13)]
bestSolutionIndice: 13
13 -> costo: 80537.2, rotte: {2: [(1, 13), (13, 11)], 4: [(1, 19), (19, 6), (6, 7), (7, 5), (5, 4), (4, 3), (3, 10), (10, 12), (12, 14)], 3: [(1, 18), (18, 20), (20, 17), (17, 16), (16, 15), (15, 2), (2, 8), (8, 9)]}, padri: [12, 14], figli: [], mosse: [(4, 4, 5, 4, 13), (4, 4, 4, 3, 12)]
trasportoPalletDiGamma: {2: [(13, 2), (11, 20)], 4: [(19, 6), (6, 15), (7, 16), (5, 14), (4, 13), (3, 12), (10, 19), (12, 1), (14, 3)], 3: [(18, 19), (20, 11), (17, 6), (16, 5), (15, 4), (2, 11), (8, 17), (9, 18)]}
itMosseLS: 17, itMosseTS: 5
time elapsed: 123.60s.


##########################################################################################
s: 1
dictSolutions[1]:
0 -> costo: 165776.8, rotte: {4: [(1, 2), (2, 11), (11, 19), (19, 4), (4, 5), (5, 20), (20, 3), (3, 13)], 2: [(1, 10), (10, 9), (9, 12), (12, 18)], 3: [(1, 7), (7, 6), (6, 17), (17, 16), (16, 14), (14, 8), (8, 15), (15, 18)]}, padri: [-1], figli: [1], mosse: [-1]
1 -> costo: 153357.6, rotte: {4: [(1, 2), (2, 11), (11, 19), (19, 4), (4, 5), (5, 20), (20, 3), (3, 13)], 2: [(1, 10), (10, 9), (9, 12), (12, 18)], 3: [(1, 18), (18, 7), (7, 6), (6, 17), (17, 16), (16, 14), (14, 8), (8, 15)]}, padri: [0], figli: [2], mosse: [(3, 3, 1, 18, 7)]
2 -> costo: 138525.30000000002, rotte: {4: [(1, 2), (2, 11), (11, 19), (19, 4), (4, 5), (5, 20), (20, 3), (3, 13)], 2: [(1, 10), (10, 9), (9, 12), (12, 18)], 3: [(1, 18), (18, 7), (7, 6), (6, 15), (15, 17), (17, 16), (16, 14), (14, 8)]}, padri: [1], figli: [3], mosse: [(3, 3, 6, 15, 4)]
3 -> costo: 128494.8, rotte: {4: [(1, 2), (2, 11), (11, 19), (19, 4), (4, 5), (5, 20), (20, 3), (3, 13)], 2: [(1, 10), (10, 9), (9, 12)], 3: [(1, 18), (18, 7), (7, 6), (6, 15), (15, 17), (17, 16), (16, 14), (14, 8)]}, padri: [2], figli: [4], mosse: [(3, 2, 1, 18, 12)]
4 -> costo: 118547.40000000001, rotte: {4: [(1, 2), (2, 19), (19, 4), (4, 5), (5, 20), (20, 3), (3, 13), (13, 11)], 2: [(1, 10), (10, 9), (9, 12)], 3: [(1, 18), (18, 7), (7, 6), (6, 15), (15, 17), (17, 16), (16, 14), (14, 8)]}, padri: [3], figli: [5], mosse: [(4, 4, 13, 11, 20)]
5 -> costo: 109034.00000000001, rotte: {4: [(1, 19), (19, 4), (4, 5), (5, 2), (2, 20), (20, 3), (3, 13), (13, 11)], 2: [(1, 10), (10, 9), (9, 12)], 3: [(1, 18), (18, 7), (7, 6), (6, 15), (15, 17), (17, 16), (16, 14), (14, 8)]}, padri: [4], figli: [6], mosse: [(4, 4, 5, 2, 11)]
6 -> costo: 105856.80000000002, rotte: {4: [(1, 19), (19, 4), (4, 5), (5, 2), (2, 3), (3, 20), (20, 13), (13, 11)], 2: [(1, 10), (10, 9), (9, 12)], 3: [(1, 18), (18, 7), (7, 6), (6, 15), (15, 17), (17, 16), (16, 14), (14, 8)]}, padri: [5], figli: [7], mosse: [(4, 4, 3, 20, 11)]
7 -> costo: 103481.70000000001, rotte: {4: [(1, 19), (19, 4), (4, 5), (5, 2), (2, 3), (3, 20), (20, 13), (13, 11)], 2: [(1, 10), (10, 9), (9, 12)], 3: [(1, 18), (18, 8), (8, 7), (7, 6), (6, 15), (15, 17), (17, 16), (16, 14)]}, padri: [6], figli: [8], mosse: [(3, 3, 18, 8, 17)]
8 -> costo: 95773.2, rotte: {4: [(1, 19), (19, 4), (4, 5), (5, 2), (2, 3), (3, 20), (20, 13), (13, 11)], 2: [(1, 10), (10, 9), (9, 12)], 3: [(1, 18), (18, 8), (8, 7), (7, 6), (6, 14), (14, 15), (15, 17), (17, 16)]}, padri: [7], figli: [9], mosse: [(3, 3, 6, 14, 3)]
9 -> costo: 94426.0, rotte: {4: [(1, 19), (19, 4), (4, 5), (5, 2), (2, 3), (3, 20), (20, 13), (13, 11)], 2: [(1, 10), (10, 9), (9, 12)], 3: [(1, 18), (18, 7), (7, 6), (6, 8), (8, 14), (14, 15), (15, 17), (17, 16)]}, padri: [8], figli: [10], mosse: [(3, 3, 6, 8, 17)]
10 -> costo: 93835.1, rotte: {4: [(1, 19), (19, 4), (4, 5), (5, 2), (2, 3), (3, 20), (20, 13), (13, 11)], 2: [(1, 10), (10, 9), (9, 12)], 3: [(1, 18), (18, 6), (6, 7), (7, 8), (8, 14), (14, 15), (15, 17), (17, 16)]}, padri: [9], figli: [11, 15], mosse: [(3, 3, 6, 7, 16)]
11 -> costo: 93552.5, rotte: {4: [(1, 19), (19, 4), (4, 5), (5, 3), (3, 2), (2, 20), (20, 13), (13, 11)], 2: [(1, 10), (10, 9), (9, 12)], 3: [(1, 18), (18, 6), (6, 7), (7, 8), (8, 14), (14, 15), (15, 17), (17, 16)]}, padri: [10], figli: [12, 14], mosse: [(4, 4, 3, 2, 11)]
12 -> costo: 93443.5, rotte: {4: [(1, 19), (19, 4), (4, 5), (5, 3), (3, 2), (2, 20), (20, 13), (13, 11)], 2: [(1, 10), (10, 9), (9, 12)], 3: [(1, 18), (18, 6), (6, 7), (7, 8), (8, 14), (14, 17), (17, 16), (16, 15)]}, padri: [11, 15], figli: [13], mosse: [(3, 3, 16, 15, 4), (4, 4, 3, 2, 11)]
13 -> costo: 93383.0, rotte: {4: [(1, 19), (19, 5), (5, 4), (4, 3), (3, 2), (2, 20), (20, 13), (13, 11)], 2: [(1, 10), (10, 9), (9, 12)], 3: [(1, 18), (18, 6), (6, 7), (7, 8), (8, 14), (14, 17), (17, 16), (16, 15)]}, padri: [12, 14], figli: [], mosse: [(4, 4, 5, 4, 13), (3, 3, 16, 15, 4)]
14 -> costo: 93492.0, rotte: {4: [(1, 19), (19, 5), (5, 4), (4, 3), (3, 2), (2, 20), (20, 13), (13, 11)], 2: [(1, 10), (10, 9), (9, 12)], 3: [(1, 18), (18, 6), (6, 7), (7, 8), (8, 14), (14, 15), (15, 17), (17, 16)]}, padri: [11], figli: [13], mosse: [(4, 4, 5, 4, 13)]
15 -> costo: 93726.1, rotte: {4: [(1, 19), (19, 4), (4, 5), (5, 2), (2, 3), (3, 20), (20, 13), (13, 11)], 2: [(1, 10), (10, 9), (9, 12)], 3: [(1, 18), (18, 6), (6, 7), (7, 8), (8, 14), (14, 17), (17, 16), (16, 15)]}, padri: [10], figli: [12], mosse: [(3, 3, 16, 15, 4)]
bestSolutionIndice: 13
13 -> costo: 93383.0, rotte: {4: [(1, 19), (19, 5), (5, 4), (4, 3), (3, 2), (2, 20), (20, 13), (13, 11)], 2: [(1, 10), (10, 9), (9, 12)], 3: [(1, 18), (18, 6), (6, 7), (7, 8), (8, 14), (14, 17), (17, 16), (16, 15)]}, padri: [12, 14], figli: [], mosse: [(4, 4, 5, 4, 13), (3, 3, 16, 15, 4)]
trasportoPalletDiGamma: {4: [(19, 6), (5, 14), (4, 13), (3, 12), (2, 11), (20, 11), (13, 2), (11, 20)], 2: [(10, 19), (9, 18), (12, 1)], 3: [(18, 19), (6, 15), (7, 16), (8, 17), (14, 3), (17, 6), (16, 5), (15, 4)]}
itMosseLS: 17, itMosseTS: 5
time elapsed: 339.60s.


##########################################################################################
s: 1
dictSolutions[1]:
0 -> costo: 191534.1, rotte: {2: [(1, 3), (3, 19), (19, 13), (13, 5), (5, 11)], 4: [(1, 8), (8, 14), (14, 9), (9, 2), (2, 6), (6, 12), (12, 15), (15, 11)], 3: [(1, 17), (17, 7), (7, 18), (18, 10), (10, 16), (16, 4), (4, 20)]}, padri: [-1], figli: [1], mosse: [-1]
1 -> costo: 171205.9, rotte: {2: [(1, 3), (3, 19), (19, 13), (13, 5), (5, 11)], 4: [(1, 8), (8, 14), (14, 9), (9, 2), (2, 6), (6, 12), (12, 15), (15, 11)], 3: [(1, 7), (7, 18), (18, 10), (10, 16), (16, 17), (17, 4), (4, 20)]}, padri: [0], figli: [2], mosse: [(3, 3, 16, 17, 6)]
2 -> costo: 157628.7, rotte: {2: [(1, 3), (3, 19), (19, 13), (13, 5), (5, 11)], 4: [(1, 8), (8, 9), (9, 2), (2, 6), (6, 12), (12, 15), (15, 11), (11, 14)], 3: [(1, 7), (7, 18), (18, 10), (10, 16), (16, 17), (17, 4), (4, 20)]}, padri: [1], figli: [3], mosse: [(4, 4, 11, 14, 3)]
3 -> costo: 144323.3, rotte: {2: [(1, 3), (3, 19), (19, 13), (13, 5), (5, 11)], 4: [(1, 8), (8, 9), (9, 2), (2, 7), (7, 6), (6, 12), (12, 15), (15, 11), (11, 14)], 3: [(1, 18), (18, 10), (10, 16), (16, 17), (17, 4), (4, 20)]}, padri: [2], figli: [4], mosse: [(4, 3, 2, 7, 16)]
4 -> costo: 131810.0, rotte: {2: [(1, 3), (3, 19), (19, 13), (13, 5), (5, 11)], 4: [(1, 8), (8, 9), (9, 2), (2, 7), (7, 6), (6, 12), (12, 11), (11, 14), (14, 15)], 3: [(1, 18), (18, 10), (10, 16), (16, 17), (17, 4), (4, 20)]}, padri: [3], figli: [5], mosse: [(4, 4, 14, 15, 4)]
5 -> costo: 121953.5, rotte: {2: [(1, 19), (19, 13), (13, 5), (5, 11)], 4: [(1, 8), (8, 9), (9, 2), (2, 7), (7, 6), (6, 12), (12, 11), (11, 14), (14, 15)], 3: [(1, 18), (18, 10), (10, 16), (16, 17), (17, 3), (3, 4), (4, 20)]}, padri: [4], figli: [6], mosse: [(3, 2, 17, 3, 12)]
6 -> costo: 112392.09999999999, rotte: {2: [(1, 19), (19, 5), (5, 13), (13, 11)], 4: [(1, 8), (8, 9), (9, 2), (2, 7), (7, 6), (6, 12), (12, 11), (11, 14), (14, 15)], 3: [(1, 18), (18, 10), (10, 16), (16, 17), (17, 3), (3, 4), (4, 20)]}, padri: [5], figli: [7], mosse: [(2, 2, 5, 13, 2)]
7 -> costo: 105823.5, rotte: {2: [(1, 19), (19, 5), (5, 13), (13, 11)], 4: [(1, 8), (8, 9), (9, 2), (2, 7), (7, 6), (6, 12), (12, 11), (11, 14), (14, 15)], 3: [(1, 18), (18, 16), (16, 17), (17, 10), (10, 3), (3, 4), (4, 20)]}, padri: [6], figli: [8], mosse: [(3, 3, 17, 10, 19)]
8 -> costo: 100712.20000000001, rotte: {2: [(1, 19), (19, 5), (5, 13), (13, 11)], 4: [(1, 8), (8, 9), (9, 2), (2, 7), (7, 6), (6, 12), (12, 11), (11, 14), (14, 15)], 3: [(1, 18), (18, 20), (20, 16), (16, 17), (17, 10), (10, 3), (3, 4)]}, padri: [7], figli: [9], mosse: [(3, 3, 18, 20, 11)]
9 -> costo: 99463.50000000001, rotte: {2: [(1, 19), (19, 5), (5, 13), (13, 11)], 4: [(1, 8), (8, 9), (9, 7), (7, 6), (6, 2), (2, 12), (12, 11), (11, 14), (14, 15)], 3: [(1, 18), (18, 20), (20, 16), (16, 17), (17, 10), (10, 3), (3, 4)]}, padri: [8], figli: [10], mosse: [(4, 4, 6, 2, 11)]
10 -> costo: 99120.00000000001, rotte: {2: [(1, 19), (19, 5), (5, 13), (13, 11)], 4: [(1, 8), (8, 9), (9, 7), (7, 6), (6, 2), (2, 11), (11, 14), (14, 12), (12, 15)], 3: [(1, 18), (18, 20), (20, 16), (16, 17), (17, 10), (10, 3), (3, 4)]}, padri: [9], figli: [11, 11, 11, 11, 13, 13, 13, 13], mosse: [(4, 4, 14, 12, 1)]
11 -> costo: 98761.80000000002, rotte: {2: [(1, 19), (19, 5), (5, 13), (13, 11)], 4: [(1, 8), (8, 9), (9, 7), (7, 6), (6, 2), (2, 14), (14, 12), (12, 15)], 3: [(1, 18), (18, 20), (20, 16), (16, 17), (17, 10), (10, 3), (3, 4)]}, padri: [10, 10, 10, 10], figli: [12], mosse: [(2, 4, 1, 11, 4), (2, 4, 19, 11, 4), (2, 4, 5, 11, 4), (2, 4, 13, 11, 4)]
12 -> costo: 98712.6, rotte: {2: [(1, 19), (19, 5), (5, 13), (13, 11)], 4: [(1, 8), (8, 9), (9, 7), (7, 6), (6, 2), (2, 14), (14, 12), (12, 15)], 3: [(1, 18), (18, 20), (20, 16), (16, 17), (17, 3), (3, 4), (4, 10)]}, padri: [11, 14], figli: [], mosse: [(3, 3, 4, 10, 19), (2, 4, 1, 11, 4)]
13 -> costo: 98803.40000000002, rotte: {2: [(1, 19), (19, 5), (5, 13), (13, 11)], 4: [(1, 8), (8, 9), (9, 7), (7, 6), (6, 2), (2, 14), (14, 11), (11, 12), (12, 15)], 3: [(1, 18), (18, 20), (20, 16), (16, 17), (17, 10), (10, 3), (3, 4)]}, padri: [10], figli: [14], mosse: [(4, 4, 14, 11, 4)]
14 -> costo: 98754.20000000001, rotte: {2: [(1, 19), (19, 5), (5, 13), (13, 11)], 4: [(1, 8), (8, 9), (9, 7), (7, 6), (6, 2), (2, 14), (14, 11), (11, 12), (12, 15)], 3: [(1, 18), (18, 20), (20, 16), (16, 17), (17, 3), (3, 4), (4, 10)]}, padri: [13], figli: [12], mosse: [(3, 3, 4, 10, 19)]
bestSolutionIndice: 12
12 -> costo: 98712.6, rotte: {2: [(1, 19), (19, 5), (5, 13), (13, 11)], 4: [(1, 8), (8, 9), (9, 7), (7, 6), (6, 2), (2, 14), (14, 12), (12, 15)], 3: [(1, 18), (18, 20), (20, 16), (16, 17), (17, 3), (3, 4), (4, 10)]}, padri: [11, 14], figli: [], mosse: [(3, 3, 4, 10, 19), (2, 4, 1, 11, 4)]
trasportoPalletDiGamma: {2: [(19, 6), (5, 14), (13, 2), (11, 20)], 4: [(8, 17), (9, 18), (7, 16), (6, 15), (2, 11), (14, 3), (12, 1), (15, 4)], 3: [(18, 19), (20, 11), (16, 5), (17, 6), (3, 12), (4, 13), (10, 19)]}
itMosseLS: 18, itMosseTS: 5
time elapsed: 255.13s.


##########################################################################################
s: 1
dictSolutions[1]:
0 -> costo: 182370.69999999998, rotte: {3: [(1, 10), (10, 15), (15, 6), (6, 11), (11, 2), (2, 7), (7, 18)], 2: [(1, 4), (4, 5), (5, 9), (9, 3)], 4: [(1, 20), (20, 13), (13, 16), (16, 12), (12, 17), (17, 14), (14, 8), (8, 19), (19, 3), (3, 18)]}, padri: [-1], figli: [1], mosse: [-1]
1 -> costo: 157252.39999999997, rotte: {3: [(1, 10), (10, 15), (15, 6), (6, 11), (11, 2), (2, 7), (7, 18)], 2: [(1, 4), (4, 5), (5, 9), (9, 3)], 4: [(1, 20), (20, 13), (13, 16), (16, 17), (17, 12), (12, 14), (14, 8), (8, 19), (19, 3), (3, 18)]}, padri: [0], figli: [2], mosse: [(4, 4, 17, 12, 1)]
2 -> costo: 142685.89999999997, rotte: {3: [(1, 10), (10, 6), (6, 11), (11, 2), (2, 7), (7, 18), (18, 15)], 2: [(1, 4), (4, 5), (5, 9), (9, 3)], 4: [(1, 20), (20, 13), (13, 16), (16, 17), (17, 12), (12, 14), (14, 8), (8, 19), (19, 3), (3, 18)]}, padri: [1], figli: [3], mosse: [(3, 3, 18, 15, 4)]
3 -> costo: 132641.6, rotte: {3: [(1, 10), (10, 6), (6, 11), (11, 2), (2, 7), (7, 18), (18, 15)], 2: [(1, 4), (4, 5), (5, 9), (9, 3)], 4: [(1, 20), (20, 16), (16, 17), (17, 12), (12, 13), (13, 14), (14, 8), (8, 19), (19, 3), (3, 18)]}, padri: [2], figli: [4], mosse: [(4, 4, 12, 13, 2)]
4 -> costo: 123628.80000000002, rotte: {3: [(1, 10), (10, 6), (6, 11), (11, 2), (2, 7), (7, 18), (18, 15)], 2: [(1, 4), (4, 5), (5, 9), (9, 3)], 4: [(1, 20), (20, 16), (16, 17), (17, 12), (12, 13), (13, 14), (14, 8), (8, 3), (3, 19), (19, 18)]}, padri: [3], figli: [5], mosse: [(4, 4, 3, 19, 6)]
5 -> costo: 118190.60000000002, rotte: {3: [(1, 10), (10, 6), (6, 11), (11, 2), (2, 7), (7, 15)], 2: [(1, 4), (4, 5), (5, 9), (9, 3)], 4: [(1, 20), (20, 16), (16, 17), (17, 12), (12, 13), (13, 14), (14, 8), (8, 3), (3, 19), (19, 18)]}, padri: [4], figli: [6], mosse: [(4, 3, 1, 18, 15)]
6 -> costo: 112029.50000000003, rotte: {3: [(1, 10), (10, 6), (6, 2), (2, 7), (7, 11), (11, 15)], 2: [(1, 4), (4, 5), (5, 9), (9, 3)], 4: [(1, 20), (20, 16), (16, 17), (17, 12), (12, 13), (13, 14), (14, 8), (8, 3), (3, 19), (19, 18)]}, padri: [5], figli: [7], mosse: [(3, 3, 7, 11, 20)]
7 -> costo: 108575.30000000003, rotte: {3: [(1, 10), (10, 6), (6, 2), (2, 7), (7, 11), (11, 15)], 2: [(1, 4), (4, 5), (5, 9)], 4: [(1, 20), (20, 16), (16, 17), (17, 12), (12, 13), (13, 14), (14, 8), (8, 3), (3, 19), (19, 18)]}, padri: [6], figli: [8], mosse: [(4, 2, 1, 3, 5)]
8 -> costo: 106498.10000000002, rotte: {3: [(1, 10), (10, 6), (6, 7), (7, 2), (2, 11), (11, 15)], 2: [(1, 4), (4, 5), (5, 9)], 4: [(1, 20), (20, 16), (16, 17), (17, 12), (12, 13), (13, 14), (14, 8), (8, 3), (3, 19), (19, 18)]}, padri: [7], figli: [9], mosse: [(3, 3, 7, 2, 11)]
9 -> costo: 104694.80000000003, rotte: {3: [(1, 10), (10, 6), (6, 7), (7, 2), (2, 11), (11, 15)], 2: [(1, 4), (4, 5), (5, 9)], 4: [(1, 18), (18, 20), (20, 16), (16, 17), (17, 12), (12, 13), (13, 14), (14, 8), (8, 3), (3, 19)]}, padri: [8], figli: [10], mosse: [(4, 4, 1, 18, 19)]
10 -> costo: 101368.70000000001, rotte: {3: [(1, 10), (10, 6), (6, 7), (7, 2), (2, 11), (11, 15)], 2: [(1, 4), (4, 5), (5, 9)], 4: [(1, 18), (18, 19), (19, 20), (20, 16), (16, 17), (17, 12), (12, 13), (13, 14), (14, 8), (8, 3)]}, padri: [9], figli: [11], mosse: [(4, 4, 18, 19, 6)]
11 -> costo: 99892.0, rotte: {3: [(1, 10), (10, 6), (6, 7), (7, 4), (4, 2), (2, 11), (11, 15)], 2: [(1, 5), (5, 9)], 4: [(1, 18), (18, 19), (19, 20), (20, 16), (16, 17), (17, 12), (12, 13), (13, 14), (14, 8), (8, 3)]}, padri: [10], figli: [12], mosse: [(3, 2, 7, 4, 13)]
12 -> costo: 98935.1, rotte: {3: [(1, 6), (6, 7), (7, 4), (4, 2), (2, 10), (10, 11), (11, 15)], 2: [(1, 5), (5, 9)], 4: [(1, 18), (18, 19), (19, 20), (20, 16), (16, 17), (17, 12), (12, 13), (13, 14), (14, 8), (8, 3)]}, padri: [11], figli: [13, 13], mosse: [(3, 3, 2, 10, 19)]
13 -> costo: 98459.20000000001, rotte: {3: [(1, 6), (6, 7), (7, 4), (4, 2), (2, 10), (10, 11), (11, 15)], 2: [(1, 5), (5, 9)], 4: [(1, 18), (18, 19), (19, 20), (20, 16), (16, 17), (17, 12), (12, 13), (13, 14), (14, 3), (3, 8)]}, padri: [12, 12], figli: [14], mosse: [(4, 4, 14, 3, 12), (4, 4, 3, 8, 17)]
14 -> costo: 98079.30000000002, rotte: {3: [(1, 6), (6, 7), (7, 4), (4, 2), (2, 10), (10, 11), (11, 15)], 2: [(1, 9)], 4: [(1, 18), (18, 19), (19, 20), (20, 16), (16, 17), (17, 12), (12, 13), (13, 14), (14, 3), (3, 5), (5, 8)]}, padri: [13], figli: [15], mosse: [(4, 2, 3, 5, 14)]
15 -> costo: 97672.30000000002, rotte: {3: [(1, 6), (6, 7), (7, 4), (4, 2), (2, 10), (10, 11), (11, 15)], 2: [(1, 18), (18, 9)], 4: [(1, 19), (19, 20), (20, 16), (16, 17), (17, 12), (12, 13), (13, 14), (14, 3), (3, 5), (5, 8)]}, padri: [14], figli: [16], mosse: [(2, 4, 1, 18, 19)]
16 -> costo: 97520.20000000001, rotte: {3: [(1, 6), (6, 7), (7, 4), (4, 2), (2, 10), (10, 11), (11, 15)], 2: [(1, 18), (18, 19), (19, 9)], 4: [(1, 20), (20, 16), (16, 17), (17, 12), (12, 13), (13, 14), (14, 3), (3, 5), (5, 8)]}, padri: [15], figli: [17], mosse: [(2, 4, 18, 19, 6)]
17 -> costo: 96305.20000000001, rotte: {3: [(1, 6), (6, 7), (7, 4), (4, 2), (2, 10), (10, 11), (11, 15)], 2: [(1, 19), (19, 9)], 4: [(1, 18), (18, 20), (20, 16), (16, 17), (17, 12), (12, 13), (13, 14), (14, 3), (3, 5), (5, 8)]}, padri: [16], figli: [], mosse: [(4, 2, 1, 18, 19)]
bestSolutionIndice: 17
17 -> costo: 96305.20000000001, rotte: {3: [(1, 6), (6, 7), (7, 4), (4, 2), (2, 10), (10, 11), (11, 15)], 2: [(1, 19), (19, 9)], 4: [(1, 18), (18, 20), (20, 16), (16, 17), (17, 12), (12, 13), (13, 14), (14, 3), (3, 5), (5, 8)]}, padri: [16], figli: [], mosse: [(4, 2, 1, 18, 19)]
trasportoPalletDiGamma: {3: [(6, 15), (7, 16), (4, 13), (2, 11), (10, 19), (11, 20), (15, 4)], 2: [(19, 6), (9, 18)], 4: [(18, 19), (20, 11), (16, 5), (17, 6), (12, 1), (13, 2), (14, 3), (3, 12), (5, 14), (8, 17)]}
itMosseLS: 18, itMosseTS: 5
time elapsed: 291.06s.


##########################################################################################
s: 1
dictSolutions[1]:
0 -> costo: 171360.3, rotte: {2: [(1, 6), (6, 16), (16, 17), (17, 10), (10, 19)], 4: [(1, 15), (15, 4), (4, 2), (2, 18), (18, 7), (7, 14), (14, 12), (12, 19)], 3: [(1, 8), (8, 20), (20, 9), (9, 11), (11, 3), (3, 13), (13, 5)]}, padri: [-1], figli: [1], mosse: [-1]
1 -> costo: 158068.2, rotte: {2: [(1, 6), (6, 16), (16, 17), (17, 10), (10, 19)], 4: [(1, 15), (15, 4), (4, 2), (2, 18), (18, 7), (7, 14), (14, 12), (12, 19)], 3: [(1, 20), (20, 8), (8, 9), (9, 11), (11, 3), (3, 13), (13, 5)]}, padri: [0], figli: [2], mosse: [(3, 3, 20, 8, 17)]
2 -> costo: 146175.5, rotte: {2: [(1, 6), (6, 16), (16, 17), (17, 10), (10, 19)], 4: [(1, 15), (15, 4), (4, 2), (2, 18), (18, 7), (7, 14), (14, 12), (12, 19)], 3: [(1, 20), (20, 8), (8, 9), (9, 11), (11, 13), (13, 3), (3, 5)]}, padri: [1], figli: [3], mosse: [(3, 3, 13, 3, 12)]
3 -> costo: 138062.09999999998, rotte: {2: [(1, 16), (16, 17), (17, 10), (10, 19)], 4: [(1, 15), (15, 4), (4, 2), (2, 18), (18, 7), (7, 6), (6, 14), (14, 12), (12, 19)], 3: [(1, 20), (20, 8), (8, 9), (9, 11), (11, 13), (13, 3), (3, 5)]}, padri: [2], figli: [4], mosse: [(4, 2, 7, 6, 15)]
4 -> costo: 118420.39999999998, rotte: {2: [(1, 16), (16, 17), (17, 15), (15, 10), (10, 19)], 4: [(1, 4), (4, 2), (2, 18), (18, 7), (7, 6), (6, 14), (14, 12), (12, 19)], 3: [(1, 20), (20, 8), (8, 9), (9, 11), (11, 13), (13, 3), (3, 5)]}, padri: [3], figli: [5], mosse: [(2, 4, 17, 15, 4)]
5 -> costo: 110084.09999999998, rotte: {2: [(1, 16), (16, 17), (17, 15), (15, 10), (10, 19)], 4: [(1, 4), (4, 2), (2, 18), (18, 7), (7, 6), (6, 14), (14, 12)], 3: [(1, 20), (20, 8), (8, 9), (9, 11), (11, 13), (13, 3), (3, 5)]}, padri: [4], figli: [6], mosse: [(2, 4, 1, 19, 1)]
6 -> costo: 105086.59999999998, rotte: {2: [(1, 19), (19, 16), (16, 17), (17, 15), (15, 10)], 4: [(1, 4), (4, 2), (2, 18), (18, 7), (7, 6), (6, 14), (14, 12)], 3: [(1, 20), (20, 8), (8, 9), (9, 11), (11, 13), (13, 3), (3, 5)]}, padri: [5], figli: [7], mosse: [(2, 2, 1, 19, 6)]
7 -> costo: 97618.19999999998, rotte: {2: [(1, 19), (19, 10), (10, 16), (16, 17), (17, 15)], 4: [(1, 4), (4, 2), (2, 18), (18, 7), (7, 6), (6, 14), (14, 12)], 3: [(1, 20), (20, 8), (8, 9), (9, 11), (11, 13), (13, 3), (3, 5)]}, padri: [6], figli: [8], mosse: [(2, 2, 19, 10, 19)]
8 -> costo: 95732.09999999998, rotte: {2: [(1, 19), (19, 10), (10, 16), (16, 17), (17, 15)], 4: [(1, 4), (4, 2), (2, 7), (7, 6), (6, 14), (14, 12), (12, 18)], 3: [(1, 20), (20, 8), (8, 9), (9, 11), (11, 13), (13, 3), (3, 5)]}, padri: [7], figli: [9], mosse: [(4, 4, 12, 18, 19)]
9 -> costo: 86811.39999999998, rotte: {2: [(1, 19), (19, 10), (10, 16), (16, 17), (17, 15)], 4: [(1, 18), (18, 4), (4, 2), (2, 7), (7, 6), (6, 14), (14, 12)], 3: [(1, 20), (20, 8), (8, 9), (9, 11), (11, 13), (13, 3), (3, 5)]}, padri: [8], figli: [10], mosse: [(4, 4, 1, 18, 19)]
10 -> costo: 84950.5, rotte: {2: [(1, 19), (19, 10), (10, 16), (16, 17), (17, 15)], 4: [(1, 18), (18, 2), (2, 4), (4, 7), (7, 6), (6, 14), (14, 12)], 3: [(1, 20), (20, 8), (8, 9), (9, 11), (11, 13), (13, 3), (3, 5)]}, padri: [9], figli: [11, 13], mosse: [(4, 4, 2, 4, 13)]
11 -> costo: 84266.99999999999, rotte: {2: [(1, 19), (19, 10), (10, 16), (16, 17), (17, 15)], 4: [(1, 18), (18, 20), (20, 2), (2, 4), (4, 7), (7, 6), (6, 14), (14, 12)], 3: [(1, 8), (8, 9), (9, 11), (11, 13), (13, 3), (3, 5)]}, padri: [10], figli: [12, 12, 12], mosse: [(4, 3, 18, 20, 11)]
12 -> costo: 83916.49999999999, rotte: {2: [(1, 19), (19, 10), (10, 16), (16, 17), (17, 15)], 4: [(1, 18), (18, 20), (20, 2), (2, 4), (4, 7), (7, 6), (6, 12), (12, 14)], 3: [(1, 8), (8, 9), (9, 11), (11, 13), (13, 3), (3, 5)]}, padri: [11, 11, 11, 13], figli: [], mosse: [(4, 4, 6, 12, 1), (4, 4, 12, 14, 3), (4, 4, 14, 12), (4, 3, 18, 20, 11)]
13 -> costo: 84600.0, rotte: {2: [(1, 19), (19, 10), (10, 16), (16, 17), (17, 15)], 4: [(1, 18), (18, 2), (2, 4), (4, 7), (7, 6), (6, 12), (12, 14)], 3: [(1, 20), (20, 8), (8, 9), (9, 11), (11, 13), (13, 3), (3, 5)]}, padri: [10], figli: [12], mosse: [(4, 4, 6, 12, 1)]
bestSolutionIndice: 12
12 -> costo: 83916.49999999999, rotte: {2: [(1, 19), (19, 10), (10, 16), (16, 17), (17, 15)], 4: [(1, 18), (18, 20), (20, 2), (2, 4), (4, 7), (7, 6), (6, 12), (12, 14)], 3: [(1, 8), (8, 9), (9, 11), (11, 13), (13, 3), (3, 5)]}, padri: [11, 11, 11, 13], figli: [], mosse: [(4, 4, 6, 12, 1), (4, 4, 12, 14, 3), (4, 4, 14, 12), (4, 3, 18, 20, 11)]
trasportoPalletDiGamma: {2: [(19, 6), (10, 19), (16, 5), (17, 6), (15, 4)], 4: [(18, 19), (20, 11), (2, 11), (4, 13), (7, 16), (6, 15), (12, 1), (14, 3)], 3: [(8, 17), (9, 18), (11, 20), (13, 2), (3, 12), (5, 14)]}
itMosseLS: 16, itMosseTS: 5
time elapsed: 183.38s.


##########################################################################################
s: 1
dictSolutions[1]:
0 -> costo: 159431.2, rotte: {2: [(1, 18), (18, 16), (16, 11), (11, 9)], 3: [(1, 7), (7, 15), (15, 5), (5, 4), (4, 10), (10, 2), (2, 17), (17, 6)], 4: [(1, 3), (3, 19), (19, 20), (20, 8), (8, 13), (13, 14), (14, 12), (12, 9)]}, padri: [-1], figli: [1], mosse: [-1]
1 -> costo: 144543.59999999998, rotte: {2: [(1, 18), (18, 16), (16, 11), (11, 9)], 3: [(1, 7), (7, 5), (5, 4), (4, 10), (10, 2), (2, 17), (17, 6), (6, 15)], 4: [(1, 3), (3, 19), (19, 20), (20, 8), (8, 13), (13, 14), (14, 12), (12, 9)]}, padri: [0], figli: [2], mosse: [(3, 3, 6, 15, 4)]
2 -> costo: 119348.7, rotte: {2: [(1, 18), (18, 16), (16, 11), (11, 9)], 3: [(1, 7), (7, 5), (5, 4), (4, 10), (10, 2), (2, 6), (6, 17), (17, 15)], 4: [(1, 3), (3, 19), (19, 20), (20, 8), (8, 13), (13, 14), (14, 12), (12, 9)]}, padri: [1], figli: [3], mosse: [(3, 3, 6, 17, 6)]
3 -> costo: 110057.1, rotte: {2: [(1, 18), (18, 16), (16, 11), (11, 9)], 3: [(1, 7), (7, 5), (5, 4), (4, 10), (10, 2), (2, 6), (6, 17), (17, 15)], 4: [(1, 19), (19, 20), (20, 3), (3, 8), (8, 13), (13, 14), (14, 12), (12, 9)]}, padri: [2], figli: [4], mosse: [(4, 4, 20, 3, 12)]
4 -> costo: 103376.8, rotte: {2: [(1, 18), (18, 16), (16, 11)], 3: [(1, 7), (7, 5), (5, 4), (4, 10), (10, 2), (2, 6), (6, 17), (17, 15)], 4: [(1, 19), (19, 20), (20, 3), (3, 8), (8, 13), (13, 14), (14, 12), (12, 9)]}, padri: [3], figli: [5], mosse: [(4, 2, 1, 9, 6)]
5 -> costo: 97375.8, rotte: {2: [(1, 18), (18, 16), (16, 11)], 3: [(1, 7), (7, 5), (5, 4), (4, 10), (10, 2), (2, 6), (6, 17), (17, 15)], 4: [(1, 19), (19, 20), (20, 3), (3, 8), (8, 9), (9, 13), (13, 14), (14, 12)]}, padri: [4], figli: [6], mosse: [(4, 4, 8, 9, 18)]
6 -> costo: 94069.2, rotte: {2: [(1, 18), (18, 11), (11, 16)], 3: [(1, 7), (7, 5), (5, 4), (4, 10), (10, 2), (2, 6), (6, 17), (17, 15)], 4: [(1, 19), (19, 20), (20, 3), (3, 8), (8, 9), (9, 13), (13, 14), (14, 12)]}, padri: [5], figli: [7], mosse: [(2, 2, 16, 11)]
7 -> costo: 92805.8, rotte: {2: [(1, 18), (18, 11), (11, 16)], 3: [(1, 5), (5, 4), (4, 10), (10, 2), (2, 6), (6, 17), (17, 15)], 4: [(1, 19), (19, 20), (20, 3), (3, 7), (7, 8), (8, 9), (9, 13), (13, 14), (14, 12)]}, padri: [6], figli: [8], mosse: [(4, 3, 3, 7, 16)]
8 -> costo: 91960.2, rotte: {2: [(1, 18), (18, 11), (11, 16)], 3: [(1, 5), (5, 4), (4, 2), (2, 6), (6, 10), (10, 17), (17, 15)], 4: [(1, 19), (19, 20), (20, 3), (3, 7), (7, 8), (8, 9), (9, 13), (13, 14), (14, 12)]}, padri: [7], figli: [9], mosse: [(3, 3, 6, 10, 19)]
9 -> costo: 91385.29999999999, rotte: {2: [(1, 18), (18, 11), (11, 16)], 3: [(1, 5), (5, 4), (4, 2), (2, 6), (6, 10), (10, 17), (17, 15)], 4: [(1, 19), (19, 20), (20, 3), (3, 7), (7, 8), (8, 9), (9, 13), (13, 12), (12, 14)]}, padri: [8], figli: [10], mosse: [(4, 4, 14, 12)]
10 -> costo: 90826.19999999998, rotte: {2: [(1, 18), (18, 11), (11, 16)], 3: [(1, 19), (19, 5), (5, 4), (4, 2), (2, 6), (6, 10), (10, 17), (17, 15)], 4: [(1, 20), (20, 3), (3, 7), (7, 8), (8, 9), (9, 13), (13, 12), (12, 14)]}, padri: [9], figli: [11], mosse: [(3, 4, 1, 19, 6)]
11 -> costo: 90018.19999999998, rotte: {2: [(1, 11), (11, 16)], 3: [(1, 19), (19, 5), (5, 4), (4, 2), (2, 6), (6, 10), (10, 17), (17, 15)], 4: [(1, 18), (18, 20), (20, 3), (3, 7), (7, 8), (8, 9), (9, 13), (13, 12), (12, 14)]}, padri: [10], figli: [12, 14], mosse: [(4, 2, 1, 18, 19)]
12 -> costo: 89486.29999999999, rotte: {2: [(1, 11), (11, 16)], 3: [(1, 19), (19, 4), (4, 2), (2, 5), (5, 6), (6, 10), (10, 17), (17, 15)], 4: [(1, 18), (18, 20), (20, 3), (3, 7), (7, 8), (8, 9), (9, 13), (13, 12), (12, 14)]}, padri: [11], figli: [13, 15], mosse: [(3, 3, 2, 5, 14)]
13 -> costo: 89121.59999999999, rotte: {2: [(1, 11), (11, 16)], 3: [(1, 19), (19, 2), (2, 4), (4, 5), (5, 6), (6, 10), (10, 17), (17, 15)], 4: [(1, 18), (18, 20), (20, 3), (3, 7), (7, 8), (8, 9), (9, 13), (13, 12), (12, 14)]}, padri: [12, 14, 15, 16], figli: [], mosse: [(3, 3, 2, 4, 13), (3, 3, 4, 5, 14), (3, 3, 4, 5, 14), (3, 3, 5, 6, 15)]
14 -> costo: 89991.7, rotte: {2: [(1, 11), (11, 16)], 3: [(1, 19), (19, 5), (5, 2), (2, 4), (4, 6), (6, 10), (10, 17), (17, 15)], 4: [(1, 18), (18, 20), (20, 3), (3, 7), (7, 8), (8, 9), (9, 13), (13, 12), (12, 14)]}, padri: [11], figli: [13, 15, 16], mosse: [(3, 3, 2, 4, 13)]
15 -> costo: 89620.29999999999, rotte: {2: [(1, 11), (11, 16)], 3: [(1, 19), (19, 2), (2, 5), (5, 4), (4, 6), (6, 10), (10, 17), (17, 15)], 4: [(1, 18), (18, 20), (20, 3), (3, 7), (7, 8), (8, 9), (9, 13), (13, 12), (12, 14)]}, padri: [14], figli: [13], mosse: [(3, 3, 2, 5, 14)]
16 -> costo: 89733.4, rotte: {2: [(1, 11), (11, 16)], 3: [(1, 19), (19, 2), (2, 4), (4, 6), (6, 5), (5, 10), (10, 17), (17, 15)], 4: [(1, 18), (18, 20), (20, 3), (3, 7), (7, 8), (8, 9), (9, 13), (13, 12), (12, 14)]}, padri: [14], figli: [13], mosse: [(3, 3, 6, 5, 14)]
bestSolutionIndice: 13
13 -> costo: 89121.59999999999, rotte: {2: [(1, 11), (11, 16)], 3: [(1, 19), (19, 2), (2, 4), (4, 5), (5, 6), (6, 10), (10, 17), (17, 15)], 4: [(1, 18), (18, 20), (20, 3), (3, 7), (7, 8), (8, 9), (9, 13), (13, 12), (12, 14)]}, padri: [12, 14, 15, 16], figli: [], mosse: [(3, 3, 2, 4, 13), (3, 3, 4, 5, 14), (3, 3, 4, 5, 14), (3, 3, 5, 6, 15)]
trasportoPalletDiGamma: {2: [(11, 20), (16, 5)], 3: [(19, 6), (2, 11), (4, 13), (5, 14), (6, 15), (10, 19), (17, 6), (15, 4)], 4: [(18, 19), (20, 11), (3, 12), (7, 16), (8, 17), (9, 18), (13, 2), (12, 1), (14, 3)]}
itMosseLS: 19, itMosseTS: 5
time elapsed: 285.15s.


##########################################################################################
s: 1
dictSolutions[1]:
0 -> costo: 148516.7, rotte: {4: [(1, 17), (17, 15), (15, 16), (16, 4), (4, 7), (7, 8), (8, 20), (20, 14), (14, 18)], 2: [(1, 5), (5, 11), (11, 18)], 3: [(1, 12), (12, 9), (9, 6), (6, 13), (13, 3), (3, 10), (10, 19), (19, 2)]}, padri: [-1], figli: [1], mosse: [-1]
1 -> costo: 138526.4, rotte: {4: [(1, 17), (17, 15), (15, 16), (16, 4), (4, 7), (7, 8), (8, 20), (20, 14), (14, 18)], 2: [(1, 5), (5, 11)], 3: [(1, 12), (12, 9), (9, 6), (6, 13), (13, 3), (3, 10), (10, 19), (19, 2)]}, padri: [0], figli: [2], mosse: [(4, 2, 1, 18, 16)]
2 -> costo: 128538.10000000002, rotte: {4: [(1, 18), (18, 17), (17, 15), (15, 16), (16, 4), (4, 7), (7, 8), (8, 20), (20, 14)], 2: [(1, 5), (5, 11)], 3: [(1, 12), (12, 9), (9, 6), (6, 13), (13, 3), (3, 10), (10, 19), (19, 2)]}, padri: [1], figli: [3], mosse: [(4, 4, 1, 18, 19)]
3 -> costo: 120834.20000000003, rotte: {4: [(1, 18), (18, 17), (17, 15), (15, 16), (16, 4), (4, 7), (7, 8), (8, 20), (20, 14)], 2: [(1, 5), (5, 11), (11, 12)], 3: [(1, 9), (9, 6), (6, 13), (13, 3), (3, 10), (10, 19), (19, 2)]}, padri: [2], figli: [4], mosse: [(2, 3, 11, 12, 1)]
4 -> costo: 116148.70000000003, rotte: {4: [(1, 18), (18, 17), (17, 15), (15, 16), (16, 4), (4, 7), (7, 8), (8, 20), (20, 14)], 2: [(1, 5), (5, 11), (11, 12)], 3: [(1, 9), (9, 6), (6, 3), (3, 10), (10, 19), (19, 2), (2, 13)]}, padri: [3], figli: [5], mosse: [(3, 3, 2, 13, 2)]
5 -> costo: 113174.1, rotte: {4: [(1, 18), (18, 17), (17, 15), (15, 16), (16, 4), (4, 7), (7, 8), (8, 20), (20, 14)], 2: [(1, 11), (11, 12)], 3: [(1, 9), (9, 6), (6, 5), (5, 3), (3, 10), (10, 19), (19, 2), (2, 13)]}, padri: [4], figli: [6], mosse: [(3, 2, 6, 5, 14)]
6 -> costo: 111238.20000000001, rotte: {4: [(1, 18), (18, 17), (17, 15), (15, 16), (16, 4), (4, 7), (7, 8), (8, 20), (20, 14)], 2: [(1, 11), (11, 12)], 3: [(1, 9), (9, 6), (6, 5), (5, 3), (3, 10), (10, 2), (2, 19), (19, 13)]}, padri: [5], figli: [7], mosse: [(3, 3, 2, 19, 6)]
7 -> costo: 109366.10000000002, rotte: {4: [(1, 18), (18, 17), (17, 15), (15, 16), (16, 14), (14, 4), (4, 7), (7, 8), (8, 20)], 2: [(1, 11), (11, 12)], 3: [(1, 9), (9, 6), (6, 5), (5, 3), (3, 10), (10, 2), (2, 19), (19, 13)]}, padri: [6], figli: [8], mosse: [(4, 4, 16, 14, 3)]
8 -> costo: 101761.90000000001, rotte: {4: [(1, 18), (18, 20), (20, 17), (17, 15), (15, 16), (16, 14), (14, 4), (4, 7), (7, 8)], 2: [(1, 11), (11, 12)], 3: [(1, 9), (9, 6), (6, 5), (5, 3), (3, 10), (10, 2), (2, 19), (19, 13)]}, padri: [7], figli: [9], mosse: [(4, 4, 18, 20, 11)]
9 -> costo: 100222.20000000001, rotte: {4: [(1, 18), (18, 20), (20, 17), (17, 15), (15, 16), (16, 14), (14, 4), (4, 7), (7, 8)], 2: [(1, 11), (11, 12)], 3: [(1, 13), (13, 9), (9, 6), (6, 5), (5, 3), (3, 10), (10, 2), (2, 19)]}, padri: [8], figli: [10], mosse: [(3, 3, 1, 13, 2)]
10 -> costo: 92825.50000000001, rotte: {4: [(1, 18), (18, 20), (20, 17), (17, 15), (15, 16), (16, 13), (13, 14), (14, 4), (4, 7), (7, 8)], 2: [(1, 11), (11, 12)], 3: [(1, 9), (9, 6), (6, 5), (5, 3), (3, 10), (10, 2), (2, 19)]}, padri: [9], figli: [11], mosse: [(4, 3, 16, 13, 2)]
11 -> costo: 87866.40000000001, rotte: {4: [(1, 18), (18, 20), (20, 17), (17, 15), (15, 16), (16, 13), (13, 14), (14, 4), (4, 7), (7, 8)], 2: [(1, 11), (11, 12)], 3: [(1, 19), (19, 9), (9, 6), (6, 5), (5, 3), (3, 10), (10, 2)]}, padri: [10], figli: [12], mosse: [(3, 3, 1, 19, 6)]
12 -> costo: 86044.8, rotte: {4: [(1, 18), (18, 20), (20, 17), (17, 15), (15, 16), (16, 13), (13, 14), (14, 4), (4, 7), (7, 8)], 2: [(1, 11), (11, 12)], 3: [(1, 19), (19, 6), (6, 5), (5, 3), (3, 10), (10, 2), (2, 9)]}, padri: [11], figli: [13, 17], mosse: [(3, 3, 2, 9, 18)]
13 -> costo: 84891.09999999999, rotte: {4: [(1, 18), (18, 20), (20, 17), (17, 15), (15, 16), (16, 13), (13, 14), (14, 4), (4, 7), (7, 8)], 2: [(1, 11), (11, 12)], 3: [(1, 19), (19, 6), (6, 5), (5, 3), (3, 2), (2, 10), (10, 9)]}, padri: [12], figli: [14, 15, 16, 18], mosse: [(3, 3, 2, 10, 19)]
14 -> costo: 84150.09999999998, rotte: {4: [(1, 18), (18, 20), (20, 17), (17, 16), (16, 15), (15, 13), (13, 14), (14, 4), (4, 7), (7, 8)], 2: [(1, 11), (11, 12)], 3: [(1, 19), (19, 6), (6, 5), (5, 3), (3, 2), (2, 10), (10, 9)]}, padri: [13, 17], figli: [], mosse: [(4, 4, 16, 15, 4), (3, 3, 2, 10, 19)]
15 -> costo: 84150.09999999998, rotte: {4: [(1, 18), (18, 20), (20, 15), (15, 17), (17, 16), (16, 13), (13, 14), (14, 4), (4, 7), (7, 8)], 2: [(1, 11), (11, 12)], 3: [(1, 19), (19, 6), (6, 5), (5, 3), (3, 2), (2, 10), (10, 9)]}, padri: [13], figli: [], mosse: [(4, 4, 15, 17, 6)]
16 -> costo: 84150.09999999998, rotte: {4: [(1, 18), (18, 20), (20, 15), (15, 16), (16, 17), (17, 13), (13, 14), (14, 4), (4, 7), (7, 8)], 2: [(1, 11), (11, 12)], 3: [(1, 19), (19, 6), (6, 5), (5, 3), (3, 2), (2, 10), (10, 9)]}, padri: [13], figli: [], mosse: [(4, 4, 16, 17, 6)]
17 -> costo: 85303.79999999999, rotte: {4: [(1, 18), (18, 20), (20, 17), (17, 16), (16, 15), (15, 13), (13, 14), (14, 4), (4, 7), (7, 8)], 2: [(1, 11), (11, 12)], 3: [(1, 19), (19, 6), (6, 5), (5, 3), (3, 10), (10, 2), (2, 9)]}, padri: [12], figli: [14, 18], mosse: [(4, 4, 16, 15, 4)]
18 -> costo: 84862.6, rotte: {4: [(1, 18), (18, 20), (20, 17), (17, 16), (16, 15), (15, 13), (13, 14), (14, 4), (4, 7), (7, 8)], 2: [(1, 11), (11, 12)], 3: [(1, 19), (19, 5), (5, 3), (3, 10), (10, 2), (2, 6), (6, 9)]}, padri: [17], figli: [19], mosse: [(3, 3, 2, 6, 15)]
19 -> costo: 84248.6, rotte: {4: [(1, 18), (18, 20), (20, 17), (17, 16), (16, 15), (15, 13), (13, 14), (14, 4), (4, 7), (7, 8)], 2: [(1, 11), (11, 12)], 3: [(1, 19), (19, 3), (3, 10), (10, 2), (2, 5), (5, 6), (6, 9)]}, padri: [18], figli: [20], mosse: [(3, 3, 2, 5, 14)]
20 -> costo: 83860.7, rotte: {4: [(1, 18), (18, 20), (20, 17), (17, 16), (16, 15), (15, 13), (13, 14), (14, 4), (4, 7), (7, 8)], 2: [(1, 11), (11, 12)], 3: [(1, 19), (19, 10), (10, 2), (2, 3), (3, 5), (5, 6), (6, 9)]}, padri: [19], figli: [21], mosse: [(3, 3, 2, 3, 12)]
21 -> costo: 83622.49999999999, rotte: {4: [(1, 18), (18, 20), (20, 17), (17, 16), (16, 15), (15, 13), (13, 14), (14, 4), (4, 7), (7, 8)], 2: [(1, 11), (11, 12)], 3: [(1, 19), (19, 2), (2, 3), (3, 5), (5, 6), (6, 10), (10, 9)]}, padri: [20], figli: [], mosse: [(3, 3, 6, 10, 19)]
bestSolutionIndice: 21
21 -> costo: 83622.49999999999, rotte: {4: [(1, 18), (18, 20), (20, 17), (17, 16), (16, 15), (15, 13), (13, 14), (14, 4), (4, 7), (7, 8)], 2: [(1, 11), (11, 12)], 3: [(1, 19), (19, 2), (2, 3), (3, 5), (5, 6), (6, 10), (10, 9)]}, padri: [20], figli: [], mosse: [(3, 3, 6, 10, 19)]
trasportoPalletDiGamma: {4: [(18, 19), (20, 11), (17, 6), (16, 5), (15, 4), (13, 2), (14, 3), (4, 13), (7, 16), (8, 17)], 2: [(11, 20), (12, 1)], 3: [(19, 6), (2, 11), (3, 12), (5, 14), (6, 15), (10, 19), (9, 18)]}
itMosseLS: 22, itMosseTS: 5
time elapsed: 282.48s.


##########################################################################################
s: 1
dictSolutions[1]:
0 -> costo: 174753.50000000003, rotte: {2: [(1, 3), (3, 11), (11, 9)], 4: [(1, 18), (18, 15), (15, 8), (8, 4), (4, 10), (10, 20), (20, 7), (7, 6)], 3: [(1, 5), (5, 16), (16, 19), (19, 14), (14, 2), (2, 12), (12, 17), (17, 13), (13, 6)]}, padri: [-1], figli: [1], mosse: [-1]
1 -> costo: 153836.30000000002, rotte: {2: [(1, 3), (3, 11), (11, 9)], 4: [(1, 18), (18, 15), (15, 8), (8, 4), (4, 10), (10, 20), (20, 7), (7, 6)], 3: [(1, 5), (5, 19), (19, 14), (14, 2), (2, 12), (12, 16), (16, 17), (17, 13), (13, 6)]}, padri: [0], figli: [2], mosse: [(3, 3, 12, 16, 5)]
2 -> costo: 142622.40000000002, rotte: {2: [(1, 3), (3, 11), (11, 9)], 4: [(1, 18), (18, 15), (15, 8), (8, 4), (4, 10), (10, 20), (20, 7), (7, 6)], 3: [(1, 5), (5, 19), (19, 14), (14, 12), (12, 16), (16, 17), (17, 13), (13, 2), (2, 6)]}, padri: [1], figli: [3], mosse: [(3, 3, 13, 2, 11)]
3 -> costo: 132212.40000000002, rotte: {2: [(1, 3), (3, 11), (11, 9)], 4: [(1, 18), (18, 15), (15, 8), (8, 4), (4, 10), (10, 20), (20, 7), (7, 6)], 3: [(1, 19), (19, 14), (14, 12), (12, 16), (16, 17), (17, 13), (13, 2), (2, 5), (5, 6)]}, padri: [2], figli: [4], mosse: [(3, 3, 2, 5, 14)]
4 -> costo: 126135.60000000002, rotte: {2: [(1, 3), (3, 11), (11, 9)], 4: [(1, 18), (18, 8), (8, 4), (4, 10), (10, 20), (20, 7), (7, 6), (6, 15)], 3: [(1, 19), (19, 14), (14, 12), (12, 16), (16, 17), (17, 13), (13, 2), (2, 5), (5, 6)]}, padri: [3], figli: [5], mosse: [(4, 4, 6, 15, 4)]
5 -> costo: 118429.40000000002, rotte: {2: [(1, 3), (3, 11), (11, 9)], 4: [(1, 18), (18, 8), (8, 4), (4, 10), (10, 7), (7, 6), (6, 20), (20, 15)], 3: [(1, 19), (19, 14), (14, 12), (12, 16), (16, 17), (17, 13), (13, 2), (2, 5), (5, 6)]}, padri: [4], figli: [6], mosse: [(4, 4, 6, 20, 11)]
6 -> costo: 115985.20000000001, rotte: {2: [(1, 3), (3, 11), (11, 9)], 4: [(1, 18), (18, 8), (8, 10), (10, 4), (4, 7), (7, 6), (6, 20), (20, 15)], 3: [(1, 19), (19, 14), (14, 12), (12, 16), (16, 17), (17, 13), (13, 2), (2, 5), (5, 6)]}, padri: [5], figli: [7], mosse: [(4, 4, 10, 4, 13)]
7 -> costo: 113669.8, rotte: {2: [(1, 11), (11, 9)], 4: [(1, 18), (18, 8), (8, 10), (10, 4), (4, 7), (7, 6), (6, 20), (20, 15)], 3: [(1, 19), (19, 14), (14, 12), (12, 16), (16, 17), (17, 13), (13, 2), (2, 3), (3, 5), (5, 6)]}, padri: [6], figli: [8], mosse: [(3, 2, 2, 3, 12)]
8 -> costo: 105886.29999999999, rotte: {2: [(1, 9)], 4: [(1, 18), (18, 8), (8, 10), (10, 4), (4, 7), (7, 6), (6, 20), (20, 15)], 3: [(1, 19), (19, 14), (14, 11), (11, 12), (12, 16), (16, 17), (17, 13), (13, 2), (2, 3), (3, 5), (5, 6)]}, padri: [7], figli: [9, 12], mosse: [(3, 2, 14, 11, 20)]
9 -> costo: 105576.7, rotte: {2: [(1, 9)], 4: [(1, 18), (18, 10), (10, 4), (4, 7), (7, 6), (6, 8), (8, 20), (20, 15)], 3: [(1, 19), (19, 14), (14, 11), (11, 12), (12, 16), (16, 17), (17, 13), (13, 2), (2, 3), (3, 5), (5, 6)]}, padri: [8, 12], figli: [10, 11], mosse: [(4, 4, 6, 8, 17), (4, 4, 6, 8, 17)]
10 -> costo: 104532.90000000001, rotte: {2: [(1, 9)], 4: [(1, 18), (18, 4), (4, 7), (7, 6), (6, 8), (8, 10), (10, 20), (20, 15)], 3: [(1, 19), (19, 14), (14, 11), (11, 12), (12, 16), (16, 17), (17, 13), (13, 2), (2, 3), (3, 5), (5, 6)]}, padri: [9, 11], figli: [], mosse: [(4, 4, 8, 10, 19), (4, 4, 8, 10, 19)]
11 -> costo: 105550.3, rotte: {2: [(1, 9)], 4: [(1, 18), (18, 4), (4, 7), (7, 6), (6, 10), (10, 8), (8, 20), (20, 15)], 3: [(1, 19), (19, 14), (14, 11), (11, 12), (12, 16), (16, 17), (17, 13), (13, 2), (2, 3), (3, 5), (5, 6)]}, padri: [9], figli: [10], mosse: [(4, 4, 6, 10, 19)]
12 -> costo: 105823.7, rotte: {2: [(1, 9)], 4: [(1, 18), (18, 10), (10, 8), (8, 4), (4, 7), (7, 6), (6, 20), (20, 15)], 3: [(1, 19), (19, 14), (14, 11), (11, 12), (12, 16), (16, 17), (17, 13), (13, 2), (2, 3), (3, 5), (5, 6)]}, padri: [8], figli: [9], mosse: [(4, 4, 10, 8, 17)]
bestSolutionIndice: 10
10 -> costo: 104532.90000000001, rotte: {2: [(1, 9)], 4: [(1, 18), (18, 4), (4, 7), (7, 6), (6, 8), (8, 10), (10, 20), (20, 15)], 3: [(1, 19), (19, 14), (14, 11), (11, 12), (12, 16), (16, 17), (17, 13), (13, 2), (2, 3), (3, 5), (5, 6)]}, padri: [9, 11], figli: [], mosse: [(4, 4, 8, 10, 19), (4, 4, 8, 10, 19)]
trasportoPalletDiGamma: {2: [(9, 18)], 4: [(18, 19), (4, 13), (7, 16), (6, 1), (8, 17), (10, 19), (20, 11), (15, 4)], 3: [(19, 6), (14, 3), (11, 20), (12, 1), (16, 5), (17, 6), (13, 2), (2, 11), (3, 12), (5, 14), (6, 14)]}
itMosseLS: 14, itMosseTS: 5
time elapsed: 326.19s.


##########################################################################################
s: 1
dictSolutions[1]:
0 -> costo: 175014.2, rotte: {4: [(1, 18), (18, 4), (4, 7), (7, 3), (3, 12), (12, 20), (20, 5), (5, 2)], 2: [(1, 11), (11, 19), (19, 9), (9, 16), (16, 2)], 3: [(1, 10), (10, 6), (6, 17), (17, 14), (14, 15), (15, 13), (13, 8)]}, padri: [-1], figli: [1], mosse: [-1]
1 -> costo: 150098.9, rotte: {4: [(1, 18), (18, 4), (4, 7), (7, 3), (3, 12), (12, 20), (20, 5), (5, 2)], 2: [(1, 11), (11, 19), (19, 9), (9, 16), (16, 2)], 3: [(1, 10), (10, 6), (6, 17), (17, 15), (15, 13), (13, 14), (14, 8)]}, padri: [0], figli: [2], mosse: [(3, 3, 13, 14, 3)]
2 -> costo: 132815.0, rotte: {4: [(1, 18), (18, 4), (4, 7), (7, 3), (3, 12), (12, 20), (20, 5), (5, 2)], 2: [(1, 19), (19, 9), (9, 16), (16, 2)], 3: [(1, 10), (10, 6), (6, 17), (17, 15), (15, 13), (13, 11), (11, 14), (14, 8)]}, padri: [1], figli: [3], mosse: [(3, 2, 13, 11, 20)]
3 -> costo: 119456.6, rotte: {4: [(1, 18), (18, 4), (4, 7), (7, 3), (3, 12), (12, 20), (20, 5), (5, 2)], 2: [(1, 19), (19, 9), (9, 16)], 3: [(1, 10), (10, 6), (6, 17), (17, 15), (15, 13), (13, 11), (11, 14), (14, 8)]}, padri: [2], figli: [4], mosse: [(4, 2, 1, 2, 1)]
4 -> costo: 117132.9, rotte: {4: [(1, 18), (18, 4), (4, 7), (7, 3), (3, 12), (12, 20), (20, 5), (5, 2)], 2: [(1, 19), (19, 9), (9, 16)], 3: [(1, 10), (10, 8), (8, 6), (6, 17), (17, 15), (15, 13), (13, 11), (11, 14)]}, padri: [3], figli: [5], mosse: [(3, 3, 10, 8, 17)]
5 -> costo: 115139.9, rotte: {4: [(1, 18), (18, 4), (4, 7), (7, 3), (3, 20), (20, 5), (5, 2), (2, 12)], 2: [(1, 19), (19, 9), (9, 16)], 3: [(1, 10), (10, 8), (8, 6), (6, 17), (17, 15), (15, 13), (13, 11), (11, 14)]}, padri: [4], figli: [6], mosse: [(4, 4, 2, 12, 1)]
6 -> costo: 111417.3, rotte: {4: [(1, 18), (18, 4), (4, 7), (7, 3), (3, 5), (5, 2), (2, 20), (20, 12)], 2: [(1, 19), (19, 9), (9, 16)], 3: [(1, 10), (10, 8), (8, 6), (6, 17), (17, 15), (15, 13), (13, 11), (11, 14)]}, padri: [5], figli: [7, 10], mosse: [(4, 4, 2, 20, 11)]
7 -> costo: 111030.5, rotte: {4: [(1, 18), (18, 4), (4, 7), (7, 5), (5, 3), (3, 2), (2, 20), (20, 12)], 2: [(1, 19), (19, 9), (9, 16)], 3: [(1, 10), (10, 8), (8, 6), (6, 17), (17, 15), (15, 13), (13, 11), (11, 14)]}, padri: [6], figli: [8, 11, 12], mosse: [(4, 4, 5, 3, 12)]
8 -> costo: 110844.2, rotte: {4: [(1, 18), (18, 4), (4, 7), (7, 5), (5, 3), (3, 2), (2, 20), (20, 12)], 2: [(1, 19), (19, 9), (9, 10), (10, 16)], 3: [(1, 8), (8, 6), (6, 17), (17, 15), (15, 13), (13, 11), (11, 14)]}, padri: [7, 10, 11], figli: [9], mosse: [(2, 3, 9, 10, 19), (4, 4, 5, 3, 12), (4, 4, 3, 2, 11)]
9 -> costo: 110819.49999999999, rotte: {4: [(1, 18), (18, 4), (4, 7), (7, 5), (5, 3), (3, 2), (2, 20), (20, 12)], 2: [(1, 19), (19, 9), (9, 10), (10, 16)], 3: [(1, 6), (6, 8), (8, 17), (17, 15), (15, 13), (13, 11), (11, 14)]}, padri: [8, 12], figli: [], mosse: [(3, 3, 6, 8, 17), (4, 4, 3, 2, 11)]
10 -> costo: 111231.0, rotte: {4: [(1, 18), (18, 4), (4, 7), (7, 3), (3, 5), (5, 2), (2, 20), (20, 12)], 2: [(1, 19), (19, 9), (9, 10), (10, 16)], 3: [(1, 8), (8, 6), (6, 17), (17, 15), (15, 13), (13, 11), (11, 14)]}, padri: [6], figli: [8, 11, 12], mosse: [(2, 3, 9, 10, 19)]
11 -> costo: 111126.79999999999, rotte: {4: [(1, 18), (18, 4), (4, 7), (7, 5), (5, 2), (2, 3), (3, 20), (20, 12)], 2: [(1, 19), (19, 9), (9, 10), (10, 16)], 3: [(1, 8), (8, 6), (6, 17), (17, 15), (15, 13), (13, 11), (11, 14)]}, padri: [10], figli: [8, 12], mosse: [(4, 4, 2, 3, 12)]
12 -> costo: 111102.09999999999, rotte: {4: [(1, 18), (18, 4), (4, 7), (7, 5), (5, 2), (2, 3), (3, 20), (20, 12)], 2: [(1, 19), (19, 9), (9, 10), (10, 16)], 3: [(1, 6), (6, 8), (8, 17), (17, 15), (15, 13), (13, 11), (11, 14)]}, padri: [11], figli: [9], mosse: [(3, 3, 6, 8, 17)]
bestSolutionIndice: 9
9 -> costo: 110819.49999999999, rotte: {4: [(1, 18), (18, 4), (4, 7), (7, 5), (5, 3), (3, 2), (2, 20), (20, 12)], 2: [(1, 19), (19, 9), (9, 10), (10, 16)], 3: [(1, 6), (6, 8), (8, 17), (17, 15), (15, 13), (13, 11), (11, 14)]}, padri: [8, 12], figli: [], mosse: [(3, 3, 6, 8, 17), (4, 4, 3, 2, 11)]
trasportoPalletDiGamma: {4: [(18, 19), (4, 13), (7, 16), (5, 14), (3, 12), (2, 11), (20, 11), (12, 1)], 2: [(19, 6), (9, 18), (10, 19), (16, 5)], 3: [(6, 15), (8, 17), (17, 6), (15, 4), (13, 2), (11, 20), (14, 3)]}
itMosseLS: 15, itMosseTS: 5
time elapsed: 295.73s.


##########################################################################################
s: 1
dictSolutions[1]:
0 -> costo: 168566.1, rotte: {2: [(1, 18), (18, 7), (7, 10)], 4: [(1, 11), (11, 17), (17, 13), (13, 2), (2, 14), (14, 15), (15, 5), (5, 12), (12, 10)], 3: [(1, 4), (4, 6), (6, 19), (19, 9), (9, 8), (8, 20), (20, 3), (3, 16)]}, padri: [-1], figli: [1], mosse: [-1]
1 -> costo: 144027.09999999998, rotte: {2: [(1, 18), (18, 7), (7, 10)], 4: [(1, 11), (11, 13), (13, 2), (2, 14), (14, 17), (17, 15), (15, 5), (5, 12), (12, 10)], 3: [(1, 4), (4, 6), (6, 19), (19, 9), (9, 8), (8, 20), (20, 3), (3, 16)]}, padri: [0], figli: [2], mosse: [(4, 4, 14, 17, 6)]
2 -> costo: 132196.8, rotte: {2: [(1, 18), (18, 7), (7, 10)], 4: [(1, 11), (11, 13), (13, 14), (14, 17), (17, 15), (15, 2), (2, 5), (5, 12), (12, 10)], 3: [(1, 4), (4, 6), (6, 19), (19, 9), (9, 8), (8, 20), (20, 3), (3, 16)]}, padri: [1], figli: [3], mosse: [(4, 4, 15, 2, 11)]
3 -> costo: 124211.19999999998, rotte: {2: [(1, 18), (18, 7), (7, 10)], 4: [(1, 11), (11, 13), (13, 14), (14, 17), (17, 15), (15, 2), (2, 5), (5, 12), (12, 10)], 3: [(1, 4), (4, 6), (6, 9), (9, 8), (8, 20), (20, 19), (19, 3), (3, 16)]}, padri: [2], figli: [4], mosse: [(3, 3, 20, 19, 6)]
4 -> costo: 119473.09999999998, rotte: {2: [(1, 18), (18, 7), (7, 10)], 4: [(1, 11), (11, 13), (13, 14), (14, 17), (17, 15), (15, 2), (2, 5), (5, 10), (10, 12)], 3: [(1, 4), (4, 6), (6, 9), (9, 8), (8, 20), (20, 19), (19, 3), (3, 16)]}, padri: [3], figli: [5], mosse: [(4, 4, 5, 10, 4)]
5 -> costo: 113369.19999999998, rotte: {2: [(1, 18), (18, 7), (7, 10)], 4: [(1, 11), (11, 13), (13, 14), (14, 12), (12, 17), (17, 15), (15, 2), (2, 5), (5, 10)], 3: [(1, 4), (4, 6), (6, 9), (9, 8), (8, 20), (20, 19), (19, 3), (3, 16)]}, padri: [4], figli: [6], mosse: [(4, 4, 14, 12, 1)]
6 -> costo: 111309.59999999998, rotte: {2: [(1, 18), (18, 7)], 4: [(1, 11), (11, 13), (13, 14), (14, 12), (12, 17), (17, 15), (15, 2), (2, 5), (5, 10)], 3: [(1, 4), (4, 6), (6, 9), (9, 8), (8, 20), (20, 19), (19, 3), (3, 16)]}, padri: [5], figli: [7], mosse: [(4, 2, 1, 10, 15)]
7 -> costo: 109635.4, rotte: {2: [(1, 18), (18, 4), (4, 7)], 4: [(1, 11), (11, 13), (13, 14), (14, 12), (12, 17), (17, 15), (15, 2), (2, 5), (5, 10)], 3: [(1, 6), (6, 9), (9, 8), (8, 20), (20, 19), (19, 3), (3, 16)]}, padri: [6], figli: [8], mosse: [(2, 3, 18, 4, 13)]
8 -> costo: 108708.10000000002, rotte: {2: [(1, 18), (18, 4), (4, 7)], 4: [(1, 11), (11, 13), (13, 14), (14, 12), (12, 17), (17, 15), (15, 2), (2, 5), (5, 10)], 3: [(1, 6), (6, 9), (9, 8), (8, 19), (19, 3), (3, 20), (20, 16)]}, padri: [7], figli: [9], mosse: [(3, 3, 3, 20, 11)]
9 -> costo: 101856.70000000001, rotte: {2: [(1, 18), (18, 4), (4, 7)], 4: [(1, 11), (11, 13), (13, 14), (14, 12), (12, 17), (17, 15), (15, 2), (2, 5), (5, 10)], 3: [(1, 6), (6, 9), (9, 8), (8, 3), (3, 19), (19, 20), (20, 16)]}, padri: [8], figli: [10], mosse: [(3, 3, 3, 19, 6)]
10 -> costo: 101443.70000000001, rotte: {2: [(1, 18), (18, 4), (4, 7)], 4: [(1, 13), (13, 14), (14, 11), (11, 12), (12, 17), (17, 15), (15, 2), (2, 5), (5, 10)], 3: [(1, 6), (6, 9), (9, 8), (8, 3), (3, 19), (19, 20), (20, 16)]}, padri: [9], figli: [11, 14], mosse: [(4, 4, 14, 11, 20)]
11 -> costo: 101294.90000000002, rotte: {2: [(1, 18), (18, 4), (4, 7)], 4: [(1, 13), (13, 14), (14, 11), (11, 12), (12, 17), (17, 15), (15, 10), (10, 2), (2, 5)], 3: [(1, 6), (6, 9), (9, 8), (8, 3), (3, 19), (19, 20), (20, 16)]}, padri: [10], figli: [12], mosse: [(4, 4, 15, 10, 19)]
12 -> costo: 101227.30000000002, rotte: {2: [(1, 18), (18, 4), (4, 7)], 4: [(1, 13), (13, 14), (14, 11), (11, 12), (12, 17), (17, 15), (15, 10), (10, 2), (2, 5)], 3: [(1, 9), (9, 8), (8, 6), (6, 3), (3, 19), (19, 20), (20, 16)]}, padri: [11, 14], figli: [13], mosse: [(3, 3, 8, 6, 15), (4, 4, 15, 10, 19)]
13 -> costo: 101227.3, rotte: {2: [(1, 4), (4, 7)], 4: [(1, 18), (18, 13), (13, 14), (14, 11), (11, 12), (12, 17), (17, 15), (15, 10), (10, 2), (2, 5)], 3: [(1, 9), (9, 8), (8, 6), (6, 3), (3, 19), (19, 20), (20, 16)]}, padri: [12], figli: [], mosse: [(4, 2, 1, 18, 19)]
14 -> costo: 101376.1, rotte: {2: [(1, 18), (18, 4), (4, 7)], 4: [(1, 13), (13, 14), (14, 11), (11, 12), (12, 17), (17, 15), (15, 2), (2, 5), (5, 10)], 3: [(1, 9), (9, 8), (8, 6), (6, 3), (3, 19), (19, 20), (20, 16)]}, padri: [10], figli: [12], mosse: [(3, 3, 8, 6, 15)]
bestSolutionIndice: 13
13 -> costo: 101227.3, rotte: {2: [(1, 4), (4, 7)], 4: [(1, 18), (18, 13), (13, 14), (14, 11), (11, 12), (12, 17), (17, 15), (15, 10), (10, 2), (2, 5)], 3: [(1, 9), (9, 8), (8, 6), (6, 3), (3, 19), (19, 20), (20, 16)]}, padri: [12], figli: [], mosse: [(4, 2, 1, 18, 19)]
trasportoPalletDiGamma: {2: [(4, 13), (7, 16)], 4: [(18, 19), (13, 2), (14, 3), (11, 20), (12, 1), (17, 6), (15, 4), (10, 19), (2, 11), (5, 14)], 3: [(9, 18), (8, 17), (6, 15), (3, 12), (19, 6), (20, 11), (16, 5)]}
itMosseLS: 15, itMosseTS: 5
time elapsed: 235.47s.


##########################################################################################
s: 1
dictSolutions[1]:
0 -> costo: 172136.1, rotte: {4: [(1, 11), (11, 20), (20, 2), (2, 19), (19, 7), (7, 18), (18, 6)], 2: [(1, 8), (8, 14), (14, 16), (16, 17), (17, 12), (12, 5)], 3: [(1, 9), (9, 15), (15, 3), (3, 13), (13, 4), (4, 10)]}, padri: [-1], figli: [1], mosse: [-1]
1 -> costo: 158256.90000000002, rotte: {4: [(1, 20), (20, 2), (2, 19), (19, 7), (7, 18), (18, 6)], 2: [(1, 8), (8, 14), (14, 16), (16, 17), (17, 12), (12, 5)], 3: [(1, 9), (9, 15), (15, 3), (3, 11), (11, 13), (13, 4), (4, 10)]}, padri: [0], figli: [2], mosse: [(3, 4, 3, 11, 20)]
2 -> costo: 145272.30000000002, rotte: {4: [(1, 20), (20, 2), (2, 19), (19, 7), (7, 18), (18, 6)], 2: [(1, 8), (8, 14), (14, 16), (16, 17), (17, 12), (12, 5)], 3: [(1, 9), (9, 3), (3, 11), (11, 13), (13, 4), (4, 10), (10, 15)]}, padri: [1], figli: [3], mosse: [(3, 3, 10, 15, 4)]
3 -> costo: 133108.5, rotte: {4: [(1, 20), (20, 2), (2, 19), (19, 18), (18, 6), (6, 7)], 2: [(1, 8), (8, 14), (14, 16), (16, 17), (17, 12), (12, 5)], 3: [(1, 9), (9, 3), (3, 11), (11, 13), (13, 4), (4, 10), (10, 15)]}, padri: [2], figli: [4], mosse: [(4, 4, 6, 7, 16)]
4 -> costo: 126457.4, rotte: {4: [(1, 20), (20, 19), (19, 18), (18, 2), (2, 6), (6, 7)], 2: [(1, 8), (8, 14), (14, 16), (16, 17), (17, 12), (12, 5)], 3: [(1, 9), (9, 3), (3, 11), (11, 13), (13, 4), (4, 10), (10, 15)]}, padri: [3], figli: [5], mosse: [(4, 4, 18, 2, 11)]
5 -> costo: 121273.70000000001, rotte: {4: [(1, 20), (20, 19), (19, 18), (18, 2), (2, 6), (6, 7)], 2: [(1, 5), (5, 8), (8, 14), (14, 16), (16, 17), (17, 12)], 3: [(1, 9), (9, 3), (3, 11), (11, 13), (13, 4), (4, 10), (10, 15)]}, padri: [4], figli: [6], mosse: [(2, 2, 1, 5, 14)]
6 -> costo: 107938.2, rotte: {4: [(1, 20), (20, 19), (19, 18), (18, 2), (2, 6), (6, 7)], 2: [(1, 5), (5, 8), (8, 14), (14, 12), (12, 16), (16, 17)], 3: [(1, 9), (9, 3), (3, 11), (11, 13), (13, 4), (4, 10), (10, 15)]}, padri: [5], figli: [7], mosse: [(2, 2, 14, 12, 1)]
7 -> costo: 104561.79999999999, rotte: {4: [(1, 20), (20, 19), (19, 18), (18, 2), (2, 6), (6, 7), (7, 9)], 2: [(1, 5), (5, 8), (8, 14), (14, 12), (12, 16), (16, 17)], 3: [(1, 3), (3, 11), (11, 13), (13, 4), (4, 10), (10, 15)]}, padri: [6], figli: [8], mosse: [(4, 3, 7, 9, 18)]
8 -> costo: 101192.99999999999, rotte: {4: [(1, 19), (19, 18), (18, 20), (20, 2), (2, 6), (6, 7), (7, 9)], 2: [(1, 5), (5, 8), (8, 14), (14, 12), (12, 16), (16, 17)], 3: [(1, 3), (3, 11), (11, 13), (13, 4), (4, 10), (10, 15)]}, padri: [7], figli: [9], mosse: [(4, 4, 18, 20, 11)]
9 -> costo: 98804.19999999998, rotte: {4: [(1, 19), (19, 18), (18, 20), (20, 2), (2, 6), (6, 7), (7, 9)], 2: [(1, 5), (5, 8), (8, 14), (14, 12), (12, 16), (16, 17)], 3: [(1, 11), (11, 13), (13, 3), (3, 4), (4, 10), (10, 15)]}, padri: [8], figli: [10], mosse: [(3, 3, 13, 3, 12)]
10 -> costo: 97002.90000000001, rotte: {4: [(1, 18), (18, 20), (20, 2), (2, 6), (6, 7), (7, 9)], 2: [(1, 5), (5, 8), (8, 14), (14, 12), (12, 16), (16, 17)], 3: [(1, 19), (19, 11), (11, 13), (13, 3), (3, 4), (4, 10), (10, 15)]}, padri: [9], figli: [11, 11, 11, 13, 13, 13], mosse: [(3, 4, 1, 19, 6)]
11 -> costo: 96923.5, rotte: {4: [(1, 18), (18, 20), (20, 2), (2, 6), (6, 7), (7, 9)], 2: [(1, 5), (5, 8), (8, 14), (14, 12), (12, 17), (17, 16)], 3: [(1, 19), (19, 11), (11, 13), (13, 3), (3, 4), (4, 10), (10, 15)]}, padri: [10, 10, 10], figli: [12], mosse: [(2, 2, 12, 17, 6), (2, 2, 17, 16, 5), (2, 2, 16, 17)]
12 -> costo: 96917.8, rotte: {4: [(1, 18), (18, 20), (20, 2), (2, 6), (6, 7), (7, 9)], 2: [(1, 8), (8, 14), (14, 12), (12, 17), (17, 16)], 3: [(1, 19), (19, 11), (11, 13), (13, 3), (3, 4), (4, 5), (5, 10), (10, 15)]}, padri: [11, 13, 13], figli: [], mosse: [(3, 2, 4, 5, 14), (2, 2, 12, 17, 6), (2, 2, 17, 16, 5)]
13 -> costo: 96997.2, rotte: {4: [(1, 18), (18, 20), (20, 2), (2, 6), (6, 7), (7, 9)], 2: [(1, 8), (8, 14), (14, 12), (12, 16), (16, 17)], 3: [(1, 19), (19, 11), (11, 13), (13, 3), (3, 4), (4, 5), (5, 10), (10, 15)]}, padri: [10], figli: [12, 12], mosse: [(3, 2, 4, 5, 14)]
bestSolutionIndice: 12
12 -> costo: 96917.8, rotte: {4: [(1, 18), (18, 20), (20, 2), (2, 6), (6, 7), (7, 9)], 2: [(1, 8), (8, 14), (14, 12), (12, 17), (17, 16)], 3: [(1, 19), (19, 11), (11, 13), (13, 3), (3, 4), (4, 5), (5, 10), (10, 15)]}, padri: [11, 13, 13], figli: [], mosse: [(3, 2, 4, 5, 14), (2, 2, 12, 17, 6), (2, 2, 17, 16, 5)]
trasportoPalletDiGamma: {4: [(18, 19), (20, 11), (2, 11), (6, 15), (7, 16), (9, 18)], 2: [(8, 17), (14, 3), (12, 1), (17, 6), (16, 5)], 3: [(19, 6), (11, 20), (13, 2), (3, 12), (4, 13), (5, 14), (10, 19), (15, 4)]}
itMosseLS: 17, itMosseTS: 5
time elapsed: 269.74s.


##########################################################################################
s: 1
dictSolutions[1]:
0 -> costo: 164780.3, rotte: {3: [(1, 19), (19, 12), (12, 16), (16, 10), (10, 6), (6, 14), (14, 13), (13, 20)], 4: [(1, 7), (7, 8), (8, 5), (5, 2), (2, 17), (17, 18), (18, 15), (15, 9)], 2: [(1, 11), (11, 3), (3, 4), (4, 9)]}, padri: [-1], figli: [1], mosse: [-1]
1 -> costo: 145716.30000000002, rotte: {3: [(1, 19), (19, 12), (12, 16), (16, 10), (10, 6), (6, 14), (14, 13), (13, 20)], 4: [(1, 7), (7, 8), (8, 5), (5, 2), (2, 18), (18, 15), (15, 17), (17, 9)], 2: [(1, 11), (11, 3), (3, 4), (4, 9)]}, padri: [0], figli: [2], mosse: [(4, 4, 15, 17, 6)]
2 -> costo: 129813.20000000001, rotte: {3: [(1, 19), (19, 12), (12, 16), (16, 10), (10, 6), (6, 14), (14, 13), (13, 20)], 4: [(1, 7), (7, 9), (9, 8), (8, 5), (5, 2), (2, 18), (18, 15), (15, 17)], 2: [(1, 11), (11, 3), (3, 4), (4, 9)]}, padri: [1], figli: [3], mosse: [(4, 4, 7, 9, 13)]
3 -> costo: 118932.29999999999, rotte: {3: [(1, 19), (19, 12), (12, 10), (10, 6), (6, 14), (14, 13), (13, 20), (20, 16)], 4: [(1, 7), (7, 9), (9, 8), (8, 5), (5, 2), (2, 18), (18, 15), (15, 17)], 2: [(1, 11), (11, 3), (3, 4), (4, 9)]}, padri: [2], figli: [4], mosse: [(3, 3, 20, 16, 5)]
4 -> costo: 109099.1, rotte: {3: [(1, 19), (19, 11), (11, 12), (12, 10), (10, 6), (6, 14), (14, 13), (13, 20), (20, 16)], 4: [(1, 7), (7, 9), (9, 8), (8, 5), (5, 2), (2, 18), (18, 15), (15, 17)], 2: [(1, 3), (3, 4), (4, 9)]}, padri: [3], figli: [5], mosse: [(3, 2, 19, 11, 20)]
5 -> costo: 107336.50000000001, rotte: {3: [(1, 19), (19, 11), (11, 12), (12, 10), (10, 6), (6, 14), (14, 13), (13, 20), (20, 16)], 4: [(1, 9), (9, 8), (8, 5), (5, 2), (2, 18), (18, 15), (15, 17)], 2: [(1, 3), (3, 4), (4, 7), (7, 9)]}, padri: [4], figli: [6], mosse: [(2, 4, 4, 7, 16)]
6 -> costo: 103989.80000000002, rotte: {3: [(1, 19), (19, 11), (11, 12), (12, 10), (10, 6), (6, 14), (14, 13), (13, 20), (20, 16)], 4: [(1, 9), (9, 8), (8, 5), (5, 2), (2, 18), (18, 15), (15, 17)], 2: [(1, 3), (3, 4), (4, 7)]}, padri: [5], figli: [7], mosse: [(4, 2, 1, 9, 5)]
7 -> costo: 103801.40000000001, rotte: {3: [(1, 19), (19, 11), (11, 12), (12, 10), (10, 6), (6, 14), (14, 13), (13, 20), (20, 16)], 4: [(1, 9), (9, 8), (8, 5), (5, 2), (2, 18), (18, 17), (17, 15)], 2: [(1, 3), (3, 4), (4, 7)]}, padri: [6], figli: [8, 8, 8, 10, 10, 10], mosse: [(4, 4, 15, 17)]
8 -> costo: 103754.40000000001, rotte: {3: [(1, 19), (19, 11), (11, 12), (12, 10), (10, 6), (6, 14), (14, 13), (13, 20), (20, 16)], 4: [(1, 9), (9, 8), (8, 5), (5, 2), (2, 18), (18, 17), (17, 15)], 2: [(1, 3), (3, 7), (7, 4)]}, padri: [7, 7, 7], figli: [9], mosse: [(2, 2, 3, 7, 16), (2, 2, 7, 4, 13), (2, 2, 4, 7)]
9 -> costo: 103752.50000000001, rotte: {3: [(1, 19), (19, 11), (11, 12), (12, 6), (6, 10), (10, 14), (14, 13), (13, 20), (20, 16)], 4: [(1, 9), (9, 8), (8, 5), (5, 2), (2, 18), (18, 17), (17, 15)], 2: [(1, 3), (3, 7), (7, 4)]}, padri: [8, 10, 10], figli: [], mosse: [(3, 3, 6, 10, 19), (2, 2, 3, 7, 16), (2, 2, 7, 4, 13)]
10 -> costo: 103799.50000000001, rotte: {3: [(1, 19), (19, 11), (11, 12), (12, 6), (6, 10), (10, 14), (14, 13), (13, 20), (20, 16)], 4: [(1, 9), (9, 8), (8, 5), (5, 2), (2, 18), (18, 17), (17, 15)], 2: [(1, 3), (3, 4), (4, 7)]}, padri: [7], figli: [9, 9], mosse: [(3, 3, 6, 10, 19)]
bestSolutionIndice: 9
9 -> costo: 103752.50000000001, rotte: {3: [(1, 19), (19, 11), (11, 12), (12, 6), (6, 10), (10, 14), (14, 13), (13, 20), (20, 16)], 4: [(1, 9), (9, 8), (8, 5), (5, 2), (2, 18), (18, 17), (17, 15)], 2: [(1, 3), (3, 7), (7, 4)]}, padri: [8, 10, 10], figli: [], mosse: [(3, 3, 6, 10, 19), (2, 2, 3, 7, 16), (2, 2, 7, 4, 13)]
trasportoPalletDiGamma: {3: [(19, 6), (11, 20), (12, 1), (6, 15), (10, 19), (14, 3), (13, 2), (20, 11), (16, 5)], 4: [(9, 18), (8, 17), (5, 14), (2, 11), (18, 19), (17, 6), (15, 4)], 2: [(3, 12), (7, 16), (4, 13)]}
itMosseLS: 14, itMosseTS: 5
time elapsed: 246.20s.


##########################################################################################
s: 1
dictSolutions[1]:
0 -> costo: 158455.59999999998, rotte: {3: [(1, 9), (9, 3), (3, 14), (14, 15), (15, 12), (12, 17), (17, 16), (16, 4), (4, 10)], 2: [(1, 13), (13, 7), (7, 6), (6, 5), (5, 4)], 4: [(1, 2), (2, 19), (19, 20), (20, 8), (8, 11), (11, 18), (18, 10)]}, padri: [-1], figli: [1], mosse: [-1]
1 -> costo: 134078.30000000002, rotte: {3: [(1, 9), (9, 3), (3, 14), (14, 12), (12, 15), (15, 17), (17, 16), (16, 4), (4, 10)], 2: [(1, 13), (13, 7), (7, 6), (6, 5), (5, 4)], 4: [(1, 2), (2, 19), (19, 20), (20, 8), (8, 11), (11, 18), (18, 10)]}, padri: [0], figli: [2], mosse: [(3, 3, 12, 15, 4)]
2 -> costo: 124571.6, rotte: {3: [(1, 9), (9, 3), (3, 14), (14, 12), (12, 15), (15, 17), (17, 16), (16, 2), (2, 4), (4, 10)], 2: [(1, 13), (13, 7), (7, 6), (6, 5), (5, 4)], 4: [(1, 19), (19, 20), (20, 8), (8, 11), (11, 18), (18, 10)]}, padri: [1], figli: [3], mosse: [(3, 4, 16, 2, 11)]
3 -> costo: 115230.5, rotte: {3: [(1, 9), (9, 3), (3, 14), (14, 12), (12, 15), (15, 17), (17, 16), (16, 2), (2, 4), (4, 10)], 2: [(1, 7), (7, 6), (6, 5), (5, 4)], 4: [(1, 19), (19, 20), (20, 8), (8, 11), (11, 13), (13, 18), (18, 10)]}, padri: [2], figli: [4], mosse: [(4, 2, 11, 13, 2)]
4 -> costo: 109195.0, rotte: {3: [(1, 9), (9, 3), (3, 14), (14, 12), (12, 15), (15, 17), (17, 16), (16, 2), (2, 4), (4, 10)], 2: [(1, 7), (7, 6), (6, 5), (5, 4)], 4: [(1, 19), (19, 20), (20, 8), (8, 11), (11, 13), (13, 18)]}, padri: [3], figli: [5], mosse: [(3, 4, 1, 10, 16)]
5 -> costo: 100916.29999999999, rotte: {3: [(1, 9), (9, 3), (3, 14), (14, 12), (12, 15), (15, 17), (17, 16), (16, 2), (2, 4), (4, 10)], 2: [(1, 7), (7, 6), (6, 5), (5, 4)], 4: [(1, 18), (18, 19), (19, 20), (20, 8), (8, 11), (11, 13)]}, padri: [4], figli: [6], mosse: [(4, 4, 1, 18, 19)]
6 -> costo: 94912.69999999997, rotte: {3: [(1, 3), (3, 14), (14, 12), (12, 15), (15, 17), (17, 16), (16, 2), (2, 4), (4, 10)], 2: [(1, 7), (7, 6), (6, 5), (5, 4)], 4: [(1, 18), (18, 19), (19, 20), (20, 8), (8, 9), (9, 11), (11, 13)]}, padri: [5], figli: [7], mosse: [(4, 3, 8, 9, 18)]
7 -> costo: 92523.89999999998, rotte: {3: [(1, 14), (14, 12), (12, 15), (15, 17), (17, 16), (16, 2), (2, 4), (4, 3), (3, 10)], 2: [(1, 7), (7, 6), (6, 5), (5, 4)], 4: [(1, 18), (18, 19), (19, 20), (20, 8), (8, 9), (9, 11), (11, 13)]}, padri: [6], figli: [8], mosse: [(3, 3, 4, 3, 12)]
8 -> costo: 90788.29999999997, rotte: {3: [(1, 14), (14, 12), (12, 15), (15, 17), (17, 16), (16, 2), (2, 4), (4, 3), (3, 10)], 2: [(1, 4), (4, 7), (7, 6), (6, 5)], 4: [(1, 18), (18, 19), (19, 20), (20, 8), (8, 9), (9, 11), (11, 13)]}, padri: [7], figli: [9], mosse: [(2, 2, 1, 4, 3)]
9 -> costo: 90355.39999999998, rotte: {3: [(1, 12), (12, 15), (15, 17), (17, 16), (16, 2), (2, 4), (4, 3), (3, 10)], 2: [(1, 4), (4, 7), (7, 6), (6, 5)], 4: [(1, 18), (18, 19), (19, 20), (20, 8), (8, 9), (9, 11), (11, 13), (13, 14)]}, padri: [8], figli: [10], mosse: [(4, 3, 13, 14, 3)]
10 -> costo: 81216.8, rotte: {3: [(1, 15), (15, 17), (17, 16), (16, 2), (2, 4), (4, 3), (3, 10)], 2: [(1, 4), (4, 7), (7, 6), (6, 5)], 4: [(1, 18), (18, 19), (19, 20), (20, 8), (8, 9), (9, 11), (11, 12), (12, 13), (13, 14)]}, padri: [9], figli: [11], mosse: [(4, 3, 11, 12, 1)]
11 -> costo: 80092.0, rotte: {3: [(1, 18), (18, 15), (15, 17), (17, 16), (16, 2), (2, 4), (4, 3), (3, 10)], 2: [(1, 4), (4, 7), (7, 6), (6, 5)], 4: [(1, 19), (19, 20), (20, 8), (8, 9), (9, 11), (11, 12), (12, 13), (13, 14)]}, padri: [10], figli: [12], mosse: [(3, 4, 1, 18, 19)]
12 -> costo: 79847.8, rotte: {3: [(1, 18), (18, 15), (15, 17), (17, 16), (16, 2), (2, 4), (4, 3), (3, 10)], 2: [(1, 4), (4, 5), (5, 7), (7, 6)], 4: [(1, 19), (19, 20), (20, 8), (8, 9), (9, 11), (11, 12), (12, 13), (13, 14)]}, padri: [11], figli: [13, 13, 13, 13, 13, 13], mosse: [(2, 2, 4, 5, 14)]
13 -> costo: 79754.5, rotte: {3: [(1, 18), (18, 15), (15, 17), (17, 16), (16, 2), (2, 4), (4, 3), (3, 10)], 2: [(1, 5), (5, 7), (7, 6)], 4: [(1, 19), (19, 20), (20, 8), (8, 9), (9, 11), (11, 12), (12, 13), (13, 14)]}, padri: [12, 12, 12, 12, 12, 12], figli: [], mosse: [(3, 2, 1, 4, 3), (3, 2, 18, 4, 3), (3, 2, 15, 4, 3), (3, 2, 17, 4, 3), (3, 2, 16, 4, 3), (3, 2, 2, 4, 3)]
bestSolutionIndice: 13
13 -> costo: 79754.5, rotte: {3: [(1, 18), (18, 15), (15, 17), (17, 16), (16, 2), (2, 4), (4, 3), (3, 10)], 2: [(1, 5), (5, 7), (7, 6)], 4: [(1, 19), (19, 20), (20, 8), (8, 9), (9, 11), (11, 12), (12, 13), (13, 14)]}, padri: [12, 12, 12, 12, 12, 12], figli: [], mosse: [(3, 2, 1, 4, 3), (3, 2, 18, 4, 3), (3, 2, 15, 4, 3), (3, 2, 17, 4, 3), (3, 2, 16, 4, 3), (3, 2, 2, 4, 3)]
trasportoPalletDiGamma: {3: [(18, 19), (15, 4), (17, 6), (16, 5), (2, 11), (4, 13), (3, 12), (10, 19)], 2: [(5, 14), (7, 16), (6, 15)], 4: [(19, 6), (20, 11), (8, 17), (9, 18), (11, 20), (12, 1), (13, 2), (14, 3)]}
itMosseLS: 18, itMosseTS: 5
time elapsed: 119.27s.


##########################################################################################
s: 1
dictSolutions[1]:
0 -> costo: 161084.0, rotte: {4: [(1, 16), (16, 20), (20, 11), (11, 12), (12, 3), (3, 7), (7, 18), (18, 17)], 3: [(1, 6), (6, 9), (9, 2), (2, 14), (14, 5), (5, 19), (19, 13), (13, 15)], 2: [(1, 8), (8, 4), (4, 10), (10, 15)]}, padri: [-1], figli: [1], mosse: [-1]
1 -> costo: 141121.5, rotte: {4: [(1, 20), (20, 11), (11, 12), (12, 3), (3, 7), (7, 18), (18, 17), (17, 16)], 3: [(1, 6), (6, 9), (9, 2), (2, 14), (14, 5), (5, 19), (19, 13), (13, 15)], 2: [(1, 8), (8, 4), (4, 10), (10, 15)]}, padri: [0], figli: [2], mosse: [(4, 4, 17, 16, 5)]
2 -> costo: 127235.29999999999, rotte: {4: [(1, 20), (20, 11), (11, 12), (12, 3), (3, 7), (7, 18), (18, 17), (17, 16)], 3: [(1, 6), (6, 9), (9, 2), (2, 14), (14, 5), (5, 19), (19, 13), (13, 15)], 2: [(1, 8), (8, 4), (4, 10)]}, padri: [1], figli: [3], mosse: [(3, 2, 1, 15, 1)]
3 -> costo: 115592.39999999998, rotte: {4: [(1, 20), (20, 11), (11, 12), (12, 3), (3, 7), (7, 18), (18, 17), (17, 16)], 3: [(1, 6), (6, 9), (9, 2), (2, 5), (5, 19), (19, 14), (14, 13), (13, 15)], 2: [(1, 8), (8, 4), (4, 10)]}, padri: [2], figli: [4], mosse: [(3, 3, 19, 14, 3)]
4 -> costo: 109630.49999999999, rotte: {4: [(1, 20), (20, 11), (11, 12), (12, 3), (3, 7), (7, 18), (18, 17), (17, 16)], 3: [(1, 6), (6, 8), (8, 9), (9, 2), (2, 5), (5, 19), (19, 14), (14, 13), (13, 15)], 2: [(1, 4), (4, 10)]}, padri: [3], figli: [5], mosse: [(3, 2, 6, 8, 17)]
5 -> costo: 108625.39999999997, rotte: {4: [(1, 11), (11, 12), (12, 3), (3, 7), (7, 18), (18, 20), (20, 17), (17, 16)], 3: [(1, 6), (6, 8), (8, 9), (9, 2), (2, 5), (5, 19), (19, 14), (14, 13), (13, 15)], 2: [(1, 4), (4, 10)]}, padri: [4], figli: [6, 10], mosse: [(4, 4, 18, 20, 11)]
6 -> costo: 107982.79999999997, rotte: {4: [(1, 11), (11, 12), (12, 3), (3, 7), (7, 18), (18, 20), (20, 17), (17, 16)], 3: [(1, 6), (6, 8), (8, 9), (9, 5), (5, 2), (2, 19), (19, 14), (14, 13), (13, 15)], 2: [(1, 4), (4, 10)]}, padri: [5], figli: [7, 9], mosse: [(3, 3, 5, 2, 11)]
7 -> costo: 107719.09999999998, rotte: {4: [(1, 11), (11, 12), (12, 7), (7, 3), (3, 18), (18, 20), (20, 17), (17, 16)], 3: [(1, 6), (6, 8), (8, 9), (9, 5), (5, 2), (2, 19), (19, 14), (14, 13), (13, 15)], 2: [(1, 4), (4, 10)]}, padri: [6, 10], figli: [8], mosse: [(4, 4, 7, 3, 12), (3, 3, 5, 2, 11)]
8 -> costo: 107461.99999999997, rotte: {4: [(1, 11), (11, 12), (12, 7), (7, 3), (3, 18), (18, 20), (20, 17), (17, 16)], 3: [(1, 8), (8, 9), (9, 6), (6, 5), (5, 2), (2, 19), (19, 14), (14, 13), (13, 15)], 2: [(1, 4), (4, 10)]}, padri: [7, 9], figli: [], mosse: [(3, 3, 9, 6, 15), (4, 4, 7, 3, 12)]
9 -> costo: 107725.69999999997, rotte: {4: [(1, 11), (11, 12), (12, 3), (3, 7), (7, 18), (18, 20), (20, 17), (17, 16)], 3: [(1, 8), (8, 9), (9, 6), (6, 5), (5, 2), (2, 19), (19, 14), (14, 13), (13, 15)], 2: [(1, 4), (4, 10)]}, padri: [6], figli: [8], mosse: [(3, 3, 9, 6, 15)]
10 -> costo: 108361.69999999997, rotte: {4: [(1, 11), (11, 12), (12, 7), (7, 3), (3, 18), (18, 20), (20, 17), (17, 16)], 3: [(1, 6), (6, 8), (8, 9), (9, 2), (2, 5), (5, 19), (19, 14), (14, 13), (13, 15)], 2: [(1, 4), (4, 10)]}, padri: [5], figli: [7], mosse: [(4, 4, 7, 3, 12)]
bestSolutionIndice: 8
8 -> costo: 107461.99999999997, rotte: {4: [(1, 11), (11, 12), (12, 7), (7, 3), (3, 18), (18, 20), (20, 17), (17, 16)], 3: [(1, 8), (8, 9), (9, 6), (6, 5), (5, 2), (2, 19), (19, 14), (14, 13), (13, 15)], 2: [(1, 4), (4, 10)]}, padri: [7, 9], figli: [], mosse: [(3, 3, 9, 6, 15), (4, 4, 7, 3, 12)]
trasportoPalletDiGamma: {4: [(11, 20), (12, 1), (7, 16), (3, 12), (18, 19), (20, 11), (17, 6), (16, 5)], 3: [(8, 17), (9, 18), (6, 15), (5, 14), (2, 11), (19, 6), (14, 3), (13, 2), (15, 4)], 2: [(4, 13), (10, 19)]}
itMosseLS: 12, itMosseTS: 5
time elapsed: 348.61s.


##########################################################################################
##########################################################################################
##########################################################################################
##########################################################################################
##########################################################################################
##########################################################################################
##########################################################################################
##########################################################################################
##########################################################################################
##########################################################################################
##########################################################################################
##########################################################################################
##########################################################################################
##########################################################################################
##########################################################################################
##########################################################################################
##########################################################################################
##########################################################################################
##########################################################################################
##########################################################################################
##########################################################################################
##########################################################################################
##########################################################################################
##########################################################################################
##########################################################################################
##########################################################################################
##########################################################################################
##########################################################################################
##########################################################################################
##########################################################################################
##########################################################################################
##########################################################################################
##########################################################################################
##########################################################################################
##########################################################################################
##########################################################################################
