itNSIMax: 3, itMosseTSMax: 200.
##########################################################################################
s: 1, itNSI: 1.
soluzione iniziale: 0
0 -> 
costo: 171638.5, 
rotte: {3: [(1, 12), (12, 6), (6, 2), (2, 11), (11, 17), (17, 3), (3, 8), (8, 4)], 4: [(1, 13), (13, 10), (10, 15), (15, 19), (19, 5), (5, 18), (18, 16)], 2: [(1, 20), (20, 9), (9, 14), (14, 7), (7, 4)]}
trasportoPalletDiGamma: {3: [(12, 1), (6, 15), (2, 11), (11, 20), (17, 6), (3, 12), (8, 17), (4, 11)], 4: [(13, 2), (10, 19), (15, 4), (19, 6), (5, 14), (18, 19), (16, 5)], 2: [(20, 11), (9, 18), (14, 3), (7, 16), (4, 2)]}
bestSolutionIndice: 16
16 -> 
costo: 100970.69999999998, 
rotte: {3: [(1, 11), (11, 12), (12, 13), (13, 8), (8, 6), (6, 7), (7, 3), (3, 17)], 4: [(1, 4), (4, 5), (5, 2), (2, 19), (19, 18), (18, 20), (20, 16), (16, 15)], 2: [(1, 10), (10, 9), (9, 14)]}
trasportoPalletDiGamma: {3: [(11, 20), (12, 1), (13, 2), (8, 17), (6, 15), (7, 16), (3, 12), (17, 6)], 4: [(4, 13), (5, 14), (2, 11), (19, 6), (18, 19), (20, 11), (16, 5), (15, 4)], 2: [(10, 19), (9, 18), (14, 3)]}
itMosseLS: 110, itMosseTS: 93
numero di soluzioni totali trovati: 52.
time elapsed: 3606.60s.


##########################################################################################
##########################################################################################
##########################################################################################
##########################################################################################
##########################################################################################
Soluzione migliore in assoluto trovata:

s: 1
itNSI: 1, 
costo: 100970.69999999998, 
rotte: {3: [(1, 11), (11, 12), (12, 13), (13, 8), (8, 6), (6, 7), (7, 3), (3, 17)], 4: [(1, 4), (4, 5), (5, 2), (2, 19), (19, 18), (18, 20), (20, 16), (16, 15)], 2: [(1, 10), (10, 9), (9, 14)]}
trasportoPalletDiGamma: {3: [(11, 20), (12, 1), (13, 2), (8, 17), (6, 15), (7, 16), (3, 12), (17, 6)], 4: [(4, 13), (5, 14), (2, 11), (19, 6), (18, 19), (20, 11), (16, 5), (15, 4)], 2: [(10, 19), (9, 18), (14, 3)]}

Total time elapsed: 3607.29s.