itNSIMax: 50, itMosseTSMax: 5.
##########################################################################################
s: 1
dictSolutions[1]:
0 -> costo: 136760.1, rotte: {3: [(1, 7), (7, 10), (10, 18), (18, 6), (6, 3), (3, 5), (5, 12), (12, 15), (15, 17)], 2: [(1, 13), (13, 4), (4, 14), (14, 9), (9, 19), (19, 20), (20, 17)], 4: [(1, 2), (2, 21), (21, 8), (8, 11), (11, 16), (16, 15)]}, padri: [-1], figli: [1], mosse: [-1]
1 -> costo: 108314.8, rotte: {3: [(1, 7), (7, 10), (10, 18), (18, 6), (6, 3), (3, 5), (5, 12), (12, 15), (15, 17)], 2: [(1, 13), (13, 4), (4, 14), (14, 9), (9, 19), (19, 20), (20, 17)], 4: [(1, 2), (2, 21), (21, 8), (8, 16), (16, 15), (15, 11)]}, padri: [0], figli: [2], mosse: [(4, 4, 15, 11, 9)]
2 -> costo: 104431.8, rotte: {3: [(1, 7), (7, 10), (10, 18), (18, 6), (6, 3), (3, 5), (5, 12), (12, 15), (15, 17)], 2: [(1, 13), (13, 4), (4, 14), (14, 9), (9, 19), (19, 20)], 4: [(1, 2), (2, 21), (21, 8), (8, 16), (16, 15), (15, 11)]}, padri: [1], figli: [3], mosse: [(3, 2, 1, 17, 3)]
3 -> costo: 101067.0, rotte: {3: [(1, 10), (10, 18), (18, 6), (6, 3), (3, 5), (5, 7), (7, 12), (12, 15), (15, 17)], 2: [(1, 13), (13, 4), (4, 14), (14, 9), (9, 19), (19, 20)], 4: [(1, 2), (2, 21), (21, 8), (8, 16), (16, 15), (15, 11)]}, padri: [2], figli: [4], mosse: [(3, 3, 5, 7, 5)]
4 -> costo: 97721.59999999999, rotte: {3: [(1, 10), (10, 18), (18, 6), (6, 3), (3, 5), (5, 7), (7, 12), (12, 15), (15, 17)], 2: [(1, 13), (13, 4), (4, 14), (14, 9), (9, 19), (19, 20)], 4: [(1, 2), (2, 21), (21, 16), (16, 8), (8, 15), (15, 11)]}, padri: [3], figli: [5], mosse: [(4, 4, 16, 8, 6)]
5 -> costo: 95058.7, rotte: {3: [(1, 10), (10, 18), (18, 6), (6, 3), (3, 5), (5, 7), (7, 12), (12, 15), (15, 17)], 2: [(1, 4), (4, 13), (13, 14), (14, 9), (9, 19), (19, 20)], 4: [(1, 2), (2, 21), (21, 16), (16, 8), (8, 15), (15, 11)]}, padri: [4], figli: [6, 9], mosse: [(2, 2, 4, 13, 11)]
6 -> costo: 93149.09999999999, rotte: {3: [(1, 10), (10, 6), (6, 3), (3, 5), (5, 18), (18, 7), (7, 12), (12, 15), (15, 17)], 2: [(1, 4), (4, 13), (13, 14), (14, 9), (9, 19), (19, 20)], 4: [(1, 2), (2, 21), (21, 16), (16, 8), (8, 15), (15, 11)]}, padri: [5, 9], figli: [7, 8], mosse: [(3, 3, 5, 18, 16), (3, 3, 5, 18, 16)]
7 -> costo: 92133.5, rotte: {3: [(1, 10), (10, 3), (3, 5), (5, 18), (18, 6), (6, 7), (7, 12), (12, 15), (15, 17)], 2: [(1, 4), (4, 13), (13, 14), (14, 9), (9, 19), (19, 20)], 4: [(1, 2), (2, 21), (21, 16), (16, 8), (8, 15), (15, 11)]}, padri: [6, 8], figli: [], mosse: [(3, 3, 18, 6, 4), (3, 3, 6, 7, 5)]
8 -> costo: 92442.59999999999, rotte: {3: [(1, 10), (10, 3), (3, 5), (5, 18), (18, 7), (7, 6), (6, 12), (12, 15), (15, 17)], 2: [(1, 4), (4, 13), (13, 14), (14, 9), (9, 19), (19, 20)], 4: [(1, 2), (2, 21), (21, 16), (16, 8), (8, 15), (15, 11)]}, padri: [6], figli: [7], mosse: [(3, 3, 7, 6, 4)]
9 -> costo: 93834.59999999999, rotte: {3: [(1, 10), (10, 6), (6, 18), (18, 3), (3, 5), (5, 7), (7, 12), (12, 15), (15, 17)], 2: [(1, 4), (4, 13), (13, 14), (14, 9), (9, 19), (19, 20)], 4: [(1, 2), (2, 21), (21, 16), (16, 8), (8, 15), (15, 11)]}, padri: [5], figli: [10, 6], mosse: [(3, 3, 6, 18, 16)]
10 -> costo: 93147.9, rotte: {3: [(1, 10), (10, 6), (6, 18), (18, 5), (5, 3), (3, 7), (7, 12), (12, 15), (15, 17)], 2: [(1, 4), (4, 13), (13, 14), (14, 9), (9, 19), (19, 20)], 4: [(1, 2), (2, 21), (21, 16), (16, 8), (8, 15), (15, 11)]}, padri: [9], figli: [], mosse: [(3, 3, 5, 3, 1)]
bestSolutionIndice: 7
7 -> costo: 92133.5, rotte: {3: [(1, 10), (10, 3), (3, 5), (5, 18), (18, 6), (6, 7), (7, 12), (12, 15), (15, 17)], 2: [(1, 4), (4, 13), (13, 14), (14, 9), (9, 19), (19, 20)], 4: [(1, 2), (2, 21), (21, 16), (16, 8), (8, 15), (15, 11)]}, padri: [6, 8], figli: [], mosse: [(3, 3, 18, 6, 4), (3, 3, 6, 7, 5)]
trasportoPalletDiGamma: {3: [(10, 8), (3, 1), (5, 3), (18, 16), (6, 4), (7, 5), (12, 10), (15, 3), (17, 15)], 2: [(4, 2), (13, 11), (14, 12), (9, 7), (19, 17), (20, 18)], 4: [(2, 12), (21, 19), (16, 14), (8, 6), (15, 10), (11, 9)]}
itMosseLS: 12, itMosseTS: 5
time elapsed: 290.19s.


##########################################################################################
s: 1
dictSolutions[1]:
0 -> costo: 154621.2, rotte: {2: [(1, 20), (20, 9), (9, 15), (15, 5), (5, 8), (8, 14), (14, 16)], 4: [(1, 2), (2, 21), (21, 7), (7, 17), (17, 12), (12, 10), (10, 4)], 3: [(1, 18), (18, 13), (13, 3), (3, 6), (6, 19), (19, 11), (11, 16), (16, 4)]}, padri: [-1], figli: [1], mosse: [-1]
1 -> costo: 148381.7, rotte: {2: [(1, 20), (20, 9), (9, 15), (15, 5), (5, 8), (8, 14), (14, 16)], 4: [(1, 2), (2, 21), (21, 7), (7, 17), (17, 12), (12, 10), (10, 4)], 3: [(1, 18), (18, 13), (13, 3), (3, 6), (6, 19), (19, 16), (16, 11), (11, 4)]}, padri: [0], figli: [2], mosse: [(3, 3, 16, 11, 9)]
2 -> costo: 119687.00000000001, rotte: {2: [(1, 20), (20, 9), (9, 15), (15, 5), (5, 8), (8, 14), (14, 16)], 4: [(1, 2), (2, 21), (21, 7), (7, 17), (17, 12), (12, 10), (10, 4)], 3: [(1, 4), (4, 18), (18, 13), (13, 3), (3, 6), (6, 19), (19, 16), (16, 11)]}, padri: [1], figli: [3], mosse: [(3, 3, 1, 4, 1)]
3 -> costo: 115496.3, rotte: {2: [(1, 20), (20, 9), (9, 15), (15, 5), (5, 8), (8, 14), (14, 16)], 4: [(1, 2), (2, 21), (21, 17), (17, 12), (12, 7), (7, 10), (10, 4)], 3: [(1, 4), (4, 18), (18, 13), (13, 3), (3, 6), (6, 19), (19, 16), (16, 11)]}, padri: [2], figli: [4], mosse: [(4, 4, 12, 7, 5)]
4 -> costo: 112601.40000000001, rotte: {2: [(1, 20), (20, 9), (9, 5), (5, 8), (8, 14), (14, 15), (15, 16)], 4: [(1, 2), (2, 21), (21, 17), (17, 12), (12, 7), (7, 10), (10, 4)], 3: [(1, 4), (4, 18), (18, 13), (13, 3), (3, 6), (6, 19), (19, 16), (16, 11)]}, padri: [3], figli: [5], mosse: [(2, 2, 14, 15, 13)]
5 -> costo: 110083.19999999998, rotte: {2: [(1, 20), (20, 9), (9, 5), (5, 8), (8, 14), (14, 15), (15, 16)], 4: [(1, 2), (2, 21), (21, 17), (17, 12), (12, 7), (7, 10), (10, 4)], 3: [(1, 4), (4, 18), (18, 3), (3, 6), (6, 19), (19, 16), (16, 13), (13, 11)]}, padri: [4], figli: [6], mosse: [(3, 3, 16, 13, 11)]
6 -> costo: 107690.5, rotte: {2: [(1, 20), (20, 9), (9, 5), (5, 8), (8, 14), (14, 15), (15, 16)], 4: [(1, 2), (2, 21), (21, 17), (17, 12), (12, 7), (7, 10)], 3: [(1, 4), (4, 18), (18, 3), (3, 6), (6, 19), (19, 16), (16, 13), (13, 11)]}, padri: [5], figli: [7], mosse: [(3, 4, 1, 4, 1)]
7 -> costo: 106060.5, rotte: {2: [(1, 9), (9, 5), (5, 8), (8, 14), (14, 15), (15, 20), (20, 16)], 4: [(1, 2), (2, 21), (21, 17), (17, 12), (12, 7), (7, 10)], 3: [(1, 4), (4, 18), (18, 3), (3, 6), (6, 19), (19, 16), (16, 13), (13, 11)]}, padri: [6], figli: [8], mosse: [(2, 2, 15, 20, 18)]
8 -> costo: 101161.09999999999, rotte: {2: [(1, 5), (5, 8), (8, 14), (14, 15), (15, 20), (20, 16)], 4: [(1, 2), (2, 21), (21, 17), (17, 12), (12, 7), (7, 10)], 3: [(1, 4), (4, 18), (18, 3), (3, 6), (6, 19), (19, 16), (16, 9), (9, 13), (13, 11)]}, padri: [7], figli: [9], mosse: [(3, 2, 16, 9, 7)]
9 -> costo: 96270.4, rotte: {2: [(1, 5), (5, 8), (8, 14), (14, 15), (15, 20), (20, 16)], 4: [(1, 2), (2, 21), (21, 17), (17, 12), (12, 7), (7, 10)], 3: [(1, 4), (4, 18), (18, 3), (3, 6), (6, 19), (19, 9), (9, 13), (13, 11)]}, padri: [8], figli: [10], mosse: [(2, 3, 1, 16, 3)]
10 -> costo: 94677.7, rotte: {2: [(1, 5), (5, 14), (14, 15), (15, 8), (8, 20), (20, 16)], 4: [(1, 2), (2, 21), (21, 17), (17, 12), (12, 7), (7, 10)], 3: [(1, 4), (4, 18), (18, 3), (3, 6), (6, 19), (19, 9), (9, 13), (13, 11)]}, padri: [9], figli: [11], mosse: [(2, 2, 15, 8, 6)]
11 -> costo: 93934.8, rotte: {2: [(1, 5), (5, 14), (14, 15), (15, 8), (8, 20), (20, 16)], 4: [(1, 2), (2, 21), (21, 17), (17, 12), (12, 7), (7, 10)], 3: [(1, 4), (4, 3), (3, 6), (6, 18), (18, 19), (19, 9), (9, 13), (13, 11)]}, padri: [10], figli: [12], mosse: [(3, 3, 6, 18, 16)]
12 -> costo: 92321.6, rotte: {2: [(1, 5), (5, 14), (14, 15), (15, 8), (8, 20), (20, 16)], 4: [(1, 2), (2, 21), (21, 17), (17, 12), (12, 7), (7, 10)], 3: [(1, 4), (4, 3), (3, 18), (18, 19), (19, 9), (9, 6), (6, 13), (13, 11)]}, padri: [11], figli: [13, 14, 17], mosse: [(3, 3, 9, 6, 4)]
13 -> costo: 91655.2, rotte: {2: [(1, 14), (14, 15), (15, 8), (8, 20), (20, 16)], 4: [(1, 2), (2, 21), (21, 17), (17, 12), (12, 7), (7, 10)], 3: [(1, 4), (4, 5), (5, 3), (3, 18), (18, 19), (19, 9), (9, 6), (6, 13), (13, 11)]}, padri: [12, 17], figli: [], mosse: [(3, 2, 4, 5, 3), (3, 3, 5, 3, 1)]
14 -> costo: 91768.50000000001, rotte: {2: [(1, 4), (4, 5), (5, 14), (14, 15), (15, 8), (8, 20), (20, 16)], 4: [(1, 2), (2, 21), (21, 17), (17, 12), (12, 7), (7, 10)], 3: [(1, 3), (3, 18), (18, 19), (19, 9), (9, 6), (6, 13), (13, 11)]}, padri: [12], figli: [15, 16], mosse: [(2, 3, 1, 4, 2)]
15 -> costo: 91530.3, rotte: {2: [(1, 4), (4, 5), (5, 3), (3, 14), (14, 15), (15, 8), (8, 20), (20, 16)], 4: [(1, 2), (2, 21), (21, 17), (17, 12), (12, 7), (7, 10)], 3: [(1, 18), (18, 19), (19, 9), (9, 6), (6, 13), (13, 11)]}, padri: [14], figli: [], mosse: [(2, 3, 5, 3, 1)]
16 -> costo: 91755.3, rotte: {2: [(1, 4), (4, 5), (5, 14), (14, 15), (15, 8), (8, 20), (20, 16)], 4: [(1, 2), (2, 21), (21, 17), (17, 12), (12, 7), (7, 3), (3, 10)], 3: [(1, 18), (18, 19), (19, 9), (9, 6), (6, 13), (13, 11)]}, padri: [14], figli: [], mosse: [(4, 3, 7, 3, 1)]
17 -> costo: 91859.50000000001, rotte: {2: [(1, 14), (14, 15), (15, 8), (8, 20), (20, 16)], 4: [(1, 2), (2, 21), (21, 17), (17, 12), (12, 7), (7, 10)], 3: [(1, 4), (4, 3), (3, 5), (5, 18), (18, 19), (19, 9), (9, 6), (6, 13), (13, 11)]}, padri: [12], figli: [13], mosse: [(3, 2, 3, 5, 3)]
bestSolutionIndice: 15
15 -> costo: 91530.3, rotte: {2: [(1, 4), (4, 5), (5, 3), (3, 14), (14, 15), (15, 8), (8, 20), (20, 16)], 4: [(1, 2), (2, 21), (21, 17), (17, 12), (12, 7), (7, 10)], 3: [(1, 18), (18, 19), (19, 9), (9, 6), (6, 13), (13, 11)]}, padri: [14], figli: [], mosse: [(2, 3, 5, 3, 1)]
trasportoPalletDiGamma: {2: [(4, 2), (5, 3), (3, 1), (14, 12), (15, 13), (8, 6), (20, 18), (16, 14)], 4: [(2, 12), (21, 19), (17, 15), (12, 10), (7, 5), (10, 8)], 3: [(18, 16), (19, 17), (9, 7), (6, 4), (13, 11), (11, 9)]}
itMosseLS: 18, itMosseTS: 5
time elapsed: 409.27s.


##########################################################################################
s: 1
dictSolutions[1]:
0 -> costo: 135183.6, rotte: {4: [(1, 18), (18, 3), (3, 4), (4, 15), (15, 6), (6, 5), (5, 19), (19, 20)], 2: [(1, 16), (16, 21), (21, 17), (17, 2), (2, 9), (9, 20)], 3: [(1, 12), (12, 8), (8, 14), (14, 13), (13, 7), (7, 10), (10, 11), (11, 20)]}, padri: [-1], figli: [1], mosse: [-1]
1 -> costo: 107952.79999999997, rotte: {4: [(1, 18), (18, 3), (3, 4), (4, 15), (15, 6), (6, 5), (5, 19), (19, 20)], 2: [(1, 16), (16, 21), (21, 17), (17, 2), (2, 9), (9, 20)], 3: [(1, 20), (20, 12), (12, 8), (8, 14), (14, 13), (13, 7), (7, 10), (10, 11)]}, padri: [0], figli: [2], mosse: [(3, 3, 1, 20, 1)]
2 -> costo: 103135.99999999999, rotte: {4: [(1, 18), (18, 3), (3, 4), (4, 15), (15, 6), (6, 5), (5, 19), (19, 20)], 2: [(1, 16), (16, 17), (17, 2), (2, 9), (9, 21), (21, 20)], 3: [(1, 20), (20, 12), (12, 8), (8, 14), (14, 13), (13, 7), (7, 10), (10, 11)]}, padri: [1], figli: [3], mosse: [(2, 2, 9, 21, 19)]
3 -> costo: 100830.1, rotte: {4: [(1, 18), (18, 3), (3, 4), (4, 15), (15, 6), (6, 5), (5, 19), (19, 20)], 2: [(1, 16), (16, 17), (17, 2), (2, 9), (9, 21), (21, 20)], 3: [(1, 20), (20, 12), (12, 8), (8, 14), (14, 7), (7, 13), (13, 10), (10, 11)]}, padri: [2], figli: [4], mosse: [(3, 3, 7, 13, 11)]
4 -> costo: 98669.5, rotte: {4: [(1, 3), (3, 4), (4, 15), (15, 6), (6, 5), (5, 18), (18, 19), (19, 20)], 2: [(1, 16), (16, 17), (17, 2), (2, 9), (9, 21), (21, 20)], 3: [(1, 20), (20, 12), (12, 8), (8, 14), (14, 7), (7, 13), (13, 10), (10, 11)]}, padri: [3], figli: [5], mosse: [(4, 4, 5, 18, 16)]
5 -> costo: 96821.69999999998, rotte: {4: [(1, 3), (3, 4), (4, 15), (15, 6), (6, 5), (5, 18), (18, 19), (19, 20)], 2: [(1, 16), (16, 17), (17, 2), (2, 9), (9, 21), (21, 20)], 3: [(1, 20), (20, 12), (12, 8), (8, 7), (7, 14), (14, 13), (13, 10), (10, 11)]}, padri: [4], figli: [6], mosse: [(3, 3, 7, 14, 12)]
6 -> costo: 95390.69999999998, rotte: {4: [(1, 4), (4, 15), (15, 6), (6, 3), (3, 5), (5, 18), (18, 19), (19, 20)], 2: [(1, 16), (16, 17), (17, 2), (2, 9), (9, 21), (21, 20)], 3: [(1, 20), (20, 12), (12, 8), (8, 7), (7, 14), (14, 13), (13, 10), (10, 11)]}, padri: [5], figli: [7], mosse: [(4, 4, 6, 3, 1)]
7 -> costo: 95046.59999999999, rotte: {4: [(1, 4), (4, 6), (6, 3), (3, 5), (5, 18), (18, 19), (19, 20), (20, 15)], 2: [(1, 16), (16, 17), (17, 2), (2, 9), (9, 21), (21, 20)], 3: [(1, 20), (20, 12), (12, 8), (8, 7), (7, 14), (14, 13), (13, 10), (10, 11)]}, padri: [6], figli: [8], mosse: [(4, 4, 20, 15, 13)]
8 -> costo: 94151.79999999999, rotte: {4: [(1, 4), (4, 3), (3, 5), (5, 18), (18, 19), (19, 20), (20, 6), (6, 15)], 2: [(1, 16), (16, 17), (17, 2), (2, 9), (9, 21), (21, 20)], 3: [(1, 20), (20, 12), (12, 8), (8, 7), (7, 14), (14, 13), (13, 10), (10, 11)]}, padri: [7], figli: [9], mosse: [(4, 4, 20, 6, 4)]
9 -> costo: 93762.9, rotte: {4: [(1, 3), (3, 5), (5, 18), (18, 19), (19, 20), (20, 6), (6, 15)], 2: [(1, 16), (16, 17), (17, 2), (2, 9), (9, 21), (21, 20)], 3: [(1, 4), (4, 20), (20, 12), (12, 8), (8, 7), (7, 14), (14, 13), (13, 10), (10, 11)]}, padri: [8], figli: [10], mosse: [(3, 4, 1, 4, 2)]
10 -> costo: 89315.79999999999, rotte: {4: [(1, 3), (3, 5), (5, 18), (18, 19), (19, 20), (20, 6), (6, 15)], 2: [(1, 16), (16, 17), (17, 2), (2, 9), (9, 21), (21, 20)], 3: [(1, 4), (4, 12), (12, 8), (8, 7), (7, 14), (14, 13), (13, 10), (10, 11)]}, padri: [9], figli: [11], mosse: [(4, 3, 1, 20, 1)]
11 -> costo: 88979.79999999999, rotte: {4: [(1, 5), (5, 18), (18, 19), (19, 20), (20, 6), (6, 15)], 2: [(1, 16), (16, 17), (17, 2), (2, 9), (9, 21), (21, 20)], 3: [(1, 4), (4, 3), (3, 12), (12, 8), (8, 7), (7, 14), (14, 13), (13, 10), (10, 11)]}, padri: [10], figli: [12], mosse: [(3, 4, 4, 3, 1)]
12 -> costo: 88426.7, rotte: {4: [(1, 4), (4, 5), (5, 18), (18, 19), (19, 20), (20, 6), (6, 15)], 2: [(1, 16), (16, 17), (17, 2), (2, 9), (9, 21), (21, 20)], 3: [(1, 3), (3, 12), (12, 8), (8, 7), (7, 14), (14, 13), (13, 10), (10, 11)]}, padri: [11], figli: [13, 13, 13, 15, 15, 15], mosse: [(4, 3, 1, 4, 2)]
13 -> costo: 88289.5, rotte: {4: [(1, 4), (4, 5), (5, 18), (18, 19), (19, 20), (20, 6), (6, 15)], 2: [(1, 16), (16, 17), (17, 2), (2, 9), (9, 20), (20, 21)], 3: [(1, 3), (3, 12), (12, 8), (8, 7), (7, 14), (14, 13), (13, 10), (10, 11)]}, padri: [12, 12, 12], figli: [14], mosse: [(2, 2, 21, 20), (2, 2, 9, 20, 3), (2, 2, 20, 21, 19)]
14 -> costo: 88240.49999999999, rotte: {4: [(1, 4), (4, 5), (5, 18), (18, 19), (19, 20), (20, 6), (6, 15)], 2: [(1, 16), (16, 17), (17, 9), (9, 2), (2, 20), (20, 21)], 3: [(1, 3), (3, 12), (12, 8), (8, 7), (7, 14), (14, 13), (13, 10), (10, 11)]}, padri: [13, 15, 15], figli: [], mosse: [(2, 2, 9, 2, 12), (2, 2, 21, 20), (2, 2, 2, 20, 3)]
15 -> costo: 88386.49999999999, rotte: {4: [(1, 4), (4, 5), (5, 18), (18, 19), (19, 20), (20, 6), (6, 15)], 2: [(1, 16), (16, 17), (17, 9), (9, 2), (2, 21), (21, 20)], 3: [(1, 3), (3, 12), (12, 8), (8, 7), (7, 14), (14, 13), (13, 10), (10, 11)]}, padri: [12], figli: [14, 14], mosse: [(2, 2, 9, 2, 12)]
bestSolutionIndice: 14
14 -> costo: 88240.49999999999, rotte: {4: [(1, 4), (4, 5), (5, 18), (18, 19), (19, 20), (20, 6), (6, 15)], 2: [(1, 16), (16, 17), (17, 9), (9, 2), (2, 20), (20, 21)], 3: [(1, 3), (3, 12), (12, 8), (8, 7), (7, 14), (14, 13), (13, 10), (10, 11)]}, padri: [13, 15, 15], figli: [], mosse: [(2, 2, 9, 2, 12), (2, 2, 21, 20), (2, 2, 2, 20, 3)]
trasportoPalletDiGamma: {4: [(4, 2), (5, 3), (18, 16), (19, 17), (20, 15), (6, 4), (15, 13)], 2: [(16, 14), (17, 15), (9, 7), (2, 12), (20, 3), (21, 19)], 3: [(3, 1), (12, 10), (8, 6), (7, 5), (14, 12), (13, 11), (10, 8), (11, 9)]}
itMosseLS: 19, itMosseTS: 5
time elapsed: 454.04s.


##########################################################################################
s: 1
dictSolutions[1]:
0 -> costo: 145067.69999999998, rotte: {3: [(1, 9), (9, 13), (13, 6), (6, 12), (12, 19), (19, 7), (7, 3), (3, 21), (21, 10)], 2: [(1, 15), (15, 5), (5, 17), (17, 16), (16, 8), (8, 14), (14, 10)], 4: [(1, 11), (11, 2), (2, 20), (20, 4), (4, 18), (18, 21)]}, padri: [-1], figli: [1], mosse: [-1]
1 -> costo: 121029.59999999999, rotte: {3: [(1, 9), (9, 13), (13, 6), (6, 12), (12, 19), (19, 7), (7, 3), (3, 21), (21, 10)], 2: [(1, 15), (15, 5), (5, 17), (17, 16), (16, 8), (8, 14), (14, 10)], 4: [(1, 2), (2, 20), (20, 4), (4, 18), (18, 21), (21, 11)]}, padri: [0], figli: [2], mosse: [(4, 4, 21, 11, 9)]
2 -> costo: 113181.29999999999, rotte: {3: [(1, 9), (9, 13), (13, 6), (6, 12), (12, 19), (19, 7), (7, 3), (3, 21), (21, 10)], 2: [(1, 15), (15, 5), (5, 17), (17, 16), (16, 8), (8, 14), (14, 10)], 4: [(1, 2), (2, 4), (4, 18), (18, 20), (20, 21), (21, 11)]}, padri: [1], figli: [3], mosse: [(4, 4, 18, 20, 18)]
3 -> costo: 107384.2, rotte: {3: [(1, 9), (9, 13), (13, 6), (6, 12), (12, 19), (19, 7), (7, 3), (3, 21), (21, 10)], 2: [(1, 5), (5, 17), (17, 16), (16, 8), (8, 15), (15, 14), (14, 10)], 4: [(1, 2), (2, 4), (4, 18), (18, 20), (20, 21), (21, 11)]}, padri: [2], figli: [4], mosse: [(2, 2, 8, 15, 13)]
4 -> costo: 101903.0, rotte: {3: [(1, 9), (9, 13), (13, 10), (10, 6), (6, 12), (12, 19), (19, 7), (7, 3), (3, 21)], 2: [(1, 5), (5, 17), (17, 16), (16, 8), (8, 15), (15, 14), (14, 10)], 4: [(1, 2), (2, 4), (4, 18), (18, 20), (20, 21), (21, 11)]}, padri: [3], figli: [5], mosse: [(3, 3, 13, 10, 1)]
5 -> costo: 96831.9, rotte: {3: [(1, 13), (13, 10), (10, 6), (6, 12), (12, 19), (19, 9), (9, 7), (7, 3), (3, 21)], 2: [(1, 5), (5, 17), (17, 16), (16, 8), (8, 15), (15, 14), (14, 10)], 4: [(1, 2), (2, 4), (4, 18), (18, 20), (20, 21), (21, 11)]}, padri: [4], figli: [6], mosse: [(3, 3, 19, 9, 7)]
6 -> costo: 93707.1, rotte: {3: [(1, 13), (13, 10), (10, 6), (6, 12), (12, 9), (9, 7), (7, 3), (3, 19), (19, 21)], 2: [(1, 5), (5, 17), (17, 16), (16, 8), (8, 15), (15, 14), (14, 10)], 4: [(1, 2), (2, 4), (4, 18), (18, 20), (20, 21), (21, 11)]}, padri: [5], figli: [7], mosse: [(3, 3, 3, 19, 17)]
7 -> costo: 92330.9, rotte: {3: [(1, 13), (13, 10), (10, 6), (6, 12), (12, 9), (9, 7), (7, 3), (3, 19), (19, 21)], 2: [(1, 5), (5, 17), (17, 16), (16, 8), (8, 15), (15, 14)], 4: [(1, 2), (2, 4), (4, 18), (18, 20), (20, 21), (21, 11)]}, padri: [6], figli: [8], mosse: [(3, 2, 1, 10, 7)]
8 -> costo: 91639.7, rotte: {3: [(1, 13), (13, 10), (10, 6), (6, 12), (12, 7), (7, 3), (3, 9), (9, 19), (19, 21)], 2: [(1, 5), (5, 17), (17, 16), (16, 8), (8, 15), (15, 14)], 4: [(1, 2), (2, 4), (4, 18), (18, 20), (20, 21), (21, 11)]}, padri: [7], figli: [9], mosse: [(3, 3, 3, 9, 7)]
9 -> costo: 90724.9, rotte: {3: [(1, 13), (13, 10), (10, 6), (6, 7), (7, 3), (3, 12), (12, 9), (9, 19), (19, 21)], 2: [(1, 5), (5, 17), (17, 16), (16, 8), (8, 15), (15, 14)], 4: [(1, 2), (2, 4), (4, 18), (18, 20), (20, 21), (21, 11)]}, padri: [8], figli: [10], mosse: [(3, 3, 3, 12, 10)]
10 -> costo: 90129.79999999999, rotte: {3: [(1, 13), (13, 10), (10, 6), (6, 3), (3, 7), (7, 12), (12, 9), (9, 19), (19, 21)], 2: [(1, 5), (5, 17), (17, 16), (16, 8), (8, 15), (15, 14)], 4: [(1, 2), (2, 4), (4, 18), (18, 20), (20, 21), (21, 11)]}, padri: [9], figli: [11, 12, 13], mosse: [(3, 3, 3, 7, 5)]
11 -> costo: 88991.2, rotte: {3: [(1, 13), (13, 10), (10, 3), (3, 6), (6, 7), (7, 12), (12, 9), (9, 19), (19, 21)], 2: [(1, 5), (5, 17), (17, 16), (16, 8), (8, 15), (15, 14)], 4: [(1, 2), (2, 4), (4, 18), (18, 20), (20, 21), (21, 11)]}, padri: [10, 12, 14], figli: [], mosse: [(3, 3, 3, 6, 4), (3, 3, 6, 7, 5), (3, 3, 13, 10, 8)]
12 -> costo: 89423.29999999999, rotte: {3: [(1, 13), (13, 10), (10, 3), (3, 7), (7, 6), (6, 12), (12, 9), (9, 19), (19, 21)], 2: [(1, 5), (5, 17), (17, 16), (16, 8), (8, 15), (15, 14)], 4: [(1, 2), (2, 4), (4, 18), (18, 20), (20, 21), (21, 11)]}, padri: [10], figli: [11], mosse: [(3, 3, 7, 6, 4)]
13 -> costo: 90114.8, rotte: {3: [(1, 10), (10, 13), (13, 6), (6, 3), (3, 7), (7, 12), (12, 9), (9, 19), (19, 21)], 2: [(1, 5), (5, 17), (17, 16), (16, 8), (8, 15), (15, 14)], 4: [(1, 2), (2, 4), (4, 18), (18, 20), (20, 21), (21, 11)]}, padri: [10], figli: [14, 15], mosse: [(3, 3, 10, 13, 11)]
14 -> costo: 88992.2, rotte: {3: [(1, 10), (10, 13), (13, 3), (3, 6), (6, 7), (7, 12), (12, 9), (9, 19), (19, 21)], 2: [(1, 5), (5, 17), (17, 16), (16, 8), (8, 15), (15, 14)], 4: [(1, 2), (2, 4), (4, 18), (18, 20), (20, 21), (21, 11)]}, padri: [13, 15], figli: [11], mosse: [(3, 3, 3, 6, 4), (3, 3, 6, 7, 5)]
15 -> costo: 89424.3, rotte: {3: [(1, 10), (10, 13), (13, 3), (3, 7), (7, 6), (6, 12), (12, 9), (9, 19), (19, 21)], 2: [(1, 5), (5, 17), (17, 16), (16, 8), (8, 15), (15, 14)], 4: [(1, 2), (2, 4), (4, 18), (18, 20), (20, 21), (21, 11)]}, padri: [13], figli: [14], mosse: [(3, 3, 7, 6, 4)]
bestSolutionIndice: 11
11 -> costo: 88991.2, rotte: {3: [(1, 13), (13, 10), (10, 3), (3, 6), (6, 7), (7, 12), (12, 9), (9, 19), (19, 21)], 2: [(1, 5), (5, 17), (17, 16), (16, 8), (8, 15), (15, 14)], 4: [(1, 2), (2, 4), (4, 18), (18, 20), (20, 21), (21, 11)]}, padri: [10, 12, 14], figli: [], mosse: [(3, 3, 3, 6, 4), (3, 3, 6, 7, 5), (3, 3, 13, 10, 8)]
trasportoPalletDiGamma: {3: [(13, 11), (10, 8), (3, 1), (6, 4), (7, 5), (12, 10), (9, 7), (19, 17), (21, 6)], 2: [(5, 3), (17, 15), (16, 14), (8, 6), (15, 13), (14, 12)], 4: [(2, 12), (4, 2), (18, 16), (20, 18), (21, 13), (11, 9)]}
itMosseLS: 18, itMosseTS: 5
time elapsed: 356.35s.


##########################################################################################
s: 1
dictSolutions[1]:
0 -> costo: 145526.7, rotte: {3: [(1, 12), (12, 18), (18, 19), (19, 3), (3, 11), (11, 10), (10, 4)], 2: [(1, 7), (7, 16), (16, 5), (5, 20), (20, 2), (2, 13), (13, 17)], 4: [(1, 9), (9, 21), (21, 14), (14, 15), (15, 6), (6, 8), (8, 17)]}, padri: [-1], figli: [1], mosse: [-1]
1 -> costo: 120502.70000000001, rotte: {3: [(1, 12), (12, 18), (18, 19), (19, 3), (3, 10), (10, 4), (4, 11)], 2: [(1, 7), (7, 16), (16, 5), (5, 20), (20, 2), (2, 13), (13, 17)], 4: [(1, 9), (9, 21), (21, 14), (14, 15), (15, 6), (6, 8), (8, 17)]}, padri: [0], figli: [2], mosse: [(3, 3, 4, 11, 9)]
2 -> costo: 112248.0, rotte: {3: [(1, 12), (12, 18), (18, 19), (19, 3), (3, 10), (10, 4), (4, 11)], 2: [(1, 7), (7, 5), (5, 20), (20, 2), (2, 13), (13, 16), (16, 17)], 4: [(1, 9), (9, 21), (21, 14), (14, 15), (15, 6), (6, 8), (8, 17)]}, padri: [1], figli: [3], mosse: [(2, 2, 13, 16, 14)]
3 -> costo: 105407.00000000001, rotte: {3: [(1, 12), (12, 18), (18, 19), (19, 3), (3, 10), (10, 4), (4, 11)], 2: [(1, 7), (7, 5), (5, 2), (2, 13), (13, 20), (20, 16), (16, 17)], 4: [(1, 9), (9, 21), (21, 14), (14, 15), (15, 6), (6, 8), (8, 17)]}, padri: [2], figli: [4], mosse: [(2, 2, 13, 20, 18)]
4 -> costo: 102097.9, rotte: {3: [(1, 7), (7, 12), (12, 18), (18, 19), (19, 3), (3, 10), (10, 4), (4, 11)], 2: [(1, 5), (5, 2), (2, 13), (13, 20), (20, 16), (16, 17)], 4: [(1, 9), (9, 21), (21, 14), (14, 15), (15, 6), (6, 8), (8, 17)]}, padri: [3], figli: [5], mosse: [(3, 2, 1, 7, 5)]
5 -> costo: 99234.99999999999, rotte: {3: [(1, 7), (7, 12), (12, 18), (18, 19), (19, 3), (3, 10), (10, 4), (4, 11)], 2: [(1, 5), (5, 2), (2, 13), (13, 20), (20, 16), (16, 17)], 4: [(1, 9), (9, 14), (14, 15), (15, 6), (6, 8), (8, 21), (21, 17)]}, padri: [4], figli: [6], mosse: [(4, 4, 8, 21, 19)]
6 -> costo: 96425.19999999998, rotte: {3: [(1, 7), (7, 12), (12, 18), (18, 19), (19, 3), (3, 10), (10, 4), (4, 11)], 2: [(1, 5), (5, 2), (2, 13), (13, 20), (20, 16), (16, 17)], 4: [(1, 14), (14, 15), (15, 6), (6, 8), (8, 9), (9, 21), (21, 17)]}, padri: [5], figli: [7], mosse: [(4, 4, 8, 9, 7)]
7 -> costo: 94240.59999999999, rotte: {3: [(1, 7), (7, 12), (12, 19), (19, 18), (18, 3), (3, 10), (10, 4), (4, 11)], 2: [(1, 5), (5, 2), (2, 13), (13, 20), (20, 16), (16, 17)], 4: [(1, 14), (14, 15), (15, 6), (6, 8), (8, 9), (9, 21), (21, 17)]}, padri: [6], figli: [8], mosse: [(3, 3, 19, 18, 16)]
8 -> costo: 92073.3, rotte: {3: [(1, 7), (7, 12), (12, 19), (19, 18), (18, 3), (3, 4), (4, 10), (10, 11)], 2: [(1, 5), (5, 2), (2, 13), (13, 20), (20, 16), (16, 17)], 4: [(1, 14), (14, 15), (15, 6), (6, 8), (8, 9), (9, 21), (21, 17)]}, padri: [7], figli: [9], mosse: [(3, 3, 4, 10, 8)]
9 -> costo: 91167.5, rotte: {3: [(1, 7), (7, 12), (12, 19), (19, 18), (18, 3), (3, 4), (4, 10), (10, 11)], 2: [(1, 5), (5, 2), (2, 13), (13, 20), (20, 16), (16, 17)], 4: [(1, 14), (14, 6), (6, 15), (15, 8), (8, 9), (9, 21), (21, 17)]}, padri: [8], figli: [10, 14], mosse: [(4, 4, 6, 15, 13)]
10 -> costo: 90547.20000000001, rotte: {3: [(1, 7), (7, 12), (12, 19), (19, 18), (18, 3), (3, 4), (4, 10), (10, 11)], 2: [(1, 5), (5, 2), (2, 13), (13, 20), (20, 16), (16, 17)], 4: [(1, 6), (6, 14), (14, 15), (15, 8), (8, 9), (9, 21), (21, 17)]}, padri: [9], figli: [11, 13], mosse: [(4, 4, 6, 14, 12)]
11 -> costo: 89971.2, rotte: {3: [(1, 7), (7, 12), (12, 19), (19, 18), (18, 3), (3, 4), (4, 10), (10, 11)], 2: [(1, 5), (5, 2), (2, 13), (13, 6), (6, 20), (20, 16), (16, 17)], 4: [(1, 14), (14, 15), (15, 8), (8, 9), (9, 21), (21, 17)]}, padri: [10], figli: [12], mosse: [(2, 4, 13, 6, 4)]
12 -> costo: 89648.4, rotte: {3: [(1, 7), (7, 12), (12, 19), (19, 18), (18, 4), (4, 3), (3, 10), (10, 11)], 2: [(1, 5), (5, 2), (2, 13), (13, 6), (6, 20), (20, 16), (16, 17)], 4: [(1, 14), (14, 15), (15, 8), (8, 9), (9, 21), (21, 17)]}, padri: [11, 13], figli: [], mosse: [(3, 3, 4, 3, 1), (2, 4, 13, 6, 4)]
13 -> costo: 90224.40000000001, rotte: {3: [(1, 7), (7, 12), (12, 19), (19, 18), (18, 4), (4, 3), (3, 10), (10, 11)], 2: [(1, 5), (5, 2), (2, 13), (13, 20), (20, 16), (16, 17)], 4: [(1, 6), (6, 14), (14, 15), (15, 8), (8, 9), (9, 21), (21, 17)]}, padri: [10, 14], figli: [12], mosse: [(3, 3, 4, 3, 1), (4, 4, 6, 14, 12)]
14 -> costo: 90844.7, rotte: {3: [(1, 7), (7, 12), (12, 19), (19, 18), (18, 4), (4, 3), (3, 10), (10, 11)], 2: [(1, 5), (5, 2), (2, 13), (13, 20), (20, 16), (16, 17)], 4: [(1, 14), (14, 6), (6, 15), (15, 8), (8, 9), (9, 21), (21, 17)]}, padri: [9], figli: [13], mosse: [(3, 3, 4, 3, 1)]
bestSolutionIndice: 12
12 -> costo: 89648.4, rotte: {3: [(1, 7), (7, 12), (12, 19), (19, 18), (18, 4), (4, 3), (3, 10), (10, 11)], 2: [(1, 5), (5, 2), (2, 13), (13, 6), (6, 20), (20, 16), (16, 17)], 4: [(1, 14), (14, 15), (15, 8), (8, 9), (9, 21), (21, 17)]}, padri: [11, 13], figli: [], mosse: [(3, 3, 4, 3, 1), (2, 4, 13, 6, 4)]
trasportoPalletDiGamma: {3: [(7, 5), (12, 10), (19, 17), (18, 16), (4, 2), (3, 1), (10, 8), (11, 9)], 2: [(5, 3), (2, 12), (13, 11), (6, 4), (20, 18), (16, 14), (17, 7)], 4: [(14, 12), (15, 13), (8, 6), (9, 7), (21, 19), (17, 8)]}
itMosseLS: 16, itMosseTS: 5
time elapsed: 379.50s.


##########################################################################################
s: 1
dictSolutions[1]:
0 -> costo: 153961.89999999997, rotte: {4: [(1, 14), (14, 10), (10, 9), (9, 4), (4, 6), (6, 3), (3, 18), (18, 7), (7, 20), (20, 15)], 3: [(1, 11), (11, 17), (17, 8), (8, 16), (16, 2), (2, 20)], 2: [(1, 19), (19, 12), (12, 13), (13, 21), (21, 5), (5, 15)]}, padri: [-1], figli: [1], mosse: [-1]
1 -> costo: 130965.09999999999, rotte: {4: [(1, 14), (14, 10), (10, 9), (9, 4), (4, 6), (6, 3), (3, 18), (18, 7), (7, 20), (20, 15)], 3: [(1, 17), (17, 8), (8, 16), (16, 2), (2, 20), (20, 11)], 2: [(1, 19), (19, 12), (12, 13), (13, 21), (21, 5), (5, 15)]}, padri: [0], figli: [2], mosse: [(3, 3, 20, 11, 9)]
2 -> costo: 122782.3, rotte: {4: [(1, 14), (14, 10), (10, 9), (9, 4), (4, 6), (6, 3), (3, 18), (18, 7), (7, 20), (20, 15)], 3: [(1, 17), (17, 16), (16, 2), (2, 20), (20, 8), (8, 11)], 2: [(1, 19), (19, 12), (12, 13), (13, 21), (21, 5), (5, 15)]}, padri: [1], figli: [3], mosse: [(3, 3, 20, 8, 6)]
3 -> costo: 118072.70000000001, rotte: {4: [(1, 14), (14, 10), (10, 9), (9, 4), (4, 6), (6, 3), (3, 18), (18, 7), (7, 20), (20, 15)], 3: [(1, 17), (17, 16), (16, 20), (20, 8), (8, 2), (2, 11)], 2: [(1, 19), (19, 12), (12, 13), (13, 21), (21, 5), (5, 15)]}, padri: [2], figli: [4], mosse: [(3, 3, 8, 2, 12)]
4 -> costo: 113764.50000000001, rotte: {4: [(1, 14), (14, 10), (10, 4), (4, 6), (6, 3), (3, 18), (18, 7), (7, 9), (9, 20), (20, 15)], 3: [(1, 17), (17, 16), (16, 20), (20, 8), (8, 2), (2, 11)], 2: [(1, 19), (19, 12), (12, 13), (13, 21), (21, 5), (5, 15)]}, padri: [3], figli: [5], mosse: [(4, 4, 7, 9, 7)]
5 -> costo: 110034.8, rotte: {4: [(1, 14), (14, 10), (10, 4), (4, 6), (6, 3), (3, 18), (18, 7), (7, 9), (9, 20), (20, 15)], 3: [(1, 17), (17, 16), (16, 20), (20, 8), (8, 2), (2, 11)], 2: [(1, 19), (19, 12), (12, 21), (21, 5), (5, 13), (13, 15)]}, padri: [4], figli: [6], mosse: [(2, 2, 5, 13, 11)]
6 -> costo: 106401.20000000001, rotte: {4: [(1, 14), (14, 10), (10, 4), (4, 6), (6, 3), (3, 18), (18, 7), (7, 9), (9, 20), (20, 15)], 3: [(1, 17), (17, 16), (16, 20), (20, 8), (8, 2), (2, 11)], 2: [(1, 19), (19, 21), (21, 5), (5, 13), (13, 12), (12, 15)]}, padri: [5], figli: [7], mosse: [(2, 2, 13, 12, 10)]
7 -> costo: 104519.8, rotte: {4: [(1, 14), (14, 10), (10, 4), (4, 3), (3, 18), (18, 6), (6, 7), (7, 9), (9, 20), (20, 15)], 3: [(1, 17), (17, 16), (16, 20), (20, 8), (8, 2), (2, 11)], 2: [(1, 19), (19, 21), (21, 5), (5, 13), (13, 12), (12, 15)]}, padri: [6], figli: [8], mosse: [(4, 4, 18, 6, 4)]
8 -> costo: 103339.50000000001, rotte: {4: [(1, 10), (10, 4), (4, 3), (3, 18), (18, 6), (6, 14), (14, 7), (7, 9), (9, 20), (20, 15)], 3: [(1, 17), (17, 16), (16, 20), (20, 8), (8, 2), (2, 11)], 2: [(1, 19), (19, 21), (21, 5), (5, 13), (13, 12), (12, 15)]}, padri: [7], figli: [9], mosse: [(4, 4, 6, 14, 12)]
9 -> costo: 102296.60000000002, rotte: {4: [(1, 10), (10, 4), (4, 3), (3, 18), (18, 6), (6, 14), (14, 15), (15, 7), (7, 9), (9, 20)], 3: [(1, 17), (17, 16), (16, 20), (20, 8), (8, 2), (2, 11)], 2: [(1, 19), (19, 21), (21, 5), (5, 13), (13, 12), (12, 15)]}, padri: [8], figli: [10, 12, 13, 14], mosse: [(4, 4, 14, 15, 3)]
10 -> costo: 101472.50000000001, rotte: {4: [(1, 4), (4, 10), (10, 3), (3, 18), (18, 6), (6, 14), (14, 15), (15, 7), (7, 9), (9, 20)], 3: [(1, 17), (17, 16), (16, 20), (20, 8), (8, 2), (2, 11)], 2: [(1, 19), (19, 21), (21, 5), (5, 13), (13, 12), (12, 15)]}, padri: [9, 13], figli: [11], mosse: [(4, 4, 4, 10, 8), (4, 4, 10, 3, 1)]
11 -> costo: 101472.5, rotte: {4: [(1, 4), (4, 10), (10, 3), (3, 18), (18, 6), (6, 14), (14, 15), (15, 7), (7, 9), (9, 20)], 3: [(1, 16), (16, 17), (17, 20), (20, 8), (8, 2), (2, 11)], 2: [(1, 19), (19, 21), (21, 5), (5, 13), (13, 12), (12, 15)]}, padri: [10], figli: [], mosse: [(3, 3, 16, 17, 15)]
12 -> costo: 101602.8, rotte: {4: [(1, 4), (4, 3), (3, 18), (18, 6), (6, 10), (10, 14), (14, 15), (15, 7), (7, 9), (9, 20)], 3: [(1, 17), (17, 16), (16, 20), (20, 8), (8, 2), (2, 11)], 2: [(1, 19), (19, 21), (21, 5), (5, 13), (13, 12), (12, 15)]}, padri: [9], figli: [], mosse: [(4, 4, 6, 10, 8)]
13 -> costo: 101969.60000000002, rotte: {4: [(1, 4), (4, 3), (3, 10), (10, 18), (18, 6), (6, 14), (14, 15), (15, 7), (7, 9), (9, 20)], 3: [(1, 17), (17, 16), (16, 20), (20, 8), (8, 2), (2, 11)], 2: [(1, 19), (19, 21), (21, 5), (5, 13), (13, 12), (12, 15)]}, padri: [9], figli: [10, 14], mosse: [(4, 4, 3, 10, 8)]
14 -> costo: 101537.90000000001, rotte: {4: [(1, 4), (4, 3), (3, 10), (10, 6), (6, 14), (14, 15), (15, 7), (7, 18), (18, 9), (9, 20)], 3: [(1, 17), (17, 16), (16, 20), (20, 8), (8, 2), (2, 11)], 2: [(1, 19), (19, 21), (21, 5), (5, 13), (13, 12), (12, 15)]}, padri: [13], figli: [15], mosse: [(4, 4, 7, 18, 16)]
15 -> costo: 101018.90000000001, rotte: {4: [(1, 4), (4, 3), (3, 10), (10, 14), (14, 15), (15, 6), (6, 7), (7, 18), (18, 9), (9, 20)], 3: [(1, 17), (17, 16), (16, 20), (20, 8), (8, 2), (2, 11)], 2: [(1, 19), (19, 21), (21, 5), (5, 13), (13, 12), (12, 15)]}, padri: [14], figli: [16], mosse: [(4, 4, 15, 6, 4)]
16 -> costo: 101018.9, rotte: {4: [(1, 4), (4, 3), (3, 10), (10, 14), (14, 15), (15, 6), (6, 7), (7, 18), (18, 9), (9, 20)], 3: [(1, 16), (16, 17), (17, 20), (20, 8), (8, 2), (2, 11)], 2: [(1, 19), (19, 21), (21, 5), (5, 13), (13, 12), (12, 15)]}, padri: [15], figli: [], mosse: [(3, 3, 16, 17, 15)]
bestSolutionIndice: 16
16 -> costo: 101018.9, rotte: {4: [(1, 4), (4, 3), (3, 10), (10, 14), (14, 15), (15, 6), (6, 7), (7, 18), (18, 9), (9, 20)], 3: [(1, 16), (16, 17), (17, 20), (20, 8), (8, 2), (2, 11)], 2: [(1, 19), (19, 21), (21, 5), (5, 13), (13, 12), (12, 15)]}, padri: [15], figli: [], mosse: [(3, 3, 16, 17, 15)]
trasportoPalletDiGamma: {4: [(4, 2), (3, 1), (10, 8), (14, 12), (15, 3), (6, 4), (7, 5), (18, 16), (9, 7), (20, 4)], 3: [(16, 14), (17, 15), (20, 14), (8, 6), (2, 12), (11, 9)], 2: [(19, 17), (21, 19), (5, 3), (13, 11), (12, 10), (15, 10)]}
itMosseLS: 17, itMosseTS: 5
time elapsed: 720.07s.


##########################################################################################
s: 1
dictSolutions[1]:
0 -> costo: 138586.09999999998, rotte: {3: [(1, 3), (3, 12), (12, 13), (13, 4), (4, 5), (5, 21), (21, 17), (17, 2)], 4: [(1, 10), (10, 14), (14, 11), (11, 6), (6, 8), (8, 7), (7, 16), (16, 9), (9, 2)], 2: [(1, 20), (20, 15), (15, 19), (19, 18), (18, 9)]}, padri: [-1], figli: [1], mosse: [-1]
1 -> costo: 111438.09999999999, rotte: {3: [(1, 3), (3, 12), (12, 13), (13, 4), (4, 5), (5, 21), (21, 17), (17, 2)], 4: [(1, 10), (10, 14), (14, 6), (6, 8), (8, 7), (7, 16), (16, 9), (9, 2), (2, 11)], 2: [(1, 20), (20, 15), (15, 19), (19, 18), (18, 9)]}, padri: [0], figli: [2], mosse: [(4, 4, 2, 11, 9)]
2 -> costo: 104555.8, rotte: {3: [(1, 3), (3, 12), (12, 13), (13, 4), (4, 2), (2, 5), (5, 21), (21, 17)], 4: [(1, 10), (10, 14), (14, 6), (6, 8), (8, 7), (7, 16), (16, 9), (9, 2), (2, 11)], 2: [(1, 20), (20, 15), (15, 19), (19, 18), (18, 9)]}, padri: [1], figli: [3], mosse: [(3, 3, 4, 2, 9)]
3 -> costo: 99672.40000000001, rotte: {3: [(1, 3), (3, 12), (12, 13), (13, 4), (4, 2), (2, 5), (5, 21), (21, 17)], 4: [(1, 10), (10, 14), (14, 6), (6, 8), (8, 7), (7, 16), (16, 9), (9, 2), (2, 11)], 2: [(1, 20), (20, 19), (19, 18), (18, 9), (9, 15)]}, padri: [2], figli: [4], mosse: [(2, 2, 9, 15, 13)]
4 -> costo: 97224.20000000001, rotte: {3: [(1, 3), (3, 13), (13, 4), (4, 2), (2, 5), (5, 12), (12, 21), (21, 17)], 4: [(1, 10), (10, 14), (14, 6), (6, 8), (8, 7), (7, 16), (16, 9), (9, 2), (2, 11)], 2: [(1, 20), (20, 19), (19, 18), (18, 9), (9, 15)]}, padri: [3], figli: [5], mosse: [(3, 3, 5, 12, 10)]
5 -> costo: 96173.60000000002, rotte: {3: [(1, 13), (13, 4), (4, 2), (2, 5), (5, 12), (12, 21), (21, 17)], 4: [(1, 10), (10, 14), (14, 6), (6, 8), (8, 7), (7, 16), (16, 9), (9, 2), (2, 3), (3, 11)], 2: [(1, 20), (20, 19), (19, 18), (18, 9), (9, 15)]}, padri: [4], figli: [6], mosse: [(4, 3, 2, 3, 1)]
6 -> costo: 95147.70000000003, rotte: {3: [(1, 13), (13, 4), (4, 2), (2, 5), (5, 12), (12, 21), (21, 17)], 4: [(1, 10), (10, 14), (14, 6), (6, 8), (8, 7), (7, 16), (16, 9), (9, 2), (2, 3), (3, 11)], 2: [(1, 20), (20, 19), (19, 18), (18, 15)]}, padri: [5], figli: [7, 11], mosse: [(4, 2, 1, 9, 6)]
7 -> costo: 94205.3, rotte: {3: [(1, 13), (13, 4), (4, 2), (2, 5), (5, 12), (12, 21), (21, 17)], 4: [(1, 10), (10, 14), (14, 6), (6, 8), (8, 16), (16, 9), (9, 7), (7, 2), (2, 3), (3, 11)], 2: [(1, 20), (20, 19), (19, 18), (18, 15)]}, padri: [6], figli: [8, 10], mosse: [(4, 4, 9, 7, 5)]
8 -> costo: 93535.40000000001, rotte: {3: [(1, 4), (4, 2), (2, 5), (5, 13), (13, 12), (12, 21), (21, 17)], 4: [(1, 10), (10, 14), (14, 6), (6, 8), (8, 16), (16, 9), (9, 7), (7, 2), (2, 3), (3, 11)], 2: [(1, 20), (20, 19), (19, 18), (18, 15)]}, padri: [7], figli: [9], mosse: [(3, 3, 5, 13, 11)]
9 -> costo: 93440.1, rotte: {3: [(1, 4), (4, 2), (2, 5), (5, 13), (13, 12), (12, 21), (21, 17)], 4: [(1, 14), (14, 6), (6, 8), (8, 16), (16, 9), (9, 7), (7, 2), (2, 3), (3, 10), (10, 11)], 2: [(1, 20), (20, 19), (19, 18), (18, 15)]}, padri: [8, 10], figli: [], mosse: [(4, 4, 3, 10, 8), (3, 3, 5, 13, 11)]
10 -> costo: 94110.00000000001, rotte: {3: [(1, 13), (13, 4), (4, 2), (2, 5), (5, 12), (12, 21), (21, 17)], 4: [(1, 14), (14, 6), (6, 8), (8, 16), (16, 9), (9, 7), (7, 2), (2, 3), (3, 10), (10, 11)], 2: [(1, 20), (20, 19), (19, 18), (18, 15)]}, padri: [7], figli: [9], mosse: [(4, 4, 3, 10, 8)]
11 -> costo: 94232.90000000001, rotte: {3: [(1, 13), (13, 4), (4, 2), (2, 5), (5, 12), (12, 21), (21, 17)], 4: [(1, 10), (10, 14), (14, 6), (6, 7), (7, 8), (8, 16), (16, 9), (9, 2), (2, 3), (3, 11)], 2: [(1, 20), (20, 19), (19, 18), (18, 15)]}, padri: [6], figli: [12], mosse: [(4, 4, 7, 8, 6)]
12 -> costo: 93563.00000000001, rotte: {3: [(1, 4), (4, 2), (2, 5), (5, 13), (13, 12), (12, 21), (21, 17)], 4: [(1, 10), (10, 14), (14, 6), (6, 7), (7, 8), (8, 16), (16, 9), (9, 2), (2, 3), (3, 11)], 2: [(1, 20), (20, 19), (19, 18), (18, 15)]}, padri: [11], figli: [13], mosse: [(3, 3, 5, 13, 11)]
13 -> costo: 93161.70000000001, rotte: {3: [(1, 4), (4, 2), (2, 5), (5, 13), (13, 12), (12, 21), (21, 17)], 4: [(1, 10), (10, 14), (14, 6), (6, 7), (7, 8), (8, 9), (9, 16), (16, 2), (2, 3), (3, 11)], 2: [(1, 20), (20, 19), (19, 18), (18, 15)]}, padri: [12], figli: [14], mosse: [(4, 4, 9, 16, 14)]
14 -> costo: 93066.40000000001, rotte: {3: [(1, 4), (4, 2), (2, 5), (5, 13), (13, 12), (12, 21), (21, 17)], 4: [(1, 14), (14, 6), (6, 7), (7, 8), (8, 9), (9, 16), (16, 2), (2, 3), (3, 10), (10, 11)], 2: [(1, 20), (20, 19), (19, 18), (18, 15)]}, padri: [13], figli: [], mosse: [(4, 4, 3, 10, 8)]
bestSolutionIndice: 14
14 -> costo: 93066.40000000001, rotte: {3: [(1, 4), (4, 2), (2, 5), (5, 13), (13, 12), (12, 21), (21, 17)], 4: [(1, 14), (14, 6), (6, 7), (7, 8), (8, 9), (9, 16), (16, 2), (2, 3), (3, 10), (10, 11)], 2: [(1, 20), (20, 19), (19, 18), (18, 15)]}, padri: [13], figli: [], mosse: [(4, 4, 3, 10, 8)]
trasportoPalletDiGamma: {3: [(4, 2), (2, 9), (5, 3), (13, 11), (12, 10), (21, 19), (17, 15)], 4: [(14, 12), (6, 4), (7, 5), (8, 6), (9, 7), (16, 14), (2, 3), (3, 1), (10, 8), (11, 9)], 2: [(20, 18), (19, 17), (18, 16), (15, 13)]}
itMosseLS: 15, itMosseTS: 5
time elapsed: 454.06s.


##########################################################################################
s: 1
dictSolutions[1]:
0 -> costo: 141462.0, rotte: {4: [(1, 16), (16, 15), (15, 12), (12, 11), (11, 20), (20, 21)], 3: [(1, 5), (5, 4), (4, 17), (17, 13), (13, 9), (9, 6), (6, 8), (8, 21), (21, 19)], 2: [(1, 2), (2, 14), (14, 18), (18, 10), (10, 7), (7, 3), (3, 19)]}, padri: [-1], figli: [1], mosse: [-1]
1 -> costo: 115204.49999999999, rotte: {4: [(1, 16), (16, 15), (15, 12), (12, 20), (20, 21), (21, 11)], 3: [(1, 5), (5, 4), (4, 17), (17, 13), (13, 9), (9, 6), (6, 8), (8, 21), (21, 19)], 2: [(1, 2), (2, 14), (14, 18), (18, 10), (10, 7), (7, 3), (3, 19)]}, padri: [0], figli: [2], mosse: [(4, 4, 21, 11, 9)]
2 -> costo: 106464.89999999998, rotte: {4: [(1, 16), (16, 15), (15, 12), (12, 20), (20, 21), (21, 11)], 3: [(1, 5), (5, 4), (4, 13), (13, 9), (9, 6), (6, 8), (8, 21), (21, 19), (19, 17)], 2: [(1, 2), (2, 14), (14, 18), (18, 10), (10, 7), (7, 3), (3, 19)]}, padri: [1], figli: [3], mosse: [(3, 3, 19, 17, 15)]
3 -> costo: 103068.99999999999, rotte: {4: [(1, 16), (16, 15), (15, 12), (12, 20), (20, 21), (21, 11)], 3: [(1, 5), (5, 4), (4, 13), (13, 9), (9, 6), (6, 8), (8, 21), (21, 19), (19, 17)], 2: [(1, 2), (2, 14), (14, 10), (10, 7), (7, 3), (3, 18), (18, 19)]}, padri: [2], figli: [4], mosse: [(2, 2, 3, 18, 16)]
4 -> costo: 100087.3, rotte: {4: [(1, 16), (16, 15), (15, 12), (12, 20), (20, 21), (21, 11)], 3: [(1, 5), (5, 4), (4, 13), (13, 6), (6, 8), (8, 9), (9, 21), (21, 19), (19, 17)], 2: [(1, 2), (2, 14), (14, 10), (10, 7), (7, 3), (3, 18), (18, 19)]}, padri: [3], figli: [5], mosse: [(3, 3, 8, 9, 7)]
5 -> costo: 97428.09999999999, rotte: {4: [(1, 15), (15, 12), (12, 20), (20, 21), (21, 16), (16, 11)], 3: [(1, 5), (5, 4), (4, 13), (13, 6), (6, 8), (8, 9), (9, 21), (21, 19), (19, 17)], 2: [(1, 2), (2, 14), (14, 10), (10, 7), (7, 3), (3, 18), (18, 19)]}, padri: [4], figli: [6], mosse: [(4, 4, 21, 16, 14)]
6 -> costo: 96142.6, rotte: {4: [(1, 15), (15, 12), (12, 20), (20, 21), (21, 16), (16, 11)], 3: [(1, 5), (5, 4), (4, 13), (13, 6), (6, 8), (8, 9), (9, 21), (21, 19), (19, 17)], 2: [(1, 2), (2, 10), (10, 14), (14, 7), (7, 3), (3, 18), (18, 19)]}, padri: [5], figli: [7], mosse: [(2, 2, 10, 14, 12)]
7 -> costo: 94822.40000000001, rotte: {4: [(1, 15), (15, 12), (12, 20), (20, 21), (21, 16), (16, 11)], 3: [(1, 5), (5, 4), (4, 13), (13, 6), (6, 8), (8, 9), (9, 21), (21, 19), (19, 17)], 2: [(1, 10), (10, 14), (14, 7), (7, 3), (3, 2), (2, 18), (18, 19)]}, padri: [6], figli: [8], mosse: [(2, 2, 3, 2, 12)]
8 -> costo: 93745.70000000001, rotte: {4: [(1, 12), (12, 20), (20, 21), (21, 16), (16, 15), (15, 11)], 3: [(1, 5), (5, 4), (4, 13), (13, 6), (6, 8), (8, 9), (9, 21), (21, 19), (19, 17)], 2: [(1, 10), (10, 14), (14, 7), (7, 3), (3, 2), (2, 18), (18, 19)]}, padri: [7], figli: [9], mosse: [(4, 4, 16, 15, 13)]
9 -> costo: 92861.5, rotte: {4: [(1, 12), (12, 20), (20, 16), (16, 15), (15, 11)], 3: [(1, 5), (5, 4), (4, 13), (13, 6), (6, 8), (8, 9), (9, 21), (21, 19), (19, 17)], 2: [(1, 10), (10, 14), (14, 7), (7, 3), (3, 2), (2, 18), (18, 19)]}, padri: [8], figli: [10], mosse: [(3, 4, 1, 21, 6)]
10 -> costo: 91952.7, rotte: {4: [(1, 5), (5, 12), (12, 20), (20, 16), (16, 15), (15, 11)], 3: [(1, 4), (4, 13), (13, 6), (6, 8), (8, 9), (9, 21), (21, 19), (19, 17)], 2: [(1, 10), (10, 14), (14, 7), (7, 3), (3, 2), (2, 18), (18, 19)]}, padri: [9], figli: [11], mosse: [(4, 3, 1, 5, 3)]
11 -> costo: 91047.60000000002, rotte: {4: [(1, 4), (4, 5), (5, 12), (12, 20), (20, 16), (16, 15), (15, 11)], 3: [(1, 13), (13, 6), (6, 8), (8, 9), (9, 21), (21, 19), (19, 17)], 2: [(1, 10), (10, 14), (14, 7), (7, 3), (3, 2), (2, 18), (18, 19)]}, padri: [10], figli: [12, 14], mosse: [(4, 3, 1, 4, 2)]
12 -> costo: 90376.7, rotte: {4: [(1, 4), (4, 5), (5, 20), (20, 16), (16, 12), (12, 15), (15, 11)], 3: [(1, 13), (13, 6), (6, 8), (8, 9), (9, 21), (21, 19), (19, 17)], 2: [(1, 10), (10, 14), (14, 7), (7, 3), (3, 2), (2, 18), (18, 19)]}, padri: [11, 14], figli: [13], mosse: [(4, 4, 16, 12, 10), (4, 4, 12, 15, 13)]
13 -> costo: 90068.4, rotte: {4: [(1, 4), (4, 5), (5, 20), (20, 16), (16, 12), (12, 15), (15, 11)], 3: [(1, 13), (13, 6), (6, 8), (8, 9), (9, 19), (19, 21), (21, 17)], 2: [(1, 10), (10, 14), (14, 7), (7, 3), (3, 2), (2, 18), (18, 19)]}, padri: [12, 15], figli: [], mosse: [(3, 3, 19, 21, 19), (4, 4, 12, 15, 13)]
14 -> costo: 90664.2, rotte: {4: [(1, 4), (4, 5), (5, 20), (20, 16), (16, 15), (15, 12), (12, 11)], 3: [(1, 13), (13, 6), (6, 8), (8, 9), (9, 21), (21, 19), (19, 17)], 2: [(1, 10), (10, 14), (14, 7), (7, 3), (3, 2), (2, 18), (18, 19)]}, padri: [11], figli: [15, 12], mosse: [(4, 4, 15, 12, 10)]
15 -> costo: 90355.9, rotte: {4: [(1, 4), (4, 5), (5, 20), (20, 16), (16, 15), (15, 12), (12, 11)], 3: [(1, 13), (13, 6), (6, 8), (8, 9), (9, 19), (19, 21), (21, 17)], 2: [(1, 10), (10, 14), (14, 7), (7, 3), (3, 2), (2, 18), (18, 19)]}, padri: [14], figli: [13], mosse: [(3, 3, 19, 21, 19)]
bestSolutionIndice: 13
13 -> costo: 90068.4, rotte: {4: [(1, 4), (4, 5), (5, 20), (20, 16), (16, 12), (12, 15), (15, 11)], 3: [(1, 13), (13, 6), (6, 8), (8, 9), (9, 19), (19, 21), (21, 17)], 2: [(1, 10), (10, 14), (14, 7), (7, 3), (3, 2), (2, 18), (18, 19)]}, padri: [12, 15], figli: [], mosse: [(3, 3, 19, 21, 19), (4, 4, 12, 15, 13)]
trasportoPalletDiGamma: {4: [(4, 2), (5, 3), (20, 18), (16, 14), (12, 10), (15, 13), (11, 9)], 3: [(13, 11), (6, 4), (8, 6), (9, 7), (19, 1), (21, 19), (17, 15)], 2: [(10, 8), (14, 12), (7, 5), (3, 1), (2, 12), (18, 16), (19, 16)]}
itMosseLS: 17, itMosseTS: 5
time elapsed: 415.38s.


##########################################################################################
s: 1
dictSolutions[1]:
0 -> costo: 136189.3, rotte: {4: [(1, 15), (15, 16), (16, 20), (20, 11), (11, 18)], 3: [(1, 8), (8, 2), (2, 4), (4, 5), (5, 19), (19, 14), (14, 7), (7, 3), (3, 6)], 2: [(1, 12), (12, 9), (9, 13), (13, 10), (10, 17), (17, 21)]}, padri: [-1], figli: [1], mosse: [-1]
1 -> costo: 107423.19999999998, rotte: {4: [(1, 18), (18, 15), (15, 16), (16, 20), (20, 11)], 3: [(1, 8), (8, 2), (2, 4), (4, 5), (5, 19), (19, 14), (14, 7), (7, 3), (3, 6)], 2: [(1, 12), (12, 9), (9, 13), (13, 10), (10, 17), (17, 21)]}, padri: [0], figli: [2], mosse: [(4, 4, 1, 18, 16)]
2 -> costo: 102601.59999999999, rotte: {4: [(1, 18), (18, 15), (15, 16), (16, 20), (20, 11)], 3: [(1, 2), (2, 4), (4, 5), (5, 19), (19, 8), (8, 14), (14, 7), (7, 3), (3, 6)], 2: [(1, 12), (12, 9), (9, 13), (13, 10), (10, 17), (17, 21)]}, padri: [1], figli: [3], mosse: [(3, 3, 19, 8, 6)]
3 -> costo: 100907.29999999999, rotte: {4: [(1, 18), (18, 15), (15, 16), (16, 20), (20, 11)], 3: [(1, 2), (2, 4), (4, 5), (5, 19), (19, 8), (8, 14), (14, 7), (7, 3), (3, 6)], 2: [(1, 12), (12, 9), (9, 13), (13, 10), (10, 21), (21, 17)]}, padri: [2], figli: [4], mosse: [(2, 2, 17, 21)]
4 -> costo: 99298.7, rotte: {4: [(1, 18), (18, 16), (16, 20), (20, 15), (15, 11)], 3: [(1, 2), (2, 4), (4, 5), (5, 19), (19, 8), (8, 14), (14, 7), (7, 3), (3, 6)], 2: [(1, 12), (12, 9), (9, 13), (13, 10), (10, 21), (21, 17)]}, padri: [3], figli: [5], mosse: [(4, 4, 20, 15, 13)]
5 -> costo: 97833.9, rotte: {4: [(1, 18), (18, 16), (16, 20), (20, 15), (15, 11)], 3: [(1, 2), (2, 4), (4, 5), (5, 19), (19, 8), (8, 7), (7, 3), (3, 6), (6, 14)], 2: [(1, 12), (12, 9), (9, 13), (13, 10), (10, 21), (21, 17)]}, padri: [4], figli: [6], mosse: [(3, 3, 6, 14, 12)]
6 -> costo: 96719.6, rotte: {4: [(1, 18), (18, 16), (16, 20), (20, 15), (15, 11)], 3: [(1, 4), (4, 2), (2, 5), (5, 19), (19, 8), (8, 7), (7, 3), (3, 6), (6, 14)], 2: [(1, 12), (12, 9), (9, 13), (13, 10), (10, 21), (21, 17)]}, padri: [5], figli: [7], mosse: [(3, 3, 4, 2, 12)]
7 -> costo: 95940.49999999999, rotte: {4: [(1, 18), (18, 20), (20, 16), (16, 15), (15, 11)], 3: [(1, 4), (4, 2), (2, 5), (5, 19), (19, 8), (8, 7), (7, 3), (3, 6), (6, 14)], 2: [(1, 12), (12, 9), (9, 13), (13, 10), (10, 21), (21, 17)]}, padri: [6], figli: [8], mosse: [(4, 4, 20, 16, 14)]
8 -> costo: 95544.2, rotte: {4: [(1, 18), (18, 20), (20, 16), (16, 15), (15, 11)], 3: [(1, 4), (4, 2), (2, 5), (5, 19), (19, 8), (8, 7), (7, 3), (3, 6), (6, 14)], 2: [(1, 9), (9, 12), (12, 13), (13, 10), (10, 21), (21, 17)]}, padri: [7], figli: [9], mosse: [(2, 2, 9, 12, 10)]
9 -> costo: 94854.79999999999, rotte: {4: [(1, 18), (18, 20), (20, 16), (16, 15), (15, 11)], 3: [(1, 4), (4, 2), (2, 5), (5, 19), (19, 8), (8, 7), (7, 3), (3, 6), (6, 14)], 2: [(1, 12), (12, 13), (13, 10), (10, 9), (9, 21), (21, 17)]}, padri: [8], figli: [10], mosse: [(2, 2, 10, 9, 7)]
10 -> costo: 90544.4, rotte: {4: [(1, 18), (18, 20), (20, 16), (16, 15), (15, 11)], 3: [(1, 4), (4, 2), (2, 5), (5, 19), (19, 8), (8, 7), (7, 3), (3, 6), (6, 14)], 2: [(1, 13), (13, 10), (10, 12), (12, 9), (9, 21), (21, 17)]}, padri: [9], figli: [11], mosse: [(2, 2, 10, 12, 10)]
11 -> costo: 90529.40000000001, rotte: {4: [(1, 18), (18, 20), (20, 16), (16, 15), (15, 11)], 3: [(1, 4), (4, 2), (2, 5), (5, 19), (19, 8), (8, 7), (7, 3), (3, 6), (6, 14)], 2: [(1, 10), (10, 13), (13, 12), (12, 9), (9, 21), (21, 17)]}, padri: [10], figli: [], mosse: [(2, 2, 10, 13, 11)]
bestSolutionIndice: 11
11 -> costo: 90529.40000000001, rotte: {4: [(1, 18), (18, 20), (20, 16), (16, 15), (15, 11)], 3: [(1, 4), (4, 2), (2, 5), (5, 19), (19, 8), (8, 7), (7, 3), (3, 6), (6, 14)], 2: [(1, 10), (10, 13), (13, 12), (12, 9), (9, 21), (21, 17)]}, padri: [10], figli: [], mosse: [(2, 2, 10, 13, 11)]
trasportoPalletDiGamma: {4: [(18, 16), (20, 18), (16, 14), (15, 13), (11, 9)], 3: [(4, 2), (2, 12), (5, 3), (19, 17), (8, 6), (7, 5), (3, 1), (6, 4), (14, 12)], 2: [(10, 8), (13, 11), (12, 10), (9, 7), (21, 19), (17, 15)]}
itMosseLS: 11, itMosseTS: 1
time elapsed: 124.13s.


##########################################################################################
##########################################################################################
##########################################################################################
##########################################################################################
##########################################################################################
##########################################################################################
##########################################################################################
##########################################################################################
##########################################################################################
##########################################################################################
##########################################################################################
##########################################################################################
##########################################################################################
##########################################################################################
##########################################################################################
##########################################################################################
##########################################################################################
##########################################################################################
##########################################################################################
##########################################################################################
##########################################################################################
##########################################################################################
##########################################################################################
##########################################################################################
##########################################################################################
##########################################################################################
##########################################################################################
##########################################################################################
##########################################################################################
##########################################################################################
##########################################################################################
##########################################################################################
##########################################################################################
##########################################################################################
##########################################################################################
##########################################################################################
##########################################################################################
##########################################################################################
##########################################################################################
##########################################################################################
##########################################################################################
