itNSIMax: 10, itMosseTSMax: 30.
##########################################################################################
s: 1
dictSolutions[1]:
0 -> costo: 142608.00000000003, rotte: {4: [(1, 10), (10, 15), (15, 5), (5, 11), (11, 7), (7, 9), (9, 17), (17, 21)], 2: [(1, 18), (18, 4), (4, 19), (19, 8), (8, 3), (3, 20), (20, 6)], 3: [(1, 14), (14, 13), (13, 16), (16, 2), (2, 12), (12, 21)]}, padri: [-1], figli: [1], mosse: [-1]
1 -> costo: 118664.8, rotte: {4: [(1, 10), (10, 15), (15, 5), (5, 7), (7, 9), (9, 17), (17, 21), (21, 11)], 2: [(1, 18), (18, 4), (4, 19), (19, 8), (8, 3), (3, 20), (20, 6)], 3: [(1, 14), (14, 13), (13, 16), (16, 2), (2, 12), (12, 21)]}, padri: [0], figli: [2], mosse: [(4, 4, 21, 11, 9)]
2 -> costo: 111464.2, rotte: {4: [(1, 10), (10, 15), (15, 5), (5, 7), (7, 9), (9, 17), (17, 21), (21, 11)], 2: [(1, 18), (18, 4), (4, 19), (19, 8), (8, 3), (3, 20), (20, 6)], 3: [(1, 14), (14, 13), (13, 2), (2, 12), (12, 21), (21, 16)]}, padri: [1], figli: [3], mosse: [(3, 3, 21, 16, 14)]
3 -> costo: 107831.9, rotte: {4: [(1, 10), (10, 15), (15, 5), (5, 7), (7, 9), (9, 17), (17, 21), (21, 11)], 2: [(1, 18), (18, 4), (4, 8), (8, 3), (3, 19), (19, 20), (20, 6)], 3: [(1, 14), (14, 13), (13, 2), (2, 12), (12, 21), (21, 16)]}, padri: [2], figli: [4], mosse: [(2, 2, 3, 19, 17)]
4 -> costo: 103990.7, rotte: {4: [(1, 10), (10, 15), (15, 5), (5, 7), (7, 9), (9, 17), (17, 21), (21, 11)], 2: [(1, 18), (18, 4), (4, 3), (3, 19), (19, 20), (20, 8), (8, 6)], 3: [(1, 14), (14, 13), (13, 2), (2, 12), (12, 21), (21, 16)]}, padri: [3], figli: [5], mosse: [(2, 2, 20, 8, 6)]
5 -> costo: 100944.79999999999, rotte: {4: [(1, 10), (10, 5), (5, 7), (7, 9), (9, 17), (17, 21), (21, 15), (15, 11)], 2: [(1, 18), (18, 4), (4, 3), (3, 19), (19, 20), (20, 8), (8, 6)], 3: [(1, 14), (14, 13), (13, 2), (2, 12), (12, 21), (21, 16)]}, padri: [4], figli: [6], mosse: [(4, 4, 21, 15, 13)]
6 -> costo: 98070.5, rotte: {4: [(1, 10), (10, 5), (5, 7), (7, 9), (9, 17), (17, 21), (21, 15), (15, 11)], 2: [(1, 4), (4, 3), (3, 18), (18, 19), (19, 20), (20, 8), (8, 6)], 3: [(1, 14), (14, 13), (13, 2), (2, 12), (12, 21), (21, 16)]}, padri: [5], figli: [7], mosse: [(2, 2, 3, 18, 16)]
7 -> costo: 95702.9, rotte: {4: [(1, 5), (5, 7), (7, 9), (9, 17), (17, 21), (21, 15), (15, 10), (10, 11)], 2: [(1, 4), (4, 3), (3, 18), (18, 19), (19, 20), (20, 8), (8, 6)], 3: [(1, 14), (14, 13), (13, 2), (2, 12), (12, 21), (21, 16)]}, padri: [6], figli: [8], mosse: [(4, 4, 15, 10, 8)]
8 -> costo: 94733.0, rotte: {4: [(1, 5), (5, 7), (7, 9), (9, 17), (17, 21), (21, 15), (15, 10), (10, 11)], 2: [(1, 4), (4, 3), (3, 18), (18, 19), (19, 20), (20, 8), (8, 6)], 3: [(1, 13), (13, 2), (2, 14), (14, 12), (12, 21), (21, 16)]}, padri: [7], figli: [9, 15, 21, 23], mosse: [(3, 3, 2, 14, 12)]
9 -> costo: 93171.30000000002, rotte: {4: [(1, 5), (5, 7), (7, 9), (9, 17), (17, 21), (21, 15), (15, 10), (10, 11)], 2: [(1, 4), (4, 3), (3, 18), (18, 19), (19, 20), (20, 8), (8, 6)], 3: [(1, 2), (2, 13), (13, 14), (14, 12), (12, 21), (21, 16)]}, padri: [8, 23], figli: [10, 13, 14, 16], mosse: [(3, 3, 2, 13, 11), (3, 3, 13, 14, 12)]
10 -> costo: 92597.0, rotte: {4: [(1, 5), (5, 7), (7, 9), (9, 21), (21, 17), (17, 15), (15, 10), (10, 11)], 2: [(1, 4), (4, 3), (3, 18), (18, 19), (19, 20), (20, 8), (8, 6)], 3: [(1, 2), (2, 13), (13, 14), (14, 12), (12, 21), (21, 16)]}, padri: [9, 15, 18], figli: [11, 12, 17], mosse: [(4, 4, 21, 17, 15), (3, 3, 2, 13, 11), (3, 3, 13, 14, 12)]
11 -> costo: 92043.90000000001, rotte: {4: [(1, 4), (4, 5), (5, 7), (7, 9), (9, 21), (21, 17), (17, 15), (15, 10), (10, 11)], 2: [(1, 3), (3, 18), (18, 19), (19, 20), (20, 8), (8, 6)], 3: [(1, 2), (2, 13), (13, 14), (14, 12), (12, 21), (21, 16)]}, padri: [10, 13, 16, 17], figli: [], mosse: [(4, 2, 1, 4, 2), (4, 4, 21, 17, 15), (3, 3, 2, 13, 11), (3, 3, 13, 14, 12)]
12 -> costo: 92421.1, rotte: {4: [(1, 7), (7, 9), (9, 21), (21, 17), (17, 15), (15, 10), (10, 11)], 2: [(1, 4), (4, 5), (5, 3), (3, 18), (18, 19), (19, 20), (20, 8), (8, 6)], 3: [(1, 2), (2, 13), (13, 14), (14, 12), (12, 21), (21, 16)]}, padri: [10, 14, 19, 20], figli: [], mosse: [(2, 4, 4, 5, 3), (4, 4, 21, 17, 15), (3, 3, 13, 14, 12), (3, 3, 2, 13, 11)]
13 -> costo: 92618.20000000001, rotte: {4: [(1, 4), (4, 5), (5, 7), (7, 9), (9, 17), (17, 21), (21, 15), (15, 10), (10, 11)], 2: [(1, 3), (3, 18), (18, 19), (19, 20), (20, 8), (8, 6)], 3: [(1, 2), (2, 13), (13, 14), (14, 12), (12, 21), (21, 16)]}, padri: [9, 21, 22], figli: [11, 17], mosse: [(4, 2, 1, 4, 2), (3, 3, 2, 13, 11), (3, 3, 13, 14, 12)]
14 -> costo: 92995.40000000001, rotte: {4: [(1, 7), (7, 9), (9, 17), (17, 21), (21, 15), (15, 10), (10, 11)], 2: [(1, 4), (4, 5), (5, 3), (3, 18), (18, 19), (19, 20), (20, 8), (8, 6)], 3: [(1, 2), (2, 13), (13, 14), (14, 12), (12, 21), (21, 16)]}, padri: [9], figli: [12], mosse: [(2, 4, 4, 5, 3)]
15 -> costo: 94158.69999999998, rotte: {4: [(1, 5), (5, 7), (7, 9), (9, 21), (21, 17), (17, 15), (15, 10), (10, 11)], 2: [(1, 4), (4, 3), (3, 18), (18, 19), (19, 20), (20, 8), (8, 6)], 3: [(1, 13), (13, 2), (2, 14), (14, 12), (12, 21), (21, 16)]}, padri: [8], figli: [10, 16, 18, 20, 22], mosse: [(4, 4, 21, 17, 15)]
16 -> costo: 93605.59999999999, rotte: {4: [(1, 4), (4, 5), (5, 7), (7, 9), (9, 21), (21, 17), (17, 15), (15, 10), (10, 11)], 2: [(1, 3), (3, 18), (18, 19), (19, 20), (20, 8), (8, 6)], 3: [(1, 13), (13, 2), (2, 14), (14, 12), (12, 21), (21, 16)]}, padri: [15, 21], figli: [11, 17, 19], mosse: [(4, 2, 1, 4, 2), (4, 4, 21, 17, 15)]
17 -> costo: 93370.9, rotte: {4: [(1, 4), (4, 5), (5, 7), (7, 9), (9, 21), (21, 17), (17, 15), (15, 10), (10, 11)], 2: [(1, 3), (3, 18), (18, 19), (19, 20), (20, 8), (8, 6)], 3: [(1, 2), (2, 14), (14, 13), (13, 12), (12, 21), (21, 16)]}, padri: [16, 18, 22], figli: [11], mosse: [(3, 3, 14, 13, 11), (4, 2, 1, 4, 2), (4, 4, 21, 17, 15)]
18 -> costo: 93923.99999999999, rotte: {4: [(1, 5), (5, 7), (7, 9), (9, 21), (21, 17), (17, 15), (15, 10), (10, 11)], 2: [(1, 4), (4, 3), (3, 18), (18, 19), (19, 20), (20, 8), (8, 6)], 3: [(1, 2), (2, 14), (14, 13), (13, 12), (12, 21), (21, 16)]}, padri: [15, 23], figli: [10, 17, 19], mosse: [(3, 3, 14, 13, 11), (4, 4, 21, 17, 15)]
19 -> costo: 93748.09999999999, rotte: {4: [(1, 7), (7, 9), (9, 21), (21, 17), (17, 15), (15, 10), (10, 11)], 2: [(1, 4), (4, 5), (5, 3), (3, 18), (18, 19), (19, 20), (20, 8), (8, 6)], 3: [(1, 2), (2, 14), (14, 13), (13, 12), (12, 21), (21, 16)]}, padri: [18, 20], figli: [12], mosse: [(2, 4, 4, 5, 3), (3, 3, 14, 13, 11)]
20 -> costo: 93982.79999999999, rotte: {4: [(1, 7), (7, 9), (9, 21), (21, 17), (17, 15), (15, 10), (10, 11)], 2: [(1, 4), (4, 5), (5, 3), (3, 18), (18, 19), (19, 20), (20, 8), (8, 6)], 3: [(1, 13), (13, 2), (2, 14), (14, 12), (12, 21), (21, 16)]}, padri: [15], figli: [12, 19], mosse: [(2, 4, 4, 5, 3)]
21 -> costo: 94179.9, rotte: {4: [(1, 4), (4, 5), (5, 7), (7, 9), (9, 17), (17, 21), (21, 15), (15, 10), (10, 11)], 2: [(1, 3), (3, 18), (18, 19), (19, 20), (20, 8), (8, 6)], 3: [(1, 13), (13, 2), (2, 14), (14, 12), (12, 21), (21, 16)]}, padri: [8], figli: [13, 16, 22], mosse: [(4, 2, 1, 4, 2)]
22 -> costo: 93945.2, rotte: {4: [(1, 4), (4, 5), (5, 7), (7, 9), (9, 17), (17, 21), (21, 15), (15, 10), (10, 11)], 2: [(1, 3), (3, 18), (18, 19), (19, 20), (20, 8), (8, 6)], 3: [(1, 2), (2, 14), (14, 13), (13, 12), (12, 21), (21, 16)]}, padri: [21, 23], figli: [13, 17], mosse: [(3, 3, 14, 13, 11), (4, 2, 1, 4, 2)]
23 -> costo: 94498.3, rotte: {4: [(1, 5), (5, 7), (7, 9), (9, 17), (17, 21), (21, 15), (15, 10), (10, 11)], 2: [(1, 4), (4, 3), (3, 18), (18, 19), (19, 20), (20, 8), (8, 6)], 3: [(1, 2), (2, 14), (14, 13), (13, 12), (12, 21), (21, 16)]}, padri: [8], figli: [9, 18, 22], mosse: [(3, 3, 14, 13, 11)]
bestSolutionIndice: 11
11 -> costo: 92043.90000000001, rotte: {4: [(1, 4), (4, 5), (5, 7), (7, 9), (9, 21), (21, 17), (17, 15), (15, 10), (10, 11)], 2: [(1, 3), (3, 18), (18, 19), (19, 20), (20, 8), (8, 6)], 3: [(1, 2), (2, 13), (13, 14), (14, 12), (12, 21), (21, 16)]}, padri: [10, 13, 16, 17], figli: [], mosse: [(4, 2, 1, 4, 2), (4, 4, 21, 17, 15), (3, 3, 2, 13, 11), (3, 3, 13, 14, 12)]
trasportoPalletDiGamma: {4: [(4, 2), (5, 3), (7, 5), (9, 7), (21, 8), (17, 15), (15, 13), (10, 8), (11, 9)], 2: [(3, 1), (18, 16), (19, 17), (20, 18), (8, 6), (6, 4)], 3: [(2, 12), (13, 11), (14, 12), (12, 10), (21, 11), (16, 14)]}
itMosseLS: 40, itMosseTS: 30
time elapsed: 1755.72s.


##########################################################################################
s: 1
dictSolutions[1]:
0 -> costo: 141301.0, rotte: {3: [(1, 10), (10, 11), (11, 18), (18, 17), (17, 4), (4, 21), (21, 13)], 4: [(1, 6), (6, 5), (5, 7), (7, 16), (16, 2), (2, 3), (3, 12), (12, 19), (19, 13)], 2: [(1, 14), (14, 15), (15, 8), (8, 9), (9, 20), (20, 19)]}, padri: [-1], figli: [1], mosse: [-1]
1 -> costo: 114556.50000000001, rotte: {3: [(1, 10), (10, 18), (18, 17), (17, 4), (4, 21), (21, 13), (13, 11)], 4: [(1, 6), (6, 5), (5, 7), (7, 16), (16, 2), (2, 3), (3, 12), (12, 19), (19, 13)], 2: [(1, 14), (14, 15), (15, 8), (8, 9), (9, 20), (20, 19)]}, padri: [0], figli: [2], mosse: [(3, 3, 13, 11, 9)]
2 -> costo: 107775.90000000001, rotte: {3: [(1, 10), (10, 18), (18, 17), (17, 21), (21, 4), (4, 13), (13, 11)], 4: [(1, 6), (6, 5), (5, 7), (7, 16), (16, 2), (2, 3), (3, 12), (12, 19), (19, 13)], 2: [(1, 14), (14, 15), (15, 8), (8, 9), (9, 20), (20, 19)]}, padri: [1], figli: [3], mosse: [(3, 3, 21, 4, 2)]
3 -> costo: 103432.70000000001, rotte: {3: [(1, 10), (10, 18), (18, 17), (17, 21), (21, 4), (4, 13), (13, 11)], 4: [(1, 13), (13, 6), (6, 5), (5, 7), (7, 16), (16, 2), (2, 3), (3, 12), (12, 19)], 2: [(1, 14), (14, 15), (15, 8), (8, 9), (9, 20), (20, 19)]}, padri: [2], figli: [4], mosse: [(4, 4, 1, 13, 10)]
4 -> costo: 97914.30000000002, rotte: {3: [(1, 10), (10, 18), (18, 17), (17, 21), (21, 4), (4, 13), (13, 11)], 4: [(1, 13), (13, 6), (6, 5), (5, 7), (7, 2), (2, 3), (3, 12), (12, 19), (19, 16)], 2: [(1, 14), (14, 15), (15, 8), (8, 9), (9, 20), (20, 19)]}, padri: [3], figli: [5], mosse: [(4, 4, 19, 16, 14)]
5 -> costo: 94391.8, rotte: {3: [(1, 10), (10, 18), (18, 17), (17, 21), (21, 4), (4, 13), (13, 11)], 4: [(1, 13), (13, 6), (6, 5), (5, 2), (2, 3), (3, 7), (7, 12), (12, 19), (19, 16)], 2: [(1, 14), (14, 15), (15, 8), (8, 9), (9, 20), (20, 19)]}, padri: [4], figli: [6], mosse: [(4, 4, 3, 7, 5)]
6 -> costo: 92110.00000000001, rotte: {3: [(1, 18), (18, 17), (17, 21), (21, 4), (4, 10), (10, 13), (13, 11)], 4: [(1, 13), (13, 6), (6, 5), (5, 2), (2, 3), (3, 7), (7, 12), (12, 19), (19, 16)], 2: [(1, 14), (14, 15), (15, 8), (8, 9), (9, 20), (20, 19)]}, padri: [5], figli: [7], mosse: [(3, 3, 4, 10, 8)]
7 -> costo: 91420.6, rotte: {3: [(1, 18), (18, 17), (17, 21), (21, 4), (4, 10), (10, 13), (13, 11)], 4: [(1, 13), (13, 5), (5, 2), (2, 3), (3, 6), (6, 7), (7, 12), (12, 19), (19, 16)], 2: [(1, 14), (14, 15), (15, 8), (8, 9), (9, 20), (20, 19)]}, padri: [6], figli: [8], mosse: [(4, 4, 3, 6, 4)]
8 -> costo: 90378.40000000001, rotte: {3: [(1, 18), (18, 17), (17, 21), (21, 4), (4, 10), (10, 13), (13, 11)], 4: [(1, 5), (5, 2), (2, 3), (3, 13), (13, 6), (6, 7), (7, 12), (12, 19), (19, 16)], 2: [(1, 14), (14, 15), (15, 8), (8, 9), (9, 20), (20, 19)]}, padri: [7], figli: [9, 9, 13, 13], mosse: [(4, 4, 3, 13, 10)]
9 -> costo: 89942.6, rotte: {3: [(1, 18), (18, 17), (17, 21), (21, 4), (4, 10), (10, 13), (13, 11)], 4: [(1, 5), (5, 2), (2, 3), (3, 13), (13, 6), (6, 7), (7, 12), (12, 19), (19, 16)], 2: [(1, 14), (14, 15), (15, 8), (8, 9), (9, 19), (19, 20)]}, padri: [8, 8], figli: [10, 12, 12, 12, 12, 12, 12, 12, 12, 12, 14], mosse: [(2, 2, 9, 19, 14), (2, 2, 19, 20, 18)]
10 -> costo: 89929.4, rotte: {3: [(1, 18), (18, 21), (21, 17), (17, 4), (4, 10), (10, 13), (13, 11)], 4: [(1, 5), (5, 2), (2, 3), (3, 13), (13, 6), (6, 7), (7, 12), (12, 19), (19, 16)], 2: [(1, 14), (14, 15), (15, 8), (8, 9), (9, 19), (19, 20)]}, padri: [9, 13, 13], figli: [11, 11, 11, 11, 11, 11, 11, 11, 11], mosse: [(3, 3, 21, 17, 15), (2, 2, 9, 19, 14), (2, 2, 19, 20, 18)]
11 -> costo: 89929.0, rotte: {3: [(1, 18), (18, 21), (21, 17), (17, 4), (4, 10), (10, 11)], 4: [(1, 5), (5, 2), (2, 3), (3, 13), (13, 6), (6, 7), (7, 12), (12, 19), (19, 16)], 2: [(1, 14), (14, 15), (15, 8), (8, 9), (9, 19), (19, 20)]}, padri: [10, 10, 10, 10, 10, 10, 10, 10, 10, 12, 14, 14], figli: [], mosse: [(4, 3, 1, 13, 1), (4, 3, 5, 13, 1), (4, 3, 2, 13, 1), (4, 3, 3, 13, 1), (4, 3, 6, 13, 1), (4, 3, 7, 13, 1), (4, 3, 12, 13, 1), (4, 3, 19, 13, 1), (4, 3, 16, 13, 1), (3, 3, 21, 17, 15), (2, 2, 9, 19, 14), (2, 2, 19, 20, 18)]
12 -> costo: 89942.2, rotte: {3: [(1, 18), (18, 17), (17, 21), (21, 4), (4, 10), (10, 11)], 4: [(1, 5), (5, 2), (2, 3), (3, 13), (13, 6), (6, 7), (7, 12), (12, 19), (19, 16)], 2: [(1, 14), (14, 15), (15, 8), (8, 9), (9, 19), (19, 20)]}, padri: [9, 9, 9, 9, 9, 9, 9, 9, 9], figli: [11], mosse: [(4, 3, 1, 13, 1), (4, 3, 5, 13, 1), (4, 3, 2, 13, 1), (4, 3, 3, 13, 1), (4, 3, 6, 13, 1), (4, 3, 7, 13, 1), (4, 3, 12, 13, 1), (4, 3, 19, 13, 1), (4, 3, 16, 13, 1)]
13 -> costo: 90365.2, rotte: {3: [(1, 18), (18, 21), (21, 17), (17, 4), (4, 10), (10, 13), (13, 11)], 4: [(1, 5), (5, 2), (2, 3), (3, 13), (13, 6), (6, 7), (7, 12), (12, 19), (19, 16)], 2: [(1, 14), (14, 15), (15, 8), (8, 9), (9, 20), (20, 19)]}, padri: [8], figli: [10, 10, 14, 14, 14, 14, 14, 14], mosse: [(3, 3, 21, 17, 15)]
14 -> costo: 90364.8, rotte: {3: [(1, 18), (18, 21), (21, 17), (17, 4), (4, 10), (10, 11)], 4: [(1, 5), (5, 2), (2, 3), (3, 13), (13, 6), (6, 7), (7, 12), (12, 19), (19, 16)], 2: [(1, 14), (14, 15), (15, 8), (8, 9), (9, 20), (20, 19)]}, padri: [13, 13, 13, 13, 13], figli: [11, 11], mosse: [(4, 3, 1, 13, 1), (4, 3, 5, 13, 1), (4, 3, 2, 13, 1), (4, 3, 3, 13, 1), (4, 3, 6, 13, 1)]
bestSolutionIndice: 11
11 -> costo: 89929.0, rotte: {3: [(1, 18), (18, 21), (21, 17), (17, 4), (4, 10), (10, 11)], 4: [(1, 5), (5, 2), (2, 3), (3, 13), (13, 6), (6, 7), (7, 12), (12, 19), (19, 16)], 2: [(1, 14), (14, 15), (15, 8), (8, 9), (9, 19), (19, 20)]}, padri: [10, 10, 10, 10, 10, 10, 10, 10, 10, 12, 14, 14], figli: [], mosse: [(4, 3, 1, 13, 1), (4, 3, 5, 13, 1), (4, 3, 2, 13, 1), (4, 3, 3, 13, 1), (4, 3, 6, 13, 1), (4, 3, 7, 13, 1), (4, 3, 12, 13, 1), (4, 3, 19, 13, 1), (4, 3, 16, 13, 1), (3, 3, 21, 17, 15), (2, 2, 9, 19, 14), (2, 2, 19, 20, 18)]
trasportoPalletDiGamma: {3: [(18, 16), (21, 19), (17, 15), (4, 2), (10, 8), (11, 9)], 4: [(5, 3), (2, 12), (3, 1), (13, 11), (6, 4), (7, 5), (12, 10), (19, 3), (16, 14)], 2: [(14, 12), (15, 13), (8, 6), (9, 7), (19, 14), (20, 18)]}
itMosseLS: 40, itMosseTS: 30
time elapsed: 1302.55s.


##########################################################################################
s: 1
dictSolutions[1]:
0 -> costo: 138574.6, rotte: {4: [(1, 16), (16, 7), (7, 4), (4, 5), (5, 11), (11, 12), (12, 2), (2, 3), (3, 21), (21, 20)], 3: [(1, 9), (9, 19), (19, 17), (17, 18), (18, 21)], 2: [(1, 6), (6, 13), (13, 14), (14, 10), (10, 8), (8, 15), (15, 20)]}, padri: [-1], figli: [1], mosse: [-1]
1 -> costo: 114863.2, rotte: {4: [(1, 16), (16, 7), (7, 4), (4, 5), (5, 12), (12, 2), (2, 3), (3, 21), (21, 20), (20, 11)], 3: [(1, 9), (9, 19), (19, 17), (17, 18), (18, 21)], 2: [(1, 6), (6, 13), (13, 14), (14, 10), (10, 8), (8, 15), (15, 20)]}, padri: [0], figli: [2], mosse: [(4, 4, 20, 11, 9)]
2 -> costo: 109864.7, rotte: {4: [(1, 16), (16, 7), (7, 4), (4, 5), (5, 2), (2, 3), (3, 21), (21, 20), (20, 12), (12, 11)], 3: [(1, 9), (9, 19), (19, 17), (17, 18), (18, 21)], 2: [(1, 6), (6, 13), (13, 14), (14, 10), (10, 8), (8, 15), (15, 20)]}, padri: [1], figli: [3], mosse: [(4, 4, 20, 12, 10)]
3 -> costo: 105614.2, rotte: {4: [(1, 7), (7, 4), (4, 5), (5, 2), (2, 3), (3, 16), (16, 21), (21, 20), (20, 12), (12, 11)], 3: [(1, 9), (9, 19), (19, 17), (17, 18), (18, 21)], 2: [(1, 6), (6, 13), (13, 14), (14, 10), (10, 8), (8, 15), (15, 20)]}, padri: [2], figli: [4], mosse: [(4, 4, 3, 16, 14)]
4 -> costo: 101206.49999999999, rotte: {4: [(1, 4), (4, 5), (5, 2), (2, 3), (3, 7), (7, 16), (16, 21), (21, 20), (20, 12), (12, 11)], 3: [(1, 9), (9, 19), (19, 17), (17, 18), (18, 21)], 2: [(1, 6), (6, 13), (13, 14), (14, 10), (10, 8), (8, 15), (15, 20)]}, padri: [3], figli: [5], mosse: [(4, 4, 3, 7, 5)]
5 -> costo: 98663.4, rotte: {4: [(1, 4), (4, 5), (5, 2), (2, 3), (3, 7), (7, 16), (16, 21), (21, 20), (20, 12), (12, 11)], 3: [(1, 9), (9, 19), (19, 17), (17, 18), (18, 21)], 2: [(1, 13), (13, 14), (14, 10), (10, 6), (6, 8), (8, 15), (15, 20)]}, padri: [4], figli: [6], mosse: [(2, 2, 10, 6, 4)]
6 -> costo: 96437.99999999999, rotte: {4: [(1, 4), (4, 5), (5, 2), (2, 3), (3, 7), (7, 16), (16, 21), (21, 20), (20, 12), (12, 11)], 3: [(1, 9), (9, 19), (19, 21), (21, 17), (17, 18)], 2: [(1, 13), (13, 14), (14, 10), (10, 6), (6, 8), (8, 15), (15, 20)]}, padri: [5], figli: [7], mosse: [(3, 3, 19, 21, 15)]
7 -> costo: 91186.09999999999, rotte: {4: [(1, 4), (4, 5), (5, 2), (2, 3), (3, 7), (7, 16), (16, 21), (21, 20), (20, 12), (12, 11)], 3: [(1, 18), (18, 9), (9, 19), (19, 21), (21, 17)], 2: [(1, 13), (13, 14), (14, 10), (10, 6), (6, 8), (8, 15), (15, 20)]}, padri: [6], figli: [8, 14], mosse: [(3, 3, 1, 18, 16)]
8 -> costo: 88965.69999999998, rotte: {4: [(1, 4), (4, 5), (5, 2), (2, 3), (3, 7), (7, 16), (16, 21), (21, 20), (20, 12), (12, 11)], 3: [(1, 18), (18, 9), (9, 19), (19, 21), (21, 17)], 2: [(1, 13), (13, 10), (10, 14), (14, 6), (6, 8), (8, 15), (15, 20)]}, padri: [7], figli: [9, 13], mosse: [(2, 2, 10, 14, 12)]
9 -> costo: 88623.59999999999, rotte: {4: [(1, 4), (4, 5), (5, 2), (2, 3), (3, 7), (7, 16), (16, 21), (21, 20), (20, 12), (12, 11)], 3: [(1, 18), (18, 9), (9, 19), (19, 21), (21, 17)], 2: [(1, 13), (13, 10), (10, 14), (14, 6), (6, 15), (15, 8), (8, 20)]}, padri: [8], figli: [10, 12], mosse: [(2, 2, 15, 8, 6)]
10 -> costo: 88469.79999999999, rotte: {4: [(1, 4), (4, 5), (5, 2), (2, 3), (3, 7), (7, 16), (16, 21), (21, 20), (20, 12), (12, 11)], 3: [(1, 18), (18, 9), (9, 19), (19, 21), (21, 17)], 2: [(1, 13), (13, 10), (10, 6), (6, 14), (14, 15), (15, 8), (8, 20)]}, padri: [9, 14], figli: [11], mosse: [(2, 2, 6, 14, 12), (2, 2, 15, 8, 6)]
11 -> costo: 88454.8, rotte: {4: [(1, 4), (4, 5), (5, 2), (2, 3), (3, 7), (7, 16), (16, 21), (21, 20), (20, 12), (12, 11)], 3: [(1, 18), (18, 9), (9, 19), (19, 21), (21, 17)], 2: [(1, 10), (10, 13), (13, 6), (6, 14), (14, 15), (15, 8), (8, 20)]}, padri: [10, 12], figli: [], mosse: [(2, 2, 10, 13, 11), (2, 2, 6, 14, 12)]
12 -> costo: 88608.6, rotte: {4: [(1, 4), (4, 5), (5, 2), (2, 3), (3, 7), (7, 16), (16, 21), (21, 20), (20, 12), (12, 11)], 3: [(1, 18), (18, 9), (9, 19), (19, 21), (21, 17)], 2: [(1, 10), (10, 13), (13, 14), (14, 6), (6, 15), (15, 8), (8, 20)]}, padri: [9, 13], figli: [11], mosse: [(2, 2, 10, 13, 11), (2, 2, 15, 8, 6)]
13 -> costo: 88950.7, rotte: {4: [(1, 4), (4, 5), (5, 2), (2, 3), (3, 7), (7, 16), (16, 21), (21, 20), (20, 12), (12, 11)], 3: [(1, 18), (18, 9), (9, 19), (19, 21), (21, 17)], 2: [(1, 10), (10, 13), (13, 14), (14, 6), (6, 8), (8, 15), (15, 20)]}, padri: [8], figli: [12], mosse: [(2, 2, 10, 13, 11)]
14 -> costo: 89656.49999999999, rotte: {4: [(1, 4), (4, 5), (5, 2), (2, 3), (3, 7), (7, 16), (16, 21), (21, 20), (20, 12), (12, 11)], 3: [(1, 18), (18, 9), (9, 19), (19, 21), (21, 17)], 2: [(1, 13), (13, 10), (10, 6), (6, 14), (14, 8), (8, 15), (15, 20)]}, padri: [7], figli: [10], mosse: [(2, 2, 6, 14, 12)]
bestSolutionIndice: 11
11 -> costo: 88454.8, rotte: {4: [(1, 4), (4, 5), (5, 2), (2, 3), (3, 7), (7, 16), (16, 21), (21, 20), (20, 12), (12, 11)], 3: [(1, 18), (18, 9), (9, 19), (19, 21), (21, 17)], 2: [(1, 10), (10, 13), (13, 6), (6, 14), (14, 15), (15, 8), (8, 20)]}, padri: [10, 12], figli: [], mosse: [(2, 2, 10, 13, 11), (2, 2, 6, 14, 12)]
trasportoPalletDiGamma: {4: [(4, 2), (5, 3), (2, 12), (3, 1), (7, 5), (16, 14), (21, 4), (20, 2), (12, 10), (11, 9)], 3: [(18, 16), (9, 7), (19, 17), (21, 15), (17, 15)], 2: [(10, 8), (13, 11), (6, 4), (14, 12), (15, 13), (8, 6), (20, 16)]}
itMosseLS: 17, itMosseTS: 9
time elapsed: 547.05s.


##########################################################################################
##########################################################################################
##########################################################################################
##########################################################################################
##########################################################################################
##########################################################################################
##########################################################################################
