itNSIMax: 3, itMosseTSMax: 200.
##########################################################################################
s: 1
dictSolutions[1]:
0 -> costo: 136680.69999999998, rotte: {2: [(1, 12), (12, 14), (14, 18), (18, 21), (21, 8), (8, 19)], 4: [(1, 15), (15, 9), (9, 2), (2, 4), (4, 17), (17, 5), (5, 20)], 3: [(1, 11), (11, 13), (13, 10), (10, 7), (7, 6), (6, 3), (3, 16), (16, 19)]}, padri: [-1], figli: [1], mosse: [-1]
1 -> costo: 127959.9, rotte: {2: [(1, 12), (12, 14), (14, 18), (18, 21), (21, 8), (8, 19)], 4: [(1, 15), (15, 9), (9, 2), (2, 4), (4, 5), (5, 20), (20, 17)], 3: [(1, 11), (11, 13), (13, 10), (10, 7), (7, 6), (6, 3), (3, 16), (16, 19)]}, padri: [0], figli: [2], mosse: [(4, 4, 20, 17, 15)]
2 -> costo: 125846.5, rotte: {2: [(1, 12), (12, 14), (14, 18), (18, 21), (21, 19), (19, 8)], 4: [(1, 15), (15, 9), (9, 2), (2, 4), (4, 5), (5, 20), (20, 17)], 3: [(1, 11), (11, 13), (13, 10), (10, 7), (7, 6), (6, 3), (3, 16), (16, 19)]}, padri: [1], figli: [3], mosse: [(2, 2, 8, 19)]
3 -> costo: 103825.1, rotte: {2: [(1, 12), (12, 14), (14, 18), (18, 21), (21, 19), (19, 8)], 4: [(1, 15), (15, 9), (9, 2), (2, 4), (4, 5), (5, 20), (20, 17)], 3: [(1, 13), (13, 10), (10, 7), (7, 6), (6, 3), (3, 16), (16, 19), (19, 11)]}, padri: [2], figli: [4], mosse: [(3, 3, 19, 11, 9)]
4 -> costo: 100694.20000000001, rotte: {2: [(1, 14), (14, 18), (18, 21), (21, 19), (19, 8), (8, 12)], 4: [(1, 15), (15, 9), (9, 2), (2, 4), (4, 5), (5, 20), (20, 17)], 3: [(1, 13), (13, 10), (10, 7), (7, 6), (6, 3), (3, 16), (16, 19), (19, 11)]}, padri: [3], figli: [5], mosse: [(2, 2, 8, 12, 10)]
5 -> costo: 99087.40000000002, rotte: {2: [(1, 14), (14, 18), (18, 21), (21, 19), (19, 8), (8, 12)], 4: [(1, 15), (15, 9), (9, 2), (2, 4), (4, 5), (5, 20), (20, 17)], 3: [(1, 13), (13, 10), (10, 7), (7, 6), (6, 16), (16, 19), (19, 3), (3, 11)]}, padri: [4], figli: [6], mosse: [(3, 3, 19, 3, 1)]
6 -> costo: 97817.50000000001, rotte: {2: [(1, 14), (14, 18), (18, 21), (21, 19), (19, 8), (8, 12)], 4: [(1, 15), (15, 9), (9, 2), (2, 4), (4, 5), (5, 20), (20, 17)], 3: [(1, 13), (13, 10), (10, 6), (6, 16), (16, 19), (19, 7), (7, 3), (3, 11)]}, padri: [5], figli: [7], mosse: [(3, 3, 19, 7, 5)]
7 -> costo: 96721.90000000001, rotte: {2: [(1, 18), (18, 21), (21, 19), (19, 8), (8, 12), (12, 14)], 4: [(1, 15), (15, 9), (9, 2), (2, 4), (4, 5), (5, 20), (20, 17)], 3: [(1, 13), (13, 10), (10, 6), (6, 16), (16, 19), (19, 7), (7, 3), (3, 11)]}, padri: [6], figli: [8], mosse: [(2, 2, 12, 14, 12)]
8 -> costo: 95998.10000000002, rotte: {2: [(1, 18), (18, 21), (21, 19), (19, 8), (8, 12), (12, 14)], 4: [(1, 15), (15, 2), (2, 4), (4, 5), (5, 9), (9, 20), (20, 17)], 3: [(1, 13), (13, 10), (10, 6), (6, 16), (16, 19), (19, 7), (7, 3), (3, 11)]}, padri: [7], figli: [9], mosse: [(4, 4, 5, 9, 7)]
9 -> costo: 92370.2, rotte: {2: [(1, 18), (18, 21), (21, 19), (19, 8), (8, 12), (12, 14)], 4: [(1, 2), (2, 4), (4, 5), (5, 15), (15, 9), (9, 20), (20, 17)], 3: [(1, 13), (13, 10), (10, 6), (6, 16), (16, 19), (19, 7), (7, 3), (3, 11)]}, padri: [8], figli: [10, 31], mosse: [(4, 4, 5, 15, 13)]
10 -> costo: 91255.90000000001, rotte: {2: [(1, 18), (18, 21), (21, 19), (19, 8), (8, 12), (12, 14)], 4: [(1, 4), (4, 2), (2, 5), (5, 15), (15, 9), (9, 20), (20, 17)], 3: [(1, 13), (13, 10), (10, 6), (6, 16), (16, 19), (19, 7), (7, 3), (3, 11)]}, padri: [9], figli: [11, 21, 22, 29], mosse: [(4, 4, 4, 2, 12)]
11 -> costo: 91108.7, rotte: {2: [(1, 18), (18, 19), (19, 21), (21, 8), (8, 12), (12, 14)], 4: [(1, 4), (4, 2), (2, 5), (5, 15), (15, 9), (9, 20), (20, 17)], 3: [(1, 13), (13, 10), (10, 6), (6, 16), (16, 19), (19, 7), (7, 3), (3, 11)]}, padri: [10], figli: [12, 13, 20], mosse: [(2, 2, 19, 21, 19)]
12 -> costo: 91093.70000000001, rotte: {2: [(1, 18), (18, 19), (19, 21), (21, 8), (8, 12), (12, 14)], 4: [(1, 4), (4, 2), (2, 5), (5, 15), (15, 9), (9, 20), (20, 17)], 3: [(1, 10), (10, 13), (13, 6), (6, 16), (16, 19), (19, 7), (7, 3), (3, 11)]}, padri: [11, 21], figli: [], mosse: [(3, 3, 10, 13, 11), (2, 2, 19, 21, 19)]
13 -> costo: 91096.5, rotte: {2: [(1, 18), (18, 19), (19, 21), (21, 8), (8, 12), (12, 14)], 4: [(1, 4), (4, 2), (2, 5), (5, 15), (15, 9), (9, 20), (20, 17)], 3: [(1, 10), (10, 6), (6, 16), (16, 19), (19, 7), (7, 3), (3, 13), (13, 11)]}, padri: [11, 22], figli: [14, 17], mosse: [(3, 3, 3, 13, 11), (2, 2, 19, 21, 19)]
14 -> costo: 90531.9, rotte: {2: [(1, 18), (18, 19), (19, 21), (21, 8), (8, 12), (12, 14)], 4: [(1, 4), (4, 2), (2, 5), (5, 15), (15, 9), (9, 20), (20, 17)], 3: [(1, 6), (6, 16), (16, 19), (19, 7), (7, 3), (3, 10), (10, 13), (13, 11)]}, padri: [13, 17, 20, 23, 30], figli: [15, 25], mosse: [(3, 3, 3, 10, 8), (3, 3, 10, 13, 11), (3, 3, 10, 13, 11), (2, 2, 19, 21, 19), (3, 3, 10, 13, 11)]
15 -> costo: 90197.4, rotte: {2: [(1, 18), (18, 19), (19, 21), (21, 8), (8, 12), (12, 14)], 4: [(1, 4), (4, 2), (2, 5), (5, 15), (15, 9), (9, 20), (20, 17)], 3: [(1, 16), (16, 19), (19, 7), (7, 6), (6, 3), (3, 10), (10, 13), (13, 11)]}, padri: [14, 18, 24], figli: [16], mosse: [(3, 3, 7, 6, 4), (3, 3, 10, 13, 11), (2, 2, 19, 21, 19)]
16 -> costo: 90151.69999999998, rotte: {2: [(1, 18), (18, 19), (19, 21), (21, 8), (8, 12), (12, 14)], 4: [(1, 4), (4, 2), (2, 5), (5, 15), (15, 9), (9, 20), (20, 17)], 3: [(1, 19), (19, 16), (16, 7), (7, 6), (6, 3), (3, 10), (10, 13), (13, 11)]}, padri: [15, 19, 25], figli: [], mosse: [(3, 3, 19, 16, 14), (3, 3, 10, 13, 11), (2, 2, 19, 21, 19)]
17 -> costo: 90546.9, rotte: {2: [(1, 18), (18, 19), (19, 21), (21, 8), (8, 12), (12, 14)], 4: [(1, 4), (4, 2), (2, 5), (5, 15), (15, 9), (9, 20), (20, 17)], 3: [(1, 6), (6, 16), (16, 19), (19, 7), (7, 3), (3, 13), (13, 10), (10, 11)]}, padri: [13, 20, 26, 30], figli: [18, 14, 28], mosse: [(3, 3, 13, 10, 8), (3, 3, 3, 13, 11), (2, 2, 19, 21, 19), (3, 3, 3, 13, 11)]
18 -> costo: 90212.4, rotte: {2: [(1, 18), (18, 19), (19, 21), (21, 8), (8, 12), (12, 14)], 4: [(1, 4), (4, 2), (2, 5), (5, 15), (15, 9), (9, 20), (20, 17)], 3: [(1, 16), (16, 19), (19, 7), (7, 6), (6, 3), (3, 13), (13, 10), (10, 11)]}, padri: [17, 27], figli: [19, 15, 25], mosse: [(3, 3, 7, 6, 4), (2, 2, 19, 21, 19)]
19 -> costo: 90166.69999999998, rotte: {2: [(1, 18), (18, 19), (19, 21), (21, 8), (8, 12), (12, 14)], 4: [(1, 4), (4, 2), (2, 5), (5, 15), (15, 9), (9, 20), (20, 17)], 3: [(1, 19), (19, 16), (16, 7), (7, 6), (6, 3), (3, 13), (13, 10), (10, 11)]}, padri: [18, 28], figli: [16], mosse: [(3, 3, 19, 16, 14), (2, 2, 19, 21, 19)]
20 -> costo: 91096.5, rotte: {2: [(1, 18), (18, 19), (19, 21), (21, 8), (8, 12), (12, 14)], 4: [(1, 4), (4, 2), (2, 5), (5, 15), (15, 9), (9, 20), (20, 17)], 3: [(1, 13), (13, 6), (6, 16), (16, 19), (19, 7), (7, 3), (3, 10), (10, 11)]}, padri: [11], figli: [14, 17], mosse: [(3, 3, 3, 10, 8)]
21 -> costo: 91240.90000000001, rotte: {2: [(1, 18), (18, 21), (21, 19), (19, 8), (8, 12), (12, 14)], 4: [(1, 4), (4, 2), (2, 5), (5, 15), (15, 9), (9, 20), (20, 17)], 3: [(1, 10), (10, 13), (13, 6), (6, 16), (16, 19), (19, 7), (7, 3), (3, 11)]}, padri: [10], figli: [12], mosse: [(3, 3, 10, 13, 11)]
22 -> costo: 91243.69999999998, rotte: {2: [(1, 18), (18, 21), (21, 19), (19, 8), (8, 12), (12, 14)], 4: [(1, 4), (4, 2), (2, 5), (5, 15), (15, 9), (9, 20), (20, 17)], 3: [(1, 10), (10, 6), (6, 16), (16, 19), (19, 7), (7, 3), (3, 13), (13, 11)]}, padri: [10], figli: [23, 26, 13, 30], mosse: [(3, 3, 3, 13, 11)]
23 -> costo: 90679.09999999999, rotte: {2: [(1, 18), (18, 21), (21, 19), (19, 8), (8, 12), (12, 14)], 4: [(1, 4), (4, 2), (2, 5), (5, 15), (15, 9), (9, 20), (20, 17)], 3: [(1, 6), (6, 16), (16, 19), (19, 7), (7, 3), (3, 10), (10, 13), (13, 11)]}, padri: [22, 26, 29], figli: [24, 14], mosse: [(3, 3, 3, 10, 8), (3, 3, 10, 13, 11), (3, 3, 10, 13, 11)]
24 -> costo: 90344.59999999999, rotte: {2: [(1, 18), (18, 21), (21, 19), (19, 8), (8, 12), (12, 14)], 4: [(1, 4), (4, 2), (2, 5), (5, 15), (15, 9), (9, 20), (20, 17)], 3: [(1, 16), (16, 19), (19, 7), (7, 6), (6, 3), (3, 10), (10, 13), (13, 11)]}, padri: [23, 27], figli: [15, 25], mosse: [(3, 3, 7, 6, 4), (3, 3, 10, 13, 11)]
25 -> costo: 90298.9, rotte: {2: [(1, 18), (18, 21), (21, 19), (19, 8), (8, 12), (12, 14)], 4: [(1, 4), (4, 2), (2, 5), (5, 15), (15, 9), (9, 20), (20, 17)], 3: [(1, 19), (19, 16), (16, 7), (7, 6), (6, 3), (3, 10), (10, 13), (13, 11)]}, padri: [24, 28], figli: [16], mosse: [(3, 3, 19, 16, 14), (3, 3, 10, 13, 11)]
26 -> costo: 90694.09999999999, rotte: {2: [(1, 18), (18, 21), (21, 19), (19, 8), (8, 12), (12, 14)], 4: [(1, 4), (4, 2), (2, 5), (5, 15), (15, 9), (9, 20), (20, 17)], 3: [(1, 6), (6, 16), (16, 19), (19, 7), (7, 3), (3, 13), (13, 10), (10, 11)]}, padri: [22, 29], figli: [27, 17, 23], mosse: [(3, 3, 13, 10, 8), (3, 3, 3, 13, 11)]
27 -> costo: 90359.59999999999, rotte: {2: [(1, 18), (18, 21), (21, 19), (19, 8), (8, 12), (12, 14)], 4: [(1, 4), (4, 2), (2, 5), (5, 15), (15, 9), (9, 20), (20, 17)], 3: [(1, 16), (16, 19), (19, 7), (7, 6), (6, 3), (3, 13), (13, 10), (10, 11)]}, padri: [26], figli: [18, 28, 24], mosse: [(3, 3, 7, 6, 4)]
28 -> costo: 90313.89999999998, rotte: {2: [(1, 18), (18, 21), (21, 19), (19, 8), (8, 12), (12, 14)], 4: [(1, 4), (4, 2), (2, 5), (5, 15), (15, 9), (9, 20), (20, 17)], 3: [(1, 19), (19, 16), (16, 7), (7, 6), (6, 3), (3, 13), (13, 10), (10, 11)]}, padri: [27], figli: [19, 25], mosse: [(3, 3, 19, 16, 14)]
29 -> costo: 91243.7, rotte: {2: [(1, 18), (18, 21), (21, 19), (19, 8), (8, 12), (12, 14)], 4: [(1, 4), (4, 2), (2, 5), (5, 15), (15, 9), (9, 20), (20, 17)], 3: [(1, 13), (13, 6), (6, 16), (16, 19), (19, 7), (7, 3), (3, 10), (10, 11)]}, padri: [10], figli: [23, 26, 30], mosse: [(3, 3, 3, 10, 8)]
30 -> costo: 91096.5, rotte: {2: [(1, 18), (18, 19), (19, 21), (21, 8), (8, 12), (12, 14)], 4: [(1, 4), (4, 2), (2, 5), (5, 15), (15, 9), (9, 20), (20, 17)], 3: [(1, 13), (13, 6), (6, 16), (16, 19), (19, 7), (7, 3), (3, 10), (10, 11)]}, padri: [22, 29], figli: [14, 17], mosse: [(2, 2, 19, 21, 19)]
31 -> costo: 91255.90000000001, rotte: {2: [(1, 18), (18, 21), (21, 19), (19, 8), (8, 12), (12, 14)], 4: [(1, 4), (4, 5), (5, 2), (2, 15), (15, 9), (9, 20), (20, 17)], 3: [(1, 13), (13, 10), (10, 6), (6, 16), (16, 19), (19, 7), (7, 3), (3, 11)]}, padri: [9], figli: [32, 60, 62], mosse: [(4, 4, 5, 2, 12)]
32 -> costo: 91108.7, rotte: {2: [(1, 18), (18, 19), (19, 21), (21, 8), (8, 12), (12, 14)], 4: [(1, 4), (4, 5), (5, 2), (2, 15), (15, 9), (9, 20), (20, 17)], 3: [(1, 13), (13, 10), (10, 6), (6, 16), (16, 19), (19, 7), (7, 3), (3, 11)]}, padri: [31], figli: [33, 34, 47], mosse: [(2, 2, 19, 21, 19)]
33 -> costo: 91093.70000000001, rotte: {2: [(1, 18), (18, 19), (19, 21), (21, 8), (8, 12), (12, 14)], 4: [(1, 4), (4, 5), (5, 2), (2, 15), (15, 9), (9, 20), (20, 17)], 3: [(1, 10), (10, 13), (13, 6), (6, 16), (16, 19), (19, 7), (7, 3), (3, 11)]}, padri: [32], figli: [], mosse: [(3, 3, 10, 13, 11)]
34 -> costo: 91096.5, rotte: {2: [(1, 18), (18, 19), (19, 21), (21, 8), (8, 12), (12, 14)], 4: [(1, 4), (4, 5), (5, 2), (2, 15), (15, 9), (9, 20), (20, 17)], 3: [(1, 10), (10, 6), (6, 16), (16, 19), (19, 7), (7, 3), (3, 13), (13, 11)]}, padri: [32], figli: [35, 38], mosse: [(3, 3, 3, 13, 11)]
35 -> costo: 90531.9, rotte: {2: [(1, 18), (18, 19), (19, 21), (21, 8), (8, 12), (12, 14)], 4: [(1, 4), (4, 5), (5, 2), (2, 15), (15, 9), (9, 20), (20, 17)], 3: [(1, 6), (6, 16), (16, 19), (19, 7), (7, 3), (3, 10), (10, 13), (13, 11)]}, padri: [34], figli: [36], mosse: [(3, 3, 3, 10, 8)]
36 -> costo: 90197.4, rotte: {2: [(1, 18), (18, 19), (19, 21), (21, 8), (8, 12), (12, 14)], 4: [(1, 4), (4, 5), (5, 2), (2, 15), (15, 9), (9, 20), (20, 17)], 3: [(1, 16), (16, 19), (19, 7), (7, 6), (6, 3), (3, 10), (10, 13), (13, 11)]}, padri: [35], figli: [37], mosse: [(3, 3, 7, 6, 4)]
37 -> costo: 90151.69999999998, rotte: {2: [(1, 18), (18, 19), (19, 21), (21, 8), (8, 12), (12, 14)], 4: [(1, 4), (4, 5), (5, 2), (2, 15), (15, 9), (9, 20), (20, 17)], 3: [(1, 19), (19, 16), (16, 7), (7, 6), (6, 3), (3, 10), (10, 13), (13, 11)]}, padri: [36], figli: [], mosse: [(3, 3, 19, 16, 14)]
38 -> costo: 90546.9, rotte: {2: [(1, 18), (18, 19), (19, 21), (21, 8), (8, 12), (12, 14)], 4: [(1, 4), (4, 5), (5, 2), (2, 15), (15, 9), (9, 20), (20, 17)], 3: [(1, 6), (6, 16), (16, 19), (19, 7), (7, 3), (3, 13), (13, 10), (10, 11)]}, padri: [34], figli: [39, 44], mosse: [(3, 3, 13, 10, 8)]
39 -> costo: 90212.4, rotte: {2: [(1, 18), (18, 19), (19, 21), (21, 8), (8, 12), (12, 14)], 4: [(1, 4), (4, 5), (5, 2), (2, 15), (15, 9), (9, 20), (20, 17)], 3: [(1, 16), (16, 19), (19, 7), (7, 6), (6, 3), (3, 13), (13, 10), (10, 11)]}, padri: [38], figli: [40, 42], mosse: [(3, 3, 7, 6, 4)]
40 -> costo: 90166.69999999998, rotte: {2: [(1, 18), (18, 19), (19, 21), (21, 8), (8, 12), (12, 14)], 4: [(1, 4), (4, 5), (5, 2), (2, 15), (15, 9), (9, 20), (20, 17)], 3: [(1, 19), (19, 16), (16, 7), (7, 6), (6, 3), (3, 13), (13, 10), (10, 11)]}, padri: [39], figli: [41], mosse: [(3, 3, 19, 16, 14)]
41 -> costo: 90151.69999999998, rotte: {2: [(1, 18), (18, 19), (19, 21), (21, 8), (8, 12), (12, 14)], 4: [(1, 4), (4, 5), (5, 2), (2, 15), (15, 9), (9, 20), (20, 17)], 3: [(1, 19), (19, 16), (16, 7), (7, 6), (6, 3), (3, 10), (10, 13), (13, 11)]}, padri: [40], figli: [], mosse: [(3, 3, 10, 13, 11)]
42 -> costo: 90197.4, rotte: {2: [(1, 18), (18, 19), (19, 21), (21, 8), (8, 12), (12, 14)], 4: [(1, 4), (4, 5), (5, 2), (2, 15), (15, 9), (9, 20), (20, 17)], 3: [(1, 16), (16, 19), (19, 7), (7, 6), (6, 3), (3, 10), (10, 13), (13, 11)]}, padri: [39], figli: [43], mosse: [(3, 3, 10, 13, 11)]
43 -> costo: 90151.69999999998, rotte: {2: [(1, 18), (18, 19), (19, 21), (21, 8), (8, 12), (12, 14)], 4: [(1, 4), (4, 5), (5, 2), (2, 15), (15, 9), (9, 20), (20, 17)], 3: [(1, 19), (19, 16), (16, 7), (7, 6), (6, 3), (3, 10), (10, 13), (13, 11)]}, padri: [42], figli: [], mosse: [(3, 3, 19, 16, 14)]
44 -> costo: 90531.9, rotte: {2: [(1, 18), (18, 19), (19, 21), (21, 8), (8, 12), (12, 14)], 4: [(1, 4), (4, 5), (5, 2), (2, 15), (15, 9), (9, 20), (20, 17)], 3: [(1, 6), (6, 16), (16, 19), (19, 7), (7, 3), (3, 10), (10, 13), (13, 11)]}, padri: [38], figli: [45], mosse: [(3, 3, 10, 13, 11)]
45 -> costo: 90197.4, rotte: {2: [(1, 18), (18, 19), (19, 21), (21, 8), (8, 12), (12, 14)], 4: [(1, 4), (4, 5), (5, 2), (2, 15), (15, 9), (9, 20), (20, 17)], 3: [(1, 16), (16, 19), (19, 7), (7, 6), (6, 3), (3, 10), (10, 13), (13, 11)]}, padri: [44], figli: [46], mosse: [(3, 3, 7, 6, 4)]
46 -> costo: 90151.69999999998, rotte: {2: [(1, 18), (18, 19), (19, 21), (21, 8), (8, 12), (12, 14)], 4: [(1, 4), (4, 5), (5, 2), (2, 15), (15, 9), (9, 20), (20, 17)], 3: [(1, 19), (19, 16), (16, 7), (7, 6), (6, 3), (3, 10), (10, 13), (13, 11)]}, padri: [45], figli: [], mosse: [(3, 3, 19, 16, 14)]
47 -> costo: 91096.5, rotte: {2: [(1, 18), (18, 19), (19, 21), (21, 8), (8, 12), (12, 14)], 4: [(1, 4), (4, 5), (5, 2), (2, 15), (15, 9), (9, 20), (20, 17)], 3: [(1, 13), (13, 6), (6, 16), (16, 19), (19, 7), (7, 3), (3, 10), (10, 11)]}, padri: [32], figli: [48, 51], mosse: [(3, 3, 3, 10, 8)]
48 -> costo: 90531.9, rotte: {2: [(1, 18), (18, 19), (19, 21), (21, 8), (8, 12), (12, 14)], 4: [(1, 4), (4, 5), (5, 2), (2, 15), (15, 9), (9, 20), (20, 17)], 3: [(1, 6), (6, 16), (16, 19), (19, 7), (7, 3), (3, 10), (10, 13), (13, 11)]}, padri: [47], figli: [49], mosse: [(3, 3, 10, 13, 11)]
49 -> costo: 90197.4, rotte: {2: [(1, 18), (18, 19), (19, 21), (21, 8), (8, 12), (12, 14)], 4: [(1, 4), (4, 5), (5, 2), (2, 15), (15, 9), (9, 20), (20, 17)], 3: [(1, 16), (16, 19), (19, 7), (7, 6), (6, 3), (3, 10), (10, 13), (13, 11)]}, padri: [48], figli: [50], mosse: [(3, 3, 7, 6, 4)]
50 -> costo: 90151.69999999998, rotte: {2: [(1, 18), (18, 19), (19, 21), (21, 8), (8, 12), (12, 14)], 4: [(1, 4), (4, 5), (5, 2), (2, 15), (15, 9), (9, 20), (20, 17)], 3: [(1, 19), (19, 16), (16, 7), (7, 6), (6, 3), (3, 10), (10, 13), (13, 11)]}, padri: [49], figli: [], mosse: [(3, 3, 19, 16, 14)]
51 -> costo: 90546.9, rotte: {2: [(1, 18), (18, 19), (19, 21), (21, 8), (8, 12), (12, 14)], 4: [(1, 4), (4, 5), (5, 2), (2, 15), (15, 9), (9, 20), (20, 17)], 3: [(1, 6), (6, 16), (16, 19), (19, 7), (7, 3), (3, 13), (13, 10), (10, 11)]}, padri: [47], figli: [52, 57], mosse: [(3, 3, 3, 13, 11)]
52 -> costo: 90212.4, rotte: {2: [(1, 18), (18, 19), (19, 21), (21, 8), (8, 12), (12, 14)], 4: [(1, 4), (4, 5), (5, 2), (2, 15), (15, 9), (9, 20), (20, 17)], 3: [(1, 16), (16, 19), (19, 7), (7, 6), (6, 3), (3, 13), (13, 10), (10, 11)]}, padri: [51], figli: [53, 55], mosse: [(3, 3, 7, 6, 4)]
53 -> costo: 90166.69999999998, rotte: {2: [(1, 18), (18, 19), (19, 21), (21, 8), (8, 12), (12, 14)], 4: [(1, 4), (4, 5), (5, 2), (2, 15), (15, 9), (9, 20), (20, 17)], 3: [(1, 19), (19, 16), (16, 7), (7, 6), (6, 3), (3, 13), (13, 10), (10, 11)]}, padri: [52], figli: [54], mosse: [(3, 3, 19, 16, 14)]
54 -> costo: 90151.69999999998, rotte: {2: [(1, 18), (18, 19), (19, 21), (21, 8), (8, 12), (12, 14)], 4: [(1, 4), (4, 5), (5, 2), (2, 15), (15, 9), (9, 20), (20, 17)], 3: [(1, 19), (19, 16), (16, 7), (7, 6), (6, 3), (3, 10), (10, 13), (13, 11)]}, padri: [53], figli: [], mosse: [(3, 3, 10, 13, 11)]
55 -> costo: 90197.4, rotte: {2: [(1, 18), (18, 19), (19, 21), (21, 8), (8, 12), (12, 14)], 4: [(1, 4), (4, 5), (5, 2), (2, 15), (15, 9), (9, 20), (20, 17)], 3: [(1, 16), (16, 19), (19, 7), (7, 6), (6, 3), (3, 10), (10, 13), (13, 11)]}, padri: [52], figli: [56], mosse: [(3, 3, 10, 13, 11)]
56 -> costo: 90151.69999999998, rotte: {2: [(1, 18), (18, 19), (19, 21), (21, 8), (8, 12), (12, 14)], 4: [(1, 4), (4, 5), (5, 2), (2, 15), (15, 9), (9, 20), (20, 17)], 3: [(1, 19), (19, 16), (16, 7), (7, 6), (6, 3), (3, 10), (10, 13), (13, 11)]}, padri: [55], figli: [], mosse: [(3, 3, 19, 16, 14)]
57 -> costo: 90531.9, rotte: {2: [(1, 18), (18, 19), (19, 21), (21, 8), (8, 12), (12, 14)], 4: [(1, 4), (4, 5), (5, 2), (2, 15), (15, 9), (9, 20), (20, 17)], 3: [(1, 6), (6, 16), (16, 19), (19, 7), (7, 3), (3, 10), (10, 13), (13, 11)]}, padri: [51], figli: [58], mosse: [(3, 3, 10, 13, 11)]
58 -> costo: 90197.4, rotte: {2: [(1, 18), (18, 19), (19, 21), (21, 8), (8, 12), (12, 14)], 4: [(1, 4), (4, 5), (5, 2), (2, 15), (15, 9), (9, 20), (20, 17)], 3: [(1, 16), (16, 19), (19, 7), (7, 6), (6, 3), (3, 10), (10, 13), (13, 11)]}, padri: [57], figli: [59], mosse: [(3, 3, 7, 6, 4)]
59 -> costo: 90151.69999999998, rotte: {2: [(1, 18), (18, 19), (19, 21), (21, 8), (8, 12), (12, 14)], 4: [(1, 4), (4, 5), (5, 2), (2, 15), (15, 9), (9, 20), (20, 17)], 3: [(1, 19), (19, 16), (16, 7), (7, 6), (6, 3), (3, 10), (10, 13), (13, 11)]}, padri: [58], figli: [], mosse: [(3, 3, 19, 16, 14)]
60 -> costo: 91240.90000000001, rotte: {2: [(1, 18), (18, 21), (21, 19), (19, 8), (8, 12), (12, 14)], 4: [(1, 4), (4, 5), (5, 2), (2, 15), (15, 9), (9, 20), (20, 17)], 3: [(1, 10), (10, 13), (13, 6), (6, 16), (16, 19), (19, 7), (7, 3), (3, 11)]}, padri: [31], figli: [61], mosse: [(3, 3, 10, 13, 11)]
61 -> costo: 91093.70000000001, rotte: {2: [(1, 18), (18, 19), (19, 21), (21, 8), (8, 12), (12, 14)], 4: [(1, 4), (4, 5), (5, 2), (2, 15), (15, 9), (9, 20), (20, 17)], 3: [(1, 10), (10, 13), (13, 6), (6, 16), (16, 19), (19, 7), (7, 3), (3, 11)]}, padri: [60], figli: [], mosse: [(2, 2, 19, 21, 19)]
62 -> costo: 91243.7, rotte: {2: [(1, 18), (18, 21), (21, 19), (19, 8), (8, 12), (12, 14)], 4: [(1, 4), (4, 5), (5, 2), (2, 15), (15, 9), (9, 20), (20, 17)], 3: [(1, 10), (10, 6), (6, 16), (16, 19), (19, 7), (7, 3), (3, 13), (13, 11)]}, padri: [31], figli: [63, 72], mosse: [(3, 3, 3, 13, 11)]
63 -> costo: 90679.1, rotte: {2: [(1, 18), (18, 21), (21, 19), (19, 8), (8, 12), (12, 14)], 4: [(1, 4), (4, 5), (5, 2), (2, 15), (15, 9), (9, 20), (20, 17)], 3: [(1, 6), (6, 16), (16, 19), (19, 7), (7, 3), (3, 10), (10, 13), (13, 11)]}, padri: [62], figli: [64, 69], mosse: [(3, 3, 3, 10, 8)]
64 -> costo: 90344.6, rotte: {2: [(1, 18), (18, 21), (21, 19), (19, 8), (8, 12), (12, 14)], 4: [(1, 4), (4, 5), (5, 2), (2, 15), (15, 9), (9, 20), (20, 17)], 3: [(1, 16), (16, 19), (19, 7), (7, 6), (6, 3), (3, 10), (10, 13), (13, 11)]}, padri: [63], figli: [65, 67], mosse: [(3, 3, 7, 6, 4)]
65 -> costo: 90197.4, rotte: {2: [(1, 18), (18, 19), (19, 21), (21, 8), (8, 12), (12, 14)], 4: [(1, 4), (4, 5), (5, 2), (2, 15), (15, 9), (9, 20), (20, 17)], 3: [(1, 16), (16, 19), (19, 7), (7, 6), (6, 3), (3, 10), (10, 13), (13, 11)]}, padri: [64], figli: [66], mosse: [(2, 2, 19, 21, 19)]
66 -> costo: 90151.69999999998, rotte: {2: [(1, 18), (18, 19), (19, 21), (21, 8), (8, 12), (12, 14)], 4: [(1, 4), (4, 5), (5, 2), (2, 15), (15, 9), (9, 20), (20, 17)], 3: [(1, 19), (19, 16), (16, 7), (7, 6), (6, 3), (3, 10), (10, 13), (13, 11)]}, padri: [65], figli: [], mosse: [(3, 3, 19, 16, 14)]
67 -> costo: 90298.9, rotte: {2: [(1, 18), (18, 21), (21, 19), (19, 8), (8, 12), (12, 14)], 4: [(1, 4), (4, 5), (5, 2), (2, 15), (15, 9), (9, 20), (20, 17)], 3: [(1, 19), (19, 16), (16, 7), (7, 6), (6, 3), (3, 10), (10, 13), (13, 11)]}, padri: [64], figli: [68], mosse: [(3, 3, 19, 16, 14)]
68 -> costo: 90151.69999999998, rotte: {2: [(1, 18), (18, 19), (19, 21), (21, 8), (8, 12), (12, 14)], 4: [(1, 4), (4, 5), (5, 2), (2, 15), (15, 9), (9, 20), (20, 17)], 3: [(1, 19), (19, 16), (16, 7), (7, 6), (6, 3), (3, 10), (10, 13), (13, 11)]}, padri: [67], figli: [], mosse: [(2, 2, 19, 21, 19)]
69 -> costo: 90531.9, rotte: {2: [(1, 18), (18, 19), (19, 21), (21, 8), (8, 12), (12, 14)], 4: [(1, 4), (4, 5), (5, 2), (2, 15), (15, 9), (9, 20), (20, 17)], 3: [(1, 6), (6, 16), (16, 19), (19, 7), (7, 3), (3, 10), (10, 13), (13, 11)]}, padri: [63], figli: [70], mosse: [(2, 2, 19, 21, 19)]
70 -> costo: 90197.4, rotte: {2: [(1, 18), (18, 19), (19, 21), (21, 8), (8, 12), (12, 14)], 4: [(1, 4), (4, 5), (5, 2), (2, 15), (15, 9), (9, 20), (20, 17)], 3: [(1, 16), (16, 19), (19, 7), (7, 6), (6, 3), (3, 10), (10, 13), (13, 11)]}, padri: [69], figli: [71], mosse: [(3, 3, 7, 6, 4)]
71 -> costo: 90151.69999999998, rotte: {2: [(1, 18), (18, 19), (19, 21), (21, 8), (8, 12), (12, 14)], 4: [(1, 4), (4, 5), (5, 2), (2, 15), (15, 9), (9, 20), (20, 17)], 3: [(1, 19), (19, 16), (16, 7), (7, 6), (6, 3), (3, 10), (10, 13), (13, 11)]}, padri: [70], figli: [], mosse: [(3, 3, 19, 16, 14)]
72 -> costo: 90694.09999999999, rotte: {2: [(1, 18), (18, 21), (21, 19), (19, 8), (8, 12), (12, 14)], 4: [(1, 4), (4, 5), (5, 2), (2, 15), (15, 9), (9, 20), (20, 17)], 3: [(1, 6), (6, 16), (16, 19), (19, 7), (7, 3), (3, 13), (13, 10), (10, 11)]}, padri: [62], figli: [73], mosse: [(3, 3, 13, 10, 8)]
73 -> costo: 90359.59999999999, rotte: {2: [(1, 18), (18, 21), (21, 19), (19, 8), (8, 12), (12, 14)], 4: [(1, 4), (4, 5), (5, 2), (2, 15), (15, 9), (9, 20), (20, 17)], 3: [(1, 16), (16, 19), (19, 7), (7, 6), (6, 3), (3, 13), (13, 10), (10, 11)]}, padri: [72], figli: [74], mosse: [(3, 3, 7, 6, 4)]
74 -> costo: 90212.4, rotte: {2: [(1, 18), (18, 19), (19, 21), (21, 8), (8, 12), (12, 14)], 4: [(1, 4), (4, 5), (5, 2), (2, 15), (15, 9), (9, 20), (20, 17)], 3: [(1, 16), (16, 19), (19, 7), (7, 6), (6, 3), (3, 13), (13, 10), (10, 11)]}, padri: [73], figli: [75, 77], mosse: [(2, 2, 19, 21, 19)]
75 -> costo: 90166.69999999998, rotte: {2: [(1, 18), (18, 19), (19, 21), (21, 8), (8, 12), (12, 14)], 4: [(1, 4), (4, 5), (5, 2), (2, 15), (15, 9), (9, 20), (20, 17)], 3: [(1, 19), (19, 16), (16, 7), (7, 6), (6, 3), (3, 13), (13, 10), (10, 11)]}, padri: [74], figli: [76], mosse: [(3, 3, 19, 16, 14)]
76 -> costo: 90151.69999999998, rotte: {2: [(1, 18), (18, 19), (19, 21), (21, 8), (8, 12), (12, 14)], 4: [(1, 4), (4, 5), (5, 2), (2, 15), (15, 9), (9, 20), (20, 17)], 3: [(1, 19), (19, 16), (16, 7), (7, 6), (6, 3), (3, 10), (10, 13), (13, 11)]}, padri: [75], figli: [], mosse: [(3, 3, 10, 13, 11)]
77 -> costo: 90197.4, rotte: {2: [(1, 18), (18, 19), (19, 21), (21, 8), (8, 12), (12, 14)], 4: [(1, 4), (4, 5), (5, 2), (2, 15), (15, 9), (9, 20), (20, 17)], 3: [(1, 16), (16, 19), (19, 7), (7, 6), (6, 3), (3, 10), (10, 13), (13, 11)]}, padri: [74], figli: [], mosse: [(3, 3, 10, 13, 11)]
bestSolutionIndice: 16
16 -> costo: 90151.69999999998, rotte: {2: [(1, 18), (18, 19), (19, 21), (21, 8), (8, 12), (12, 14)], 4: [(1, 4), (4, 2), (2, 5), (5, 15), (15, 9), (9, 20), (20, 17)], 3: [(1, 19), (19, 16), (16, 7), (7, 6), (6, 3), (3, 10), (10, 13), (13, 11)]}, padri: [15, 19, 25], figli: [], mosse: [(3, 3, 19, 16, 14), (3, 3, 10, 13, 11), (2, 2, 19, 21, 19)]
trasportoPalletDiGamma: {2: [(18, 16), (19, 7), (21, 19), (8, 6), (12, 10), (14, 12)], 4: [(4, 2), (2, 12), (5, 3), (15, 13), (9, 7), (20, 18), (17, 15)], 3: [(19, 10), (16, 14), (7, 5), (6, 4), (3, 1), (10, 8), (13, 11), (11, 9)]}
itMosseLS: 97, itMosseTS: 82
time elapsed: 3601.61s.


##########################################################################################
##########################################################################################
