itNSIMax: 5, itMosseTSMax: 100.
##########################################################################################
s: 1
dictSolutions[1]:
0 -> costo: 144223.30000000002, rotte: {3: [(1, 10), (10, 16), (16, 15), (15, 3), (3, 2), (2, 20), (20, 12)], 4: [(1, 18), (18, 17), (17, 14), (14, 13), (13, 8), (8, 21)], 2: [(1, 4), (4, 19), (19, 6), (6, 5), (5, 11), (11, 7), (7, 9), (9, 21), (21, 12)]}, padri: [-1], figli: [1], mosse: [-1]
1 -> costo: 117842.3, rotte: {3: [(1, 10), (10, 16), (16, 15), (15, 3), (3, 2), (2, 20), (20, 12)], 4: [(1, 18), (18, 17), (17, 14), (14, 13), (13, 8), (8, 21)], 2: [(1, 4), (4, 19), (19, 6), (6, 5), (5, 7), (7, 9), (9, 21), (21, 12), (12, 11)]}, padri: [0], figli: [2], mosse: [(2, 2, 12, 11, 9)]
2 -> costo: 116419.1, rotte: {3: [(1, 10), (10, 16), (16, 15), (15, 3), (3, 2), (2, 12), (12, 20)], 4: [(1, 18), (18, 17), (17, 14), (14, 13), (13, 8), (8, 21)], 2: [(1, 4), (4, 19), (19, 6), (6, 5), (5, 7), (7, 9), (9, 21), (21, 12), (12, 11)]}, padri: [1], figli: [3], mosse: [(3, 3, 20, 12)]
3 -> costo: 110651.8, rotte: {3: [(1, 10), (10, 16), (16, 15), (15, 3), (3, 2), (2, 12), (12, 20)], 4: [(1, 18), (18, 14), (14, 13), (13, 8), (8, 21), (21, 17)], 2: [(1, 4), (4, 19), (19, 6), (6, 5), (5, 7), (7, 9), (9, 21), (21, 12), (12, 11)]}, padri: [2], figli: [4], mosse: [(4, 4, 21, 17, 15)]
4 -> costo: 105371.59999999999, rotte: {3: [(1, 10), (10, 15), (15, 3), (3, 2), (2, 12), (12, 20), (20, 16)], 4: [(1, 18), (18, 14), (14, 13), (13, 8), (8, 21), (21, 17)], 2: [(1, 4), (4, 19), (19, 6), (6, 5), (5, 7), (7, 9), (9, 21), (21, 12), (12, 11)]}, padri: [3], figli: [5], mosse: [(3, 3, 20, 16, 14)]
5 -> costo: 100369.8, rotte: {3: [(1, 10), (10, 15), (15, 3), (3, 2), (2, 12), (12, 20), (20, 16)], 4: [(1, 18), (18, 14), (14, 13), (13, 8), (8, 21), (21, 17)], 2: [(1, 4), (4, 6), (6, 5), (5, 7), (7, 9), (9, 21), (21, 19), (19, 12), (12, 11)]}, padri: [4], figli: [6], mosse: [(2, 2, 21, 19, 17)]
6 -> costo: 97472.0, rotte: {3: [(1, 10), (10, 15), (15, 3), (3, 2), (2, 12), (12, 20), (20, 16)], 4: [(1, 18), (18, 14), (14, 13), (13, 8), (8, 21), (21, 17)], 2: [(1, 4), (4, 5), (5, 6), (6, 7), (7, 9), (9, 21), (21, 19), (19, 12), (12, 11)]}, padri: [5], figli: [7], mosse: [(2, 2, 6, 5)]
7 -> costo: 94504.29999999999, rotte: {3: [(1, 10), (10, 3), (3, 2), (2, 15), (15, 12), (12, 20), (20, 16)], 4: [(1, 18), (18, 14), (14, 13), (13, 8), (8, 21), (21, 17)], 2: [(1, 4), (4, 5), (5, 6), (6, 7), (7, 9), (9, 21), (21, 19), (19, 12), (12, 11)]}, padri: [6], figli: [8], mosse: [(3, 3, 2, 15, 13)]
8 -> costo: 92910.2, rotte: {3: [(1, 3), (3, 2), (2, 15), (15, 12), (12, 20), (20, 16)], 4: [(1, 18), (18, 14), (14, 13), (13, 8), (8, 21), (21, 17)], 2: [(1, 4), (4, 5), (5, 6), (6, 7), (7, 9), (9, 21), (21, 19), (19, 12), (12, 10), (10, 11)]}, padri: [7], figli: [9], mosse: [(2, 3, 12, 10, 8)]
9 -> costo: 91689.5, rotte: {3: [(1, 3), (3, 2), (2, 15), (15, 12), (12, 20), (20, 16)], 4: [(1, 18), (18, 14), (14, 13), (13, 8), (8, 21), (21, 17)], 2: [(1, 4), (4, 5), (5, 6), (6, 7), (7, 9), (9, 21), (21, 19), (19, 10), (10, 11)]}, padri: [8], figli: [10], mosse: [(3, 2, 1, 12, 6)]
10 -> costo: 90978.49999999999, rotte: {3: [(1, 3), (3, 2), (2, 15), (15, 12), (12, 20), (20, 16)], 4: [(1, 18), (18, 14), (14, 13), (13, 8), (8, 21), (21, 17)], 2: [(1, 4), (4, 5), (5, 7), (7, 9), (9, 21), (21, 19), (19, 6), (6, 10), (10, 11)]}, padri: [9], figli: [11], mosse: [(2, 2, 19, 6, 4)]
11 -> costo: 90472.9, rotte: {3: [(1, 3), (3, 2), (2, 15), (15, 12), (12, 20), (20, 16)], 4: [(1, 18), (18, 13), (13, 14), (14, 8), (8, 21), (21, 17)], 2: [(1, 4), (4, 5), (5, 7), (7, 9), (9, 21), (21, 19), (19, 6), (6, 10), (10, 11)]}, padri: [10], figli: [12, 22, 29, 33, 34, 41], mosse: [(4, 4, 13, 14, 12)]
12 -> costo: 89688.69999999998, rotte: {3: [(1, 3), (3, 2), (2, 15), (15, 12), (12, 20), (20, 16)], 4: [(1, 13), (13, 14), (14, 18), (18, 8), (8, 21), (21, 17)], 2: [(1, 4), (4, 5), (5, 7), (7, 9), (9, 21), (21, 19), (19, 6), (6, 10), (10, 11)]}, padri: [11, 22], figli: [13, 14, 18], mosse: [(4, 4, 14, 18, 16), (4, 4, 18, 8, 6)]
13 -> costo: 89352.69999999998, rotte: {3: [(1, 2), (2, 15), (15, 12), (12, 20), (20, 16)], 4: [(1, 13), (13, 14), (14, 18), (18, 8), (8, 21), (21, 17)], 2: [(1, 4), (4, 5), (5, 3), (3, 7), (7, 9), (9, 21), (21, 19), (19, 6), (6, 10), (10, 11)]}, padri: [12, 23, 33], figli: [], mosse: [(2, 3, 5, 3, 1), (4, 4, 18, 8, 6), (4, 4, 14, 18, 16)]
14 -> costo: 89352.69999999998, rotte: {3: [(1, 2), (2, 3), (3, 15), (15, 12), (12, 20), (20, 16)], 4: [(1, 13), (13, 14), (14, 18), (18, 8), (8, 21), (21, 17)], 2: [(1, 4), (4, 5), (5, 7), (7, 9), (9, 21), (21, 19), (19, 6), (6, 10), (10, 11)]}, padri: [12], figli: [15, 21], mosse: [(3, 3, 2, 3, 1)]
15 -> costo: 89271.29999999999, rotte: {3: [(1, 2), (2, 3), (3, 15), (15, 12), (12, 20), (20, 16)], 4: [(1, 13), (13, 14), (14, 18), (18, 8), (8, 21), (21, 17)], 2: [(1, 4), (4, 5), (5, 9), (9, 21), (21, 19), (19, 7), (7, 6), (6, 10), (10, 11)]}, padri: [14, 18, 25, 26, 35, 37, 38], figli: [16, 20, 28], mosse: [(2, 2, 19, 7, 5), (3, 3, 2, 3, 1), (2, 2, 19, 7, 5), (4, 4, 18, 8, 6), (2, 2, 19, 7, 5), (2, 2, 19, 7, 5), (4, 4, 14, 18, 16)]
16 -> costo: 88854.4, rotte: {3: [(1, 2), (2, 3), (3, 15), (15, 12), (12, 20), (20, 16)], 4: [(1, 13), (13, 14), (14, 18), (18, 8), (8, 21), (21, 17)], 2: [(1, 4), (4, 5), (5, 21), (21, 19), (19, 9), (9, 7), (7, 6), (6, 10), (10, 11)]}, padri: [15, 19, 27, 39], figli: [17], mosse: [(2, 2, 19, 9, 7), (3, 3, 2, 3, 1), (4, 4, 18, 8, 6), (4, 4, 14, 18, 16)]
17 -> costo: 88850.19999999998, rotte: {3: [(1, 2), (2, 3), (3, 15), (15, 12), (12, 20), (20, 16)], 4: [(1, 13), (13, 14), (14, 18), (18, 8), (8, 21), (21, 17)], 2: [(1, 4), (4, 5), (5, 19), (19, 21), (21, 9), (9, 7), (7, 6), (6, 10), (10, 11)]}, padri: [16, 20, 28, 40], figli: [], mosse: [(2, 2, 19, 21, 9), (3, 3, 2, 3, 1), (4, 4, 18, 8, 6), (4, 4, 14, 18, 16)]
18 -> costo: 89607.29999999999, rotte: {3: [(1, 3), (3, 2), (2, 15), (15, 12), (12, 20), (20, 16)], 4: [(1, 13), (13, 14), (14, 18), (18, 8), (8, 21), (21, 17)], 2: [(1, 4), (4, 5), (5, 9), (9, 21), (21, 19), (19, 7), (7, 6), (6, 10), (10, 11)]}, padri: [12, 29, 41], figli: [19, 15, 21, 31], mosse: [(2, 2, 19, 7, 5), (4, 4, 18, 8, 6), (4, 4, 14, 18, 16)]
19 -> costo: 89190.4, rotte: {3: [(1, 3), (3, 2), (2, 15), (15, 12), (12, 20), (20, 16)], 4: [(1, 13), (13, 14), (14, 18), (18, 8), (8, 21), (21, 17)], 2: [(1, 4), (4, 5), (5, 21), (21, 19), (19, 9), (9, 7), (7, 6), (6, 10), (10, 11)]}, padri: [18, 30, 42], figli: [16, 20, 28], mosse: [(2, 2, 19, 9, 7), (4, 4, 18, 8, 6), (4, 4, 14, 18, 16)]
20 -> costo: 89186.19999999998, rotte: {3: [(1, 3), (3, 2), (2, 15), (15, 12), (12, 20), (20, 16)], 4: [(1, 13), (13, 14), (14, 18), (18, 8), (8, 21), (21, 17)], 2: [(1, 4), (4, 5), (5, 19), (19, 21), (21, 9), (9, 7), (7, 6), (6, 10), (10, 11)]}, padri: [19, 31, 43], figli: [17], mosse: [(2, 2, 19, 21, 9), (4, 4, 18, 8, 6), (4, 4, 14, 18, 16)]
21 -> costo: 89401.29999999999, rotte: {3: [(1, 2), (2, 15), (15, 12), (12, 20), (20, 16)], 4: [(1, 13), (13, 14), (14, 18), (18, 8), (8, 21), (21, 17)], 2: [(1, 4), (4, 5), (5, 3), (3, 9), (9, 21), (21, 19), (19, 7), (7, 6), (6, 10), (10, 11)]}, padri: [18, 32, 44], figli: [], mosse: [(2, 3, 5, 3, 1), (4, 4, 18, 8, 6), (4, 4, 14, 18, 16)]
22 -> costo: 89797.59999999999, rotte: {3: [(1, 3), (3, 2), (2, 15), (15, 12), (12, 20), (20, 16)], 4: [(1, 13), (13, 14), (14, 8), (8, 18), (18, 21), (21, 17)], 2: [(1, 4), (4, 5), (5, 7), (7, 9), (9, 21), (21, 19), (19, 6), (6, 10), (10, 11)]}, padri: [11], figli: [23, 24, 12, 29, 42], mosse: [(4, 4, 8, 18, 16)]
23 -> costo: 89461.59999999999, rotte: {3: [(1, 2), (2, 15), (15, 12), (12, 20), (20, 16)], 4: [(1, 13), (13, 14), (14, 8), (8, 18), (18, 21), (21, 17)], 2: [(1, 4), (4, 5), (5, 3), (3, 7), (7, 9), (9, 21), (21, 19), (19, 6), (6, 10), (10, 11)]}, padri: [22, 33], figli: [13], mosse: [(2, 3, 5, 3, 1), (4, 4, 8, 18, 16)]
24 -> costo: 89461.59999999999, rotte: {3: [(1, 2), (2, 3), (3, 15), (15, 12), (12, 20), (20, 16)], 4: [(1, 13), (13, 14), (14, 8), (8, 18), (18, 21), (21, 17)], 2: [(1, 4), (4, 5), (5, 7), (7, 9), (9, 21), (21, 19), (19, 6), (6, 10), (10, 11)]}, padri: [22], figli: [25, 26, 32, 39], mosse: [(3, 3, 2, 3, 1)]
25 -> costo: 89352.69999999998, rotte: {3: [(1, 2), (2, 3), (3, 15), (15, 12), (12, 20), (20, 16)], 4: [(1, 13), (13, 14), (14, 18), (18, 8), (8, 21), (21, 17)], 2: [(1, 4), (4, 5), (5, 7), (7, 9), (9, 21), (21, 19), (19, 6), (6, 10), (10, 11)]}, padri: [24], figli: [15], mosse: [(4, 4, 18, 8, 6)]
26 -> costo: 89380.19999999998, rotte: {3: [(1, 2), (2, 3), (3, 15), (15, 12), (12, 20), (20, 16)], 4: [(1, 13), (13, 14), (14, 8), (8, 18), (18, 21), (21, 17)], 2: [(1, 4), (4, 5), (5, 9), (9, 21), (21, 19), (19, 7), (7, 6), (6, 10), (10, 11)]}, padri: [24, 29, 36, 38], figli: [27, 15, 40], mosse: [(2, 2, 19, 7, 5), (3, 3, 2, 3, 1), (2, 2, 19, 7, 5), (4, 4, 8, 18, 16)]
27 -> costo: 88963.29999999999, rotte: {3: [(1, 2), (2, 3), (3, 15), (15, 12), (12, 20), (20, 16)], 4: [(1, 13), (13, 14), (14, 8), (8, 18), (18, 21), (21, 17)], 2: [(1, 4), (4, 5), (5, 21), (21, 19), (19, 9), (9, 7), (7, 6), (6, 10), (10, 11)]}, padri: [26, 30, 39], figli: [16, 28], mosse: [(2, 2, 19, 9, 7), (3, 3, 2, 3, 1), (4, 4, 8, 18, 16)]
28 -> costo: 88959.09999999999, rotte: {3: [(1, 2), (2, 3), (3, 15), (15, 12), (12, 20), (20, 16)], 4: [(1, 13), (13, 14), (14, 8), (8, 18), (18, 21), (21, 17)], 2: [(1, 4), (4, 5), (5, 19), (19, 21), (21, 9), (9, 7), (7, 6), (6, 10), (10, 11)]}, padri: [27, 31, 40], figli: [17], mosse: [(2, 2, 19, 21, 9), (3, 3, 2, 3, 1), (4, 4, 8, 18, 16)]
29 -> costo: 89716.19999999998, rotte: {3: [(1, 3), (3, 2), (2, 15), (15, 12), (12, 20), (20, 16)], 4: [(1, 13), (13, 14), (14, 8), (8, 18), (18, 21), (21, 17)], 2: [(1, 4), (4, 5), (5, 9), (9, 21), (21, 19), (19, 7), (7, 6), (6, 10), (10, 11)]}, padri: [22, 41], figli: [30, 26, 32, 18, 39], mosse: [(2, 2, 19, 7, 5), (4, 4, 8, 18, 16)]
30 -> costo: 89299.29999999999, rotte: {3: [(1, 3), (3, 2), (2, 15), (15, 12), (12, 20), (20, 16)], 4: [(1, 13), (13, 14), (14, 8), (8, 18), (18, 21), (21, 17)], 2: [(1, 4), (4, 5), (5, 21), (21, 19), (19, 9), (9, 7), (7, 6), (6, 10), (10, 11)]}, padri: [29, 42], figli: [27, 19, 31, 40], mosse: [(2, 2, 19, 9, 7), (4, 4, 8, 18, 16)]
31 -> costo: 89295.09999999999, rotte: {3: [(1, 3), (3, 2), (2, 15), (15, 12), (12, 20), (20, 16)], 4: [(1, 13), (13, 14), (14, 8), (8, 18), (18, 21), (21, 17)], 2: [(1, 4), (4, 5), (5, 19), (19, 21), (21, 9), (9, 7), (7, 6), (6, 10), (10, 11)]}, padri: [30, 43], figli: [28, 20], mosse: [(2, 2, 19, 21, 9), (4, 4, 8, 18, 16)]
32 -> costo: 89510.19999999998, rotte: {3: [(1, 2), (2, 15), (15, 12), (12, 20), (20, 16)], 4: [(1, 13), (13, 14), (14, 8), (8, 18), (18, 21), (21, 17)], 2: [(1, 4), (4, 5), (5, 3), (3, 9), (9, 21), (21, 19), (19, 7), (7, 6), (6, 10), (10, 11)]}, padri: [29], figli: [21], mosse: [(2, 3, 5, 3, 1)]
33 -> costo: 90136.9, rotte: {3: [(1, 2), (2, 15), (15, 12), (12, 20), (20, 16)], 4: [(1, 18), (18, 13), (13, 14), (14, 8), (8, 21), (21, 17)], 2: [(1, 4), (4, 5), (5, 3), (3, 7), (7, 9), (9, 21), (21, 19), (19, 6), (6, 10), (10, 11)]}, padri: [11], figli: [13, 23], mosse: [(2, 3, 5, 3, 1)]
34 -> costo: 90136.9, rotte: {3: [(1, 2), (2, 3), (3, 15), (15, 12), (12, 20), (20, 16)], 4: [(1, 18), (18, 13), (13, 14), (14, 8), (8, 21), (21, 17)], 2: [(1, 4), (4, 5), (5, 7), (7, 9), (9, 21), (21, 19), (19, 6), (6, 10), (10, 11)]}, padri: [11], figli: [35, 36, 38, 44], mosse: [(3, 3, 2, 3, 1)]
35 -> costo: 89352.69999999998, rotte: {3: [(1, 2), (2, 3), (3, 15), (15, 12), (12, 20), (20, 16)], 4: [(1, 13), (13, 14), (14, 18), (18, 8), (8, 21), (21, 17)], 2: [(1, 4), (4, 5), (5, 7), (7, 9), (9, 21), (21, 19), (19, 6), (6, 10), (10, 11)]}, padri: [34], figli: [15], mosse: [(4, 4, 14, 18, 16)]
36 -> costo: 89461.59999999999, rotte: {3: [(1, 2), (2, 3), (3, 15), (15, 12), (12, 20), (20, 16)], 4: [(1, 13), (13, 14), (14, 8), (8, 18), (18, 21), (21, 17)], 2: [(1, 4), (4, 5), (5, 7), (7, 9), (9, 21), (21, 19), (19, 6), (6, 10), (10, 11)]}, padri: [34], figli: [37, 26, 39], mosse: [(4, 4, 8, 18, 16)]
37 -> costo: 89352.69999999998, rotte: {3: [(1, 2), (2, 3), (3, 15), (15, 12), (12, 20), (20, 16)], 4: [(1, 13), (13, 14), (14, 18), (18, 8), (8, 21), (21, 17)], 2: [(1, 4), (4, 5), (5, 7), (7, 9), (9, 21), (21, 19), (19, 6), (6, 10), (10, 11)]}, padri: [36], figli: [15], mosse: [(4, 4, 18, 8, 6)]
38 -> costo: 90055.49999999999, rotte: {3: [(1, 2), (2, 3), (3, 15), (15, 12), (12, 20), (20, 16)], 4: [(1, 18), (18, 13), (13, 14), (14, 8), (8, 21), (21, 17)], 2: [(1, 4), (4, 5), (5, 9), (9, 21), (21, 19), (19, 7), (7, 6), (6, 10), (10, 11)]}, padri: [34, 41], figli: [15, 26, 39, 43], mosse: [(2, 2, 19, 7, 5), (3, 3, 2, 3, 1)]
39 -> costo: 89638.59999999999, rotte: {3: [(1, 2), (2, 3), (3, 15), (15, 12), (12, 20), (20, 16)], 4: [(1, 18), (18, 13), (13, 14), (14, 8), (8, 21), (21, 17)], 2: [(1, 4), (4, 5), (5, 21), (21, 19), (19, 9), (9, 7), (7, 6), (6, 10), (10, 11)]}, padri: [38, 42], figli: [16, 27, 40], mosse: [(2, 2, 19, 9, 7), (3, 3, 2, 3, 1)]
40 -> costo: 89634.4, rotte: {3: [(1, 2), (2, 3), (3, 15), (15, 12), (12, 20), (20, 16)], 4: [(1, 18), (18, 13), (13, 14), (14, 8), (8, 21), (21, 17)], 2: [(1, 4), (4, 5), (5, 19), (19, 21), (21, 9), (9, 7), (7, 6), (6, 10), (10, 11)]}, padri: [39, 43], figli: [17, 28], mosse: [(2, 2, 19, 21, 9), (3, 3, 2, 3, 1)]
41 -> costo: 90391.49999999999, rotte: {3: [(1, 3), (3, 2), (2, 15), (15, 12), (12, 20), (20, 16)], 4: [(1, 18), (18, 13), (13, 14), (14, 8), (8, 21), (21, 17)], 2: [(1, 4), (4, 5), (5, 9), (9, 21), (21, 19), (19, 7), (7, 6), (6, 10), (10, 11)]}, padri: [11], figli: [18, 29, 42, 38, 44], mosse: [(2, 2, 19, 7, 5)]
42 -> costo: 89974.59999999999, rotte: {3: [(1, 3), (3, 2), (2, 15), (15, 12), (12, 20), (20, 16)], 4: [(1, 18), (18, 13), (13, 14), (14, 8), (8, 21), (21, 17)], 2: [(1, 4), (4, 5), (5, 21), (21, 19), (19, 9), (9, 7), (7, 6), (6, 10), (10, 11)]}, padri: [41], figli: [19, 30, 39, 43], mosse: [(2, 2, 19, 9, 7)]
43 -> costo: 89970.4, rotte: {3: [(1, 3), (3, 2), (2, 15), (15, 12), (12, 20), (20, 16)], 4: [(1, 18), (18, 13), (13, 14), (14, 8), (8, 21), (21, 17)], 2: [(1, 4), (4, 5), (5, 19), (19, 21), (21, 9), (9, 7), (7, 6), (6, 10), (10, 11)]}, padri: [42], figli: [20, 31, 40], mosse: [(2, 2, 19, 21, 9)]
44 -> costo: 90185.49999999999, rotte: {3: [(1, 2), (2, 15), (15, 12), (12, 20), (20, 16)], 4: [(1, 18), (18, 13), (13, 14), (14, 8), (8, 21), (21, 17)], 2: [(1, 4), (4, 5), (5, 3), (3, 9), (9, 21), (21, 19), (19, 7), (7, 6), (6, 10), (10, 11)]}, padri: [41], figli: [21], mosse: [(2, 3, 5, 3, 1)]
bestSolutionIndice: 17
17 -> costo: 88850.19999999998, rotte: {3: [(1, 2), (2, 3), (3, 15), (15, 12), (12, 20), (20, 16)], 4: [(1, 13), (13, 14), (14, 18), (18, 8), (8, 21), (21, 17)], 2: [(1, 4), (4, 5), (5, 19), (19, 21), (21, 9), (9, 7), (7, 6), (6, 10), (10, 11)]}, padri: [16, 20, 28, 40], figli: [], mosse: [(2, 2, 19, 21, 9), (3, 3, 2, 3, 1), (4, 4, 18, 8, 6), (4, 4, 14, 18, 16)]
trasportoPalletDiGamma: {3: [(2, 12), (3, 1), (15, 13), (12, 10), (20, 18), (16, 14)], 4: [(13, 11), (14, 12), (18, 16), (8, 6), (21, 10), (17, 15)], 2: [(4, 2), (5, 3), (19, 17), (21, 9), (9, 7), (7, 5), (6, 4), (10, 8), (11, 9)]}
itMosseLS: 81, itMosseTS: 68
time elapsed: 3603.07s.


##########################################################################################
##########################################################################################
##########################################################################################
##########################################################################################
