itNSIMax: 5, itMosseTSMax: 100.
##########################################################################################
s: 1, itNSI: 1.
soluzione iniziale: 0
0 -> 
costo: 145638.50000000003, 
rotte: {2: [(1, 19), (19, 9), (9, 10), (10, 4), (4, 12), (12, 14), (14, 2), (2, 17)], 4: [(1, 13), (13, 16), (16, 15), (15, 11), (11, 18), (18, 17)], 3: [(1, 5), (5, 3), (3, 6), (6, 20), (20, 7), (7, 8), (8, 21), (21, 17)]}
trasportoPalletDiGamma: {2: [(19, 17), (9, 7), (10, 8), (4, 2), (12, 10), (14, 12), (2, 12), (17, 2)], 4: [(13, 11), (16, 14), (15, 13), (11, 9), (18, 16), (17, 7)], 3: [(5, 3), (3, 1), (6, 4), (20, 18), (7, 5), (8, 6), (21, 19), (17, 6)]}
bestSolutionIndice: 13
13 -> 
costo: 88374.2, 
rotte: {2: [(1, 2), (2, 10), (10, 14), (14, 12), (12, 19), (19, 17)], 4: [(1, 18), (18, 17), (17, 16), (16, 15), (15, 13), (13, 11)], 3: [(1, 4), (4, 5), (5, 3), (3, 6), (6, 7), (7, 8), (8, 9), (9, 20), (20, 21)]}
trasportoPalletDiGamma: {2: [(2, 12), (10, 8), (14, 12), (12, 10), (19, 17), (17, 8)], 4: [(18, 16), (17, 7), (16, 14), (15, 13), (13, 11), (11, 9)], 3: [(4, 2), (5, 3), (3, 1), (6, 4), (7, 5), (8, 6), (9, 7), (20, 18), (21, 19)]}
itMosseLS: 90, itMosseTS: 78
numero di soluzioni totali trovati: 45.
time elapsed: 3613.62s.


##########################################################################################
##########################################################################################
##########################################################################################
##########################################################################################
##########################################################################################
##########################################################################################
##########################################################################################
Soluzione migliore in assoluto trovata:

s: 1
itNSI: 1, 
costo: 88374.2, 
rotte: {2: [(1, 2), (2, 10), (10, 14), (14, 12), (12, 19), (19, 17)], 4: [(1, 18), (18, 17), (17, 16), (16, 15), (15, 13), (13, 11)], 3: [(1, 4), (4, 5), (5, 3), (3, 6), (6, 7), (7, 8), (8, 9), (9, 20), (20, 21)]}
trasportoPalletDiGamma: {2: [(2, 12), (10, 8), (14, 12), (12, 10), (19, 17), (17, 8)], 4: [(18, 16), (17, 7), (16, 14), (15, 13), (13, 11), (11, 9)], 3: [(4, 2), (5, 3), (3, 1), (6, 4), (7, 5), (8, 6), (9, 7), (20, 18), (21, 19)]}

Total time elapsed: 3615.10s.