itNSIMax: 10, itMosseTSMax: 50.
##########################################################################################
s: 1
dictSolutions[1]:
0 -> costo: 139138.8, rotte: {4: [(1, 21), (21, 6), (6, 4), (4, 12), (12, 7), (7, 9), (9, 20)], 2: [(1, 17), (17, 18), (18, 3), (3, 8), (8, 16), (16, 15), (15, 19)], 3: [(1, 11), (11, 14), (14, 2), (2, 10), (10, 13), (13, 5), (5, 19)]}, padri: [-1], figli: [1], mosse: [-1]
1 -> costo: 129651.29999999999, rotte: {4: [(1, 21), (21, 6), (6, 4), (4, 12), (12, 7), (7, 9), (9, 20)], 2: [(1, 18), (18, 3), (3, 8), (8, 16), (16, 17), (17, 15), (15, 19)], 3: [(1, 11), (11, 14), (14, 2), (2, 10), (10, 13), (13, 5), (5, 19)]}, padri: [0], figli: [2], mosse: [(2, 2, 16, 17, 15)]
2 -> costo: 127347.1, rotte: {4: [(1, 21), (21, 6), (6, 4), (4, 12), (12, 7), (7, 9), (9, 20)], 2: [(1, 18), (18, 3), (3, 8), (8, 16), (16, 17), (17, 19), (19, 15)], 3: [(1, 11), (11, 14), (14, 2), (2, 10), (10, 13), (13, 5), (5, 19)]}, padri: [1], figli: [3], mosse: [(2, 2, 15, 19)]
3 -> costo: 105428.4, rotte: {4: [(1, 21), (21, 6), (6, 4), (4, 12), (12, 7), (7, 9), (9, 20)], 2: [(1, 18), (18, 3), (3, 8), (8, 16), (16, 17), (17, 19), (19, 15)], 3: [(1, 14), (14, 2), (2, 10), (10, 13), (13, 5), (5, 19), (19, 11)]}, padri: [2], figli: [4], mosse: [(3, 3, 19, 11, 9)]
4 -> costo: 99921.9, rotte: {4: [(1, 6), (6, 4), (4, 12), (12, 7), (7, 9), (9, 20), (20, 21)], 2: [(1, 18), (18, 3), (3, 8), (8, 16), (16, 17), (17, 19), (19, 15)], 3: [(1, 14), (14, 2), (2, 10), (10, 13), (13, 5), (5, 19), (19, 11)]}, padri: [3], figli: [5], mosse: [(4, 4, 20, 21, 19)]
5 -> costo: 95944.40000000001, rotte: {4: [(1, 4), (4, 6), (6, 12), (12, 7), (7, 9), (9, 20), (20, 21)], 2: [(1, 18), (18, 3), (3, 8), (8, 16), (16, 17), (17, 19), (19, 15)], 3: [(1, 14), (14, 2), (2, 10), (10, 13), (13, 5), (5, 19), (19, 11)]}, padri: [4], figli: [6], mosse: [(4, 4, 4, 6, 4)]
6 -> costo: 91990.5, rotte: {4: [(1, 4), (4, 6), (6, 12), (12, 7), (7, 9), (9, 20), (20, 21)], 2: [(1, 18), (18, 3), (3, 8), (8, 16), (16, 17), (17, 19), (19, 15)], 3: [(1, 2), (2, 10), (10, 13), (13, 5), (5, 19), (19, 14), (14, 11)]}, padri: [5], figli: [7], mosse: [(3, 3, 19, 14, 12)]
7 -> costo: 90357.2, rotte: {4: [(1, 4), (4, 6), (6, 12), (12, 7), (7, 9), (9, 20), (20, 21)], 2: [(1, 18), (18, 3), (3, 8), (8, 16), (16, 17), (17, 19), (19, 15)], 3: [(1, 10), (10, 13), (13, 2), (2, 5), (5, 19), (19, 14), (14, 11)]}, padri: [6], figli: [8], mosse: [(3, 3, 13, 2, 12)]
8 -> costo: 89023.29999999999, rotte: {4: [(1, 4), (4, 6), (6, 12), (12, 7), (7, 9), (9, 20), (20, 21)], 2: [(1, 18), (18, 3), (3, 8), (8, 15), (15, 16), (16, 17), (17, 19)], 3: [(1, 10), (10, 13), (13, 2), (2, 5), (5, 19), (19, 14), (14, 11)]}, padri: [7], figli: [9], mosse: [(2, 2, 8, 15, 13)]
9 -> costo: 87355.29999999999, rotte: {4: [(1, 4), (4, 6), (6, 12), (12, 7), (7, 9), (9, 20), (20, 21)], 2: [(1, 18), (18, 3), (3, 8), (8, 15), (15, 19), (19, 16), (16, 17)], 3: [(1, 10), (10, 13), (13, 2), (2, 5), (5, 19), (19, 14), (14, 11)]}, padri: [8], figli: [10], mosse: [(2, 2, 15, 19, 5)]
10 -> costo: 86129.9, rotte: {4: [(1, 4), (4, 6), (6, 12), (12, 7), (7, 9), (9, 20), (20, 21)], 2: [(1, 3), (3, 18), (18, 8), (8, 15), (15, 19), (19, 16), (16, 17)], 3: [(1, 10), (10, 13), (13, 2), (2, 5), (5, 19), (19, 14), (14, 11)]}, padri: [9], figli: [11, 19, 23, 31, 33], mosse: [(2, 2, 3, 18, 16)]
11 -> costo: 85215.09999999998, rotte: {4: [(1, 4), (4, 6), (6, 7), (7, 12), (12, 9), (9, 20), (20, 21)], 2: [(1, 3), (3, 18), (18, 8), (8, 15), (15, 19), (19, 16), (16, 17)], 3: [(1, 10), (10, 13), (13, 2), (2, 5), (5, 19), (19, 14), (14, 11)]}, padri: [10, 31], figli: [12, 14, 18, 20, 21, 24, 25], mosse: [(4, 4, 7, 12, 10), (4, 4, 12, 9, 7)]
12 -> costo: 84539.4, rotte: {4: [(1, 4), (4, 6), (6, 7), (7, 12), (12, 9), (9, 20), (20, 21)], 2: [(1, 18), (18, 8), (8, 15), (15, 19), (19, 16), (16, 17)], 3: [(1, 10), (10, 13), (13, 3), (3, 2), (2, 5), (5, 19), (19, 14), (14, 11)]}, padri: [11, 19, 20], figli: [13], mosse: [(3, 2, 13, 3, 1), (4, 4, 7, 12, 10), (4, 4, 12, 9, 7)]
13 -> costo: 84538.4, rotte: {4: [(1, 4), (4, 6), (6, 7), (7, 12), (12, 9), (9, 20), (20, 21)], 2: [(1, 18), (18, 8), (8, 15), (15, 19), (19, 16), (16, 17)], 3: [(1, 13), (13, 10), (10, 3), (3, 2), (2, 5), (5, 19), (19, 14), (14, 11)]}, padri: [12, 18, 21, 22], figli: [], mosse: [(3, 3, 13, 10, 8), (3, 2, 10, 3, 1), (4, 4, 12, 9, 7), (4, 4, 7, 12, 10)]
14 -> costo: 84976.9, rotte: {4: [(1, 4), (4, 3), (3, 6), (6, 7), (7, 12), (12, 9), (9, 20), (20, 21)], 2: [(1, 18), (18, 8), (8, 15), (15, 19), (19, 16), (16, 17)], 3: [(1, 10), (10, 13), (13, 2), (2, 5), (5, 19), (19, 14), (14, 11)]}, padri: [11, 23, 24], figli: [15, 17, 26], mosse: [(4, 2, 4, 3, 1), (4, 4, 7, 12, 10), (4, 4, 12, 9, 7)]
15 -> costo: 84826.4, rotte: {4: [(1, 3), (3, 6), (6, 7), (7, 12), (12, 9), (9, 20), (20, 21)], 2: [(1, 18), (18, 8), (8, 15), (15, 19), (19, 16), (16, 17)], 3: [(1, 10), (10, 13), (13, 4), (4, 2), (2, 5), (5, 19), (19, 14), (14, 11)]}, padri: [14, 25, 28], figli: [16], mosse: [(3, 4, 13, 4, 2), (4, 4, 12, 9, 7), (4, 4, 7, 12, 10)]
16 -> costo: 84825.4, rotte: {4: [(1, 3), (3, 6), (6, 7), (7, 12), (12, 9), (9, 20), (20, 21)], 2: [(1, 18), (18, 8), (8, 15), (15, 19), (19, 16), (16, 17)], 3: [(1, 13), (13, 10), (10, 4), (4, 2), (2, 5), (5, 19), (19, 14), (14, 11)]}, padri: [15, 17, 26, 29], figli: [], mosse: [(3, 3, 13, 10, 8), (3, 4, 10, 4, 2), (4, 4, 12, 9, 7), (4, 4, 7, 12, 10)]
17 -> costo: 84975.9, rotte: {4: [(1, 4), (4, 3), (3, 6), (6, 7), (7, 12), (12, 9), (9, 20), (20, 21)], 2: [(1, 18), (18, 8), (8, 15), (15, 19), (19, 16), (16, 17)], 3: [(1, 13), (13, 10), (10, 2), (2, 5), (5, 19), (19, 14), (14, 11)]}, padri: [14, 18, 27, 30], figli: [16], mosse: [(3, 3, 13, 10, 8), (4, 2, 4, 3, 1), (4, 4, 12, 9, 7), (4, 4, 7, 12, 10)]
18 -> costo: 85214.09999999999, rotte: {4: [(1, 4), (4, 6), (6, 7), (7, 12), (12, 9), (9, 20), (20, 21)], 2: [(1, 3), (3, 18), (18, 8), (8, 15), (15, 19), (19, 16), (16, 17)], 3: [(1, 13), (13, 10), (10, 2), (2, 5), (5, 19), (19, 14), (14, 11)]}, padri: [11, 32, 33], figli: [13, 17], mosse: [(3, 3, 13, 10, 8), (4, 4, 12, 9, 7), (4, 4, 7, 12, 10)]
19 -> costo: 85454.2, rotte: {4: [(1, 4), (4, 6), (6, 12), (12, 7), (7, 9), (9, 20), (20, 21)], 2: [(1, 18), (18, 8), (8, 15), (15, 19), (19, 16), (16, 17)], 3: [(1, 10), (10, 13), (13, 3), (3, 2), (2, 5), (5, 19), (19, 14), (14, 11)]}, padri: [10], figli: [12, 20, 21, 22], mosse: [(3, 2, 13, 3, 1)]
20 -> costo: 85228.79999999999, rotte: {4: [(1, 4), (4, 6), (6, 7), (7, 9), (9, 12), (12, 20), (20, 21)], 2: [(1, 18), (18, 8), (8, 15), (15, 19), (19, 16), (16, 17)], 3: [(1, 10), (10, 13), (13, 3), (3, 2), (2, 5), (5, 19), (19, 14), (14, 11)]}, padri: [19, 31], figli: [12, 21], mosse: [(4, 4, 9, 12, 10), (3, 2, 13, 3, 1)]
21 -> costo: 85227.79999999999, rotte: {4: [(1, 4), (4, 6), (6, 7), (7, 9), (9, 12), (12, 20), (20, 21)], 2: [(1, 18), (18, 8), (8, 15), (15, 19), (19, 16), (16, 17)], 3: [(1, 13), (13, 10), (10, 3), (3, 2), (2, 5), (5, 19), (19, 14), (14, 11)]}, padri: [20, 22, 32], figli: [13], mosse: [(3, 3, 13, 10, 8), (4, 4, 9, 12, 10), (3, 2, 10, 3, 1)]
22 -> costo: 85453.19999999998, rotte: {4: [(1, 4), (4, 6), (6, 12), (12, 7), (7, 9), (9, 20), (20, 21)], 2: [(1, 18), (18, 8), (8, 15), (15, 19), (19, 16), (16, 17)], 3: [(1, 13), (13, 10), (10, 3), (3, 2), (2, 5), (5, 19), (19, 14), (14, 11)]}, padri: [19, 33], figli: [13, 21], mosse: [(3, 3, 13, 10, 8), (3, 2, 10, 3, 1)]
23 -> costo: 85891.69999999998, rotte: {4: [(1, 4), (4, 3), (3, 6), (6, 12), (12, 7), (7, 9), (9, 20), (20, 21)], 2: [(1, 18), (18, 8), (8, 15), (15, 19), (19, 16), (16, 17)], 3: [(1, 10), (10, 13), (13, 2), (2, 5), (5, 19), (19, 14), (14, 11)]}, padri: [10], figli: [14, 24, 25, 28, 30, 32], mosse: [(4, 2, 4, 3, 1)]
24 -> costo: 85666.29999999999, rotte: {4: [(1, 4), (4, 3), (3, 6), (6, 7), (7, 9), (9, 12), (12, 20), (20, 21)], 2: [(1, 18), (18, 8), (8, 15), (15, 19), (19, 16), (16, 17)], 3: [(1, 10), (10, 13), (13, 2), (2, 5), (5, 19), (19, 14), (14, 11)]}, padri: [23, 31], figli: [14, 25, 27, 29], mosse: [(4, 4, 9, 12, 10), (4, 2, 4, 3, 1)]
25 -> costo: 85515.79999999999, rotte: {4: [(1, 3), (3, 6), (6, 7), (7, 9), (9, 12), (12, 20), (20, 21)], 2: [(1, 18), (18, 8), (8, 15), (15, 19), (19, 16), (16, 17)], 3: [(1, 10), (10, 13), (13, 4), (4, 2), (2, 5), (5, 19), (19, 14), (14, 11)]}, padri: [24, 28], figli: [15, 26], mosse: [(3, 4, 13, 4, 2), (4, 4, 9, 12, 10)]
26 -> costo: 85514.79999999999, rotte: {4: [(1, 3), (3, 6), (6, 7), (7, 9), (9, 12), (12, 20), (20, 21)], 2: [(1, 18), (18, 8), (8, 15), (15, 19), (19, 16), (16, 17)], 3: [(1, 13), (13, 10), (10, 4), (4, 2), (2, 5), (5, 19), (19, 14), (14, 11)]}, padri: [25, 27, 29], figli: [16], mosse: [(3, 3, 13, 10, 8), (3, 4, 10, 4, 2), (4, 4, 9, 12, 10)]
27 -> costo: 85665.29999999999, rotte: {4: [(1, 4), (4, 3), (3, 6), (6, 7), (7, 9), (9, 12), (12, 20), (20, 21)], 2: [(1, 18), (18, 8), (8, 15), (15, 19), (19, 16), (16, 17)], 3: [(1, 13), (13, 10), (10, 2), (2, 5), (5, 19), (19, 14), (14, 11)]}, padri: [24, 30, 32], figli: [17, 26], mosse: [(3, 3, 13, 10, 8), (4, 4, 9, 12, 10), (4, 2, 4, 3, 1)]
28 -> costo: 85741.2, rotte: {4: [(1, 3), (3, 6), (6, 12), (12, 7), (7, 9), (9, 20), (20, 21)], 2: [(1, 18), (18, 8), (8, 15), (15, 19), (19, 16), (16, 17)], 3: [(1, 10), (10, 13), (13, 4), (4, 2), (2, 5), (5, 19), (19, 14), (14, 11)]}, padri: [23], figli: [15, 25, 29], mosse: [(3, 4, 13, 4, 2)]
29 -> costo: 85740.19999999998, rotte: {4: [(1, 3), (3, 6), (6, 12), (12, 7), (7, 9), (9, 20), (20, 21)], 2: [(1, 18), (18, 8), (8, 15), (15, 19), (19, 16), (16, 17)], 3: [(1, 13), (13, 10), (10, 4), (4, 2), (2, 5), (5, 19), (19, 14), (14, 11)]}, padri: [28, 30], figli: [16, 26], mosse: [(3, 3, 13, 10, 8), (3, 4, 10, 4, 2)]
30 -> costo: 85890.7, rotte: {4: [(1, 4), (4, 3), (3, 6), (6, 12), (12, 7), (7, 9), (9, 20), (20, 21)], 2: [(1, 18), (18, 8), (8, 15), (15, 19), (19, 16), (16, 17)], 3: [(1, 13), (13, 10), (10, 2), (2, 5), (5, 19), (19, 14), (14, 11)]}, padri: [23], figli: [17, 27, 29], mosse: [(3, 3, 13, 10, 8)]
31 -> costo: 85904.49999999999, rotte: {4: [(1, 4), (4, 6), (6, 7), (7, 9), (9, 12), (12, 20), (20, 21)], 2: [(1, 3), (3, 18), (18, 8), (8, 15), (15, 19), (19, 16), (16, 17)], 3: [(1, 10), (10, 13), (13, 2), (2, 5), (5, 19), (19, 14), (14, 11)]}, padri: [10], figli: [11, 20, 24, 32], mosse: [(4, 4, 9, 12, 10)]
32 -> costo: 85903.49999999999, rotte: {4: [(1, 4), (4, 6), (6, 7), (7, 9), (9, 12), (12, 20), (20, 21)], 2: [(1, 3), (3, 18), (18, 8), (8, 15), (15, 19), (19, 16), (16, 17)], 3: [(1, 13), (13, 10), (10, 2), (2, 5), (5, 19), (19, 14), (14, 11)]}, padri: [31], figli: [18, 21, 27], mosse: [(3, 3, 13, 10, 8)]
33 -> costo: 86128.9, rotte: {4: [(1, 4), (4, 6), (6, 12), (12, 7), (7, 9), (9, 20), (20, 21)], 2: [(1, 3), (3, 18), (18, 8), (8, 15), (15, 19), (19, 16), (16, 17)], 3: [(1, 13), (13, 10), (10, 2), (2, 5), (5, 19), (19, 14), (14, 11)]}, padri: [10], figli: [18, 22], mosse: [(3, 3, 13, 10, 8)]
bestSolutionIndice: 13
13 -> costo: 84538.4, rotte: {4: [(1, 4), (4, 6), (6, 7), (7, 12), (12, 9), (9, 20), (20, 21)], 2: [(1, 18), (18, 8), (8, 15), (15, 19), (19, 16), (16, 17)], 3: [(1, 13), (13, 10), (10, 3), (3, 2), (2, 5), (5, 19), (19, 14), (14, 11)]}, padri: [12, 18, 21, 22], figli: [], mosse: [(3, 3, 13, 10, 8), (3, 2, 10, 3, 1), (4, 4, 12, 9, 7), (4, 4, 7, 12, 10)]
trasportoPalletDiGamma: {4: [(4, 2), (6, 4), (7, 5), (12, 10), (9, 7), (20, 18), (21, 19)], 2: [(18, 16), (8, 6), (15, 13), (19, 5), (16, 14), (17, 15)], 3: [(13, 11), (10, 8), (3, 1), (2, 12), (5, 3), (19, 12), (14, 12), (11, 9)]}
itMosseLS: 62, itMosseTS: 50
time elapsed: 1675.04s.


##########################################################################################
s: 1
dictSolutions[1]:
0 -> costo: 137013.6, rotte: {3: [(1, 21), (21, 12), (12, 7), (7, 16), (16, 9), (9, 19)], 4: [(1, 11), (11, 15), (15, 18), (18, 6), (6, 8), (8, 17), (17, 10)], 2: [(1, 4), (4, 13), (13, 14), (14, 2), (2, 5), (5, 3), (3, 20), (20, 19), (19, 10)]}, padri: [-1], figli: [1], mosse: [-1]
1 -> costo: 110389.80000000002, rotte: {3: [(1, 21), (21, 12), (12, 7), (7, 16), (16, 9), (9, 19)], 4: [(1, 15), (15, 18), (18, 6), (6, 8), (8, 17), (17, 10), (10, 11)], 2: [(1, 4), (4, 13), (13, 14), (14, 2), (2, 5), (5, 3), (3, 20), (20, 19), (19, 10)]}, padri: [0], figli: [2], mosse: [(4, 4, 10, 11, 9)]
2 -> costo: 109549.60000000002, rotte: {3: [(1, 21), (21, 12), (12, 7), (7, 16), (16, 19), (19, 9)], 4: [(1, 15), (15, 18), (18, 6), (6, 8), (8, 17), (17, 10), (10, 11)], 2: [(1, 4), (4, 13), (13, 14), (14, 2), (2, 5), (5, 3), (3, 20), (20, 19), (19, 10)]}, padri: [1], figli: [3], mosse: [(3, 3, 9, 19)]
3 -> costo: 104631.00000000003, rotte: {3: [(1, 21), (21, 12), (12, 7), (7, 16), (16, 19), (19, 9)], 4: [(1, 15), (15, 18), (18, 6), (6, 8), (8, 17), (17, 10), (10, 11)], 2: [(1, 4), (4, 10), (10, 13), (13, 14), (14, 2), (2, 5), (5, 3), (3, 20), (20, 19)]}, padri: [2], figli: [4], mosse: [(2, 2, 4, 10, 1)]
4 -> costo: 104195.20000000003, rotte: {3: [(1, 21), (21, 12), (12, 7), (7, 16), (16, 19), (19, 9)], 4: [(1, 15), (15, 18), (18, 6), (6, 8), (8, 17), (17, 10), (10, 11)], 2: [(1, 4), (4, 10), (10, 13), (13, 14), (14, 2), (2, 5), (5, 3), (3, 19), (19, 20)]}, padri: [3], figli: [5], mosse: [(2, 2, 20, 19)]
5 -> costo: 99383.10000000002, rotte: {3: [(1, 21), (21, 12), (12, 7), (7, 16), (16, 19), (19, 9)], 4: [(1, 18), (18, 6), (6, 8), (8, 17), (17, 15), (15, 10), (10, 11)], 2: [(1, 4), (4, 10), (10, 13), (13, 14), (14, 2), (2, 5), (5, 3), (3, 19), (19, 20)]}, padri: [4], figli: [6], mosse: [(4, 4, 17, 15, 13)]
6 -> costo: 95651.40000000002, rotte: {3: [(1, 12), (12, 7), (7, 16), (16, 21), (21, 19), (19, 9)], 4: [(1, 18), (18, 6), (6, 8), (8, 17), (17, 15), (15, 10), (10, 11)], 2: [(1, 4), (4, 10), (10, 13), (13, 14), (14, 2), (2, 5), (5, 3), (3, 19), (19, 20)]}, padri: [5], figli: [7], mosse: [(3, 3, 16, 21, 19)]
7 -> costo: 93940.50000000001, rotte: {3: [(1, 12), (12, 7), (7, 9), (9, 16), (16, 21), (21, 19)], 4: [(1, 18), (18, 6), (6, 8), (8, 17), (17, 15), (15, 10), (10, 11)], 2: [(1, 4), (4, 10), (10, 13), (13, 14), (14, 2), (2, 5), (5, 3), (3, 19), (19, 20)]}, padri: [6], figli: [8], mosse: [(3, 3, 7, 9, 7)]
8 -> costo: 93677.60000000002, rotte: {3: [(1, 12), (12, 7), (7, 9), (9, 16), (16, 19), (19, 21)], 4: [(1, 18), (18, 6), (6, 8), (8, 17), (17, 15), (15, 10), (10, 11)], 2: [(1, 4), (4, 10), (10, 13), (13, 14), (14, 2), (2, 5), (5, 3), (3, 19), (19, 20)]}, padri: [7], figli: [9], mosse: [(3, 3, 21, 19)]
9 -> costo: 92231.90000000002, rotte: {3: [(1, 12), (12, 7), (7, 9), (9, 19), (19, 21), (21, 16)], 4: [(1, 18), (18, 6), (6, 8), (8, 17), (17, 15), (15, 10), (10, 11)], 2: [(1, 4), (4, 10), (10, 13), (13, 14), (14, 2), (2, 5), (5, 3), (3, 19), (19, 20)]}, padri: [8], figli: [10], mosse: [(3, 3, 21, 16, 14)]
10 -> costo: 91152.20000000003, rotte: {3: [(1, 7), (7, 12), (12, 9), (9, 19), (19, 21), (21, 16)], 4: [(1, 18), (18, 6), (6, 8), (8, 17), (17, 15), (15, 10), (10, 11)], 2: [(1, 4), (4, 10), (10, 13), (13, 14), (14, 2), (2, 5), (5, 3), (3, 19), (19, 20)]}, padri: [9], figli: [11, 11, 11, 11, 11, 11, 11, 11, 11, 19, 19, 19, 19, 19, 19, 19, 19, 19], mosse: [(3, 3, 7, 12, 10)]
11 -> costo: 90938.30000000002, rotte: {3: [(1, 7), (7, 12), (12, 9), (9, 19), (19, 21), (21, 16)], 4: [(1, 18), (18, 6), (6, 8), (8, 17), (17, 15), (15, 11)], 2: [(1, 4), (4, 10), (10, 13), (13, 14), (14, 2), (2, 5), (5, 3), (3, 19), (19, 20)]}, padri: [10, 10, 10, 10, 10, 10, 10, 10, 10], figli: [12, 16], mosse: [(2, 4, 1, 10, 7), (2, 4, 4, 10, 7), (2, 4, 13, 10, 7), (2, 4, 14, 10, 7), (2, 4, 2, 10, 7), (2, 4, 5, 10, 7), (2, 4, 3, 10, 7), (2, 4, 19, 10, 7), (2, 4, 20, 10, 7)]
12 -> costo: 90248.50000000003, rotte: {3: [(1, 7), (7, 12), (12, 9), (9, 19), (19, 21), (21, 16)], 4: [(1, 4), (4, 18), (18, 6), (6, 8), (8, 17), (17, 15), (15, 11)], 2: [(1, 10), (10, 13), (13, 14), (14, 2), (2, 5), (5, 3), (3, 19), (19, 20)]}, padri: [11], figli: [13, 18], mosse: [(4, 2, 1, 4, 2)]
13 -> costo: 90035.50000000003, rotte: {3: [(1, 7), (7, 12), (12, 9), (9, 19), (19, 21), (21, 16)], 4: [(1, 4), (4, 18), (18, 8), (8, 17), (17, 15), (15, 6), (6, 11)], 2: [(1, 10), (10, 13), (13, 14), (14, 2), (2, 5), (5, 3), (3, 19), (19, 20)]}, padri: [12, 16], figli: [14, 15], mosse: [(4, 4, 15, 6, 4), (4, 2, 1, 4, 2)]
14 -> costo: 89320.20000000003, rotte: {3: [(1, 7), (7, 12), (12, 9), (9, 19), (19, 21), (21, 16)], 4: [(1, 4), (4, 18), (18, 17), (17, 15), (15, 8), (8, 6), (6, 11)], 2: [(1, 10), (10, 13), (13, 14), (14, 2), (2, 5), (5, 3), (3, 19), (19, 20)]}, padri: [13, 15, 17], figli: [], mosse: [(4, 4, 15, 8, 6), (4, 4, 15, 8, 6), (4, 2, 1, 4, 2)]
15 -> costo: 89615.20000000003, rotte: {3: [(1, 7), (7, 12), (12, 9), (9, 19), (19, 21), (21, 16)], 4: [(1, 4), (4, 18), (18, 17), (17, 8), (8, 15), (15, 6), (6, 11)], 2: [(1, 10), (10, 13), (13, 14), (14, 2), (2, 5), (5, 3), (3, 19), (19, 20)]}, padri: [13, 18], figli: [14], mosse: [(4, 4, 17, 8, 6), (4, 2, 1, 4, 2)]
16 -> costo: 90725.30000000003, rotte: {3: [(1, 7), (7, 12), (12, 9), (9, 19), (19, 21), (21, 16)], 4: [(1, 18), (18, 8), (8, 17), (17, 15), (15, 6), (6, 11)], 2: [(1, 4), (4, 10), (10, 13), (13, 14), (14, 2), (2, 5), (5, 3), (3, 19), (19, 20)]}, padri: [11, 19, 19, 19, 19, 19, 19, 19, 19, 19], figli: [17, 13, 18], mosse: [(4, 4, 15, 6, 4), (2, 4, 1, 10, 7), (2, 4, 4, 10, 7), (2, 4, 13, 10, 7), (2, 4, 14, 10, 7), (2, 4, 2, 10, 7), (2, 4, 5, 10, 7), (2, 4, 3, 10, 7), (2, 4, 19, 10, 7), (2, 4, 20, 10, 7)]
17 -> costo: 90010.00000000003, rotte: {3: [(1, 7), (7, 12), (12, 9), (9, 19), (19, 21), (21, 16)], 4: [(1, 18), (18, 17), (17, 15), (15, 8), (8, 6), (6, 11)], 2: [(1, 4), (4, 10), (10, 13), (13, 14), (14, 2), (2, 5), (5, 3), (3, 19), (19, 20)]}, padri: [16, 18, 20, 20, 20, 20, 20, 20, 20, 20, 20], figli: [14], mosse: [(4, 4, 15, 8, 6), (4, 4, 15, 8, 6), (2, 4, 1, 10, 7), (2, 4, 4, 10, 7), (2, 4, 13, 10, 7), (2, 4, 14, 10, 7), (2, 4, 2, 10, 7), (2, 4, 5, 10, 7), (2, 4, 3, 10, 7), (2, 4, 19, 10, 7), (2, 4, 20, 10, 7)]
18 -> costo: 90305.00000000001, rotte: {3: [(1, 7), (7, 12), (12, 9), (9, 19), (19, 21), (21, 16)], 4: [(1, 18), (18, 17), (17, 8), (8, 15), (15, 6), (6, 11)], 2: [(1, 4), (4, 10), (10, 13), (13, 14), (14, 2), (2, 5), (5, 3), (3, 19), (19, 20)]}, padri: [16, 21, 21, 21, 21, 21, 21, 21, 21, 21], figli: [15, 17], mosse: [(4, 4, 17, 8, 6), (2, 4, 1, 10, 7), (2, 4, 4, 10, 7), (2, 4, 13, 10, 7), (2, 4, 14, 10, 7), (2, 4, 2, 10, 7), (2, 4, 5, 10, 7), (2, 4, 3, 10, 7), (2, 4, 19, 10, 7), (2, 4, 20, 10, 7)]
19 -> costo: 90939.20000000003, rotte: {3: [(1, 7), (7, 12), (12, 9), (9, 19), (19, 21), (21, 16)], 4: [(1, 18), (18, 8), (8, 17), (17, 15), (15, 6), (6, 10), (10, 11)], 2: [(1, 4), (4, 10), (10, 13), (13, 14), (14, 2), (2, 5), (5, 3), (3, 19), (19, 20)]}, padri: [10], figli: [20, 21, 16, 16, 16, 16, 16, 16, 16, 16, 16], mosse: [(4, 4, 15, 6, 4)]
20 -> costo: 90223.90000000002, rotte: {3: [(1, 7), (7, 12), (12, 9), (9, 19), (19, 21), (21, 16)], 4: [(1, 18), (18, 17), (17, 15), (15, 8), (8, 6), (6, 10), (10, 11)], 2: [(1, 4), (4, 10), (10, 13), (13, 14), (14, 2), (2, 5), (5, 3), (3, 19), (19, 20)]}, padri: [19, 21], figli: [17, 17, 17, 17, 17, 17, 17, 17, 17], mosse: [(4, 4, 15, 8, 6), (4, 4, 15, 8, 6)]
21 -> costo: 90518.90000000002, rotte: {3: [(1, 7), (7, 12), (12, 9), (9, 19), (19, 21), (21, 16)], 4: [(1, 18), (18, 17), (17, 8), (8, 15), (15, 6), (6, 10), (10, 11)], 2: [(1, 4), (4, 10), (10, 13), (13, 14), (14, 2), (2, 5), (5, 3), (3, 19), (19, 20)]}, padri: [19], figli: [20, 18, 18, 18, 18, 18, 18, 18, 18, 18], mosse: [(4, 4, 17, 8, 6)]
bestSolutionIndice: 14
14 -> costo: 89320.20000000003, rotte: {3: [(1, 7), (7, 12), (12, 9), (9, 19), (19, 21), (21, 16)], 4: [(1, 4), (4, 18), (18, 17), (17, 15), (15, 8), (8, 6), (6, 11)], 2: [(1, 10), (10, 13), (13, 14), (14, 2), (2, 5), (5, 3), (3, 19), (19, 20)]}, padri: [13, 15, 17], figli: [], mosse: [(4, 4, 15, 8, 6), (4, 4, 15, 8, 6), (4, 2, 1, 4, 2)]
trasportoPalletDiGamma: {3: [(7, 5), (12, 10), (9, 7), (19, 15), (21, 19), (16, 14)], 4: [(4, 2), (18, 16), (17, 15), (15, 13), (8, 6), (6, 4), (11, 9)], 2: [(10, 8), (13, 11), (14, 12), (2, 12), (5, 3), (3, 1), (19, 2), (20, 18)]}
itMosseLS: 62, itMosseTS: 50
time elapsed: 1832.47s.


##########################################################################################
s: 1
dictSolutions[1]:
0 -> costo: 140670.8, rotte: {4: [(1, 17), (17, 10), (10, 14), (14, 11), (11, 12), (12, 15), (15, 16)], 2: [(1, 3), (3, 5), (5, 13), (13, 19), (19, 7), (7, 8), (8, 20), (20, 16)], 3: [(1, 2), (2, 18), (18, 4), (4, 21), (21, 6), (6, 9), (9, 16)]}, padri: [-1], figli: [1], mosse: [-1]
1 -> costo: 118425.20000000001, rotte: {4: [(1, 17), (17, 10), (10, 14), (14, 12), (12, 15), (15, 16), (16, 11)], 2: [(1, 3), (3, 5), (5, 13), (13, 19), (19, 7), (7, 8), (8, 20), (20, 16)], 3: [(1, 2), (2, 18), (18, 4), (4, 21), (21, 6), (6, 9), (9, 16)]}, padri: [0], figli: [2], mosse: [(4, 4, 16, 11, 9)]
2 -> costo: 106626.00000000001, rotte: {4: [(1, 10), (10, 14), (14, 12), (12, 15), (15, 16), (16, 17), (17, 11)], 2: [(1, 3), (3, 5), (5, 13), (13, 19), (19, 7), (7, 8), (8, 20), (20, 16)], 3: [(1, 2), (2, 18), (18, 4), (4, 21), (21, 6), (6, 9), (9, 16)]}, padri: [1], figli: [3], mosse: [(4, 4, 16, 17, 15)]
3 -> costo: 101513.90000000001, rotte: {4: [(1, 10), (10, 14), (14, 12), (12, 15), (15, 16), (16, 17), (17, 11)], 2: [(1, 3), (3, 5), (5, 13), (13, 7), (7, 8), (8, 19), (19, 20), (20, 16)], 3: [(1, 2), (2, 18), (18, 4), (4, 21), (21, 6), (6, 9), (9, 16)]}, padri: [2], figli: [4], mosse: [(2, 2, 8, 19, 17)]
4 -> costo: 96794.4, rotte: {4: [(1, 10), (10, 14), (14, 12), (12, 15), (15, 16), (16, 17), (17, 11)], 2: [(1, 3), (3, 5), (5, 13), (13, 7), (7, 8), (8, 19), (19, 20), (20, 16)], 3: [(1, 2), (2, 18), (18, 4), (4, 6), (6, 9), (9, 21), (21, 16)]}, padri: [3], figli: [5], mosse: [(3, 3, 9, 21, 19)]
5 -> costo: 95532.9, rotte: {4: [(1, 10), (10, 14), (14, 12), (12, 15), (15, 16), (16, 17), (17, 11)], 2: [(1, 3), (3, 5), (5, 13), (13, 7), (7, 8), (8, 19), (19, 20), (20, 16)], 3: [(1, 2), (2, 4), (4, 18), (18, 6), (6, 9), (9, 21), (21, 16)]}, padri: [4], figli: [6], mosse: [(3, 3, 4, 18, 16)]
6 -> costo: 94659.69999999998, rotte: {4: [(1, 10), (10, 14), (14, 15), (15, 16), (16, 17), (17, 12), (12, 11)], 2: [(1, 3), (3, 5), (5, 13), (13, 7), (7, 8), (8, 19), (19, 20), (20, 16)], 3: [(1, 2), (2, 4), (4, 18), (18, 6), (6, 9), (9, 21), (21, 16)]}, padri: [5], figli: [7], mosse: [(4, 4, 17, 12, 10)]
7 -> costo: 93886.19999999997, rotte: {4: [(1, 10), (10, 14), (14, 15), (15, 16), (16, 17), (17, 12), (12, 11)], 2: [(1, 5), (5, 3), (3, 13), (13, 7), (7, 8), (8, 19), (19, 20), (20, 16)], 3: [(1, 2), (2, 4), (4, 18), (18, 6), (6, 9), (9, 21), (21, 16)]}, padri: [6], figli: [], mosse: [(2, 2, 5, 3, 1)]
bestSolutionIndice: 7
7 -> costo: 93886.19999999997, rotte: {4: [(1, 10), (10, 14), (14, 15), (15, 16), (16, 17), (17, 12), (12, 11)], 2: [(1, 5), (5, 3), (3, 13), (13, 7), (7, 8), (8, 19), (19, 20), (20, 16)], 3: [(1, 2), (2, 4), (4, 18), (18, 6), (6, 9), (9, 21), (21, 16)]}, padri: [6], figli: [], mosse: [(2, 2, 5, 3, 1)]
trasportoPalletDiGamma: {4: [(10, 8), (14, 12), (15, 13), (16, 3), (17, 15), (12, 10), (11, 9)], 2: [(5, 3), (3, 1), (13, 11), (7, 5), (8, 6), (19, 17), (20, 18), (16, 1)], 3: [(2, 12), (4, 2), (18, 16), (6, 4), (9, 7), (21, 19), (16, 10)]}
itMosseLS: 7, itMosseTS: 0
time elapsed: 95.18s.


##########################################################################################
##########################################################################################
##########################################################################################
##########################################################################################
##########################################################################################
##########################################################################################
##########################################################################################
