itNSIMax: 25, itMosseTSMax: 25.
##########################################################################################
s: 1
dictSolutions[1]:
0 -> costo: 147112.2, rotte: {3: [(1, 6), (6, 20), (20, 2), (2, 8), (8, 13), (13, 5), (5, 3), (3, 19), (19, 14)], 2: [(1, 18), (18, 9), (9, 7), (7, 15), (15, 16), (16, 19)], 4: [(1, 10), (10, 4), (4, 17), (17, 11), (11, 12), (12, 21), (21, 14)]}, padri: [-1], figli: [1], mosse: [-1]
1 -> costo: 116663.0, rotte: {3: [(1, 6), (6, 20), (20, 2), (2, 8), (8, 13), (13, 5), (5, 3), (3, 19), (19, 14)], 2: [(1, 18), (18, 9), (9, 7), (7, 15), (15, 16), (16, 19)], 4: [(1, 10), (10, 4), (4, 17), (17, 12), (12, 21), (21, 14), (14, 11)]}, padri: [0], figli: [2], mosse: [(4, 4, 14, 11, 9)]
2 -> costo: 111518.80000000002, rotte: {3: [(1, 6), (6, 2), (2, 8), (8, 13), (13, 5), (5, 3), (3, 20), (20, 19), (19, 14)], 2: [(1, 18), (18, 9), (9, 7), (7, 15), (15, 16), (16, 19)], 4: [(1, 10), (10, 4), (4, 17), (17, 12), (12, 21), (21, 14), (14, 11)]}, padri: [1], figli: [3], mosse: [(3, 3, 3, 20, 18)]
3 -> costo: 107539.90000000001, rotte: {3: [(1, 6), (6, 2), (2, 8), (8, 13), (13, 5), (5, 3), (3, 20), (20, 19), (19, 14)], 2: [(1, 18), (18, 9), (9, 7), (7, 15), (15, 16), (16, 19)], 4: [(1, 10), (10, 4), (4, 17), (17, 21), (21, 12), (12, 14), (14, 11)]}, padri: [2], figli: [4], mosse: [(4, 4, 21, 12, 10)]
4 -> costo: 103968.49999999999, rotte: {3: [(1, 6), (6, 2), (2, 8), (8, 14), (14, 13), (13, 5), (5, 3), (3, 20), (20, 19)], 2: [(1, 18), (18, 9), (9, 7), (7, 15), (15, 16), (16, 19)], 4: [(1, 10), (10, 4), (4, 17), (17, 21), (21, 12), (12, 14), (14, 11)]}, padri: [3], figli: [5], mosse: [(3, 3, 8, 14, 5)]
5 -> costo: 100876.2, rotte: {3: [(1, 6), (6, 8), (8, 14), (14, 13), (13, 2), (2, 5), (5, 3), (3, 20), (20, 19)], 2: [(1, 18), (18, 9), (9, 7), (7, 15), (15, 16), (16, 19)], 4: [(1, 10), (10, 4), (4, 17), (17, 21), (21, 12), (12, 14), (14, 11)]}, padri: [4], figli: [6], mosse: [(3, 3, 13, 2, 12)]
6 -> costo: 97891.5, rotte: {3: [(1, 6), (6, 8), (8, 14), (14, 13), (13, 10), (10, 2), (2, 5), (5, 3), (3, 20), (20, 19)], 2: [(1, 18), (18, 9), (9, 7), (7, 15), (15, 16), (16, 19)], 4: [(1, 4), (4, 17), (17, 21), (21, 12), (12, 14), (14, 11)]}, padri: [5], figli: [7], mosse: [(3, 4, 13, 10, 8)]
7 -> costo: 96225.90000000001, rotte: {3: [(1, 6), (6, 14), (14, 13), (13, 10), (10, 2), (2, 5), (5, 3), (3, 8), (8, 20), (20, 19)], 2: [(1, 18), (18, 9), (9, 7), (7, 15), (15, 16), (16, 19)], 4: [(1, 4), (4, 17), (17, 21), (21, 12), (12, 14), (14, 11)]}, padri: [6], figli: [8], mosse: [(3, 3, 3, 8, 6)]
8 -> costo: 95092.0, rotte: {3: [(1, 6), (6, 14), (14, 13), (13, 10), (10, 2), (2, 5), (5, 3), (3, 8), (8, 20), (20, 19)], 2: [(1, 18), (18, 9), (9, 7), (7, 15), (15, 19), (19, 16)], 4: [(1, 4), (4, 17), (17, 21), (21, 12), (12, 14), (14, 11)]}, padri: [7], figli: [9], mosse: [(2, 2, 16, 19)]
9 -> costo: 94333.3, rotte: {3: [(1, 6), (6, 13), (13, 10), (10, 2), (2, 5), (5, 3), (3, 8), (8, 20), (20, 19)], 2: [(1, 18), (18, 9), (9, 7), (7, 15), (15, 19), (19, 16)], 4: [(1, 4), (4, 17), (17, 21), (21, 12), (12, 14), (14, 11)]}, padri: [8], figli: [10], mosse: [(4, 3, 1, 14, 5)]
10 -> costo: 92127.59999999999, rotte: {3: [(1, 13), (13, 10), (10, 2), (2, 5), (5, 3), (3, 6), (6, 8), (8, 20), (20, 19)], 2: [(1, 18), (18, 9), (9, 7), (7, 15), (15, 19), (19, 16)], 4: [(1, 4), (4, 17), (17, 21), (21, 12), (12, 14), (14, 11)]}, padri: [9], figli: [11, 15, 15, 19, 19, 20, 21], mosse: [(3, 3, 3, 6, 4)]
11 -> costo: 91489.7, rotte: {3: [(1, 13), (13, 10), (10, 2), (2, 5), (5, 3), (3, 6), (6, 8), (8, 20), (20, 19)], 2: [(1, 18), (18, 7), (7, 15), (15, 9), (9, 19), (19, 16)], 4: [(1, 4), (4, 17), (17, 21), (21, 12), (12, 14), (14, 11)]}, padri: [10, 19], figli: [12, 12, 14, 14, 16, 16, 17, 17], mosse: [(2, 2, 15, 9, 7), (2, 2, 15, 9, 7)]
12 -> costo: 91053.9, rotte: {3: [(1, 13), (13, 10), (10, 2), (2, 5), (5, 3), (3, 6), (6, 8), (8, 19), (19, 20)], 2: [(1, 18), (18, 7), (7, 15), (15, 9), (9, 19), (19, 16)], 4: [(1, 4), (4, 17), (17, 21), (21, 12), (12, 14), (14, 11)]}, padri: [11, 11, 15, 16], figli: [13], mosse: [(3, 3, 8, 19, 2), (3, 3, 19, 20, 18), (2, 2, 15, 9, 7), (2, 2, 15, 9, 7)]
13 -> costo: 91043.39999999998, rotte: {3: [(1, 13), (13, 10), (10, 2), (2, 5), (5, 3), (3, 6), (6, 8), (8, 19), (19, 20)], 2: [(1, 18), (18, 7), (7, 15), (15, 9), (9, 19), (19, 16)], 4: [(1, 4), (4, 21), (21, 17), (17, 12), (12, 14), (14, 11)]}, padri: [12, 14, 14, 17, 18], figli: [], mosse: [(4, 4, 21, 17, 15), (3, 3, 8, 19, 2), (3, 3, 19, 20, 18), (2, 2, 15, 9, 7), (2, 2, 15, 9, 7)]
14 -> costo: 91479.19999999998, rotte: {3: [(1, 13), (13, 10), (10, 2), (2, 5), (5, 3), (3, 6), (6, 8), (8, 20), (20, 19)], 2: [(1, 18), (18, 7), (7, 15), (15, 9), (9, 19), (19, 16)], 4: [(1, 4), (4, 21), (21, 17), (17, 12), (12, 14), (14, 11)]}, padri: [11, 20, 21], figli: [13, 13], mosse: [(4, 4, 21, 17, 15), (2, 2, 15, 9, 7), (2, 2, 15, 9, 7)]
15 -> costo: 91691.8, rotte: {3: [(1, 13), (13, 10), (10, 2), (2, 5), (5, 3), (3, 6), (6, 8), (8, 19), (19, 20)], 2: [(1, 18), (18, 9), (9, 7), (7, 15), (15, 19), (19, 16)], 4: [(1, 4), (4, 17), (17, 21), (21, 12), (12, 14), (14, 11)]}, padri: [10, 10], figli: [12, 16, 17, 18], mosse: [(3, 3, 8, 19, 2), (3, 3, 19, 20, 18)]
16 -> costo: 91478.49999999999, rotte: {3: [(1, 13), (13, 10), (10, 2), (2, 5), (5, 3), (3, 6), (6, 8), (8, 19), (19, 20)], 2: [(1, 18), (18, 7), (7, 9), (9, 15), (15, 19), (19, 16)], 4: [(1, 4), (4, 17), (17, 21), (21, 12), (12, 14), (14, 11)]}, padri: [15, 19, 19], figli: [12, 17], mosse: [(2, 2, 7, 9, 7), (3, 3, 8, 19, 2), (3, 3, 19, 20, 18)]
17 -> costo: 91467.99999999999, rotte: {3: [(1, 13), (13, 10), (10, 2), (2, 5), (5, 3), (3, 6), (6, 8), (8, 19), (19, 20)], 2: [(1, 18), (18, 7), (7, 9), (9, 15), (15, 19), (19, 16)], 4: [(1, 4), (4, 21), (21, 17), (17, 12), (12, 14), (14, 11)]}, padri: [16, 18, 20, 20], figli: [13], mosse: [(4, 4, 21, 17, 15), (2, 2, 7, 9, 7), (3, 3, 8, 19, 2), (3, 3, 19, 20, 18)]
18 -> costo: 91681.29999999999, rotte: {3: [(1, 13), (13, 10), (10, 2), (2, 5), (5, 3), (3, 6), (6, 8), (8, 19), (19, 20)], 2: [(1, 18), (18, 9), (9, 7), (7, 15), (15, 19), (19, 16)], 4: [(1, 4), (4, 21), (21, 17), (17, 12), (12, 14), (14, 11)]}, padri: [15], figli: [13, 17], mosse: [(4, 4, 21, 17, 15)]
19 -> costo: 91914.29999999999, rotte: {3: [(1, 13), (13, 10), (10, 2), (2, 5), (5, 3), (3, 6), (6, 8), (8, 20), (20, 19)], 2: [(1, 18), (18, 7), (7, 9), (9, 15), (15, 19), (19, 16)], 4: [(1, 4), (4, 17), (17, 21), (21, 12), (12, 14), (14, 11)]}, padri: [10], figli: [16, 16, 11, 20], mosse: [(2, 2, 7, 9, 7)]
20 -> costo: 91903.79999999997, rotte: {3: [(1, 13), (13, 10), (10, 2), (2, 5), (5, 3), (3, 6), (6, 8), (8, 20), (20, 19)], 2: [(1, 18), (18, 7), (7, 9), (9, 15), (15, 19), (19, 16)], 4: [(1, 4), (4, 21), (21, 17), (17, 12), (12, 14), (14, 11)]}, padri: [19], figli: [17, 17, 14], mosse: [(4, 4, 21, 17, 15)]
21 -> costo: 92117.09999999999, rotte: {3: [(1, 13), (13, 10), (10, 2), (2, 5), (5, 3), (3, 6), (6, 8), (8, 20), (20, 19)], 2: [(1, 18), (18, 9), (9, 7), (7, 15), (15, 19), (19, 16)], 4: [(1, 4), (4, 21), (21, 17), (17, 12), (12, 14), (14, 11)]}, padri: [10], figli: [14], mosse: [(4, 4, 21, 17, 15)]
bestSolutionIndice: 13
13 -> costo: 91043.39999999998, rotte: {3: [(1, 13), (13, 10), (10, 2), (2, 5), (5, 3), (3, 6), (6, 8), (8, 19), (19, 20)], 2: [(1, 18), (18, 7), (7, 15), (15, 9), (9, 19), (19, 16)], 4: [(1, 4), (4, 21), (21, 17), (17, 12), (12, 14), (14, 11)]}, padri: [12, 14, 14, 17, 18], figli: [], mosse: [(4, 4, 21, 17, 15), (3, 3, 8, 19, 2), (3, 3, 19, 20, 18), (2, 2, 15, 9, 7), (2, 2, 15, 9, 7)]
trasportoPalletDiGamma: {3: [(13, 11), (10, 8), (2, 12), (5, 3), (3, 1), (6, 4), (8, 6), (19, 2), (20, 18)], 2: [(18, 16), (7, 5), (15, 13), (9, 7), (19, 15), (16, 14)], 4: [(4, 2), (21, 19), (17, 15), (12, 10), (14, 12), (11, 9)]}
itMosseLS: 37, itMosseTS: 25
time elapsed: 1483.67s.


##########################################################################################
s: 1
dictSolutions[1]:
0 -> costo: 144019.79999999996, rotte: {4: [(1, 10), (10, 2), (2, 15), (15, 11), (11, 5), (5, 8), (8, 9), (9, 13)], 3: [(1, 12), (12, 4), (4, 16), (16, 7), (7, 18), (18, 20), (20, 13)], 2: [(1, 14), (14, 6), (6, 17), (17, 19), (19, 21), (21, 3), (3, 13)]}, padri: [-1], figli: [1], mosse: [-1]
1 -> costo: 116131.39999999997, rotte: {4: [(1, 10), (10, 2), (2, 15), (15, 5), (5, 8), (8, 9), (9, 13), (13, 11)], 3: [(1, 12), (12, 4), (4, 16), (16, 7), (7, 18), (18, 20), (20, 13)], 2: [(1, 14), (14, 6), (6, 17), (17, 19), (19, 21), (21, 3), (3, 13)]}, padri: [0], figli: [2], mosse: [(4, 4, 13, 11, 9)]
2 -> costo: 110642.19999999997, rotte: {4: [(1, 10), (10, 2), (2, 15), (15, 5), (5, 8), (8, 9), (9, 13), (13, 11)], 3: [(1, 4), (4, 16), (16, 12), (12, 7), (7, 18), (18, 20), (20, 13)], 2: [(1, 14), (14, 6), (6, 17), (17, 19), (19, 21), (21, 3), (3, 13)]}, padri: [1], figli: [3], mosse: [(3, 3, 16, 12, 10)]
3 -> costo: 105298.19999999997, rotte: {4: [(1, 10), (10, 2), (2, 15), (15, 5), (5, 8), (8, 9), (9, 13), (13, 11)], 3: [(1, 4), (4, 16), (16, 12), (12, 7), (7, 18), (18, 20)], 2: [(1, 14), (14, 6), (6, 17), (17, 19), (19, 21), (21, 3), (3, 13)]}, padri: [2], figli: [4], mosse: [(4, 3, 1, 13, 5)]
4 -> costo: 100078.19999999997, rotte: {4: [(1, 10), (10, 2), (2, 5), (5, 8), (8, 9), (9, 15), (15, 13), (13, 11)], 3: [(1, 4), (4, 16), (16, 12), (12, 7), (7, 18), (18, 20)], 2: [(1, 14), (14, 6), (6, 17), (17, 19), (19, 21), (21, 3), (3, 13)]}, padri: [3], figli: [5], mosse: [(4, 4, 9, 15, 13)]
5 -> costo: 95844.69999999998, rotte: {4: [(1, 10), (10, 2), (2, 5), (5, 8), (8, 9), (9, 15), (15, 13), (13, 11)], 3: [(1, 4), (4, 12), (12, 7), (7, 18), (18, 20), (20, 16)], 2: [(1, 14), (14, 6), (6, 17), (17, 19), (19, 21), (21, 3), (3, 13)]}, padri: [4], figli: [6], mosse: [(3, 3, 20, 16, 14)]
6 -> costo: 93278.59999999998, rotte: {4: [(1, 2), (2, 5), (5, 8), (8, 9), (9, 15), (15, 13), (13, 10), (10, 11)], 3: [(1, 4), (4, 12), (12, 7), (7, 18), (18, 20), (20, 16)], 2: [(1, 14), (14, 6), (6, 17), (17, 19), (19, 21), (21, 3), (3, 13)]}, padri: [5], figli: [7], mosse: [(4, 4, 13, 10, 8)]
7 -> costo: 92154.39999999998, rotte: {4: [(1, 2), (2, 5), (5, 8), (8, 9), (9, 15), (15, 13), (13, 10), (10, 11)], 3: [(1, 4), (4, 12), (12, 7), (7, 18), (18, 20), (20, 16)], 2: [(1, 14), (14, 6), (6, 17), (17, 19), (19, 21), (21, 3)]}, padri: [6], figli: [8], mosse: [(4, 2, 1, 13, 2)]
8 -> costo: 87645.79999999999, rotte: {4: [(1, 2), (2, 5), (5, 8), (8, 9), (9, 15), (15, 13), (13, 10), (10, 11)], 3: [(1, 4), (4, 12), (12, 7), (7, 18), (18, 20), (20, 16)], 2: [(1, 3), (3, 14), (14, 6), (6, 17), (17, 19), (19, 21)]}, padri: [7], figli: [9], mosse: [(2, 2, 1, 3, 1)]
9 -> costo: 85641.4, rotte: {4: [(1, 2), (2, 5), (5, 8), (8, 9), (9, 15), (15, 13), (13, 10), (10, 11)], 3: [(1, 4), (4, 12), (12, 7), (7, 18), (18, 20), (20, 16)], 2: [(1, 3), (3, 14), (14, 6), (6, 19), (19, 21), (21, 17)]}, padri: [8], figli: [10, 20, 24], mosse: [(2, 2, 21, 17, 15)]
10 -> costo: 84560.09999999999, rotte: {4: [(1, 2), (2, 5), (5, 9), (9, 8), (8, 15), (15, 13), (13, 10), (10, 11)], 3: [(1, 4), (4, 12), (12, 7), (7, 18), (18, 20), (20, 16)], 2: [(1, 3), (3, 14), (14, 6), (6, 19), (19, 21), (21, 17)]}, padri: [9], figli: [11, 13, 19, 21], mosse: [(4, 4, 9, 8, 6)]
11 -> costo: 84200.59999999998, rotte: {4: [(1, 2), (2, 5), (5, 9), (9, 8), (8, 15), (15, 13), (13, 10), (10, 11)], 3: [(1, 4), (4, 7), (7, 12), (12, 18), (18, 20), (20, 16)], 2: [(1, 3), (3, 14), (14, 6), (6, 19), (19, 21), (21, 17)]}, padri: [10, 13, 20], figli: [12], mosse: [(3, 3, 7, 12, 10), (3, 3, 12, 18, 16), (4, 4, 9, 8, 6)]
12 -> costo: 84087.29999999997, rotte: {4: [(1, 2), (2, 5), (5, 9), (9, 8), (8, 15), (15, 13), (13, 10), (10, 11)], 3: [(1, 4), (4, 3), (3, 7), (7, 12), (12, 18), (18, 20), (20, 16)], 2: [(1, 14), (14, 6), (6, 19), (19, 21), (21, 17)]}, padri: [11, 16, 19, 23], figli: [], mosse: [(3, 2, 4, 3, 1), (3, 3, 12, 18, 16), (3, 3, 7, 12, 10), (4, 4, 9, 8, 6)]
13 -> costo: 84286.49999999999, rotte: {4: [(1, 2), (2, 5), (5, 9), (9, 8), (8, 15), (15, 13), (13, 10), (10, 11)], 3: [(1, 4), (4, 7), (7, 18), (18, 12), (12, 20), (20, 16)], 2: [(1, 3), (3, 14), (14, 6), (6, 19), (19, 21), (21, 17)]}, padri: [10], figli: [14, 15, 16, 11, 21, 26], mosse: [(3, 3, 18, 12, 10)]
14 -> costo: 82694.89999999998, rotte: {4: [(1, 2), (2, 5), (5, 9), (9, 8), (8, 15), (15, 13), (13, 10), (10, 11)], 3: [(1, 4), (4, 18), (18, 7), (7, 12), (12, 20), (20, 16)], 2: [(1, 3), (3, 14), (14, 6), (6, 19), (19, 21), (21, 17)]}, padri: [13, 15, 25], figli: [], mosse: [(3, 3, 18, 7, 5), (3, 3, 7, 12, 10), (4, 4, 9, 8, 6)]
15 -> costo: 83413.89999999998, rotte: {4: [(1, 2), (2, 5), (5, 9), (9, 8), (8, 15), (15, 13), (13, 10), (10, 11)], 3: [(1, 4), (4, 18), (18, 12), (12, 7), (7, 20), (20, 16)], 2: [(1, 3), (3, 14), (14, 6), (6, 19), (19, 21), (21, 17)]}, padri: [13], figli: [14, 26], mosse: [(3, 3, 12, 7, 5)]
16 -> costo: 84173.19999999998, rotte: {4: [(1, 2), (2, 5), (5, 9), (9, 8), (8, 15), (15, 13), (13, 10), (10, 11)], 3: [(1, 4), (4, 3), (3, 7), (7, 18), (18, 12), (12, 20), (20, 16)], 2: [(1, 14), (14, 6), (6, 19), (19, 21), (21, 17)]}, padri: [13, 19], figli: [17, 18, 12], mosse: [(3, 2, 4, 3, 1), (3, 3, 18, 12, 10)]
17 -> costo: 83157.59999999998, rotte: {4: [(1, 2), (2, 5), (5, 9), (9, 8), (8, 15), (15, 13), (13, 10), (10, 11)], 3: [(1, 4), (4, 3), (3, 18), (18, 7), (7, 12), (12, 20), (20, 16)], 2: [(1, 14), (14, 6), (6, 19), (19, 21), (21, 17)]}, padri: [16, 18], figli: [], mosse: [(3, 3, 18, 7, 5), (3, 3, 7, 12, 10)]
18 -> costo: 83876.59999999998, rotte: {4: [(1, 2), (2, 5), (5, 9), (9, 8), (8, 15), (15, 13), (13, 10), (10, 11)], 3: [(1, 4), (4, 3), (3, 18), (18, 12), (12, 7), (7, 20), (20, 16)], 2: [(1, 14), (14, 6), (6, 19), (19, 21), (21, 17)]}, padri: [16], figli: [17], mosse: [(3, 3, 12, 7, 5)]
19 -> costo: 84446.79999999999, rotte: {4: [(1, 2), (2, 5), (5, 9), (9, 8), (8, 15), (15, 13), (13, 10), (10, 11)], 3: [(1, 4), (4, 3), (3, 12), (12, 7), (7, 18), (18, 20), (20, 16)], 2: [(1, 14), (14, 6), (6, 19), (19, 21), (21, 17)]}, padri: [10], figli: [12, 16], mosse: [(3, 2, 4, 3, 1)]
20 -> costo: 85281.89999999998, rotte: {4: [(1, 2), (2, 5), (5, 8), (8, 9), (9, 15), (15, 13), (13, 10), (10, 11)], 3: [(1, 4), (4, 7), (7, 12), (12, 18), (18, 20), (20, 16)], 2: [(1, 3), (3, 14), (14, 6), (6, 19), (19, 21), (21, 17)]}, padri: [9], figli: [11, 21, 23], mosse: [(3, 3, 7, 12, 10)]
21 -> costo: 85168.59999999998, rotte: {4: [(1, 2), (2, 5), (5, 3), (3, 8), (8, 9), (9, 15), (15, 13), (13, 10), (10, 11)], 3: [(1, 4), (4, 7), (7, 12), (12, 18), (18, 20), (20, 16)], 2: [(1, 14), (14, 6), (6, 19), (19, 21), (21, 17)]}, padri: [20], figli: [22], mosse: [(4, 2, 5, 3, 1)]
22 -> costo: 84217.29999999997, rotte: {4: [(1, 2), (2, 5), (5, 3), (3, 9), (9, 8), (8, 15), (15, 13), (13, 10), (10, 11)], 3: [(1, 4), (4, 7), (7, 12), (12, 18), (18, 20), (20, 16)], 2: [(1, 14), (14, 6), (6, 19), (19, 21), (21, 17)]}, padri: [21], figli: [], mosse: [(4, 4, 9, 8, 6)]
23 -> costo: 85168.59999999998, rotte: {4: [(1, 2), (2, 5), (5, 8), (8, 9), (9, 15), (15, 13), (13, 10), (10, 11)], 3: [(1, 4), (4, 3), (3, 7), (7, 12), (12, 18), (18, 20), (20, 16)], 2: [(1, 14), (14, 6), (6, 19), (19, 21), (21, 17)]}, padri: [20], figli: [12], mosse: [(3, 2, 4, 3, 1)]
24 -> costo: 85367.79999999997, rotte: {4: [(1, 2), (2, 5), (5, 8), (8, 9), (9, 15), (15, 13), (13, 10), (10, 11)], 3: [(1, 4), (4, 7), (7, 18), (18, 12), (12, 20), (20, 16)], 2: [(1, 3), (3, 14), (14, 6), (6, 19), (19, 21), (21, 17)]}, padri: [9], figli: [25], mosse: [(3, 3, 18, 12, 10)]
25 -> costo: 83776.19999999997, rotte: {4: [(1, 2), (2, 5), (5, 8), (8, 9), (9, 15), (15, 13), (13, 10), (10, 11)], 3: [(1, 4), (4, 18), (18, 7), (7, 12), (12, 20), (20, 16)], 2: [(1, 3), (3, 14), (14, 6), (6, 19), (19, 21), (21, 17)]}, padri: [24], figli: [14, 26], mosse: [(3, 3, 18, 7, 5)]
26 -> costo: 83662.89999999998, rotte: {4: [(1, 2), (2, 5), (5, 3), (3, 8), (8, 9), (9, 15), (15, 13), (13, 10), (10, 11)], 3: [(1, 4), (4, 18), (18, 7), (7, 12), (12, 20), (20, 16)], 2: [(1, 14), (14, 6), (6, 19), (19, 21), (21, 17)]}, padri: [25], figli: [27], mosse: [(4, 2, 5, 3, 1)]
27 -> costo: 82711.59999999998, rotte: {4: [(1, 2), (2, 5), (5, 3), (3, 9), (9, 8), (8, 15), (15, 13), (13, 10), (10, 11)], 3: [(1, 4), (4, 18), (18, 7), (7, 12), (12, 20), (20, 16)], 2: [(1, 14), (14, 6), (6, 19), (19, 21), (21, 17)]}, padri: [26], figli: [], mosse: [(4, 4, 9, 8, 6)]
bestSolutionIndice: 14
14 -> costo: 82694.89999999998, rotte: {4: [(1, 2), (2, 5), (5, 9), (9, 8), (8, 15), (15, 13), (13, 10), (10, 11)], 3: [(1, 4), (4, 18), (18, 7), (7, 12), (12, 20), (20, 16)], 2: [(1, 3), (3, 14), (14, 6), (6, 19), (19, 21), (21, 17)]}, padri: [13, 15, 25], figli: [], mosse: [(3, 3, 18, 7, 5), (3, 3, 7, 12, 10), (4, 4, 9, 8, 6)]
trasportoPalletDiGamma: {4: [(2, 12), (5, 3), (9, 7), (8, 6), (15, 13), (13, 11), (10, 8), (11, 9)], 3: [(4, 2), (18, 16), (7, 5), (12, 10), (20, 18), (16, 14)], 2: [(3, 1), (14, 12), (6, 4), (19, 17), (21, 19), (17, 15)]}
itMosseLS: 36, itMosseTS: 25
time elapsed: 886.28s.


##########################################################################################
s: 1
dictSolutions[1]:
0 -> costo: 150476.00000000006, rotte: {3: [(1, 18), (18, 8), (8, 14), (14, 7), (7, 11), (11, 19), (19, 2)], 2: [(1, 6), (6, 16), (16, 9), (9, 21), (21, 5), (5, 17), (17, 10)], 4: [(1, 3), (3, 15), (15, 4), (4, 13), (13, 20), (20, 12), (12, 2)]}, padri: [-1], figli: [1], mosse: [-1]
1 -> costo: 120971.60000000002, rotte: {3: [(1, 18), (18, 8), (8, 14), (14, 7), (7, 19), (19, 2), (2, 11)], 2: [(1, 6), (6, 16), (16, 9), (9, 21), (21, 5), (5, 17), (17, 10)], 4: [(1, 3), (3, 15), (15, 4), (4, 13), (13, 20), (20, 12), (12, 2)]}, padri: [0], figli: [2], mosse: [(3, 3, 2, 11, 9)]
2 -> costo: 113902.5, rotte: {3: [(1, 18), (18, 8), (8, 14), (14, 7), (7, 19), (19, 2), (2, 11)], 2: [(1, 6), (6, 9), (9, 21), (21, 5), (5, 17), (17, 16), (16, 10)], 4: [(1, 3), (3, 15), (15, 4), (4, 13), (13, 20), (20, 12), (12, 2)]}, padri: [1], figli: [3], mosse: [(2, 2, 17, 16, 14)]
3 -> costo: 107809.0, rotte: {3: [(1, 18), (18, 8), (8, 14), (14, 7), (7, 19), (19, 2), (2, 11)], 2: [(1, 10), (10, 6), (6, 9), (9, 21), (21, 5), (5, 17), (17, 16)], 4: [(1, 3), (3, 15), (15, 4), (4, 13), (13, 20), (20, 12), (12, 2)]}, padri: [2], figli: [4], mosse: [(2, 2, 1, 10, 8)]
4 -> costo: 102999.19999999998, rotte: {3: [(1, 18), (18, 8), (8, 14), (14, 7), (7, 19), (19, 2), (2, 11)], 2: [(1, 10), (10, 6), (6, 9), (9, 21), (21, 5), (5, 17), (17, 16)], 4: [(1, 3), (3, 4), (4, 13), (13, 15), (15, 20), (20, 12), (12, 2)]}, padri: [3], figli: [5], mosse: [(4, 4, 13, 15, 13)]
5 -> costo: 99337.79999999999, rotte: {3: [(1, 18), (18, 8), (8, 14), (14, 7), (7, 19), (19, 2), (2, 11)], 2: [(1, 10), (10, 6), (6, 9), (9, 21), (21, 5), (5, 17), (17, 16)], 4: [(1, 3), (3, 2), (2, 4), (4, 13), (13, 15), (15, 20), (20, 12)]}, padri: [4], figli: [6], mosse: [(4, 4, 3, 2, 7)]
6 -> costo: 96728.3, rotte: {3: [(1, 18), (18, 8), (8, 14), (14, 7), (7, 19), (19, 2), (2, 11)], 2: [(1, 10), (10, 6), (6, 9), (9, 21), (21, 5), (5, 17), (17, 16)], 4: [(1, 3), (3, 2), (2, 4), (4, 13), (13, 15), (15, 12), (12, 20)]}, padri: [5], figli: [7], mosse: [(4, 4, 15, 12, 10)]
7 -> costo: 94270.09999999999, rotte: {3: [(1, 18), (18, 8), (8, 14), (14, 7), (7, 19), (19, 2), (2, 11)], 2: [(1, 10), (10, 6), (6, 9), (9, 5), (5, 21), (21, 17), (17, 16)], 4: [(1, 3), (3, 2), (2, 4), (4, 13), (13, 15), (15, 12), (12, 20)]}, padri: [6], figli: [8], mosse: [(2, 2, 5, 21, 19)]
8 -> costo: 92586.1, rotte: {3: [(1, 18), (18, 8), (8, 14), (14, 7), (7, 19), (19, 2), (2, 11)], 2: [(1, 10), (10, 6), (6, 5), (5, 9), (9, 21), (21, 17), (17, 16)], 4: [(1, 3), (3, 2), (2, 4), (4, 13), (13, 15), (15, 12), (12, 20)]}, padri: [7], figli: [9], mosse: [(2, 2, 5, 9, 7)]
9 -> costo: 91304.3, rotte: {3: [(1, 18), (18, 8), (8, 14), (14, 7), (7, 19), (19, 11)], 2: [(1, 10), (10, 6), (6, 5), (5, 9), (9, 21), (21, 17), (17, 16)], 4: [(1, 3), (3, 2), (2, 4), (4, 13), (13, 15), (15, 12), (12, 20)]}, padri: [8], figli: [10], mosse: [(4, 3, 1, 2, 5)]
10 -> costo: 89456.5, rotte: {3: [(1, 18), (18, 8), (8, 7), (7, 19), (19, 14), (14, 11)], 2: [(1, 10), (10, 6), (6, 5), (5, 9), (9, 21), (21, 17), (17, 16)], 4: [(1, 3), (3, 2), (2, 4), (4, 13), (13, 15), (15, 12), (12, 20)]}, padri: [9], figli: [11], mosse: [(3, 3, 19, 14, 12)]
11 -> costo: 88312.6, rotte: {3: [(1, 18), (18, 7), (7, 19), (19, 8), (8, 14), (14, 11)], 2: [(1, 10), (10, 6), (6, 5), (5, 9), (9, 21), (21, 17), (17, 16)], 4: [(1, 3), (3, 2), (2, 4), (4, 13), (13, 15), (15, 12), (12, 20)]}, padri: [10], figli: [12], mosse: [(3, 3, 19, 8, 6)]
12 -> costo: 87617.50000000001, rotte: {3: [(1, 18), (18, 19), (19, 8), (8, 7), (7, 14), (14, 11)], 2: [(1, 10), (10, 6), (6, 5), (5, 9), (9, 21), (21, 17), (17, 16)], 4: [(1, 3), (3, 2), (2, 4), (4, 13), (13, 15), (15, 12), (12, 20)]}, padri: [11], figli: [13], mosse: [(3, 3, 8, 7, 5)]
13 -> costo: 86993.5, rotte: {3: [(1, 18), (18, 19), (19, 8), (8, 7), (7, 14), (14, 11)], 2: [(1, 10), (10, 5), (5, 6), (6, 9), (9, 21), (21, 17), (17, 16)], 4: [(1, 3), (3, 2), (2, 4), (4, 13), (13, 15), (15, 12), (12, 20)]}, padri: [12], figli: [14], mosse: [(2, 2, 5, 6, 4)]
14 -> costo: 86404.8, rotte: {3: [(1, 18), (18, 19), (19, 8), (8, 7), (7, 14), (14, 11)], 2: [(1, 5), (5, 10), (10, 6), (6, 9), (9, 21), (21, 17), (17, 16)], 4: [(1, 3), (3, 2), (2, 4), (4, 13), (13, 15), (15, 12), (12, 20)]}, padri: [13], figli: [15, 21], mosse: [(2, 2, 5, 10, 8)]
15 -> costo: 84771.50000000001, rotte: {3: [(1, 18), (18, 19), (19, 8), (8, 7), (7, 14), (14, 11)], 2: [(1, 10), (10, 6), (6, 9), (9, 21), (21, 17), (17, 16)], 4: [(1, 3), (3, 2), (2, 5), (5, 4), (4, 13), (13, 15), (15, 12), (12, 20)]}, padri: [14], figli: [16, 16, 16, 19, 19, 19, 20], mosse: [(4, 2, 2, 5, 3)]
16 -> costo: 84237.40000000002, rotte: {3: [(1, 18), (18, 19), (19, 8), (8, 7), (7, 14), (14, 11)], 2: [(1, 10), (10, 6), (6, 9), (9, 21), (21, 16), (16, 17)], 4: [(1, 3), (3, 2), (2, 5), (5, 4), (4, 13), (13, 15), (15, 12), (12, 20)]}, padri: [15, 15, 15], figli: [17, 18], mosse: [(2, 2, 17, 16), (2, 2, 21, 16, 14), (2, 2, 16, 17, 15)]
17 -> costo: 84139.6, rotte: {3: [(1, 3), (3, 18), (18, 19), (19, 8), (8, 7), (7, 14), (14, 11)], 2: [(1, 10), (10, 6), (6, 9), (9, 21), (21, 16), (16, 17)], 4: [(1, 2), (2, 5), (5, 4), (4, 13), (13, 15), (15, 12), (12, 20)]}, padri: [16, 19, 19, 19], figli: [], mosse: [(3, 4, 1, 3, 1), (2, 2, 17, 16), (2, 2, 21, 16, 14), (2, 2, 16, 17, 15)]
18 -> costo: 84162.50000000001, rotte: {3: [(1, 18), (18, 19), (19, 8), (8, 7), (7, 14), (14, 11)], 2: [(1, 10), (10, 6), (6, 9), (9, 21), (21, 16), (16, 17)], 4: [(1, 2), (2, 5), (5, 4), (4, 3), (3, 13), (13, 15), (15, 12), (12, 20)]}, padri: [16, 20, 20, 20], figli: [], mosse: [(4, 4, 4, 3, 1), (2, 2, 17, 16), (2, 2, 21, 16, 14), (2, 2, 16, 17, 15)]
19 -> costo: 84673.70000000001, rotte: {3: [(1, 3), (3, 18), (18, 19), (19, 8), (8, 7), (7, 14), (14, 11)], 2: [(1, 10), (10, 6), (6, 9), (9, 21), (21, 17), (17, 16)], 4: [(1, 2), (2, 5), (5, 4), (4, 13), (13, 15), (15, 12), (12, 20)]}, padri: [15], figli: [17, 17, 17], mosse: [(3, 4, 1, 3, 1)]
20 -> costo: 84696.6, rotte: {3: [(1, 18), (18, 19), (19, 8), (8, 7), (7, 14), (14, 11)], 2: [(1, 10), (10, 6), (6, 9), (9, 21), (21, 17), (17, 16)], 4: [(1, 2), (2, 5), (5, 4), (4, 3), (3, 13), (13, 15), (15, 12), (12, 20)]}, padri: [15], figli: [18, 18, 18], mosse: [(4, 4, 4, 3, 1)]
21 -> costo: 84771.5, rotte: {3: [(1, 18), (18, 19), (19, 8), (8, 7), (7, 14), (14, 11)], 2: [(1, 10), (10, 6), (6, 9), (9, 21), (21, 17), (17, 16)], 4: [(1, 3), (3, 5), (5, 2), (2, 4), (4, 13), (13, 15), (15, 12), (12, 20)]}, padri: [14], figli: [22, 22, 22, 25, 25, 25, 29], mosse: [(4, 2, 3, 5, 3)]
22 -> costo: 84237.40000000001, rotte: {3: [(1, 18), (18, 19), (19, 8), (8, 7), (7, 14), (14, 11)], 2: [(1, 10), (10, 6), (6, 9), (9, 21), (21, 16), (16, 17)], 4: [(1, 3), (3, 5), (5, 2), (2, 4), (4, 13), (13, 15), (15, 12), (12, 20)]}, padri: [21, 21, 21], figli: [23, 24], mosse: [(2, 2, 17, 16), (2, 2, 21, 16, 14), (2, 2, 16, 17, 15)]
23 -> costo: 84139.6, rotte: {3: [(1, 3), (3, 18), (18, 19), (19, 8), (8, 7), (7, 14), (14, 11)], 2: [(1, 10), (10, 6), (6, 9), (9, 21), (21, 16), (16, 17)], 4: [(1, 5), (5, 2), (2, 4), (4, 13), (13, 15), (15, 12), (12, 20)]}, padri: [22], figli: [], mosse: [(3, 4, 1, 3, 1)]
24 -> costo: 84162.50000000001, rotte: {3: [(1, 18), (18, 19), (19, 8), (8, 7), (7, 14), (14, 11)], 2: [(1, 10), (10, 6), (6, 9), (9, 21), (21, 16), (16, 17)], 4: [(1, 5), (5, 2), (2, 4), (4, 3), (3, 13), (13, 15), (15, 12), (12, 20)]}, padri: [22], figli: [], mosse: [(4, 4, 4, 3, 1)]
25 -> costo: 84673.7, rotte: {3: [(1, 3), (3, 18), (18, 19), (19, 8), (8, 7), (7, 14), (14, 11)], 2: [(1, 10), (10, 6), (6, 9), (9, 21), (21, 17), (17, 16)], 4: [(1, 5), (5, 2), (2, 4), (4, 13), (13, 15), (15, 12), (12, 20)]}, padri: [21], figli: [26, 27, 28], mosse: [(3, 4, 1, 3, 1)]
26 -> costo: 84139.6, rotte: {3: [(1, 3), (3, 18), (18, 19), (19, 8), (8, 7), (7, 14), (14, 11)], 2: [(1, 10), (10, 6), (6, 9), (9, 21), (21, 16), (16, 17)], 4: [(1, 5), (5, 2), (2, 4), (4, 13), (13, 15), (15, 12), (12, 20)]}, padri: [25], figli: [], mosse: [(2, 2, 17, 16)]
27 -> costo: 84139.6, rotte: {3: [(1, 3), (3, 18), (18, 19), (19, 8), (8, 7), (7, 14), (14, 11)], 2: [(1, 10), (10, 6), (6, 9), (9, 21), (21, 16), (16, 17)], 4: [(1, 5), (5, 2), (2, 4), (4, 13), (13, 15), (15, 12), (12, 20)]}, padri: [25], figli: [], mosse: [(2, 2, 21, 16, 14)]
28 -> costo: 84139.6, rotte: {3: [(1, 3), (3, 18), (18, 19), (19, 8), (8, 7), (7, 14), (14, 11)], 2: [(1, 10), (10, 6), (6, 9), (9, 21), (21, 16), (16, 17)], 4: [(1, 5), (5, 2), (2, 4), (4, 13), (13, 15), (15, 12), (12, 20)]}, padri: [25], figli: [], mosse: [(2, 2, 16, 17, 15)]
29 -> costo: 84696.6, rotte: {3: [(1, 18), (18, 19), (19, 8), (8, 7), (7, 14), (14, 11)], 2: [(1, 10), (10, 6), (6, 9), (9, 21), (21, 17), (17, 16)], 4: [(1, 5), (5, 2), (2, 4), (4, 3), (3, 13), (13, 15), (15, 12), (12, 20)]}, padri: [21], figli: [30, 31, 32], mosse: [(4, 4, 4, 3, 1)]
30 -> costo: 84162.50000000001, rotte: {3: [(1, 18), (18, 19), (19, 8), (8, 7), (7, 14), (14, 11)], 2: [(1, 10), (10, 6), (6, 9), (9, 21), (21, 16), (16, 17)], 4: [(1, 5), (5, 2), (2, 4), (4, 3), (3, 13), (13, 15), (15, 12), (12, 20)]}, padri: [29], figli: [], mosse: [(2, 2, 17, 16)]
31 -> costo: 84162.50000000001, rotte: {3: [(1, 18), (18, 19), (19, 8), (8, 7), (7, 14), (14, 11)], 2: [(1, 10), (10, 6), (6, 9), (9, 21), (21, 16), (16, 17)], 4: [(1, 5), (5, 2), (2, 4), (4, 3), (3, 13), (13, 15), (15, 12), (12, 20)]}, padri: [29], figli: [], mosse: [(2, 2, 21, 16, 14)]
32 -> costo: 84162.50000000001, rotte: {3: [(1, 18), (18, 19), (19, 8), (8, 7), (7, 14), (14, 11)], 2: [(1, 10), (10, 6), (6, 9), (9, 21), (21, 16), (16, 17)], 4: [(1, 5), (5, 2), (2, 4), (4, 3), (3, 13), (13, 15), (15, 12), (12, 20)]}, padri: [29], figli: [], mosse: [(2, 2, 16, 17, 15)]
bestSolutionIndice: 17
17 -> costo: 84139.6, rotte: {3: [(1, 3), (3, 18), (18, 19), (19, 8), (8, 7), (7, 14), (14, 11)], 2: [(1, 10), (10, 6), (6, 9), (9, 21), (21, 16), (16, 17)], 4: [(1, 2), (2, 5), (5, 4), (4, 13), (13, 15), (15, 12), (12, 20)]}, padri: [16, 19, 19, 19], figli: [], mosse: [(3, 4, 1, 3, 1), (2, 2, 17, 16), (2, 2, 21, 16, 14), (2, 2, 16, 17, 15)]
trasportoPalletDiGamma: {3: [(3, 1), (18, 16), (19, 17), (8, 6), (7, 5), (14, 12), (11, 9)], 2: [(10, 8), (6, 4), (9, 7), (21, 19), (16, 14), (17, 15)], 4: [(2, 12), (5, 3), (4, 2), (13, 11), (15, 13), (12, 10), (20, 18)]}
itMosseLS: 42, itMosseTS: 25
time elapsed: 916.05s.


##########################################################################################
s: 1
dictSolutions[1]:
0 -> costo: 144413.0, rotte: {3: [(1, 19), (19, 16), (16, 2), (2, 21), (21, 8), (8, 14)], 2: [(1, 5), (5, 10), (10, 12), (12, 18), (18, 3), (3, 13), (13, 6), (6, 14)], 4: [(1, 17), (17, 4), (4, 15), (15, 9), (9, 20), (20, 11), (11, 7)]}, padri: [-1], figli: [1], mosse: [-1]
1 -> costo: 115452.40000000001, rotte: {3: [(1, 19), (19, 16), (16, 2), (2, 21), (21, 8), (8, 14)], 2: [(1, 5), (5, 10), (10, 12), (12, 18), (18, 3), (3, 13), (13, 6), (6, 14)], 4: [(1, 17), (17, 4), (4, 15), (15, 9), (9, 20), (20, 7), (7, 11)]}, padri: [0], figli: [2], mosse: [(4, 4, 20, 7, 5)]
2 -> costo: 107478.6, rotte: {3: [(1, 19), (19, 16), (16, 2), (2, 21), (21, 8), (8, 14)], 2: [(1, 5), (5, 10), (10, 12), (12, 18), (18, 3), (3, 13), (13, 6), (6, 14)], 4: [(1, 4), (4, 15), (15, 9), (9, 17), (17, 20), (20, 7), (7, 11)]}, padri: [1], figli: [3], mosse: [(4, 4, 9, 17, 15)]
3 -> costo: 103614.0, rotte: {3: [(1, 19), (19, 16), (16, 21), (21, 8), (8, 14), (14, 2)], 2: [(1, 5), (5, 10), (10, 12), (12, 18), (18, 3), (3, 13), (13, 6), (6, 14)], 4: [(1, 4), (4, 15), (15, 9), (9, 17), (17, 20), (20, 7), (7, 11)]}, padri: [2], figli: [4], mosse: [(3, 3, 14, 2, 12)]
4 -> costo: 100494.5, rotte: {3: [(1, 2), (2, 19), (19, 16), (16, 21), (21, 8), (8, 14)], 2: [(1, 5), (5, 10), (10, 12), (12, 18), (18, 3), (3, 13), (13, 6), (6, 14)], 4: [(1, 4), (4, 15), (15, 9), (9, 17), (17, 20), (20, 7), (7, 11)]}, padri: [3], figli: [5], mosse: [(3, 3, 1, 2, 12)]
5 -> costo: 98164.70000000001, rotte: {3: [(1, 2), (2, 19), (19, 16), (16, 21), (21, 8), (8, 14)], 2: [(1, 5), (5, 12), (12, 18), (18, 3), (3, 10), (10, 13), (13, 6), (6, 14)], 4: [(1, 4), (4, 15), (15, 9), (9, 17), (17, 20), (20, 7), (7, 11)]}, padri: [4], figli: [6], mosse: [(2, 2, 3, 10, 8)]
6 -> costo: 96079.0, rotte: {3: [(1, 2), (2, 19), (19, 16), (16, 21), (21, 8)], 2: [(1, 5), (5, 12), (12, 18), (18, 3), (3, 10), (10, 13), (13, 6), (6, 14)], 4: [(1, 4), (4, 15), (15, 9), (9, 17), (17, 20), (20, 7), (7, 11)]}, padri: [5], figli: [7], mosse: [(2, 3, 1, 14, 2)]
7 -> costo: 94140.1, rotte: {3: [(1, 2), (2, 19), (19, 16), (16, 21), (21, 8)], 2: [(1, 5), (5, 18), (18, 3), (3, 10), (10, 13), (13, 6), (6, 14), (14, 12)], 4: [(1, 4), (4, 15), (15, 9), (9, 17), (17, 20), (20, 7), (7, 11)]}, padri: [6], figli: [8], mosse: [(2, 2, 14, 12, 10)]
8 -> costo: 92333.6, rotte: {3: [(1, 2), (2, 8), (8, 19), (19, 16), (16, 21)], 2: [(1, 5), (5, 18), (18, 3), (3, 10), (10, 13), (13, 6), (6, 14), (14, 12)], 4: [(1, 4), (4, 15), (15, 9), (9, 17), (17, 20), (20, 7), (7, 11)]}, padri: [7], figli: [9], mosse: [(3, 3, 2, 8, 6)]
9 -> costo: 90598.59999999999, rotte: {3: [(1, 2), (2, 8), (8, 19), (19, 21), (21, 16)], 2: [(1, 5), (5, 18), (18, 3), (3, 10), (10, 13), (13, 6), (6, 14), (14, 12)], 4: [(1, 4), (4, 15), (15, 9), (9, 17), (17, 20), (20, 7), (7, 11)]}, padri: [8], figli: [10], mosse: [(3, 3, 16, 21)]
10 -> costo: 89472.29999999997, rotte: {3: [(1, 2), (2, 8), (8, 19), (19, 21), (21, 16)], 2: [(1, 5), (5, 18), (18, 3), (3, 10), (10, 13), (13, 6), (6, 14), (14, 12)], 4: [(1, 4), (4, 15), (15, 17), (17, 20), (20, 9), (9, 7), (7, 11)]}, padri: [9], figli: [11, 14, 15], mosse: [(4, 4, 20, 9, 7)]
11 -> costo: 88781.49999999997, rotte: {3: [(1, 2), (2, 8), (8, 19), (19, 21), (21, 16)], 2: [(1, 5), (5, 18), (18, 3), (3, 10), (10, 13), (13, 14), (14, 6), (6, 12)], 4: [(1, 4), (4, 15), (15, 17), (17, 20), (20, 9), (9, 7), (7, 11)]}, padri: [10], figli: [12, 13], mosse: [(2, 2, 14, 6, 4)]
12 -> costo: 88562.39999999998, rotte: {3: [(1, 2), (2, 8), (8, 19), (19, 21), (21, 16)], 2: [(1, 4), (4, 5), (5, 18), (18, 3), (3, 10), (10, 13), (13, 14), (14, 6), (6, 12)], 4: [(1, 15), (15, 17), (17, 20), (20, 9), (9, 7), (7, 11)]}, padri: [11, 14], figli: [], mosse: [(2, 4, 1, 4, 2), (2, 2, 14, 6, 4)]
13 -> costo: 88562.39999999998, rotte: {3: [(1, 4), (4, 2), (2, 8), (8, 19), (19, 21), (21, 16)], 2: [(1, 5), (5, 18), (18, 3), (3, 10), (10, 13), (13, 14), (14, 6), (6, 12)], 4: [(1, 15), (15, 17), (17, 20), (20, 9), (9, 7), (7, 11)]}, padri: [11], figli: [], mosse: [(3, 4, 1, 4, 2)]
14 -> costo: 89253.19999999998, rotte: {3: [(1, 2), (2, 8), (8, 19), (19, 21), (21, 16)], 2: [(1, 4), (4, 5), (5, 18), (18, 3), (3, 10), (10, 13), (13, 6), (6, 14), (14, 12)], 4: [(1, 15), (15, 17), (17, 20), (20, 9), (9, 7), (7, 11)]}, padri: [10], figli: [12], mosse: [(2, 4, 1, 4, 2)]
15 -> costo: 89253.19999999998, rotte: {3: [(1, 4), (4, 2), (2, 8), (8, 19), (19, 21), (21, 16)], 2: [(1, 5), (5, 18), (18, 3), (3, 10), (10, 13), (13, 6), (6, 14), (14, 12)], 4: [(1, 15), (15, 17), (17, 20), (20, 9), (9, 7), (7, 11)]}, padri: [10], figli: [16], mosse: [(3, 4, 1, 4, 2)]
16 -> costo: 88562.39999999998, rotte: {3: [(1, 4), (4, 2), (2, 8), (8, 19), (19, 21), (21, 16)], 2: [(1, 5), (5, 18), (18, 3), (3, 10), (10, 13), (13, 14), (14, 6), (6, 12)], 4: [(1, 15), (15, 17), (17, 20), (20, 9), (9, 7), (7, 11)]}, padri: [15], figli: [], mosse: [(2, 2, 14, 6, 4)]
bestSolutionIndice: 12
12 -> costo: 88562.39999999998, rotte: {3: [(1, 2), (2, 8), (8, 19), (19, 21), (21, 16)], 2: [(1, 4), (4, 5), (5, 18), (18, 3), (3, 10), (10, 13), (13, 14), (14, 6), (6, 12)], 4: [(1, 15), (15, 17), (17, 20), (20, 9), (9, 7), (7, 11)]}, padri: [11, 14], figli: [], mosse: [(2, 4, 1, 4, 2), (2, 2, 14, 6, 4)]
trasportoPalletDiGamma: {3: [(2, 12), (8, 6), (19, 17), (21, 19), (16, 14)], 2: [(4, 2), (5, 3), (18, 16), (3, 1), (10, 8), (13, 11), (14, 12), (6, 4), (12, 10)], 4: [(15, 13), (17, 15), (20, 18), (9, 7), (7, 5), (11, 9)]}
itMosseLS: 17, itMosseTS: 5
time elapsed: 322.72s.


##########################################################################################
##########################################################################################
##########################################################################################
##########################################################################################
##########################################################################################
##########################################################################################
##########################################################################################
##########################################################################################
##########################################################################################
##########################################################################################
##########################################################################################
##########################################################################################
##########################################################################################
##########################################################################################
##########################################################################################
##########################################################################################
##########################################################################################
##########################################################################################
##########################################################################################
##########################################################################################
##########################################################################################
