itNSIMax: 10, itMosseTSMax: 30.
##########################################################################################
s: 1
dictSolutions[1]:
0 -> costo: 81874.0, rotte: {4: [(1, 7)], 6: [(1, 8), (8, 4), (4, 7), (7, 6)], 5: [(1, 5), (5, 6)], 2: [(1, 3), (3, 7)], 3: [(1, 2), (2, 6)]}, padri: [-1], figli: [1], mosse: [-1]
1 -> costo: 72251.2, rotte: {4: [(1, 7)], 6: [(1, 4), (4, 7), (7, 6), (6, 8)], 5: [(1, 5), (5, 6)], 2: [(1, 3), (3, 7)], 3: [(1, 2), (2, 6)]}, padri: [0], figli: [2, 2, 2, 2, 10, 10, 10, 10], mosse: [(6, 6, 6, 8, 1)]
2 -> costo: 69676.4, rotte: {4: [(1, 7)], 6: [(1, 4), (4, 7), (7, 6), (6, 8)], 5: [(1, 5)], 2: [(1, 3), (3, 7)], 3: [(1, 2), (2, 6)]}, padri: [1, 1, 1, 1], figli: [3, 3, 3, 3, 5, 5, 5, 5, 7, 8, 11, 11, 11, 11], mosse: [(6, 5, 1, 6, 6), (6, 5, 4, 6, 6), (6, 5, 7, 6, 6), (6, 5, 8, 6, 6)]
3 -> costo: 67326.4, rotte: {4: [(1, 7)], 6: [(1, 4), (4, 7), (7, 6), (6, 8)], 5: [(1, 5)], 2: [(1, 3), (3, 7)], 3: [(1, 2)]}, padri: [2, 2, 2, 2, 10, 10, 10, 10, 11], figli: [4, 6], mosse: [(6, 3, 1, 6, 5), (6, 3, 4, 6, 5), (6, 3, 7, 6, 5), (6, 3, 8, 6, 5), (6, 5, 1, 6, 6), (6, 5, 4, 6, 6), (6, 5, 7, 6, 6), (6, 5, 8, 6, 6), (6, 5, 1, 6, 6)]
4 -> costo: 66241.5, rotte: {4: [(1, 7)], 6: [(1, 4), (4, 6), (6, 7), (7, 8)], 5: [(1, 5)], 2: [(1, 3), (3, 7)], 3: [(1, 2)]}, padri: [3, 5, 5, 5, 5, 12, 12, 12, 12], figli: [], mosse: [(6, 6, 6, 7, 1), (6, 3, 1, 6, 5), (6, 3, 4, 6, 5), (6, 3, 7, 6, 5), (6, 3, 8, 6, 5), (6, 5, 1, 6, 6), (6, 5, 4, 6, 6), (6, 5, 7, 6, 6), (6, 5, 8, 6, 6)]
5 -> costo: 68591.5, rotte: {4: [(1, 7)], 6: [(1, 4), (4, 6), (6, 7), (7, 8)], 5: [(1, 5)], 2: [(1, 3), (3, 7)], 3: [(1, 2), (2, 6)]}, padri: [2], figli: [4, 4, 4, 4, 6, 6, 6, 6], mosse: [(6, 6, 6, 7, 1)]
6 -> costo: 68204.9, rotte: {4: [(1, 7)], 6: [(1, 4), (4, 2), (2, 6), (6, 7), (7, 8)], 5: [(1, 5)], 2: [(1, 3), (3, 7)], 3: [(1, 6)]}, padri: [5, 7, 9], figli: [], mosse: [(6, 3, 4, 2, 5), (6, 6, 6, 7, 1), (6, 5, 4, 2, 5)]
7 -> costo: 69289.8, rotte: {4: [(1, 7)], 6: [(1, 4), (4, 2), (2, 7), (7, 6), (6, 8)], 5: [(1, 5)], 2: [(1, 3), (3, 7)], 3: [(1, 6)]}, padri: [2, 8], figli: [6], mosse: [(6, 3, 4, 2, 5), (6, 5, 4, 2, 5)]
8 -> costo: 69626.2, rotte: {4: [(1, 7)], 6: [(1, 4), (4, 7), (7, 6), (6, 8)], 5: [(1, 2), (2, 5)], 2: [(1, 3), (3, 7)], 3: [(1, 6)]}, padri: [2], figli: [9, 7], mosse: [(5, 3, 1, 2, 5)]
9 -> costo: 68541.3, rotte: {4: [(1, 7)], 6: [(1, 4), (4, 6), (6, 7), (7, 8)], 5: [(1, 2), (2, 5)], 2: [(1, 3), (3, 7)], 3: [(1, 6)]}, padri: [8], figli: [6], mosse: [(6, 6, 6, 7, 1)]
10 -> costo: 69901.2, rotte: {4: [(1, 7)], 6: [(1, 4), (4, 7), (7, 6), (6, 8)], 5: [(1, 5), (5, 6)], 2: [(1, 3), (3, 7)], 3: [(1, 2)]}, padri: [1], figli: [3, 3, 3, 3, 11, 11, 11, 11], mosse: [(6, 3, 1, 6, 5)]
11 -> costo: 68116.0, rotte: {4: [(1, 7)], 6: [(1, 4), (4, 7), (7, 6), (6, 8)], 5: [(1, 6), (6, 5)], 2: [(1, 3), (3, 7)], 3: [(1, 2)]}, padri: [10], figli: [12, 3], mosse: [(5, 5, 1, 6, 6)]
12 -> costo: 67031.09999999999, rotte: {4: [(1, 7)], 6: [(1, 4), (4, 6), (6, 7), (7, 8)], 5: [(1, 6), (6, 5)], 2: [(1, 3), (3, 7)], 3: [(1, 2)]}, padri: [11], figli: [4, 4, 4, 4], mosse: [(6, 6, 6, 7, 1)]
bestSolutionIndice: 4
4 -> costo: 66241.5, rotte: {4: [(1, 7)], 6: [(1, 4), (4, 6), (6, 7), (7, 8)], 5: [(1, 5)], 2: [(1, 3), (3, 7)], 3: [(1, 2)]}, padri: [3, 5, 5, 5, 5, 12, 12, 12, 12], figli: [], mosse: [(6, 6, 6, 7, 1), (6, 3, 1, 6, 5), (6, 3, 4, 6, 5), (6, 3, 7, 6, 5), (6, 3, 8, 6, 5), (6, 5, 1, 6, 6), (6, 5, 4, 6, 6), (6, 5, 7, 6, 6), (6, 5, 8, 6, 6)]
trasportoPalletDiGamma: {4: [(7, 15)], 6: [(4, 11), (6, 17), (7, 1), (8, 1)], 5: [(5, 14)], 2: [(3, 7), (7, 3)], 3: [(2, 5)]}
itMosseLS: 34, itMosseTS: 30
time elapsed: 66.88s.


##########################################################################################
s: 1
dictSolutions[1]:
0 -> costo: 76464.3, rotte: {4: [(1, 7)], 2: [(1, 6)], 3: [(1, 5)], 6: [(1, 3), (3, 2), (2, 7), (7, 5)], 5: [(1, 4), (4, 8), (8, 6)]}, padri: [-1], figli: [1], mosse: [-1]
1 -> costo: 74693.4, rotte: {4: [(1, 7)], 2: [(1, 6)], 3: [(1, 5)], 6: [(1, 2), (2, 3), (3, 7), (7, 5)], 5: [(1, 4), (4, 8), (8, 6)]}, padri: [0], figli: [], mosse: [(6, 6, 2, 3, 7)]
bestSolutionIndice: 1
1 -> costo: 74693.4, rotte: {4: [(1, 7)], 2: [(1, 6)], 3: [(1, 5)], 6: [(1, 2), (2, 3), (3, 7), (7, 5)], 5: [(1, 4), (4, 8), (8, 6)]}, padri: [0], figli: [], mosse: [(6, 6, 2, 3, 7)]
trasportoPalletDiGamma: {4: [(7, 15)], 2: [(6, 10)], 3: [(5, 10)], 6: [(2, 5), (3, 7), (7, 4), (5, 4)], 5: [(4, 11), (8, 1), (6, 7)]}
itMosseLS: 1, itMosseTS: 1
time elapsed: 5.12s.


##########################################################################################
s: 1
dictSolutions[1]:
0 -> costo: 72455.99999999999, rotte: {2: [(1, 7)], 5: [(1, 2), (2, 3), (3, 6)], 4: [(1, 4), (4, 6)], 6: [(1, 5), (5, 7)], 3: [(1, 8), (8, 6)]}, padri: [-1], figli: [1, 1, 1, 10, 10, 10], mosse: [-1]
1 -> costo: 67675.9, rotte: {2: [(1, 7)], 5: [(1, 2), (2, 3), (3, 6)], 4: [(1, 4)], 6: [(1, 5), (5, 7)], 3: [(1, 8), (8, 6)]}, padri: [0, 0, 0], figli: [2, 2, 4, 4, 4, 4, 8, 8, 8, 11, 11], mosse: [(5, 4, 1, 6, 4), (5, 4, 2, 6, 4), (5, 4, 3, 6, 4)]
2 -> costo: 65331.79999999999, rotte: {2: [(1, 7)], 5: [(1, 2), (2, 3), (3, 6)], 4: [(1, 4)], 6: [(1, 5), (5, 7)], 3: [(1, 6), (6, 8)]}, padri: [1, 1, 10, 10, 10], figli: [3, 3, 3, 5, 5, 5], mosse: [(3, 3, 1, 6, 9), (3, 3, 6, 8, 1), (5, 4, 1, 6, 4), (5, 4, 2, 6, 4), (5, 4, 3, 6, 4)]
3 -> costo: 64159.399999999994, rotte: {2: [(1, 7)], 5: [(1, 2), (2, 3), (3, 6)], 4: [(1, 4)], 6: [(1, 7), (7, 5)], 3: [(1, 6), (6, 8)]}, padri: [2, 2, 2, 4, 4, 11, 11], figli: [], mosse: [(6, 6, 5, 7), (6, 6, 1, 7, 9), (6, 6, 7, 5, 14), (3, 3, 1, 6, 9), (3, 3, 6, 8, 1), (5, 4, 1, 6, 4), (5, 4, 2, 6, 4)]
4 -> costo: 66503.5, rotte: {2: [(1, 7)], 5: [(1, 2), (2, 3), (3, 6)], 4: [(1, 4)], 6: [(1, 7), (7, 5)], 3: [(1, 8), (8, 6)]}, padri: [1, 1, 1], figli: [3, 3, 5, 5], mosse: [(6, 6, 5, 7), (6, 6, 1, 7, 9), (6, 6, 7, 5, 14)]
5 -> costo: 65749.9, rotte: {2: [(1, 7)], 5: [(1, 2), (2, 3), (3, 6)], 4: [(1, 4)], 6: [(1, 7), (7, 5), (5, 8)], 3: [(1, 6)]}, padri: [4, 9, 9, 9], figli: [6, 7, 9], mosse: [(6, 3, 5, 8, 1), (6, 6, 7, 5, 14), (6, 6, 5, 8, 1), (6, 6, 8, 5)]
6 -> costo: 64819.899999999994, rotte: {2: [(1, 7)], 5: [(1, 2), (2, 3), (3, 6)], 4: [(1, 4)], 6: [(1, 5), (5, 7), (7, 8)], 3: [(1, 6)]}, padri: [5, 8, 9], figli: [], mosse: [(6, 6, 5, 7, 9), (6, 6, 7, 8, 1), (6, 6, 1, 5, 14)]
7 -> costo: 65392.899999999994, rotte: {2: [(1, 7)], 5: [(1, 2), (2, 3), (3, 6)], 4: [(1, 4)], 6: [(1, 8), (8, 7), (7, 5)], 3: [(1, 6)]}, padri: [5, 8, 8, 9], figli: [], mosse: [(6, 6, 1, 8, 1), (6, 6, 8, 7, 9), (6, 6, 7, 5, 14), (6, 6, 8, 7, 9)]
8 -> costo: 67489.29999999999, rotte: {2: [(1, 7)], 5: [(1, 2), (2, 3), (3, 6)], 4: [(1, 4)], 6: [(1, 8), (8, 5), (5, 7)], 3: [(1, 6)]}, padri: [1], figli: [6, 7, 7, 9, 9], mosse: [(6, 3, 1, 8, 1)]
9 -> costo: 66550.09999999999, rotte: {2: [(1, 7)], 5: [(1, 2), (2, 3), (3, 6)], 4: [(1, 4)], 6: [(1, 7), (7, 8), (8, 5)], 3: [(1, 6)]}, padri: [8], figli: [6, 7, 5, 5, 5], mosse: [(6, 6, 1, 7, 9)]
10 -> costo: 70111.9, rotte: {2: [(1, 7)], 5: [(1, 2), (2, 3), (3, 6)], 4: [(1, 4), (4, 6)], 6: [(1, 5), (5, 7)], 3: [(1, 6), (6, 8)]}, padri: [0], figli: [2, 2, 2, 11, 11, 11], mosse: [(3, 3, 1, 6, 9)]
11 -> costo: 68939.49999999999, rotte: {2: [(1, 7)], 5: [(1, 2), (2, 3), (3, 6)], 4: [(1, 4), (4, 6)], 6: [(1, 7), (7, 5)], 3: [(1, 6), (6, 8)]}, padri: [10], figli: [3, 3], mosse: [(6, 6, 5, 7)]
bestSolutionIndice: 3
3 -> costo: 64159.399999999994, rotte: {2: [(1, 7)], 5: [(1, 2), (2, 3), (3, 6)], 4: [(1, 4)], 6: [(1, 7), (7, 5)], 3: [(1, 6), (6, 8)]}, padri: [2, 2, 2, 4, 4, 11, 11], figli: [], mosse: [(6, 6, 5, 7), (6, 6, 1, 7, 9), (6, 6, 7, 5, 14), (3, 3, 1, 6, 9), (3, 3, 6, 8, 1), (5, 4, 1, 6, 4), (5, 4, 2, 6, 4)]
trasportoPalletDiGamma: {2: [(7, 10)], 5: [(2, 5), (3, 7), (6, 8)], 4: [(4, 11)], 6: [(7, 9), (5, 14)], 3: [(6, 9), (8, 1)]}
itMosseLS: 33, itMosseTS: 30
time elapsed: 63.47s.


##########################################################################################
s: 1
dictSolutions[1]:
0 -> costo: 76165.79999999999, rotte: {4: [(1, 8), (8, 6)], 5: [(1, 5), (5, 3)], 2: [(1, 7)], 6: [(1, 4), (4, 7), (7, 3)], 3: [(1, 2), (2, 6)]}, padri: [-1], figli: [1], mosse: [-1]
1 -> costo: 72455.20000000001, rotte: {4: [(1, 8), (8, 6)], 5: [(1, 5)], 2: [(1, 7)], 6: [(1, 4), (4, 7), (7, 3)], 3: [(1, 2), (2, 6)]}, padri: [0], figli: [2, 2, 6, 6], mosse: [(6, 5, 1, 3, 6)]
2 -> costo: 70111.1, rotte: {4: [(1, 6), (6, 8)], 5: [(1, 5)], 2: [(1, 7)], 6: [(1, 4), (4, 7), (7, 3)], 3: [(1, 2), (2, 6)]}, padri: [1, 1], figli: [3, 3, 3, 5, 5, 5], mosse: [(4, 4, 1, 6, 14), (4, 4, 6, 8, 1)]
3 -> costo: 67847.20000000001, rotte: {4: [(1, 6), (6, 8)], 5: [(1, 5)], 2: [(1, 7)], 6: [(1, 4), (4, 3), (3, 7)], 3: [(1, 2), (2, 6)]}, padri: [2, 2, 2], figli: [4], mosse: [(6, 6, 7, 3), (6, 6, 4, 3, 7), (6, 6, 3, 7, 9)]
4 -> costo: 67797.0, rotte: {4: [(1, 6), (6, 8)], 5: [(1, 2), (2, 5)], 2: [(1, 7)], 6: [(1, 4), (4, 3), (3, 7)], 3: [(1, 6)]}, padri: [3, 5, 5, 5], figli: [], mosse: [(5, 3, 1, 2, 5), (6, 6, 7, 3), (6, 6, 4, 3, 7), (6, 6, 3, 7, 9)]
5 -> costo: 70060.9, rotte: {4: [(1, 6), (6, 8)], 5: [(1, 2), (2, 5)], 2: [(1, 7)], 6: [(1, 4), (4, 7), (7, 3)], 3: [(1, 6)]}, padri: [2], figli: [4, 4, 4], mosse: [(5, 3, 1, 2, 5)]
6 -> costo: 70111.1, rotte: {4: [(1, 6)], 5: [(1, 5)], 2: [(1, 7)], 6: [(1, 4), (4, 7), (7, 3)], 3: [(1, 2), (2, 6), (6, 8)]}, padri: [1, 1], figli: [7, 10, 12, 14], mosse: [(3, 4, 6, 8, 1)]
7 -> costo: 67847.20000000001, rotte: {4: [(1, 6)], 5: [(1, 5)], 2: [(1, 7)], 6: [(1, 4), (4, 3), (3, 7)], 3: [(1, 2), (2, 6), (6, 8)]}, padri: [6], figli: [8], mosse: [(6, 6, 7, 3)]
8 -> costo: 67797.0, rotte: {4: [(1, 6)], 5: [(1, 2), (2, 5)], 2: [(1, 7)], 6: [(1, 4), (4, 3), (3, 7)], 3: [(1, 6), (6, 8)]}, padri: [7], figli: [9], mosse: [(5, 3, 1, 2, 5)]
9 -> costo: 66262.6, rotte: {4: [(1, 6)], 5: [(1, 2), (2, 5)], 2: [(1, 7)], 6: [(1, 4), (4, 3), (3, 6), (6, 7)], 3: [(1, 8)]}, padri: [8, 11, 13, 15, 16, 17, 20, 21], figli: [], mosse: [(6, 3, 3, 6, 3), (6, 3, 3, 6, 3), (6, 3, 3, 6, 3), (6, 3, 3, 6, 3), (6, 3, 3, 6, 3), (6, 3, 3, 6, 3), (6, 6, 4, 3, 7), (6, 6, 6, 7, 9)]
10 -> costo: 67847.20000000001, rotte: {4: [(1, 6)], 5: [(1, 5)], 2: [(1, 7)], 6: [(1, 4), (4, 3), (3, 7)], 3: [(1, 2), (2, 6), (6, 8)]}, padri: [6], figli: [11], mosse: [(6, 6, 4, 3, 7)]
11 -> costo: 67797.0, rotte: {4: [(1, 6)], 5: [(1, 2), (2, 5)], 2: [(1, 7)], 6: [(1, 4), (4, 3), (3, 7)], 3: [(1, 6), (6, 8)]}, padri: [10], figli: [9], mosse: [(5, 3, 1, 2, 5)]
12 -> costo: 67847.20000000001, rotte: {4: [(1, 6)], 5: [(1, 5)], 2: [(1, 7)], 6: [(1, 4), (4, 3), (3, 7)], 3: [(1, 2), (2, 6), (6, 8)]}, padri: [6], figli: [13], mosse: [(6, 6, 3, 7, 9)]
13 -> costo: 67797.0, rotte: {4: [(1, 6)], 5: [(1, 2), (2, 5)], 2: [(1, 7)], 6: [(1, 4), (4, 3), (3, 7)], 3: [(1, 6), (6, 8)]}, padri: [12], figli: [9], mosse: [(5, 3, 1, 2, 5)]
14 -> costo: 70060.9, rotte: {4: [(1, 6)], 5: [(1, 2), (2, 5)], 2: [(1, 7)], 6: [(1, 4), (4, 7), (7, 3)], 3: [(1, 6), (6, 8)]}, padri: [6], figli: [15, 16, 17, 18, 20, 21], mosse: [(5, 3, 1, 2, 5)]
15 -> costo: 67797.0, rotte: {4: [(1, 6)], 5: [(1, 2), (2, 5)], 2: [(1, 7)], 6: [(1, 4), (4, 3), (3, 7)], 3: [(1, 6), (6, 8)]}, padri: [14], figli: [9], mosse: [(6, 6, 7, 3)]
16 -> costo: 67797.0, rotte: {4: [(1, 6)], 5: [(1, 2), (2, 5)], 2: [(1, 7)], 6: [(1, 4), (4, 3), (3, 7)], 3: [(1, 6), (6, 8)]}, padri: [14], figli: [9], mosse: [(6, 6, 4, 3, 7)]
17 -> costo: 67797.0, rotte: {4: [(1, 6)], 5: [(1, 2), (2, 5)], 2: [(1, 7)], 6: [(1, 4), (4, 3), (3, 7)], 3: [(1, 6), (6, 8)]}, padri: [14], figli: [9], mosse: [(6, 6, 3, 7, 9)]
18 -> costo: 68521.9, rotte: {4: [(1, 6)], 5: [(1, 2), (2, 5)], 2: [(1, 7)], 6: [(1, 4), (4, 7), (7, 6), (6, 3)], 3: [(1, 8)]}, padri: [14, 20], figli: [19], mosse: [(6, 3, 7, 6, 3), (6, 6, 7, 6, 3)]
19 -> costo: 66835.6, rotte: {4: [(1, 6)], 5: [(1, 2), (2, 5)], 2: [(1, 7)], 6: [(1, 4), (4, 3), (3, 7), (7, 6)], 3: [(1, 8)]}, padri: [18], figli: [], mosse: [(6, 6, 4, 3, 7)]
20 -> costo: 68526.5, rotte: {4: [(1, 6)], 5: [(1, 2), (2, 5)], 2: [(1, 7)], 6: [(1, 4), (4, 6), (6, 7), (7, 3)], 3: [(1, 8)]}, padri: [14], figli: [9, 18], mosse: [(6, 3, 4, 6, 3)]
21 -> costo: 69965.0, rotte: {4: [(1, 6)], 5: [(1, 2), (2, 5)], 2: [(1, 7)], 6: [(1, 4), (4, 7), (7, 3), (3, 6)], 3: [(1, 8)]}, padri: [14], figli: [9], mosse: [(6, 3, 3, 6, 3)]
bestSolutionIndice: 9
9 -> costo: 66262.6, rotte: {4: [(1, 6)], 5: [(1, 2), (2, 5)], 2: [(1, 7)], 6: [(1, 4), (4, 3), (3, 6), (6, 7)], 3: [(1, 8)]}, padri: [8, 11, 13, 15, 16, 17, 20, 21], figli: [], mosse: [(6, 3, 3, 6, 3), (6, 3, 3, 6, 3), (6, 3, 3, 6, 3), (6, 3, 3, 6, 3), (6, 3, 3, 6, 3), (6, 3, 3, 6, 3), (6, 6, 4, 3, 7), (6, 6, 6, 7, 9)]
trasportoPalletDiGamma: {4: [(6, 14)], 5: [(2, 5), (5, 14)], 2: [(7, 10)], 6: [(4, 11), (3, 7), (6, 3), (7, 9)], 3: [(8, 1)]}
itMosseLS: 35, itMosseTS: 30
time elapsed: 68.93s.


##########################################################################################
s: 1
dictSolutions[1]:
0 -> costo: 80654.8, rotte: {2: [(1, 8), (8, 2), (2, 5)], 6: [(1, 7), (7, 4)], 4: [(1, 6)], 3: [(1, 5)], 5: [(1, 3), (3, 6)]}, padri: [-1], figli: [1, 8], mosse: [-1]
1 -> costo: 75479.5, rotte: {2: [(1, 2), (2, 5), (5, 8)], 6: [(1, 7), (7, 4)], 4: [(1, 6)], 3: [(1, 5)], 5: [(1, 3), (3, 6)]}, padri: [0], figli: [2, 2, 2, 6, 6, 6, 9, 9, 9, 10, 10, 10], mosse: [(2, 2, 5, 8, 1)]
2 -> costo: 71618.3, rotte: {2: [(1, 2), (2, 5), (5, 8)], 6: [(1, 4), (4, 7)], 4: [(1, 6)], 3: [(1, 5)], 5: [(1, 3), (3, 6)]}, padri: [1, 1, 1, 8, 9, 9], figli: [3, 4, 7, 12], mosse: [(6, 6, 7, 4), (6, 6, 1, 4, 11), (6, 6, 4, 7, 19), (2, 2, 5, 8, 1), (2, 2, 2, 5, 4), (2, 2, 5, 8, 1)]
3 -> costo: 71221.09999999999, rotte: {2: [(1, 2), (2, 5), (5, 8)], 6: [(1, 7)], 4: [(1, 6)], 3: [(1, 5)], 5: [(1, 4), (4, 3), (3, 6)]}, padri: [2, 11, 11], figli: [], mosse: [(5, 6, 1, 4, 11), (2, 2, 2, 5, 4), (2, 2, 5, 8, 1)]
4 -> costo: 71233.3, rotte: {2: [(1, 5), (5, 8)], 6: [(1, 4), (4, 7)], 4: [(1, 6)], 3: [(1, 5)], 5: [(1, 2), (2, 3), (3, 6)]}, padri: [2, 6, 6, 6, 10, 10, 10], figli: [5], mosse: [(5, 2, 1, 2, 5), (6, 6, 7, 4), (6, 6, 1, 4, 11), (6, 6, 4, 7, 19), (2, 2, 1, 5, 4), (2, 2, 5, 8, 1), (2, 2, 8, 5)]
5 -> costo: 70343.4, rotte: {2: [(1, 8)], 6: [(1, 4), (4, 7)], 4: [(1, 6)], 3: [(1, 5)], 5: [(1, 2), (2, 3), (3, 5), (5, 6)]}, padri: [4, 7, 7, 7], figli: [], mosse: [(5, 2, 3, 5, 4), (6, 6, 7, 4), (6, 6, 1, 4, 11), (6, 6, 4, 7, 19)]
6 -> costo: 75094.50000000001, rotte: {2: [(1, 5), (5, 8)], 6: [(1, 7), (7, 4)], 4: [(1, 6)], 3: [(1, 5)], 5: [(1, 2), (2, 3), (3, 6)]}, padri: [1], figli: [4, 4, 4, 7, 7, 7], mosse: [(5, 2, 1, 2, 5)]
7 -> costo: 74204.6, rotte: {2: [(1, 8)], 6: [(1, 7), (7, 4)], 4: [(1, 6)], 3: [(1, 5)], 5: [(1, 2), (2, 3), (3, 5), (5, 6)]}, padri: [6], figli: [5, 5, 5], mosse: [(5, 2, 3, 5, 4)]
8 -> costo: 76793.59999999999, rotte: {2: [(1, 8), (8, 2), (2, 5)], 6: [(1, 4), (4, 7)], 4: [(1, 6)], 3: [(1, 5)], 5: [(1, 3), (3, 6)]}, padri: [0], figli: [2, 9, 10], mosse: [(6, 6, 7, 4)]
9 -> costo: 73728.3, rotte: {2: [(1, 2), (2, 8), (8, 5)], 6: [(1, 4), (4, 7)], 4: [(1, 6)], 3: [(1, 5)], 5: [(1, 3), (3, 6)]}, padri: [8], figli: [2, 2, 10, 10, 11], mosse: [(2, 2, 2, 8, 1)]
10 -> costo: 71800.3, rotte: {2: [(1, 8), (8, 5)], 6: [(1, 4), (4, 7)], 4: [(1, 6)], 3: [(1, 5)], 5: [(1, 2), (2, 3), (3, 6)]}, padri: [9], figli: [4, 4, 4], mosse: [(5, 2, 1, 2, 5)]
11 -> costo: 73331.09999999999, rotte: {2: [(1, 2), (2, 8), (8, 5)], 6: [(1, 7)], 4: [(1, 6)], 3: [(1, 5)], 5: [(1, 4), (4, 3), (3, 6)]}, padri: [9], figli: [3, 3, 12, 12], mosse: [(5, 6, 1, 4, 11)]
12 -> costo: 71800.29999999999, rotte: {2: [(1, 8), (8, 5)], 6: [(1, 2), (2, 7)], 4: [(1, 6)], 3: [(1, 5)], 5: [(1, 4), (4, 3), (3, 6)]}, padri: [11], figli: [13, 15], mosse: [(6, 2, 1, 2, 5)]
13 -> costo: 69130.9, rotte: {2: [(1, 5)], 6: [(1, 2), (2, 7), (7, 8)], 4: [(1, 6)], 3: [(1, 5)], 5: [(1, 4), (4, 3), (3, 6)]}, padri: [12], figli: [14], mosse: [(6, 2, 7, 8, 1)]
14 -> costo: 69118.69999999998, rotte: {2: [(1, 2), (2, 5)], 6: [(1, 7), (7, 8)], 4: [(1, 6)], 3: [(1, 5)], 5: [(1, 4), (4, 3), (3, 6)]}, padri: [13], figli: [], mosse: [(2, 6, 1, 2, 5)]
15 -> costo: 71233.29999999999, rotte: {2: [(1, 5), (5, 8)], 6: [(1, 2), (2, 7)], 4: [(1, 6)], 3: [(1, 5)], 5: [(1, 4), (4, 3), (3, 6)]}, padri: [12], figli: [16, 17], mosse: [(2, 2, 1, 5, 4)]
16 -> costo: 68897.7, rotte: {2: [(1, 8)], 6: [(1, 2), (2, 7), (7, 5)], 4: [(1, 6)], 3: [(1, 5)], 5: [(1, 4), (4, 3), (3, 6)]}, padri: [15, 17, 17, 17], figli: [], mosse: [(6, 2, 7, 5, 4), (6, 6, 5, 7), (6, 6, 2, 7, 19), (6, 6, 7, 5, 4)]
17 -> costo: 70057.9, rotte: {2: [(1, 8)], 6: [(1, 2), (2, 5), (5, 7)], 4: [(1, 6)], 3: [(1, 5)], 5: [(1, 4), (4, 3), (3, 6)]}, padri: [15], figli: [16, 16, 16], mosse: [(6, 2, 2, 5, 4)]
bestSolutionIndice: 16
16 -> costo: 68897.7, rotte: {2: [(1, 8)], 6: [(1, 2), (2, 7), (7, 5)], 4: [(1, 6)], 3: [(1, 5)], 5: [(1, 4), (4, 3), (3, 6)]}, padri: [15, 17, 17, 17], figli: [], mosse: [(6, 2, 7, 5, 4), (6, 6, 5, 7), (6, 6, 2, 7, 19), (6, 6, 7, 5, 4)]
trasportoPalletDiGamma: {2: [(8, 1)], 6: [(2, 5), (7, 19), (5, 4)], 4: [(6, 15)], 3: [(5, 10)], 5: [(4, 11), (3, 7), (6, 2)]}
itMosseLS: 36, itMosseTS: 30
time elapsed: 75.58s.


##########################################################################################
s: 1
dictSolutions[1]:
0 -> costo: 71635.5, rotte: {4: [(1, 3), (3, 5)], 6: [(1, 4), (4, 6)], 3: [(1, 2), (2, 5)], 5: [(1, 7), (7, 5)], 2: [(1, 8)]}, padri: [-1], figli: [], mosse: [-1]
bestSolutionIndice: 0
0 -> costo: 71635.5, rotte: {4: [(1, 3), (3, 5)], 6: [(1, 4), (4, 6)], 3: [(1, 2), (2, 5)], 5: [(1, 7), (7, 5)], 2: [(1, 8)]}, padri: [-1], figli: [], mosse: [-1]
trasportoPalletDiGamma: {4: [(3, 7), (5, 8)], 6: [(4, 11), (6, 17)], 3: [(2, 5), (5, 5)], 5: [(7, 19), (5, 1)], 2: [(8, 1)]}
itMosseLS: 0, itMosseTS: 0
time elapsed: 1.22s.


##########################################################################################
s: 1
dictSolutions[1]:
0 -> costo: 74741.5, rotte: {2: [(1, 7)], 4: [(1, 3), (3, 6)], 5: [(1, 5), (5, 2)], 6: [(1, 4), (4, 7)], 3: [(1, 8), (8, 6)]}, padri: [-1], figli: [1], mosse: [-1]
1 -> costo: 70576.3, rotte: {2: [(1, 7)], 4: [(1, 3), (3, 6)], 5: [(1, 2), (2, 5)], 6: [(1, 4), (4, 7)], 3: [(1, 8), (8, 6)]}, padri: [0], figli: [2, 2, 6, 6, 9, 11, 13], mosse: [(5, 5, 5, 2)]
2 -> costo: 68232.2, rotte: {2: [(1, 7)], 4: [(1, 3), (3, 6)], 5: [(1, 2), (2, 5)], 6: [(1, 4), (4, 7)], 3: [(1, 6), (6, 8)]}, padri: [1, 1], figli: [3, 4, 5, 10], mosse: [(3, 3, 1, 6, 9), (3, 3, 6, 8, 1)]
3 -> costo: 66697.8, rotte: {2: [(1, 7)], 4: [(1, 3), (3, 6)], 5: [(1, 2), (2, 5)], 6: [(1, 4), (4, 6), (6, 7)], 3: [(1, 8)]}, padri: [2], figli: [], mosse: [(6, 3, 4, 6, 9)]
4 -> costo: 67797.0, rotte: {2: [(1, 7)], 4: [(1, 6)], 5: [(1, 2), (2, 5)], 6: [(1, 4), (4, 3), (3, 7)], 3: [(1, 6), (6, 8)]}, padri: [2, 9, 9, 9], figli: [], mosse: [(6, 4, 4, 3, 7), (3, 3, 1, 6, 9), (3, 3, 6, 8, 1), (3, 3, 8, 6)]
5 -> costo: 67895.8, rotte: {2: [(1, 7)], 4: [(1, 3), (3, 6)], 5: [(1, 5)], 6: [(1, 4), (4, 2), (2, 7)], 3: [(1, 6), (6, 8)]}, padri: [2, 11, 11], figli: [], mosse: [(6, 5, 4, 2, 5), (3, 3, 1, 6, 9), (3, 3, 6, 8, 1)]
6 -> costo: 69822.7, rotte: {2: [(1, 7)], 4: [(1, 3), (3, 6)], 5: [(1, 2), (2, 5), (5, 8)], 6: [(1, 4), (4, 7)], 3: [(1, 6)]}, padri: [1], figli: [7, 8, 12], mosse: [(5, 3, 5, 8, 1)]
7 -> costo: 69387.5, rotte: {2: [(1, 7)], 4: [(1, 6)], 5: [(1, 2), (2, 5), (5, 8)], 6: [(1, 4), (4, 3), (3, 7)], 3: [(1, 6)]}, padri: [6, 9], figli: [], mosse: [(6, 4, 4, 3, 7), (5, 3, 5, 8, 1)]
8 -> costo: 69486.3, rotte: {2: [(1, 7)], 4: [(1, 3), (3, 6)], 5: [(1, 5), (5, 8)], 6: [(1, 4), (4, 2), (2, 7)], 3: [(1, 6)]}, padri: [6, 11, 12, 12, 12], figli: [], mosse: [(6, 5, 4, 2, 5), (5, 3, 5, 8, 1), (5, 5, 1, 5, 14), (5, 5, 5, 8, 1), (5, 5, 8, 5)]
9 -> costo: 70141.1, rotte: {2: [(1, 7)], 4: [(1, 6)], 5: [(1, 2), (2, 5)], 6: [(1, 4), (4, 3), (3, 7)], 3: [(1, 8), (8, 6)]}, padri: [1], figli: [4, 4, 10, 10, 4, 7], mosse: [(6, 4, 4, 3, 7)]
10 -> costo: 67797.0, rotte: {2: [(1, 7)], 4: [(1, 6), (6, 8)], 5: [(1, 2), (2, 5)], 6: [(1, 4), (4, 3), (3, 7)], 3: [(1, 6)]}, padri: [2, 9, 9], figli: [], mosse: [(4, 3, 6, 8, 1)]
11 -> costo: 70239.9, rotte: {2: [(1, 7)], 4: [(1, 3), (3, 6)], 5: [(1, 5)], 6: [(1, 4), (4, 2), (2, 7)], 3: [(1, 8), (8, 6)]}, padri: [1], figli: [5, 5, 8, 12], mosse: [(6, 5, 4, 2, 5)]
12 -> costo: 70053.3, rotte: {2: [(1, 7)], 4: [(1, 3), (3, 6)], 5: [(1, 8), (8, 5)], 6: [(1, 4), (4, 2), (2, 7)], 3: [(1, 6)]}, padri: [11], figli: [8, 8, 8], mosse: [(5, 3, 1, 8, 1)]
13 -> costo: 70561.90000000001, rotte: {2: [(1, 7)], 4: [(1, 3), (3, 6)], 5: [(1, 2), (2, 5)], 6: [(1, 4), (4, 8), (8, 7)], 3: [(1, 6)]}, padri: [1], figli: [14, 14, 14, 17, 17, 17], mosse: [(6, 3, 4, 8, 1)]
14 -> costo: 67720.3, rotte: {2: [(1, 7)], 4: [(1, 3), (3, 6)], 5: [(1, 2), (2, 5)], 6: [(1, 4), (4, 7), (7, 8)], 3: [(1, 6)]}, padri: [13, 13, 13], figli: [15, 16], mosse: [(6, 6, 4, 7, 9), (6, 6, 7, 8, 1), (6, 6, 8, 7)]
15 -> costo: 67285.1, rotte: {2: [(1, 7)], 4: [(1, 6)], 5: [(1, 2), (2, 5)], 6: [(1, 4), (4, 3), (3, 7), (7, 8)], 3: [(1, 6)]}, padri: [14, 17, 17, 17], figli: [], mosse: [(6, 4, 4, 3, 7), (6, 6, 3, 7, 9), (6, 6, 7, 8, 1), (6, 6, 8, 7)]
16 -> costo: 67383.9, rotte: {2: [(1, 7)], 4: [(1, 3), (3, 6)], 5: [(1, 5)], 6: [(1, 4), (4, 2), (2, 7), (7, 8)], 3: [(1, 6)]}, padri: [14], figli: [], mosse: [(6, 5, 4, 2, 5)]
17 -> costo: 70561.3, rotte: {2: [(1, 7)], 4: [(1, 6)], 5: [(1, 2), (2, 5)], 6: [(1, 4), (4, 3), (3, 8), (8, 7)], 3: [(1, 6)]}, padri: [13], figli: [15, 15, 15], mosse: [(6, 4, 4, 3, 7)]
bestSolutionIndice: 3
3 -> costo: 66697.8, rotte: {2: [(1, 7)], 4: [(1, 3), (3, 6)], 5: [(1, 2), (2, 5)], 6: [(1, 4), (4, 6), (6, 7)], 3: [(1, 8)]}, padri: [2], figli: [], mosse: [(6, 3, 4, 6, 9)]
trasportoPalletDiGamma: {2: [(7, 10)], 4: [(3, 7), (6, 8)], 5: [(2, 5), (5, 14)], 6: [(4, 11), (6, 9), (7, 9)], 3: [(8, 1)]}
itMosseLS: 33, itMosseTS: 30
time elapsed: 68.94s.


##########################################################################################
s: 1
dictSolutions[1]:
0 -> costo: 74735.5, rotte: {6: [(1, 4), (4, 7)], 3: [(1, 6)], 5: [(1, 3), (3, 5)], 2: [(1, 2), (2, 6)], 4: [(1, 8), (8, 5), (5, 6)]}, padri: [-1], figli: [1, 8, 8, 9, 9], mosse: [-1]
1 -> costo: 72578.0, rotte: {6: [(1, 4), (4, 7)], 3: [(1, 6)], 5: [(1, 3), (3, 5)], 2: [(1, 2), (2, 6)], 4: [(1, 5), (5, 6), (6, 8)]}, padri: [0, 9], figli: [2, 3], mosse: [(4, 4, 6, 8, 1), (4, 4, 1, 5, 1)]
2 -> costo: 72383.3, rotte: {6: [(1, 4), (4, 7)], 3: [(1, 6)], 5: [(1, 3), (3, 5)], 2: [(1, 2), (2, 6)], 4: [(1, 6), (6, 5), (5, 8)]}, padri: [1, 4, 8, 9], figli: [], mosse: [(4, 4, 6, 5, 1), (6, 4, 1, 4, 11), (4, 4, 5, 8, 1), (4, 4, 8, 5)]
3 -> costo: 72565.8, rotte: {6: [(1, 7)], 3: [(1, 6)], 5: [(1, 3), (3, 5)], 2: [(1, 2), (2, 6)], 4: [(1, 4), (4, 5), (5, 6), (6, 8)]}, padri: [1], figli: [4, 6], mosse: [(4, 6, 1, 4, 11)]
4 -> costo: 72421.3, rotte: {6: [(1, 7)], 3: [(1, 6)], 5: [(1, 3), (3, 5)], 2: [(1, 2), (2, 6)], 4: [(1, 4), (4, 6), (6, 5), (5, 8)]}, padri: [3], figli: [5, 2], mosse: [(4, 4, 6, 5, 1)]
5 -> costo: 72383.3, rotte: {6: [(1, 2), (2, 7)], 3: [(1, 6)], 5: [(1, 3), (3, 5)], 2: [(1, 6)], 4: [(1, 4), (4, 6), (6, 5), (5, 8)]}, padri: [4], figli: [], mosse: [(6, 2, 1, 2, 5)]
6 -> costo: 72527.8, rotte: {6: [(1, 2), (2, 7)], 3: [(1, 6)], 5: [(1, 3), (3, 5)], 2: [(1, 6)], 4: [(1, 4), (4, 5), (5, 6), (6, 8)]}, padri: [3], figli: [7], mosse: [(6, 2, 1, 2, 5)]
7 -> costo: 72383.3, rotte: {6: [(1, 2), (2, 7)], 3: [(1, 6)], 5: [(1, 3), (3, 5)], 2: [(1, 6)], 4: [(1, 4), (4, 6), (6, 5), (5, 8)]}, padri: [6], figli: [], mosse: [(4, 4, 6, 5, 1)]
8 -> costo: 73136.9, rotte: {6: [(1, 4), (4, 7)], 3: [(1, 6)], 5: [(1, 3), (3, 5)], 2: [(1, 2), (2, 6)], 4: [(1, 8), (8, 6), (6, 5)]}, padri: [0, 0], figli: [2], mosse: [(4, 4, 8, 6, 2), (4, 4, 6, 5, 1)]
9 -> costo: 73960.1, rotte: {6: [(1, 4), (4, 7)], 3: [(1, 6)], 5: [(1, 3), (3, 5)], 2: [(1, 2), (2, 6)], 4: [(1, 6), (6, 8), (8, 5)]}, padri: [0], figli: [2, 1], mosse: [(4, 4, 1, 6, 2)]
bestSolutionIndice: 2
2 -> costo: 72383.3, rotte: {6: [(1, 4), (4, 7)], 3: [(1, 6)], 5: [(1, 3), (3, 5)], 2: [(1, 2), (2, 6)], 4: [(1, 6), (6, 5), (5, 8)]}, padri: [1, 4, 8, 9], figli: [], mosse: [(4, 4, 6, 5, 1), (6, 4, 1, 4, 11), (4, 4, 5, 8, 1), (4, 4, 8, 5)]
trasportoPalletDiGamma: {6: [(4, 11), (7, 19)], 3: [(6, 10)], 5: [(3, 7), (5, 13)], 2: [(2, 5), (6, 5)], 4: [(6, 2), (5, 1), (8, 1)]}
itMosseLS: 14, itMosseTS: 14
time elapsed: 44.08s.


##########################################################################################
s: 1
dictSolutions[1]:
0 -> costo: 82052.7, rotte: {2: [(1, 4)], 4: [(1, 3), (3, 7)], 5: [(1, 5), (5, 2), (2, 6)], 6: [(1, 8), (8, 4), (4, 7), (7, 6)], 3: [(1, 6)]}, padri: [-1], figli: [1], mosse: [-1]
1 -> costo: 72429.9, rotte: {2: [(1, 4)], 4: [(1, 3), (3, 7)], 5: [(1, 5), (5, 2), (2, 6)], 6: [(1, 4), (4, 7), (7, 6), (6, 8)], 3: [(1, 6)]}, padri: [0], figli: [2], mosse: [(6, 6, 6, 8, 1)]
2 -> costo: 66754.49999999999, rotte: {2: [(1, 4)], 4: [(1, 3), (3, 7)], 5: [(1, 2), (2, 6), (6, 5)], 6: [(1, 4), (4, 7), (7, 6), (6, 8)], 3: [(1, 6)]}, padri: [1], figli: [3], mosse: [(5, 5, 6, 5, 14)]
3 -> costo: 64494.999999999985, rotte: {2: [(1, 4)], 4: [(1, 3)], 5: [(1, 2), (2, 6), (6, 5)], 6: [(1, 4), (4, 7), (7, 6), (6, 8)], 3: [(1, 6)]}, padri: [2], figli: [4, 14], mosse: [(6, 4, 1, 7, 8)]
4 -> costo: 63410.09999999999, rotte: {2: [(1, 4)], 4: [(1, 3)], 5: [(1, 2), (2, 6), (6, 5)], 6: [(1, 4), (4, 6), (6, 7), (7, 8)], 3: [(1, 6)]}, padri: [3], figli: [5, 5, 5, 5, 11, 11, 11, 11, 13, 15, 15, 15, 15], mosse: [(6, 6, 6, 7, 19)]
5 -> costo: 62570.3, rotte: {2: [(1, 4)], 4: [(1, 3)], 5: [(1, 2), (2, 5)], 6: [(1, 4), (4, 6), (6, 7), (7, 8)], 3: [(1, 6)]}, padri: [4, 4, 4, 4, 14], figli: [6, 8, 9, 12, 16], mosse: [(6, 5, 1, 6, 1), (6, 5, 4, 6, 1), (6, 5, 7, 6, 1), (6, 5, 8, 6, 1), (6, 6, 6, 7, 19)]
6 -> costo: 62135.09999999999, rotte: {2: [(1, 4)], 4: [(1, 4), (4, 3)], 5: [(1, 2), (2, 5)], 6: [(1, 6), (6, 7), (7, 8)], 3: [(1, 6)]}, padri: [5, 8, 13, 13, 13, 15], figli: [7, 10], mosse: [(4, 6, 1, 4, 1), (4, 5, 1, 4, 1), (6, 5, 1, 6, 1), (6, 5, 7, 6, 1), (6, 5, 8, 6, 1), (6, 6, 6, 7, 19)]
7 -> costo: 61798.7, rotte: {2: [(1, 4)], 4: [(1, 4), (4, 2), (2, 3)], 5: [(1, 5)], 6: [(1, 6), (6, 7), (7, 8)], 3: [(1, 6)]}, padri: [6, 9, 10, 12, 12, 12, 16], figli: [], mosse: [(4, 5, 4, 2, 5), (4, 6, 1, 4, 1), (4, 5, 1, 4, 1), (6, 5, 1, 6, 1), (6, 5, 7, 6, 1), (6, 5, 8, 6, 1), (6, 6, 6, 7, 19)]
8 -> costo: 62183.69999999998, rotte: {2: [(1, 4)], 4: [(1, 3)], 5: [(1, 4), (4, 2), (2, 5)], 6: [(1, 6), (6, 7), (7, 8)], 3: [(1, 6)]}, padri: [5], figli: [6, 16], mosse: [(5, 6, 1, 4, 1)]
9 -> costo: 62185.3, rotte: {2: [(1, 4)], 4: [(1, 2), (2, 3)], 5: [(1, 5)], 6: [(1, 4), (4, 6), (6, 7), (7, 8)], 3: [(1, 6)]}, padri: [5, 11, 11, 11, 11], figli: [7, 10], mosse: [(4, 5, 1, 2, 5), (6, 5, 1, 6, 1), (6, 5, 4, 6, 1), (6, 5, 7, 6, 1), (6, 5, 8, 6, 1)]
10 -> costo: 62135.09999999999, rotte: {2: [(1, 4)], 4: [(1, 2), (2, 3)], 5: [(1, 4), (4, 5)], 6: [(1, 6), (6, 7), (7, 8)], 3: [(1, 6)]}, padri: [6, 9], figli: [7], mosse: [(5, 6, 1, 4, 1)]
11 -> costo: 62974.899999999994, rotte: {2: [(1, 4)], 4: [(1, 2), (2, 3)], 5: [(1, 6), (6, 5)], 6: [(1, 4), (4, 6), (6, 7), (7, 8)], 3: [(1, 6)]}, padri: [4], figli: [9, 9, 9, 9, 12, 12, 12, 12], mosse: [(4, 5, 1, 2, 5)]
12 -> costo: 62588.29999999999, rotte: {2: [(1, 4)], 4: [(1, 4), (4, 2), (2, 3)], 5: [(1, 6), (6, 5)], 6: [(1, 6), (6, 7), (7, 8)], 3: [(1, 6)]}, padri: [11, 13], figli: [7, 7, 7], mosse: [(4, 6, 1, 4, 1), (4, 5, 4, 2, 5)]
13 -> costo: 62974.899999999994, rotte: {2: [(1, 4)], 4: [(1, 4), (4, 3)], 5: [(1, 2), (2, 6), (6, 5)], 6: [(1, 6), (6, 7), (7, 8)], 3: [(1, 6)]}, padri: [4], figli: [6, 6, 6, 12, 16, 16, 16], mosse: [(4, 6, 1, 4, 1)]
14 -> costo: 63655.2, rotte: {2: [(1, 4)], 4: [(1, 3)], 5: [(1, 2), (2, 5)], 6: [(1, 4), (4, 7), (7, 6), (6, 8)], 3: [(1, 6)]}, padri: [3], figli: [5, 15], mosse: [(6, 5, 1, 6, 1)]
15 -> costo: 63258.0, rotte: {2: [(1, 4)], 4: [(1, 4), (4, 3)], 5: [(1, 2), (2, 5)], 6: [(1, 7), (7, 6), (6, 8)], 3: [(1, 6)]}, padri: [14], figli: [6, 16], mosse: [(4, 6, 1, 4, 1)]
16 -> costo: 62921.600000000006, rotte: {2: [(1, 4)], 4: [(1, 4), (4, 2), (2, 3)], 5: [(1, 5)], 6: [(1, 7), (7, 6), (6, 8)], 3: [(1, 6)]}, padri: [15], figli: [7], mosse: [(4, 5, 4, 2, 5)]
bestSolutionIndice: 7
7 -> costo: 61798.7, rotte: {2: [(1, 4)], 4: [(1, 4), (4, 2), (2, 3)], 5: [(1, 5)], 6: [(1, 6), (6, 7), (7, 8)], 3: [(1, 6)]}, padri: [6, 9, 10, 12, 12, 12, 16], figli: [], mosse: [(4, 5, 4, 2, 5), (4, 6, 1, 4, 1), (4, 5, 1, 4, 1), (6, 5, 1, 6, 1), (6, 5, 7, 6, 1), (6, 5, 8, 6, 1), (6, 6, 6, 7, 19)]
trasportoPalletDiGamma: {2: [(4, 10)], 4: [(4, 1), (2, 5), (3, 7)], 5: [(5, 14)], 6: [(6, 7), (7, 19), (8, 1)], 3: [(6, 10)]}
itMosseLS: 36, itMosseTS: 30
time elapsed: 51.54s.


##########################################################################################
s: 1
dictSolutions[1]:
0 -> costo: 69031.9, rotte: {5: [(1, 2), (2, 5), (5, 4)], 6: [(1, 7), (7, 8)], 3: [(1, 6)], 2: [(1, 4)], 4: [(1, 3), (3, 6)]}, padri: [-1], figli: [1, 5, 6, 8, 5, 5, 10, 10, 10, 11, 11, 11, 12, 12, 12], mosse: [-1]
1 -> costo: 63660.2, rotte: {5: [(1, 4), (4, 2), (2, 5)], 6: [(1, 7), (7, 8)], 3: [(1, 6)], 2: [(1, 4)], 4: [(1, 3), (3, 6)]}, padri: [0, 5, 6, 11, 11, 11], figli: [2, 3], mosse: [(5, 5, 1, 4, 1), (5, 5, 4, 2, 5), (5, 6, 4, 2, 5), (5, 5, 4, 2, 5), (5, 5, 2, 5, 14), (5, 5, 5, 2)]
2 -> costo: 63611.6, rotte: {5: [(1, 2), (2, 5)], 6: [(1, 7), (7, 8)], 3: [(1, 6)], 2: [(1, 4)], 4: [(1, 4), (4, 3), (3, 6)]}, padri: [1, 7, 12, 12, 12], figli: [], mosse: [(4, 5, 1, 4, 1), (5, 6, 1, 2, 5), (5, 5, 5, 2), (5, 5, 1, 2, 5), (5, 5, 2, 5, 14)]
3 -> costo: 63622.2, rotte: {5: [(1, 4), (4, 2), (2, 5)], 6: [(1, 3), (3, 7), (7, 8)], 3: [(1, 6)], 2: [(1, 4)], 4: [(1, 6)]}, padri: [1, 9, 13, 13, 13], figli: [4], mosse: [(6, 4, 1, 3, 7), (5, 5, 4, 2, 5), (5, 5, 4, 2, 5), (5, 5, 2, 5, 14), (5, 5, 5, 2)]
4 -> costo: 63573.600000000006, rotte: {5: [(1, 2), (2, 5)], 6: [(1, 4), (4, 3), (3, 7), (7, 8)], 3: [(1, 6)], 2: [(1, 4)], 4: [(1, 6)]}, padri: [3, 14, 14], figli: [], mosse: [(6, 5, 1, 4, 1), (5, 5, 5, 2), (5, 5, 1, 2, 5)]
5 -> costo: 66960.40000000001, rotte: {5: [(1, 2), (2, 4), (4, 5)], 6: [(1, 7), (7, 8)], 3: [(1, 6)], 2: [(1, 4)], 4: [(1, 3), (3, 6)]}, padri: [0, 0, 0, 10, 11], figli: [1, 6, 8, 9, 14], mosse: [(5, 5, 5, 4), (5, 5, 2, 4, 1), (5, 5, 4, 5, 14), (5, 5, 4, 5, 14), (5, 5, 1, 2, 5)]
6 -> costo: 64008.8, rotte: {5: [(1, 4), (4, 5)], 6: [(1, 2), (2, 7), (7, 8)], 3: [(1, 6)], 2: [(1, 4)], 4: [(1, 3), (3, 6)]}, padri: [5], figli: [7, 1, 8], mosse: [(6, 5, 1, 2, 5)]
7 -> costo: 63623.80000000001, rotte: {5: [(1, 5)], 6: [(1, 2), (2, 7), (7, 8)], 3: [(1, 6)], 2: [(1, 4)], 4: [(1, 4), (4, 3), (3, 6)]}, padri: [6, 8], figli: [2], mosse: [(4, 5, 1, 4, 1), (4, 6, 1, 4, 1)]
8 -> costo: 63672.399999999994, rotte: {5: [(1, 5)], 6: [(1, 4), (4, 2), (2, 7), (7, 8)], 3: [(1, 6)], 2: [(1, 4)], 4: [(1, 3), (3, 6)]}, padri: [6], figli: [7], mosse: [(6, 5, 1, 4, 1)]
9 -> costo: 66922.40000000001, rotte: {5: [(1, 2), (2, 4), (4, 5)], 6: [(1, 3), (3, 7), (7, 8)], 3: [(1, 6)], 2: [(1, 4)], 4: [(1, 6)]}, padri: [5, 13], figli: [3], mosse: [(6, 4, 1, 3, 7), (5, 5, 1, 2, 5)]
10 -> costo: 68695.5, rotte: {5: [(1, 5), (5, 2), (2, 4)], 6: [(1, 7), (7, 8)], 3: [(1, 6)], 2: [(1, 4)], 4: [(1, 3), (3, 6)]}, padri: [0], figli: [5, 11, 12], mosse: [(5, 5, 5, 2, 5)]
11 -> costo: 68161.8, rotte: {5: [(1, 4), (4, 5), (5, 2)], 6: [(1, 7), (7, 8)], 3: [(1, 6)], 2: [(1, 4)], 4: [(1, 3), (3, 6)]}, padri: [10], figli: [1, 1, 1, 5, 12, 13], mosse: [(5, 5, 1, 4, 1)]
12 -> costo: 67776.8, rotte: {5: [(1, 5), (5, 2)], 6: [(1, 7), (7, 8)], 3: [(1, 6)], 2: [(1, 4)], 4: [(1, 4), (4, 3), (3, 6)]}, padri: [11], figli: [2, 2, 2], mosse: [(4, 5, 1, 4, 1)]
13 -> costo: 68123.8, rotte: {5: [(1, 4), (4, 5), (5, 2)], 6: [(1, 3), (3, 7), (7, 8)], 3: [(1, 6)], 2: [(1, 4)], 4: [(1, 6)]}, padri: [11], figli: [3, 3, 3, 9, 14], mosse: [(6, 4, 1, 3, 7)]
14 -> costo: 67738.8, rotte: {5: [(1, 5), (5, 2)], 6: [(1, 4), (4, 3), (3, 7), (7, 8)], 3: [(1, 6)], 2: [(1, 4)], 4: [(1, 6)]}, padri: [13], figli: [4, 4], mosse: [(6, 5, 1, 4, 1)]
bestSolutionIndice: 4
4 -> costo: 63573.600000000006, rotte: {5: [(1, 2), (2, 5)], 6: [(1, 4), (4, 3), (3, 7), (7, 8)], 3: [(1, 6)], 2: [(1, 4)], 4: [(1, 6)]}, padri: [3, 14, 14], figli: [], mosse: [(6, 5, 1, 4, 1), (5, 5, 5, 2), (5, 5, 1, 2, 5)]
trasportoPalletDiGamma: {5: [(2, 5), (5, 14)], 6: [(4, 1), (3, 7), (7, 19), (8, 1)], 3: [(6, 10)], 2: [(4, 10)], 4: [(6, 7)]}
itMosseLS: 35, itMosseTS: 30
time elapsed: 61.03s.


