itNSIMax: 5, itMosseTSMax: 100.
##########################################################################################
s: 1
dictSolutions[1]:
0 -> costo: 74219.99999999999, rotte: {4: [(1, 7)], 3: [(1, 2), (2, 3)], 2: [(1, 6)], 6: [(1, 4), (4, 5), (5, 6)], 5: [(1, 8), (8, 7), (7, 3), (3, 6)]}, padri: [-1], figli: [1], mosse: [-1]
1 -> costo: 72484.99999999999, rotte: {4: [(1, 7)], 3: [(1, 2), (2, 3)], 2: [(1, 6)], 6: [(1, 4), (4, 6), (6, 5)], 5: [(1, 8), (8, 7), (7, 3), (3, 6)]}, padri: [0], figli: [2, 2, 2, 2, 24, 24, 24, 24], mosse: [(6, 6, 4, 6, 5)]
2 -> costo: 71525.69999999998, rotte: {4: [(1, 7)], 3: [(1, 2)], 2: [(1, 6)], 6: [(1, 4), (4, 6), (6, 5)], 5: [(1, 8), (8, 7), (7, 3), (3, 6)]}, padri: [1, 1, 1, 1], figli: [3, 26], mosse: [(5, 3, 1, 3, 5), (5, 3, 8, 3, 5), (5, 3, 7, 3, 5), (5, 3, 6, 3, 5)]
3 -> costo: 71159.79999999999, rotte: {4: [(1, 7)], 3: [(1, 2)], 2: [(1, 6)], 6: [(1, 4), (4, 6), (6, 5)], 5: [(1, 8), (8, 6), (6, 7), (7, 3)]}, padri: [2, 24, 24, 24, 24], figli: [4, 5, 12, 16, 34], mosse: [(5, 5, 8, 6, 2), (5, 3, 1, 3, 5), (5, 3, 8, 3, 5), (5, 3, 6, 3, 5), (5, 3, 7, 3, 5)]
4 -> costo: 70082.59999999999, rotte: {4: [(1, 7)], 3: [(1, 2)], 2: [(1, 6)], 6: [(1, 4), (4, 6), (6, 5)], 5: [(1, 8), (8, 7), (7, 6), (6, 3)]}, padri: [3, 14, 25, 25, 25, 25], figli: [], mosse: [(5, 5, 7, 6, 2), (5, 5, 6, 3, 7), (5, 3, 1, 3, 5), (5, 3, 8, 3, 5), (5, 3, 7, 3, 5), (5, 3, 6, 3, 5)]
5 -> costo: 70212.59999999998, rotte: {4: [(1, 7)], 3: [(1, 2)], 2: [(1, 6)], 6: [(1, 4), (4, 6), (6, 5)], 5: [(1, 6), (6, 7), (7, 3), (3, 8)]}, padri: [3, 26, 26, 26, 26], figli: [6], mosse: [(5, 5, 3, 8, 1), (5, 3, 1, 3, 5), (5, 3, 6, 3, 5), (5, 3, 7, 3, 5), (5, 3, 8, 3, 5)]
6 -> costo: 69164.69999999998, rotte: {4: [(1, 7)], 3: [(1, 2)], 2: [(1, 6)], 6: [(1, 4), (4, 6), (6, 5)], 5: [(1, 6), (6, 3), (3, 7), (7, 8)]}, padri: [5, 15, 27, 27, 27, 27], figli: [7, 8, 9, 30], mosse: [(5, 5, 3, 7, 4), (5, 5, 1, 6, 2), (5, 3, 1, 3, 5), (5, 3, 6, 3, 5), (5, 3, 7, 3, 5), (5, 3, 8, 3, 5)]
7 -> costo: 66475.09999999999, rotte: {4: [(1, 7)], 3: [(1, 2)], 2: [(1, 6)], 6: [(1, 4), (4, 6), (6, 5)], 5: [(1, 3), (3, 6), (6, 7), (7, 8)]}, padri: [6, 8, 13, 13, 13, 15, 28, 28, 28, 28], figli: [], mosse: [(5, 5, 3, 6, 2), (5, 5, 6, 7, 4), (5, 5, 6, 7, 4), (5, 5, 7, 8, 1), (5, 5, 8, 7), (5, 5, 3, 6, 2), (5, 3, 1, 3, 5), (5, 3, 6, 3, 5), (5, 3, 7, 3, 5), (5, 3, 8, 3, 5)]
8 -> costo: 67559.99999999999, rotte: {4: [(1, 7)], 3: [(1, 2)], 2: [(1, 6)], 6: [(1, 4), (4, 6), (6, 5)], 5: [(1, 3), (3, 7), (7, 6), (6, 8)]}, padri: [6, 13, 14, 15, 15, 29, 29, 29, 29], figli: [7], mosse: [(5, 5, 7, 6, 2), (5, 5, 3, 7, 4), (5, 5, 6, 8, 1), (5, 5, 7, 6, 2), (5, 5, 6, 8, 1), (5, 3, 1, 3, 5), (5, 3, 7, 3, 5), (5, 3, 6, 3, 5), (5, 3, 8, 3, 5)]
9 -> costo: 68560.09999999999, rotte: {4: [(1, 7)], 3: [(1, 2), (2, 6)], 2: [(1, 6)], 6: [(1, 4), (4, 6), (6, 5)], 5: [(1, 3), (3, 7), (7, 8)]}, padri: [6], figli: [10], mosse: [(3, 5, 2, 6, 2)]
10 -> costo: 68124.9, rotte: {4: [(1, 7)], 3: [(1, 6)], 2: [(1, 6)], 6: [(1, 4), (4, 6), (6, 5)], 5: [(1, 2), (2, 3), (3, 7), (7, 8)]}, padri: [9], figli: [11], mosse: [(5, 3, 1, 2, 5)]
11 -> costo: 67285.1, rotte: {4: [(1, 7)], 3: [(1, 6)], 2: [(1, 6)], 6: [(1, 4), (4, 5)], 5: [(1, 2), (2, 3), (3, 7), (7, 8)]}, padri: [10], figli: [], mosse: [(3, 6, 1, 6, 5)]
12 -> costo: 70823.89999999998, rotte: {4: [(1, 7)], 3: [(1, 2)], 2: [(1, 6)], 6: [(1, 4), (4, 6), (6, 5)], 5: [(1, 3), (3, 8), (8, 6), (6, 7)]}, padri: [3, 32, 32, 32, 32], figli: [13, 14, 15], mosse: [(5, 5, 1, 3, 7), (5, 3, 1, 3, 5), (5, 3, 8, 3, 5), (5, 3, 6, 3, 5), (5, 3, 7, 3, 5)]
13 -> costo: 69792.89999999998, rotte: {4: [(1, 7)], 3: [(1, 2)], 2: [(1, 6)], 6: [(1, 4), (4, 6), (6, 5)], 5: [(1, 3), (3, 6), (6, 8), (8, 7)]}, padri: [12, 14, 33, 33, 33, 33], figli: [7, 7, 7, 8, 30], mosse: [(5, 5, 6, 8, 1), (5, 5, 3, 6, 2), (5, 3, 1, 3, 5), (5, 3, 6, 3, 5), (5, 3, 8, 3, 5), (5, 3, 7, 3, 5)]
14 -> costo: 70324.29999999997, rotte: {4: [(1, 7)], 3: [(1, 2)], 2: [(1, 6)], 6: [(1, 4), (4, 6), (6, 5)], 5: [(1, 3), (3, 8), (8, 7), (7, 6)]}, padri: [12, 15, 34, 34, 34, 34], figli: [8, 13, 4, 30], mosse: [(5, 5, 6, 7), (5, 5, 8, 7, 4), (5, 3, 1, 3, 5), (5, 3, 8, 3, 5), (5, 3, 7, 3, 5), (5, 3, 6, 3, 5)]
15 -> costo: 70353.59999999999, rotte: {4: [(1, 7)], 3: [(1, 2)], 2: [(1, 6)], 6: [(1, 4), (4, 6), (6, 5)], 5: [(1, 3), (3, 7), (7, 8), (8, 6)]}, padri: [12], figli: [7, 8, 8, 6, 14, 30, 30], mosse: [(5, 5, 3, 7, 4)]
16 -> costo: 70859.09999999999, rotte: {4: [(1, 7)], 3: [(1, 2), (2, 8)], 2: [(1, 6)], 6: [(1, 4), (4, 6), (6, 5)], 5: [(1, 6), (6, 7), (7, 3)]}, padri: [3], figli: [17, 20, 22, 23], mosse: [(3, 5, 2, 8, 1)]
17 -> costo: 69030.4, rotte: {4: [(1, 7)], 3: [(1, 2), (2, 8)], 2: [(1, 6)], 6: [(1, 4), (4, 6), (6, 5)], 5: [(1, 3), (3, 6), (6, 7)]}, padri: [16], figli: [18, 19], mosse: [(5, 5, 1, 3, 7)]
18 -> costo: 67102.4, rotte: {4: [(1, 7)], 3: [(1, 8)], 2: [(1, 6)], 6: [(1, 4), (4, 6), (6, 5)], 5: [(1, 2), (2, 3), (3, 6), (6, 7)]}, padri: [17, 19, 21, 23], figli: [], mosse: [(5, 3, 1, 2, 5), (5, 5, 2, 3, 7), (5, 5, 2, 3, 7), (5, 5, 1, 2, 5)]
19 -> costo: 68873.29999999999, rotte: {4: [(1, 7)], 3: [(1, 8)], 2: [(1, 6)], 6: [(1, 4), (4, 6), (6, 5)], 5: [(1, 3), (3, 2), (2, 6), (6, 7)]}, padri: [17, 21, 23], figli: [18], mosse: [(5, 3, 3, 2, 5), (5, 5, 1, 3, 7), (5, 5, 3, 2, 5)]
20 -> costo: 70055.49999999999, rotte: {4: [(1, 7)], 3: [(1, 8)], 2: [(1, 6)], 6: [(1, 4), (4, 6), (6, 5)], 5: [(1, 6), (6, 7), (7, 3), (3, 2)]}, padri: [16, 22, 22, 23], figli: [21], mosse: [(5, 3, 3, 2, 5), (5, 5, 7, 3, 7), (5, 5, 3, 2, 5), (5, 5, 7, 3, 7)]
21 -> costo: 69366.3, rotte: {4: [(1, 7)], 3: [(1, 8)], 2: [(1, 6)], 6: [(1, 4), (4, 6), (6, 5)], 5: [(1, 2), (2, 6), (6, 7), (7, 3)]}, padri: [20], figli: [18, 19], mosse: [(5, 5, 1, 2, 5)]
22 -> costo: 70702.0, rotte: {4: [(1, 7)], 3: [(1, 8)], 2: [(1, 6)], 6: [(1, 4), (4, 6), (6, 5)], 5: [(1, 6), (6, 7), (7, 2), (2, 3)]}, padri: [16], figli: [20, 20, 23, 23], mosse: [(5, 3, 7, 2, 5)]
23 -> costo: 70490.7, rotte: {4: [(1, 7)], 3: [(1, 8)], 2: [(1, 6)], 6: [(1, 4), (4, 6), (6, 5)], 5: [(1, 3), (3, 6), (6, 7), (7, 2)]}, padri: [22], figli: [18, 19, 20], mosse: [(5, 5, 1, 3, 7)]
24 -> costo: 72119.09999999999, rotte: {4: [(1, 7)], 3: [(1, 2), (2, 3)], 2: [(1, 6)], 6: [(1, 4), (4, 6), (6, 5)], 5: [(1, 8), (8, 6), (6, 7), (7, 3)]}, padri: [1], figli: [25, 3, 3, 3, 3, 26, 26, 26, 26, 32], mosse: [(5, 5, 8, 6, 2)]
25 -> costo: 71041.9, rotte: {4: [(1, 7)], 3: [(1, 2), (2, 3)], 2: [(1, 6)], 6: [(1, 4), (4, 6), (6, 5)], 5: [(1, 8), (8, 7), (7, 6), (6, 3)]}, padri: [24], figli: [4, 4, 4, 4], mosse: [(5, 5, 7, 6, 2)]
26 -> costo: 71171.89999999998, rotte: {4: [(1, 7)], 3: [(1, 2), (2, 3)], 2: [(1, 6)], 6: [(1, 4), (4, 6), (6, 5)], 5: [(1, 6), (6, 7), (7, 3), (3, 8)]}, padri: [24], figli: [27, 5, 5, 5, 5], mosse: [(5, 5, 3, 8, 1)]
27 -> costo: 70124.0, rotte: {4: [(1, 7)], 3: [(1, 2), (2, 3)], 2: [(1, 6)], 6: [(1, 4), (4, 6), (6, 5)], 5: [(1, 6), (6, 3), (3, 7), (7, 8)]}, padri: [26], figli: [28, 29, 6, 6, 6, 6], mosse: [(5, 5, 3, 7, 4)]
28 -> costo: 67434.4, rotte: {4: [(1, 7)], 3: [(1, 2), (2, 3)], 2: [(1, 6)], 6: [(1, 4), (4, 6), (6, 5)], 5: [(1, 3), (3, 6), (6, 7), (7, 8)]}, padri: [27, 29, 33, 33, 33], figli: [7, 7, 7, 7], mosse: [(5, 5, 3, 6, 2), (5, 5, 6, 7, 4), (5, 5, 6, 7, 4), (5, 5, 7, 8, 1), (5, 5, 8, 7)]
29 -> costo: 68519.29999999999, rotte: {4: [(1, 7)], 3: [(1, 2), (2, 3)], 2: [(1, 6)], 6: [(1, 4), (4, 6), (6, 5)], 5: [(1, 3), (3, 7), (7, 6), (6, 8)]}, padri: [27, 33, 34], figli: [28, 8, 8, 8, 8, 30, 30, 30, 30, 36], mosse: [(5, 5, 7, 6, 2), (5, 5, 3, 7, 4), (5, 5, 6, 8, 1)]
30 -> costo: 68084.1, rotte: {4: [(1, 7)], 3: [(1, 2), (2, 3)], 2: [(1, 6)], 6: [(1, 6), (6, 5)], 5: [(1, 4), (4, 3), (3, 7), (7, 6), (6, 8)]}, padri: [29, 35], figli: [31], mosse: [(5, 6, 1, 4, 11), (5, 5, 6, 8, 1)]
31 -> costo: 66999.2, rotte: {4: [(1, 7)], 3: [(1, 2), (2, 3)], 2: [(1, 6)], 6: [(1, 6), (6, 5)], 5: [(1, 4), (4, 3), (3, 6), (6, 7), (7, 8)]}, padri: [30, 36, 36, 36], figli: [], mosse: [(5, 5, 6, 7, 4), (5, 5, 6, 7, 4), (5, 5, 7, 8, 1), (5, 5, 8, 7)]
32 -> costo: 71783.19999999998, rotte: {4: [(1, 7)], 3: [(1, 2), (2, 3)], 2: [(1, 6)], 6: [(1, 4), (4, 6), (6, 5)], 5: [(1, 3), (3, 8), (8, 6), (6, 7)]}, padri: [24], figli: [33, 12, 12, 12, 12, 34, 34, 34, 34, 35], mosse: [(5, 5, 1, 3, 2)]
33 -> costo: 70752.19999999998, rotte: {4: [(1, 7)], 3: [(1, 2), (2, 3)], 2: [(1, 6)], 6: [(1, 4), (4, 6), (6, 5)], 5: [(1, 3), (3, 6), (6, 8), (8, 7)]}, padri: [32, 34], figli: [28, 28, 28, 29, 13, 13, 13, 13], mosse: [(5, 5, 6, 8, 1), (5, 5, 3, 6, 2)]
34 -> costo: 71283.59999999998, rotte: {4: [(1, 7)], 3: [(1, 2), (2, 3)], 2: [(1, 6)], 6: [(1, 4), (4, 6), (6, 5)], 5: [(1, 3), (3, 8), (8, 7), (7, 6)]}, padri: [32], figli: [29, 14, 14, 14, 14, 33, 35], mosse: [(5, 5, 6, 7)]
35 -> costo: 70848.4, rotte: {4: [(1, 7)], 3: [(1, 2), (2, 3)], 2: [(1, 6)], 6: [(1, 6), (6, 5)], 5: [(1, 4), (4, 3), (3, 8), (8, 7), (7, 6)]}, padri: [34], figli: [30, 36], mosse: [(5, 6, 1, 4, 11)]
36 -> costo: 70317.0, rotte: {4: [(1, 7)], 3: [(1, 2), (2, 3)], 2: [(1, 6)], 6: [(1, 6), (6, 5)], 5: [(1, 4), (4, 3), (3, 6), (6, 8), (8, 7)]}, padri: [35], figli: [31, 31, 31], mosse: [(5, 5, 3, 6, 2)]
bestSolutionIndice: 7
7 -> costo: 66475.09999999999, rotte: {4: [(1, 7)], 3: [(1, 2)], 2: [(1, 6)], 6: [(1, 4), (4, 6), (6, 5)], 5: [(1, 3), (3, 6), (6, 7), (7, 8)]}, padri: [6, 8, 13, 13, 13, 15, 28, 28, 28, 28], figli: [], mosse: [(5, 5, 3, 6, 2), (5, 5, 6, 7, 4), (5, 5, 6, 7, 4), (5, 5, 7, 8, 1), (5, 5, 8, 7), (5, 5, 3, 6, 2), (5, 3, 1, 3, 5), (5, 3, 6, 3, 5), (5, 3, 7, 3, 5), (5, 3, 8, 3, 5)]
trasportoPalletDiGamma: {4: [(7, 15)], 3: [(2, 5)], 2: [(6, 10)], 6: [(4, 11), (6, 5), (5, 14)], 5: [(3, 7), (6, 2), (7, 4), (8, 1)]}
itMosseLS: 107, itMosseTS: 100
time elapsed: 287.05s.


##########################################################################################
s: 1
dictSolutions[1]:
0 -> costo: 67499.9, rotte: {6: [(1, 6), (6, 3), (3, 5)], 5: [(1, 7), (7, 8)], 2: [(1, 4)], 3: [(1, 5)], 4: [(1, 2), (2, 4)]}, padri: [-1], figli: [1, 4, 4, 4, 7, 7, 7], mosse: [-1]
1 -> costo: 65409.7, rotte: {6: [(1, 3), (3, 6), (6, 5)], 5: [(1, 7), (7, 8)], 2: [(1, 4)], 3: [(1, 5)], 4: [(1, 2), (2, 4)]}, padri: [0, 7, 7, 7], figli: [2, 2, 2, 5, 5, 5, 6, 6, 6], mosse: [(6, 6, 3, 6, 17), (6, 6, 3, 6, 17), (6, 6, 6, 5, 4), (6, 6, 5, 6)]
2 -> costo: 64539.59999999999, rotte: {6: [(1, 3), (3, 6), (6, 5)], 5: [(1, 7), (7, 8)], 2: [(1, 4)], 3: [(1, 5)], 4: [(1, 4), (4, 2)]}, padri: [1, 1, 1, 4, 5, 5, 5], figli: [3], mosse: [(4, 4, 1, 4, 1), (4, 4, 4, 2, 5), (4, 4, 2, 4), (6, 6, 3, 6, 17), (6, 6, 3, 6, 17), (6, 6, 6, 5, 4), (6, 6, 5, 6)]
3 -> costo: 64490.99999999999, rotte: {6: [(1, 4), (4, 3), (3, 6), (6, 5)], 5: [(1, 7), (7, 8)], 2: [(1, 4)], 3: [(1, 5)], 4: [(1, 2)]}, padri: [2, 6, 6, 6], figli: [], mosse: [(6, 4, 1, 4, 1), (6, 6, 3, 6, 17), (6, 6, 6, 5, 4), (6, 6, 5, 6)]
4 -> costo: 66629.79999999999, rotte: {6: [(1, 6), (6, 3), (3, 5)], 5: [(1, 7), (7, 8)], 2: [(1, 4)], 3: [(1, 5)], 4: [(1, 4), (4, 2)]}, padri: [0, 0, 0], figli: [2, 5, 6], mosse: [(4, 4, 1, 4, 1), (4, 4, 4, 2, 5), (4, 4, 2, 4)]
5 -> costo: 66249.99999999999, rotte: {6: [(1, 3), (3, 5), (5, 6)], 5: [(1, 7), (7, 8)], 2: [(1, 4)], 3: [(1, 5)], 4: [(1, 4), (4, 2)]}, padri: [4, 7, 7, 7], figli: [2, 2, 2, 6, 6, 6], mosse: [(6, 6, 5, 6, 17), (4, 4, 1, 4, 1), (4, 4, 4, 2, 5), (4, 4, 2, 4)]
6 -> costo: 66201.4, rotte: {6: [(1, 4), (4, 3), (3, 5), (5, 6)], 5: [(1, 7), (7, 8)], 2: [(1, 4)], 3: [(1, 5)], 4: [(1, 2)]}, padri: [5], figli: [3, 3, 3], mosse: [(6, 4, 1, 4, 1)]
7 -> costo: 67120.09999999999, rotte: {6: [(1, 3), (3, 5), (5, 6)], 5: [(1, 7), (7, 8)], 2: [(1, 4)], 3: [(1, 5)], 4: [(1, 2), (2, 4)]}, padri: [0], figli: [1, 1, 1, 5, 5, 5], mosse: [(6, 6, 5, 6, 17)]
bestSolutionIndice: 3
3 -> costo: 64490.99999999999, rotte: {6: [(1, 4), (4, 3), (3, 6), (6, 5)], 5: [(1, 7), (7, 8)], 2: [(1, 4)], 3: [(1, 5)], 4: [(1, 2)]}, padri: [2, 6, 6, 6], figli: [], mosse: [(6, 4, 1, 4, 1), (6, 6, 3, 6, 17), (6, 6, 6, 5, 4), (6, 6, 5, 6)]
trasportoPalletDiGamma: {6: [(4, 1), (3, 7), (6, 17), (5, 4)], 5: [(7, 19), (8, 1)], 2: [(4, 10)], 3: [(5, 10)], 4: [(2, 5)]}
itMosseLS: 24, itMosseTS: 24
time elapsed: 39.57s.


##########################################################################################
s: 1
dictSolutions[1]:
0 -> costo: 74611.7, rotte: {2: [(1, 3), (3, 4)], 4: [(1, 8), (8, 7)], 3: [(1, 5)], 6: [(1, 6), (6, 5), (5, 7)], 5: [(1, 2), (2, 4)]}, padri: [-1], figli: [1, 27], mosse: [-1]
1 -> costo: 71262.9, rotte: {2: [(1, 4)], 4: [(1, 8), (8, 7)], 3: [(1, 5)], 6: [(1, 6), (6, 5), (5, 7)], 5: [(1, 2), (2, 3), (3, 4)]}, padri: [0], figli: [2, 13, 13, 13, 17, 17, 17, 22, 22, 22, 23, 24], mosse: [(5, 2, 2, 3, 7)]
2 -> costo: 69317.0, rotte: {2: [(1, 4)], 4: [(1, 8), (8, 7)], 3: [(1, 5)], 6: [(1, 6), (6, 5), (5, 7)], 5: [(1, 4), (4, 2), (2, 3)]}, padri: [1], figli: [3, 3, 3, 7, 7, 7, 9, 9, 9, 10, 11, 14, 14, 14], mosse: [(5, 5, 1, 4, 8)]
3 -> costo: 67571.59999999999, rotte: {2: [(1, 4)], 4: [(1, 7), (7, 8)], 3: [(1, 5)], 6: [(1, 6), (6, 5), (5, 7)], 5: [(1, 4), (4, 2), (2, 3)]}, padri: [2, 2, 2, 13], figli: [4, 4, 4, 5, 5, 5, 6, 12], mosse: [(4, 4, 1, 7, 14), (4, 4, 7, 8, 1), (4, 4, 8, 7), (5, 5, 1, 4, 8)]
4 -> costo: 65836.59999999999, rotte: {2: [(1, 4)], 4: [(1, 7), (7, 8)], 3: [(1, 5)], 6: [(1, 6), (6, 7), (7, 5)], 5: [(1, 4), (4, 2), (2, 3)]}, padri: [3, 3, 3, 6, 9, 9, 9, 14], figli: [], mosse: [(6, 6, 5, 7), (6, 6, 6, 7, 5), (6, 6, 7, 5, 4), (6, 6, 7, 5, 4), (4, 4, 1, 7, 14), (4, 4, 7, 8, 1), (4, 4, 8, 7), (5, 5, 1, 4, 8)]
5 -> costo: 66182.9, rotte: {2: [(1, 4)], 4: [(1, 7), (7, 8)], 3: [(1, 5)], 6: [(1, 7), (7, 6), (6, 5)], 5: [(1, 4), (4, 2), (2, 3)]}, padri: [3, 10, 10, 10, 15], figli: [], mosse: [(6, 6, 1, 7, 5), (4, 4, 1, 7, 14), (4, 4, 7, 8, 1), (4, 4, 8, 7), (5, 5, 1, 4, 8)]
6 -> costo: 67357.1, rotte: {2: [(1, 4)], 4: [(1, 7), (7, 8)], 3: [(1, 5)], 6: [(1, 5), (5, 6), (6, 7)], 5: [(1, 4), (4, 2), (2, 3)]}, padri: [3, 11, 11, 11, 16], figli: [4], mosse: [(6, 6, 5, 6, 17), (4, 4, 1, 7, 14), (4, 4, 7, 8, 1), (4, 4, 8, 7), (5, 5, 1, 4, 8)]
7 -> costo: 67571.59999999999, rotte: {2: [(1, 4)], 4: [(1, 7)], 3: [(1, 5)], 6: [(1, 6), (6, 5), (5, 7), (7, 8)], 5: [(1, 4), (4, 2), (2, 3)]}, padri: [2, 2, 2], figli: [8], mosse: [(6, 4, 7, 8, 1)]
8 -> costo: 67357.1, rotte: {2: [(1, 4)], 4: [(1, 7)], 3: [(1, 5)], 6: [(1, 5), (5, 6), (6, 7), (7, 8)], 5: [(1, 4), (4, 2), (2, 3)]}, padri: [7], figli: [], mosse: [(6, 6, 5, 6, 17)]
9 -> costo: 67582.0, rotte: {2: [(1, 4)], 4: [(1, 8), (8, 7)], 3: [(1, 5)], 6: [(1, 6), (6, 7), (7, 5)], 5: [(1, 4), (4, 2), (2, 3)]}, padri: [2, 10, 11, 22], figli: [4, 4, 4], mosse: [(6, 6, 5, 7), (6, 6, 6, 7, 5), (6, 6, 7, 5, 4), (5, 5, 1, 4, 8)]
10 -> costo: 67928.3, rotte: {2: [(1, 4)], 4: [(1, 8), (8, 7)], 3: [(1, 5)], 6: [(1, 7), (7, 6), (6, 5)], 5: [(1, 4), (4, 2), (2, 3)]}, padri: [2, 23], figli: [5, 5, 5, 9], mosse: [(6, 6, 1, 7, 5), (5, 5, 1, 4, 8)]
11 -> costo: 69102.5, rotte: {2: [(1, 4)], 4: [(1, 8), (8, 7)], 3: [(1, 5)], 6: [(1, 5), (5, 6), (6, 7)], 5: [(1, 4), (4, 2), (2, 3)]}, padri: [2, 24], figli: [6, 6, 6, 12, 12, 12, 9], mosse: [(6, 6, 5, 6, 17), (5, 5, 1, 4, 8)]
12 -> costo: 67357.1, rotte: {2: [(1, 4)], 4: [(1, 7)], 3: [(1, 5)], 6: [(1, 5), (5, 6), (6, 7), (7, 8)], 5: [(1, 4), (4, 2), (2, 3)]}, padri: [3, 11, 11, 11], figli: [], mosse: [(6, 4, 7, 8, 1)]
13 -> costo: 69517.49999999999, rotte: {2: [(1, 4)], 4: [(1, 7), (7, 8)], 3: [(1, 5)], 6: [(1, 6), (6, 5), (5, 7)], 5: [(1, 2), (2, 3), (3, 4)]}, padri: [1, 1, 1], figli: [3, 14, 14, 14, 15, 15, 15, 16, 25], mosse: [(4, 4, 1, 7, 14), (4, 4, 7, 8, 1), (4, 4, 8, 7)]
14 -> costo: 67782.5, rotte: {2: [(1, 4)], 4: [(1, 7), (7, 8)], 3: [(1, 5)], 6: [(1, 6), (6, 7), (7, 5)], 5: [(1, 2), (2, 3), (3, 4)]}, padri: [13, 13, 13, 16, 22, 22, 22], figli: [4], mosse: [(6, 6, 5, 7), (6, 6, 6, 7, 5), (6, 6, 7, 5, 4), (6, 6, 7, 5, 4), (4, 4, 1, 7, 14), (4, 4, 7, 8, 1), (4, 4, 8, 7)]
15 -> costo: 68128.79999999999, rotte: {2: [(1, 4)], 4: [(1, 7), (7, 8)], 3: [(1, 5)], 6: [(1, 7), (7, 6), (6, 5)], 5: [(1, 2), (2, 3), (3, 4)]}, padri: [13, 23, 23, 23], figli: [5], mosse: [(6, 6, 1, 7, 5), (4, 4, 1, 7, 14), (4, 4, 7, 8, 1), (4, 4, 8, 7)]
16 -> costo: 69303.0, rotte: {2: [(1, 4)], 4: [(1, 7), (7, 8)], 3: [(1, 5)], 6: [(1, 5), (5, 6), (6, 7)], 5: [(1, 2), (2, 3), (3, 4)]}, padri: [13, 24, 24, 24], figli: [6, 14], mosse: [(6, 6, 5, 6, 17), (4, 4, 1, 7, 14), (4, 4, 7, 8, 1), (4, 4, 8, 7)]
17 -> costo: 69517.49999999999, rotte: {2: [(1, 4)], 4: [(1, 7)], 3: [(1, 5)], 6: [(1, 6), (6, 5), (5, 7), (7, 8)], 5: [(1, 2), (2, 3), (3, 4)]}, padri: [1, 1, 1], figli: [18, 20], mosse: [(6, 4, 7, 8, 1)]
18 -> costo: 67571.59999999999, rotte: {2: [(1, 4)], 4: [(1, 7)], 3: [(1, 5)], 6: [(1, 6), (6, 5), (5, 7), (7, 8)], 5: [(1, 4), (4, 2), (2, 3)]}, padri: [17], figli: [19], mosse: [(5, 5, 1, 4, 8)]
19 -> costo: 67357.1, rotte: {2: [(1, 4)], 4: [(1, 7)], 3: [(1, 5)], 6: [(1, 5), (5, 6), (6, 7), (7, 8)], 5: [(1, 4), (4, 2), (2, 3)]}, padri: [18], figli: [], mosse: [(6, 6, 5, 6, 17)]
20 -> costo: 69303.0, rotte: {2: [(1, 4)], 4: [(1, 7)], 3: [(1, 5)], 6: [(1, 5), (5, 6), (6, 7), (7, 8)], 5: [(1, 2), (2, 3), (3, 4)]}, padri: [17], figli: [21], mosse: [(6, 6, 5, 6, 17)]
21 -> costo: 67357.1, rotte: {2: [(1, 4)], 4: [(1, 7)], 3: [(1, 5)], 6: [(1, 5), (5, 6), (6, 7), (7, 8)], 5: [(1, 4), (4, 2), (2, 3)]}, padri: [20], figli: [], mosse: [(5, 5, 1, 4, 8)]
22 -> costo: 69527.9, rotte: {2: [(1, 4)], 4: [(1, 8), (8, 7)], 3: [(1, 5)], 6: [(1, 6), (6, 7), (7, 5)], 5: [(1, 2), (2, 3), (3, 4)]}, padri: [1, 23, 24], figli: [9, 14, 14, 14], mosse: [(6, 6, 5, 7), (6, 6, 6, 7, 5), (6, 6, 7, 5, 4)]
23 -> costo: 69874.2, rotte: {2: [(1, 4)], 4: [(1, 8), (8, 7)], 3: [(1, 5)], 6: [(1, 7), (7, 6), (6, 5)], 5: [(1, 2), (2, 3), (3, 4)]}, padri: [1], figli: [10, 15, 15, 15, 22], mosse: [(6, 6, 1, 7, 5)]
24 -> costo: 71048.40000000001, rotte: {2: [(1, 4)], 4: [(1, 8), (8, 7)], 3: [(1, 5)], 6: [(1, 5), (5, 6), (6, 7)], 5: [(1, 2), (2, 3), (3, 4)]}, padri: [1], figli: [11, 16, 16, 16, 25, 25, 25, 22], mosse: [(6, 6, 5, 6, 17)]
25 -> costo: 69303.0, rotte: {2: [(1, 4)], 4: [(1, 7)], 3: [(1, 5)], 6: [(1, 5), (5, 6), (6, 7), (7, 8)], 5: [(1, 2), (2, 3), (3, 4)]}, padri: [13, 24, 24, 24], figli: [26], mosse: [(6, 4, 7, 8, 1)]
26 -> costo: 67357.1, rotte: {2: [(1, 4)], 4: [(1, 7)], 3: [(1, 5)], 6: [(1, 5), (5, 6), (6, 7), (7, 8)], 5: [(1, 4), (4, 2), (2, 3)]}, padri: [25], figli: [], mosse: [(5, 5, 1, 4, 8)]
27 -> costo: 71389.8, rotte: {2: [(1, 3)], 4: [(1, 8), (8, 7)], 3: [(1, 5)], 6: [(1, 6), (6, 5), (5, 7)], 5: [(1, 2), (2, 4)]}, padri: [0], figli: [28, 28, 28, 37, 37, 37], mosse: [(5, 2, 1, 4, 3)]
28 -> costo: 69644.4, rotte: {2: [(1, 3)], 4: [(1, 7), (7, 8)], 3: [(1, 5)], 6: [(1, 6), (6, 5), (5, 7)], 5: [(1, 2), (2, 4)]}, padri: [27, 27, 27], figli: [29, 29, 29, 31, 31, 31, 33, 33, 33, 36, 36, 36], mosse: [(4, 4, 1, 7, 14), (4, 4, 7, 8, 1), (4, 4, 8, 7)]
29 -> costo: 67909.4, rotte: {2: [(1, 3)], 4: [(1, 7), (7, 8)], 3: [(1, 5)], 6: [(1, 6), (6, 7), (7, 5)], 5: [(1, 2), (2, 4)]}, padri: [28, 28, 28, 36], figli: [30, 30, 30, 35, 35, 35], mosse: [(6, 6, 5, 7), (6, 6, 6, 7, 5), (6, 6, 7, 5, 4), (6, 6, 7, 5, 4)]
30 -> costo: 67039.29999999999, rotte: {2: [(1, 3)], 4: [(1, 7), (7, 8)], 3: [(1, 5)], 6: [(1, 6), (6, 7), (7, 5)], 5: [(1, 4), (4, 2)]}, padri: [29, 29, 29, 33, 33, 33, 34], figli: [], mosse: [(5, 5, 1, 4, 11), (5, 5, 4, 2, 5), (5, 5, 2, 4), (6, 6, 5, 7), (6, 6, 6, 7, 5), (6, 6, 7, 5, 4), (6, 6, 7, 5, 4)]
31 -> costo: 68255.7, rotte: {2: [(1, 3)], 4: [(1, 7), (7, 8)], 3: [(1, 5)], 6: [(1, 7), (7, 6), (6, 5)], 5: [(1, 2), (2, 4)]}, padri: [28], figli: [32, 32, 32, 34, 34, 34], mosse: [(6, 6, 1, 7, 5)]
32 -> costo: 67385.59999999999, rotte: {2: [(1, 3)], 4: [(1, 7), (7, 8)], 3: [(1, 5)], 6: [(1, 7), (7, 6), (6, 5)], 5: [(1, 4), (4, 2)]}, padri: [31, 31, 31, 33], figli: [], mosse: [(5, 5, 1, 4, 11), (5, 5, 4, 2, 5), (5, 5, 2, 4), (6, 6, 1, 7, 5)]
33 -> costo: 68774.29999999999, rotte: {2: [(1, 3)], 4: [(1, 7), (7, 8)], 3: [(1, 5)], 6: [(1, 6), (6, 5), (5, 7)], 5: [(1, 4), (4, 2)]}, padri: [28, 28, 28], figli: [30, 30, 30, 32, 34, 35, 35, 35], mosse: [(5, 5, 1, 4, 11), (5, 5, 4, 2, 5), (5, 5, 2, 4)]
34 -> costo: 68559.8, rotte: {2: [(1, 3)], 4: [(1, 7), (7, 8)], 3: [(1, 5)], 6: [(1, 5), (5, 6), (6, 7)], 5: [(1, 4), (4, 2)]}, padri: [33, 36, 36, 36], figli: [30, 35], mosse: [(6, 6, 5, 6, 17), (5, 5, 1, 4, 11), (5, 5, 4, 2, 5), (5, 5, 2, 4)]
35 -> costo: 68284.79999999999, rotte: {2: [(1, 3)], 4: [(1, 7), (7, 8)], 3: [(1, 5)], 6: [(1, 6), (6, 7)], 5: [(1, 4), (4, 2), (2, 5)]}, padri: [34], figli: [], mosse: [(5, 6, 2, 5, 4)]
36 -> costo: 69429.90000000001, rotte: {2: [(1, 3)], 4: [(1, 7), (7, 8)], 3: [(1, 5)], 6: [(1, 5), (5, 6), (6, 7)], 5: [(1, 2), (2, 4)]}, padri: [28], figli: [29, 34, 34, 34], mosse: [(6, 6, 5, 6, 17)]
37 -> costo: 69644.4, rotte: {2: [(1, 3)], 4: [(1, 7)], 3: [(1, 5)], 6: [(1, 6), (6, 5), (5, 7), (7, 8)], 5: [(1, 2), (2, 4)]}, padri: [27, 27, 27], figli: [38, 41, 44], mosse: [(6, 4, 7, 8, 1)]
38 -> costo: 68774.29999999999, rotte: {2: [(1, 3)], 4: [(1, 7)], 3: [(1, 5)], 6: [(1, 6), (6, 5), (5, 7), (7, 8)], 5: [(1, 4), (4, 2)]}, padri: [37], figli: [39], mosse: [(5, 5, 1, 4, 11)]
39 -> costo: 68559.8, rotte: {2: [(1, 3)], 4: [(1, 7)], 3: [(1, 5)], 6: [(1, 5), (5, 6), (6, 7), (7, 8)], 5: [(1, 4), (4, 2)]}, padri: [38], figli: [40], mosse: [(6, 6, 5, 6, 17)]
40 -> costo: 68284.79999999999, rotte: {2: [(1, 3)], 4: [(1, 7)], 3: [(1, 5)], 6: [(1, 6), (6, 7), (7, 8)], 5: [(1, 4), (4, 2), (2, 5)]}, padri: [39], figli: [], mosse: [(5, 6, 2, 5, 4)]
41 -> costo: 68774.29999999999, rotte: {2: [(1, 3)], 4: [(1, 7)], 3: [(1, 5)], 6: [(1, 6), (6, 5), (5, 7), (7, 8)], 5: [(1, 4), (4, 2)]}, padri: [37], figli: [42], mosse: [(5, 5, 4, 2, 5)]
42 -> costo: 68559.8, rotte: {2: [(1, 3)], 4: [(1, 7)], 3: [(1, 5)], 6: [(1, 5), (5, 6), (6, 7), (7, 8)], 5: [(1, 4), (4, 2)]}, padri: [41], figli: [43], mosse: [(6, 6, 5, 6, 17)]
43 -> costo: 68284.79999999999, rotte: {2: [(1, 3)], 4: [(1, 7)], 3: [(1, 5)], 6: [(1, 6), (6, 7), (7, 8)], 5: [(1, 4), (4, 2), (2, 5)]}, padri: [42], figli: [], mosse: [(5, 6, 2, 5, 4)]
44 -> costo: 68774.29999999999, rotte: {2: [(1, 3)], 4: [(1, 7)], 3: [(1, 5)], 6: [(1, 6), (6, 5), (5, 7), (7, 8)], 5: [(1, 4), (4, 2)]}, padri: [37], figli: [45], mosse: [(5, 5, 2, 4)]
45 -> costo: 68559.8, rotte: {2: [(1, 3)], 4: [(1, 7)], 3: [(1, 5)], 6: [(1, 5), (5, 6), (6, 7), (7, 8)], 5: [(1, 4), (4, 2)]}, padri: [44], figli: [46], mosse: [(6, 6, 5, 6, 17)]
46 -> costo: 68284.79999999999, rotte: {2: [(1, 3)], 4: [(1, 7)], 3: [(1, 5)], 6: [(1, 6), (6, 7), (7, 8)], 5: [(1, 4), (4, 2), (2, 5)]}, padri: [45], figli: [], mosse: [(5, 6, 2, 5, 4)]
bestSolutionIndice: 4
4 -> costo: 65836.59999999999, rotte: {2: [(1, 4)], 4: [(1, 7), (7, 8)], 3: [(1, 5)], 6: [(1, 6), (6, 7), (7, 5)], 5: [(1, 4), (4, 2), (2, 3)]}, padri: [3, 3, 3, 6, 9, 9, 9, 14], figli: [], mosse: [(6, 6, 5, 7), (6, 6, 6, 7, 5), (6, 6, 7, 5, 4), (6, 6, 7, 5, 4), (4, 4, 1, 7, 14), (4, 4, 7, 8, 1), (4, 4, 8, 7), (5, 5, 1, 4, 8)]
trasportoPalletDiGamma: {2: [(4, 3)], 4: [(7, 14), (8, 1)], 3: [(5, 10)], 6: [(6, 17), (7, 5), (5, 4)], 5: [(4, 8), (2, 5), (3, 7)]}
itMosseLS: 104, itMosseTS: 100
time elapsed: 173.14s.


##########################################################################################
s: 1
dictSolutions[1]:
0 -> costo: 75630.5, rotte: {3: [(1, 3), (3, 2)], 5: [(1, 5), (5, 8), (8, 6)], 6: [(1, 7), (7, 4), (4, 2)], 2: [(1, 4)], 4: [(1, 6)]}, padri: [-1], figli: [1], mosse: [-1]
1 -> costo: 69339.2, rotte: {3: [(1, 3), (3, 2)], 5: [(1, 5), (5, 8), (8, 6)], 6: [(1, 4), (4, 2), (2, 7)], 2: [(1, 4)], 4: [(1, 6)]}, padri: [0], figli: [2, 21, 21, 35, 35], mosse: [(6, 6, 2, 7, 19)]
2 -> costo: 65985.3, rotte: {3: [(1, 3), (3, 2)], 5: [(1, 6), (6, 5), (5, 8)], 6: [(1, 4), (4, 2), (2, 7)], 2: [(1, 4)], 4: [(1, 6)]}, padri: [1, 21], figli: [3, 6, 6, 6, 11, 11, 11, 13, 13, 13, 15, 15, 15, 17, 17, 17, 23, 25, 25, 25, 56], mosse: [(5, 5, 1, 6, 2), (5, 5, 6, 5, 14)]
3 -> costo: 64214.40000000001, rotte: {3: [(1, 2)], 5: [(1, 6), (6, 5), (5, 8)], 6: [(1, 4), (4, 2), (2, 3), (3, 7)], 2: [(1, 4)], 4: [(1, 6)]}, padri: [2, 22, 55], figli: [4], mosse: [(6, 3, 2, 3, 7), (5, 5, 6, 5, 14), (5, 5, 5, 8, 1)]
4 -> costo: 64165.8, rotte: {3: [(1, 2)], 5: [(1, 6), (6, 5), (5, 8)], 6: [(1, 4), (4, 3), (3, 7)], 2: [(1, 4)], 4: [(1, 6)]}, padri: [3, 23, 66], figli: [5], mosse: [(3, 6, 1, 2, 2), (5, 5, 6, 5, 14), (5, 5, 5, 8, 1)]
5 -> costo: 63641.2, rotte: {3: [(1, 2)], 5: [(1, 5), (5, 8)], 6: [(1, 4), (4, 3), (3, 6), (6, 7)], 2: [(1, 4)], 4: [(1, 6)]}, padri: [4], figli: [], mosse: [(6, 5, 3, 6, 2)]
6 -> costo: 64860.899999999994, rotte: {3: [(1, 3)], 5: [(1, 6), (6, 5), (5, 8)], 6: [(1, 4), (4, 2), (2, 7)], 2: [(1, 4)], 4: [(1, 6)]}, padri: [2, 2, 2, 24], figli: [7, 10, 18, 19, 20], mosse: [(6, 3, 1, 2, 3), (6, 3, 4, 2, 3), (6, 3, 7, 2, 3), (5, 5, 6, 5, 14)]
7 -> costo: 64336.3, rotte: {3: [(1, 3)], 5: [(1, 5), (5, 8)], 6: [(1, 4), (4, 2), (2, 6), (6, 7)], 2: [(1, 4)], 4: [(1, 6)]}, padri: [6, 17, 17, 17, 17], figli: [8], mosse: [(6, 5, 2, 6, 2), (6, 3, 1, 2, 3), (6, 3, 4, 2, 3), (6, 3, 6, 2, 3), (6, 3, 7, 2, 3)]
8 -> costo: 64287.7, rotte: {3: [(1, 4), (4, 3)], 5: [(1, 5), (5, 8)], 6: [(1, 2), (2, 6), (6, 7)], 2: [(1, 4)], 4: [(1, 6)]}, padri: [7, 10], figli: [9], mosse: [(3, 6, 1, 4, 1), (6, 5, 2, 6, 2)]
9 -> costo: 64237.5, rotte: {3: [(1, 4), (4, 3)], 5: [(1, 2), (2, 5), (5, 8)], 6: [(1, 6), (6, 7)], 2: [(1, 4)], 4: [(1, 6)]}, padri: [8], figli: [], mosse: [(5, 6, 1, 2, 5)]
10 -> costo: 64812.3, rotte: {3: [(1, 4), (4, 3)], 5: [(1, 6), (6, 5), (5, 8)], 6: [(1, 2), (2, 7)], 2: [(1, 4)], 4: [(1, 6)]}, padri: [6, 25], figli: [8], mosse: [(3, 6, 1, 4, 1), (5, 5, 6, 5, 14)]
11 -> costo: 64860.899999999994, rotte: {3: [(1, 2), (2, 3)], 5: [(1, 6), (6, 5), (5, 8)], 6: [(1, 4), (4, 2), (2, 7)], 2: [(1, 4)], 4: [(1, 6)]}, padri: [2, 2, 2], figli: [12], mosse: [(3, 3, 3, 2)]
12 -> costo: 64336.3, rotte: {3: [(1, 2), (2, 3)], 5: [(1, 5), (5, 8)], 6: [(1, 4), (4, 2), (2, 6), (6, 7)], 2: [(1, 4)], 4: [(1, 6)]}, padri: [11], figli: [], mosse: [(6, 5, 2, 6, 2)]
13 -> costo: 64860.899999999994, rotte: {3: [(1, 2), (2, 3)], 5: [(1, 6), (6, 5), (5, 8)], 6: [(1, 4), (4, 2), (2, 7)], 2: [(1, 4)], 4: [(1, 6)]}, padri: [2, 2, 2], figli: [14], mosse: [(3, 3, 1, 2, 3)]
14 -> costo: 64336.3, rotte: {3: [(1, 2), (2, 3)], 5: [(1, 5), (5, 8)], 6: [(1, 4), (4, 2), (2, 6), (6, 7)], 2: [(1, 4)], 4: [(1, 6)]}, padri: [13], figli: [], mosse: [(6, 5, 2, 6, 2)]
15 -> costo: 64860.899999999994, rotte: {3: [(1, 2), (2, 3)], 5: [(1, 6), (6, 5), (5, 8)], 6: [(1, 4), (4, 2), (2, 7)], 2: [(1, 4)], 4: [(1, 6)]}, padri: [2, 2, 2], figli: [16], mosse: [(3, 3, 2, 3, 7)]
16 -> costo: 64336.3, rotte: {3: [(1, 2), (2, 3)], 5: [(1, 5), (5, 8)], 6: [(1, 4), (4, 2), (2, 6), (6, 7)], 2: [(1, 4)], 4: [(1, 6)]}, padri: [15], figli: [], mosse: [(6, 5, 2, 6, 2)]
17 -> costo: 65460.7, rotte: {3: [(1, 3), (3, 2)], 5: [(1, 5), (5, 8)], 6: [(1, 4), (4, 2), (2, 6), (6, 7)], 2: [(1, 4)], 4: [(1, 6)]}, padri: [2], figli: [7, 7, 7, 7, 18, 18, 18, 18, 19, 19, 19, 19, 20, 20, 20, 20], mosse: [(6, 5, 2, 6, 2)]
18 -> costo: 64336.3, rotte: {3: [(1, 2), (2, 3)], 5: [(1, 5), (5, 8)], 6: [(1, 4), (4, 2), (2, 6), (6, 7)], 2: [(1, 4)], 4: [(1, 6)]}, padri: [6, 17, 17, 17, 17], figli: [], mosse: [(3, 3, 3, 2)]
19 -> costo: 64336.3, rotte: {3: [(1, 2), (2, 3)], 5: [(1, 5), (5, 8)], 6: [(1, 4), (4, 2), (2, 6), (6, 7)], 2: [(1, 4)], 4: [(1, 6)]}, padri: [6, 17, 17, 17, 17], figli: [], mosse: [(3, 3, 1, 2, 3)]
20 -> costo: 64336.3, rotte: {3: [(1, 2), (2, 3)], 5: [(1, 5), (5, 8)], 6: [(1, 4), (4, 2), (2, 6), (6, 7)], 2: [(1, 4)], 4: [(1, 6)]}, padri: [6, 17, 17, 17, 17], figli: [], mosse: [(3, 3, 2, 3, 7)]
21 -> costo: 66180.0, rotte: {3: [(1, 3), (3, 2)], 5: [(1, 5), (5, 6), (6, 8)], 6: [(1, 4), (4, 2), (2, 7)], 2: [(1, 4)], 4: [(1, 6)]}, padri: [1, 1], figli: [22, 24, 24, 24, 26, 26, 26, 29, 29, 29, 32, 32, 32, 2], mosse: [(5, 5, 5, 6, 2), (5, 5, 6, 8, 1)]
22 -> costo: 64409.100000000006, rotte: {3: [(1, 2)], 5: [(1, 5), (5, 6), (6, 8)], 6: [(1, 4), (4, 2), (2, 3), (3, 7)], 2: [(1, 4)], 4: [(1, 6)]}, padri: [21], figli: [3, 23, 56], mosse: [(6, 3, 2, 3, 7)]
23 -> costo: 64360.5, rotte: {3: [(1, 2)], 5: [(1, 5), (5, 6), (6, 8)], 6: [(1, 4), (4, 3), (3, 7)], 2: [(1, 4)], 4: [(1, 6)]}, padri: [22], figli: [4], mosse: [(3, 6, 1, 2, 2)]
24 -> costo: 65055.59999999999, rotte: {3: [(1, 3)], 5: [(1, 5), (5, 6), (6, 8)], 6: [(1, 4), (4, 2), (2, 7)], 2: [(1, 4)], 4: [(1, 6)]}, padri: [21, 21, 21], figli: [6, 25], mosse: [(6, 3, 1, 2, 3), (6, 3, 4, 2, 3), (6, 3, 7, 2, 3)]
25 -> costo: 65007.0, rotte: {3: [(1, 4), (4, 3)], 5: [(1, 5), (5, 6), (6, 8)], 6: [(1, 2), (2, 7)], 2: [(1, 4)], 4: [(1, 6)]}, padri: [24], figli: [10], mosse: [(3, 6, 1, 4, 1)]
26 -> costo: 65055.59999999999, rotte: {3: [(1, 2), (2, 3)], 5: [(1, 5), (5, 6), (6, 8)], 6: [(1, 4), (4, 2), (2, 7)], 2: [(1, 4)], 4: [(1, 6)]}, padri: [21, 21, 21], figli: [27], mosse: [(3, 3, 3, 2)]
27 -> costo: 64860.899999999994, rotte: {3: [(1, 2), (2, 3)], 5: [(1, 6), (6, 5), (5, 8)], 6: [(1, 4), (4, 2), (2, 7)], 2: [(1, 4)], 4: [(1, 6)]}, padri: [26], figli: [28], mosse: [(5, 5, 6, 5, 14)]
28 -> costo: 64336.3, rotte: {3: [(1, 2), (2, 3)], 5: [(1, 5), (5, 8)], 6: [(1, 4), (4, 2), (2, 6), (6, 7)], 2: [(1, 4)], 4: [(1, 6)]}, padri: [27], figli: [], mosse: [(6, 5, 2, 6, 2)]
29 -> costo: 65055.59999999999, rotte: {3: [(1, 2), (2, 3)], 5: [(1, 5), (5, 6), (6, 8)], 6: [(1, 4), (4, 2), (2, 7)], 2: [(1, 4)], 4: [(1, 6)]}, padri: [21, 21, 21], figli: [30], mosse: [(3, 3, 1, 2, 3)]
30 -> costo: 64860.899999999994, rotte: {3: [(1, 2), (2, 3)], 5: [(1, 6), (6, 5), (5, 8)], 6: [(1, 4), (4, 2), (2, 7)], 2: [(1, 4)], 4: [(1, 6)]}, padri: [29], figli: [31], mosse: [(5, 5, 6, 5, 14)]
31 -> costo: 64336.3, rotte: {3: [(1, 2), (2, 3)], 5: [(1, 5), (5, 8)], 6: [(1, 4), (4, 2), (2, 6), (6, 7)], 2: [(1, 4)], 4: [(1, 6)]}, padri: [30], figli: [], mosse: [(6, 5, 2, 6, 2)]
32 -> costo: 65055.59999999999, rotte: {3: [(1, 2), (2, 3)], 5: [(1, 5), (5, 6), (6, 8)], 6: [(1, 4), (4, 2), (2, 7)], 2: [(1, 4)], 4: [(1, 6)]}, padri: [21, 21, 21], figli: [33], mosse: [(3, 3, 2, 3, 7)]
33 -> costo: 64860.899999999994, rotte: {3: [(1, 2), (2, 3)], 5: [(1, 6), (6, 5), (5, 8)], 6: [(1, 4), (4, 2), (2, 7)], 2: [(1, 4)], 4: [(1, 6)]}, padri: [32], figli: [34], mosse: [(5, 5, 6, 5, 14)]
34 -> costo: 64336.3, rotte: {3: [(1, 2), (2, 3)], 5: [(1, 5), (5, 8)], 6: [(1, 4), (4, 2), (2, 6), (6, 7)], 2: [(1, 4)], 4: [(1, 6)]}, padri: [33], figli: [], mosse: [(6, 5, 2, 6, 2)]
35 -> costo: 66738.90000000001, rotte: {3: [(1, 3), (3, 2)], 5: [(1, 8), (8, 6), (6, 5)], 6: [(1, 4), (4, 2), (2, 7)], 2: [(1, 4)], 4: [(1, 6)]}, padri: [1], figli: [36, 55], mosse: [(5, 5, 6, 5, 14)]
36 -> costo: 63882.899999999994, rotte: {3: [(1, 3), (3, 2)], 5: [(1, 6), (6, 5)], 6: [(1, 4), (4, 2), (2, 7), (7, 8)], 2: [(1, 4)], 4: [(1, 6)]}, padri: [35], figli: [37, 40, 40, 40, 40, 45, 45, 45, 45, 47, 47, 47, 47, 49, 49, 49, 49, 51, 51, 51, 51], mosse: [(6, 5, 7, 8, 1)]
37 -> costo: 62112.0, rotte: {3: [(1, 2)], 5: [(1, 6), (6, 5)], 6: [(1, 4), (4, 2), (2, 3), (3, 7), (7, 8)], 2: [(1, 4)], 4: [(1, 6)]}, padri: [36, 55], figli: [38], mosse: [(6, 3, 2, 3, 7), (6, 5, 7, 8, 1)]
38 -> costo: 62063.40000000001, rotte: {3: [(1, 2)], 5: [(1, 6), (6, 5)], 6: [(1, 4), (4, 3), (3, 7), (7, 8)], 2: [(1, 4)], 4: [(1, 6)]}, padri: [37, 66], figli: [39], mosse: [(3, 6, 1, 2, 2), (6, 5, 7, 8, 1)]
39 -> costo: 61538.8, rotte: {3: [(1, 2)], 5: [(1, 5)], 6: [(1, 4), (4, 3), (3, 6), (6, 7), (7, 8)], 2: [(1, 4)], 4: [(1, 6)]}, padri: [38], figli: [], mosse: [(6, 5, 3, 6, 2)]
40 -> costo: 62758.5, rotte: {3: [(1, 3)], 5: [(1, 6), (6, 5)], 6: [(1, 4), (4, 2), (2, 7), (7, 8)], 2: [(1, 4)], 4: [(1, 6)]}, padri: [36, 36, 36, 36], figli: [41, 44, 52, 53, 54], mosse: [(6, 3, 1, 2, 3), (6, 3, 4, 2, 3), (6, 3, 7, 2, 3), (6, 3, 8, 2, 3)]
41 -> costo: 62233.899999999994, rotte: {3: [(1, 3)], 5: [(1, 5)], 6: [(1, 4), (4, 2), (2, 6), (6, 7), (7, 8)], 2: [(1, 4)], 4: [(1, 6)]}, padri: [40, 51, 51, 51, 51, 51], figli: [42], mosse: [(6, 5, 2, 6, 2), (6, 3, 1, 2, 3), (6, 3, 4, 2, 3), (6, 3, 6, 2, 3), (6, 3, 7, 2, 3), (6, 3, 8, 2, 3)]
42 -> costo: 62185.3, rotte: {3: [(1, 4), (4, 3)], 5: [(1, 5)], 6: [(1, 2), (2, 6), (6, 7), (7, 8)], 2: [(1, 4)], 4: [(1, 6)]}, padri: [41, 44], figli: [43], mosse: [(3, 6, 1, 4, 1), (6, 5, 2, 6, 2)]
43 -> costo: 62135.09999999999, rotte: {3: [(1, 4), (4, 3)], 5: [(1, 2), (2, 5)], 6: [(1, 6), (6, 7), (7, 8)], 2: [(1, 4)], 4: [(1, 6)]}, padri: [42], figli: [], mosse: [(5, 6, 1, 2, 5)]
44 -> costo: 62709.899999999994, rotte: {3: [(1, 4), (4, 3)], 5: [(1, 6), (6, 5)], 6: [(1, 2), (2, 7), (7, 8)], 2: [(1, 4)], 4: [(1, 6)]}, padri: [40], figli: [42], mosse: [(3, 6, 1, 4, 1)]
45 -> costo: 62758.5, rotte: {3: [(1, 2), (2, 3)], 5: [(1, 6), (6, 5)], 6: [(1, 4), (4, 2), (2, 7), (7, 8)], 2: [(1, 4)], 4: [(1, 6)]}, padri: [36, 36, 36, 36], figli: [46], mosse: [(3, 3, 3, 2)]
46 -> costo: 62233.899999999994, rotte: {3: [(1, 2), (2, 3)], 5: [(1, 5)], 6: [(1, 4), (4, 2), (2, 6), (6, 7), (7, 8)], 2: [(1, 4)], 4: [(1, 6)]}, padri: [45], figli: [], mosse: [(6, 5, 2, 6, 2)]
47 -> costo: 62758.5, rotte: {3: [(1, 2), (2, 3)], 5: [(1, 6), (6, 5)], 6: [(1, 4), (4, 2), (2, 7), (7, 8)], 2: [(1, 4)], 4: [(1, 6)]}, padri: [36, 36, 36, 36], figli: [48], mosse: [(3, 3, 1, 2, 3)]
48 -> costo: 62233.899999999994, rotte: {3: [(1, 2), (2, 3)], 5: [(1, 5)], 6: [(1, 4), (4, 2), (2, 6), (6, 7), (7, 8)], 2: [(1, 4)], 4: [(1, 6)]}, padri: [47], figli: [], mosse: [(6, 5, 2, 6, 2)]
49 -> costo: 62758.5, rotte: {3: [(1, 2), (2, 3)], 5: [(1, 6), (6, 5)], 6: [(1, 4), (4, 2), (2, 7), (7, 8)], 2: [(1, 4)], 4: [(1, 6)]}, padri: [36, 36, 36, 36], figli: [50], mosse: [(3, 3, 2, 3, 7)]
50 -> costo: 62233.899999999994, rotte: {3: [(1, 2), (2, 3)], 5: [(1, 5)], 6: [(1, 4), (4, 2), (2, 6), (6, 7), (7, 8)], 2: [(1, 4)], 4: [(1, 6)]}, padri: [49], figli: [], mosse: [(6, 5, 2, 6, 2)]
51 -> costo: 63358.29999999999, rotte: {3: [(1, 3), (3, 2)], 5: [(1, 5)], 6: [(1, 4), (4, 2), (2, 6), (6, 7), (7, 8)], 2: [(1, 4)], 4: [(1, 6)]}, padri: [36], figli: [41, 41, 41, 41, 41, 52, 52, 52, 52, 52, 53, 53, 53, 53, 53, 54, 54, 54, 54, 54], mosse: [(6, 5, 2, 6, 2)]
52 -> costo: 62233.899999999994, rotte: {3: [(1, 2), (2, 3)], 5: [(1, 5)], 6: [(1, 4), (4, 2), (2, 6), (6, 7), (7, 8)], 2: [(1, 4)], 4: [(1, 6)]}, padri: [40, 51, 51, 51, 51, 51], figli: [], mosse: [(3, 3, 3, 2)]
53 -> costo: 62233.899999999994, rotte: {3: [(1, 2), (2, 3)], 5: [(1, 5)], 6: [(1, 4), (4, 2), (2, 6), (6, 7), (7, 8)], 2: [(1, 4)], 4: [(1, 6)]}, padri: [40, 51, 51, 51, 51, 51], figli: [], mosse: [(3, 3, 1, 2, 3)]
54 -> costo: 62233.899999999994, rotte: {3: [(1, 2), (2, 3)], 5: [(1, 5)], 6: [(1, 4), (4, 2), (2, 6), (6, 7), (7, 8)], 2: [(1, 4)], 4: [(1, 6)]}, padri: [40, 51, 51, 51, 51, 51], figli: [], mosse: [(3, 3, 2, 3, 7)]
55 -> costo: 64968.0, rotte: {3: [(1, 2)], 5: [(1, 8), (8, 6), (6, 5)], 6: [(1, 4), (4, 2), (2, 3), (3, 7)], 2: [(1, 4)], 4: [(1, 6)]}, padri: [35], figli: [37, 3, 56, 66], mosse: [(6, 3, 2, 3, 7)]
56 -> costo: 64667.3, rotte: {3: [(1, 2), (2, 8)], 5: [(1, 6), (6, 5)], 6: [(1, 4), (4, 2), (2, 3), (3, 7)], 2: [(1, 4)], 4: [(1, 6)]}, padri: [55], figli: [57, 58, 60, 64, 64], mosse: [(3, 5, 2, 8, 1)]
57 -> costo: 63174.5, rotte: {3: [(1, 8)], 5: [(1, 2), (2, 6), (6, 5)], 6: [(1, 4), (4, 2), (2, 3), (3, 7)], 2: [(1, 4)], 4: [(1, 6)]}, padri: [56, 59], figli: [], mosse: [(5, 3, 1, 2, 3), (5, 3, 2, 6, 2)]
58 -> costo: 64184.3, rotte: {3: [(1, 2), (2, 6), (6, 8)], 5: [(1, 5)], 6: [(1, 4), (4, 2), (2, 3), (3, 7)], 2: [(1, 4)], 4: [(1, 6)]}, padri: [56], figli: [59, 63, 63, 63], mosse: [(3, 5, 2, 6, 2)]
59 -> costo: 64134.100000000006, rotte: {3: [(1, 6), (6, 8)], 5: [(1, 2), (2, 5)], 6: [(1, 4), (4, 2), (2, 3), (3, 7)], 2: [(1, 4)], 4: [(1, 6)]}, padri: [58], figli: [57, 60, 60], mosse: [(5, 3, 1, 2, 3)]
60 -> costo: 64085.5, rotte: {3: [(1, 6), (6, 8)], 5: [(1, 2), (2, 5)], 6: [(1, 4), (4, 3), (3, 7)], 2: [(1, 4)], 4: [(1, 6)]}, padri: [59, 59, 63], figli: [61, 62], mosse: [(5, 6, 1, 2, 2), (5, 6, 5, 2, 2), (5, 3, 1, 2, 5)]
61 -> costo: 62551.100000000006, rotte: {3: [(1, 8)], 5: [(1, 2), (2, 5)], 6: [(1, 4), (4, 3), (3, 6), (6, 7)], 2: [(1, 4)], 4: [(1, 6)]}, padri: [60, 62, 62, 65], figli: [], mosse: [(6, 3, 3, 6, 2), (6, 6, 3, 6, 2), (6, 6, 6, 7, 19), (5, 3, 1, 2, 5)]
62 -> costo: 63124.100000000006, rotte: {3: [(1, 8)], 5: [(1, 2), (2, 5)], 6: [(1, 4), (4, 3), (3, 7), (7, 6)], 2: [(1, 4)], 4: [(1, 6)]}, padri: [60], figli: [61, 61], mosse: [(6, 3, 7, 6, 2)]
63 -> costo: 64135.7, rotte: {3: [(1, 2), (2, 6), (6, 8)], 5: [(1, 5)], 6: [(1, 4), (4, 3), (3, 7)], 2: [(1, 4)], 4: [(1, 6)]}, padri: [58, 58, 58, 64], figli: [60], mosse: [(3, 6, 1, 2, 2), (3, 6, 6, 2, 2), (3, 6, 8, 2, 2), (3, 5, 2, 6, 2)]
64 -> costo: 64618.7, rotte: {3: [(1, 2), (2, 8)], 5: [(1, 6), (6, 5)], 6: [(1, 4), (4, 3), (3, 7)], 2: [(1, 4)], 4: [(1, 6)]}, padri: [56, 56, 66], figli: [65, 63], mosse: [(3, 6, 1, 2, 2), (3, 6, 8, 2, 2), (3, 5, 2, 8, 1)]
65 -> costo: 64094.100000000006, rotte: {3: [(1, 2), (2, 8)], 5: [(1, 5)], 6: [(1, 4), (4, 3), (3, 6), (6, 7)], 2: [(1, 4)], 4: [(1, 6)]}, padri: [64], figli: [61], mosse: [(6, 5, 3, 6, 2)]
66 -> costo: 64919.40000000001, rotte: {3: [(1, 2)], 5: [(1, 8), (8, 6), (6, 5)], 6: [(1, 4), (4, 3), (3, 7)], 2: [(1, 4)], 4: [(1, 6)]}, padri: [55], figli: [38, 4, 64], mosse: [(3, 6, 1, 2, 2)]
bestSolutionIndice: 39
39 -> costo: 61538.8, rotte: {3: [(1, 2)], 5: [(1, 5)], 6: [(1, 4), (4, 3), (3, 6), (6, 7), (7, 8)], 2: [(1, 4)], 4: [(1, 6)]}, padri: [38], figli: [], mosse: [(6, 5, 3, 6, 2)]
trasportoPalletDiGamma: {3: [(2, 5)], 5: [(5, 14)], 6: [(4, 1), (3, 7), (6, 2), (7, 19), (8, 1)], 2: [(4, 10)], 4: [(6, 15)]}
itMosseLS: 105, itMosseTS: 100
time elapsed: 186.01s.


##########################################################################################
s: 1
dictSolutions[1]:
0 -> costo: 71019.0, rotte: {2: [(1, 3), (3, 7)], 4: [(1, 8), (8, 5)], 5: [(1, 2), (2, 4), (4, 7)], 6: [(1, 6), (6, 7)], 3: [(1, 4)]}, padri: [-1], figli: [1, 24], mosse: [-1]
1 -> costo: 67718.8, rotte: {2: [(1, 3), (3, 7)], 4: [(1, 8), (8, 5)], 5: [(1, 4), (4, 2), (2, 7)], 6: [(1, 6), (6, 7)], 3: [(1, 4)]}, padri: [0], figli: [2, 2, 2, 12, 12, 12, 12, 12, 15, 15, 15, 25, 25, 25], mosse: [(5, 5, 4, 2, 5)]
2 -> costo: 65459.3, rotte: {2: [(1, 3)], 4: [(1, 8), (8, 5)], 5: [(1, 4), (4, 2), (2, 7)], 6: [(1, 6), (6, 7)], 3: [(1, 4)]}, padri: [1, 1, 1, 24], figli: [3, 5, 9, 9, 9, 11, 11, 11, 13, 13, 13, 27], mosse: [(5, 2, 1, 7, 3), (5, 2, 4, 7, 3), (5, 2, 2, 7, 3), (5, 5, 4, 2, 5)]
3 -> costo: 62789.899999999994, rotte: {2: [(1, 3)], 4: [(1, 5)], 5: [(1, 4), (4, 2), (2, 7), (7, 8)], 6: [(1, 6), (6, 7)], 3: [(1, 4)]}, padri: [2, 25], figli: [4], mosse: [(5, 4, 7, 8, 1), (5, 5, 4, 2, 5)]
4 -> costo: 62741.3, rotte: {2: [(1, 4), (4, 3)], 4: [(1, 5)], 5: [(1, 2), (2, 7), (7, 8)], 6: [(1, 6), (6, 7)], 3: [(1, 4)]}, padri: [3, 11], figli: [], mosse: [(2, 5, 1, 4, 1), (5, 4, 7, 8, 1)]
5 -> costo: 64698.7, rotte: {2: [(1, 3), (3, 8)], 4: [(1, 5)], 5: [(1, 4), (4, 2), (2, 7)], 6: [(1, 6), (6, 7)], 3: [(1, 4)]}, padri: [2, 26], figli: [6, 7, 8, 28], mosse: [(2, 4, 3, 8, 1), (5, 5, 4, 2, 5)]
6 -> costo: 62770.7, rotte: {2: [(1, 8)], 4: [(1, 5)], 5: [(1, 4), (4, 2), (2, 3), (3, 7)], 6: [(1, 6), (6, 7)], 3: [(1, 4)]}, padri: [5, 7, 16, 16, 16, 16, 22, 22, 22, 22, 27, 28, 31, 31, 31, 41], figli: [], mosse: [(5, 2, 2, 3, 7), (5, 5, 2, 3, 7), (5, 2, 1, 7, 3), (5, 2, 4, 7, 3), (5, 2, 2, 7, 3), (5, 2, 3, 7, 3), (5, 2, 1, 7, 3), (5, 2, 4, 7, 3), (5, 2, 2, 7, 3), (5, 2, 3, 7, 3), (5, 5, 4, 2, 5), (5, 2, 4, 2, 5), (5, 5, 2, 3, 7), (5, 5, 3, 7, 6), (5, 5, 7, 3), (5, 4, 1, 4, 1)]
7 -> costo: 64493.0, rotte: {2: [(1, 8)], 4: [(1, 5)], 5: [(1, 4), (4, 3), (3, 2), (2, 7)], 6: [(1, 6), (6, 7)], 3: [(1, 4)]}, padri: [5, 27, 28, 31, 36, 40], figli: [6], mosse: [(5, 2, 4, 3, 7), (5, 5, 3, 2, 5), (5, 2, 3, 2, 5), (5, 5, 4, 3, 7), (5, 5, 2, 7, 6), (5, 4, 1, 4, 1)]
8 -> costo: 64650.100000000006, rotte: {2: [(1, 4), (4, 3), (3, 8)], 4: [(1, 5)], 5: [(1, 2), (2, 7)], 6: [(1, 6), (6, 7)], 3: [(1, 4)]}, padri: [5, 11], figli: [], mosse: [(2, 5, 1, 4, 1), (2, 4, 3, 8, 1)]
9 -> costo: 64892.3, rotte: {2: [(1, 3)], 4: [(1, 5), (5, 8)], 5: [(1, 4), (4, 2), (2, 7)], 6: [(1, 6), (6, 7)], 3: [(1, 4)]}, padri: [2, 2, 2, 12, 12, 12], figli: [10], mosse: [(4, 4, 1, 5, 14), (4, 4, 5, 8, 1), (4, 4, 8, 5), (5, 2, 1, 7, 3), (5, 2, 4, 7, 3), (5, 2, 2, 7, 3)]
10 -> costo: 64843.7, rotte: {2: [(1, 4), (4, 3)], 4: [(1, 5), (5, 8)], 5: [(1, 2), (2, 7)], 6: [(1, 6), (6, 7)], 3: [(1, 4)]}, padri: [9, 11, 11, 11], figli: [], mosse: [(2, 5, 1, 4, 1), (4, 4, 1, 5, 14), (4, 4, 5, 8, 1), (4, 4, 8, 5)]
11 -> costo: 65410.7, rotte: {2: [(1, 4), (4, 3)], 4: [(1, 8), (8, 5)], 5: [(1, 2), (2, 7)], 6: [(1, 6), (6, 7)], 3: [(1, 4)]}, padri: [2], figli: [4, 8, 10, 10, 10], mosse: [(2, 5, 1, 4, 1)]
12 -> costo: 67151.8, rotte: {2: [(1, 3), (3, 7)], 4: [(1, 5), (5, 8)], 5: [(1, 4), (4, 2), (2, 7)], 6: [(1, 6), (6, 7)], 3: [(1, 4)]}, padri: [1, 1, 1], figli: [9, 9, 9, 13, 13, 13], mosse: [(4, 4, 1, 5, 14), (4, 4, 5, 8, 1), (4, 4, 8, 5)]
13 -> costo: 66754.6, rotte: {2: [(1, 7)], 4: [(1, 5), (5, 8)], 5: [(1, 4), (4, 2), (2, 3), (3, 7)], 6: [(1, 6), (6, 7)], 3: [(1, 4)]}, padri: [12, 15, 15, 15], figli: [14], mosse: [(5, 2, 2, 3, 7), (4, 4, 1, 5, 14), (4, 4, 5, 8, 1), (4, 4, 8, 5)]
14 -> costo: 64495.100000000006, rotte: {2: [(1, 7)], 4: [(1, 5), (5, 8)], 5: [(1, 4), (4, 2), (2, 3)], 6: [(1, 6), (6, 7)], 3: [(1, 4)]}, padri: [13, 20, 20, 20], figli: [], mosse: [(2, 5, 1, 7, 3), (4, 4, 1, 5, 14), (4, 4, 5, 8, 1), (4, 4, 8, 5)]
15 -> costo: 67321.6, rotte: {2: [(1, 7)], 4: [(1, 8), (8, 5)], 5: [(1, 4), (4, 2), (2, 3), (3, 7)], 6: [(1, 6), (6, 7)], 3: [(1, 4)]}, padri: [1], figli: [16, 18, 20, 22, 23, 13, 13, 13], mosse: [(5, 2, 2, 3, 7)]
16 -> costo: 64652.2, rotte: {2: [(1, 7), (7, 8)], 4: [(1, 5)], 5: [(1, 4), (4, 2), (2, 3), (3, 7)], 6: [(1, 6), (6, 7)], 3: [(1, 4)]}, padri: [15, 22, 22, 22], figli: [17, 17, 6, 6, 6, 6, 21, 21], mosse: [(2, 4, 7, 8, 1), (2, 2, 1, 7, 3), (2, 2, 7, 8, 1), (2, 2, 8, 7)]
17 -> costo: 62392.7, rotte: {2: [(1, 7), (7, 8)], 4: [(1, 5)], 5: [(1, 4), (4, 2), (2, 3)], 6: [(1, 6), (6, 7)], 3: [(1, 4)]}, padri: [16, 16, 20, 21, 21, 21, 34, 34, 34, 35, 39], figli: [], mosse: [(2, 5, 1, 7, 3), (2, 5, 8, 7, 3), (2, 4, 7, 8, 1), (2, 2, 1, 7, 6), (2, 2, 7, 8, 1), (2, 2, 8, 7), (5, 5, 4, 2, 5), (5, 5, 2, 3, 7), (5, 5, 3, 2), (5, 5, 1, 4, 1), (5, 4, 1, 4, 1)]
18 -> costo: 64652.2, rotte: {2: [(1, 7)], 4: [(1, 5)], 5: [(1, 4), (4, 2), (2, 3), (3, 7), (7, 8)], 6: [(1, 6), (6, 7)], 3: [(1, 4)]}, padri: [15], figli: [19], mosse: [(5, 4, 7, 8, 1)]
19 -> costo: 64301.5, rotte: {2: [(1, 7)], 4: [(1, 5)], 5: [(1, 4), (4, 2), (2, 3), (3, 8)], 6: [(1, 6), (6, 7)], 3: [(1, 4)]}, padri: [18, 20, 23], figli: [], mosse: [(2, 5, 1, 7, 3), (5, 4, 3, 8, 1), (2, 5, 1, 7, 3)]
20 -> costo: 65062.100000000006, rotte: {2: [(1, 7)], 4: [(1, 8), (8, 5)], 5: [(1, 4), (4, 2), (2, 3)], 6: [(1, 6), (6, 7)], 3: [(1, 4)]}, padri: [15], figli: [17, 21, 19, 14, 14, 14], mosse: [(2, 5, 1, 7, 3)]
21 -> costo: 64138.100000000006, rotte: {2: [(1, 8), (8, 7)], 4: [(1, 5)], 5: [(1, 4), (4, 2), (2, 3)], 6: [(1, 6), (6, 7)], 3: [(1, 4)]}, padri: [20, 22, 22], figli: [17, 17, 17], mosse: [(2, 4, 1, 8, 1), (2, 5, 1, 7, 3), (2, 5, 8, 7, 3)]
22 -> costo: 66397.6, rotte: {2: [(1, 8), (8, 7)], 4: [(1, 5)], 5: [(1, 4), (4, 2), (2, 3), (3, 7)], 6: [(1, 6), (6, 7)], 3: [(1, 4)]}, padri: [15], figli: [6, 6, 6, 6, 21, 21, 16, 16, 16, 23, 23, 23], mosse: [(2, 4, 1, 8, 1)]
23 -> costo: 64652.2, rotte: {2: [(1, 7)], 4: [(1, 5)], 5: [(1, 4), (4, 2), (2, 3), (3, 7), (7, 8)], 6: [(1, 6), (6, 7)], 3: [(1, 4)]}, padri: [15, 22, 22, 22], figli: [19], mosse: [(5, 2, 7, 8, 1)]
24 -> costo: 68759.5, rotte: {2: [(1, 3)], 4: [(1, 8), (8, 5)], 5: [(1, 2), (2, 4), (4, 7)], 6: [(1, 6), (6, 7)], 3: [(1, 4)]}, padri: [0], figli: [2, 25, 26], mosse: [(5, 2, 1, 7, 3)]
25 -> costo: 66090.09999999999, rotte: {2: [(1, 3)], 4: [(1, 5)], 5: [(1, 2), (2, 4), (4, 7), (7, 8)], 6: [(1, 6), (6, 7)], 3: [(1, 4)]}, padri: [24], figli: [3], mosse: [(5, 4, 7, 8, 1)]
26 -> costo: 67998.9, rotte: {2: [(1, 3), (3, 8)], 4: [(1, 5)], 5: [(1, 2), (2, 4), (4, 7)], 6: [(1, 6), (6, 7)], 3: [(1, 4)]}, padri: [24], figli: [5, 27, 29, 30], mosse: [(2, 4, 3, 8, 1)]
27 -> costo: 66070.90000000001, rotte: {2: [(1, 8)], 4: [(1, 5)], 5: [(1, 2), (2, 4), (4, 3), (3, 7)], 6: [(1, 6), (6, 7)], 3: [(1, 4)]}, padri: [26, 29], figli: [6, 7, 28], mosse: [(5, 2, 4, 3, 7), (5, 5, 4, 3, 7)]
28 -> costo: 64650.100000000006, rotte: {2: [(1, 2), (2, 8)], 4: [(1, 5)], 5: [(1, 4), (4, 3), (3, 7)], 6: [(1, 6), (6, 7)], 3: [(1, 4)]}, padri: [5, 27], figli: [6, 7], mosse: [(2, 5, 1, 2, 5)]
29 -> costo: 67793.20000000001, rotte: {2: [(1, 8)], 4: [(1, 5)], 5: [(1, 2), (2, 3), (3, 4), (4, 7)], 6: [(1, 6), (6, 7)], 3: [(1, 4)]}, padri: [26], figli: [27, 30], mosse: [(5, 2, 2, 3, 7)]
30 -> costo: 66980.5, rotte: {2: [(1, 8)], 4: [(1, 5)], 5: [(1, 2), (2, 7), (7, 3), (3, 4)], 6: [(1, 6), (6, 7)], 3: [(1, 4)]}, padri: [29], figli: [31, 32, 37], mosse: [(5, 5, 2, 7, 6)]
31 -> costo: 65034.59999999999, rotte: {2: [(1, 8)], 4: [(1, 5)], 5: [(1, 4), (4, 2), (2, 7), (7, 3)], 6: [(1, 6), (6, 7)], 3: [(1, 4)]}, padri: [30, 36], figli: [6, 6, 6, 7], mosse: [(5, 5, 1, 4, 1), (5, 5, 4, 2, 5)]
32 -> costo: 66631.9, rotte: {2: [(1, 8)], 4: [(1, 5)], 5: [(1, 7), (7, 3), (3, 2), (2, 4)], 6: [(1, 6), (6, 7)], 3: [(1, 4)]}, padri: [30], figli: [33, 36], mosse: [(5, 5, 3, 2, 5)]
33 -> costo: 64387.2, rotte: {2: [(1, 7), (7, 8)], 4: [(1, 5)], 5: [(1, 3), (3, 2), (2, 4)], 6: [(1, 6), (6, 7)], 3: [(1, 4)]}, padri: [32], figli: [34, 35], mosse: [(2, 5, 1, 7, 6)]
34 -> costo: 63468.5, rotte: {2: [(1, 7), (7, 8)], 4: [(1, 5)], 5: [(1, 4), (4, 3), (3, 2)], 6: [(1, 6), (6, 7)], 3: [(1, 4)]}, padri: [33, 38], figli: [17, 17, 17], mosse: [(5, 5, 1, 4, 1), (5, 4, 1, 4, 1)]
35 -> costo: 64338.600000000006, rotte: {2: [(1, 7), (7, 8)], 4: [(1, 5)], 5: [(1, 2), (2, 3), (3, 4)], 6: [(1, 6), (6, 7)], 3: [(1, 4)]}, padri: [33], figli: [17], mosse: [(5, 5, 2, 3, 7)]
36 -> costo: 66110.4, rotte: {2: [(1, 8)], 4: [(1, 5)], 5: [(1, 4), (4, 7), (7, 3), (3, 2)], 6: [(1, 6), (6, 7)], 3: [(1, 4)]}, padri: [32], figli: [7, 31, 37], mosse: [(5, 5, 1, 4, 1)]
37 -> costo: 66098.2, rotte: {2: [(1, 8)], 4: [(1, 4), (4, 5)], 5: [(1, 7), (7, 3), (3, 2)], 6: [(1, 6), (6, 7)], 3: [(1, 4)]}, padri: [36], figli: [38, 40, 42], mosse: [(4, 5, 1, 4, 1)]
38 -> costo: 63853.5, rotte: {2: [(1, 7), (7, 8)], 4: [(1, 4), (4, 5)], 5: [(1, 3), (3, 2)], 6: [(1, 6), (6, 7)], 3: [(1, 4)]}, padri: [37], figli: [39, 39, 39, 34], mosse: [(2, 5, 1, 7, 6)]
39 -> costo: 62729.100000000006, rotte: {2: [(1, 7), (7, 8)], 4: [(1, 4), (4, 5)], 5: [(1, 2), (2, 3)], 6: [(1, 6), (6, 7)], 3: [(1, 4)]}, padri: [38, 38, 38], figli: [17], mosse: [(5, 5, 3, 2), (5, 5, 1, 2, 5), (5, 5, 2, 3, 7)]
40 -> costo: 64878.0, rotte: {2: [(1, 8)], 4: [(1, 4), (4, 5)], 5: [(1, 3), (3, 2), (2, 7)], 6: [(1, 6), (6, 7)], 3: [(1, 4)]}, padri: [37], figli: [41, 7], mosse: [(5, 5, 2, 7, 6)]
41 -> costo: 63107.100000000006, rotte: {2: [(1, 8)], 4: [(1, 4), (4, 5)], 5: [(1, 2), (2, 3), (3, 7)], 6: [(1, 6), (6, 7)], 3: [(1, 4)]}, padri: [40, 42, 42], figli: [6], mosse: [(5, 5, 2, 3, 7), (5, 5, 2, 3, 7), (5, 5, 3, 7, 6)]
42 -> costo: 65371.0, rotte: {2: [(1, 8)], 4: [(1, 4), (4, 5)], 5: [(1, 2), (2, 7), (7, 3)], 6: [(1, 6), (6, 7)], 3: [(1, 4)]}, padri: [37], figli: [41, 41], mosse: [(5, 5, 1, 2, 5)]
bestSolutionIndice: 17
17 -> costo: 62392.7, rotte: {2: [(1, 7), (7, 8)], 4: [(1, 5)], 5: [(1, 4), (4, 2), (2, 3)], 6: [(1, 6), (6, 7)], 3: [(1, 4)]}, padri: [16, 16, 20, 21, 21, 21, 34, 34, 34, 35, 39], figli: [], mosse: [(2, 5, 1, 7, 3), (2, 5, 8, 7, 3), (2, 4, 7, 8, 1), (2, 2, 1, 7, 6), (2, 2, 7, 8, 1), (2, 2, 8, 7), (5, 5, 4, 2, 5), (5, 5, 2, 3, 7), (5, 5, 3, 2), (5, 5, 1, 4, 1), (5, 4, 1, 4, 1)]
trasportoPalletDiGamma: {2: [(7, 6), (8, 1)], 4: [(5, 14)], 5: [(4, 1), (2, 5), (3, 7)], 6: [(6, 17), (7, 13)], 3: [(4, 10)]}
itMosseLS: 109, itMosseTS: 100
time elapsed: 174.88s.


