itNSIMax: 5, itMosseTSMax: 50.
##########################################################################################
s: 1
dictSolutions[1]:
0 -> costo: 140294.4, rotte: {10: [(1, 7), (7, 6)], 3: [(1, 3)], 11: [(1, 9), (9, 4)], 5: [(1, 8), (8, 3), (3, 6)], 4: [(1, 2)], 2: [(1, 6)], 9: [(1, 4)], 8: [(1, 5)], 6: [(1, 3)], 7: [(1, 2), (2, 4)]}, padri: [-1], figli: [1, 1], mosse: [-1]
1 -> costo: 137170.59999999998, rotte: {10: [(1, 6), (6, 7)], 3: [(1, 3)], 11: [(1, 9), (9, 4)], 5: [(1, 8), (8, 3), (3, 6)], 4: [(1, 2)], 2: [(1, 6)], 9: [(1, 4)], 8: [(1, 5)], 6: [(1, 3)], 7: [(1, 2), (2, 4)]}, padri: [0, 0], figli: [], mosse: [(10, 10, 1, 6, 7), (10, 10, 6, 7, 3)]
bestSolutionIndice: 1
1 -> costo: 137170.59999999998, rotte: {10: [(1, 6), (6, 7)], 3: [(1, 3)], 11: [(1, 9), (9, 4)], 5: [(1, 8), (8, 3), (3, 6)], 4: [(1, 2)], 2: [(1, 6)], 9: [(1, 4)], 8: [(1, 5)], 6: [(1, 3)], 7: [(1, 2), (2, 4)]}, padri: [0, 0], figli: [], mosse: [(10, 10, 1, 6, 7), (10, 10, 6, 7, 3)]
trasportoPalletDiGamma: {10: [(6, 7), (7, 3)], 3: [(3, 5)], 11: [(9, 8), (4, 7)], 5: [(8, 1), (3, 2), (6, 2)], 4: [(2, 5)], 2: [(6, 5)], 9: [(4, 10)], 8: [(5, 5)], 6: [(3, 5)], 7: [(2, 1), (4, 1)]}
itMosseLS: 2, itMosseTS: 2
time elapsed: 56.09s.


##########################################################################################
s: 1
dictSolutions[1]:
0 -> costo: 144365.30000000002, rotte: {11: [(1, 6), (6, 4)], 5: [(1, 2)], 2: [(1, 5)], 10: [(1, 3)], 6: [(1, 4)], 7: [(1, 8), (8, 4)], 4: [(1, 9)], 8: [(1, 7), (7, 9)], 9: [(1, 2), (2, 4)], 3: [(1, 3), (3, 9)]}, padri: [-1], figli: [1, 11], mosse: [-1]
1 -> costo: 135355.10000000003, rotte: {11: [(1, 6), (6, 4)], 5: [(1, 2)], 2: [(1, 5)], 10: [(1, 3)], 6: [(1, 4)], 7: [(1, 8), (8, 4)], 4: [(1, 9)], 8: [(1, 9), (9, 7)], 9: [(1, 2), (2, 4)], 3: [(1, 3), (3, 9)]}, padri: [0], figli: [2, 8, 8, 8, 10, 10, 10, 10, 10, 12], mosse: [(8, 8, 7, 9)]
2 -> costo: 133404.0, rotte: {11: [(1, 6), (6, 4)], 5: [(1, 2)], 2: [(1, 5)], 10: [(1, 3)], 6: [(1, 4)], 7: [(1, 4)], 4: [(1, 9)], 8: [(1, 9), (9, 7)], 9: [(1, 2), (2, 4)], 3: [(1, 3), (3, 8), (8, 9)]}, padri: [1, 11], figli: [3, 3, 3, 6, 6, 6, 9, 9, 9, 13, 13, 13], mosse: [(3, 7, 3, 8, 1), (8, 8, 7, 9)]
3 -> costo: 131563.2, rotte: {11: [(1, 4), (4, 6)], 5: [(1, 2)], 2: [(1, 5)], 10: [(1, 3)], 6: [(1, 4)], 7: [(1, 4)], 4: [(1, 9)], 8: [(1, 9), (9, 7)], 9: [(1, 2), (2, 4)], 3: [(1, 3), (3, 8), (8, 9)]}, padri: [2, 2, 2, 8, 12], figli: [4, 7, 14], mosse: [(11, 11, 1, 4, 1), (11, 11, 4, 6, 14), (11, 11, 6, 4), (3, 7, 3, 8, 1), (8, 8, 7, 9)]
4 -> costo: 130103.20000000001, rotte: {11: [(1, 4), (4, 6)], 5: [(1, 2)], 2: [(1, 5)], 10: [(1, 3)], 6: [(1, 4)], 7: [(1, 4)], 4: [(1, 9)], 8: [(1, 9), (9, 7)], 9: [(1, 2), (2, 4)], 3: [(1, 9), (9, 3), (3, 8)]}, padri: [3, 6, 6, 6, 13], figli: [5, 5, 5], mosse: [(3, 3, 1, 9, 1), (11, 11, 1, 4, 1), (11, 11, 4, 6, 14), (11, 11, 6, 4), (8, 8, 7, 9)]
5 -> costo: 129889.90000000002, rotte: {11: [(1, 4), (4, 6)], 5: [(1, 2)], 2: [(1, 5)], 10: [(1, 3)], 6: [(1, 4)], 7: [(1, 4)], 4: [(1, 9)], 8: [(1, 9), (9, 7)], 9: [(1, 2), (2, 4)], 3: [(1, 9), (9, 8), (8, 3)]}, padri: [4, 4, 4, 7, 7, 7, 9, 14], figli: [], mosse: [(3, 3, 3, 8), (3, 3, 9, 8, 1), (3, 3, 8, 3, 2), (11, 11, 1, 4, 1), (11, 11, 4, 6, 14), (11, 11, 6, 4), (3, 7, 9, 8, 1), (8, 8, 7, 9)]
6 -> costo: 131944.00000000003, rotte: {11: [(1, 6), (6, 4)], 5: [(1, 2)], 2: [(1, 5)], 10: [(1, 3)], 6: [(1, 4)], 7: [(1, 4)], 4: [(1, 9)], 8: [(1, 9), (9, 7)], 9: [(1, 2), (2, 4)], 3: [(1, 9), (9, 3), (3, 8)]}, padri: [2, 15], figli: [4, 4, 4, 7, 7, 7, 7, 7, 14, 14, 14], mosse: [(3, 3, 1, 9, 1), (8, 8, 7, 9)]
7 -> costo: 131730.7, rotte: {11: [(1, 6), (6, 4)], 5: [(1, 2)], 2: [(1, 5)], 10: [(1, 3)], 6: [(1, 4)], 7: [(1, 4)], 4: [(1, 9)], 8: [(1, 9), (9, 7)], 9: [(1, 2), (2, 4)], 3: [(1, 9), (9, 8), (8, 3)]}, padri: [6, 6, 6, 10, 16], figli: [5, 5, 5], mosse: [(3, 3, 3, 8), (3, 3, 9, 8, 1), (3, 3, 8, 3, 2), (3, 7, 9, 8, 1), (8, 8, 7, 9)]
8 -> costo: 133514.30000000002, rotte: {11: [(1, 4), (4, 6)], 5: [(1, 2)], 2: [(1, 5)], 10: [(1, 3)], 6: [(1, 4)], 7: [(1, 8), (8, 4)], 4: [(1, 9)], 8: [(1, 9), (9, 7)], 9: [(1, 2), (2, 4)], 3: [(1, 3), (3, 9)]}, padri: [1, 1, 1], figli: [3, 9, 9, 9, 13], mosse: [(11, 11, 1, 4, 1), (11, 11, 4, 6, 14), (11, 11, 6, 4)]
9 -> costo: 131816.90000000002, rotte: {11: [(1, 4), (4, 6)], 5: [(1, 2)], 2: [(1, 5)], 10: [(1, 3)], 6: [(1, 4)], 7: [(1, 8), (8, 4)], 4: [(1, 9)], 8: [(1, 9), (9, 7)], 9: [(1, 2), (2, 4)], 3: [(1, 9), (9, 3)]}, padri: [8, 8, 8, 10, 10, 10], figli: [5], mosse: [(3, 3, 1, 9, 1), (3, 3, 9, 3, 2), (3, 3, 3, 9), (11, 11, 1, 4, 1), (11, 11, 4, 6, 14), (11, 11, 6, 4)]
10 -> costo: 133657.70000000004, rotte: {11: [(1, 6), (6, 4)], 5: [(1, 2)], 2: [(1, 5)], 10: [(1, 3)], 6: [(1, 4)], 7: [(1, 8), (8, 4)], 4: [(1, 9)], 8: [(1, 9), (9, 7)], 9: [(1, 2), (2, 4)], 3: [(1, 9), (9, 3)]}, padri: [1, 1, 1], figli: [7, 9, 9, 9], mosse: [(3, 3, 1, 9, 1), (3, 3, 9, 3, 2), (3, 3, 3, 9)]
11 -> costo: 142414.19999999998, rotte: {11: [(1, 6), (6, 4)], 5: [(1, 2)], 2: [(1, 5)], 10: [(1, 3)], 6: [(1, 4)], 7: [(1, 4)], 4: [(1, 9)], 8: [(1, 7), (7, 9)], 9: [(1, 2), (2, 4)], 3: [(1, 3), (3, 8), (8, 9)]}, padri: [0], figli: [2, 12, 12, 12, 15, 15, 15], mosse: [(3, 7, 3, 8, 1)]
12 -> costo: 140573.4, rotte: {11: [(1, 4), (4, 6)], 5: [(1, 2)], 2: [(1, 5)], 10: [(1, 3)], 6: [(1, 4)], 7: [(1, 4)], 4: [(1, 9)], 8: [(1, 7), (7, 9)], 9: [(1, 2), (2, 4)], 3: [(1, 3), (3, 8), (8, 9)]}, padri: [11, 11, 11], figli: [3, 13, 16], mosse: [(11, 11, 1, 4, 1), (11, 11, 4, 6, 14), (11, 11, 6, 4)]
13 -> costo: 139113.40000000002, rotte: {11: [(1, 4), (4, 6)], 5: [(1, 2)], 2: [(1, 5)], 10: [(1, 3)], 6: [(1, 4)], 7: [(1, 4)], 4: [(1, 9)], 8: [(1, 7), (7, 9)], 9: [(1, 2), (2, 4)], 3: [(1, 9), (9, 3), (3, 8)]}, padri: [12, 15, 15, 15], figli: [4, 14, 14, 14], mosse: [(3, 3, 1, 9, 1), (11, 11, 1, 4, 1), (11, 11, 4, 6, 14), (11, 11, 6, 4)]
14 -> costo: 138900.1, rotte: {11: [(1, 4), (4, 6)], 5: [(1, 2)], 2: [(1, 5)], 10: [(1, 3)], 6: [(1, 4)], 7: [(1, 4)], 4: [(1, 9)], 8: [(1, 7), (7, 9)], 9: [(1, 2), (2, 4)], 3: [(1, 9), (9, 8), (8, 3)]}, padri: [13, 13, 13, 16], figli: [5], mosse: [(3, 3, 3, 8), (3, 3, 9, 8, 1), (3, 3, 8, 3, 2), (11, 11, 1, 4, 1)]
15 -> costo: 140954.2, rotte: {11: [(1, 6), (6, 4)], 5: [(1, 2)], 2: [(1, 5)], 10: [(1, 3)], 6: [(1, 4)], 7: [(1, 4)], 4: [(1, 9)], 8: [(1, 7), (7, 9)], 9: [(1, 2), (2, 4)], 3: [(1, 9), (9, 3), (3, 8)]}, padri: [11], figli: [6, 13, 13, 13, 16, 16, 16], mosse: [(3, 3, 1, 9, 1)]
16 -> costo: 140740.9, rotte: {11: [(1, 6), (6, 4)], 5: [(1, 2)], 2: [(1, 5)], 10: [(1, 3)], 6: [(1, 4)], 7: [(1, 4)], 4: [(1, 9)], 8: [(1, 7), (7, 9)], 9: [(1, 2), (2, 4)], 3: [(1, 9), (9, 8), (8, 3)]}, padri: [15], figli: [7, 14], mosse: [(3, 3, 3, 8)]
bestSolutionIndice: 5
5 -> costo: 129889.90000000002, rotte: {11: [(1, 4), (4, 6)], 5: [(1, 2)], 2: [(1, 5)], 10: [(1, 3)], 6: [(1, 4)], 7: [(1, 4)], 4: [(1, 9)], 8: [(1, 9), (9, 7)], 9: [(1, 2), (2, 4)], 3: [(1, 9), (9, 8), (8, 3)]}, padri: [4, 4, 4, 7, 7, 7, 9, 14], figli: [], mosse: [(3, 3, 3, 8), (3, 3, 9, 8, 1), (3, 3, 8, 3, 2), (11, 11, 1, 4, 1), (11, 11, 4, 6, 14), (11, 11, 6, 4), (3, 7, 9, 8, 1), (8, 8, 7, 9)]
trasportoPalletDiGamma: {11: [(4, 1), (6, 14)], 5: [(2, 5)], 2: [(5, 5)], 10: [(3, 10)], 6: [(4, 5)], 7: [(4, 4)], 4: [(9, 5)], 8: [(9, 2), (7, 3)], 9: [(2, 1), (4, 8)], 3: [(9, 1), (8, 1), (3, 2)]}
itMosseLS: 54, itMosseTS: 50
time elapsed: 1142.05s.


##########################################################################################
s: 1
dictSolutions[1]:
0 -> costo: 140702.4, rotte: {2: [(1, 2)], 11: [(1, 4)], 7: [(1, 3)], 10: [(1, 7), (7, 3)], 4: [(1, 5)], 8: [(1, 6)], 6: [(1, 9)], 3: [(1, 8), (8, 9)], 9: [(1, 2), (2, 6)], 5: [(1, 4)]}, padri: [-1], figli: [1, 1, 1, 6, 6, 6, 6, 9, 9], mosse: [-1]
1 -> costo: 133364.1, rotte: {2: [(1, 2)], 11: [(1, 4)], 7: [(1, 3)], 10: [(1, 3), (3, 7)], 4: [(1, 5)], 8: [(1, 6)], 6: [(1, 9)], 3: [(1, 8), (8, 9)], 9: [(1, 2), (2, 6)], 5: [(1, 4)]}, padri: [0, 0, 0], figli: [2, 2, 5, 5, 7, 7], mosse: [(10, 10, 1, 3, 7), (10, 10, 3, 7, 3), (10, 10, 7, 3)]
2 -> costo: 131926.2, rotte: {2: [(1, 2)], 11: [(1, 4)], 7: [(1, 3)], 10: [(1, 3), (3, 7)], 4: [(1, 5)], 8: [(1, 6)], 6: [(1, 9)], 3: [(1, 9), (9, 8)], 9: [(1, 2), (2, 6)], 5: [(1, 4)]}, padri: [1, 1, 6, 6, 6], figli: [3, 4], mosse: [(3, 3, 1, 9, 3), (3, 3, 9, 8, 1), (10, 10, 1, 3, 7), (10, 10, 3, 7, 3), (10, 10, 7, 3)]
3 -> costo: 131119.2, rotte: {2: [(1, 2)], 11: [(1, 4)], 7: [(1, 3)], 10: [(1, 3), (3, 7)], 4: [(1, 5)], 8: [(1, 6)], 6: [(1, 9)], 3: [(1, 9), (9, 8), (8, 2)], 9: [(1, 6)], 5: [(1, 4)]}, padri: [2, 4, 4, 4, 5, 7, 7, 7], figli: [], mosse: [(3, 9, 8, 2, 1), (3, 3, 2, 8), (3, 3, 9, 8, 1), (3, 3, 8, 2, 1), (3, 3, 1, 9, 3), (10, 10, 1, 3, 7), (10, 10, 3, 7, 3), (10, 10, 7, 3)]
4 -> costo: 131261.2, rotte: {2: [(1, 2)], 11: [(1, 4)], 7: [(1, 3)], 10: [(1, 3), (3, 7)], 4: [(1, 5)], 8: [(1, 6)], 6: [(1, 9)], 3: [(1, 9), (9, 2), (2, 8)], 9: [(1, 6)], 5: [(1, 4)]}, padri: [2, 8, 8, 8], figli: [3, 3, 3], mosse: [(3, 9, 9, 2, 1), (10, 10, 1, 3, 7), (10, 10, 3, 7, 3), (10, 10, 7, 3)]
5 -> costo: 132747.80000000002, rotte: {2: [(1, 2)], 11: [(1, 4)], 7: [(1, 3)], 10: [(1, 3), (3, 7)], 4: [(1, 5)], 8: [(1, 6)], 6: [(1, 9)], 3: [(1, 8), (8, 2), (2, 9)], 9: [(1, 6)], 5: [(1, 4)]}, padri: [1, 9, 9, 9], figli: [3], mosse: [(3, 9, 8, 2, 1), (10, 10, 1, 3, 7), (10, 10, 3, 7, 3), (10, 10, 7, 3)]
6 -> costo: 139264.5, rotte: {2: [(1, 2)], 11: [(1, 4)], 7: [(1, 3)], 10: [(1, 7), (7, 3)], 4: [(1, 5)], 8: [(1, 6)], 6: [(1, 9)], 3: [(1, 9), (9, 8)], 9: [(1, 2), (2, 6)], 5: [(1, 4)]}, padri: [0, 0], figli: [2, 2, 2, 7, 7, 7, 8], mosse: [(3, 3, 1, 9, 3), (3, 3, 9, 8, 1)]
7 -> costo: 138457.5, rotte: {2: [(1, 2)], 11: [(1, 4)], 7: [(1, 3)], 10: [(1, 7), (7, 3)], 4: [(1, 5)], 8: [(1, 6)], 6: [(1, 9)], 3: [(1, 9), (9, 8), (8, 2)], 9: [(1, 6)], 5: [(1, 4)]}, padri: [6, 8, 8, 8, 9], figli: [3, 3, 3], mosse: [(3, 9, 8, 2, 1), (3, 3, 2, 8), (3, 3, 9, 8, 1), (3, 3, 8, 2, 1), (3, 3, 1, 9, 3)]
8 -> costo: 138599.5, rotte: {2: [(1, 2)], 11: [(1, 4)], 7: [(1, 3)], 10: [(1, 7), (7, 3)], 4: [(1, 5)], 8: [(1, 6)], 6: [(1, 9)], 3: [(1, 9), (9, 2), (2, 8)], 9: [(1, 6)], 5: [(1, 4)]}, padri: [6], figli: [4, 4, 4, 7, 7, 7], mosse: [(3, 9, 9, 2, 1)]
9 -> costo: 140086.1, rotte: {2: [(1, 2)], 11: [(1, 4)], 7: [(1, 3)], 10: [(1, 7), (7, 3)], 4: [(1, 5)], 8: [(1, 6)], 6: [(1, 9)], 3: [(1, 8), (8, 2), (2, 9)], 9: [(1, 6)], 5: [(1, 4)]}, padri: [0], figli: [5, 5, 5, 7], mosse: [(3, 9, 8, 2, 1)]
bestSolutionIndice: 3
3 -> costo: 131119.2, rotte: {2: [(1, 2)], 11: [(1, 4)], 7: [(1, 3)], 10: [(1, 3), (3, 7)], 4: [(1, 5)], 8: [(1, 6)], 6: [(1, 9)], 3: [(1, 9), (9, 8), (8, 2)], 9: [(1, 6)], 5: [(1, 4)]}, padri: [2, 4, 4, 4, 5, 7, 7, 7], figli: [], mosse: [(3, 9, 8, 2, 1), (3, 3, 2, 8), (3, 3, 9, 8, 1), (3, 3, 8, 2, 1), (3, 3, 1, 9, 3), (10, 10, 1, 3, 7), (10, 10, 3, 7, 3), (10, 10, 7, 3)]
trasportoPalletDiGamma: {2: [(2, 5)], 11: [(4, 15)], 7: [(3, 5)], 10: [(3, 7), (7, 3)], 4: [(5, 5)], 8: [(6, 5)], 6: [(9, 5)], 3: [(9, 3), (8, 1), (2, 1)], 9: [(6, 9)], 5: [(4, 3)]}
itMosseLS: 33, itMosseTS: 33
time elapsed: 818.49s.


##########################################################################################
s: 1
dictSolutions[1]:
0 -> costo: 154454.70000000004, rotte: {2: [(1, 5)], 5: [(1, 6)], 3: [(1, 3)], 9: [(1, 2), (2, 4)], 7: [(1, 9)], 4: [(1, 4)], 6: [(1, 7), (7, 9)], 8: [(1, 8), (8, 4)], 11: [(1, 6), (6, 9), (9, 4)], 10: [(1, 3), (3, 4)]}, padri: [-1], figli: [1, 6, 13], mosse: [-1]
1 -> costo: 145444.50000000003, rotte: {2: [(1, 5)], 5: [(1, 6)], 3: [(1, 3)], 9: [(1, 2), (2, 4)], 7: [(1, 9)], 4: [(1, 4)], 6: [(1, 9), (9, 7)], 8: [(1, 8), (8, 4)], 11: [(1, 6), (6, 9), (9, 4)], 10: [(1, 3), (3, 4)]}, padri: [0], figli: [2, 3, 4, 5, 4, 10], mosse: [(6, 6, 7, 9)]
2 -> costo: 137801.70000000004, rotte: {2: [(1, 5)], 5: [(1, 6)], 3: [(1, 3)], 9: [(1, 2), (2, 4)], 7: [(1, 9)], 4: [(1, 4)], 6: [(1, 9), (9, 7)], 8: [(1, 8), (8, 4)], 11: [(1, 9), (9, 4), (4, 6)], 10: [(1, 3), (3, 4)]}, padri: [1, 3, 3, 6], figli: [], mosse: [(11, 11, 4, 6, 9), (11, 11, 9, 4, 2), (11, 11, 4, 6, 9), (6, 6, 7, 9)]
3 -> costo: 139203.40000000002, rotte: {2: [(1, 5)], 5: [(1, 6)], 3: [(1, 3)], 9: [(1, 2), (2, 4)], 7: [(1, 9)], 4: [(1, 4)], 6: [(1, 9), (9, 7)], 8: [(1, 8), (8, 4)], 11: [(1, 9), (9, 6), (6, 4)], 10: [(1, 3), (3, 4)]}, padri: [1, 4], figli: [2, 2, 10, 10], mosse: [(11, 11, 9, 6, 9), (11, 11, 1, 9, 1)]
4 -> costo: 143676.80000000005, rotte: {2: [(1, 5)], 5: [(1, 6)], 3: [(1, 3)], 9: [(1, 2), (2, 4)], 7: [(1, 9)], 4: [(1, 4)], 6: [(1, 9), (9, 7)], 8: [(1, 8), (8, 4)], 11: [(1, 6), (6, 4), (4, 9)], 10: [(1, 3), (3, 4)]}, padri: [1, 1], figli: [3, 5], mosse: [(11, 11, 6, 4, 2), (11, 11, 4, 9, 1)]
5 -> costo: 143247.30000000005, rotte: {2: [(1, 5)], 5: [(1, 6)], 3: [(1, 3)], 9: [(1, 2), (2, 4)], 7: [(1, 9)], 4: [(1, 4)], 6: [(1, 9), (9, 7)], 8: [(1, 8), (8, 4)], 11: [(1, 4), (4, 6), (6, 9)], 10: [(1, 3), (3, 4)]}, padri: [4], figli: [], mosse: [(11, 11, 4, 6, 9)]
6 -> costo: 146811.90000000002, rotte: {2: [(1, 5)], 5: [(1, 6)], 3: [(1, 3)], 9: [(1, 2), (2, 4)], 7: [(1, 9)], 4: [(1, 4)], 6: [(1, 7), (7, 9)], 8: [(1, 8), (8, 4)], 11: [(1, 9), (9, 4), (4, 6)], 10: [(1, 3), (3, 4)]}, padri: [0], figli: [7, 2, 10, 11, 14], mosse: [(11, 11, 4, 6, 9)]
7 -> costo: 136207.2, rotte: {2: [(1, 5)], 5: [(1, 6)], 3: [(1, 3)], 9: [(1, 2), (2, 4)], 7: [(1, 9)], 4: [(1, 4)], 6: [(1, 9)], 8: [(1, 8), (8, 4)], 11: [(1, 9), (9, 4), (4, 7), (7, 6)], 10: [(1, 3), (3, 4)]}, padri: [6, 10, 12, 15], figli: [8, 8, 9, 9], mosse: [(11, 6, 4, 7, 3), (11, 11, 4, 7, 3), (11, 11, 9, 4, 2), (11, 11, 7, 6, 9)]
8 -> costo: 134165.30000000002, rotte: {2: [(1, 5)], 5: [(1, 6)], 3: [(1, 3)], 9: [(1, 2), (2, 4)], 7: [(1, 9)], 4: [(1, 4)], 6: [(1, 9)], 8: [(1, 8), (8, 4)], 11: [(1, 9), (9, 4), (4, 6), (6, 7)], 10: [(1, 3), (3, 4)]}, padri: [7, 7, 9, 10, 11, 15, 17], figli: [], mosse: [(11, 11, 4, 6, 9), (11, 11, 6, 7, 3), (11, 11, 4, 6, 9), (11, 11, 6, 7, 3), (11, 11, 9, 4, 2), (11, 11, 4, 6, 9), (11, 11, 9, 4, 2)]
9 -> costo: 136014.2, rotte: {2: [(1, 5)], 5: [(1, 6)], 3: [(1, 3)], 9: [(1, 2), (2, 4)], 7: [(1, 9)], 4: [(1, 4)], 6: [(1, 9)], 8: [(1, 8), (8, 4)], 11: [(1, 9), (9, 6), (6, 4), (4, 7)], 10: [(1, 3), (3, 4)]}, padri: [7, 11, 11, 11, 12, 15, 17], figli: [8], mosse: [(11, 11, 9, 6, 9), (11, 11, 6, 4, 2), (11, 11, 4, 7, 3), (11, 11, 7, 4), (11, 11, 4, 7, 3), (11, 11, 9, 6, 9), (11, 11, 6, 4, 2)]
10 -> costo: 139504.00000000003, rotte: {2: [(1, 5)], 5: [(1, 6)], 3: [(1, 3)], 9: [(1, 2), (2, 4)], 7: [(1, 9)], 4: [(1, 4)], 6: [(1, 9)], 8: [(1, 8), (8, 4)], 11: [(1, 9), (9, 7), (7, 4), (4, 6)], 10: [(1, 3), (3, 4)]}, padri: [6, 13], figli: [8, 7, 11, 12, 12, 12], mosse: [(11, 6, 9, 7, 3), (11, 11, 4, 6, 9)]
11 -> costo: 137625.7, rotte: {2: [(1, 5)], 5: [(1, 6)], 3: [(1, 3)], 9: [(1, 2), (2, 4)], 7: [(1, 9)], 4: [(1, 4)], 6: [(1, 9)], 8: [(1, 8), (8, 4)], 11: [(1, 9), (9, 6), (6, 7), (7, 4)], 10: [(1, 3), (3, 4)]}, padri: [10, 12, 13, 14, 17], figli: [8, 9, 9, 9], mosse: [(11, 11, 9, 6, 9), (11, 11, 6, 7, 3), (11, 11, 9, 6, 9), (11, 11, 1, 9, 1), (11, 11, 7, 4, 2)]
12 -> costo: 139040.00000000003, rotte: {2: [(1, 5)], 5: [(1, 6)], 3: [(1, 3)], 9: [(1, 2), (2, 4)], 7: [(1, 9)], 4: [(1, 4)], 6: [(1, 9)], 8: [(1, 8), (8, 4)], 11: [(1, 9), (9, 7), (7, 6), (6, 4)], 10: [(1, 3), (3, 4)]}, padri: [10, 10, 10, 13], figli: [9, 7, 11], mosse: [(11, 11, 4, 6), (11, 11, 7, 6, 9), (11, 11, 6, 4, 2), (11, 11, 7, 6, 9)]
13 -> costo: 147146.80000000002, rotte: {2: [(1, 5)], 5: [(1, 6)], 3: [(1, 3)], 9: [(1, 2), (2, 4)], 7: [(1, 9)], 4: [(1, 4)], 6: [(1, 9)], 8: [(1, 8), (8, 4)], 11: [(1, 6), (6, 9), (9, 7), (7, 4)], 10: [(1, 3), (3, 4)]}, padri: [0], figli: [11, 12, 10, 14, 15, 15, 15, 16, 16, 16, 19, 19, 19], mosse: [(11, 6, 9, 7, 3)]
14 -> costo: 142099.10000000003, rotte: {2: [(1, 5)], 5: [(1, 6)], 3: [(1, 3)], 9: [(1, 2), (2, 4)], 7: [(1, 9)], 4: [(1, 4)], 6: [(1, 9)], 8: [(1, 8), (8, 4)], 11: [(1, 6), (6, 7), (7, 4), (4, 9)], 10: [(1, 3), (3, 4)]}, padri: [13, 19], figli: [11], mosse: [(11, 11, 4, 9, 1), (11, 11, 7, 4, 2)]
15 -> costo: 142255.30000000002, rotte: {2: [(1, 5)], 5: [(1, 6)], 3: [(1, 3)], 9: [(1, 2), (2, 4)], 7: [(1, 9)], 4: [(1, 4)], 6: [(1, 9)], 8: [(1, 8), (8, 4)], 11: [(1, 6), (6, 9), (9, 4), (4, 7)], 10: [(1, 3), (3, 4)]}, padri: [13, 13, 13, 16], figli: [8, 9, 7], mosse: [(11, 11, 7, 4), (11, 11, 9, 4, 2), (11, 11, 4, 7, 3), (11, 11, 9, 4, 2)]
16 -> costo: 143247.30000000005, rotte: {2: [(1, 5)], 5: [(1, 6)], 3: [(1, 3)], 9: [(1, 2), (2, 4)], 7: [(1, 9)], 4: [(1, 4)], 6: [(1, 9)], 8: [(1, 8), (8, 4)], 11: [(1, 4), (4, 6), (6, 9), (9, 7)], 10: [(1, 3), (3, 4)]}, padri: [13, 13, 13], figli: [17, 18, 15, 19], mosse: [(11, 11, 1, 4, 2)]
17 -> costo: 139957.7, rotte: {2: [(1, 5)], 5: [(1, 6)], 3: [(1, 3)], 9: [(1, 2), (2, 4)], 7: [(1, 9)], 4: [(1, 4)], 6: [(1, 9)], 8: [(1, 8), (8, 4)], 11: [(1, 4), (4, 9), (9, 6), (6, 7)], 10: [(1, 3), (3, 4)]}, padri: [16, 19], figli: [8, 9, 11], mosse: [(11, 11, 9, 6, 9), (11, 11, 4, 9, 1)]
18 -> costo: 141652.80000000002, rotte: {2: [(1, 5)], 5: [(1, 6)], 3: [(1, 3)], 9: [(1, 2), (2, 4)], 7: [(1, 9)], 4: [(1, 4)], 6: [(1, 9)], 8: [(1, 8), (8, 4)], 11: [(1, 4), (4, 7), (7, 6), (6, 9)], 10: [(1, 3), (3, 4)]}, padri: [16, 19], figli: [], mosse: [(11, 11, 4, 7, 3), (11, 11, 7, 6, 9)]
19 -> costo: 143085.60000000003, rotte: {2: [(1, 5)], 5: [(1, 6)], 3: [(1, 3)], 9: [(1, 2), (2, 4)], 7: [(1, 9)], 4: [(1, 4)], 6: [(1, 9)], 8: [(1, 8), (8, 4)], 11: [(1, 4), (4, 6), (6, 7), (7, 9)], 10: [(1, 3), (3, 4)]}, padri: [16], figli: [17, 18, 14], mosse: [(11, 11, 9, 7)]
bestSolutionIndice: 8
8 -> costo: 134165.30000000002, rotte: {2: [(1, 5)], 5: [(1, 6)], 3: [(1, 3)], 9: [(1, 2), (2, 4)], 7: [(1, 9)], 4: [(1, 4)], 6: [(1, 9)], 8: [(1, 8), (8, 4)], 11: [(1, 9), (9, 4), (4, 6), (6, 7)], 10: [(1, 3), (3, 4)]}, padri: [7, 7, 9, 10, 11, 15, 17], figli: [], mosse: [(11, 11, 4, 6, 9), (11, 11, 6, 7, 3), (11, 11, 4, 6, 9), (11, 11, 6, 7, 3), (11, 11, 9, 4, 2), (11, 11, 4, 6, 9), (11, 11, 9, 4, 2)]
trasportoPalletDiGamma: {2: [(5, 5)], 5: [(6, 5)], 3: [(3, 5)], 9: [(2, 6), (4, 4)], 7: [(9, 5)], 4: [(4, 5)], 6: [(9, 2)], 8: [(8, 1), (4, 4)], 11: [(9, 1), (4, 2), (6, 9), (7, 3)], 10: [(3, 7), (4, 3)]}
itMosseLS: 53, itMosseTS: 50
time elapsed: 1200.90s.


##########################################################################################
s: 1
dictSolutions[1]:
0 -> costo: 139535.4, rotte: {4: [(1, 7), (7, 2)], 2: [(1, 4)], 10: [(1, 5), (5, 6)], 5: [(1, 9)], 11: [(1, 3), (3, 4)], 6: [(1, 2)], 7: [(1, 6)], 3: [(1, 8), (8, 6)], 9: [(1, 4)], 8: [(1, 9)]}, padri: [-1], figli: [1, 1, 1, 5, 5, 5], mosse: [-1]
1 -> costo: 132851.1, rotte: {4: [(1, 2), (2, 7)], 2: [(1, 4)], 10: [(1, 5), (5, 6)], 5: [(1, 9)], 11: [(1, 3), (3, 4)], 6: [(1, 2)], 7: [(1, 6)], 3: [(1, 8), (8, 6)], 9: [(1, 4)], 8: [(1, 9)]}, padri: [0, 0, 0], figli: [2, 4, 4, 4, 7], mosse: [(4, 4, 1, 2, 1), (4, 4, 2, 7, 3), (4, 4, 7, 2)]
2 -> costo: 130479.80000000002, rotte: {4: [(1, 8), (8, 2), (2, 7)], 2: [(1, 4)], 10: [(1, 5), (5, 6)], 5: [(1, 9)], 11: [(1, 3), (3, 4)], 6: [(1, 2)], 7: [(1, 6)], 3: [(1, 6)], 9: [(1, 4)], 8: [(1, 9)]}, padri: [1, 6], figli: [3, 3, 3], mosse: [(4, 3, 1, 8, 1), (4, 4, 8, 2, 1)]
3 -> costo: 130283.10000000002, rotte: {4: [(1, 8), (8, 2), (2, 7)], 2: [(1, 4)], 10: [(1, 6), (6, 5)], 5: [(1, 9)], 11: [(1, 3), (3, 4)], 6: [(1, 2)], 7: [(1, 6)], 3: [(1, 6)], 9: [(1, 4)], 8: [(1, 9)]}, padri: [2, 2, 2, 4, 7], figli: [], mosse: [(10, 10, 1, 6, 5), (10, 10, 6, 5, 5), (10, 10, 5, 6), (4, 3, 1, 8, 1), (4, 4, 8, 2, 1)]
4 -> costo: 132654.40000000002, rotte: {4: [(1, 2), (2, 7)], 2: [(1, 4)], 10: [(1, 6), (6, 5)], 5: [(1, 9)], 11: [(1, 3), (3, 4)], 6: [(1, 2)], 7: [(1, 6)], 3: [(1, 8), (8, 6)], 9: [(1, 4)], 8: [(1, 9)]}, padri: [1, 1, 1], figli: [3], mosse: [(10, 10, 1, 6, 5), (10, 10, 6, 5, 5), (10, 10, 5, 6)]
5 -> costo: 138011.1, rotte: {4: [(1, 7), (7, 2), (2, 8)], 2: [(1, 4)], 10: [(1, 5), (5, 6)], 5: [(1, 9)], 11: [(1, 3), (3, 4)], 6: [(1, 2)], 7: [(1, 6)], 3: [(1, 6)], 9: [(1, 4)], 8: [(1, 9)]}, padri: [0], figli: [6], mosse: [(4, 3, 2, 8, 1)]
6 -> costo: 133199.30000000002, rotte: {4: [(1, 2), (2, 8), (8, 7)], 2: [(1, 4)], 10: [(1, 5), (5, 6)], 5: [(1, 9)], 11: [(1, 3), (3, 4)], 6: [(1, 2)], 7: [(1, 6)], 3: [(1, 6)], 9: [(1, 4)], 8: [(1, 9)]}, padri: [5], figli: [2, 7, 7, 7], mosse: [(4, 4, 8, 7, 3)]
7 -> costo: 133002.6, rotte: {4: [(1, 2), (2, 8), (8, 7)], 2: [(1, 4)], 10: [(1, 6), (6, 5)], 5: [(1, 9)], 11: [(1, 3), (3, 4)], 6: [(1, 2)], 7: [(1, 6)], 3: [(1, 6)], 9: [(1, 4)], 8: [(1, 9)]}, padri: [6, 6, 6], figli: [3], mosse: [(10, 10, 1, 6, 5), (10, 10, 6, 5, 5), (10, 10, 5, 6)]
bestSolutionIndice: 3
3 -> costo: 130283.10000000002, rotte: {4: [(1, 8), (8, 2), (2, 7)], 2: [(1, 4)], 10: [(1, 6), (6, 5)], 5: [(1, 9)], 11: [(1, 3), (3, 4)], 6: [(1, 2)], 7: [(1, 6)], 3: [(1, 6)], 9: [(1, 4)], 8: [(1, 9)]}, padri: [2, 2, 2, 4, 7], figli: [], mosse: [(10, 10, 1, 6, 5), (10, 10, 6, 5, 5), (10, 10, 5, 6), (4, 3, 1, 8, 1), (4, 4, 8, 2, 1)]
trasportoPalletDiGamma: {4: [(8, 1), (2, 1), (7, 3)], 2: [(4, 5)], 10: [(6, 5), (5, 5)], 5: [(9, 5)], 11: [(3, 12), (4, 3)], 6: [(2, 5)], 7: [(6, 5)], 3: [(6, 4)], 9: [(4, 10)], 8: [(9, 3)]}
itMosseLS: 18, itMosseTS: 17
time elapsed: 391.21s.


