itNSIMax: 5, itMosseTSMax: 50.
##########################################################################################
s: 1
dictSolutions[1]:
0 -> costo: 81790.0, rotte: {3: [(1, 6), (6, 9), (9, 7)], 5: [(1, 3), (3, 4), (4, 8), (8, 7)], 2: [(1, 10), (10, 5), (5, 7)], 4: [(1, 2), (2, 8)]}, padri: [-1], figli: [1], mosse: [-1]
1 -> costo: 76958.2, rotte: {3: [(1, 6), (6, 7), (7, 9)], 5: [(1, 3), (3, 4), (4, 8), (8, 7)], 2: [(1, 10), (10, 5), (5, 7)], 4: [(1, 2), (2, 8)]}, padri: [0], figli: [2], mosse: [(3, 3, 6, 7, 6)]
2 -> costo: 74030.0, rotte: {3: [(1, 6), (6, 7), (7, 9)], 5: [(1, 3), (3, 4), (4, 8), (8, 7), (7, 10)], 2: [(1, 5), (5, 7)], 4: [(1, 2), (2, 8)]}, padri: [1], figli: [3, 9, 13, 19], mosse: [(5, 2, 7, 10, 2)]
3 -> costo: 72513.20000000001, rotte: {3: [(1, 6), (6, 7), (7, 9)], 5: [(1, 4), (4, 8), (8, 3), (3, 7), (7, 10)], 2: [(1, 5), (5, 7)], 4: [(1, 2), (2, 8)]}, padri: [2], figli: [4, 8, 8, 8, 14, 20, 24], mosse: [(5, 5, 8, 3, 6)]
4 -> costo: 71809.5, rotte: {3: [(1, 6), (6, 7), (7, 9)], 5: [(1, 4), (4, 3), (3, 7), (7, 8), (8, 10)], 2: [(1, 5), (5, 7)], 4: [(1, 2), (2, 8)]}, padri: [3, 13, 19], figli: [5, 7, 7, 7, 10, 11, 12, 21, 22, 23, 25, 25, 25], mosse: [(5, 5, 7, 8, 2), (5, 5, 4, 3, 6), (5, 5, 7, 8, 2)]
5 -> costo: 71473.6, rotte: {3: [(1, 6), (6, 7), (7, 9)], 5: [(1, 4), (4, 7), (7, 3), (3, 8), (8, 10)], 2: [(1, 5), (5, 7)], 4: [(1, 2), (2, 8)]}, padri: [4, 9, 13, 20], figli: [6, 6, 6], mosse: [(5, 5, 7, 3, 6), (5, 5, 3, 8, 2), (5, 5, 7, 3, 6), (5, 5, 3, 8, 2)]
6 -> costo: 71303.4, rotte: {3: [(1, 6), (6, 7), (7, 9)], 5: [(1, 4), (4, 7), (7, 3), (3, 8), (8, 10)], 2: [(1, 5), (5, 7)], 4: [(1, 8), (8, 2)]}, padri: [5, 5, 5, 7, 10, 11, 12, 18, 21, 22, 23, 25], figli: [], mosse: [(4, 4, 1, 8, 17), (4, 4, 8, 2, 3), (4, 4, 2, 8), (5, 5, 7, 3, 6), (5, 5, 3, 8, 2), (5, 5, 3, 8, 2), (5, 5, 3, 8, 2), (5, 5, 7, 3, 6), (5, 5, 3, 8, 2), (5, 5, 3, 8, 2), (5, 5, 3, 8, 2), (5, 5, 3, 8, 2)]
7 -> costo: 71639.3, rotte: {3: [(1, 6), (6, 7), (7, 9)], 5: [(1, 4), (4, 3), (3, 7), (7, 8), (8, 10)], 2: [(1, 5), (5, 7)], 4: [(1, 8), (8, 2)]}, padri: [4, 4, 4, 8, 18, 24], figli: [6], mosse: [(4, 4, 1, 8, 17), (4, 4, 8, 2, 3), (4, 4, 2, 8), (5, 5, 7, 8, 2), (5, 5, 4, 3, 6), (5, 5, 7, 8, 2)]
8 -> costo: 72343.0, rotte: {3: [(1, 6), (6, 7), (7, 9)], 5: [(1, 4), (4, 8), (8, 3), (3, 7), (7, 10)], 2: [(1, 5), (5, 7)], 4: [(1, 8), (8, 2)]}, padri: [3, 3, 3], figli: [7, 25], mosse: [(4, 4, 1, 8, 17), (4, 4, 8, 2, 3), (4, 4, 2, 8)]
9 -> costo: 72513.20000000001, rotte: {3: [(1, 6), (6, 7), (7, 9)], 5: [(1, 4), (4, 8), (8, 7), (7, 3), (3, 10)], 2: [(1, 5), (5, 7)], 4: [(1, 2), (2, 8)]}, padri: [2], figli: [5, 10, 11, 12, 21, 22, 23], mosse: [(5, 5, 7, 3, 6)]
10 -> costo: 72343.0, rotte: {3: [(1, 6), (6, 7), (7, 9)], 5: [(1, 4), (4, 8), (8, 7), (7, 3), (3, 10)], 2: [(1, 5), (5, 7)], 4: [(1, 8), (8, 2)]}, padri: [4, 9], figli: [6], mosse: [(4, 4, 1, 8, 17)]
11 -> costo: 72343.0, rotte: {3: [(1, 6), (6, 7), (7, 9)], 5: [(1, 4), (4, 8), (8, 7), (7, 3), (3, 10)], 2: [(1, 5), (5, 7)], 4: [(1, 8), (8, 2)]}, padri: [4, 9], figli: [6], mosse: [(4, 4, 8, 2, 3)]
12 -> costo: 72343.0, rotte: {3: [(1, 6), (6, 7), (7, 9)], 5: [(1, 4), (4, 8), (8, 7), (7, 3), (3, 10)], 2: [(1, 5), (5, 7)], 4: [(1, 8), (8, 2)]}, padri: [4, 9], figli: [6], mosse: [(4, 4, 2, 8)]
13 -> costo: 72990.4, rotte: {3: [(1, 6), (6, 7), (7, 9)], 5: [(1, 3), (3, 4), (4, 7), (7, 8), (8, 10)], 2: [(1, 5), (5, 7)], 4: [(1, 2), (2, 8)]}, padri: [2], figli: [5, 4, 14, 18, 18, 18, 20, 21, 22, 23, 24], mosse: [(5, 5, 7, 8, 2)]
14 -> costo: 72121.2, rotte: {3: [(1, 6), (6, 7), (7, 9)], 5: [(1, 3), (3, 7), (7, 4), (4, 8), (8, 10)], 2: [(1, 5), (5, 7)], 4: [(1, 2), (2, 8)]}, padri: [13], figli: [15, 15, 15, 17, 17, 17], mosse: [(5, 5, 7, 4, 8)]
15 -> costo: 71951.0, rotte: {3: [(1, 6), (6, 7), (7, 9)], 5: [(1, 3), (3, 7), (7, 4), (4, 8), (8, 10)], 2: [(1, 5), (5, 7)], 4: [(1, 8), (8, 2)]}, padri: [14, 14, 14, 18], figli: [16], mosse: [(4, 4, 1, 8, 17), (4, 4, 8, 2, 3), (4, 4, 2, 8), (5, 5, 7, 4, 8)]
16 -> costo: 71950.6, rotte: {3: [(1, 6), (6, 7), (7, 9)], 5: [(1, 7), (7, 3), (3, 4), (4, 8), (8, 10)], 2: [(1, 5), (5, 7)], 4: [(1, 8), (8, 2)]}, padri: [15, 17, 17, 17], figli: [], mosse: [(5, 5, 7, 3, 6), (4, 4, 1, 8, 17), (4, 4, 8, 2, 3), (4, 4, 2, 8)]
17 -> costo: 72120.8, rotte: {3: [(1, 6), (6, 7), (7, 9)], 5: [(1, 7), (7, 3), (3, 4), (4, 8), (8, 10)], 2: [(1, 5), (5, 7)], 4: [(1, 2), (2, 8)]}, padri: [14], figli: [16, 16, 16], mosse: [(5, 5, 7, 3, 6)]
18 -> costo: 72820.2, rotte: {3: [(1, 6), (6, 7), (7, 9)], 5: [(1, 3), (3, 4), (4, 7), (7, 8), (8, 10)], 2: [(1, 5), (5, 7)], 4: [(1, 8), (8, 2)]}, padri: [13, 13, 13], figli: [6, 7, 15, 25], mosse: [(4, 4, 1, 8, 17), (4, 4, 8, 2, 3), (4, 4, 2, 8)]
19 -> costo: 73390.40000000001, rotte: {3: [(1, 6), (6, 7), (7, 9)], 5: [(1, 4), (4, 3), (3, 8), (8, 7), (7, 10)], 2: [(1, 5), (5, 7)], 4: [(1, 2), (2, 8)]}, padri: [2], figli: [4, 20, 24], mosse: [(5, 5, 4, 3, 6)]
20 -> costo: 72513.20000000001, rotte: {3: [(1, 6), (6, 7), (7, 9)], 5: [(1, 4), (4, 8), (8, 7), (7, 3), (3, 10)], 2: [(1, 5), (5, 7)], 4: [(1, 2), (2, 8)]}, padri: [3, 13, 19], figli: [5, 21, 22, 23], mosse: [(5, 5, 7, 3, 6)]
21 -> costo: 72343.0, rotte: {3: [(1, 6), (6, 7), (7, 9)], 5: [(1, 4), (4, 8), (8, 7), (7, 3), (3, 10)], 2: [(1, 5), (5, 7)], 4: [(1, 8), (8, 2)]}, padri: [4, 9, 13, 20], figli: [6], mosse: [(4, 4, 1, 8, 17)]
22 -> costo: 72343.0, rotte: {3: [(1, 6), (6, 7), (7, 9)], 5: [(1, 4), (4, 8), (8, 7), (7, 3), (3, 10)], 2: [(1, 5), (5, 7)], 4: [(1, 8), (8, 2)]}, padri: [4, 9, 13, 20], figli: [6], mosse: [(4, 4, 8, 2, 3)]
23 -> costo: 72343.0, rotte: {3: [(1, 6), (6, 7), (7, 9)], 5: [(1, 4), (4, 8), (8, 7), (7, 3), (3, 10)], 2: [(1, 5), (5, 7)], 4: [(1, 8), (8, 2)]}, padri: [4, 9, 13, 20], figli: [6], mosse: [(4, 4, 2, 8)]
24 -> costo: 73220.2, rotte: {3: [(1, 6), (6, 7), (7, 9)], 5: [(1, 4), (4, 3), (3, 8), (8, 7), (7, 10)], 2: [(1, 5), (5, 7)], 4: [(1, 8), (8, 2)]}, padri: [19], figli: [7, 25], mosse: [(4, 4, 1, 8, 17)]
25 -> costo: 72343.0, rotte: {3: [(1, 6), (6, 7), (7, 9)], 5: [(1, 4), (4, 8), (8, 7), (7, 3), (3, 10)], 2: [(1, 5), (5, 7)], 4: [(1, 8), (8, 2)]}, padri: [4, 4, 4, 8, 18, 24], figli: [6], mosse: [(5, 5, 7, 3, 6)]
bestSolutionIndice: 6
6 -> costo: 71303.4, rotte: {3: [(1, 6), (6, 7), (7, 9)], 5: [(1, 4), (4, 7), (7, 3), (3, 8), (8, 10)], 2: [(1, 5), (5, 7)], 4: [(1, 8), (8, 2)]}, padri: [5, 5, 5, 7, 10, 11, 12, 18, 21, 22, 23, 25], figli: [], mosse: [(4, 4, 1, 8, 17), (4, 4, 8, 2, 3), (4, 4, 2, 8), (5, 5, 7, 3, 6), (5, 5, 3, 8, 2), (5, 5, 3, 8, 2), (5, 5, 3, 8, 2), (5, 5, 7, 3, 6), (5, 5, 3, 8, 2), (5, 5, 3, 8, 2), (5, 5, 3, 8, 2), (5, 5, 3, 8, 2)]
trasportoPalletDiGamma: {3: [(6, 13), (7, 6), (9, 1)], 5: [(4, 8), (7, 7), (3, 6), (8, 2), (10, 2)], 2: [(5, 11), (7, 2)], 4: [(8, 17), (2, 3)]}
itMosseLS: 56, itMosseTS: 50
time elapsed: 223.42s.


##########################################################################################
s: 1
dictSolutions[1]:
0 -> costo: 81389.09999999999, rotte: {4: [(1, 7), (7, 9), (9, 3)], 2: [(1, 4), (4, 10), (10, 8)], 5: [(1, 5), (5, 2), (2, 3), (3, 8)], 3: [(1, 6), (6, 8)]}, padri: [-1], figli: [1], mosse: [-1]
1 -> costo: 75827.19999999998, rotte: {4: [(1, 7), (7, 3), (3, 9)], 2: [(1, 4), (4, 10), (10, 8)], 5: [(1, 5), (5, 2), (2, 3), (3, 8)], 3: [(1, 6), (6, 8)]}, padri: [0], figli: [2, 2, 8, 8, 9, 9, 14], mosse: [(4, 4, 7, 3, 4)]
2 -> costo: 71329.09999999999, rotte: {4: [(1, 7), (7, 3), (3, 9)], 2: [(1, 4), (4, 8), (8, 10)], 5: [(1, 5), (5, 2), (2, 3), (3, 8)], 3: [(1, 6), (6, 8)]}, padri: [1, 1, 8], figli: [3, 4, 5, 6, 7, 7, 7], mosse: [(2, 2, 4, 8, 5), (2, 2, 8, 10, 2), (2, 2, 4, 8, 5)]
3 -> costo: 70867.19999999998, rotte: {4: [(1, 7), (7, 3), (3, 9)], 2: [(1, 4), (4, 8), (8, 10)], 5: [(1, 5), (5, 8), (8, 2), (2, 3)], 3: [(1, 6), (6, 8)]}, padri: [2, 5, 6, 6, 6, 7, 9], figli: [], mosse: [(5, 5, 5, 8, 7), (5, 5, 2, 3, 2), (5, 5, 3, 2), (5, 5, 8, 2, 3), (5, 5, 2, 3, 2), (5, 5, 8, 2, 3), (2, 2, 4, 8, 5)]
4 -> costo: 70967.9, rotte: {4: [(1, 7), (7, 3), (3, 9)], 2: [(1, 4), (4, 8), (8, 10)], 5: [(1, 5), (5, 3), (3, 2), (2, 8)], 3: [(1, 6), (6, 8)]}, padri: [2, 5, 5, 5, 6, 7, 10], figli: [], mosse: [(5, 5, 3, 2, 3), (5, 5, 3, 2, 3), (5, 5, 2, 8, 7), (5, 5, 8, 2), (5, 5, 2, 8, 7), (5, 5, 5, 3, 2), (2, 2, 4, 8, 5)]
5 -> costo: 71215.79999999999, rotte: {4: [(1, 7), (7, 3), (3, 9)], 2: [(1, 4), (4, 8), (8, 10)], 5: [(1, 5), (5, 3), (3, 8), (8, 2)], 3: [(1, 6), (6, 8)]}, padri: [2, 11], figli: [3, 4, 4, 4, 6, 6, 6], mosse: [(5, 5, 8, 2, 3), (2, 2, 4, 8, 5)]
6 -> costo: 71179.79999999999, rotte: {4: [(1, 7), (7, 3), (3, 9)], 2: [(1, 4), (4, 8), (8, 10)], 5: [(1, 5), (5, 8), (8, 3), (3, 2)], 3: [(1, 6), (6, 8)]}, padri: [5, 7, 12], figli: [3, 3, 3, 4], mosse: [(5, 5, 8, 3, 2), (5, 5, 3, 2, 3), (2, 2, 4, 8, 5)]
7 -> costo: 71264.4, rotte: {4: [(1, 7), (7, 3), (3, 9)], 2: [(1, 4), (4, 8), (8, 10)], 5: [(1, 5), (5, 2), (2, 8), (8, 3)], 3: [(1, 6), (6, 8)]}, padri: [2, 2, 2, 13], figli: [3, 4, 6], mosse: [(5, 5, 2, 8, 7), (5, 5, 8, 3, 2), (5, 5, 3, 8), (2, 2, 4, 8, 5)]
8 -> costo: 72597.29999999999, rotte: {4: [(1, 7), (7, 3), (3, 9)], 2: [(1, 8), (8, 4), (4, 10)], 5: [(1, 5), (5, 2), (2, 3), (3, 8)], 3: [(1, 6), (6, 8)]}, padri: [1], figli: [2, 9, 10, 11, 12, 13, 13, 13], mosse: [(2, 2, 1, 8, 5)]
9 -> costo: 72135.39999999998, rotte: {4: [(1, 7), (7, 3), (3, 9)], 2: [(1, 8), (8, 4), (4, 10)], 5: [(1, 5), (5, 8), (8, 2), (2, 3)], 3: [(1, 6), (6, 8)]}, padri: [8, 11, 12, 12, 12, 13], figli: [3], mosse: [(5, 5, 5, 8, 7), (5, 5, 2, 3, 2), (5, 5, 3, 2), (5, 5, 8, 2, 3), (5, 5, 2, 3, 2), (5, 5, 8, 2, 3)]
10 -> costo: 72236.09999999999, rotte: {4: [(1, 7), (7, 3), (3, 9)], 2: [(1, 8), (8, 4), (4, 10)], 5: [(1, 5), (5, 3), (3, 2), (2, 8)], 3: [(1, 6), (6, 8)]}, padri: [8, 11, 11, 11, 12, 13], figli: [4], mosse: [(5, 5, 3, 2, 3), (5, 5, 3, 2, 3), (5, 5, 2, 8, 7), (5, 5, 8, 2), (5, 5, 2, 8, 7), (5, 5, 5, 3, 2)]
11 -> costo: 72483.99999999999, rotte: {4: [(1, 7), (7, 3), (3, 9)], 2: [(1, 8), (8, 4), (4, 10)], 5: [(1, 5), (5, 3), (3, 8), (8, 2)], 3: [(1, 6), (6, 8)]}, padri: [8], figli: [5, 9, 10, 10, 10, 12, 12, 12], mosse: [(5, 5, 8, 2, 3)]
12 -> costo: 72447.99999999999, rotte: {4: [(1, 7), (7, 3), (3, 9)], 2: [(1, 8), (8, 4), (4, 10)], 5: [(1, 5), (5, 8), (8, 3), (3, 2)], 3: [(1, 6), (6, 8)]}, padri: [11, 13], figli: [6, 9, 9, 9, 10], mosse: [(5, 5, 8, 3, 2), (5, 5, 3, 2, 3)]
13 -> costo: 72532.59999999999, rotte: {4: [(1, 7), (7, 3), (3, 9)], 2: [(1, 8), (8, 4), (4, 10)], 5: [(1, 5), (5, 2), (2, 8), (8, 3)], 3: [(1, 6), (6, 8)]}, padri: [8, 8, 8], figli: [7, 9, 10, 12], mosse: [(5, 5, 2, 8, 7), (5, 5, 8, 3, 2), (5, 5, 3, 8)]
14 -> costo: 74515.9, rotte: {4: [(1, 7), (7, 3), (3, 9)], 2: [(1, 10), (10, 8), (8, 4)], 5: [(1, 5), (5, 2), (2, 3), (3, 8)], 3: [(1, 6), (6, 8)]}, padri: [1], figli: [15], mosse: [(2, 2, 8, 4, 8)]
15 -> costo: 71945.29999999999, rotte: {4: [(1, 7), (7, 3), (3, 9)], 2: [(1, 8), (8, 4)], 5: [(1, 5), (5, 2), (2, 3), (3, 8), (8, 10)], 3: [(1, 6), (6, 8)]}, padri: [14], figli: [16, 18, 20], mosse: [(5, 2, 8, 10, 2)]
16 -> costo: 71329.09999999999, rotte: {4: [(1, 7), (7, 3), (3, 9)], 2: [(1, 4), (4, 8)], 5: [(1, 5), (5, 2), (2, 3), (3, 8), (8, 10)], 3: [(1, 6), (6, 8)]}, padri: [15], figli: [17], mosse: [(2, 2, 1, 4, 8)]
17 -> costo: 70967.9, rotte: {4: [(1, 7), (7, 3), (3, 9)], 2: [(1, 4), (4, 8)], 5: [(1, 5), (5, 3), (3, 2), (2, 8), (8, 10)], 3: [(1, 6), (6, 8)]}, padri: [16], figli: [], mosse: [(5, 5, 3, 2, 3)]
18 -> costo: 71329.09999999999, rotte: {4: [(1, 7), (7, 3), (3, 9)], 2: [(1, 4), (4, 8)], 5: [(1, 5), (5, 2), (2, 3), (3, 8), (8, 10)], 3: [(1, 6), (6, 8)]}, padri: [15], figli: [19], mosse: [(2, 2, 4, 8, 5)]
19 -> costo: 70967.9, rotte: {4: [(1, 7), (7, 3), (3, 9)], 2: [(1, 4), (4, 8)], 5: [(1, 5), (5, 3), (3, 2), (2, 8), (8, 10)], 3: [(1, 6), (6, 8)]}, padri: [18], figli: [], mosse: [(5, 5, 3, 2, 3)]
20 -> costo: 71329.09999999999, rotte: {4: [(1, 7), (7, 3), (3, 9)], 2: [(1, 4), (4, 8)], 5: [(1, 5), (5, 2), (2, 3), (3, 8), (8, 10)], 3: [(1, 6), (6, 8)]}, padri: [15], figli: [21], mosse: [(2, 2, 8, 4)]
21 -> costo: 70967.9, rotte: {4: [(1, 7), (7, 3), (3, 9)], 2: [(1, 4), (4, 8)], 5: [(1, 5), (5, 3), (3, 2), (2, 8), (8, 10)], 3: [(1, 6), (6, 8)]}, padri: [20], figli: [], mosse: [(5, 5, 3, 2, 3)]
bestSolutionIndice: 3
3 -> costo: 70867.19999999998, rotte: {4: [(1, 7), (7, 3), (3, 9)], 2: [(1, 4), (4, 8), (8, 10)], 5: [(1, 5), (5, 8), (8, 2), (2, 3)], 3: [(1, 6), (6, 8)]}, padri: [2, 5, 6, 6, 6, 7, 9], figli: [], mosse: [(5, 5, 5, 8, 7), (5, 5, 2, 3, 2), (5, 5, 3, 2), (5, 5, 8, 2, 3), (5, 5, 2, 3, 2), (5, 5, 8, 2, 3), (2, 2, 4, 8, 5)]
trasportoPalletDiGamma: {4: [(7, 15), (3, 4), (9, 1)], 2: [(4, 8), (8, 5), (10, 2)], 5: [(5, 11), (8, 7), (2, 3), (3, 2)], 3: [(6, 13), (8, 7)]}
itMosseLS: 54, itMosseTS: 50
time elapsed: 216.22s.


##########################################################################################
s: 1
dictSolutions[1]:
0 -> costo: 79753.0, rotte: {5: [(1, 9), (9, 4), (4, 7)], 3: [(1, 2), (2, 6), (6, 8)], 4: [(1, 3), (3, 10), (10, 8)], 2: [(1, 5), (5, 8)]}, padri: [-1], figli: [1], mosse: [-1]
1 -> costo: 70167.59999999999, rotte: {5: [(1, 4), (4, 7)], 3: [(1, 2), (2, 6), (6, 8)], 4: [(1, 3), (3, 9), (9, 10), (10, 8)], 2: [(1, 5), (5, 8)]}, padri: [0], figli: [2, 12], mosse: [(4, 5, 3, 9, 1)]
2 -> costo: 65615.3, rotte: {5: [(1, 4), (4, 7)], 3: [(1, 2), (2, 6), (6, 8)], 4: [(1, 3), (3, 8), (8, 9), (9, 10)], 2: [(1, 5), (5, 8)]}, padri: [1], figli: [3, 5, 7, 8, 9, 10, 9, 9, 11, 11, 11, 11, 11, 14, 16], mosse: [(4, 4, 3, 8, 11)]
3 -> costo: 64506.899999999994, rotte: {5: [(1, 4), (4, 7)], 3: [(1, 6), (6, 8), (8, 2)], 4: [(1, 3), (3, 8), (8, 9), (9, 10)], 2: [(1, 5), (5, 8)]}, padri: [2, 5, 5, 5, 7, 13], figli: [4, 4, 4], mosse: [(3, 3, 8, 2, 3), (3, 3, 2, 8), (3, 3, 6, 8, 4), (3, 3, 8, 2, 3), (3, 3, 1, 6, 13), (4, 4, 3, 8, 11)]
4 -> costo: 64271.899999999994, rotte: {5: [(1, 4), (4, 7)], 3: [(1, 6), (6, 8), (8, 2)], 4: [(1, 3), (3, 8), (8, 10), (10, 9)], 2: [(1, 5), (5, 8)]}, padri: [3, 3, 3, 6, 6, 6, 8, 11, 14], figli: [], mosse: [(4, 4, 8, 10, 2), (4, 4, 10, 9, 1), (4, 4, 9, 10), (3, 3, 2, 8), (3, 3, 6, 8, 4), (3, 3, 8, 2, 3), (3, 3, 1, 6, 13), (3, 3, 8, 2, 3), (4, 4, 3, 8, 11)]
5 -> costo: 64609.99999999999, rotte: {5: [(1, 4), (4, 7)], 3: [(1, 6), (6, 2), (2, 8)], 4: [(1, 3), (3, 8), (8, 9), (9, 10)], 2: [(1, 5), (5, 8)]}, padri: [2, 9, 15], figli: [6, 6, 6, 3, 3, 3, 8, 8, 8, 14, 14, 14], mosse: [(3, 3, 6, 2, 3), (3, 3, 1, 6, 13), (4, 4, 3, 8, 11)]
6 -> costo: 64374.99999999999, rotte: {5: [(1, 4), (4, 7)], 3: [(1, 6), (6, 2), (2, 8)], 4: [(1, 3), (3, 8), (8, 10), (10, 9)], 2: [(1, 5), (5, 8)]}, padri: [5, 5, 5, 10, 11, 16], figli: [4, 4, 4], mosse: [(4, 4, 8, 10, 2), (4, 4, 10, 9, 1), (4, 4, 9, 10), (3, 3, 1, 6, 13), (3, 3, 6, 2, 3), (4, 4, 3, 8, 11)]
7 -> costo: 64977.299999999996, rotte: {5: [(1, 4), (4, 7)], 3: [(1, 8), (8, 2), (2, 6)], 4: [(1, 3), (3, 8), (8, 9), (9, 10)], 2: [(1, 5), (5, 8)]}, padri: [2, 9], figli: [3, 8, 8, 8, 14], mosse: [(3, 3, 1, 8, 4), (3, 3, 8, 2, 3)]
8 -> costo: 64742.299999999996, rotte: {5: [(1, 4), (4, 7)], 3: [(1, 8), (8, 2), (2, 6)], 4: [(1, 3), (3, 8), (8, 10), (10, 9)], 2: [(1, 5), (5, 8)]}, padri: [7, 7, 7, 10, 11], figli: [4], mosse: [(4, 4, 8, 10, 2), (4, 4, 10, 9, 1), (4, 4, 9, 10), (3, 3, 8, 2, 3), (3, 3, 1, 8, 4)]
9 -> costo: 65039.899999999994, rotte: {5: [(1, 4), (4, 7)], 3: [(1, 2), (2, 8), (8, 6)], 4: [(1, 3), (3, 8), (8, 9), (9, 10)], 2: [(1, 5), (5, 8)]}, padri: [2, 2, 2], figli: [5, 10, 10, 10, 7, 16], mosse: [(3, 3, 2, 8, 4), (3, 3, 8, 6, 13), (3, 3, 6, 8)]
10 -> costo: 64804.899999999994, rotte: {5: [(1, 4), (4, 7)], 3: [(1, 2), (2, 8), (8, 6)], 4: [(1, 3), (3, 8), (8, 10), (10, 9)], 2: [(1, 5), (5, 8)]}, padri: [9, 9, 9, 11, 11, 11], figli: [6, 8], mosse: [(4, 4, 8, 10, 2), (4, 4, 10, 9, 1), (4, 4, 9, 10), (3, 3, 2, 8, 4), (3, 3, 8, 6, 13), (3, 3, 6, 8)]
11 -> costo: 65380.299999999996, rotte: {5: [(1, 4), (4, 7)], 3: [(1, 2), (2, 6), (6, 8)], 4: [(1, 3), (3, 8), (8, 10), (10, 9)], 2: [(1, 5), (5, 8)]}, padri: [2, 2, 2], figli: [4, 6, 8, 10, 10, 10], mosse: [(4, 4, 8, 10, 2), (4, 4, 10, 9, 1), (4, 4, 9, 10)]
12 -> costo: 66298.1, rotte: {5: [(1, 4), (4, 7)], 3: [(1, 2), (2, 6), (6, 8)], 4: [(1, 8), (8, 3), (3, 9), (9, 10)], 2: [(1, 5), (5, 8)]}, padri: [1], figli: [13, 15], mosse: [(4, 4, 1, 8, 11)]
13 -> costo: 65189.700000000004, rotte: {5: [(1, 4), (4, 7)], 3: [(1, 6), (6, 8), (8, 2)], 4: [(1, 8), (8, 3), (3, 9), (9, 10)], 2: [(1, 5), (5, 8)]}, padri: [12], figli: [3, 14, 14, 14], mosse: [(3, 3, 8, 2, 3)]
14 -> costo: 64954.700000000004, rotte: {5: [(1, 4), (4, 7)], 3: [(1, 6), (6, 8), (8, 2)], 4: [(1, 8), (8, 3), (3, 10), (10, 9)], 2: [(1, 5), (5, 8)]}, padri: [13, 13, 13, 16, 16, 16], figli: [4], mosse: [(4, 4, 3, 10, 2), (4, 4, 10, 9, 1), (4, 4, 9, 10), (3, 3, 2, 8), (3, 3, 6, 8, 4), (3, 3, 8, 2, 3)]
15 -> costo: 65292.8, rotte: {5: [(1, 4), (4, 7)], 3: [(1, 6), (6, 2), (2, 8)], 4: [(1, 8), (8, 3), (3, 9), (9, 10)], 2: [(1, 5), (5, 8)]}, padri: [12], figli: [5, 16], mosse: [(3, 3, 6, 2, 3)]
16 -> costo: 65057.8, rotte: {5: [(1, 4), (4, 7)], 3: [(1, 6), (6, 2), (2, 8)], 4: [(1, 8), (8, 3), (3, 10), (10, 9)], 2: [(1, 5), (5, 8)]}, padri: [15], figli: [6, 14, 14, 14], mosse: [(4, 4, 3, 10, 2)]
bestSolutionIndice: 4
4 -> costo: 64271.899999999994, rotte: {5: [(1, 4), (4, 7)], 3: [(1, 6), (6, 8), (8, 2)], 4: [(1, 3), (3, 8), (8, 10), (10, 9)], 2: [(1, 5), (5, 8)]}, padri: [3, 3, 3, 6, 6, 6, 8, 11, 14], figli: [], mosse: [(4, 4, 8, 10, 2), (4, 4, 10, 9, 1), (4, 4, 9, 10), (3, 3, 2, 8), (3, 3, 6, 8, 4), (3, 3, 8, 2, 3), (3, 3, 1, 6, 13), (3, 3, 8, 2, 3), (4, 4, 3, 8, 11)]
trasportoPalletDiGamma: {5: [(4, 8), (7, 15)], 3: [(6, 13), (8, 4), (2, 3)], 4: [(3, 6), (8, 11), (10, 2), (9, 1)], 2: [(5, 11), (8, 4)]}
itMosseLS: 55, itMosseTS: 50
time elapsed: 156.27s.


##########################################################################################
s: 1
dictSolutions[1]:
0 -> costo: 72705.6, rotte: {3: [(1, 8), (8, 9)], 5: [(1, 3), (3, 7), (7, 6)], 4: [(1, 5), (5, 4), (4, 6)], 2: [(1, 10), (10, 2), (2, 6)]}, padri: [-1], figli: [1], mosse: [-1]
1 -> costo: 70755.90000000001, rotte: {3: [(1, 8), (8, 9)], 5: [(1, 3), (3, 7), (7, 6)], 4: [(1, 5), (5, 4), (4, 6)], 2: [(1, 2), (2, 6), (6, 10)]}, padri: [0], figli: [2, 11, 17], mosse: [(2, 2, 6, 10, 2)]
2 -> costo: 69767.70000000001, rotte: {3: [(1, 8), (8, 9)], 5: [(1, 3), (3, 7), (7, 6)], 4: [(1, 5), (5, 4), (4, 6)], 2: [(1, 6), (6, 2), (2, 10)]}, padri: [1], figli: [3, 9, 10, 10, 10, 12], mosse: [(2, 2, 6, 2, 3)]
3 -> costo: 69390.40000000001, rotte: {3: [(1, 8), (8, 9)], 5: [(1, 6), (6, 3), (3, 7)], 4: [(1, 5), (5, 4), (4, 6)], 2: [(1, 6), (6, 2), (2, 10)]}, padri: [2, 11], figli: [4, 4, 4, 7, 7, 7, 8, 8, 8, 13, 13, 13], mosse: [(5, 5, 1, 6, 4), (2, 2, 6, 2, 3)]
4 -> costo: 69278.80000000002, rotte: {3: [(1, 8), (8, 9)], 5: [(1, 6), (6, 7), (7, 3)], 4: [(1, 5), (5, 4), (4, 6)], 2: [(1, 6), (6, 2), (2, 10)]}, padri: [3, 3, 3, 12], figli: [5, 6, 6, 6], mosse: [(5, 5, 6, 7, 15), (5, 5, 7, 3, 6), (5, 5, 3, 7), (2, 2, 6, 2, 3)]
5 -> costo: 69193.00000000001, rotte: {3: [(1, 8), (8, 9)], 5: [(1, 6), (6, 7), (7, 3)], 4: [(1, 4), (4, 6), (6, 5)], 2: [(1, 6), (6, 2), (2, 10)]}, padri: [4, 7, 7, 7, 13], figli: [], mosse: [(4, 4, 6, 5, 11), (5, 5, 6, 7, 15), (5, 5, 7, 3, 6), (5, 5, 3, 7), (2, 2, 6, 2, 3)]
6 -> costo: 69237.40000000001, rotte: {3: [(1, 8), (8, 9)], 5: [(1, 6), (6, 7), (7, 3)], 4: [(1, 5), (5, 6), (6, 4)], 2: [(1, 6), (6, 2), (2, 10)]}, padri: [4, 4, 4, 8, 8, 8, 14], figli: [], mosse: [(4, 4, 5, 6, 1), (4, 4, 6, 4, 8), (4, 4, 4, 6), (5, 5, 6, 7, 15), (5, 5, 7, 3, 6), (5, 5, 3, 7), (2, 2, 6, 2, 3)]
7 -> costo: 69304.6, rotte: {3: [(1, 8), (8, 9)], 5: [(1, 6), (6, 3), (3, 7)], 4: [(1, 4), (4, 6), (6, 5)], 2: [(1, 6), (6, 2), (2, 10)]}, padri: [3, 9, 15], figli: [5, 5, 5], mosse: [(4, 4, 6, 5, 11), (5, 5, 1, 6, 4), (2, 2, 6, 2, 3)]
8 -> costo: 69349.00000000001, rotte: {3: [(1, 8), (8, 9)], 5: [(1, 6), (6, 3), (3, 7)], 4: [(1, 5), (5, 6), (6, 4)], 2: [(1, 6), (6, 2), (2, 10)]}, padri: [3, 3, 3, 10, 16], figli: [6, 6, 6], mosse: [(4, 4, 5, 6, 1), (4, 4, 6, 4, 8), (4, 4, 4, 6), (5, 5, 1, 6, 4), (2, 2, 6, 2, 3)]
9 -> costo: 69681.90000000001, rotte: {3: [(1, 8), (8, 9)], 5: [(1, 3), (3, 7), (7, 6)], 4: [(1, 4), (4, 6), (6, 5)], 2: [(1, 6), (6, 2), (2, 10)]}, padri: [2, 17], figli: [7], mosse: [(4, 4, 6, 5, 11), (2, 2, 6, 2, 3)]
10 -> costo: 69726.30000000002, rotte: {3: [(1, 8), (8, 9)], 5: [(1, 3), (3, 7), (7, 6)], 4: [(1, 5), (5, 6), (6, 4)], 2: [(1, 6), (6, 2), (2, 10)]}, padri: [2, 2, 2], figli: [8], mosse: [(4, 4, 5, 6, 1), (4, 4, 6, 4, 8), (4, 4, 4, 6)]
11 -> costo: 70378.6, rotte: {3: [(1, 8), (8, 9)], 5: [(1, 6), (6, 3), (3, 7)], 4: [(1, 5), (5, 4), (4, 6)], 2: [(1, 2), (2, 6), (6, 10)]}, padri: [1], figli: [3, 12, 12, 12, 15, 15, 15, 16, 16, 16], mosse: [(5, 5, 1, 6, 4)]
12 -> costo: 70267.0, rotte: {3: [(1, 8), (8, 9)], 5: [(1, 6), (6, 7), (7, 3)], 4: [(1, 5), (5, 4), (4, 6)], 2: [(1, 2), (2, 6), (6, 10)]}, padri: [11, 11, 11], figli: [4, 13, 14, 14, 14], mosse: [(5, 5, 6, 7, 15), (5, 5, 7, 3, 6), (5, 5, 3, 7)]
13 -> costo: 70181.20000000001, rotte: {3: [(1, 8), (8, 9)], 5: [(1, 6), (6, 7), (7, 3)], 4: [(1, 4), (4, 6), (6, 5)], 2: [(1, 2), (2, 6), (6, 10)]}, padri: [12, 15, 15, 15], figli: [5], mosse: [(4, 4, 6, 5, 11), (5, 5, 6, 7, 15), (5, 5, 7, 3, 6), (5, 5, 3, 7)]
14 -> costo: 70225.6, rotte: {3: [(1, 8), (8, 9)], 5: [(1, 6), (6, 7), (7, 3)], 4: [(1, 5), (5, 6), (6, 4)], 2: [(1, 2), (2, 6), (6, 10)]}, padri: [12, 12, 12, 16, 16, 16], figli: [6], mosse: [(4, 4, 5, 6, 1), (4, 4, 6, 4, 8), (4, 4, 4, 6), (5, 5, 6, 7, 15), (5, 5, 7, 3, 6), (5, 5, 3, 7)]
15 -> costo: 70292.8, rotte: {3: [(1, 8), (8, 9)], 5: [(1, 6), (6, 3), (3, 7)], 4: [(1, 4), (4, 6), (6, 5)], 2: [(1, 2), (2, 6), (6, 10)]}, padri: [11, 17], figli: [7, 13, 13, 13], mosse: [(4, 4, 6, 5, 11), (5, 5, 1, 6, 4)]
16 -> costo: 70337.20000000001, rotte: {3: [(1, 8), (8, 9)], 5: [(1, 6), (6, 3), (3, 7)], 4: [(1, 5), (5, 6), (6, 4)], 2: [(1, 2), (2, 6), (6, 10)]}, padri: [11, 11, 11], figli: [8, 14, 14, 14], mosse: [(4, 4, 5, 6, 1), (4, 4, 6, 4, 8), (4, 4, 4, 6)]
17 -> costo: 70670.1, rotte: {3: [(1, 8), (8, 9)], 5: [(1, 3), (3, 7), (7, 6)], 4: [(1, 4), (4, 6), (6, 5)], 2: [(1, 2), (2, 6), (6, 10)]}, padri: [1], figli: [9, 15], mosse: [(4, 4, 6, 5, 11)]
bestSolutionIndice: 5
5 -> costo: 69193.00000000001, rotte: {3: [(1, 8), (8, 9)], 5: [(1, 6), (6, 7), (7, 3)], 4: [(1, 4), (4, 6), (6, 5)], 2: [(1, 6), (6, 2), (2, 10)]}, padri: [4, 7, 7, 7, 13], figli: [], mosse: [(4, 4, 6, 5, 11), (5, 5, 6, 7, 15), (5, 5, 7, 3, 6), (5, 5, 3, 7), (2, 2, 6, 2, 3)]
trasportoPalletDiGamma: {3: [(8, 19), (9, 1)], 5: [(6, 4), (7, 15), (3, 6)], 4: [(4, 8), (6, 1), (5, 11)], 2: [(6, 8), (2, 3), (10, 2)]}
itMosseLS: 53, itMosseTS: 50
time elapsed: 177.92s.


##########################################################################################
s: 1
dictSolutions[1]:
0 -> costo: 79542.5, rotte: {3: [(1, 7), (7, 3)], 5: [(1, 6), (6, 4), (4, 10), (10, 8)], 2: [(1, 5), (5, 9), (9, 3)], 4: [(1, 2), (2, 8)]}, padri: [-1], figli: [1], mosse: [-1]
1 -> costo: 74912.0, rotte: {3: [(1, 7), (7, 3)], 5: [(1, 6), (6, 4), (4, 10), (10, 8)], 2: [(1, 5), (5, 3), (3, 9)], 4: [(1, 2), (2, 8)]}, padri: [0], figli: [2, 2, 4, 4, 7, 7, 10, 11, 11], mosse: [(2, 2, 5, 3, 1)]
2 -> costo: 70413.90000000001, rotte: {3: [(1, 7), (7, 3)], 5: [(1, 6), (6, 4), (4, 8), (8, 10)], 2: [(1, 5), (5, 3), (3, 9)], 4: [(1, 2), (2, 8)]}, padri: [1, 1, 4, 10], figli: [3, 3, 3, 12, 12, 12], mosse: [(5, 5, 4, 8, 2), (5, 5, 8, 10, 2), (5, 5, 4, 8, 2), (5, 5, 4, 8, 2)]
3 -> costo: 70243.7, rotte: {3: [(1, 7), (7, 3)], 5: [(1, 6), (6, 4), (4, 8), (8, 10)], 2: [(1, 5), (5, 3), (3, 9)], 4: [(1, 8), (8, 2)]}, padri: [2, 2, 2, 9, 11], figli: [], mosse: [(4, 4, 1, 8, 17), (4, 4, 8, 2, 3), (4, 4, 2, 8), (5, 5, 4, 8, 2), (5, 5, 4, 8, 2)]
4 -> costo: 71682.1, rotte: {3: [(1, 7), (7, 3)], 5: [(1, 8), (8, 6), (6, 4), (4, 10)], 2: [(1, 5), (5, 3), (3, 9)], 4: [(1, 2), (2, 8)]}, padri: [1], figli: [5, 2, 7, 8, 9, 9, 9, 11], mosse: [(5, 5, 1, 8, 2)]
5 -> costo: 70359.7, rotte: {3: [(1, 7), (7, 3)], 5: [(1, 6), (6, 4), (4, 10)], 2: [(1, 5), (5, 3), (3, 8), (8, 9)], 4: [(1, 2), (2, 8)]}, padri: [4, 7], figli: [6, 6, 6], mosse: [(2, 5, 3, 8, 2), (2, 2, 3, 8, 2)]
6 -> costo: 70189.5, rotte: {3: [(1, 7), (7, 3)], 5: [(1, 6), (6, 4), (4, 10)], 2: [(1, 5), (5, 3), (3, 8), (8, 9)], 4: [(1, 8), (8, 2)]}, padri: [5, 5, 5, 8, 9], figli: [], mosse: [(4, 4, 1, 8, 17), (4, 4, 8, 2, 3), (4, 4, 2, 8), (2, 2, 3, 8, 2), (2, 5, 3, 8, 2)]
7 -> costo: 71063.40000000001, rotte: {3: [(1, 7), (7, 3)], 5: [(1, 6), (6, 4), (4, 10)], 2: [(1, 5), (5, 8), (8, 3), (3, 9)], 4: [(1, 2), (2, 8)]}, padri: [4], figli: [5, 8, 8, 8], mosse: [(2, 5, 5, 8, 2)]
8 -> costo: 70893.2, rotte: {3: [(1, 7), (7, 3)], 5: [(1, 6), (6, 4), (4, 10)], 2: [(1, 5), (5, 8), (8, 3), (3, 9)], 4: [(1, 8), (8, 2)]}, padri: [7, 7, 7, 9], figli: [6], mosse: [(4, 4, 1, 8, 17), (4, 4, 8, 2, 3), (4, 4, 2, 8), (2, 5, 5, 8, 2)]
9 -> costo: 71511.90000000001, rotte: {3: [(1, 7), (7, 3)], 5: [(1, 8), (8, 6), (6, 4), (4, 10)], 2: [(1, 5), (5, 3), (3, 9)], 4: [(1, 8), (8, 2)]}, padri: [4, 4, 4, 11], figli: [6, 3, 8, 12], mosse: [(4, 4, 1, 8, 17), (4, 4, 8, 2, 3), (4, 4, 2, 8), (5, 5, 8, 6, 13)]
10 -> costo: 71807.0, rotte: {3: [(1, 7), (7, 3)], 5: [(1, 6), (6, 8), (8, 4), (4, 10)], 2: [(1, 5), (5, 3), (3, 9)], 4: [(1, 2), (2, 8)]}, padri: [1], figli: [2, 11, 11, 11, 17, 17, 17], mosse: [(5, 5, 6, 8, 2)]
11 -> costo: 71636.8, rotte: {3: [(1, 7), (7, 3)], 5: [(1, 6), (6, 8), (8, 4), (4, 10)], 2: [(1, 5), (5, 3), (3, 9)], 4: [(1, 8), (8, 2)]}, padri: [10, 10, 10], figli: [3, 12, 9], mosse: [(4, 4, 1, 8, 17), (4, 4, 8, 2, 3), (4, 4, 2, 8)]
12 -> costo: 71511.90000000001, rotte: {3: [(1, 7), (7, 3)], 5: [(1, 8), (8, 4), (4, 6), (6, 10)], 2: [(1, 5), (5, 3), (3, 9)], 4: [(1, 8), (8, 2)]}, padri: [2, 2, 2, 9, 11], figli: [13, 14, 15], mosse: [(5, 5, 4, 6, 13)]
13 -> costo: 70189.5, rotte: {3: [(1, 7), (7, 3)], 5: [(1, 4), (4, 6), (6, 10)], 2: [(1, 5), (5, 3), (3, 8), (8, 9)], 4: [(1, 8), (8, 2)]}, padri: [12], figli: [], mosse: [(2, 5, 3, 8, 2)]
14 -> costo: 70243.70000000001, rotte: {3: [(1, 7), (7, 3)], 5: [(1, 4), (4, 6), (6, 8), (8, 10)], 2: [(1, 5), (5, 3), (3, 9)], 4: [(1, 8), (8, 2)]}, padri: [12, 22, 22, 22], figli: [], mosse: [(5, 5, 6, 8, 2), (4, 4, 1, 8, 17), (4, 4, 8, 2, 3), (4, 4, 2, 8)]
15 -> costo: 70893.2, rotte: {3: [(1, 7), (7, 3)], 5: [(1, 4), (4, 6), (6, 10)], 2: [(1, 5), (5, 8), (8, 3), (3, 9)], 4: [(1, 8), (8, 2)]}, padri: [12], figli: [16], mosse: [(2, 5, 5, 8, 2)]
16 -> costo: 70189.5, rotte: {3: [(1, 7), (7, 3)], 5: [(1, 4), (4, 6), (6, 10)], 2: [(1, 5), (5, 3), (3, 8), (8, 9)], 4: [(1, 8), (8, 2)]}, padri: [15], figli: [], mosse: [(2, 2, 3, 8, 2)]
17 -> costo: 71682.1, rotte: {3: [(1, 7), (7, 3)], 5: [(1, 8), (8, 4), (4, 6), (6, 10)], 2: [(1, 5), (5, 3), (3, 9)], 4: [(1, 2), (2, 8)]}, padri: [10, 10, 10], figli: [18, 22, 23], mosse: [(5, 5, 4, 6, 13)]
18 -> costo: 70359.7, rotte: {3: [(1, 7), (7, 3)], 5: [(1, 4), (4, 6), (6, 10)], 2: [(1, 5), (5, 3), (3, 8), (8, 9)], 4: [(1, 2), (2, 8)]}, padri: [17], figli: [19, 20, 21], mosse: [(2, 5, 3, 8, 2)]
19 -> costo: 70189.5, rotte: {3: [(1, 7), (7, 3)], 5: [(1, 4), (4, 6), (6, 10)], 2: [(1, 5), (5, 3), (3, 8), (8, 9)], 4: [(1, 8), (8, 2)]}, padri: [18], figli: [], mosse: [(4, 4, 1, 8, 17)]
20 -> costo: 70189.5, rotte: {3: [(1, 7), (7, 3)], 5: [(1, 4), (4, 6), (6, 10)], 2: [(1, 5), (5, 3), (3, 8), (8, 9)], 4: [(1, 8), (8, 2)]}, padri: [18], figli: [], mosse: [(4, 4, 8, 2, 3)]
21 -> costo: 70189.5, rotte: {3: [(1, 7), (7, 3)], 5: [(1, 4), (4, 6), (6, 10)], 2: [(1, 5), (5, 3), (3, 8), (8, 9)], 4: [(1, 8), (8, 2)]}, padri: [18], figli: [], mosse: [(4, 4, 2, 8)]
22 -> costo: 70413.90000000001, rotte: {3: [(1, 7), (7, 3)], 5: [(1, 4), (4, 6), (6, 8), (8, 10)], 2: [(1, 5), (5, 3), (3, 9)], 4: [(1, 2), (2, 8)]}, padri: [17], figli: [14, 14, 14], mosse: [(5, 5, 6, 8, 2)]
23 -> costo: 71063.40000000001, rotte: {3: [(1, 7), (7, 3)], 5: [(1, 4), (4, 6), (6, 10)], 2: [(1, 5), (5, 8), (8, 3), (3, 9)], 4: [(1, 2), (2, 8)]}, padri: [17], figli: [24, 28, 30, 32], mosse: [(2, 5, 5, 8, 2)]
24 -> costo: 70359.7, rotte: {3: [(1, 7), (7, 3)], 5: [(1, 4), (4, 6), (6, 10)], 2: [(1, 5), (5, 3), (3, 8), (8, 9)], 4: [(1, 2), (2, 8)]}, padri: [23], figli: [25, 26, 27], mosse: [(2, 2, 3, 8, 2)]
25 -> costo: 70189.5, rotte: {3: [(1, 7), (7, 3)], 5: [(1, 4), (4, 6), (6, 10)], 2: [(1, 5), (5, 3), (3, 8), (8, 9)], 4: [(1, 8), (8, 2)]}, padri: [24], figli: [], mosse: [(4, 4, 1, 8, 17)]
26 -> costo: 70189.5, rotte: {3: [(1, 7), (7, 3)], 5: [(1, 4), (4, 6), (6, 10)], 2: [(1, 5), (5, 3), (3, 8), (8, 9)], 4: [(1, 8), (8, 2)]}, padri: [24], figli: [], mosse: [(4, 4, 8, 2, 3)]
27 -> costo: 70189.5, rotte: {3: [(1, 7), (7, 3)], 5: [(1, 4), (4, 6), (6, 10)], 2: [(1, 5), (5, 3), (3, 8), (8, 9)], 4: [(1, 8), (8, 2)]}, padri: [24], figli: [], mosse: [(4, 4, 2, 8)]
28 -> costo: 70893.2, rotte: {3: [(1, 7), (7, 3)], 5: [(1, 4), (4, 6), (6, 10)], 2: [(1, 5), (5, 8), (8, 3), (3, 9)], 4: [(1, 8), (8, 2)]}, padri: [23], figli: [29], mosse: [(4, 4, 1, 8, 17)]
29 -> costo: 70189.5, rotte: {3: [(1, 7), (7, 3)], 5: [(1, 4), (4, 6), (6, 10)], 2: [(1, 5), (5, 3), (3, 8), (8, 9)], 4: [(1, 8), (8, 2)]}, padri: [28], figli: [], mosse: [(2, 2, 3, 8, 2)]
30 -> costo: 70893.2, rotte: {3: [(1, 7), (7, 3)], 5: [(1, 4), (4, 6), (6, 10)], 2: [(1, 5), (5, 8), (8, 3), (3, 9)], 4: [(1, 8), (8, 2)]}, padri: [23], figli: [31], mosse: [(4, 4, 8, 2, 3)]
31 -> costo: 70189.5, rotte: {3: [(1, 7), (7, 3)], 5: [(1, 4), (4, 6), (6, 10)], 2: [(1, 5), (5, 3), (3, 8), (8, 9)], 4: [(1, 8), (8, 2)]}, padri: [30], figli: [], mosse: [(2, 2, 3, 8, 2)]
32 -> costo: 70893.2, rotte: {3: [(1, 7), (7, 3)], 5: [(1, 4), (4, 6), (6, 10)], 2: [(1, 5), (5, 8), (8, 3), (3, 9)], 4: [(1, 8), (8, 2)]}, padri: [23], figli: [33], mosse: [(4, 4, 2, 8)]
33 -> costo: 70189.5, rotte: {3: [(1, 7), (7, 3)], 5: [(1, 4), (4, 6), (6, 10)], 2: [(1, 5), (5, 3), (3, 8), (8, 9)], 4: [(1, 8), (8, 2)]}, padri: [32], figli: [], mosse: [(2, 2, 3, 8, 2)]
bestSolutionIndice: 6
6 -> costo: 70189.5, rotte: {3: [(1, 7), (7, 3)], 5: [(1, 6), (6, 4), (4, 10)], 2: [(1, 5), (5, 3), (3, 8), (8, 9)], 4: [(1, 8), (8, 2)]}, padri: [5, 5, 5, 8, 9], figli: [], mosse: [(4, 4, 1, 8, 17), (4, 4, 8, 2, 3), (4, 4, 2, 8), (2, 2, 3, 8, 2), (2, 5, 3, 8, 2)]
trasportoPalletDiGamma: {3: [(7, 15), (3, 5)], 5: [(6, 13), (4, 8), (10, 2)], 2: [(5, 11), (3, 1), (8, 2), (9, 1)], 4: [(8, 17), (2, 3)]}
itMosseLS: 56, itMosseTS: 50
time elapsed: 134.51s.


