itNSIMax: 3, itMosseTSMax: 150.
##########################################################################################
s: 1
dictSolutions[1]:
0 -> costo: 79909.0, rotte: {5: [(1, 9), (9, 8), (8, 2), (2, 5)], 2: [(1, 6), (6, 3)], 4: [(1, 4), (4, 10), (10, 3), (3, 5)], 3: [(1, 7), (7, 5)]}, padri: [-1], figli: [1], mosse: [-1]
1 -> costo: 71587.79999999999, rotte: {5: [(1, 8), (8, 2), (2, 5)], 2: [(1, 6), (6, 3)], 4: [(1, 4), (4, 9), (9, 10), (10, 3), (3, 5)], 3: [(1, 7), (7, 5)]}, padri: [0], figli: [2, 6, 14], mosse: [(4, 5, 4, 9, 1)]
2 -> costo: 69631.79999999999, rotte: {5: [(1, 8), (8, 2), (2, 5)], 2: [(1, 6), (6, 3)], 4: [(1, 9), (9, 10), (10, 3), (3, 4), (4, 5)], 3: [(1, 7), (7, 5)]}, padri: [1, 14, 39, 50], figli: [3, 5, 5, 5, 10], mosse: [(4, 4, 3, 4, 8), (4, 4, 3, 4, 8), (4, 4, 10, 3, 4), (4, 4, 10, 3, 4)]
3 -> costo: 68910.69999999998, rotte: {5: [(1, 5), (5, 8), (8, 2)], 2: [(1, 6), (6, 3)], 4: [(1, 9), (9, 10), (10, 3), (3, 4), (4, 5)], 3: [(1, 7), (7, 5)]}, padri: [2, 7, 7, 7, 15, 20, 24, 28, 40, 51, 62], figli: [4, 4, 4, 9, 9, 9], mosse: [(5, 5, 1, 5, 2), (4, 4, 3, 4, 8), (4, 4, 4, 5, 4), (4, 4, 5, 4), (4, 4, 3, 4, 8), (4, 4, 10, 3, 4), (4, 4, 10, 3, 4), (4, 4, 10, 3, 4), (4, 4, 10, 3, 4), (4, 4, 10, 3, 4), (4, 4, 10, 3, 4)]
4 -> costo: 68222.8, rotte: {5: [(1, 5), (5, 8), (8, 2)], 2: [(1, 6), (6, 3)], 4: [(1, 9), (9, 10), (10, 3), (3, 4), (4, 5)], 3: [(1, 5), (5, 7)]}, padri: [3, 3, 3, 5, 8, 8, 16, 17, 18, 19, 21, 22, 23, 25, 26, 27, 29, 30, 31, 34, 36, 38, 41, 42, 43, 45, 47, 49, 52, 53, 54, 56, 58, 60, 63, 64, 65, 67], figli: [], mosse: [(3, 3, 1, 5, 5), (3, 3, 5, 7, 15), (3, 3, 7, 5), (5, 5, 1, 5, 2), (4, 4, 3, 4, 8), (4, 4, 4, 5, 4), (4, 4, 3, 4, 8), (4, 4, 10, 3, 4), (4, 4, 10, 3, 4), (4, 4, 10, 3, 4), (4, 4, 10, 3, 4), (4, 4, 10, 3, 4), (4, 4, 10, 3, 4), (4, 4, 10, 3, 4), (4, 4, 10, 3, 4), (4, 4, 10, 3, 4), (4, 4, 10, 3, 4), (4, 4, 10, 3, 4), (4, 4, 10, 3, 4), (4, 4, 10, 3, 4), (4, 4, 10, 3, 4), (4, 4, 10, 3, 4), (4, 4, 10, 3, 4), (4, 4, 10, 3, 4), (4, 4, 10, 3, 4), (4, 4, 10, 3, 4), (4, 4, 10, 3, 4), (4, 4, 10, 3, 4), (4, 4, 10, 3, 4), (4, 4, 10, 3, 4), (4, 4, 10, 3, 4), (4, 4, 10, 3, 4), (4, 4, 10, 3, 4), (4, 4, 10, 3, 4), (4, 4, 10, 3, 4), (4, 4, 10, 3, 4), (4, 4, 10, 3, 4), (4, 4, 10, 3, 4)]
5 -> costo: 68943.90000000001, rotte: {5: [(1, 8), (8, 2), (2, 5)], 2: [(1, 6), (6, 3)], 4: [(1, 9), (9, 10), (10, 3), (3, 4), (4, 5)], 3: [(1, 5), (5, 7)]}, padri: [2, 2, 2, 32, 33, 35, 37, 44, 46, 48, 55, 57, 59, 66], figli: [4, 9], mosse: [(3, 3, 1, 5, 5), (3, 3, 5, 7, 15), (3, 3, 7, 5), (4, 4, 3, 4, 8), (4, 4, 10, 3, 4), (4, 4, 10, 3, 4), (4, 4, 10, 3, 4), (4, 4, 10, 3, 4), (4, 4, 10, 3, 4), (4, 4, 10, 3, 4), (4, 4, 10, 3, 4), (4, 4, 10, 3, 4), (4, 4, 10, 3, 4), (4, 4, 10, 3, 4)]
6 -> costo: 69888.0, rotte: {5: [(1, 8), (8, 2), (2, 5)], 2: [(1, 6), (6, 3)], 4: [(1, 9), (9, 10), (10, 3), (3, 5), (5, 4)], 3: [(1, 7), (7, 5)]}, padri: [1], figli: [7, 11, 11, 11, 13, 13, 13, 39, 50, 61], mosse: [(4, 4, 5, 4, 8)]
7 -> costo: 69166.9, rotte: {5: [(1, 5), (5, 8), (8, 2)], 2: [(1, 6), (6, 3)], 4: [(1, 9), (9, 10), (10, 3), (3, 5), (5, 4)], 3: [(1, 7), (7, 5)]}, padri: [6, 15], figli: [8, 8, 8, 3, 3, 3, 10, 10, 10, 12, 12, 12, 20, 24, 28], mosse: [(5, 5, 1, 5, 2), (4, 4, 5, 4, 8)]
8 -> costo: 68479.0, rotte: {5: [(1, 5), (5, 8), (8, 2)], 2: [(1, 6), (6, 3)], 4: [(1, 9), (9, 10), (10, 3), (3, 5), (5, 4)], 3: [(1, 5), (5, 7)]}, padri: [7, 7, 7, 11, 16], figli: [4, 4, 9, 9, 17, 18, 19], mosse: [(3, 3, 1, 5, 5), (3, 3, 5, 7, 15), (3, 3, 7, 5), (5, 5, 1, 5, 2), (4, 4, 5, 4, 8)]
9 -> costo: 68324.5, rotte: {5: [(1, 5), (5, 8), (8, 2)], 2: [(1, 6), (6, 3)], 4: [(1, 9), (9, 10), (10, 5), (5, 4), (4, 3)], 3: [(1, 5), (5, 7)]}, padri: [8, 10, 10, 10, 12, 16], figli: [], mosse: [(4, 4, 4, 3, 4), (3, 3, 1, 5, 5), (3, 3, 5, 7, 15), (3, 3, 7, 5), (5, 5, 1, 5, 2), (4, 4, 10, 5, 4)]
10 -> costo: 69012.4, rotte: {5: [(1, 5), (5, 8), (8, 2)], 2: [(1, 6), (6, 3)], 4: [(1, 9), (9, 10), (10, 5), (5, 4), (4, 3)], 3: [(1, 7), (7, 5)]}, padri: [7, 13, 15], figli: [9, 9, 9, 17, 17, 17, 18, 18, 18, 19, 19, 19], mosse: [(4, 4, 4, 3, 4), (5, 5, 1, 5, 2), (4, 4, 10, 5, 4)]
11 -> costo: 69200.1, rotte: {5: [(1, 8), (8, 2), (2, 5)], 2: [(1, 6), (6, 3)], 4: [(1, 9), (9, 10), (10, 3), (3, 5), (5, 4)], 3: [(1, 5), (5, 7)]}, padri: [6, 6, 6, 32], figli: [8, 12, 33, 35, 37], mosse: [(3, 3, 1, 5, 5), (3, 3, 5, 7, 15), (3, 3, 7, 5), (4, 4, 5, 4, 8)]
12 -> costo: 69045.6, rotte: {5: [(1, 8), (8, 2), (2, 5)], 2: [(1, 6), (6, 3)], 4: [(1, 9), (9, 10), (10, 5), (5, 4), (4, 3)], 3: [(1, 5), (5, 7)]}, padri: [11, 13, 13, 13, 32], figli: [9, 17, 18, 19], mosse: [(4, 4, 4, 3, 4), (3, 3, 1, 5, 5), (3, 3, 5, 7, 15), (3, 3, 7, 5), (4, 4, 10, 5, 4)]
13 -> costo: 69733.5, rotte: {5: [(1, 8), (8, 2), (2, 5)], 2: [(1, 6), (6, 3)], 4: [(1, 9), (9, 10), (10, 5), (5, 4), (4, 3)], 3: [(1, 7), (7, 5)]}, padri: [6, 14], figli: [10, 12, 12, 12, 20, 24, 28, 33, 33, 33, 35, 35, 35, 37, 37, 37], mosse: [(4, 4, 4, 3, 4), (4, 4, 10, 5, 4)]
14 -> costo: 70222.7, rotte: {5: [(1, 8), (8, 2), (2, 5)], 2: [(1, 6), (6, 3)], 4: [(1, 9), (9, 10), (10, 4), (4, 3), (3, 5)], 3: [(1, 7), (7, 5)]}, padri: [1], figli: [15, 32, 32, 32, 2, 13, 39, 50, 61], mosse: [(4, 4, 10, 4, 8)]
15 -> costo: 69501.59999999999, rotte: {5: [(1, 5), (5, 8), (8, 2)], 2: [(1, 6), (6, 3)], 4: [(1, 9), (9, 10), (10, 4), (4, 3), (3, 5)], 3: [(1, 7), (7, 5)]}, padri: [14], figli: [16, 16, 16, 3, 10, 20, 24, 28, 7], mosse: [(5, 5, 1, 5, 2)]
16 -> costo: 68813.7, rotte: {5: [(1, 5), (5, 8), (8, 2)], 2: [(1, 6), (6, 3)], 4: [(1, 9), (9, 10), (10, 4), (4, 3), (3, 5)], 3: [(1, 5), (5, 7)]}, padri: [15, 15, 15, 32], figli: [4, 9, 17, 18, 19, 8], mosse: [(3, 3, 1, 5, 5), (3, 3, 5, 7, 15), (3, 3, 7, 5), (5, 5, 1, 5, 2)]
17 -> costo: 68324.5, rotte: {5: [(1, 5), (5, 8), (8, 2)], 2: [(1, 6), (6, 3)], 4: [(1, 9), (9, 10), (10, 4), (4, 5), (5, 3)], 3: [(1, 5), (5, 7)]}, padri: [8, 10, 10, 10, 12, 16], figli: [4], mosse: [(4, 4, 3, 5)]
18 -> costo: 68324.5, rotte: {5: [(1, 5), (5, 8), (8, 2)], 2: [(1, 6), (6, 3)], 4: [(1, 9), (9, 10), (10, 4), (4, 5), (5, 3)], 3: [(1, 5), (5, 7)]}, padri: [8, 10, 10, 10, 12, 16], figli: [4], mosse: [(4, 4, 4, 5, 4)]
19 -> costo: 68324.5, rotte: {5: [(1, 5), (5, 8), (8, 2)], 2: [(1, 6), (6, 3)], 4: [(1, 9), (9, 10), (10, 4), (4, 5), (5, 3)], 3: [(1, 5), (5, 7)]}, padri: [8, 10, 10, 10, 12, 16], figli: [4], mosse: [(4, 4, 5, 3, 4)]
20 -> costo: 69012.4, rotte: {5: [(1, 5), (5, 8), (8, 2)], 2: [(1, 6), (6, 3)], 4: [(1, 9), (9, 10), (10, 4), (4, 5), (5, 3)], 3: [(1, 7), (7, 5)]}, padri: [7, 13, 15], figli: [21, 22, 23, 3], mosse: [(4, 4, 3, 5)]
21 -> costo: 68324.5, rotte: {5: [(1, 5), (5, 8), (8, 2)], 2: [(1, 6), (6, 3)], 4: [(1, 9), (9, 10), (10, 4), (4, 5), (5, 3)], 3: [(1, 5), (5, 7)]}, padri: [20], figli: [4], mosse: [(3, 3, 1, 5, 5)]
22 -> costo: 68324.5, rotte: {5: [(1, 5), (5, 8), (8, 2)], 2: [(1, 6), (6, 3)], 4: [(1, 9), (9, 10), (10, 4), (4, 5), (5, 3)], 3: [(1, 5), (5, 7)]}, padri: [20], figli: [4], mosse: [(3, 3, 5, 7, 15)]
23 -> costo: 68324.5, rotte: {5: [(1, 5), (5, 8), (8, 2)], 2: [(1, 6), (6, 3)], 4: [(1, 9), (9, 10), (10, 4), (4, 5), (5, 3)], 3: [(1, 5), (5, 7)]}, padri: [20], figli: [4], mosse: [(3, 3, 7, 5)]
24 -> costo: 69012.4, rotte: {5: [(1, 5), (5, 8), (8, 2)], 2: [(1, 6), (6, 3)], 4: [(1, 9), (9, 10), (10, 4), (4, 5), (5, 3)], 3: [(1, 7), (7, 5)]}, padri: [7, 13, 15], figli: [25, 26, 27, 3], mosse: [(4, 4, 4, 5, 4)]
25 -> costo: 68324.5, rotte: {5: [(1, 5), (5, 8), (8, 2)], 2: [(1, 6), (6, 3)], 4: [(1, 9), (9, 10), (10, 4), (4, 5), (5, 3)], 3: [(1, 5), (5, 7)]}, padri: [24], figli: [4], mosse: [(3, 3, 1, 5, 5)]
26 -> costo: 68324.5, rotte: {5: [(1, 5), (5, 8), (8, 2)], 2: [(1, 6), (6, 3)], 4: [(1, 9), (9, 10), (10, 4), (4, 5), (5, 3)], 3: [(1, 5), (5, 7)]}, padri: [24], figli: [4], mosse: [(3, 3, 5, 7, 15)]
27 -> costo: 68324.5, rotte: {5: [(1, 5), (5, 8), (8, 2)], 2: [(1, 6), (6, 3)], 4: [(1, 9), (9, 10), (10, 4), (4, 5), (5, 3)], 3: [(1, 5), (5, 7)]}, padri: [24], figli: [4], mosse: [(3, 3, 7, 5)]
28 -> costo: 69012.4, rotte: {5: [(1, 5), (5, 8), (8, 2)], 2: [(1, 6), (6, 3)], 4: [(1, 9), (9, 10), (10, 4), (4, 5), (5, 3)], 3: [(1, 7), (7, 5)]}, padri: [7, 13, 15], figli: [29, 30, 31, 3], mosse: [(4, 4, 5, 3, 4)]
29 -> costo: 68324.5, rotte: {5: [(1, 5), (5, 8), (8, 2)], 2: [(1, 6), (6, 3)], 4: [(1, 9), (9, 10), (10, 4), (4, 5), (5, 3)], 3: [(1, 5), (5, 7)]}, padri: [28], figli: [4], mosse: [(3, 3, 1, 5, 5)]
30 -> costo: 68324.5, rotte: {5: [(1, 5), (5, 8), (8, 2)], 2: [(1, 6), (6, 3)], 4: [(1, 9), (9, 10), (10, 4), (4, 5), (5, 3)], 3: [(1, 5), (5, 7)]}, padri: [28], figli: [4], mosse: [(3, 3, 5, 7, 15)]
31 -> costo: 68324.5, rotte: {5: [(1, 5), (5, 8), (8, 2)], 2: [(1, 6), (6, 3)], 4: [(1, 9), (9, 10), (10, 4), (4, 5), (5, 3)], 3: [(1, 5), (5, 7)]}, padri: [28], figli: [4], mosse: [(3, 3, 7, 5)]
32 -> costo: 69534.8, rotte: {5: [(1, 8), (8, 2), (2, 5)], 2: [(1, 6), (6, 3)], 4: [(1, 9), (9, 10), (10, 4), (4, 3), (3, 5)], 3: [(1, 5), (5, 7)]}, padri: [14, 14, 14], figli: [16, 5, 12, 33, 35, 37, 11], mosse: [(3, 3, 1, 5, 5), (3, 3, 5, 7, 15), (3, 3, 7, 5)]
33 -> costo: 69045.6, rotte: {5: [(1, 8), (8, 2), (2, 5)], 2: [(1, 6), (6, 3)], 4: [(1, 9), (9, 10), (10, 4), (4, 5), (5, 3)], 3: [(1, 5), (5, 7)]}, padri: [11, 13, 13, 13, 32], figli: [34, 5], mosse: [(4, 4, 3, 5)]
34 -> costo: 68324.5, rotte: {5: [(1, 5), (5, 8), (8, 2)], 2: [(1, 6), (6, 3)], 4: [(1, 9), (9, 10), (10, 4), (4, 5), (5, 3)], 3: [(1, 5), (5, 7)]}, padri: [33], figli: [4], mosse: [(5, 5, 1, 5, 2)]
35 -> costo: 69045.6, rotte: {5: [(1, 8), (8, 2), (2, 5)], 2: [(1, 6), (6, 3)], 4: [(1, 9), (9, 10), (10, 4), (4, 5), (5, 3)], 3: [(1, 5), (5, 7)]}, padri: [11, 13, 13, 13, 32], figli: [36, 5], mosse: [(4, 4, 4, 5, 4)]
36 -> costo: 68324.5, rotte: {5: [(1, 5), (5, 8), (8, 2)], 2: [(1, 6), (6, 3)], 4: [(1, 9), (9, 10), (10, 4), (4, 5), (5, 3)], 3: [(1, 5), (5, 7)]}, padri: [35], figli: [4], mosse: [(5, 5, 1, 5, 2)]
37 -> costo: 69045.6, rotte: {5: [(1, 8), (8, 2), (2, 5)], 2: [(1, 6), (6, 3)], 4: [(1, 9), (9, 10), (10, 4), (4, 5), (5, 3)], 3: [(1, 5), (5, 7)]}, padri: [11, 13, 13, 13, 32], figli: [38, 5], mosse: [(4, 4, 5, 3, 4)]
38 -> costo: 68324.5, rotte: {5: [(1, 5), (5, 8), (8, 2)], 2: [(1, 6), (6, 3)], 4: [(1, 9), (9, 10), (10, 4), (4, 5), (5, 3)], 3: [(1, 5), (5, 7)]}, padri: [37], figli: [4], mosse: [(5, 5, 1, 5, 2)]
39 -> costo: 69733.5, rotte: {5: [(1, 8), (8, 2), (2, 5)], 2: [(1, 6), (6, 3)], 4: [(1, 9), (9, 10), (10, 4), (4, 5), (5, 3)], 3: [(1, 7), (7, 5)]}, padri: [6, 14], figli: [40, 44, 46, 48, 2], mosse: [(4, 4, 3, 5)]
40 -> costo: 69012.4, rotte: {5: [(1, 5), (5, 8), (8, 2)], 2: [(1, 6), (6, 3)], 4: [(1, 9), (9, 10), (10, 4), (4, 5), (5, 3)], 3: [(1, 7), (7, 5)]}, padri: [39], figli: [41, 42, 43, 3], mosse: [(5, 5, 1, 5, 2)]
41 -> costo: 68324.5, rotte: {5: [(1, 5), (5, 8), (8, 2)], 2: [(1, 6), (6, 3)], 4: [(1, 9), (9, 10), (10, 4), (4, 5), (5, 3)], 3: [(1, 5), (5, 7)]}, padri: [40], figli: [4], mosse: [(3, 3, 1, 5, 5)]
42 -> costo: 68324.5, rotte: {5: [(1, 5), (5, 8), (8, 2)], 2: [(1, 6), (6, 3)], 4: [(1, 9), (9, 10), (10, 4), (4, 5), (5, 3)], 3: [(1, 5), (5, 7)]}, padri: [40], figli: [4], mosse: [(3, 3, 5, 7, 15)]
43 -> costo: 68324.5, rotte: {5: [(1, 5), (5, 8), (8, 2)], 2: [(1, 6), (6, 3)], 4: [(1, 9), (9, 10), (10, 4), (4, 5), (5, 3)], 3: [(1, 5), (5, 7)]}, padri: [40], figli: [4], mosse: [(3, 3, 7, 5)]
44 -> costo: 69045.6, rotte: {5: [(1, 8), (8, 2), (2, 5)], 2: [(1, 6), (6, 3)], 4: [(1, 9), (9, 10), (10, 4), (4, 5), (5, 3)], 3: [(1, 5), (5, 7)]}, padri: [39], figli: [45, 5], mosse: [(3, 3, 1, 5, 5)]
45 -> costo: 68324.5, rotte: {5: [(1, 5), (5, 8), (8, 2)], 2: [(1, 6), (6, 3)], 4: [(1, 9), (9, 10), (10, 4), (4, 5), (5, 3)], 3: [(1, 5), (5, 7)]}, padri: [44], figli: [4], mosse: [(5, 5, 1, 5, 2)]
46 -> costo: 69045.6, rotte: {5: [(1, 8), (8, 2), (2, 5)], 2: [(1, 6), (6, 3)], 4: [(1, 9), (9, 10), (10, 4), (4, 5), (5, 3)], 3: [(1, 5), (5, 7)]}, padri: [39], figli: [47, 5], mosse: [(3, 3, 5, 7, 15)]
47 -> costo: 68324.5, rotte: {5: [(1, 5), (5, 8), (8, 2)], 2: [(1, 6), (6, 3)], 4: [(1, 9), (9, 10), (10, 4), (4, 5), (5, 3)], 3: [(1, 5), (5, 7)]}, padri: [46], figli: [4], mosse: [(5, 5, 1, 5, 2)]
48 -> costo: 69045.6, rotte: {5: [(1, 8), (8, 2), (2, 5)], 2: [(1, 6), (6, 3)], 4: [(1, 9), (9, 10), (10, 4), (4, 5), (5, 3)], 3: [(1, 5), (5, 7)]}, padri: [39], figli: [49, 5], mosse: [(3, 3, 7, 5)]
49 -> costo: 68324.5, rotte: {5: [(1, 5), (5, 8), (8, 2)], 2: [(1, 6), (6, 3)], 4: [(1, 9), (9, 10), (10, 4), (4, 5), (5, 3)], 3: [(1, 5), (5, 7)]}, padri: [48], figli: [4], mosse: [(5, 5, 1, 5, 2)]
50 -> costo: 69733.5, rotte: {5: [(1, 8), (8, 2), (2, 5)], 2: [(1, 6), (6, 3)], 4: [(1, 9), (9, 10), (10, 4), (4, 5), (5, 3)], 3: [(1, 7), (7, 5)]}, padri: [6, 14], figli: [51, 55, 57, 59, 2], mosse: [(4, 4, 4, 5, 4)]
51 -> costo: 69012.4, rotte: {5: [(1, 5), (5, 8), (8, 2)], 2: [(1, 6), (6, 3)], 4: [(1, 9), (9, 10), (10, 4), (4, 5), (5, 3)], 3: [(1, 7), (7, 5)]}, padri: [50], figli: [52, 53, 54, 3], mosse: [(5, 5, 1, 5, 2)]
52 -> costo: 68324.5, rotte: {5: [(1, 5), (5, 8), (8, 2)], 2: [(1, 6), (6, 3)], 4: [(1, 9), (9, 10), (10, 4), (4, 5), (5, 3)], 3: [(1, 5), (5, 7)]}, padri: [51], figli: [4], mosse: [(3, 3, 1, 5, 5)]
53 -> costo: 68324.5, rotte: {5: [(1, 5), (5, 8), (8, 2)], 2: [(1, 6), (6, 3)], 4: [(1, 9), (9, 10), (10, 4), (4, 5), (5, 3)], 3: [(1, 5), (5, 7)]}, padri: [51], figli: [4], mosse: [(3, 3, 5, 7, 15)]
54 -> costo: 68324.5, rotte: {5: [(1, 5), (5, 8), (8, 2)], 2: [(1, 6), (6, 3)], 4: [(1, 9), (9, 10), (10, 4), (4, 5), (5, 3)], 3: [(1, 5), (5, 7)]}, padri: [51], figli: [4], mosse: [(3, 3, 7, 5)]
55 -> costo: 69045.6, rotte: {5: [(1, 8), (8, 2), (2, 5)], 2: [(1, 6), (6, 3)], 4: [(1, 9), (9, 10), (10, 4), (4, 5), (5, 3)], 3: [(1, 5), (5, 7)]}, padri: [50], figli: [56, 5], mosse: [(3, 3, 1, 5, 5)]
56 -> costo: 68324.5, rotte: {5: [(1, 5), (5, 8), (8, 2)], 2: [(1, 6), (6, 3)], 4: [(1, 9), (9, 10), (10, 4), (4, 5), (5, 3)], 3: [(1, 5), (5, 7)]}, padri: [55], figli: [4], mosse: [(5, 5, 1, 5, 2)]
57 -> costo: 69045.6, rotte: {5: [(1, 8), (8, 2), (2, 5)], 2: [(1, 6), (6, 3)], 4: [(1, 9), (9, 10), (10, 4), (4, 5), (5, 3)], 3: [(1, 5), (5, 7)]}, padri: [50], figli: [58, 5], mosse: [(3, 3, 5, 7, 15)]
58 -> costo: 68324.5, rotte: {5: [(1, 5), (5, 8), (8, 2)], 2: [(1, 6), (6, 3)], 4: [(1, 9), (9, 10), (10, 4), (4, 5), (5, 3)], 3: [(1, 5), (5, 7)]}, padri: [57], figli: [4], mosse: [(5, 5, 1, 5, 2)]
59 -> costo: 69045.6, rotte: {5: [(1, 8), (8, 2), (2, 5)], 2: [(1, 6), (6, 3)], 4: [(1, 9), (9, 10), (10, 4), (4, 5), (5, 3)], 3: [(1, 5), (5, 7)]}, padri: [50], figli: [60, 5], mosse: [(3, 3, 7, 5)]
60 -> costo: 68324.5, rotte: {5: [(1, 5), (5, 8), (8, 2)], 2: [(1, 6), (6, 3)], 4: [(1, 9), (9, 10), (10, 4), (4, 5), (5, 3)], 3: [(1, 5), (5, 7)]}, padri: [59], figli: [4], mosse: [(5, 5, 1, 5, 2)]
61 -> costo: 69733.5, rotte: {5: [(1, 8), (8, 2), (2, 5)], 2: [(1, 6), (6, 3)], 4: [(1, 9), (9, 10), (10, 4), (4, 5), (5, 3)], 3: [(1, 7), (7, 5)]}, padri: [6, 14], figli: [62, 66], mosse: [(4, 4, 5, 3, 4)]
62 -> costo: 69012.4, rotte: {5: [(1, 5), (5, 8), (8, 2)], 2: [(1, 6), (6, 3)], 4: [(1, 9), (9, 10), (10, 4), (4, 5), (5, 3)], 3: [(1, 7), (7, 5)]}, padri: [61], figli: [63, 64, 65, 3], mosse: [(5, 5, 1, 5, 2)]
63 -> costo: 68324.5, rotte: {5: [(1, 5), (5, 8), (8, 2)], 2: [(1, 6), (6, 3)], 4: [(1, 9), (9, 10), (10, 4), (4, 5), (5, 3)], 3: [(1, 5), (5, 7)]}, padri: [62], figli: [4], mosse: [(3, 3, 1, 5, 5)]
64 -> costo: 68324.5, rotte: {5: [(1, 5), (5, 8), (8, 2)], 2: [(1, 6), (6, 3)], 4: [(1, 9), (9, 10), (10, 4), (4, 5), (5, 3)], 3: [(1, 5), (5, 7)]}, padri: [62], figli: [4], mosse: [(3, 3, 5, 7, 15)]
65 -> costo: 68324.5, rotte: {5: [(1, 5), (5, 8), (8, 2)], 2: [(1, 6), (6, 3)], 4: [(1, 9), (9, 10), (10, 4), (4, 5), (5, 3)], 3: [(1, 5), (5, 7)]}, padri: [62], figli: [4], mosse: [(3, 3, 7, 5)]
66 -> costo: 69045.6, rotte: {5: [(1, 8), (8, 2), (2, 5)], 2: [(1, 6), (6, 3)], 4: [(1, 9), (9, 10), (10, 4), (4, 5), (5, 3)], 3: [(1, 5), (5, 7)]}, padri: [61], figli: [67, 5], mosse: [(3, 3, 1, 5, 5)]
67 -> costo: 68324.5, rotte: {5: [(1, 5), (5, 8), (8, 2)], 2: [(1, 6), (6, 3)], 4: [(1, 9), (9, 10), (10, 4), (4, 5), (5, 3)], 3: [(1, 5), (5, 7)]}, padri: [66], figli: [4], mosse: [(5, 5, 1, 5, 2)]
bestSolutionIndice: 4
4 -> costo: 68222.8, rotte: {5: [(1, 5), (5, 8), (8, 2)], 2: [(1, 6), (6, 3)], 4: [(1, 9), (9, 10), (10, 3), (3, 4), (4, 5)], 3: [(1, 5), (5, 7)]}, padri: [3, 3, 3, 5, 8, 8, 16, 17, 18, 19, 21, 22, 23, 25, 26, 27, 29, 30, 31, 34, 36, 38, 41, 42, 43, 45, 47, 49, 52, 53, 54, 56, 58, 60, 63, 64, 65, 67], figli: [], mosse: [(3, 3, 1, 5, 5), (3, 3, 5, 7, 15), (3, 3, 7, 5), (5, 5, 1, 5, 2), (4, 4, 3, 4, 8), (4, 4, 4, 5, 4), (4, 4, 3, 4, 8), (4, 4, 10, 3, 4), (4, 4, 10, 3, 4), (4, 4, 10, 3, 4), (4, 4, 10, 3, 4), (4, 4, 10, 3, 4), (4, 4, 10, 3, 4), (4, 4, 10, 3, 4), (4, 4, 10, 3, 4), (4, 4, 10, 3, 4), (4, 4, 10, 3, 4), (4, 4, 10, 3, 4), (4, 4, 10, 3, 4), (4, 4, 10, 3, 4), (4, 4, 10, 3, 4), (4, 4, 10, 3, 4), (4, 4, 10, 3, 4), (4, 4, 10, 3, 4), (4, 4, 10, 3, 4), (4, 4, 10, 3, 4), (4, 4, 10, 3, 4), (4, 4, 10, 3, 4), (4, 4, 10, 3, 4), (4, 4, 10, 3, 4), (4, 4, 10, 3, 4), (4, 4, 10, 3, 4), (4, 4, 10, 3, 4), (4, 4, 10, 3, 4), (4, 4, 10, 3, 4), (4, 4, 10, 3, 4), (4, 4, 10, 3, 4), (4, 4, 10, 3, 4)]
trasportoPalletDiGamma: {5: [(5, 2), (8, 19), (2, 3)], 2: [(6, 13), (3, 2)], 4: [(9, 1), (10, 2), (3, 4), (4, 8), (5, 4)], 3: [(5, 5), (7, 15)]}
itMosseLS: 155, itMosseTS: 150
time elapsed: 775.96s.


##########################################################################################
s: 1
dictSolutions[1]:
0 -> costo: 77798.79999999999, rotte: {5: [(1, 7), (7, 4), (4, 8)], 3: [(1, 10), (10, 3), (3, 6), (6, 8)], 2: [(1, 9), (9, 2), (2, 8)], 4: [(1, 5), (5, 6)]}, padri: [-1], figli: [1], mosse: [-1]
1 -> costo: 69193.09999999999, rotte: {5: [(1, 7), (7, 4), (4, 8)], 3: [(1, 9), (9, 10), (10, 3), (3, 6), (6, 8)], 2: [(1, 2), (2, 8)], 4: [(1, 5), (5, 6)]}, padri: [0], figli: [2, 8, 18, 26, 28, 29], mosse: [(3, 2, 1, 9, 1)]
2 -> costo: 68235.4, rotte: {5: [(1, 7), (7, 4), (4, 8)], 3: [(1, 9), (9, 10), (10, 8), (8, 3), (3, 6)], 2: [(1, 2), (2, 8)], 4: [(1, 5), (5, 6)]}, padri: [1, 28], figli: [3, 5, 7, 7, 7, 9, 10, 19, 20], mosse: [(3, 3, 10, 8, 6), (3, 3, 8, 3, 6)]
3 -> costo: 67837.3, rotte: {5: [(1, 4), (4, 8), (8, 7)], 3: [(1, 9), (9, 10), (10, 8), (8, 3), (3, 6)], 2: [(1, 2), (2, 8)], 4: [(1, 5), (5, 6)]}, padri: [2, 5, 5, 5, 8, 9, 10, 10, 10, 16], figli: [4, 4, 4], mosse: [(5, 5, 8, 7, 15), (5, 5, 4, 8, 2), (5, 5, 8, 7, 15), (5, 5, 7, 8), (3, 3, 10, 8, 6), (3, 3, 8, 3, 6), (3, 3, 8, 3, 6), (3, 3, 3, 6, 4), (3, 3, 6, 3), (3, 3, 3, 6, 4)]
4 -> costo: 67667.09999999999, rotte: {5: [(1, 4), (4, 8), (8, 7)], 3: [(1, 9), (9, 10), (10, 8), (8, 3), (3, 6)], 2: [(1, 8), (8, 2)], 4: [(1, 5), (5, 6)]}, padri: [3, 3, 3, 6, 6, 6, 7, 11, 11, 11, 12, 13, 14], figli: [], mosse: [(2, 2, 1, 8, 11), (2, 2, 8, 2, 3), (2, 2, 2, 8), (5, 5, 4, 8, 2), (5, 5, 8, 7, 15), (5, 5, 7, 8), (5, 5, 8, 7, 15), (3, 3, 8, 3, 6), (3, 3, 3, 6, 4), (3, 3, 6, 3), (3, 3, 8, 3, 6), (3, 3, 10, 8, 6), (3, 3, 3, 6, 4)]
5 -> costo: 67916.09999999999, rotte: {5: [(1, 4), (4, 7), (7, 8)], 3: [(1, 9), (9, 10), (10, 8), (8, 3), (3, 6)], 2: [(1, 2), (2, 8)], 4: [(1, 5), (5, 6)]}, padri: [2, 18, 19, 20, 20, 20, 26], figli: [6, 6, 6, 3, 3, 3, 9, 9, 9, 10, 10, 10], mosse: [(5, 5, 4, 7, 15), (3, 3, 10, 8, 6), (3, 3, 8, 3, 6), (3, 3, 8, 3, 6), (3, 3, 3, 6, 4), (3, 3, 6, 3), (3, 3, 3, 6, 4)]
6 -> costo: 67745.9, rotte: {5: [(1, 4), (4, 7), (7, 8)], 3: [(1, 9), (9, 10), (10, 8), (8, 3), (3, 6)], 2: [(1, 8), (8, 2)], 4: [(1, 5), (5, 6)]}, padri: [5, 5, 5, 7, 21, 21, 21, 22, 23, 24], figli: [4, 4, 4], mosse: [(2, 2, 1, 8, 11), (2, 2, 8, 2, 3), (2, 2, 2, 8), (5, 5, 4, 7, 15), (3, 3, 8, 3, 6), (3, 3, 3, 6, 4), (3, 3, 6, 3), (3, 3, 8, 3, 6), (3, 3, 10, 8, 6), (3, 3, 3, 6, 4)]
7 -> costo: 68065.2, rotte: {5: [(1, 7), (7, 4), (4, 8)], 3: [(1, 9), (9, 10), (10, 8), (8, 3), (3, 6)], 2: [(1, 8), (8, 2)], 4: [(1, 5), (5, 6)]}, padri: [2, 2, 2, 30], figli: [4, 6], mosse: [(2, 2, 1, 8, 11), (2, 2, 8, 2, 3), (2, 2, 2, 8), (3, 3, 8, 3, 6)]
8 -> costo: 68795.0, rotte: {5: [(1, 4), (4, 8), (8, 7)], 3: [(1, 9), (9, 10), (10, 3), (3, 6), (6, 8)], 2: [(1, 2), (2, 8)], 4: [(1, 5), (5, 6)]}, padri: [1, 18, 18, 18], figli: [3, 9, 10, 9, 13, 13, 13, 13, 16, 16, 16, 17, 24, 24, 24], mosse: [(5, 5, 8, 7, 15), (5, 5, 4, 8, 2), (5, 5, 8, 7, 15), (5, 5, 7, 8)]
9 -> costo: 68624.29999999999, rotte: {5: [(1, 4), (4, 8), (8, 7)], 3: [(1, 9), (9, 10), (10, 3), (3, 8), (8, 6)], 2: [(1, 2), (2, 8)], 4: [(1, 5), (5, 6)]}, padri: [8, 8, 17, 19, 19, 19], figli: [3, 10, 12, 12, 12, 14, 14, 14], mosse: [(3, 3, 3, 8, 6), (3, 3, 8, 6, 4), (3, 3, 8, 6, 4), (5, 5, 4, 8, 2), (5, 5, 8, 7, 15), (5, 5, 7, 8)]
10 -> costo: 67988.0, rotte: {5: [(1, 4), (4, 8), (8, 7)], 3: [(1, 9), (9, 10), (10, 8), (8, 6), (6, 3)], 2: [(1, 2), (2, 8)], 4: [(1, 5), (5, 6)]}, padri: [9, 16, 17, 20, 20, 20, 29], figli: [11, 11, 11, 3, 3, 3], mosse: [(3, 3, 6, 3, 6), (3, 3, 8, 6, 4), (3, 3, 10, 8, 6), (5, 5, 4, 8, 2), (5, 5, 8, 7, 15), (5, 5, 7, 8), (5, 5, 8, 7, 15)]
11 -> costo: 67817.79999999999, rotte: {5: [(1, 4), (4, 8), (8, 7)], 3: [(1, 9), (9, 10), (10, 8), (8, 6), (6, 3)], 2: [(1, 8), (8, 2)], 4: [(1, 5), (5, 6)]}, padri: [10, 10, 10, 12, 14, 15, 21, 21, 21, 30], figli: [4, 4, 4], mosse: [(2, 2, 1, 8, 11), (2, 2, 8, 2, 3), (2, 2, 2, 8), (3, 3, 6, 3, 6), (3, 3, 8, 6, 4), (3, 3, 10, 8, 6), (5, 5, 4, 8, 2), (5, 5, 8, 7, 15), (5, 5, 7, 8), (5, 5, 8, 7, 15)]
12 -> costo: 68454.09999999999, rotte: {5: [(1, 4), (4, 8), (8, 7)], 3: [(1, 9), (9, 10), (10, 3), (3, 8), (8, 6)], 2: [(1, 8), (8, 2)], 4: [(1, 5), (5, 6)]}, padri: [9, 9, 9, 13, 13, 13, 15, 22, 22, 22], figli: [4, 11], mosse: [(2, 2, 1, 8, 11), (2, 2, 8, 2, 3), (2, 2, 2, 8), (3, 3, 3, 8, 6), (3, 3, 8, 6, 4), (3, 3, 6, 8), (3, 3, 8, 6, 4), (5, 5, 4, 8, 2), (5, 5, 8, 7, 15), (5, 5, 7, 8)]
13 -> costo: 68624.79999999999, rotte: {5: [(1, 4), (4, 8), (8, 7)], 3: [(1, 9), (9, 10), (10, 3), (3, 6), (6, 8)], 2: [(1, 8), (8, 2)], 4: [(1, 5), (5, 6)]}, padri: [8, 8, 8, 23, 23, 23], figli: [4, 12, 12, 12, 14, 14, 14, 15], mosse: [(2, 2, 1, 8, 11), (2, 2, 8, 2, 3), (2, 2, 2, 8), (5, 5, 4, 8, 2), (5, 5, 8, 7, 15), (5, 5, 7, 8)]
14 -> costo: 68553.0, rotte: {5: [(1, 4), (4, 8), (8, 7)], 3: [(1, 9), (9, 10), (10, 6), (6, 8), (8, 3)], 2: [(1, 8), (8, 2)], 4: [(1, 5), (5, 6)]}, padri: [13, 15, 15, 15, 16, 16, 16, 24, 24, 24], figli: [4, 11], mosse: [(3, 3, 8, 3, 6), (3, 3, 3, 8), (3, 3, 6, 8, 6), (3, 3, 8, 3, 6), (2, 2, 1, 8, 11), (2, 2, 8, 2, 3), (2, 2, 2, 8), (5, 5, 4, 8, 2), (5, 5, 8, 7, 15), (5, 5, 7, 8)]
15 -> costo: 68563.99999999999, rotte: {5: [(1, 4), (4, 8), (8, 7)], 3: [(1, 9), (9, 10), (10, 6), (6, 3), (3, 8)], 2: [(1, 8), (8, 2)], 4: [(1, 5), (5, 6)]}, padri: [13, 17, 17, 17, 25, 25, 25], figli: [11, 12, 14, 14, 14], mosse: [(3, 3, 6, 3, 6), (2, 2, 1, 8, 11), (2, 2, 8, 2, 3), (2, 2, 2, 8), (5, 5, 4, 8, 2), (5, 5, 8, 7, 15), (5, 5, 7, 8)]
16 -> costo: 68723.2, rotte: {5: [(1, 4), (4, 8), (8, 7)], 3: [(1, 9), (9, 10), (10, 6), (6, 8), (8, 3)], 2: [(1, 2), (2, 8)], 4: [(1, 5), (5, 6)]}, padri: [8, 17, 17, 17, 26, 26, 26], figli: [3, 10, 14, 14, 14], mosse: [(3, 3, 8, 3, 6), (3, 3, 3, 8), (3, 3, 6, 8, 6), (3, 3, 8, 3, 6), (5, 5, 4, 8, 2), (5, 5, 8, 7, 15), (5, 5, 7, 8)]
17 -> costo: 68734.2, rotte: {5: [(1, 4), (4, 8), (8, 7)], 3: [(1, 9), (9, 10), (10, 6), (6, 3), (3, 8)], 2: [(1, 2), (2, 8)], 4: [(1, 5), (5, 6)]}, padri: [8, 27, 27, 27], figli: [10, 15, 15, 15, 9, 16, 16, 16], mosse: [(3, 3, 6, 3, 6), (5, 5, 4, 8, 2), (5, 5, 8, 7, 15), (5, 5, 7, 8)]
18 -> costo: 68873.79999999999, rotte: {5: [(1, 4), (4, 7), (7, 8)], 3: [(1, 9), (9, 10), (10, 3), (3, 6), (6, 8)], 2: [(1, 2), (2, 8)], 4: [(1, 5), (5, 6)]}, padri: [1], figli: [5, 19, 20, 19, 23, 23, 23, 23, 8, 8, 8, 26, 26, 26, 27], mosse: [(5, 5, 4, 7, 15)]
19 -> costo: 68703.09999999999, rotte: {5: [(1, 4), (4, 7), (7, 8)], 3: [(1, 9), (9, 10), (10, 3), (3, 8), (8, 6)], 2: [(1, 2), (2, 8)], 4: [(1, 5), (5, 6)]}, padri: [18, 18], figli: [5, 20, 22, 22, 22, 9, 9, 9, 30], mosse: [(3, 3, 3, 8, 6), (3, 3, 8, 6, 4)]
20 -> costo: 68066.79999999999, rotte: {5: [(1, 4), (4, 7), (7, 8)], 3: [(1, 9), (9, 10), (10, 8), (8, 6), (6, 3)], 2: [(1, 2), (2, 8)], 4: [(1, 5), (5, 6)]}, padri: [19, 26, 27, 29], figli: [21, 21, 21, 5, 5, 5, 10, 10, 10], mosse: [(3, 3, 6, 3, 6), (3, 3, 8, 6, 4), (3, 3, 10, 8, 6), (5, 5, 4, 7, 15)]
21 -> costo: 67896.59999999999, rotte: {5: [(1, 4), (4, 7), (7, 8)], 3: [(1, 9), (9, 10), (10, 8), (8, 6), (6, 3)], 2: [(1, 8), (8, 2)], 4: [(1, 5), (5, 6)]}, padri: [20, 20, 20, 22, 24, 25, 30], figli: [6, 6, 6, 11, 11, 11], mosse: [(2, 2, 1, 8, 11), (2, 2, 8, 2, 3), (2, 2, 2, 8), (3, 3, 6, 3, 6), (3, 3, 8, 6, 4), (3, 3, 10, 8, 6), (5, 5, 4, 7, 15)]
22 -> costo: 68532.89999999998, rotte: {5: [(1, 4), (4, 7), (7, 8)], 3: [(1, 9), (9, 10), (10, 3), (3, 8), (8, 6)], 2: [(1, 8), (8, 2)], 4: [(1, 5), (5, 6)]}, padri: [19, 19, 19, 23, 23], figli: [6, 21, 12, 12, 12], mosse: [(2, 2, 1, 8, 11), (2, 2, 8, 2, 3), (2, 2, 2, 8), (3, 3, 3, 8, 6), (3, 3, 8, 6, 4)]
23 -> costo: 68703.59999999999, rotte: {5: [(1, 4), (4, 7), (7, 8)], 3: [(1, 9), (9, 10), (10, 3), (3, 6), (6, 8)], 2: [(1, 8), (8, 2)], 4: [(1, 5), (5, 6)]}, padri: [18, 18, 18], figli: [6, 22, 22, 13, 13, 13, 24, 24, 24, 25], mosse: [(2, 2, 1, 8, 11), (2, 2, 8, 2, 3), (2, 2, 2, 8)]
24 -> costo: 68631.79999999999, rotte: {5: [(1, 4), (4, 7), (7, 8)], 3: [(1, 9), (9, 10), (10, 6), (6, 8), (8, 3)], 2: [(1, 8), (8, 2)], 4: [(1, 5), (5, 6)]}, padri: [23, 25, 26, 26, 26], figli: [6, 21, 14, 14, 14], mosse: [(3, 3, 8, 3, 6), (3, 3, 3, 8), (2, 2, 1, 8, 11), (2, 2, 8, 2, 3), (2, 2, 2, 8)]
25 -> costo: 68642.79999999999, rotte: {5: [(1, 4), (4, 7), (7, 8)], 3: [(1, 9), (9, 10), (10, 6), (6, 3), (3, 8)], 2: [(1, 8), (8, 2)], 4: [(1, 5), (5, 6)]}, padri: [23, 27, 27, 27], figli: [21, 15, 15, 15, 24], mosse: [(3, 3, 6, 3, 6), (2, 2, 1, 8, 11), (2, 2, 8, 2, 3), (2, 2, 2, 8)]
26 -> costo: 68802.0, rotte: {5: [(1, 4), (4, 7), (7, 8)], 3: [(1, 9), (9, 10), (10, 6), (6, 8), (8, 3)], 2: [(1, 2), (2, 8)], 4: [(1, 5), (5, 6)]}, padri: [18, 27], figli: [5, 20, 24, 24, 24, 16, 16, 16, 30], mosse: [(3, 3, 8, 3, 6), (3, 3, 3, 8)]
27 -> costo: 68812.99999999999, rotte: {5: [(1, 4), (4, 7), (7, 8)], 3: [(1, 9), (9, 10), (10, 6), (6, 3), (3, 8)], 2: [(1, 2), (2, 8)], 4: [(1, 5), (5, 6)]}, padri: [18], figli: [20, 25, 25, 25, 17, 17, 17, 26, 30], mosse: [(3, 3, 6, 3, 6)]
28 -> costo: 69022.4, rotte: {5: [(1, 7), (7, 4), (4, 8)], 3: [(1, 9), (9, 10), (10, 3), (3, 8), (8, 6)], 2: [(1, 2), (2, 8)], 4: [(1, 5), (5, 6)]}, padri: [1], figli: [2, 29], mosse: [(3, 3, 3, 8, 6)]
29 -> costo: 68386.09999999999, rotte: {5: [(1, 7), (7, 4), (4, 8)], 3: [(1, 9), (9, 10), (10, 8), (8, 6), (6, 3)], 2: [(1, 2), (2, 8)], 4: [(1, 5), (5, 6)]}, padri: [28], figli: [10, 20, 30], mosse: [(3, 3, 6, 3, 6)]
30 -> costo: 68215.9, rotte: {5: [(1, 7), (7, 4), (4, 8)], 3: [(1, 9), (9, 10), (10, 8), (8, 6), (6, 3)], 2: [(1, 8), (8, 2)], 4: [(1, 5), (5, 6)]}, padri: [29], figli: [11, 21, 7], mosse: [(2, 2, 1, 8, 11)]
bestSolutionIndice: 4
4 -> costo: 67667.09999999999, rotte: {5: [(1, 4), (4, 8), (8, 7)], 3: [(1, 9), (9, 10), (10, 8), (8, 3), (3, 6)], 2: [(1, 8), (8, 2)], 4: [(1, 5), (5, 6)]}, padri: [3, 3, 3, 6, 6, 6, 7, 11, 11, 11, 12, 13, 14], figli: [], mosse: [(2, 2, 1, 8, 11), (2, 2, 8, 2, 3), (2, 2, 2, 8), (5, 5, 4, 8, 2), (5, 5, 8, 7, 15), (5, 5, 7, 8), (5, 5, 8, 7, 15), (3, 3, 8, 3, 6), (3, 3, 3, 6, 4), (3, 3, 6, 3), (3, 3, 8, 3, 6), (3, 3, 10, 8, 6), (3, 3, 3, 6, 4)]
trasportoPalletDiGamma: {5: [(4, 8), (8, 2), (7, 15)], 3: [(9, 1), (10, 2), (8, 6), (3, 6), (6, 4)], 2: [(8, 11), (2, 3)], 4: [(5, 11), (6, 9)]}
itMosseLS: 155, itMosseTS: 150
time elapsed: 691.73s.


##########################################################################################
s: 1
dictSolutions[1]:
0 -> costo: 79730.1, rotte: {5: [(1, 6), (6, 8)], 4: [(1, 7), (7, 10), (10, 2)], 2: [(1, 5), (5, 3)], 3: [(1, 9), (9, 4), (4, 8), (8, 3)]}, padri: [-1], figli: [1, 1, 1, 9, 9, 9, 12, 12, 12, 17, 31], mosse: [-1]
1 -> costo: 74929.9, rotte: {5: [(1, 6), (6, 8)], 4: [(1, 7), (7, 2), (2, 10)], 2: [(1, 5), (5, 3)], 3: [(1, 9), (9, 4), (4, 8), (8, 3)]}, padri: [0, 0, 0, 9], figli: [2, 4, 8, 11, 29], mosse: [(4, 4, 7, 2, 3), (4, 4, 2, 10, 2), (4, 4, 10, 2), (4, 4, 7, 2, 3)]
2 -> costo: 71664.5, rotte: {5: [(1, 6), (6, 8)], 4: [(1, 7), (7, 2), (2, 10)], 2: [(1, 5), (5, 3)], 3: [(1, 4), (4, 8), (8, 3), (3, 9)]}, padri: [1, 10, 17, 17, 28], figli: [3, 6], mosse: [(3, 3, 3, 9, 1), (4, 4, 7, 2, 3), (4, 4, 7, 2, 3), (4, 4, 2, 10, 2), (4, 4, 2, 10, 2)]
3 -> costo: 70960.8, rotte: {5: [(1, 6), (6, 8)], 4: [(1, 7), (7, 2), (2, 10)], 2: [(1, 5), (5, 3)], 3: [(1, 4), (4, 3), (3, 8), (8, 9)]}, padri: [2, 5, 7, 11, 29, 30, 30, 30], figli: [], mosse: [(3, 3, 3, 8, 7), (3, 3, 3, 8, 7), (3, 3, 4, 3, 2), (4, 4, 7, 2, 3), (4, 4, 2, 10, 2), (4, 4, 7, 2, 3), (4, 4, 2, 10, 2), (4, 4, 10, 2)]
4 -> costo: 74284.40000000001, rotte: {5: [(1, 6), (6, 8)], 4: [(1, 7), (7, 2), (2, 10)], 2: [(1, 5), (5, 3)], 3: [(1, 9), (9, 8), (8, 4), (4, 3)]}, padri: [1, 8, 8, 8, 12], figli: [5, 14], mosse: [(3, 3, 8, 4, 8), (3, 3, 8, 4, 8), (3, 3, 4, 3, 2), (3, 3, 3, 4), (4, 4, 7, 2, 3)]
5 -> costo: 72283.20000000001, rotte: {5: [(1, 6), (6, 8)], 4: [(1, 7), (7, 2), (2, 10)], 2: [(1, 5), (5, 3)], 3: [(1, 8), (8, 4), (4, 3), (3, 9)]}, padri: [4, 13], figli: [3, 6, 15], mosse: [(3, 3, 3, 9, 1), (4, 4, 7, 2, 3)]
6 -> costo: 72229.0, rotte: {5: [(1, 6), (6, 8)], 4: [(1, 7), (7, 2), (2, 10)], 2: [(1, 5), (5, 3)], 3: [(1, 8), (8, 3), (3, 4), (4, 9)]}, padri: [5, 8, 14], figli: [7], mosse: [(3, 3, 3, 4, 8), (3, 3, 4, 9, 1), (4, 4, 7, 2, 3)]
7 -> costo: 71600.4, rotte: {5: [(1, 6), (6, 8)], 4: [(1, 7), (7, 2), (2, 10)], 2: [(1, 5), (5, 3)], 3: [(1, 3), (3, 4), (4, 8), (8, 9)]}, padri: [6, 15], figli: [3], mosse: [(3, 3, 4, 8, 7), (4, 4, 7, 2, 3)]
8 -> costo: 74382.6, rotte: {5: [(1, 6), (6, 8)], 4: [(1, 7), (7, 2), (2, 10)], 2: [(1, 5), (5, 3)], 3: [(1, 9), (9, 8), (8, 3), (3, 4)]}, padri: [1, 16], figli: [6, 4, 4, 4, 15], mosse: [(3, 3, 3, 4, 8), (4, 4, 7, 2, 3)]
9 -> costo: 75656.5, rotte: {5: [(1, 6), (6, 8)], 4: [(1, 2), (2, 7), (7, 10)], 2: [(1, 5), (5, 3)], 3: [(1, 9), (9, 4), (4, 8), (8, 3)]}, padri: [0], figli: [10, 1, 12, 16, 18, 27], mosse: [(4, 4, 1, 2, 3)]
10 -> costo: 72391.1, rotte: {5: [(1, 6), (6, 8)], 4: [(1, 2), (2, 7), (7, 10)], 2: [(1, 5), (5, 3)], 3: [(1, 4), (4, 8), (8, 3), (3, 9)]}, padri: [9, 17, 18], figli: [2, 11, 29], mosse: [(3, 3, 3, 9, 1), (4, 4, 1, 2, 3), (4, 4, 7, 10, 2)]
11 -> costo: 71687.4, rotte: {5: [(1, 6), (6, 8)], 4: [(1, 2), (2, 7), (7, 10)], 2: [(1, 5), (5, 3)], 3: [(1, 4), (4, 3), (3, 8), (8, 9)]}, padri: [10, 13, 15, 27, 30], figli: [3], mosse: [(3, 3, 3, 8, 7), (3, 3, 3, 8, 7), (3, 3, 4, 3, 2), (4, 4, 7, 10, 2), (4, 4, 1, 2, 3)]
12 -> costo: 75011.00000000001, rotte: {5: [(1, 6), (6, 8)], 4: [(1, 2), (2, 7), (7, 10)], 2: [(1, 5), (5, 3)], 3: [(1, 9), (9, 8), (8, 4), (4, 3)]}, padri: [9, 16, 16, 16], figli: [13, 4], mosse: [(3, 3, 8, 4, 8), (3, 3, 8, 4, 8), (3, 3, 4, 3, 2), (3, 3, 3, 4)]
13 -> costo: 73009.8, rotte: {5: [(1, 6), (6, 8)], 4: [(1, 2), (2, 7), (7, 10)], 2: [(1, 5), (5, 3)], 3: [(1, 8), (8, 4), (4, 3), (3, 9)]}, padri: [12], figli: [11, 5, 14], mosse: [(3, 3, 3, 9, 1)]
14 -> costo: 72955.6, rotte: {5: [(1, 6), (6, 8)], 4: [(1, 2), (2, 7), (7, 10)], 2: [(1, 5), (5, 3)], 3: [(1, 8), (8, 3), (3, 4), (4, 9)]}, padri: [13, 16], figli: [6, 15], mosse: [(3, 3, 3, 4, 8), (3, 3, 4, 9, 1)]
15 -> costo: 72327.0, rotte: {5: [(1, 6), (6, 8)], 4: [(1, 2), (2, 7), (7, 10)], 2: [(1, 5), (5, 3)], 3: [(1, 3), (3, 4), (4, 8), (8, 9)]}, padri: [14], figli: [7, 11], mosse: [(3, 3, 4, 8, 7)]
16 -> costo: 75109.20000000001, rotte: {5: [(1, 6), (6, 8)], 4: [(1, 2), (2, 7), (7, 10)], 2: [(1, 5), (5, 3)], 3: [(1, 9), (9, 8), (8, 3), (3, 4)]}, padri: [9], figli: [14, 8, 12, 12, 12], mosse: [(3, 3, 3, 4, 8)]
17 -> costo: 76464.70000000001, rotte: {5: [(1, 6), (6, 8)], 4: [(1, 7), (7, 10), (10, 2)], 2: [(1, 5), (5, 3)], 3: [(1, 4), (4, 8), (8, 3), (3, 9)]}, padri: [0], figli: [2, 2, 10, 18, 27, 28, 29, 29, 30], mosse: [(3, 3, 3, 9, 1)]
18 -> costo: 74127.80000000002, rotte: {5: [(1, 6), (6, 8)], 4: [(1, 10), (10, 2), (2, 7)], 2: [(1, 5), (5, 3)], 3: [(1, 4), (4, 8), (8, 3), (3, 9)]}, padri: [17, 28, 28, 28], figli: [19, 23, 26, 10, 27], mosse: [(4, 4, 2, 7, 15), (4, 4, 7, 2), (4, 4, 10, 2, 3), (4, 4, 2, 7, 15)]
19 -> costo: 65522.100000000006, rotte: {5: [(1, 6), (6, 8)], 4: [(1, 2), (2, 7)], 2: [(1, 5), (5, 3)], 3: [(1, 4), (4, 8), (8, 3), (3, 10), (10, 9)]}, padri: [18, 23, 23, 23], figli: [20, 22, 22, 22, 25], mosse: [(3, 4, 3, 10, 2), (3, 3, 3, 10, 2), (3, 3, 10, 9, 1), (3, 3, 9, 10)]
20 -> costo: 64818.4, rotte: {5: [(1, 6), (6, 8)], 4: [(1, 2), (2, 7)], 2: [(1, 5), (5, 3)], 3: [(1, 4), (4, 3), (3, 8), (8, 10), (10, 9)]}, padri: [19, 24, 24, 24, 27], figli: [21, 21, 21], mosse: [(3, 3, 3, 8, 7), (3, 3, 8, 10, 2), (3, 3, 10, 9, 1), (3, 3, 9, 10), (3, 4, 8, 10, 2)]
21 -> costo: 64755.5, rotte: {5: [(1, 6), (6, 8)], 4: [(1, 7), (7, 2)], 2: [(1, 5), (5, 3)], 3: [(1, 4), (4, 3), (3, 8), (8, 10), (10, 9)]}, padri: [20, 20, 20, 22, 25, 25, 25, 29], figli: [], mosse: [(4, 4, 2, 7), (4, 4, 1, 7, 15), (4, 4, 7, 2, 3), (3, 3, 3, 8, 7), (3, 3, 8, 10, 2), (3, 3, 10, 9, 1), (3, 3, 9, 10), (3, 4, 8, 10, 2)]
22 -> costo: 65459.200000000004, rotte: {5: [(1, 6), (6, 8)], 4: [(1, 7), (7, 2)], 2: [(1, 5), (5, 3)], 3: [(1, 4), (4, 8), (8, 3), (3, 10), (10, 9)]}, padri: [19, 19, 19, 26, 26, 26, 28], figli: [21], mosse: [(4, 4, 2, 7), (4, 4, 1, 7, 15), (4, 4, 7, 2, 3), (3, 3, 3, 10, 2), (3, 3, 10, 9, 1), (3, 3, 9, 10), (3, 4, 3, 10, 2)]
23 -> costo: 65757.1, rotte: {5: [(1, 6), (6, 8)], 4: [(1, 2), (2, 7)], 2: [(1, 5), (5, 3)], 3: [(1, 4), (4, 8), (8, 3), (3, 9), (9, 10)]}, padri: [18], figli: [24, 19, 19, 19, 26, 26, 26, 26, 26], mosse: [(3, 4, 9, 10, 2)]
24 -> costo: 65053.4, rotte: {5: [(1, 6), (6, 8)], 4: [(1, 2), (2, 7)], 2: [(1, 5), (5, 3)], 3: [(1, 4), (4, 3), (3, 8), (8, 9), (9, 10)]}, padri: [23, 27], figli: [20, 20, 20, 25, 25, 25, 25, 25], mosse: [(3, 3, 3, 8, 7), (3, 4, 9, 10, 2)]
25 -> costo: 64990.5, rotte: {5: [(1, 6), (6, 8)], 4: [(1, 7), (7, 2)], 2: [(1, 5), (5, 3)], 3: [(1, 4), (4, 3), (3, 8), (8, 9), (9, 10)]}, padri: [24, 24, 24, 26, 29], figli: [21, 21, 21], mosse: [(4, 4, 2, 7), (4, 4, 1, 7, 15), (4, 4, 7, 2, 3), (3, 3, 3, 8, 7), (3, 4, 9, 10, 2)]
26 -> costo: 65694.20000000001, rotte: {5: [(1, 6), (6, 8)], 4: [(1, 7), (7, 2)], 2: [(1, 5), (5, 3)], 3: [(1, 4), (4, 8), (8, 3), (3, 9), (9, 10)]}, padri: [23, 23, 23, 28], figli: [25, 22, 22, 22], mosse: [(4, 4, 2, 7), (4, 4, 1, 7, 15), (4, 4, 7, 2, 3), (3, 4, 9, 10, 2)]
27 -> costo: 73424.1, rotte: {5: [(1, 6), (6, 8)], 4: [(1, 10), (10, 2), (2, 7)], 2: [(1, 5), (5, 3)], 3: [(1, 4), (4, 3), (3, 8), (8, 9)]}, padri: [18, 29, 29, 29, 30], figli: [20, 24, 11], mosse: [(3, 3, 3, 8, 7), (4, 4, 7, 2), (4, 4, 10, 2, 3), (4, 4, 2, 7, 15), (4, 4, 2, 7, 15)]
28 -> costo: 74789.6, rotte: {5: [(1, 6), (6, 8)], 4: [(1, 10), (10, 7), (7, 2)], 2: [(1, 5), (5, 3)], 3: [(1, 4), (4, 8), (8, 3), (3, 9)]}, padri: [17], figli: [22, 26, 2, 29, 18, 18, 18], mosse: [(4, 4, 10, 7, 15)]
29 -> costo: 74085.9, rotte: {5: [(1, 6), (6, 8)], 4: [(1, 10), (10, 7), (7, 2)], 2: [(1, 5), (5, 3)], 3: [(1, 4), (4, 3), (3, 8), (8, 9)]}, padri: [28, 30], figli: [21, 25, 3, 27, 27, 27], mosse: [(3, 3, 3, 8, 7), (4, 4, 10, 7, 15)]
30 -> costo: 75761.0, rotte: {5: [(1, 6), (6, 8)], 4: [(1, 7), (7, 10), (10, 2)], 2: [(1, 5), (5, 3)], 3: [(1, 4), (4, 3), (3, 8), (8, 9)]}, padri: [17], figli: [3, 3, 3, 11, 27, 29], mosse: [(3, 3, 3, 8, 7)]
31 -> costo: 77393.20000000001, rotte: {5: [(1, 6), (6, 8)], 4: [(1, 10), (10, 2), (2, 7)], 2: [(1, 5), (5, 3)], 3: [(1, 9), (9, 4), (4, 8), (8, 3)]}, padri: [0], figli: [32, 38], mosse: [(4, 4, 2, 7, 15)]
32 -> costo: 68787.5, rotte: {5: [(1, 6), (6, 8)], 4: [(1, 2), (2, 7)], 2: [(1, 5), (5, 3)], 3: [(1, 10), (10, 9), (9, 4), (4, 8), (8, 3)]}, padri: [31], figli: [33, 35, 36, 37, 37, 37], mosse: [(3, 4, 1, 10, 2)]
33 -> costo: 68142.0, rotte: {5: [(1, 6), (6, 8)], 4: [(1, 2), (2, 7)], 2: [(1, 5), (5, 3)], 3: [(1, 10), (10, 9), (9, 8), (8, 4), (4, 3)]}, padri: [32, 35, 35, 35], figli: [34, 34, 34], mosse: [(3, 3, 8, 4, 8), (3, 3, 8, 4, 8), (3, 3, 4, 3, 2), (3, 3, 3, 4)]
34 -> costo: 68079.1, rotte: {5: [(1, 6), (6, 8)], 4: [(1, 7), (7, 2)], 2: [(1, 5), (5, 3)], 3: [(1, 10), (10, 9), (9, 8), (8, 4), (4, 3)]}, padri: [33, 33, 33, 36, 36, 36, 37], figli: [], mosse: [(4, 4, 2, 7), (4, 4, 1, 7, 15), (4, 4, 7, 2, 3), (3, 3, 8, 4, 8), (3, 3, 4, 3, 2), (3, 3, 3, 4), (3, 3, 8, 4, 8)]
35 -> costo: 68240.20000000001, rotte: {5: [(1, 6), (6, 8)], 4: [(1, 2), (2, 7)], 2: [(1, 5), (5, 3)], 3: [(1, 10), (10, 9), (9, 8), (8, 3), (3, 4)]}, padri: [32], figli: [33, 33, 33, 36, 36, 36, 36, 36], mosse: [(3, 3, 3, 4, 8)]
36 -> costo: 68177.30000000002, rotte: {5: [(1, 6), (6, 8)], 4: [(1, 7), (7, 2)], 2: [(1, 5), (5, 3)], 3: [(1, 10), (10, 9), (9, 8), (8, 3), (3, 4)]}, padri: [35, 35, 35, 37], figli: [34, 34, 34], mosse: [(4, 4, 2, 7), (4, 4, 1, 7, 15), (4, 4, 7, 2, 3), (3, 3, 3, 4, 8)]
37 -> costo: 68724.6, rotte: {5: [(1, 6), (6, 8)], 4: [(1, 7), (7, 2)], 2: [(1, 5), (5, 3)], 3: [(1, 10), (10, 9), (9, 4), (4, 8), (8, 3)]}, padri: [32, 32, 32], figli: [34, 36], mosse: [(4, 4, 2, 7), (4, 4, 1, 7, 15), (4, 4, 7, 2, 3)]
38 -> costo: 68787.5, rotte: {5: [(1, 6), (6, 8)], 4: [(1, 2), (2, 7)], 2: [(1, 5), (5, 3)], 3: [(1, 9), (9, 10), (10, 4), (4, 8), (8, 3)]}, padri: [31], figli: [39, 43, 60, 62, 64], mosse: [(3, 4, 9, 10, 2)]
39 -> costo: 68142.0, rotte: {5: [(1, 6), (6, 8)], 4: [(1, 2), (2, 7)], 2: [(1, 5), (5, 3)], 3: [(1, 9), (9, 10), (10, 8), (8, 4), (4, 3)]}, padri: [38], figli: [40, 41, 42], mosse: [(3, 3, 8, 4, 8)]
40 -> costo: 68079.1, rotte: {5: [(1, 6), (6, 8)], 4: [(1, 7), (7, 2)], 2: [(1, 5), (5, 3)], 3: [(1, 9), (9, 10), (10, 8), (8, 4), (4, 3)]}, padri: [39], figli: [], mosse: [(4, 4, 2, 7)]
41 -> costo: 68079.1, rotte: {5: [(1, 6), (6, 8)], 4: [(1, 7), (7, 2)], 2: [(1, 5), (5, 3)], 3: [(1, 9), (9, 10), (10, 8), (8, 4), (4, 3)]}, padri: [39], figli: [], mosse: [(4, 4, 1, 7, 15)]
42 -> costo: 68079.1, rotte: {5: [(1, 6), (6, 8)], 4: [(1, 7), (7, 2)], 2: [(1, 5), (5, 3)], 3: [(1, 9), (9, 10), (10, 8), (8, 4), (4, 3)]}, padri: [39], figli: [], mosse: [(4, 4, 7, 2, 3)]
43 -> costo: 68240.20000000001, rotte: {5: [(1, 6), (6, 8)], 4: [(1, 2), (2, 7)], 2: [(1, 5), (5, 3)], 3: [(1, 9), (9, 10), (10, 8), (8, 3), (3, 4)]}, padri: [38], figli: [44, 48, 52, 56, 56, 56], mosse: [(3, 3, 3, 4, 8)]
44 -> costo: 68142.0, rotte: {5: [(1, 6), (6, 8)], 4: [(1, 2), (2, 7)], 2: [(1, 5), (5, 3)], 3: [(1, 9), (9, 10), (10, 8), (8, 4), (4, 3)]}, padri: [43], figli: [45, 46, 47], mosse: [(3, 3, 8, 4, 8)]
45 -> costo: 68079.1, rotte: {5: [(1, 6), (6, 8)], 4: [(1, 7), (7, 2)], 2: [(1, 5), (5, 3)], 3: [(1, 9), (9, 10), (10, 8), (8, 4), (4, 3)]}, padri: [44], figli: [], mosse: [(4, 4, 2, 7)]
46 -> costo: 68079.1, rotte: {5: [(1, 6), (6, 8)], 4: [(1, 7), (7, 2)], 2: [(1, 5), (5, 3)], 3: [(1, 9), (9, 10), (10, 8), (8, 4), (4, 3)]}, padri: [44], figli: [], mosse: [(4, 4, 1, 7, 15)]
47 -> costo: 68079.1, rotte: {5: [(1, 6), (6, 8)], 4: [(1, 7), (7, 2)], 2: [(1, 5), (5, 3)], 3: [(1, 9), (9, 10), (10, 8), (8, 4), (4, 3)]}, padri: [44], figli: [], mosse: [(4, 4, 7, 2, 3)]
48 -> costo: 68142.0, rotte: {5: [(1, 6), (6, 8)], 4: [(1, 2), (2, 7)], 2: [(1, 5), (5, 3)], 3: [(1, 9), (9, 10), (10, 8), (8, 4), (4, 3)]}, padri: [43], figli: [49, 50, 51], mosse: [(3, 3, 4, 3, 2)]
49 -> costo: 68079.1, rotte: {5: [(1, 6), (6, 8)], 4: [(1, 7), (7, 2)], 2: [(1, 5), (5, 3)], 3: [(1, 9), (9, 10), (10, 8), (8, 4), (4, 3)]}, padri: [48], figli: [], mosse: [(4, 4, 2, 7)]
50 -> costo: 68079.1, rotte: {5: [(1, 6), (6, 8)], 4: [(1, 7), (7, 2)], 2: [(1, 5), (5, 3)], 3: [(1, 9), (9, 10), (10, 8), (8, 4), (4, 3)]}, padri: [48], figli: [], mosse: [(4, 4, 1, 7, 15)]
51 -> costo: 68079.1, rotte: {5: [(1, 6), (6, 8)], 4: [(1, 7), (7, 2)], 2: [(1, 5), (5, 3)], 3: [(1, 9), (9, 10), (10, 8), (8, 4), (4, 3)]}, padri: [48], figli: [], mosse: [(4, 4, 7, 2, 3)]
52 -> costo: 68142.0, rotte: {5: [(1, 6), (6, 8)], 4: [(1, 2), (2, 7)], 2: [(1, 5), (5, 3)], 3: [(1, 9), (9, 10), (10, 8), (8, 4), (4, 3)]}, padri: [43], figli: [53, 54, 55], mosse: [(3, 3, 3, 4)]
53 -> costo: 68079.1, rotte: {5: [(1, 6), (6, 8)], 4: [(1, 7), (7, 2)], 2: [(1, 5), (5, 3)], 3: [(1, 9), (9, 10), (10, 8), (8, 4), (4, 3)]}, padri: [52], figli: [], mosse: [(4, 4, 2, 7)]
54 -> costo: 68079.1, rotte: {5: [(1, 6), (6, 8)], 4: [(1, 7), (7, 2)], 2: [(1, 5), (5, 3)], 3: [(1, 9), (9, 10), (10, 8), (8, 4), (4, 3)]}, padri: [52], figli: [], mosse: [(4, 4, 1, 7, 15)]
55 -> costo: 68079.1, rotte: {5: [(1, 6), (6, 8)], 4: [(1, 7), (7, 2)], 2: [(1, 5), (5, 3)], 3: [(1, 9), (9, 10), (10, 8), (8, 4), (4, 3)]}, padri: [52], figli: [], mosse: [(4, 4, 7, 2, 3)]
56 -> costo: 68177.3, rotte: {5: [(1, 6), (6, 8)], 4: [(1, 7), (7, 2)], 2: [(1, 5), (5, 3)], 3: [(1, 9), (9, 10), (10, 8), (8, 3), (3, 4)]}, padri: [43, 43, 43, 60, 62, 64], figli: [57, 58, 59], mosse: [(4, 4, 2, 7), (4, 4, 1, 7, 15), (4, 4, 7, 2, 3), (3, 3, 3, 4, 8), (3, 3, 3, 4, 8), (3, 3, 3, 4, 8)]
57 -> costo: 68079.1, rotte: {5: [(1, 6), (6, 8)], 4: [(1, 7), (7, 2)], 2: [(1, 5), (5, 3)], 3: [(1, 9), (9, 10), (10, 8), (8, 4), (4, 3)]}, padri: [56], figli: [], mosse: [(3, 3, 8, 4, 8)]
58 -> costo: 68079.1, rotte: {5: [(1, 6), (6, 8)], 4: [(1, 7), (7, 2)], 2: [(1, 5), (5, 3)], 3: [(1, 9), (9, 10), (10, 8), (8, 4), (4, 3)]}, padri: [56], figli: [], mosse: [(3, 3, 4, 3, 2)]
59 -> costo: 68079.1, rotte: {5: [(1, 6), (6, 8)], 4: [(1, 7), (7, 2)], 2: [(1, 5), (5, 3)], 3: [(1, 9), (9, 10), (10, 8), (8, 4), (4, 3)]}, padri: [56], figli: [], mosse: [(3, 3, 3, 4)]
60 -> costo: 68724.6, rotte: {5: [(1, 6), (6, 8)], 4: [(1, 7), (7, 2)], 2: [(1, 5), (5, 3)], 3: [(1, 9), (9, 10), (10, 4), (4, 8), (8, 3)]}, padri: [38], figli: [61, 56], mosse: [(4, 4, 2, 7)]
61 -> costo: 68079.1, rotte: {5: [(1, 6), (6, 8)], 4: [(1, 7), (7, 2)], 2: [(1, 5), (5, 3)], 3: [(1, 9), (9, 10), (10, 8), (8, 4), (4, 3)]}, padri: [60], figli: [], mosse: [(3, 3, 8, 4, 8)]
62 -> costo: 68724.6, rotte: {5: [(1, 6), (6, 8)], 4: [(1, 7), (7, 2)], 2: [(1, 5), (5, 3)], 3: [(1, 9), (9, 10), (10, 4), (4, 8), (8, 3)]}, padri: [38], figli: [63, 56], mosse: [(4, 4, 1, 7, 15)]
63 -> costo: 68079.1, rotte: {5: [(1, 6), (6, 8)], 4: [(1, 7), (7, 2)], 2: [(1, 5), (5, 3)], 3: [(1, 9), (9, 10), (10, 8), (8, 4), (4, 3)]}, padri: [62], figli: [], mosse: [(3, 3, 8, 4, 8)]
64 -> costo: 68724.6, rotte: {5: [(1, 6), (6, 8)], 4: [(1, 7), (7, 2)], 2: [(1, 5), (5, 3)], 3: [(1, 9), (9, 10), (10, 4), (4, 8), (8, 3)]}, padri: [38], figli: [65, 56], mosse: [(4, 4, 7, 2, 3)]
65 -> costo: 68079.1, rotte: {5: [(1, 6), (6, 8)], 4: [(1, 7), (7, 2)], 2: [(1, 5), (5, 3)], 3: [(1, 9), (9, 10), (10, 8), (8, 4), (4, 3)]}, padri: [64], figli: [], mosse: [(3, 3, 8, 4, 8)]
bestSolutionIndice: 21
21 -> costo: 64755.5, rotte: {5: [(1, 6), (6, 8)], 4: [(1, 7), (7, 2)], 2: [(1, 5), (5, 3)], 3: [(1, 4), (4, 3), (3, 8), (8, 10), (10, 9)]}, padri: [20, 20, 20, 22, 25, 25, 25, 29], figli: [], mosse: [(4, 4, 2, 7), (4, 4, 1, 7, 15), (4, 4, 7, 2, 3), (3, 3, 3, 8, 7), (3, 3, 8, 10, 2), (3, 3, 10, 9, 1), (3, 3, 9, 10), (3, 4, 8, 10, 2)]
trasportoPalletDiGamma: {5: [(6, 13), (8, 12)], 4: [(7, 15), (2, 3)], 2: [(5, 11), (3, 4)], 3: [(4, 8), (3, 2), (8, 7), (10, 2), (9, 1)]}
itMosseLS: 153, itMosseTS: 150
time elapsed: 761.99s.


