itNSIMax: 5, itMosseTSMax: 100.
##########################################################################################
s: 1, itNSI: 1.
soluzione iniziale: 0
0 -> 
costo: 130331.09999999999, 
rotte: {2: [(1, 13), (13, 12), (12, 17), (17, 10), (10, 6), (6, 18), (18, 16), (16, 11), (11, 8)], 3: [(1, 15), (15, 5), (5, 9), (9, 2), (2, 4), (4, 3), (3, 7), (7, 14)]}
trasportoPalletDiGamma: {2: [(13, 2), (12, 1), (17, 6), (10, 19), (6, 15), (18, 5), (16, 5), (11, 20), (8, 17)], 3: [(15, 4), (5, 14), (9, 18), (2, 11), (4, 13), (3, 12), (7, 16), (14, 3)]}
bestSolutionIndice: 9
9 -> 
costo: 68996.3, 
rotte: {2: [(1, 13), (13, 12), (12, 11), (11, 8), (8, 18), (18, 6), (6, 10), (10, 16), (16, 17), (17, 15)], 3: [(1, 2), (2, 3), (3, 4), (4, 7), (7, 5), (5, 9), (9, 14)]}
trasportoPalletDiGamma: {2: [(13, 2), (12, 1), (11, 20), (8, 17), (18, 5), (6, 15), (10, 19), (16, 5), (17, 6), (15, 4)], 3: [(2, 11), (3, 12), (4, 13), (7, 16), (5, 14), (9, 18), (14, 3)]}
itMosseLS: 108, itMosseTS: 100
numero di soluzioni totali trovati: 76.
time elapsed: 952.96s.


##########################################################################################
s: 1, itNSI: 2.
soluzione iniziale: 0
0 -> 
costo: 153819.2, 
rotte: {2: [(1, 9), (9, 7), (7, 3), (3, 13), (13, 11), (11, 2), (2, 17), (17, 18), (18, 14)], 3: [(1, 10), (10, 12), (12, 4), (4, 15), (15, 5), (5, 8), (8, 16), (16, 6)]}
trasportoPalletDiGamma: {2: [(9, 18), (7, 16), (3, 12), (13, 2), (11, 20), (2, 11), (17, 6), (18, 5), (14, 3)], 3: [(10, 19), (12, 1), (4, 13), (15, 4), (5, 14), (8, 17), (16, 5), (6, 15)]}
bestSolutionIndice: 8
8 -> 
costo: 79885.6, 
rotte: {2: [(1, 7), (7, 3), (3, 2), (2, 18), (18, 9), (9, 14), (14, 11), (11, 13), (13, 17)], 3: [(1, 4), (4, 5), (5, 6), (6, 10), (10, 8), (8, 12), (12, 16), (16, 15)]}
trasportoPalletDiGamma: {2: [(7, 16), (3, 12), (2, 11), (18, 5), (9, 18), (14, 3), (11, 20), (13, 2), (17, 6)], 3: [(4, 13), (5, 14), (6, 15), (10, 19), (8, 17), (12, 1), (16, 5), (15, 4)]}
itMosseLS: 112, itMosseTS: 100
numero di soluzioni totali trovati: 55.
time elapsed: 2662.10s.


##########################################################################################
##########################################################################################
##########################################################################################
##########################################################################################
##########################################################################################
##########################################################################################
Soluzione migliore in assoluto trovata:

s: 1
itNSI: 1, 
costo: 68996.3, 
rotte: {2: [(1, 13), (13, 12), (12, 11), (11, 8), (8, 18), (18, 6), (6, 10), (10, 16), (16, 17), (17, 15)], 3: [(1, 2), (2, 3), (3, 4), (4, 7), (7, 5), (5, 9), (9, 14)]}
trasportoPalletDiGamma: {2: [(13, 2), (12, 1), (11, 20), (8, 17), (18, 5), (6, 15), (10, 19), (16, 5), (17, 6), (15, 4)], 3: [(2, 11), (3, 12), (4, 13), (7, 16), (5, 14), (9, 18), (14, 3)]}

Total time elapsed: 3615.84s.