itNSIMax: 5, itMosseTSMax: 100.
##########################################################################################
s: 1
dictSolutions[1]:
0 -> costo: 130331.09999999999, rotte: {2: [(1, 13), (13, 12), (12, 17), (17, 10), (10, 6), (6, 18), (18, 16), (16, 11), (11, 8)], 3: [(1, 15), (15, 5), (5, 9), (9, 2), (2, 4), (4, 3), (3, 7), (7, 14)]}, padri: [-1], figli: [1], mosse: [-1]
1 -> costo: 109737.8, rotte: {2: [(1, 13), (13, 12), (12, 10), (10, 6), (6, 18), (18, 16), (16, 17), (17, 11), (11, 8)], 3: [(1, 15), (15, 5), (5, 9), (9, 2), (2, 4), (4, 3), (3, 7), (7, 14)]}, padri: [0], figli: [2], mosse: [(2, 2, 16, 17, 6)]
2 -> costo: 90096.09999999999, rotte: {2: [(1, 13), (13, 12), (12, 10), (10, 6), (6, 18), (18, 16), (16, 17), (17, 15), (15, 11), (11, 8)], 3: [(1, 5), (5, 9), (9, 2), (2, 4), (4, 3), (3, 7), (7, 14)]}, padri: [1], figli: [3], mosse: [(2, 3, 17, 15, 4)]
3 -> costo: 86552.09999999999, rotte: {2: [(1, 13), (13, 12), (12, 10), (10, 6), (6, 18), (18, 16), (16, 17), (17, 15), (15, 11), (11, 8)], 3: [(1, 5), (5, 2), (2, 4), (4, 3), (3, 7), (7, 9), (9, 14)]}, padri: [2], figli: [4], mosse: [(3, 3, 7, 9, 18)]
4 -> costo: 84513.2, rotte: {2: [(1, 13), (13, 12), (12, 10), (10, 6), (6, 8), (8, 18), (18, 16), (16, 17), (17, 15), (15, 11)], 3: [(1, 5), (5, 2), (2, 4), (4, 3), (3, 7), (7, 9), (9, 14)]}, padri: [3], figli: [5], mosse: [(2, 2, 6, 8, 17)]
5 -> costo: 70949.09999999999, rotte: {2: [(1, 13), (13, 12), (12, 11), (11, 10), (10, 6), (6, 8), (8, 18), (18, 16), (16, 17), (17, 15)], 3: [(1, 5), (5, 2), (2, 4), (4, 3), (3, 7), (7, 9), (9, 14)]}, padri: [4], figli: [6, 30, 72, 73], mosse: [(2, 2, 12, 11, 20)]
6 -> costo: 70133.59999999999, rotte: {2: [(1, 13), (13, 12), (12, 11), (11, 10), (10, 6), (6, 8), (8, 18), (18, 16), (16, 17), (17, 15)], 3: [(1, 2), (2, 4), (4, 3), (3, 7), (7, 5), (5, 9), (9, 14)]}, padri: [5, 30], figli: [7, 29, 29, 34], mosse: [(3, 3, 7, 5, 14), (3, 3, 7, 5, 14)]
7 -> costo: 69628.1, rotte: {2: [(1, 13), (13, 12), (12, 11), (11, 10), (10, 8), (8, 18), (18, 6), (6, 16), (16, 17), (17, 15)], 3: [(1, 2), (2, 4), (4, 3), (3, 7), (7, 5), (5, 9), (9, 14)]}, padri: [6, 31, 73], figli: [8, 10, 10, 16, 16, 17, 33, 35, 35], mosse: [(2, 2, 18, 6, 15), (3, 3, 7, 5, 14), (3, 3, 7, 5, 14)]
8 -> costo: 69058.0, rotte: {2: [(1, 13), (13, 12), (12, 11), (11, 8), (8, 18), (18, 6), (6, 10), (10, 16), (16, 17), (17, 15)], 3: [(1, 2), (2, 4), (4, 3), (3, 7), (7, 5), (5, 9), (9, 14)]}, padri: [7, 16, 32, 74, 75], figli: [9, 9, 11, 11], mosse: [(2, 2, 6, 10, 19), (2, 2, 6, 10, 19), (3, 3, 7, 5, 14), (3, 3, 7, 5, 14), (3, 3, 7, 5, 14)]
9 -> costo: 68996.3, rotte: {2: [(1, 13), (13, 12), (12, 11), (11, 8), (8, 18), (18, 6), (6, 10), (10, 16), (16, 17), (17, 15)], 3: [(1, 2), (2, 3), (3, 4), (4, 7), (7, 5), (5, 9), (9, 14)]}, padri: [8, 8, 10, 11, 33], figli: [], mosse: [(3, 3, 3, 4, 13), (3, 3, 4, 3), (2, 2, 6, 10, 19), (2, 2, 6, 10, 19), (3, 3, 7, 5, 14)]
10 -> costo: 69566.40000000001, rotte: {2: [(1, 13), (13, 12), (12, 11), (11, 10), (10, 8), (8, 18), (18, 6), (6, 16), (16, 17), (17, 15)], 3: [(1, 2), (2, 3), (3, 4), (4, 7), (7, 5), (5, 9), (9, 14)]}, padri: [7, 7, 29, 34], figli: [9, 11, 12, 21, 39], mosse: [(3, 3, 3, 4, 13), (3, 3, 4, 3), (2, 2, 18, 6, 15), (3, 3, 7, 5, 14)]
11 -> costo: 69530.5, rotte: {2: [(1, 13), (13, 12), (12, 11), (11, 8), (8, 18), (18, 10), (10, 6), (6, 16), (16, 17), (17, 15)], 3: [(1, 2), (2, 3), (3, 4), (4, 7), (7, 5), (5, 9), (9, 14)]}, padri: [10, 16, 16, 35], figli: [9], mosse: [(2, 2, 18, 10, 19), (3, 3, 3, 4, 13), (3, 3, 4, 3), (3, 3, 7, 5, 14)]
12 -> costo: 69566.4, rotte: {2: [(1, 13), (13, 12), (12, 11), (11, 10), (10, 8), (8, 18), (18, 6), (6, 17), (17, 16), (16, 15)], 3: [(1, 2), (2, 3), (3, 4), (4, 7), (7, 5), (5, 9), (9, 14)]}, padri: [10, 17, 17, 36], figli: [13, 14], mosse: [(2, 2, 17, 16, 5), (3, 3, 3, 4, 13), (3, 3, 4, 3), (3, 3, 7, 5, 14)]
13 -> costo: 68996.3, rotte: {2: [(1, 13), (13, 12), (12, 11), (11, 8), (8, 18), (18, 6), (6, 10), (10, 17), (17, 16), (16, 15)], 3: [(1, 2), (2, 3), (3, 4), (4, 7), (7, 5), (5, 9), (9, 14)]}, padri: [12], figli: [], mosse: [(2, 2, 6, 10, 19)]
14 -> costo: 69530.5, rotte: {2: [(1, 13), (13, 12), (12, 11), (11, 8), (8, 18), (18, 10), (10, 6), (6, 17), (17, 16), (16, 15)], 3: [(1, 2), (2, 3), (3, 4), (4, 7), (7, 5), (5, 9), (9, 14)]}, padri: [12], figli: [15], mosse: [(2, 2, 18, 10, 19)]
15 -> costo: 68996.3, rotte: {2: [(1, 13), (13, 12), (12, 11), (11, 8), (8, 18), (18, 6), (6, 10), (10, 17), (17, 16), (16, 15)], 3: [(1, 2), (2, 3), (3, 4), (4, 7), (7, 5), (5, 9), (9, 14)]}, padri: [14], figli: [], mosse: [(2, 2, 6, 10, 19)]
16 -> costo: 69592.2, rotte: {2: [(1, 13), (13, 12), (12, 11), (11, 8), (8, 18), (18, 10), (10, 6), (6, 16), (16, 17), (17, 15)], 3: [(1, 2), (2, 4), (4, 3), (3, 7), (7, 5), (5, 9), (9, 14)]}, padri: [7, 44], figli: [8, 11, 11, 33], mosse: [(2, 2, 18, 10, 19), (3, 3, 7, 5, 14)]
17 -> costo: 69628.09999999999, rotte: {2: [(1, 13), (13, 12), (12, 11), (11, 10), (10, 8), (8, 18), (18, 6), (6, 17), (17, 16), (16, 15)], 3: [(1, 2), (2, 4), (4, 3), (3, 7), (7, 5), (5, 9), (9, 14)]}, padri: [7, 45], figli: [18, 12, 12, 21, 21, 39, 39], mosse: [(2, 2, 17, 16, 5), (3, 3, 7, 5, 14)]
18 -> costo: 69058.0, rotte: {2: [(1, 13), (13, 12), (12, 11), (11, 8), (8, 18), (18, 6), (6, 10), (10, 17), (17, 16), (16, 15)], 3: [(1, 2), (2, 4), (4, 3), (3, 7), (7, 5), (5, 9), (9, 14)]}, padri: [17], figli: [19, 20], mosse: [(2, 2, 6, 10, 19)]
19 -> costo: 68996.3, rotte: {2: [(1, 13), (13, 12), (12, 11), (11, 8), (8, 18), (18, 6), (6, 10), (10, 17), (17, 16), (16, 15)], 3: [(1, 2), (2, 3), (3, 4), (4, 7), (7, 5), (5, 9), (9, 14)]}, padri: [18], figli: [], mosse: [(3, 3, 3, 4, 13)]
20 -> costo: 68996.3, rotte: {2: [(1, 13), (13, 12), (12, 11), (11, 8), (8, 18), (18, 6), (6, 10), (10, 17), (17, 16), (16, 15)], 3: [(1, 2), (2, 3), (3, 4), (4, 7), (7, 5), (5, 9), (9, 14)]}, padri: [18], figli: [], mosse: [(3, 3, 4, 3)]
21 -> costo: 69592.2, rotte: {2: [(1, 13), (13, 12), (12, 11), (11, 8), (8, 18), (18, 10), (10, 6), (6, 17), (17, 16), (16, 15)], 3: [(1, 2), (2, 4), (4, 3), (3, 7), (7, 5), (5, 9), (9, 14)]}, padri: [10, 17, 17], figli: [22, 25, 27], mosse: [(2, 2, 18, 10, 19)]
22 -> costo: 69058.0, rotte: {2: [(1, 13), (13, 12), (12, 11), (11, 8), (8, 18), (18, 6), (6, 10), (10, 17), (17, 16), (16, 15)], 3: [(1, 2), (2, 4), (4, 3), (3, 7), (7, 5), (5, 9), (9, 14)]}, padri: [21], figli: [23, 24], mosse: [(2, 2, 6, 10, 19)]
23 -> costo: 68996.3, rotte: {2: [(1, 13), (13, 12), (12, 11), (11, 8), (8, 18), (18, 6), (6, 10), (10, 17), (17, 16), (16, 15)], 3: [(1, 2), (2, 3), (3, 4), (4, 7), (7, 5), (5, 9), (9, 14)]}, padri: [22], figli: [], mosse: [(3, 3, 3, 4, 13)]
24 -> costo: 68996.3, rotte: {2: [(1, 13), (13, 12), (12, 11), (11, 8), (8, 18), (18, 6), (6, 10), (10, 17), (17, 16), (16, 15)], 3: [(1, 2), (2, 3), (3, 4), (4, 7), (7, 5), (5, 9), (9, 14)]}, padri: [22], figli: [], mosse: [(3, 3, 4, 3)]
25 -> costo: 69530.5, rotte: {2: [(1, 13), (13, 12), (12, 11), (11, 8), (8, 18), (18, 10), (10, 6), (6, 17), (17, 16), (16, 15)], 3: [(1, 2), (2, 3), (3, 4), (4, 7), (7, 5), (5, 9), (9, 14)]}, padri: [21], figli: [26], mosse: [(3, 3, 3, 4, 13)]
26 -> costo: 68996.3, rotte: {2: [(1, 13), (13, 12), (12, 11), (11, 8), (8, 18), (18, 6), (6, 10), (10, 17), (17, 16), (16, 15)], 3: [(1, 2), (2, 3), (3, 4), (4, 7), (7, 5), (5, 9), (9, 14)]}, padri: [25], figli: [], mosse: [(2, 2, 6, 10, 19)]
27 -> costo: 69530.5, rotte: {2: [(1, 13), (13, 12), (12, 11), (11, 8), (8, 18), (18, 10), (10, 6), (6, 17), (17, 16), (16, 15)], 3: [(1, 2), (2, 3), (3, 4), (4, 7), (7, 5), (5, 9), (9, 14)]}, padri: [21], figli: [28], mosse: [(3, 3, 4, 3)]
28 -> costo: 68996.3, rotte: {2: [(1, 13), (13, 12), (12, 11), (11, 8), (8, 18), (18, 6), (6, 10), (10, 17), (17, 16), (16, 15)], 3: [(1, 2), (2, 3), (3, 4), (4, 7), (7, 5), (5, 9), (9, 14)]}, padri: [27], figli: [], mosse: [(2, 2, 6, 10, 19)]
29 -> costo: 70071.9, rotte: {2: [(1, 13), (13, 12), (12, 11), (11, 10), (10, 6), (6, 8), (8, 18), (18, 16), (16, 17), (17, 15)], 3: [(1, 2), (2, 3), (3, 4), (4, 7), (7, 5), (5, 9), (9, 14)]}, padri: [6, 6, 72], figli: [10, 35], mosse: [(3, 3, 3, 4, 13), (3, 3, 4, 3), (3, 3, 7, 5, 14)]
30 -> costo: 70209.79999999999, rotte: {2: [(1, 13), (13, 12), (12, 11), (11, 10), (10, 6), (6, 8), (8, 18), (18, 16), (16, 17), (17, 15)], 3: [(1, 2), (2, 4), (4, 3), (3, 5), (5, 7), (7, 9), (9, 14)]}, padri: [5], figli: [31, 6, 72, 74], mosse: [(3, 3, 3, 5, 14)]
31 -> costo: 69704.3, rotte: {2: [(1, 13), (13, 12), (12, 11), (11, 10), (10, 8), (8, 18), (18, 6), (6, 16), (16, 17), (17, 15)], 3: [(1, 2), (2, 4), (4, 3), (3, 5), (5, 7), (7, 9), (9, 14)]}, padri: [30, 73], figli: [32, 7, 34, 44, 45, 75], mosse: [(2, 2, 18, 6, 15), (3, 3, 3, 5, 14)]
32 -> costo: 69134.2, rotte: {2: [(1, 13), (13, 12), (12, 11), (11, 8), (8, 18), (18, 6), (6, 10), (10, 16), (16, 17), (17, 15)], 3: [(1, 2), (2, 4), (4, 3), (3, 5), (5, 7), (7, 9), (9, 14)]}, padri: [31, 44, 74, 75], figli: [8, 33], mosse: [(2, 2, 6, 10, 19), (2, 2, 6, 10, 19), (3, 3, 3, 5, 14), (3, 3, 3, 5, 14)]
33 -> costo: 69058.3, rotte: {2: [(1, 13), (13, 12), (12, 11), (11, 8), (8, 18), (18, 6), (6, 10), (10, 16), (16, 17), (17, 15)], 3: [(1, 2), (2, 3), (3, 4), (4, 5), (5, 7), (7, 9), (9, 14)]}, padri: [32, 34, 35], figli: [9], mosse: [(3, 3, 3, 4, 13), (2, 2, 6, 10, 19), (2, 2, 6, 10, 19)]
34 -> costo: 69628.40000000001, rotte: {2: [(1, 13), (13, 12), (12, 11), (11, 10), (10, 8), (8, 18), (18, 6), (6, 16), (16, 17), (17, 15)], 3: [(1, 2), (2, 3), (3, 4), (4, 5), (5, 7), (7, 9), (9, 14)]}, padri: [31, 72], figli: [33, 10, 35, 36, 52], mosse: [(3, 3, 3, 4, 13), (2, 2, 18, 6, 15)]
35 -> costo: 69592.5, rotte: {2: [(1, 13), (13, 12), (12, 11), (11, 8), (8, 18), (18, 10), (10, 6), (6, 16), (16, 17), (17, 15)], 3: [(1, 2), (2, 3), (3, 4), (4, 5), (5, 7), (7, 9), (9, 14)]}, padri: [34, 44], figli: [33, 11], mosse: [(2, 2, 18, 10, 19), (3, 3, 3, 4, 13)]
36 -> costo: 69628.4, rotte: {2: [(1, 13), (13, 12), (12, 11), (11, 10), (10, 8), (8, 18), (18, 6), (6, 17), (17, 16), (16, 15)], 3: [(1, 2), (2, 3), (3, 4), (4, 5), (5, 7), (7, 9), (9, 14)]}, padri: [34, 45], figli: [37, 12, 39], mosse: [(2, 2, 17, 16, 5), (3, 3, 3, 4, 13)]
37 -> costo: 69058.3, rotte: {2: [(1, 13), (13, 12), (12, 11), (11, 8), (8, 18), (18, 6), (6, 10), (10, 17), (17, 16), (16, 15)], 3: [(1, 2), (2, 3), (3, 4), (4, 5), (5, 7), (7, 9), (9, 14)]}, padri: [36], figli: [38], mosse: [(2, 2, 6, 10, 19)]
38 -> costo: 68996.3, rotte: {2: [(1, 13), (13, 12), (12, 11), (11, 8), (8, 18), (18, 6), (6, 10), (10, 17), (17, 16), (16, 15)], 3: [(1, 2), (2, 3), (3, 4), (4, 7), (7, 5), (5, 9), (9, 14)]}, padri: [37], figli: [], mosse: [(3, 3, 7, 5, 14)]
39 -> costo: 69592.5, rotte: {2: [(1, 13), (13, 12), (12, 11), (11, 8), (8, 18), (18, 10), (10, 6), (6, 17), (17, 16), (16, 15)], 3: [(1, 2), (2, 3), (3, 4), (4, 5), (5, 7), (7, 9), (9, 14)]}, padri: [10, 17, 17, 36], figli: [40, 42], mosse: [(2, 2, 18, 10, 19)]
40 -> costo: 69058.3, rotte: {2: [(1, 13), (13, 12), (12, 11), (11, 8), (8, 18), (18, 6), (6, 10), (10, 17), (17, 16), (16, 15)], 3: [(1, 2), (2, 3), (3, 4), (4, 5), (5, 7), (7, 9), (9, 14)]}, padri: [39], figli: [41], mosse: [(2, 2, 6, 10, 19)]
41 -> costo: 68996.3, rotte: {2: [(1, 13), (13, 12), (12, 11), (11, 8), (8, 18), (18, 6), (6, 10), (10, 17), (17, 16), (16, 15)], 3: [(1, 2), (2, 3), (3, 4), (4, 7), (7, 5), (5, 9), (9, 14)]}, padri: [40], figli: [], mosse: [(3, 3, 7, 5, 14)]
42 -> costo: 69530.5, rotte: {2: [(1, 13), (13, 12), (12, 11), (11, 8), (8, 18), (18, 10), (10, 6), (6, 17), (17, 16), (16, 15)], 3: [(1, 2), (2, 3), (3, 4), (4, 7), (7, 5), (5, 9), (9, 14)]}, padri: [39], figli: [43], mosse: [(3, 3, 7, 5, 14)]
43 -> costo: 68996.3, rotte: {2: [(1, 13), (13, 12), (12, 11), (11, 8), (8, 18), (18, 6), (6, 10), (10, 17), (17, 16), (16, 15)], 3: [(1, 2), (2, 3), (3, 4), (4, 7), (7, 5), (5, 9), (9, 14)]}, padri: [42], figli: [], mosse: [(2, 2, 6, 10, 19)]
44 -> costo: 69668.4, rotte: {2: [(1, 13), (13, 12), (12, 11), (11, 8), (8, 18), (18, 10), (10, 6), (6, 16), (16, 17), (17, 15)], 3: [(1, 2), (2, 4), (4, 3), (3, 5), (5, 7), (7, 9), (9, 14)]}, padri: [31], figli: [32, 16, 35, 75], mosse: [(2, 2, 18, 10, 19)]
45 -> costo: 69704.29999999999, rotte: {2: [(1, 13), (13, 12), (12, 11), (11, 10), (10, 8), (8, 18), (18, 6), (6, 17), (17, 16), (16, 15)], 3: [(1, 2), (2, 4), (4, 3), (3, 5), (5, 7), (7, 9), (9, 14)]}, padri: [31], figli: [46, 17, 36, 52], mosse: [(2, 2, 17, 16, 5)]
46 -> costo: 69134.2, rotte: {2: [(1, 13), (13, 12), (12, 11), (11, 8), (8, 18), (18, 6), (6, 10), (10, 17), (17, 16), (16, 15)], 3: [(1, 2), (2, 4), (4, 3), (3, 5), (5, 7), (7, 9), (9, 14)]}, padri: [45], figli: [47, 50], mosse: [(2, 2, 6, 10, 19)]
47 -> costo: 69058.0, rotte: {2: [(1, 13), (13, 12), (12, 11), (11, 8), (8, 18), (18, 6), (6, 10), (10, 17), (17, 16), (16, 15)], 3: [(1, 2), (2, 4), (4, 3), (3, 7), (7, 5), (5, 9), (9, 14)]}, padri: [46], figli: [48, 49], mosse: [(3, 3, 7, 5, 14)]
48 -> costo: 68996.3, rotte: {2: [(1, 13), (13, 12), (12, 11), (11, 8), (8, 18), (18, 6), (6, 10), (10, 17), (17, 16), (16, 15)], 3: [(1, 2), (2, 3), (3, 4), (4, 7), (7, 5), (5, 9), (9, 14)]}, padri: [47], figli: [], mosse: [(3, 3, 3, 4, 13)]
49 -> costo: 68996.3, rotte: {2: [(1, 13), (13, 12), (12, 11), (11, 8), (8, 18), (18, 6), (6, 10), (10, 17), (17, 16), (16, 15)], 3: [(1, 2), (2, 3), (3, 4), (4, 7), (7, 5), (5, 9), (9, 14)]}, padri: [47], figli: [], mosse: [(3, 3, 4, 3)]
50 -> costo: 69058.3, rotte: {2: [(1, 13), (13, 12), (12, 11), (11, 8), (8, 18), (18, 6), (6, 10), (10, 17), (17, 16), (16, 15)], 3: [(1, 2), (2, 3), (3, 4), (4, 5), (5, 7), (7, 9), (9, 14)]}, padri: [46], figli: [51], mosse: [(3, 3, 3, 4, 13)]
51 -> costo: 68996.3, rotte: {2: [(1, 13), (13, 12), (12, 11), (11, 8), (8, 18), (18, 6), (6, 10), (10, 17), (17, 16), (16, 15)], 3: [(1, 2), (2, 3), (3, 4), (4, 7), (7, 5), (5, 9), (9, 14)]}, padri: [50], figli: [], mosse: [(3, 3, 7, 5, 14)]
52 -> costo: 69668.4, rotte: {2: [(1, 13), (13, 12), (12, 11), (11, 8), (8, 18), (18, 10), (10, 6), (6, 17), (17, 16), (16, 15)], 3: [(1, 2), (2, 4), (4, 3), (3, 5), (5, 7), (7, 9), (9, 14)]}, padri: [34, 45], figli: [53, 59, 67], mosse: [(2, 2, 18, 10, 19)]
53 -> costo: 69134.2, rotte: {2: [(1, 13), (13, 12), (12, 11), (11, 8), (8, 18), (18, 6), (6, 10), (10, 17), (17, 16), (16, 15)], 3: [(1, 2), (2, 4), (4, 3), (3, 5), (5, 7), (7, 9), (9, 14)]}, padri: [52], figli: [54, 57], mosse: [(2, 2, 6, 10, 19)]
54 -> costo: 69058.0, rotte: {2: [(1, 13), (13, 12), (12, 11), (11, 8), (8, 18), (18, 6), (6, 10), (10, 17), (17, 16), (16, 15)], 3: [(1, 2), (2, 4), (4, 3), (3, 7), (7, 5), (5, 9), (9, 14)]}, padri: [53], figli: [55, 56], mosse: [(3, 3, 7, 5, 14)]
55 -> costo: 68996.3, rotte: {2: [(1, 13), (13, 12), (12, 11), (11, 8), (8, 18), (18, 6), (6, 10), (10, 17), (17, 16), (16, 15)], 3: [(1, 2), (2, 3), (3, 4), (4, 7), (7, 5), (5, 9), (9, 14)]}, padri: [54], figli: [], mosse: [(3, 3, 3, 4, 13)]
56 -> costo: 68996.3, rotte: {2: [(1, 13), (13, 12), (12, 11), (11, 8), (8, 18), (18, 6), (6, 10), (10, 17), (17, 16), (16, 15)], 3: [(1, 2), (2, 3), (3, 4), (4, 7), (7, 5), (5, 9), (9, 14)]}, padri: [54], figli: [], mosse: [(3, 3, 4, 3)]
57 -> costo: 69058.3, rotte: {2: [(1, 13), (13, 12), (12, 11), (11, 8), (8, 18), (18, 6), (6, 10), (10, 17), (17, 16), (16, 15)], 3: [(1, 2), (2, 3), (3, 4), (4, 5), (5, 7), (7, 9), (9, 14)]}, padri: [53], figli: [58], mosse: [(3, 3, 3, 4, 13)]
58 -> costo: 68996.3, rotte: {2: [(1, 13), (13, 12), (12, 11), (11, 8), (8, 18), (18, 6), (6, 10), (10, 17), (17, 16), (16, 15)], 3: [(1, 2), (2, 3), (3, 4), (4, 7), (7, 5), (5, 9), (9, 14)]}, padri: [57], figli: [], mosse: [(3, 3, 7, 5, 14)]
59 -> costo: 69592.2, rotte: {2: [(1, 13), (13, 12), (12, 11), (11, 8), (8, 18), (18, 10), (10, 6), (6, 17), (17, 16), (16, 15)], 3: [(1, 2), (2, 4), (4, 3), (3, 7), (7, 5), (5, 9), (9, 14)]}, padri: [52], figli: [60, 63, 65], mosse: [(3, 3, 7, 5, 14)]
60 -> costo: 69058.0, rotte: {2: [(1, 13), (13, 12), (12, 11), (11, 8), (8, 18), (18, 6), (6, 10), (10, 17), (17, 16), (16, 15)], 3: [(1, 2), (2, 4), (4, 3), (3, 7), (7, 5), (5, 9), (9, 14)]}, padri: [59], figli: [61, 62], mosse: [(2, 2, 6, 10, 19)]
61 -> costo: 68996.3, rotte: {2: [(1, 13), (13, 12), (12, 11), (11, 8), (8, 18), (18, 6), (6, 10), (10, 17), (17, 16), (16, 15)], 3: [(1, 2), (2, 3), (3, 4), (4, 7), (7, 5), (5, 9), (9, 14)]}, padri: [60], figli: [], mosse: [(3, 3, 3, 4, 13)]
62 -> costo: 68996.3, rotte: {2: [(1, 13), (13, 12), (12, 11), (11, 8), (8, 18), (18, 6), (6, 10), (10, 17), (17, 16), (16, 15)], 3: [(1, 2), (2, 3), (3, 4), (4, 7), (7, 5), (5, 9), (9, 14)]}, padri: [60], figli: [], mosse: [(3, 3, 4, 3)]
63 -> costo: 69530.5, rotte: {2: [(1, 13), (13, 12), (12, 11), (11, 8), (8, 18), (18, 10), (10, 6), (6, 17), (17, 16), (16, 15)], 3: [(1, 2), (2, 3), (3, 4), (4, 7), (7, 5), (5, 9), (9, 14)]}, padri: [59], figli: [64], mosse: [(3, 3, 3, 4, 13)]
64 -> costo: 68996.3, rotte: {2: [(1, 13), (13, 12), (12, 11), (11, 8), (8, 18), (18, 6), (6, 10), (10, 17), (17, 16), (16, 15)], 3: [(1, 2), (2, 3), (3, 4), (4, 7), (7, 5), (5, 9), (9, 14)]}, padri: [63], figli: [], mosse: [(2, 2, 6, 10, 19)]
65 -> costo: 69530.5, rotte: {2: [(1, 13), (13, 12), (12, 11), (11, 8), (8, 18), (18, 10), (10, 6), (6, 17), (17, 16), (16, 15)], 3: [(1, 2), (2, 3), (3, 4), (4, 7), (7, 5), (5, 9), (9, 14)]}, padri: [59], figli: [66], mosse: [(3, 3, 4, 3)]
66 -> costo: 68996.3, rotte: {2: [(1, 13), (13, 12), (12, 11), (11, 8), (8, 18), (18, 6), (6, 10), (10, 17), (17, 16), (16, 15)], 3: [(1, 2), (2, 3), (3, 4), (4, 7), (7, 5), (5, 9), (9, 14)]}, padri: [65], figli: [], mosse: [(2, 2, 6, 10, 19)]
67 -> costo: 69592.5, rotte: {2: [(1, 13), (13, 12), (12, 11), (11, 8), (8, 18), (18, 10), (10, 6), (6, 17), (17, 16), (16, 15)], 3: [(1, 2), (2, 3), (3, 4), (4, 5), (5, 7), (7, 9), (9, 14)]}, padri: [52], figli: [68, 70], mosse: [(3, 3, 3, 4, 13)]
68 -> costo: 69058.3, rotte: {2: [(1, 13), (13, 12), (12, 11), (11, 8), (8, 18), (18, 6), (6, 10), (10, 17), (17, 16), (16, 15)], 3: [(1, 2), (2, 3), (3, 4), (4, 5), (5, 7), (7, 9), (9, 14)]}, padri: [67], figli: [69], mosse: [(2, 2, 6, 10, 19)]
69 -> costo: 68996.3, rotte: {2: [(1, 13), (13, 12), (12, 11), (11, 8), (8, 18), (18, 6), (6, 10), (10, 17), (17, 16), (16, 15)], 3: [(1, 2), (2, 3), (3, 4), (4, 7), (7, 5), (5, 9), (9, 14)]}, padri: [68], figli: [], mosse: [(3, 3, 7, 5, 14)]
70 -> costo: 69530.5, rotte: {2: [(1, 13), (13, 12), (12, 11), (11, 8), (8, 18), (18, 10), (10, 6), (6, 17), (17, 16), (16, 15)], 3: [(1, 2), (2, 3), (3, 4), (4, 7), (7, 5), (5, 9), (9, 14)]}, padri: [67], figli: [71], mosse: [(3, 3, 7, 5, 14)]
71 -> costo: 68996.3, rotte: {2: [(1, 13), (13, 12), (12, 11), (11, 8), (8, 18), (18, 6), (6, 10), (10, 17), (17, 16), (16, 15)], 3: [(1, 2), (2, 3), (3, 4), (4, 7), (7, 5), (5, 9), (9, 14)]}, padri: [70], figli: [], mosse: [(2, 2, 6, 10, 19)]
72 -> costo: 70133.9, rotte: {2: [(1, 13), (13, 12), (12, 11), (11, 10), (10, 6), (6, 8), (8, 18), (18, 16), (16, 17), (17, 15)], 3: [(1, 2), (2, 3), (3, 4), (4, 5), (5, 7), (7, 9), (9, 14)]}, padri: [30], figli: [34, 29], mosse: [(3, 3, 3, 4, 13)]
73 -> costo: 70443.6, rotte: {2: [(1, 13), (13, 12), (12, 11), (11, 10), (10, 8), (8, 18), (18, 6), (6, 16), (16, 17), (17, 15)], 3: [(1, 5), (5, 2), (2, 4), (4, 3), (3, 7), (7, 9), (9, 14)]}, padri: [5], figli: [7, 31, 74], mosse: [(2, 2, 18, 6, 15)]
74 -> costo: 69873.5, rotte: {2: [(1, 13), (13, 12), (12, 11), (11, 8), (8, 18), (18, 6), (6, 10), (10, 16), (16, 17), (17, 15)], 3: [(1, 5), (5, 2), (2, 4), (4, 3), (3, 7), (7, 9), (9, 14)]}, padri: [73], figli: [8, 32, 75], mosse: [(2, 2, 6, 10, 19)]
75 -> costo: 69502.1, rotte: {2: [(1, 13), (13, 12), (12, 11), (11, 8), (8, 18), (18, 6), (6, 10), (10, 16), (16, 17), (17, 15)], 3: [(1, 2), (2, 5), (5, 4), (4, 3), (3, 7), (7, 9), (9, 14)]}, padri: [74], figli: [8, 32], mosse: [(3, 3, 2, 5, 14)]
bestSolutionIndice: 9
9 -> costo: 68996.3, rotte: {2: [(1, 13), (13, 12), (12, 11), (11, 8), (8, 18), (18, 6), (6, 10), (10, 16), (16, 17), (17, 15)], 3: [(1, 2), (2, 3), (3, 4), (4, 7), (7, 5), (5, 9), (9, 14)]}, padri: [8, 8, 10, 11, 33], figli: [], mosse: [(3, 3, 3, 4, 13), (3, 3, 4, 3), (2, 2, 6, 10, 19), (2, 2, 6, 10, 19), (3, 3, 7, 5, 14)]
trasportoPalletDiGamma: {2: [(13, 2), (12, 1), (11, 20), (8, 17), (18, 5), (6, 15), (10, 19), (16, 5), (17, 6), (15, 4)], 3: [(2, 11), (3, 12), (4, 13), (7, 16), (5, 14), (9, 18), (14, 3)]}
itMosseLS: 108, itMosseTS: 100
time elapsed: 952.96s.


##########################################################################################
s: 1
dictSolutions[1]:
0 -> costo: 153819.2, rotte: {2: [(1, 9), (9, 7), (7, 3), (3, 13), (13, 11), (11, 2), (2, 17), (17, 18), (18, 14)], 3: [(1, 10), (10, 12), (12, 4), (4, 15), (15, 5), (5, 8), (8, 16), (16, 6)]}, padri: [-1], figli: [1], mosse: [-1]
1 -> costo: 139965.5, rotte: {2: [(1, 9), (9, 7), (7, 3), (3, 13), (13, 11), (11, 2), (2, 17), (17, 18), (18, 14)], 3: [(1, 10), (10, 12), (12, 4), (4, 15), (15, 5), (5, 6), (6, 8), (8, 16)]}, padri: [0], figli: [2], mosse: [(3, 3, 5, 6, 15)]
2 -> costo: 113888.5, rotte: {2: [(1, 9), (9, 7), (7, 3), (3, 13), (13, 11), (11, 2), (2, 17), (17, 18), (18, 14)], 3: [(1, 10), (10, 12), (12, 4), (4, 5), (5, 6), (6, 8), (8, 16), (16, 15)]}, padri: [1], figli: [3], mosse: [(3, 3, 16, 15, 4)]
3 -> costo: 100773.99999999999, rotte: {2: [(1, 9), (9, 7), (7, 3), (3, 13), (13, 11), (11, 2), (2, 18), (18, 14), (14, 17)], 3: [(1, 10), (10, 12), (12, 4), (4, 5), (5, 6), (6, 8), (8, 16), (16, 15)]}, padri: [2], figli: [4], mosse: [(2, 2, 14, 17, 6)]
4 -> costo: 93406.59999999999, rotte: {2: [(1, 9), (9, 7), (7, 3), (3, 13), (13, 11), (11, 2), (2, 18), (18, 14), (14, 17)], 3: [(1, 10), (10, 4), (4, 5), (5, 6), (6, 8), (8, 12), (12, 16), (16, 15)]}, padri: [3], figli: [5], mosse: [(3, 3, 8, 12, 1)]
5 -> costo: 91997.5, rotte: {2: [(1, 7), (7, 3), (3, 13), (13, 11), (11, 2), (2, 18), (18, 9), (9, 14), (14, 17)], 3: [(1, 10), (10, 4), (4, 5), (5, 6), (6, 8), (8, 12), (12, 16), (16, 15)]}, padri: [4], figli: [6], mosse: [(2, 2, 18, 9, 18)]
6 -> costo: 91581.5, rotte: {2: [(1, 7), (7, 3), (3, 13), (13, 2), (2, 18), (18, 9), (9, 14), (14, 11), (11, 17)], 3: [(1, 10), (10, 4), (4, 5), (5, 6), (6, 8), (8, 12), (12, 16), (16, 15)]}, padri: [5], figli: [7, 9, 10, 11, 12, 13, 14, 27, 28, 29, 31], mosse: [(2, 2, 14, 11, 20)]
7 -> costo: 79912.0, rotte: {2: [(1, 7), (7, 3), (3, 2), (2, 18), (18, 9), (9, 14), (14, 11), (11, 13), (13, 17)], 3: [(1, 10), (10, 4), (4, 5), (5, 6), (6, 8), (8, 12), (12, 16), (16, 15)]}, padri: [6, 9, 11, 13, 27, 30], figli: [8], mosse: [(2, 2, 11, 13, 2), (2, 2, 11, 13, 2), (2, 2, 11, 13, 2), (2, 2, 11, 13, 2), (2, 2, 11, 13, 2), (2, 2, 7, 3, 12)]
8 -> costo: 79885.6, rotte: {2: [(1, 7), (7, 3), (3, 2), (2, 18), (18, 9), (9, 14), (14, 11), (11, 13), (13, 17)], 3: [(1, 4), (4, 5), (5, 6), (6, 10), (10, 8), (8, 12), (12, 16), (16, 15)]}, padri: [7, 10, 12, 26, 28, 31], figli: [], mosse: [(3, 3, 6, 10, 19), (2, 2, 11, 13, 2), (2, 2, 11, 13, 2), (2, 2, 11, 13, 2), (2, 2, 11, 13, 2), (2, 2, 7, 3, 12)]
9 -> costo: 80005.70000000001, rotte: {2: [(1, 7), (7, 3), (3, 2), (2, 18), (18, 9), (9, 13), (13, 14), (14, 11), (11, 17)], 3: [(1, 10), (10, 4), (4, 5), (5, 6), (6, 8), (8, 12), (12, 16), (16, 15)]}, padri: [6, 11, 13, 27, 32], figli: [7, 10, 31], mosse: [(2, 2, 9, 13, 2), (2, 2, 13, 14, 3), (2, 2, 9, 13, 2), (2, 2, 9, 13, 2), (2, 2, 7, 3, 12)]
10 -> costo: 79979.3, rotte: {2: [(1, 7), (7, 3), (3, 2), (2, 18), (18, 9), (9, 13), (13, 14), (14, 11), (11, 17)], 3: [(1, 4), (4, 5), (5, 6), (6, 10), (10, 8), (8, 12), (12, 16), (16, 15)]}, padri: [9, 12, 26, 28, 33], figli: [8], mosse: [(3, 3, 6, 10, 19), (2, 2, 13, 14, 3), (2, 2, 9, 13, 2), (2, 2, 9, 13, 2), (2, 2, 7, 3, 12)]
11 -> costo: 80071.6, rotte: {2: [(1, 7), (7, 3), (3, 2), (2, 18), (18, 9), (9, 14), (14, 13), (13, 11), (11, 17)], 3: [(1, 10), (10, 4), (4, 5), (5, 6), (6, 8), (8, 12), (12, 16), (16, 15)]}, padri: [6, 13, 27, 34], figli: [7, 9, 12, 31], mosse: [(2, 2, 14, 13, 2), (2, 2, 14, 13, 2), (2, 2, 14, 13, 2), (2, 2, 7, 3, 12)]
12 -> costo: 80045.2, rotte: {2: [(1, 7), (7, 3), (3, 2), (2, 18), (18, 9), (9, 14), (14, 13), (13, 11), (11, 17)], 3: [(1, 4), (4, 5), (5, 6), (6, 10), (10, 8), (8, 12), (12, 16), (16, 15)]}, padri: [11, 26, 28, 35], figli: [8, 10], mosse: [(3, 3, 6, 10, 19), (2, 2, 14, 13, 2), (2, 2, 14, 13, 2), (2, 2, 7, 3, 12)]
13 -> costo: 89989.7, rotte: {2: [(1, 7), (7, 3), (3, 2), (2, 18), (18, 13), (13, 9), (9, 14), (14, 11), (11, 17)], 3: [(1, 10), (10, 4), (4, 5), (5, 6), (6, 8), (8, 12), (12, 16), (16, 15)]}, padri: [6, 27], figli: [7, 9, 11, 14, 26, 31], mosse: [(2, 2, 18, 13, 2), (2, 2, 18, 13, 2)]
14 -> costo: 87026.1, rotte: {2: [(1, 7), (7, 3), (3, 2), (2, 18), (18, 13), (13, 14), (14, 11), (11, 9), (9, 17)], 3: [(1, 10), (10, 4), (4, 5), (5, 6), (6, 8), (8, 12), (12, 16), (16, 15)]}, padri: [13], figli: [15, 21, 23, 25, 53], mosse: [(2, 2, 11, 9, 18)]
15 -> costo: 86152.20000000001, rotte: {2: [(1, 7), (7, 3), (3, 2), (2, 13), (13, 14), (14, 11), (11, 9), (9, 18), (18, 17)], 3: [(1, 10), (10, 4), (4, 5), (5, 6), (6, 8), (8, 12), (12, 16), (16, 15)]}, padri: [14, 44], figli: [16, 18, 20, 22, 24, 46, 50], mosse: [(2, 2, 9, 18, 5), (2, 2, 7, 3, 12)]
16 -> costo: 85942.70000000001, rotte: {2: [(1, 7), (7, 3), (3, 2), (2, 13), (13, 11), (11, 14), (14, 9), (9, 18), (18, 17)], 3: [(1, 10), (10, 4), (4, 5), (5, 6), (6, 8), (8, 12), (12, 16), (16, 15)]}, padri: [15, 21, 45], figli: [17], mosse: [(2, 2, 11, 14, 3), (2, 2, 9, 18, 5), (2, 2, 7, 3, 12)]
17 -> costo: 85916.3, rotte: {2: [(1, 7), (7, 3), (3, 2), (2, 13), (13, 11), (11, 14), (14, 9), (9, 18), (18, 17)], 3: [(1, 4), (4, 5), (5, 6), (6, 10), (10, 8), (8, 12), (12, 16), (16, 15)]}, padri: [16, 20, 22, 48], figli: [], mosse: [(3, 3, 6, 10, 19), (2, 2, 11, 14, 3), (2, 2, 9, 18, 5), (2, 2, 7, 3, 12)]
18 -> costo: 85973.20000000001, rotte: {2: [(1, 7), (7, 3), (3, 2), (2, 14), (14, 11), (11, 13), (13, 9), (9, 18), (18, 17)], 3: [(1, 10), (10, 4), (4, 5), (5, 6), (6, 8), (8, 12), (12, 16), (16, 15)]}, padri: [15, 23, 49], figli: [19], mosse: [(2, 2, 11, 13, 2), (2, 2, 9, 18, 5), (2, 2, 7, 3, 12)]
19 -> costo: 85946.8, rotte: {2: [(1, 7), (7, 3), (3, 2), (2, 14), (14, 11), (11, 13), (13, 9), (9, 18), (18, 17)], 3: [(1, 4), (4, 5), (5, 6), (6, 10), (10, 8), (8, 12), (12, 16), (16, 15)]}, padri: [18, 20, 24, 52], figli: [], mosse: [(3, 3, 6, 10, 19), (2, 2, 11, 13, 2), (2, 2, 9, 18, 5), (2, 2, 7, 3, 12)]
20 -> costo: 86125.8, rotte: {2: [(1, 7), (7, 3), (3, 2), (2, 13), (13, 14), (14, 11), (11, 9), (9, 18), (18, 17)], 3: [(1, 4), (4, 5), (5, 6), (6, 10), (10, 8), (8, 12), (12, 16), (16, 15)]}, padri: [15, 25], figli: [17, 19], mosse: [(3, 3, 6, 10, 19), (2, 2, 9, 18, 5)]
21 -> costo: 86816.6, rotte: {2: [(1, 7), (7, 3), (3, 2), (2, 18), (18, 13), (13, 11), (11, 14), (14, 9), (9, 17)], 3: [(1, 10), (10, 4), (4, 5), (5, 6), (6, 8), (8, 12), (12, 16), (16, 15)]}, padri: [14], figli: [16, 22, 46], mosse: [(2, 2, 11, 14, 3)]
22 -> costo: 86790.20000000001, rotte: {2: [(1, 7), (7, 3), (3, 2), (2, 18), (18, 13), (13, 11), (11, 14), (14, 9), (9, 17)], 3: [(1, 4), (4, 5), (5, 6), (6, 10), (10, 8), (8, 12), (12, 16), (16, 15)]}, padri: [21, 25], figli: [17], mosse: [(3, 3, 6, 10, 19), (2, 2, 11, 14, 3)]
23 -> costo: 86847.1, rotte: {2: [(1, 7), (7, 3), (3, 2), (2, 18), (18, 14), (14, 11), (11, 13), (13, 9), (9, 17)], 3: [(1, 10), (10, 4), (4, 5), (5, 6), (6, 8), (8, 12), (12, 16), (16, 15)]}, padri: [14], figli: [18, 24, 50], mosse: [(2, 2, 11, 13, 2)]
24 -> costo: 86820.7, rotte: {2: [(1, 7), (7, 3), (3, 2), (2, 18), (18, 14), (14, 11), (11, 13), (13, 9), (9, 17)], 3: [(1, 4), (4, 5), (5, 6), (6, 10), (10, 8), (8, 12), (12, 16), (16, 15)]}, padri: [23, 25], figli: [19], mosse: [(3, 3, 6, 10, 19), (2, 2, 11, 13, 2)]
25 -> costo: 86999.70000000001, rotte: {2: [(1, 7), (7, 3), (3, 2), (2, 18), (18, 13), (13, 14), (14, 11), (11, 9), (9, 17)], 3: [(1, 4), (4, 5), (5, 6), (6, 10), (10, 8), (8, 12), (12, 16), (16, 15)]}, padri: [14, 26], figli: [20, 22, 24], mosse: [(3, 3, 6, 10, 19), (2, 2, 11, 9, 18)]
26 -> costo: 89963.3, rotte: {2: [(1, 7), (7, 3), (3, 2), (2, 18), (18, 13), (13, 9), (9, 14), (14, 11), (11, 17)], 3: [(1, 4), (4, 5), (5, 6), (6, 10), (10, 8), (8, 12), (12, 16), (16, 15)]}, padri: [13, 28], figli: [8, 10, 12, 25], mosse: [(3, 3, 6, 10, 19), (2, 2, 18, 13, 2)]
27 -> costo: 90436.09999999999, rotte: {2: [(1, 7), (7, 3), (3, 2), (2, 13), (13, 18), (18, 9), (9, 14), (14, 11), (11, 17)], 3: [(1, 10), (10, 4), (4, 5), (5, 6), (6, 8), (8, 12), (12, 16), (16, 15)]}, padri: [6], figli: [7, 9, 11, 13, 28, 31], mosse: [(2, 2, 2, 13, 2)]
28 -> costo: 90409.7, rotte: {2: [(1, 7), (7, 3), (3, 2), (2, 13), (13, 18), (18, 9), (9, 14), (14, 11), (11, 17)], 3: [(1, 4), (4, 5), (5, 6), (6, 10), (10, 8), (8, 12), (12, 16), (16, 15)]}, padri: [27], figli: [8, 10, 12, 26], mosse: [(3, 3, 6, 10, 19)]
29 -> costo: 91386.7, rotte: {2: [(1, 3), (3, 7), (7, 13), (13, 2), (2, 18), (18, 9), (9, 14), (14, 11), (11, 17)], 3: [(1, 10), (10, 4), (4, 5), (5, 6), (6, 8), (8, 12), (12, 16), (16, 15)]}, padri: [6], figli: [30, 32, 33, 34, 35, 36, 37], mosse: [(2, 2, 3, 7, 16)]
30 -> costo: 80056.6, rotte: {2: [(1, 3), (3, 7), (7, 2), (2, 18), (18, 9), (9, 14), (14, 11), (11, 13), (13, 17)], 3: [(1, 10), (10, 4), (4, 5), (5, 6), (6, 8), (8, 12), (12, 16), (16, 15)]}, padri: [29, 32, 34, 36], figli: [7, 31], mosse: [(2, 2, 11, 13, 2), (2, 2, 11, 13, 2), (2, 2, 11, 13, 2), (2, 2, 11, 13, 2)]
31 -> costo: 80030.20000000001, rotte: {2: [(1, 3), (3, 7), (7, 2), (2, 18), (18, 9), (9, 14), (14, 11), (11, 13), (13, 17)], 3: [(1, 4), (4, 5), (5, 6), (6, 10), (10, 8), (8, 12), (12, 16), (16, 15)]}, padri: [30, 33, 35], figli: [8], mosse: [(3, 3, 6, 10, 19), (2, 2, 11, 13, 2), (2, 2, 11, 13, 2)]
32 -> costo: 80150.3, rotte: {2: [(1, 3), (3, 7), (7, 2), (2, 18), (18, 9), (9, 13), (13, 14), (14, 11), (11, 17)], 3: [(1, 10), (10, 4), (4, 5), (5, 6), (6, 8), (8, 12), (12, 16), (16, 15)]}, padri: [29, 34, 36], figli: [9, 30, 33], mosse: [(2, 2, 9, 13, 2), (2, 2, 13, 14, 3), (2, 2, 9, 13, 2)]
33 -> costo: 80123.9, rotte: {2: [(1, 3), (3, 7), (7, 2), (2, 18), (18, 9), (9, 13), (13, 14), (14, 11), (11, 17)], 3: [(1, 4), (4, 5), (5, 6), (6, 10), (10, 8), (8, 12), (12, 16), (16, 15)]}, padri: [32, 35], figli: [10, 31], mosse: [(3, 3, 6, 10, 19), (2, 2, 13, 14, 3)]
34 -> costo: 80216.20000000001, rotte: {2: [(1, 3), (3, 7), (7, 2), (2, 18), (18, 9), (9, 14), (14, 13), (13, 11), (11, 17)], 3: [(1, 10), (10, 4), (4, 5), (5, 6), (6, 8), (8, 12), (12, 16), (16, 15)]}, padri: [29, 36], figli: [30, 11, 32, 35], mosse: [(2, 2, 14, 13, 2), (2, 2, 14, 13, 2)]
35 -> costo: 80189.8, rotte: {2: [(1, 3), (3, 7), (7, 2), (2, 18), (18, 9), (9, 14), (14, 13), (13, 11), (11, 17)], 3: [(1, 4), (4, 5), (5, 6), (6, 10), (10, 8), (8, 12), (12, 16), (16, 15)]}, padri: [34], figli: [31, 12, 33], mosse: [(3, 3, 6, 10, 19)]
36 -> costo: 90134.3, rotte: {2: [(1, 3), (3, 7), (7, 2), (2, 18), (18, 13), (13, 9), (9, 14), (14, 11), (11, 17)], 3: [(1, 10), (10, 4), (4, 5), (5, 6), (6, 8), (8, 12), (12, 16), (16, 15)]}, padri: [29], figli: [30, 32, 34, 37], mosse: [(2, 2, 18, 13, 2)]
37 -> costo: 87170.70000000001, rotte: {2: [(1, 3), (3, 7), (7, 2), (2, 18), (18, 13), (13, 14), (14, 11), (11, 9), (9, 17)], 3: [(1, 10), (10, 4), (4, 5), (5, 6), (6, 8), (8, 12), (12, 16), (16, 15)]}, padri: [36], figli: [38, 44], mosse: [(2, 2, 11, 9, 18)]
38 -> costo: 86111.50000000001, rotte: {2: [(1, 3), (3, 7), (7, 18), (18, 13), (13, 14), (14, 11), (11, 9), (9, 2), (2, 17)], 3: [(1, 10), (10, 4), (4, 5), (5, 6), (6, 8), (8, 12), (12, 16), (16, 15)]}, padri: [37], figli: [39, 41, 43], mosse: [(2, 2, 9, 2, 11)]
39 -> costo: 85902.0, rotte: {2: [(1, 3), (3, 7), (7, 18), (18, 13), (13, 11), (11, 14), (14, 9), (9, 2), (2, 17)], 3: [(1, 10), (10, 4), (4, 5), (5, 6), (6, 8), (8, 12), (12, 16), (16, 15)]}, padri: [38], figli: [40], mosse: [(2, 2, 11, 14, 3)]
40 -> costo: 85875.6, rotte: {2: [(1, 3), (3, 7), (7, 18), (18, 13), (13, 11), (11, 14), (14, 9), (9, 2), (2, 17)], 3: [(1, 4), (4, 5), (5, 6), (6, 10), (10, 8), (8, 12), (12, 16), (16, 15)]}, padri: [39, 43], figli: [], mosse: [(3, 3, 6, 10, 19), (2, 2, 11, 14, 3)]
41 -> costo: 85932.5, rotte: {2: [(1, 3), (3, 7), (7, 18), (18, 14), (14, 11), (11, 13), (13, 9), (9, 2), (2, 17)], 3: [(1, 10), (10, 4), (4, 5), (5, 6), (6, 8), (8, 12), (12, 16), (16, 15)]}, padri: [38], figli: [42], mosse: [(2, 2, 11, 13, 2)]
42 -> costo: 85906.1, rotte: {2: [(1, 3), (3, 7), (7, 18), (18, 14), (14, 11), (11, 13), (13, 9), (9, 2), (2, 17)], 3: [(1, 4), (4, 5), (5, 6), (6, 10), (10, 8), (8, 12), (12, 16), (16, 15)]}, padri: [41, 43], figli: [], mosse: [(3, 3, 6, 10, 19), (2, 2, 11, 13, 2)]
43 -> costo: 86085.1, rotte: {2: [(1, 3), (3, 7), (7, 18), (18, 13), (13, 14), (14, 11), (11, 9), (9, 2), (2, 17)], 3: [(1, 4), (4, 5), (5, 6), (6, 10), (10, 8), (8, 12), (12, 16), (16, 15)]}, padri: [38], figli: [40, 42], mosse: [(3, 3, 6, 10, 19)]
44 -> costo: 86296.8, rotte: {2: [(1, 3), (3, 7), (7, 2), (2, 13), (13, 14), (14, 11), (11, 9), (9, 18), (18, 17)], 3: [(1, 10), (10, 4), (4, 5), (5, 6), (6, 8), (8, 12), (12, 16), (16, 15)]}, padri: [37], figli: [45, 49, 15, 53], mosse: [(2, 2, 9, 18, 5)]
45 -> costo: 86087.3, rotte: {2: [(1, 3), (3, 7), (7, 2), (2, 13), (13, 11), (11, 14), (14, 9), (9, 18), (18, 17)], 3: [(1, 10), (10, 4), (4, 5), (5, 6), (6, 8), (8, 12), (12, 16), (16, 15)]}, padri: [44], figli: [16, 46, 48], mosse: [(2, 2, 11, 14, 3)]
46 -> costo: 85952.20000000001, rotte: {2: [(1, 3), (3, 7), (7, 13), (13, 11), (11, 14), (14, 9), (9, 18), (18, 2), (2, 17)], 3: [(1, 10), (10, 4), (4, 5), (5, 6), (6, 8), (8, 12), (12, 16), (16, 15)]}, padri: [45, 53], figli: [47], mosse: [(2, 2, 18, 2, 11), (2, 2, 11, 14, 3)]
47 -> costo: 85925.8, rotte: {2: [(1, 3), (3, 7), (7, 13), (13, 11), (11, 14), (14, 9), (9, 18), (18, 2), (2, 17)], 3: [(1, 4), (4, 5), (5, 6), (6, 10), (10, 8), (8, 12), (12, 16), (16, 15)]}, padri: [46, 48, 54], figli: [], mosse: [(3, 3, 6, 10, 19), (2, 2, 18, 2, 11), (2, 2, 11, 14, 3)]
48 -> costo: 86060.9, rotte: {2: [(1, 3), (3, 7), (7, 2), (2, 13), (13, 11), (11, 14), (14, 9), (9, 18), (18, 17)], 3: [(1, 4), (4, 5), (5, 6), (6, 10), (10, 8), (8, 12), (12, 16), (16, 15)]}, padri: [45], figli: [17, 47], mosse: [(3, 3, 6, 10, 19)]
49 -> costo: 86117.8, rotte: {2: [(1, 3), (3, 7), (7, 2), (2, 14), (14, 11), (11, 13), (13, 9), (9, 18), (18, 17)], 3: [(1, 10), (10, 4), (4, 5), (5, 6), (6, 8), (8, 12), (12, 16), (16, 15)]}, padri: [44], figli: [18, 50, 52, 54], mosse: [(2, 2, 11, 13, 2)]
50 -> costo: 85982.70000000001, rotte: {2: [(1, 3), (3, 7), (7, 14), (14, 11), (11, 13), (13, 9), (9, 18), (18, 2), (2, 17)], 3: [(1, 10), (10, 4), (4, 5), (5, 6), (6, 8), (8, 12), (12, 16), (16, 15)]}, padri: [49, 53], figli: [51], mosse: [(2, 2, 18, 2, 11), (2, 2, 11, 13, 2)]
51 -> costo: 85956.3, rotte: {2: [(1, 3), (3, 7), (7, 14), (14, 11), (11, 13), (13, 9), (9, 18), (18, 2), (2, 17)], 3: [(1, 4), (4, 5), (5, 6), (6, 10), (10, 8), (8, 12), (12, 16), (16, 15)]}, padri: [50, 52, 54], figli: [], mosse: [(3, 3, 6, 10, 19), (2, 2, 18, 2, 11), (2, 2, 11, 13, 2)]
52 -> costo: 86091.4, rotte: {2: [(1, 3), (3, 7), (7, 2), (2, 14), (14, 11), (11, 13), (13, 9), (9, 18), (18, 17)], 3: [(1, 4), (4, 5), (5, 6), (6, 10), (10, 8), (8, 12), (12, 16), (16, 15)]}, padri: [49], figli: [19, 51], mosse: [(3, 3, 6, 10, 19)]
53 -> costo: 86161.70000000001, rotte: {2: [(1, 3), (3, 7), (7, 13), (13, 14), (14, 11), (11, 9), (9, 18), (18, 2), (2, 17)], 3: [(1, 10), (10, 4), (4, 5), (5, 6), (6, 8), (8, 12), (12, 16), (16, 15)]}, padri: [44], figli: [46, 50, 54], mosse: [(2, 2, 18, 2, 11)]
54 -> costo: 86135.30000000002, rotte: {2: [(1, 3), (3, 7), (7, 13), (13, 14), (14, 11), (11, 9), (9, 18), (18, 2), (2, 17)], 3: [(1, 4), (4, 5), (5, 6), (6, 10), (10, 8), (8, 12), (12, 16), (16, 15)]}, padri: [53], figli: [47, 51], mosse: [(3, 3, 6, 10, 19)]
bestSolutionIndice: 8
8 -> costo: 79885.6, rotte: {2: [(1, 7), (7, 3), (3, 2), (2, 18), (18, 9), (9, 14), (14, 11), (11, 13), (13, 17)], 3: [(1, 4), (4, 5), (5, 6), (6, 10), (10, 8), (8, 12), (12, 16), (16, 15)]}, padri: [7, 10, 12, 26, 28, 31], figli: [], mosse: [(3, 3, 6, 10, 19), (2, 2, 11, 13, 2), (2, 2, 11, 13, 2), (2, 2, 11, 13, 2), (2, 2, 11, 13, 2), (2, 2, 7, 3, 12)]
trasportoPalletDiGamma: {2: [(7, 16), (3, 12), (2, 11), (18, 5), (9, 18), (14, 3), (11, 20), (13, 2), (17, 6)], 3: [(4, 13), (5, 14), (6, 15), (10, 19), (8, 17), (12, 1), (16, 5), (15, 4)]}
itMosseLS: 112, itMosseTS: 100
time elapsed: 2662.10s.


##########################################################################################
##########################################################################################
##########################################################################################
