itNSIMax: 3, itMosseTSMax: 150.
##########################################################################################
s: 1
dictSolutions[1]:
0 -> costo: 160152.09999999998, rotte: {2: [(1, 15), (15, 16), (16, 7), (7, 2), (2, 17), (17, 3)], 3: [(1, 12), (12, 6), (6, 14), (14, 11), (11, 13), (13, 19), (19, 10)], 4: [(1, 5), (5, 8), (8, 18), (18, 4), (4, 9), (9, 20), (20, 3)]}, padri: [-1], figli: [1], mosse: [-1]
1 -> costo: 145225.99999999997, rotte: {2: [(1, 15), (15, 16), (16, 7), (7, 3), (3, 2), (2, 17)], 3: [(1, 12), (12, 6), (6, 14), (14, 11), (11, 13), (13, 19), (19, 10)], 4: [(1, 5), (5, 8), (8, 18), (18, 4), (4, 9), (9, 20), (20, 3)]}, padri: [0], figli: [2], mosse: [(2, 2, 7, 3, 8)]
2 -> costo: 132160.7, rotte: {2: [(1, 15), (15, 16), (16, 17), (17, 7), (7, 3), (3, 2)], 3: [(1, 12), (12, 6), (6, 14), (14, 11), (11, 13), (13, 19), (19, 10)], 4: [(1, 5), (5, 8), (8, 18), (18, 4), (4, 9), (9, 20), (20, 3)]}, padri: [1], figli: [3], mosse: [(2, 2, 16, 17, 6)]
3 -> costo: 120813.09999999999, rotte: {2: [(1, 15), (15, 16), (16, 17), (17, 7), (7, 3), (3, 2)], 3: [(1, 12), (12, 14), (14, 11), (11, 13), (13, 19), (19, 10), (10, 6)], 4: [(1, 5), (5, 8), (8, 18), (18, 4), (4, 9), (9, 20), (20, 3)]}, padri: [2], figli: [4], mosse: [(3, 3, 10, 6, 15)]
4 -> costo: 112674.9, rotte: {2: [(1, 15), (15, 16), (16, 17), (17, 7), (7, 3), (3, 2)], 3: [(1, 12), (12, 14), (14, 11), (11, 13), (13, 19), (19, 10), (10, 6)], 4: [(1, 5), (5, 8), (8, 4), (4, 9), (9, 18), (18, 20), (20, 3)]}, padri: [3], figli: [5], mosse: [(4, 4, 9, 18, 19)]
5 -> costo: 106250.9, rotte: {2: [(1, 15), (15, 16), (16, 17), (17, 7), (7, 3), (3, 2)], 3: [(1, 12), (12, 14), (14, 11), (11, 13), (13, 19), (19, 10), (10, 6)], 4: [(1, 5), (5, 8), (8, 9), (9, 18), (18, 20), (20, 3), (3, 4)]}, padri: [4], figli: [6], mosse: [(4, 4, 3, 4, 13)]
6 -> costo: 103162.2, rotte: {2: [(1, 15), (15, 16), (16, 17), (17, 7), (7, 3), (3, 2)], 3: [(1, 12), (12, 14), (14, 11), (11, 13), (13, 10), (10, 6), (6, 19)], 4: [(1, 5), (5, 8), (8, 9), (9, 18), (18, 20), (20, 3), (3, 4)]}, padri: [5], figli: [7, 51], mosse: [(3, 3, 6, 19, 6)]
7 -> costo: 97515.2, rotte: {2: [(1, 15), (15, 16), (16, 17), (17, 7), (7, 3), (3, 2)], 3: [(1, 19), (19, 12), (12, 14), (14, 11), (11, 13), (13, 10), (10, 6)], 4: [(1, 5), (5, 8), (8, 9), (9, 18), (18, 20), (20, 3), (3, 4)]}, padri: [6], figli: [8, 19, 22, 24, 25, 34, 36, 40, 42, 43, 48, 50, 52], mosse: [(3, 3, 1, 19, 6)]
8 -> costo: 97099.7, rotte: {2: [(1, 15), (15, 16), (16, 17), (17, 7), (7, 3), (3, 2)], 3: [(1, 19), (19, 12), (12, 14), (14, 11), (11, 13), (13, 10), (10, 6)], 4: [(1, 8), (8, 9), (9, 18), (18, 20), (20, 3), (3, 4), (4, 5)]}, padri: [7, 50, 51], figli: [9, 10, 11, 12, 13, 15, 16, 20, 23], mosse: [(4, 4, 4, 5, 14), (4, 4, 4, 5, 14), (3, 3, 1, 19, 6)]
9 -> costo: 96734.7, rotte: {2: [(1, 15), (15, 16), (16, 17), (17, 7), (7, 3), (3, 2)], 3: [(1, 19), (19, 14), (14, 11), (11, 12), (12, 13), (13, 10), (10, 6)], 4: [(1, 8), (8, 9), (9, 18), (18, 20), (20, 3), (3, 4), (4, 5)]}, padri: [8, 10, 12, 19, 21, 52], figli: [], mosse: [(3, 3, 11, 12, 1), (3, 3, 11, 12, 1), (3, 3, 12, 13, 2), (4, 4, 4, 5, 14), (4, 4, 4, 5, 14), (3, 3, 1, 19, 6)]
10 -> costo: 96902.9, rotte: {2: [(1, 15), (15, 16), (16, 17), (17, 7), (7, 3), (3, 2)], 3: [(1, 19), (19, 14), (14, 12), (12, 11), (11, 13), (13, 10), (10, 6)], 4: [(1, 8), (8, 9), (9, 18), (18, 20), (20, 3), (3, 4), (4, 5)]}, padri: [8, 13, 22, 24, 53], figli: [9, 13, 20], mosse: [(3, 3, 14, 12, 1), (3, 3, 11, 13, 2), (4, 4, 4, 5, 14), (4, 4, 4, 5, 14), (3, 3, 1, 19, 6)]
11 -> costo: 96958.4, rotte: {2: [(1, 15), (15, 16), (16, 17), (17, 7), (7, 3), (3, 2)], 3: [(1, 19), (19, 12), (12, 11), (11, 14), (14, 13), (13, 10), (10, 6)], 4: [(1, 8), (8, 9), (9, 18), (18, 20), (20, 3), (3, 4), (4, 5)]}, padri: [8, 15, 17, 34, 35, 54], figli: [], mosse: [(3, 3, 11, 14, 3), (3, 3, 14, 13, 2), (3, 3, 14, 13, 2), (4, 4, 4, 5, 14), (4, 4, 4, 5, 14), (3, 3, 1, 19, 6)]
12 -> costo: 97027.9, rotte: {2: [(1, 15), (15, 16), (16, 17), (17, 7), (7, 3), (3, 2)], 3: [(1, 19), (19, 14), (14, 11), (11, 13), (13, 12), (12, 10), (10, 6)], 4: [(1, 8), (8, 9), (9, 18), (18, 20), (20, 3), (3, 4), (4, 5)]}, padri: [8, 36, 41, 55], figli: [9, 13, 20, 38, 57], mosse: [(3, 3, 13, 12, 1), (4, 4, 4, 5, 14), (4, 4, 4, 5, 14), (3, 3, 1, 19, 6)]
13 -> costo: 97009.4, rotte: {2: [(1, 15), (15, 16), (16, 17), (17, 7), (7, 3), (3, 2)], 3: [(1, 19), (19, 14), (14, 13), (13, 12), (12, 11), (11, 10), (10, 6)], 4: [(1, 8), (8, 9), (9, 18), (18, 20), (20, 3), (3, 4), (4, 5)]}, padri: [12, 37, 40, 56], figli: [14, 10, 18, 23], mosse: [(3, 3, 12, 11, 20), (4, 4, 4, 5, 14), (4, 4, 4, 5, 14), (3, 3, 1, 19, 6)]
14 -> costo: 96734.0, rotte: {2: [(1, 15), (15, 16), (16, 17), (17, 7), (7, 3), (3, 2)], 3: [(1, 19), (19, 13), (13, 12), (12, 11), (11, 14), (14, 10), (10, 6)], 4: [(1, 8), (8, 9), (9, 18), (18, 20), (20, 3), (3, 4), (4, 5)]}, padri: [13, 17, 18, 38, 39, 57], figli: [], mosse: [(3, 3, 11, 14, 3), (3, 3, 13, 12, 1), (3, 3, 12, 11, 20), (4, 4, 4, 5, 14), (4, 4, 4, 5, 14), (3, 3, 1, 19, 6)]
15 -> costo: 97054.8, rotte: {2: [(1, 15), (15, 16), (16, 17), (17, 7), (7, 3), (3, 2)], 3: [(1, 19), (19, 12), (12, 11), (11, 13), (13, 14), (14, 10), (10, 6)], 4: [(1, 8), (8, 9), (9, 18), (18, 20), (20, 3), (3, 4), (4, 5)]}, padri: [8, 42, 49], figli: [11, 16, 17], mosse: [(3, 3, 13, 14, 3), (4, 4, 4, 5, 14), (4, 4, 4, 5, 14)]
16 -> costo: 97006.40000000001, rotte: {2: [(1, 15), (15, 16), (16, 17), (17, 7), (7, 3), (3, 2)], 3: [(1, 19), (19, 11), (11, 12), (12, 13), (13, 14), (14, 10), (10, 6)], 4: [(1, 8), (8, 9), (9, 18), (18, 20), (20, 3), (3, 4), (4, 5)]}, padri: [15, 43, 44], figli: [], mosse: [(3, 3, 11, 12, 1), (4, 4, 4, 5, 14), (4, 4, 4, 5, 14)]
17 -> costo: 97027.2, rotte: {2: [(1, 15), (15, 16), (16, 17), (17, 7), (7, 3), (3, 2)], 3: [(1, 19), (19, 12), (12, 13), (13, 11), (11, 14), (14, 10), (10, 6)], 4: [(1, 8), (8, 9), (9, 18), (18, 20), (20, 3), (3, 4), (4, 5)]}, padri: [15, 45, 48], figli: [14, 18, 11], mosse: [(3, 3, 13, 11, 20), (4, 4, 4, 5, 14), (4, 4, 4, 5, 14)]
18 -> costo: 96902.2, rotte: {2: [(1, 15), (15, 16), (16, 17), (17, 7), (7, 3), (3, 2)], 3: [(1, 19), (19, 13), (13, 11), (11, 12), (12, 14), (14, 10), (10, 6)], 4: [(1, 8), (8, 9), (9, 18), (18, 20), (20, 3), (3, 4), (4, 5)]}, padri: [17, 46, 47], figli: [14], mosse: [(3, 3, 11, 12, 1), (4, 4, 4, 5, 14), (4, 4, 4, 5, 14)]
19 -> costo: 97150.20000000001, rotte: {2: [(1, 15), (15, 16), (16, 17), (17, 7), (7, 3), (3, 2)], 3: [(1, 19), (19, 14), (14, 11), (11, 12), (12, 13), (13, 10), (10, 6)], 4: [(1, 5), (5, 8), (8, 9), (9, 18), (18, 20), (20, 3), (3, 4)]}, padri: [7, 22, 36], figli: [9, 20, 21, 28], mosse: [(3, 3, 11, 12, 1), (3, 3, 11, 12, 1), (3, 3, 12, 13, 2)]
20 -> costo: 96978.9, rotte: {2: [(1, 15), (15, 16), (16, 17), (17, 7), (7, 3), (3, 2)], 3: [(1, 19), (19, 14), (14, 11), (11, 12), (12, 13), (13, 10), (10, 6), (6, 5)], 4: [(1, 8), (8, 9), (9, 18), (18, 20), (20, 3), (3, 4)]}, padri: [19, 23, 25, 27], figli: [], mosse: [(3, 4, 6, 5, 14), (3, 3, 11, 12, 1), (3, 3, 11, 12, 1), (3, 3, 12, 13, 2)]
21 -> costo: 97147.1, rotte: {2: [(1, 15), (15, 16), (16, 17), (17, 7), (7, 3), (3, 2)], 3: [(1, 19), (19, 14), (14, 11), (11, 12), (12, 13), (13, 10), (10, 6)], 4: [(1, 8), (8, 9), (9, 5), (5, 18), (18, 20), (20, 3), (3, 4)]}, padri: [19, 24, 41, 50], figli: [9], mosse: [(4, 4, 9, 5, 14), (3, 3, 11, 12, 1), (3, 3, 12, 13, 2), (3, 3, 11, 12, 1)]
22 -> costo: 97318.4, rotte: {2: [(1, 15), (15, 16), (16, 17), (17, 7), (7, 3), (3, 2)], 3: [(1, 19), (19, 14), (14, 12), (12, 11), (11, 13), (13, 10), (10, 6)], 4: [(1, 5), (5, 8), (8, 9), (9, 18), (18, 20), (20, 3), (3, 4)]}, padri: [7, 37], figli: [10, 23, 19, 24, 26], mosse: [(3, 3, 14, 12, 1), (3, 3, 11, 13, 2)]
23 -> costo: 97147.09999999999, rotte: {2: [(1, 15), (15, 16), (16, 17), (17, 7), (7, 3), (3, 2)], 3: [(1, 19), (19, 14), (14, 12), (12, 11), (11, 13), (13, 10), (10, 6), (6, 5)], 4: [(1, 8), (8, 9), (9, 18), (18, 20), (20, 3), (3, 4)]}, padri: [22, 25, 28], figli: [20, 28], mosse: [(3, 4, 6, 5, 14), (3, 3, 14, 12, 1), (3, 3, 11, 13, 2)]
24 -> costo: 97315.3, rotte: {2: [(1, 15), (15, 16), (16, 17), (17, 7), (7, 3), (3, 2)], 3: [(1, 19), (19, 14), (14, 12), (12, 11), (11, 13), (13, 10), (10, 6)], 4: [(1, 8), (8, 9), (9, 5), (5, 18), (18, 20), (20, 3), (3, 4)]}, padri: [22, 40, 50], figli: [10, 21], mosse: [(4, 4, 9, 5, 14), (3, 3, 11, 13, 2), (3, 3, 14, 12, 1)]
25 -> costo: 97343.9, rotte: {2: [(1, 15), (15, 16), (16, 17), (17, 7), (7, 3), (3, 2)], 3: [(1, 19), (19, 12), (12, 14), (14, 11), (11, 13), (13, 10), (10, 6), (6, 5)], 4: [(1, 8), (8, 9), (9, 18), (18, 20), (20, 3), (3, 4)]}, padri: [7], figli: [20, 23, 26, 27, 28, 30, 31, 35, 37], mosse: [(3, 4, 6, 5, 14)]
26 -> costo: 97202.59999999999, rotte: {2: [(1, 15), (15, 16), (16, 17), (17, 7), (7, 3), (3, 2)], 3: [(1, 19), (19, 12), (12, 11), (11, 14), (14, 13), (13, 10), (10, 6), (6, 5)], 4: [(1, 8), (8, 9), (9, 18), (18, 20), (20, 3), (3, 4)]}, padri: [25, 30, 32, 34], figli: [], mosse: [(3, 3, 11, 14, 3), (3, 3, 14, 13, 2), (3, 3, 14, 13, 2), (3, 4, 6, 5, 14)]
27 -> costo: 97272.09999999999, rotte: {2: [(1, 15), (15, 16), (16, 17), (17, 7), (7, 3), (3, 2)], 3: [(1, 19), (19, 14), (14, 11), (11, 13), (13, 12), (12, 10), (10, 6), (6, 5)], 4: [(1, 8), (8, 9), (9, 18), (18, 20), (20, 3), (3, 4)]}, padri: [25, 36], figli: [20, 28], mosse: [(3, 3, 13, 12, 1), (3, 4, 6, 5, 14)]
28 -> costo: 97253.59999999999, rotte: {2: [(1, 15), (15, 16), (16, 17), (17, 7), (7, 3), (3, 2)], 3: [(1, 19), (19, 14), (14, 13), (13, 12), (12, 11), (11, 10), (10, 6), (6, 5)], 4: [(1, 8), (8, 9), (9, 18), (18, 20), (20, 3), (3, 4)]}, padri: [27, 37], figli: [29, 23, 33, 39], mosse: [(3, 3, 12, 11, 20), (3, 4, 6, 5, 14)]
29 -> costo: 96978.2, rotte: {2: [(1, 15), (15, 16), (16, 17), (17, 7), (7, 3), (3, 2)], 3: [(1, 19), (19, 13), (13, 12), (12, 11), (11, 14), (14, 10), (10, 6), (6, 5)], 4: [(1, 8), (8, 9), (9, 18), (18, 20), (20, 3), (3, 4)]}, padri: [28, 32, 33, 38], figli: [], mosse: [(3, 3, 11, 14, 3), (3, 3, 13, 12, 1), (3, 3, 12, 11, 20), (3, 4, 6, 5, 14)]
30 -> costo: 97299.0, rotte: {2: [(1, 15), (15, 16), (16, 17), (17, 7), (7, 3), (3, 2)], 3: [(1, 19), (19, 12), (12, 11), (11, 13), (13, 14), (14, 10), (10, 6), (6, 5)], 4: [(1, 8), (8, 9), (9, 18), (18, 20), (20, 3), (3, 4)]}, padri: [25, 42], figli: [26, 31, 32, 35, 44, 46], mosse: [(3, 3, 13, 14, 3), (3, 4, 6, 5, 14)]
31 -> costo: 97250.6, rotte: {2: [(1, 15), (15, 16), (16, 17), (17, 7), (7, 3), (3, 2)], 3: [(1, 19), (19, 11), (11, 12), (12, 13), (13, 14), (14, 10), (10, 6), (6, 5)], 4: [(1, 8), (8, 9), (9, 18), (18, 20), (20, 3), (3, 4)]}, padri: [30, 43], figli: [], mosse: [(3, 3, 11, 12, 1), (3, 4, 6, 5, 14)]
32 -> costo: 97271.4, rotte: {2: [(1, 15), (15, 16), (16, 17), (17, 7), (7, 3), (3, 2)], 3: [(1, 19), (19, 12), (12, 13), (13, 11), (11, 14), (14, 10), (10, 6), (6, 5)], 4: [(1, 8), (8, 9), (9, 18), (18, 20), (20, 3), (3, 4)]}, padri: [30, 45], figli: [29, 33, 26, 35, 39], mosse: [(3, 3, 13, 11, 20), (3, 4, 6, 5, 14)]
33 -> costo: 97146.4, rotte: {2: [(1, 15), (15, 16), (16, 17), (17, 7), (7, 3), (3, 2)], 3: [(1, 19), (19, 13), (13, 11), (11, 12), (12, 14), (14, 10), (10, 6), (6, 5)], 4: [(1, 8), (8, 9), (9, 18), (18, 20), (20, 3), (3, 4)]}, padri: [32, 46], figli: [29, 39], mosse: [(3, 3, 11, 12, 1), (3, 4, 6, 5, 14)]
34 -> costo: 97373.9, rotte: {2: [(1, 15), (15, 16), (16, 17), (17, 7), (7, 3), (3, 2)], 3: [(1, 19), (19, 12), (12, 11), (11, 14), (14, 13), (13, 10), (10, 6)], 4: [(1, 5), (5, 8), (8, 9), (9, 18), (18, 20), (20, 3), (3, 4)]}, padri: [7, 42, 45], figli: [11, 26, 35], mosse: [(3, 3, 11, 14, 3), (3, 3, 14, 13, 2), (3, 3, 14, 13, 2)]
35 -> costo: 97370.8, rotte: {2: [(1, 15), (15, 16), (16, 17), (17, 7), (7, 3), (3, 2)], 3: [(1, 19), (19, 12), (12, 11), (11, 14), (14, 13), (13, 10), (10, 6)], 4: [(1, 8), (8, 9), (9, 5), (5, 18), (18, 20), (20, 3), (3, 4)]}, padri: [34, 48, 49, 50], figli: [11], mosse: [(4, 4, 9, 5, 14), (3, 3, 14, 13, 2), (3, 3, 14, 13, 2), (3, 3, 11, 14, 3)]
36 -> costo: 97443.40000000001, rotte: {2: [(1, 15), (15, 16), (16, 17), (17, 7), (7, 3), (3, 2)], 3: [(1, 19), (19, 14), (14, 11), (11, 13), (13, 12), (12, 10), (10, 6)], 4: [(1, 5), (5, 8), (8, 9), (9, 18), (18, 20), (20, 3), (3, 4)]}, padri: [7], figli: [12, 19, 27, 37, 41], mosse: [(3, 3, 13, 12, 1)]
37 -> costo: 97424.90000000001, rotte: {2: [(1, 15), (15, 16), (16, 17), (17, 7), (7, 3), (3, 2)], 3: [(1, 19), (19, 14), (14, 13), (13, 12), (12, 11), (11, 10), (10, 6)], 4: [(1, 5), (5, 8), (8, 9), (9, 18), (18, 20), (20, 3), (3, 4)]}, padri: [36], figli: [13, 38, 28, 22, 40, 47, 57], mosse: [(3, 3, 12, 11, 20)]
38 -> costo: 97149.5, rotte: {2: [(1, 15), (15, 16), (16, 17), (17, 7), (7, 3), (3, 2)], 3: [(1, 19), (19, 13), (13, 12), (12, 11), (11, 14), (14, 10), (10, 6)], 4: [(1, 5), (5, 8), (8, 9), (9, 18), (18, 20), (20, 3), (3, 4)]}, padri: [37, 45, 46], figli: [14, 29, 39], mosse: [(3, 3, 11, 14, 3), (3, 3, 13, 12, 1), (3, 3, 12, 11, 20)]
39 -> costo: 97146.40000000001, rotte: {2: [(1, 15), (15, 16), (16, 17), (17, 7), (7, 3), (3, 2)], 3: [(1, 19), (19, 13), (13, 12), (12, 11), (11, 14), (14, 10), (10, 6)], 4: [(1, 8), (8, 9), (9, 5), (5, 18), (18, 20), (20, 3), (3, 4)]}, padri: [38, 40, 47, 48], figli: [14], mosse: [(4, 4, 9, 5, 14), (3, 3, 11, 14, 3), (3, 3, 12, 11, 20), (3, 3, 13, 12, 1)]
40 -> costo: 97421.8, rotte: {2: [(1, 15), (15, 16), (16, 17), (17, 7), (7, 3), (3, 2)], 3: [(1, 19), (19, 14), (14, 13), (13, 12), (12, 11), (11, 10), (10, 6)], 4: [(1, 8), (8, 9), (9, 5), (5, 18), (18, 20), (20, 3), (3, 4)]}, padri: [37, 41], figli: [13, 39, 24, 57], mosse: [(4, 4, 9, 5, 14), (3, 3, 12, 11, 20)]
41 -> costo: 97440.3, rotte: {2: [(1, 15), (15, 16), (16, 17), (17, 7), (7, 3), (3, 2)], 3: [(1, 19), (19, 14), (14, 11), (11, 13), (13, 12), (12, 10), (10, 6)], 4: [(1, 8), (8, 9), (9, 5), (5, 18), (18, 20), (20, 3), (3, 4)]}, padri: [36, 50], figli: [12, 21, 40], mosse: [(4, 4, 9, 5, 14), (3, 3, 13, 12, 1)]
42 -> costo: 97470.3, rotte: {2: [(1, 15), (15, 16), (16, 17), (17, 7), (7, 3), (3, 2)], 3: [(1, 19), (19, 12), (12, 11), (11, 13), (13, 14), (14, 10), (10, 6)], 4: [(1, 5), (5, 8), (8, 9), (9, 18), (18, 20), (20, 3), (3, 4)]}, padri: [7], figli: [15, 30, 34, 43, 45, 48, 49], mosse: [(3, 3, 13, 14, 3)]
43 -> costo: 97421.90000000001, rotte: {2: [(1, 15), (15, 16), (16, 17), (17, 7), (7, 3), (3, 2)], 3: [(1, 19), (19, 11), (11, 12), (12, 13), (13, 14), (14, 10), (10, 6)], 4: [(1, 5), (5, 8), (8, 9), (9, 18), (18, 20), (20, 3), (3, 4)]}, padri: [42], figli: [16, 31, 44], mosse: [(3, 3, 11, 12, 1)]
44 -> costo: 97418.80000000002, rotte: {2: [(1, 15), (15, 16), (16, 17), (17, 7), (7, 3), (3, 2)], 3: [(1, 19), (19, 11), (11, 12), (12, 13), (13, 14), (14, 10), (10, 6)], 4: [(1, 8), (8, 9), (9, 5), (5, 18), (18, 20), (20, 3), (3, 4)]}, padri: [43, 49], figli: [16], mosse: [(4, 4, 9, 5, 14), (3, 3, 11, 12, 1)]
45 -> costo: 97442.70000000001, rotte: {2: [(1, 15), (15, 16), (16, 17), (17, 7), (7, 3), (3, 2)], 3: [(1, 19), (19, 12), (12, 13), (13, 11), (11, 14), (14, 10), (10, 6)], 4: [(1, 5), (5, 8), (8, 9), (9, 18), (18, 20), (20, 3), (3, 4)]}, padri: [42], figli: [17, 38, 32, 46, 47, 34, 48], mosse: [(3, 3, 13, 11, 20)]
46 -> costo: 97317.70000000001, rotte: {2: [(1, 15), (15, 16), (16, 17), (17, 7), (7, 3), (3, 2)], 3: [(1, 19), (19, 13), (13, 11), (11, 12), (12, 14), (14, 10), (10, 6)], 4: [(1, 5), (5, 8), (8, 9), (9, 18), (18, 20), (20, 3), (3, 4)]}, padri: [45], figli: [18, 33, 38, 47], mosse: [(3, 3, 11, 12, 1)]
47 -> costo: 97314.6, rotte: {2: [(1, 15), (15, 16), (16, 17), (17, 7), (7, 3), (3, 2)], 3: [(1, 19), (19, 13), (13, 11), (11, 12), (12, 14), (14, 10), (10, 6)], 4: [(1, 8), (8, 9), (9, 5), (5, 18), (18, 20), (20, 3), (3, 4)]}, padri: [46, 48], figli: [18, 39], mosse: [(4, 4, 9, 5, 14), (3, 3, 11, 12, 1)]
48 -> costo: 97439.6, rotte: {2: [(1, 15), (15, 16), (16, 17), (17, 7), (7, 3), (3, 2)], 3: [(1, 19), (19, 12), (12, 13), (13, 11), (11, 14), (14, 10), (10, 6)], 4: [(1, 8), (8, 9), (9, 5), (5, 18), (18, 20), (20, 3), (3, 4)]}, padri: [45, 49], figli: [17, 39, 47, 35], mosse: [(4, 4, 9, 5, 14), (3, 3, 13, 11, 20)]
49 -> costo: 97467.20000000001, rotte: {2: [(1, 15), (15, 16), (16, 17), (17, 7), (7, 3), (3, 2)], 3: [(1, 19), (19, 12), (12, 11), (11, 13), (13, 14), (14, 10), (10, 6)], 4: [(1, 8), (8, 9), (9, 5), (5, 18), (18, 20), (20, 3), (3, 4)]}, padri: [42, 50], figli: [15, 35, 44, 48], mosse: [(4, 4, 9, 5, 14), (3, 3, 13, 14, 3)]
50 -> costo: 97512.1, rotte: {2: [(1, 15), (15, 16), (16, 17), (17, 7), (7, 3), (3, 2)], 3: [(1, 19), (19, 12), (12, 14), (14, 11), (11, 13), (13, 10), (10, 6)], 4: [(1, 8), (8, 9), (9, 5), (5, 18), (18, 20), (20, 3), (3, 4)]}, padri: [7], figli: [8, 21, 24, 35, 41, 49, 52], mosse: [(4, 4, 9, 5, 14)]
51 -> costo: 102746.69999999998, rotte: {2: [(1, 15), (15, 16), (16, 17), (17, 7), (7, 3), (3, 2)], 3: [(1, 12), (12, 14), (14, 11), (11, 13), (13, 10), (10, 6), (6, 19)], 4: [(1, 8), (8, 9), (9, 18), (18, 20), (20, 3), (3, 4), (4, 5)]}, padri: [6], figli: [8, 52, 53, 54, 55, 56, 58], mosse: [(4, 4, 4, 5, 14)]
52 -> costo: 102381.7, rotte: {2: [(1, 15), (15, 16), (16, 17), (17, 7), (7, 3), (3, 2)], 3: [(1, 14), (14, 11), (11, 12), (12, 13), (13, 10), (10, 6), (6, 19)], 4: [(1, 8), (8, 9), (9, 18), (18, 20), (20, 3), (3, 4), (4, 5)]}, padri: [51, 53, 55], figli: [9], mosse: [(3, 3, 11, 12, 1), (3, 3, 11, 12, 1), (3, 3, 12, 13, 2)]
53 -> costo: 102549.9, rotte: {2: [(1, 15), (15, 16), (16, 17), (17, 7), (7, 3), (3, 2)], 3: [(1, 14), (14, 12), (12, 11), (11, 13), (13, 10), (10, 6), (6, 19)], 4: [(1, 8), (8, 9), (9, 18), (18, 20), (20, 3), (3, 4), (4, 5)]}, padri: [51, 56], figli: [10, 52, 56], mosse: [(3, 3, 14, 12, 1), (3, 3, 11, 13, 2)]
54 -> costo: 102605.4, rotte: {2: [(1, 15), (15, 16), (16, 17), (17, 7), (7, 3), (3, 2)], 3: [(1, 12), (12, 11), (11, 14), (14, 13), (13, 10), (10, 6), (6, 19)], 4: [(1, 8), (8, 9), (9, 18), (18, 20), (20, 3), (3, 4), (4, 5)]}, padri: [51], figli: [11], mosse: [(3, 3, 11, 14, 3)]
55 -> costo: 102674.9, rotte: {2: [(1, 15), (15, 16), (16, 17), (17, 7), (7, 3), (3, 2)], 3: [(1, 14), (14, 11), (11, 13), (13, 12), (12, 10), (10, 6), (6, 19)], 4: [(1, 8), (8, 9), (9, 18), (18, 20), (20, 3), (3, 4), (4, 5)]}, padri: [51], figli: [12, 52, 56], mosse: [(3, 3, 13, 12, 1)]
56 -> costo: 102656.4, rotte: {2: [(1, 15), (15, 16), (16, 17), (17, 7), (7, 3), (3, 2)], 3: [(1, 14), (14, 13), (13, 12), (12, 11), (11, 10), (10, 6), (6, 19)], 4: [(1, 8), (8, 9), (9, 18), (18, 20), (20, 3), (3, 4), (4, 5)]}, padri: [55], figli: [13, 57, 53], mosse: [(3, 3, 12, 11, 20)]
57 -> costo: 102381.0, rotte: {2: [(1, 15), (15, 16), (16, 17), (17, 7), (7, 3), (3, 2)], 3: [(1, 13), (13, 12), (12, 11), (11, 14), (14, 10), (10, 6), (6, 19)], 4: [(1, 8), (8, 9), (9, 18), (18, 20), (20, 3), (3, 4), (4, 5)]}, padri: [56], figli: [14], mosse: [(3, 3, 11, 14, 3)]
58 -> costo: 102701.79999999999, rotte: {2: [(1, 15), (15, 16), (16, 17), (17, 7), (7, 3), (3, 2)], 3: [(1, 12), (12, 11), (11, 13), (13, 14), (14, 10), (10, 6), (6, 19)], 4: [(1, 8), (8, 9), (9, 18), (18, 20), (20, 3), (3, 4), (4, 5)]}, padri: [51], figli: [], mosse: [(3, 3, 13, 14, 3)]
bestSolutionIndice: 14
14 -> costo: 96734.0, rotte: {2: [(1, 15), (15, 16), (16, 17), (17, 7), (7, 3), (3, 2)], 3: [(1, 19), (19, 13), (13, 12), (12, 11), (11, 14), (14, 10), (10, 6)], 4: [(1, 8), (8, 9), (9, 18), (18, 20), (20, 3), (3, 4), (4, 5)]}, padri: [13, 17, 18, 38, 39, 57], figli: [], mosse: [(3, 3, 11, 14, 3), (3, 3, 13, 12, 1), (3, 3, 12, 11, 20), (4, 4, 4, 5, 14), (4, 4, 4, 5, 14), (3, 3, 1, 19, 6)]
trasportoPalletDiGamma: {2: [(15, 4), (16, 5), (17, 6), (7, 16), (3, 8), (2, 11)], 3: [(19, 6), (13, 2), (12, 1), (11, 20), (14, 3), (10, 19), (6, 15)], 4: [(8, 17), (9, 18), (18, 19), (20, 11), (3, 4), (4, 13), (5, 14)]}
itMosseLS: 137, itMosseTS: 129
time elapsed: 3608.60s.


##########################################################################################
##########################################################################################
