itNSIMax: 5, itMosseTSMax: 100.
##########################################################################################
s: 1
dictSolutions[1]:
0 -> costo: 44659.0, rotte: {3: [(1, 5), (5, 6), (6, 4)], 2: [(1, 3), (3, 7), (7, 2), (2, 4)]}, padri: [-1], figli: [1, 8], mosse: [-1]
1 -> costo: 41318.0, rotte: {3: [(1, 4), (4, 5), (5, 6)], 2: [(1, 3), (3, 7), (7, 2), (2, 4)]}, padri: [0], figli: [2, 4, 3, 2, 2, 6, 6, 6, 9, 9, 9, 11, 21], mosse: [(3, 3, 1, 4, 15)]
2 -> costo: 39392.7, rotte: {3: [(1, 4), (4, 5), (5, 6)], 2: [(1, 3), (3, 7), (7, 4), (4, 2)]}, padri: [1, 1, 1, 6, 8], figli: [3, 5, 7, 21], mosse: [(2, 2, 2, 4), (2, 2, 7, 4, 2), (2, 2, 4, 2, 6), (2, 2, 7, 4, 2), (3, 3, 1, 4, 15)]
3 -> costo: 38165.899999999994, rotte: {3: [(1, 4), (4, 5), (5, 6)], 2: [(1, 3), (3, 2), (2, 7), (7, 4)]}, padri: [2, 5, 1, 9], figli: [4, 4, 4, 11, 11, 11], mosse: [(2, 2, 3, 2, 6), (2, 2, 7, 4, 2), (2, 2, 2, 7, 11), (3, 3, 1, 4, 15)]
4 -> costo: 34623.4, rotte: {3: [(1, 4), (4, 5), (5, 6)], 2: [(1, 3), (3, 2), (2, 4), (4, 7)]}, padri: [3, 3, 3, 5, 1, 6, 7, 10, 20, 20, 20], figli: [], mosse: [(2, 2, 7, 4), (2, 2, 2, 4, 2), (2, 2, 4, 7, 11), (2, 2, 2, 4, 2), (2, 2, 4, 7, 11), (2, 2, 3, 2, 6), (2, 2, 3, 2, 6), (3, 3, 1, 4, 15), (3, 3, 6, 5), (3, 3, 4, 5, 20), (3, 3, 5, 6, 5)]
5 -> costo: 38589.9, rotte: {3: [(1, 4), (4, 5), (5, 6)], 2: [(1, 3), (3, 4), (4, 2), (2, 7)]}, padri: [2, 6, 6, 6, 7], figli: [4, 3, 11, 21], mosse: [(2, 2, 2, 7, 11), (2, 2, 7, 2), (2, 2, 4, 2, 6), (2, 2, 2, 7, 11), (2, 2, 4, 2, 6)]
6 -> costo: 40185.5, rotte: {3: [(1, 4), (4, 5), (5, 6)], 2: [(1, 3), (3, 4), (4, 7), (7, 2)]}, padri: [1], figli: [5, 4, 5, 5, 7, 7, 7, 2, 9, 11], mosse: [(2, 2, 3, 4, 2)]
7 -> costo: 38933.799999999996, rotte: {3: [(1, 4), (4, 5), (5, 6)], 2: [(1, 2), (2, 3), (3, 4), (4, 7)]}, padri: [6], figli: [4, 5, 11], mosse: [(2, 2, 1, 2, 6)]
8 -> costo: 42733.7, rotte: {3: [(1, 5), (5, 6), (6, 4)], 2: [(1, 3), (3, 7), (7, 4), (4, 2)]}, padri: [0], figli: [2, 9], mosse: [(2, 2, 2, 4)]
9 -> costo: 41506.899999999994, rotte: {3: [(1, 5), (5, 6), (6, 4)], 2: [(1, 3), (3, 2), (2, 7), (7, 4)]}, padri: [8], figli: [10, 3, 21], mosse: [(2, 2, 3, 2, 6)]
10 -> costo: 37964.399999999994, rotte: {3: [(1, 5), (5, 6), (6, 4)], 2: [(1, 3), (3, 2), (2, 4), (4, 7)]}, padri: [9], figli: [4, 11, 22], mosse: [(2, 2, 7, 4)]
11 -> costo: 37101.49999999999, rotte: {3: [(1, 6), (6, 5), (5, 4)], 2: [(1, 3), (3, 2), (2, 4), (4, 7)]}, padri: [10, 21], figli: [12, 16, 19, 20], mosse: [(3, 3, 6, 5, 20), (2, 2, 7, 4)]
12 -> costo: 34964.6, rotte: {3: [(1, 5), (5, 4)], 2: [(1, 3), (3, 2), (2, 4), (4, 7), (7, 6)]}, padri: [11, 16, 16, 16, 22, 25], figli: [13, 13, 13, 15, 15, 15, 15, 18, 18, 18, 24, 24, 24], mosse: [(2, 3, 7, 6, 5), (2, 2, 6, 7), (2, 2, 4, 7, 11), (2, 2, 7, 6, 5), (2, 2, 2, 4, 2), (2, 2, 2, 4, 2)]
13 -> costo: 33584.299999999996, rotte: {3: [(1, 4), (4, 5)], 2: [(1, 3), (3, 2), (2, 4), (4, 7), (7, 6)]}, padri: [12, 12, 12, 17, 17, 17, 23, 24], figli: [14, 14], mosse: [(3, 3, 5, 4), (3, 3, 1, 4, 15), (3, 3, 4, 5, 20), (2, 2, 4, 7, 11), (2, 2, 6, 7), (2, 2, 7, 6, 5), (2, 2, 2, 4, 2), (2, 2, 2, 4, 2)]
14 -> costo: 33146.6, rotte: {3: [(1, 4), (4, 5)], 2: [(1, 3), (3, 2), (2, 7), (7, 6)]}, padri: [13, 13, 15, 15, 15, 18, 18, 18, 23, 23, 24, 24], figli: [], mosse: [(3, 2, 1, 4, 2), (3, 2, 5, 4, 2), (3, 3, 5, 4), (3, 3, 1, 4, 17), (3, 3, 4, 5, 20), (2, 2, 6, 7), (2, 2, 2, 7, 11), (2, 2, 7, 6, 5), (3, 2, 1, 4, 2), (3, 2, 5, 4, 2), (3, 2, 1, 4, 2), (3, 2, 5, 4, 2)]
15 -> costo: 34526.9, rotte: {3: [(1, 5), (5, 4)], 2: [(1, 3), (3, 2), (2, 7), (7, 6)]}, padri: [12, 12, 19, 19, 19, 22, 22, 25, 25], figli: [14, 14, 14], mosse: [(3, 2, 1, 4, 2), (3, 2, 5, 4, 2), (2, 2, 6, 7), (2, 2, 2, 7, 11), (2, 2, 7, 6, 5), (3, 2, 1, 4, 2), (3, 2, 5, 4, 2), (3, 2, 1, 4, 2), (3, 2, 5, 4, 2)]
16 -> costo: 35627.3, rotte: {3: [(1, 5), (5, 4)], 2: [(1, 3), (3, 2), (2, 4), (4, 6), (6, 7)]}, padri: [11, 26], figli: [17, 12, 17, 17, 12, 12, 19, 19, 19, 19], mosse: [(2, 3, 4, 6, 5), (2, 2, 2, 4, 2)]
17 -> costo: 34247.0, rotte: {3: [(1, 4), (4, 5)], 2: [(1, 3), (3, 2), (2, 4), (4, 6), (6, 7)]}, padri: [16, 16, 16, 27], figli: [13, 13, 13, 18, 18, 18, 18, 24, 24, 24], mosse: [(3, 3, 5, 4), (3, 3, 1, 4, 15), (3, 3, 4, 5, 20), (2, 2, 2, 4, 2)]
18 -> costo: 33936.6, rotte: {3: [(1, 4), (4, 5)], 2: [(1, 3), (3, 2), (2, 6), (6, 7)]}, padri: [17, 17, 19, 19, 19, 27, 27], figli: [14, 14, 14], mosse: [(3, 2, 1, 4, 2), (3, 2, 5, 4, 2), (3, 3, 5, 4), (3, 3, 1, 4, 17), (3, 3, 4, 5, 20), (3, 2, 1, 4, 2), (3, 2, 5, 4, 2)]
19 -> costo: 35316.9, rotte: {3: [(1, 5), (5, 4)], 2: [(1, 3), (3, 2), (2, 6), (6, 7)]}, padri: [16, 16, 26, 26], figli: [18, 18, 15, 18, 15, 15], mosse: [(3, 2, 1, 4, 2), (3, 2, 5, 4, 2), (3, 2, 1, 4, 2), (3, 2, 5, 4, 2)]
20 -> costo: 36584.1, rotte: {3: [(1, 4), (4, 6), (6, 5)], 2: [(1, 3), (3, 2), (2, 4), (4, 7)]}, padri: [11, 28, 28], figli: [4, 4, 4], mosse: [(3, 3, 1, 4, 15), (2, 2, 7, 4), (2, 2, 2, 4, 2)]
21 -> costo: 40643.99999999999, rotte: {3: [(1, 6), (6, 5), (5, 4)], 2: [(1, 3), (3, 2), (2, 7), (7, 4)]}, padri: [9], figli: [11, 22, 26, 28], mosse: [(3, 3, 6, 5, 20)]
22 -> costo: 39177.200000000004, rotte: {3: [(1, 5), (5, 4)], 2: [(1, 3), (3, 2), (2, 7), (7, 6), (6, 4)]}, padri: [21, 26], figli: [23, 15, 15, 12, 23, 23, 25, 25, 25], mosse: [(2, 3, 7, 6, 5), (2, 2, 7, 6, 5)]
23 -> costo: 37796.9, rotte: {3: [(1, 4), (4, 5)], 2: [(1, 3), (3, 2), (2, 7), (7, 6), (6, 4)]}, padri: [22, 22, 22, 27], figli: [14, 14, 13, 24], mosse: [(3, 3, 5, 4), (3, 3, 1, 4, 15), (3, 3, 4, 5, 20), (2, 2, 7, 6, 5)]
24 -> costo: 37550.8, rotte: {3: [(1, 4), (4, 5)], 2: [(1, 3), (3, 4), (4, 2), (2, 7), (7, 6)]}, padri: [23, 25, 25, 25], figli: [14, 14, 13], mosse: [(2, 2, 3, 4, 2), (3, 3, 5, 4), (3, 3, 1, 4, 15), (3, 3, 4, 5, 20)]
25 -> costo: 38931.100000000006, rotte: {3: [(1, 5), (5, 4)], 2: [(1, 3), (3, 4), (4, 2), (2, 7), (7, 6)]}, padri: [22], figli: [24, 15, 15, 12, 24, 24], mosse: [(2, 2, 3, 4, 2)]
26 -> costo: 39297.1, rotte: {3: [(1, 5), (5, 4)], 2: [(1, 3), (3, 2), (2, 6), (6, 7), (7, 4)]}, padri: [21], figli: [27, 19, 19, 16, 27, 27, 22], mosse: [(2, 3, 2, 6, 5)]
27 -> costo: 37916.799999999996, rotte: {3: [(1, 4), (4, 5)], 2: [(1, 3), (3, 2), (2, 6), (6, 7), (7, 4)]}, padri: [26, 26, 26], figli: [18, 18, 17, 23], mosse: [(3, 3, 5, 4), (3, 3, 1, 4, 15), (3, 3, 4, 5, 20)]
28 -> costo: 40126.59999999999, rotte: {3: [(1, 4), (4, 6), (6, 5)], 2: [(1, 3), (3, 2), (2, 7), (7, 4)]}, padri: [21], figli: [20, 20], mosse: [(3, 3, 1, 4, 15)]
bestSolutionIndice: 14
14 -> costo: 33146.6, rotte: {3: [(1, 4), (4, 5)], 2: [(1, 3), (3, 2), (2, 7), (7, 6)]}, padri: [13, 13, 15, 15, 15, 18, 18, 18, 23, 23, 24, 24], figli: [], mosse: [(3, 2, 1, 4, 2), (3, 2, 5, 4, 2), (3, 3, 5, 4), (3, 3, 1, 4, 17), (3, 3, 4, 5, 20), (2, 2, 6, 7), (2, 2, 2, 7, 11), (2, 2, 7, 6, 5), (3, 2, 1, 4, 2), (3, 2, 5, 4, 2), (3, 2, 1, 4, 2), (3, 2, 5, 4, 2)]
trasportoPalletDiGamma: {3: [(4, 17), (5, 20)], 2: [(3, 11), (2, 6), (7, 11), (6, 5)]}
itMosseLS: 105, itMosseTS: 100
time elapsed: 12.90s.


##########################################################################################
s: 1
dictSolutions[1]:
0 -> costo: 44345.99999999999, rotte: {3: [(1, 6), (6, 5), (5, 3)], 2: [(1, 2), (2, 7), (7, 4)]}, padri: [-1], figli: [1, 9, 9, 9, 24, 24, 24], mosse: [-1]
1 -> costo: 39772.79999999999, rotte: {3: [(1, 3), (3, 6), (6, 5)], 2: [(1, 2), (2, 7), (7, 4)]}, padri: [0], figli: [2, 4, 2, 2, 4, 4, 7, 7, 7, 8, 10, 10, 10], mosse: [(3, 3, 1, 3, 11)]
2 -> costo: 36230.299999999996, rotte: {3: [(1, 3), (3, 6), (6, 5)], 2: [(1, 2), (2, 4), (4, 7)]}, padri: [1, 1, 1, 8, 9], figli: [3, 3, 3, 5, 5, 5], mosse: [(2, 2, 7, 4), (2, 2, 2, 4, 17), (2, 2, 4, 7, 11), (2, 2, 2, 4, 17), (3, 3, 1, 3, 11)]
3 -> costo: 35077.0, rotte: {3: [(1, 3), (3, 5), (5, 6)], 2: [(1, 2), (2, 4), (4, 7)]}, padri: [2, 2, 2, 4, 4, 4, 6], figli: [], mosse: [(3, 3, 3, 5, 20), (3, 3, 6, 5), (3, 3, 5, 6, 5), (2, 2, 2, 4, 17), (2, 2, 7, 4), (2, 2, 4, 7, 11), (2, 2, 2, 4, 17)]
4 -> costo: 38619.49999999999, rotte: {3: [(1, 3), (3, 5), (5, 6)], 2: [(1, 2), (2, 7), (7, 4)]}, padri: [1, 1, 1], figli: [3, 3, 3, 5, 5, 5, 6], mosse: [(3, 3, 6, 5), (3, 3, 3, 5, 20), (3, 3, 5, 6, 5)]
5 -> costo: 38027.9, rotte: {3: [(1, 3), (3, 5), (5, 6)], 2: [(1, 7), (7, 4), (4, 2)]}, padri: [4, 6, 7, 7, 7], figli: [], mosse: [(2, 2, 4, 2, 6), (2, 2, 1, 7, 11), (3, 3, 6, 5), (3, 3, 3, 5, 20), (3, 3, 5, 6, 5)]
6 -> costo: 38283.3, rotte: {3: [(1, 3), (3, 5), (5, 6)], 2: [(1, 4), (4, 2), (2, 7)]}, padri: [4, 8, 8, 8], figli: [3, 5], mosse: [(2, 2, 1, 4, 17), (3, 3, 6, 5), (3, 3, 3, 5, 20), (3, 3, 5, 6, 5)]
7 -> costo: 39181.2, rotte: {3: [(1, 3), (3, 6), (6, 5)], 2: [(1, 7), (7, 4), (4, 2)]}, padri: [1, 8], figli: [5, 5, 5], mosse: [(2, 2, 4, 2, 6), (2, 2, 1, 7, 11)]
8 -> costo: 39436.6, rotte: {3: [(1, 3), (3, 6), (6, 5)], 2: [(1, 4), (4, 2), (2, 7)]}, padri: [1], figli: [6, 2, 6, 6, 7, 10], mosse: [(2, 2, 1, 4, 17)]
9 -> costo: 40803.5, rotte: {3: [(1, 6), (6, 5), (5, 3)], 2: [(1, 2), (2, 4), (4, 7)]}, padri: [0, 0, 0], figli: [2, 10, 17, 28], mosse: [(2, 2, 7, 4), (2, 2, 2, 4, 17), (2, 2, 4, 7, 11)]
10 -> costo: 38666.6, rotte: {3: [(1, 5), (5, 3)], 2: [(1, 2), (2, 4), (4, 7), (7, 6)]}, padri: [9, 17, 17, 17, 24], figli: [11, 11, 11, 13, 13, 13, 15, 15, 15, 21, 26, 26, 26, 29], mosse: [(2, 3, 7, 6, 5), (2, 2, 6, 7), (2, 2, 4, 7, 11), (2, 2, 7, 6, 5), (2, 2, 2, 4, 17)]
11 -> costo: 34037.9, rotte: {3: [(1, 3), (3, 5)], 2: [(1, 2), (2, 4), (4, 7), (7, 6)]}, padri: [10, 10, 10, 14, 15, 18, 18, 18, 25], figli: [12], mosse: [(3, 3, 5, 3), (3, 3, 1, 3, 11), (3, 3, 3, 5, 20), (2, 3, 1, 2, 6), (2, 2, 2, 4, 17), (2, 2, 6, 7), (2, 2, 4, 7, 11), (2, 2, 7, 6, 5), (2, 2, 2, 4, 17)]
12 -> costo: 33277.7, rotte: {3: [(1, 3), (3, 2), (2, 5)], 2: [(1, 4), (4, 7), (7, 6)]}, padri: [11, 14, 16, 16, 16, 19, 19, 19, 26], figli: [], mosse: [(3, 2, 3, 2, 6), (3, 3, 3, 2, 6), (3, 3, 5, 2), (3, 3, 3, 2, 6), (3, 3, 2, 5, 20), (2, 2, 6, 7), (2, 2, 4, 7, 11), (2, 2, 7, 6, 5), (2, 2, 1, 4, 17)]
13 -> costo: 37835.1, rotte: {3: [(1, 5), (5, 2), (2, 3)], 2: [(1, 4), (4, 7), (7, 6)]}, padri: [10, 20, 20, 20, 28], figli: [14, 16, 22], mosse: [(3, 2, 5, 2, 6), (2, 2, 6, 7), (2, 2, 4, 7, 11), (2, 2, 7, 6, 5), (2, 2, 1, 4, 17)]
14 -> costo: 37588.1, rotte: {3: [(1, 2), (2, 3), (3, 5)], 2: [(1, 4), (4, 7), (7, 6)]}, padri: [13, 16, 21, 21, 21, 29], figli: [12, 11, 15, 26, 27], mosse: [(3, 3, 3, 5, 20), (3, 3, 1, 2, 6), (2, 2, 6, 7), (2, 2, 4, 7, 11), (2, 2, 7, 6, 5), (2, 2, 1, 4, 17)]
15 -> costo: 37244.2, rotte: {3: [(1, 3), (3, 5)], 2: [(1, 4), (4, 2), (2, 7), (7, 6)]}, padri: [14, 22, 22, 22, 25], figli: [11, 26], mosse: [(2, 3, 4, 2, 6), (2, 2, 6, 7), (2, 2, 2, 7, 11), (2, 2, 7, 6, 5), (2, 2, 1, 4, 17)]
16 -> costo: 37693.9, rotte: {3: [(1, 3), (3, 5), (5, 2)], 2: [(1, 4), (4, 7), (7, 6)]}, padri: [13, 23, 23, 23], figli: [12, 12, 12, 14, 22], mosse: [(3, 3, 1, 3, 11), (2, 2, 6, 7), (2, 2, 4, 7, 11), (2, 2, 7, 6, 5)]
17 -> costo: 39329.3, rotte: {3: [(1, 5), (5, 3)], 2: [(1, 2), (2, 4), (4, 6), (6, 7)]}, padri: [9], figli: [18, 10, 18, 18, 20, 20, 20, 10, 10, 28, 28, 28], mosse: [(2, 3, 4, 6, 5)]
18 -> costo: 34700.6, rotte: {3: [(1, 3), (3, 5)], 2: [(1, 2), (2, 4), (4, 6), (6, 7)]}, padri: [17, 17, 17, 21, 22], figli: [19, 11, 11, 11, 26, 26, 26], mosse: [(3, 3, 5, 3), (3, 3, 1, 3, 11), (3, 3, 3, 5, 20), (2, 3, 1, 2, 6), (2, 2, 2, 4, 17)]
19 -> costo: 33940.4, rotte: {3: [(1, 3), (3, 2), (2, 5)], 2: [(1, 4), (4, 6), (6, 7)]}, padri: [18, 21, 23, 23, 23], figli: [12, 12, 12], mosse: [(3, 2, 3, 2, 6), (3, 3, 3, 2, 6), (3, 3, 5, 2), (3, 3, 3, 2, 6), (3, 3, 2, 5, 20)]
20 -> costo: 38497.799999999996, rotte: {3: [(1, 5), (5, 2), (2, 3)], 2: [(1, 4), (4, 6), (6, 7)]}, padri: [17], figli: [13, 13, 13, 21, 21, 21, 23, 29, 29, 29], mosse: [(3, 2, 5, 2, 6)]
21 -> costo: 38250.799999999996, rotte: {3: [(1, 2), (2, 3), (3, 5)], 2: [(1, 4), (4, 6), (6, 7)]}, padri: [20, 23], figli: [14, 19, 18, 14, 14, 22, 22, 22], mosse: [(3, 3, 3, 5, 20), (3, 3, 1, 2, 6)]
22 -> costo: 38034.2, rotte: {3: [(1, 3), (3, 5)], 2: [(1, 4), (4, 2), (2, 6), (6, 7)]}, padri: [21], figli: [15, 18, 15, 15, 27, 27, 27], mosse: [(2, 3, 4, 2, 6)]
23 -> costo: 38356.6, rotte: {3: [(1, 3), (3, 5), (5, 2)], 2: [(1, 4), (4, 6), (6, 7)]}, padri: [20], figli: [19, 19, 16, 19, 16, 16, 21], mosse: [(3, 3, 1, 3, 11)]
24 -> costo: 42879.2, rotte: {3: [(1, 5), (5, 3)], 2: [(1, 2), (2, 7), (7, 6), (6, 4)]}, padri: [0], figli: [25, 25, 25, 10, 28, 30, 30, 30], mosse: [(2, 3, 7, 6, 5)]
25 -> costo: 38250.5, rotte: {3: [(1, 3), (3, 5)], 2: [(1, 2), (2, 7), (7, 6), (6, 4)]}, padri: [24, 24, 24, 29], figli: [11, 26, 15, 27], mosse: [(3, 3, 5, 3), (3, 3, 1, 3, 11), (3, 3, 3, 5, 20), (2, 3, 1, 2, 6)]
26 -> costo: 35628.5, rotte: {3: [(1, 3), (3, 2), (2, 5)], 2: [(1, 7), (7, 6), (6, 4)]}, padri: [25, 29], figli: [12], mosse: [(3, 2, 3, 2, 6), (3, 3, 3, 2, 6)]
27 -> costo: 37658.899999999994, rotte: {3: [(1, 3), (3, 5)], 2: [(1, 7), (7, 6), (6, 4), (4, 2)]}, padri: [25, 29, 30, 30, 30], figli: [], mosse: [(2, 2, 4, 2, 6), (2, 3, 4, 2, 6), (2, 2, 2, 4), (2, 2, 6, 4, 17), (2, 2, 4, 2, 6)]
28 -> costo: 40185.9, rotte: {3: [(1, 5), (5, 2), (2, 3)], 2: [(1, 7), (7, 6), (6, 4)]}, padri: [24], figli: [13, 29], mosse: [(3, 2, 5, 2, 6)]
29 -> costo: 39938.9, rotte: {3: [(1, 2), (2, 3), (3, 5)], 2: [(1, 7), (7, 6), (6, 4)]}, padri: [28], figli: [26, 14, 27, 25, 30], mosse: [(3, 3, 3, 5, 20)]
30 -> costo: 39711.7, rotte: {3: [(1, 3), (3, 5)], 2: [(1, 7), (7, 6), (6, 2), (2, 4)]}, padri: [29], figli: [27, 27, 27], mosse: [(2, 3, 6, 2, 6)]
bestSolutionIndice: 12
12 -> costo: 33277.7, rotte: {3: [(1, 3), (3, 2), (2, 5)], 2: [(1, 4), (4, 7), (7, 6)]}, padri: [11, 14, 16, 16, 16, 19, 19, 19, 26], figli: [], mosse: [(3, 2, 3, 2, 6), (3, 3, 3, 2, 6), (3, 3, 5, 2), (3, 3, 3, 2, 6), (3, 3, 2, 5, 20), (2, 2, 6, 7), (2, 2, 4, 7, 11), (2, 2, 7, 6, 5), (2, 2, 1, 4, 17)]
trasportoPalletDiGamma: {3: [(3, 11), (2, 6), (5, 20)], 2: [(4, 17), (7, 11), (6, 5)]}
itMosseLS: 105, itMosseTS: 100
time elapsed: 15.58s.


##########################################################################################
s: 1
dictSolutions[1]:
0 -> costo: 47345.3, rotte: {3: [(1, 6), (6, 3), (3, 2), (2, 4)], 2: [(1, 5), (5, 7), (7, 4)]}, padri: [-1], figli: [1, 7, 8], mosse: [-1]
1 -> costo: 37962.1, rotte: {3: [(1, 3), (3, 2), (2, 4), (4, 6)], 2: [(1, 5), (5, 7), (7, 4)]}, padri: [0, 7, 7, 7, 18], figli: [2, 2, 2, 2, 3, 3, 3, 3, 4, 9, 9, 9, 9, 13], mosse: [(3, 3, 4, 6, 5), (3, 3, 6, 4), (3, 3, 2, 4, 8), (3, 3, 4, 6, 5), (3, 3, 2, 4, 8)]
2 -> costo: 33981.9, rotte: {3: [(1, 3), (3, 2), (2, 4), (4, 6)], 2: [(1, 5), (5, 7)]}, padri: [1, 1, 1, 1, 3, 3, 3, 3, 5, 5, 5, 8, 8, 8, 9], figli: [], mosse: [(3, 2, 1, 4, 9), (3, 2, 3, 4, 9), (3, 2, 2, 4, 9), (3, 2, 6, 4, 9), (3, 2, 1, 4, 9), (3, 2, 3, 4, 9), (3, 2, 2, 4, 9), (3, 2, 6, 4, 9), (2, 2, 7, 5), (2, 2, 1, 5, 20), (2, 2, 5, 7, 11), (3, 3, 6, 4), (3, 3, 2, 4, 17), (3, 3, 4, 6, 5), (3, 3, 2, 4, 17)]
3 -> costo: 35291.2, rotte: {3: [(1, 3), (3, 2), (2, 4), (4, 6)], 2: [(1, 4), (4, 5), (5, 7)]}, padri: [1, 6, 6, 6, 10, 10, 10, 11], figli: [2, 2, 2, 2, 9, 9, 9, 9], mosse: [(2, 2, 1, 4, 9), (2, 2, 7, 5), (2, 2, 4, 5, 20), (2, 2, 5, 7, 11), (3, 3, 6, 4), (3, 3, 2, 4, 8), (3, 3, 4, 6, 5), (3, 3, 2, 4, 8)]
4 -> costo: 36979.299999999996, rotte: {3: [(1, 3), (3, 2), (2, 4), (4, 6)], 2: [(1, 7), (7, 5), (5, 4)]}, padri: [1, 12, 12, 12, 17], figli: [5, 5, 5, 5, 6, 6, 6, 6], mosse: [(2, 2, 7, 5, 20), (3, 3, 6, 4), (3, 3, 2, 4, 8), (3, 3, 4, 6, 5), (3, 3, 2, 4, 8)]
5 -> costo: 34289.7, rotte: {3: [(1, 3), (3, 2), (2, 4), (4, 6)], 2: [(1, 7), (7, 5)]}, padri: [4, 4, 4, 4, 6, 6, 6, 6, 13, 13, 13, 14], figli: [2, 2, 2, 9, 9, 9], mosse: [(3, 2, 1, 4, 9), (3, 2, 3, 4, 9), (3, 2, 2, 4, 9), (3, 2, 6, 4, 9), (3, 2, 1, 4, 9), (3, 2, 3, 4, 9), (3, 2, 2, 4, 9), (3, 2, 6, 4, 9), (3, 3, 6, 4), (3, 3, 2, 4, 17), (3, 3, 4, 6, 5), (3, 3, 2, 4, 17)]
6 -> costo: 36589.2, rotte: {3: [(1, 3), (3, 2), (2, 4), (4, 6)], 2: [(1, 4), (4, 7), (7, 5)]}, padri: [4, 15, 15, 15, 16], figli: [3, 5, 5, 5, 5, 3, 3], mosse: [(2, 2, 1, 4, 9), (3, 3, 6, 4), (3, 3, 2, 4, 8), (3, 3, 4, 6, 5), (3, 3, 2, 4, 8)]
7 -> costo: 42302.0, rotte: {3: [(1, 3), (3, 2), (2, 6), (6, 4)], 2: [(1, 5), (5, 7), (7, 4)]}, padri: [0], figli: [1, 1, 1, 8, 8, 8, 8, 8, 8, 10, 10, 10, 10, 11, 11, 11, 11, 12, 14, 14, 14, 14, 16, 18], mosse: [(3, 3, 2, 6, 5)]
8 -> costo: 38321.8, rotte: {3: [(1, 3), (3, 2), (2, 6), (6, 4)], 2: [(1, 5), (5, 7)]}, padri: [7, 7, 7, 7, 10, 10, 10, 10, 13, 13, 13], figli: [2, 2, 2, 9, 9, 9], mosse: [(3, 2, 1, 4, 9), (3, 2, 3, 4, 9), (3, 2, 2, 4, 9), (3, 2, 6, 4, 9), (3, 2, 1, 4, 9), (3, 2, 3, 4, 9), (3, 2, 2, 4, 9), (3, 2, 6, 4, 9), (2, 2, 7, 5), (2, 2, 1, 5, 20), (2, 2, 5, 7, 11)]
9 -> costo: 38075.7, rotte: {3: [(1, 3), (3, 4), (4, 2), (2, 6)], 2: [(1, 5), (5, 7)]}, padri: [8, 11, 11, 11, 11, 14, 14, 14, 18, 18], figli: [2], mosse: [(3, 3, 3, 4, 17), (3, 2, 1, 4, 9), (3, 2, 3, 4, 9), (3, 2, 2, 4, 9), (3, 2, 6, 4, 9), (2, 2, 7, 5), (2, 2, 1, 5, 20), (2, 2, 5, 7, 11), (3, 2, 1, 4, 9), (3, 2, 3, 4, 9)]
10 -> costo: 39631.100000000006, rotte: {3: [(1, 3), (3, 2), (2, 6), (6, 4)], 2: [(1, 4), (4, 5), (5, 7)]}, padri: [7, 15, 15, 15], figli: [3, 3, 3, 8, 8, 8, 8, 11, 11, 11, 11, 14, 14, 14, 14], mosse: [(2, 2, 1, 4, 9), (2, 2, 7, 5), (2, 2, 4, 5, 20), (2, 2, 5, 7, 11)]
11 -> costo: 39385.0, rotte: {3: [(1, 3), (3, 4), (4, 2), (2, 6)], 2: [(1, 4), (4, 5), (5, 7)]}, padri: [10, 16, 16, 16], figli: [3, 9, 9, 9, 9], mosse: [(3, 3, 3, 4, 8), (2, 2, 7, 5), (2, 2, 4, 5, 20), (2, 2, 5, 7, 11)]
12 -> costo: 41319.2, rotte: {3: [(1, 3), (3, 2), (2, 6), (6, 4)], 2: [(1, 7), (7, 5), (5, 4)]}, padri: [7], figli: [4, 4, 4, 13, 13, 13, 13, 13, 13, 15, 15, 15, 15, 17], mosse: [(2, 2, 7, 5, 20)]
13 -> costo: 38629.6, rotte: {3: [(1, 3), (3, 2), (2, 6), (6, 4)], 2: [(1, 7), (7, 5)]}, padri: [12, 12, 12, 12, 15, 15, 15, 15], figli: [5, 5, 8, 5, 8, 8, 14, 14, 14], mosse: [(3, 2, 1, 4, 9), (3, 2, 3, 4, 9), (3, 2, 2, 4, 9), (3, 2, 6, 4, 9), (3, 2, 1, 4, 9), (3, 2, 3, 4, 9), (3, 2, 2, 4, 9), (3, 2, 6, 4, 9)]
14 -> costo: 38383.49999999999, rotte: {3: [(1, 3), (3, 4), (4, 2), (2, 6)], 2: [(1, 7), (7, 5)]}, padri: [13, 16, 16, 16, 16, 17, 17, 17, 17], figli: [9, 5, 9, 9], mosse: [(3, 3, 3, 4, 17), (3, 2, 1, 4, 9), (3, 2, 3, 4, 9), (3, 2, 2, 4, 9), (3, 2, 6, 4, 9), (3, 2, 1, 4, 9), (3, 2, 3, 4, 9), (3, 2, 2, 4, 9), (3, 2, 6, 4, 9)]
15 -> costo: 40929.1, rotte: {3: [(1, 3), (3, 2), (2, 6), (6, 4)], 2: [(1, 4), (4, 7), (7, 5)]}, padri: [12], figli: [6, 6, 10, 6, 13, 13, 13, 13, 10, 10, 16, 16, 16], mosse: [(2, 2, 1, 4, 9)]
16 -> costo: 40682.99999999999, rotte: {3: [(1, 3), (3, 4), (4, 2), (2, 6)], 2: [(1, 4), (4, 7), (7, 5)]}, padri: [15, 17], figli: [11, 6, 14, 14, 14, 14, 11, 11], mosse: [(3, 3, 3, 4, 8), (2, 2, 1, 4, 9)]
17 -> costo: 41073.09999999999, rotte: {3: [(1, 3), (3, 4), (4, 2), (2, 6)], 2: [(1, 7), (7, 5), (5, 4)]}, padri: [12], figli: [4, 14, 14, 14, 14, 16], mosse: [(3, 3, 3, 4, 8)]
18 -> costo: 42055.899999999994, rotte: {3: [(1, 3), (3, 4), (4, 2), (2, 6)], 2: [(1, 5), (5, 7), (7, 4)]}, padri: [7], figli: [1, 9, 9], mosse: [(3, 3, 3, 4, 8)]
bestSolutionIndice: 2
2 -> costo: 33981.9, rotte: {3: [(1, 3), (3, 2), (2, 4), (4, 6)], 2: [(1, 5), (5, 7)]}, padri: [1, 1, 1, 1, 3, 3, 3, 3, 5, 5, 5, 8, 8, 8, 9], figli: [], mosse: [(3, 2, 1, 4, 9), (3, 2, 3, 4, 9), (3, 2, 2, 4, 9), (3, 2, 6, 4, 9), (3, 2, 1, 4, 9), (3, 2, 3, 4, 9), (3, 2, 2, 4, 9), (3, 2, 6, 4, 9), (2, 2, 7, 5), (2, 2, 1, 5, 20), (2, 2, 5, 7, 11), (3, 3, 6, 4), (3, 3, 2, 4, 17), (3, 3, 4, 6, 5), (3, 3, 2, 4, 17)]
trasportoPalletDiGamma: {3: [(3, 11), (2, 6), (4, 17), (6, 5)], 2: [(5, 20), (7, 11)]}
itMosseLS: 103, itMosseTS: 100
time elapsed: 19.92s.


##########################################################################################
s: 1
dictSolutions[1]:
0 -> costo: 34722.5, rotte: {3: [(1, 5), (5, 6), (6, 7)], 2: [(1, 2), (2, 3), (3, 4)]}, padri: [-1], figli: [1, 2, 3, 4, 3, 2, 2], mosse: [-1]
1 -> costo: 30412.1, rotte: {3: [(1, 5), (5, 6), (6, 7)], 2: [(1, 3), (3, 2), (2, 4)]}, padri: [0, 2, 4, 4, 4], figli: [], mosse: [(2, 2, 3, 2, 6), (2, 2, 1, 3, 11), (2, 2, 4, 2), (2, 2, 3, 2, 6), (2, 2, 2, 4, 17)]
2 -> costo: 34417.9, rotte: {3: [(1, 5), (5, 6), (6, 7)], 2: [(1, 2), (2, 4), (4, 3)]}, padri: [0, 0, 0], figli: [1, 3], mosse: [(2, 2, 3, 4), (2, 2, 2, 4, 17), (2, 2, 4, 3, 11)]
3 -> costo: 33586.4, rotte: {3: [(1, 5), (5, 6), (6, 7)], 2: [(1, 4), (4, 2), (2, 3)]}, padri: [2, 0], figli: [4], mosse: [(2, 2, 4, 2, 6), (2, 2, 1, 4, 17)]
4 -> costo: 32442.499999999996, rotte: {3: [(1, 5), (5, 6), (6, 7)], 2: [(1, 3), (3, 4), (4, 2)]}, padri: [3, 0], figli: [1, 1, 1], mosse: [(2, 2, 1, 3, 11), (2, 2, 4, 2, 6)]
bestSolutionIndice: 1
1 -> costo: 30412.1, rotte: {3: [(1, 5), (5, 6), (6, 7)], 2: [(1, 3), (3, 2), (2, 4)]}, padri: [0, 2, 4, 4, 4], figli: [], mosse: [(2, 2, 3, 2, 6), (2, 2, 1, 3, 11), (2, 2, 4, 2), (2, 2, 3, 2, 6), (2, 2, 2, 4, 17)]
trasportoPalletDiGamma: {3: [(5, 20), (6, 5), (7, 11)], 2: [(3, 11), (2, 6), (4, 17)]}
itMosseLS: 12, itMosseTS: 12
time elapsed: 0.82s.


##########################################################################################
s: 1
dictSolutions[1]:
0 -> costo: 36371.799999999996, rotte: {3: [(1, 4), (4, 3), (3, 2)], 2: [(1, 7), (7, 6), (6, 5)]}, padri: [-1], figli: [1, 4, 6, 5, 4, 4, 10, 10, 10, 11, 11, 11, 13], mosse: [-1]
1 -> costo: 30719.899999999994, rotte: {3: [(1, 3), (3, 2), (2, 4)], 2: [(1, 7), (7, 6), (6, 5)]}, padri: [0, 5, 5, 5, 10], figli: [2, 7, 14], mosse: [(3, 3, 2, 4, 17), (3, 3, 4, 2), (3, 3, 3, 2, 6), (3, 3, 2, 4, 17), (3, 3, 1, 3, 11)]
2 -> costo: 30417.199999999997, rotte: {3: [(1, 3), (3, 2), (2, 4)], 2: [(1, 5), (5, 7), (7, 6)]}, padri: [1, 6, 6, 6, 11, 13], figli: [3, 3, 3], mosse: [(2, 2, 1, 5, 20), (3, 3, 4, 2), (3, 3, 3, 2, 6), (3, 3, 2, 4, 17), (3, 3, 1, 3, 11), (3, 3, 2, 4, 17)]
3 -> costo: 30412.1, rotte: {3: [(1, 3), (3, 2), (2, 4)], 2: [(1, 5), (5, 6), (6, 7)]}, padri: [2, 2, 2, 7, 7, 7, 12, 14], figli: [], mosse: [(2, 2, 7, 6), (2, 2, 5, 6, 5), (2, 2, 6, 7, 11), (3, 3, 3, 2, 6), (3, 3, 4, 2), (3, 3, 2, 4, 17), (3, 3, 1, 3, 11), (3, 3, 2, 4, 17)]
4 -> costo: 33894.2, rotte: {3: [(1, 4), (4, 2), (2, 3)], 2: [(1, 7), (7, 6), (6, 5)]}, padri: [0, 0, 0, 10], figli: [5, 8], mosse: [(3, 3, 3, 2), (3, 3, 4, 2, 6), (3, 3, 2, 3, 11), (3, 3, 4, 2, 6)]
5 -> costo: 32750.299999999996, rotte: {3: [(1, 3), (3, 4), (4, 2)], 2: [(1, 7), (7, 6), (6, 5)]}, padri: [4, 0], figli: [1, 1, 1, 6, 6, 6], mosse: [(3, 3, 1, 3, 11), (3, 3, 3, 4, 17)]
6 -> costo: 32447.6, rotte: {3: [(1, 3), (3, 4), (4, 2)], 2: [(1, 5), (5, 7), (7, 6)]}, padri: [5, 8, 13], figli: [2, 2, 7, 7, 2, 7, 7, 14, 14, 14], mosse: [(2, 2, 1, 5, 20), (3, 3, 1, 3, 11), (3, 3, 3, 4, 17)]
7 -> costo: 32442.5, rotte: {3: [(1, 3), (3, 4), (4, 2)], 2: [(1, 5), (5, 6), (6, 7)]}, padri: [6, 6, 6, 9, 14], figli: [3, 3, 3], mosse: [(2, 2, 7, 6), (2, 2, 5, 6, 5), (2, 2, 6, 7, 11), (3, 3, 1, 3, 11), (3, 3, 3, 4, 17)]
8 -> costo: 33591.5, rotte: {3: [(1, 4), (4, 2), (2, 3)], 2: [(1, 5), (5, 7), (7, 6)]}, padri: [4, 11, 13, 13, 13], figli: [9, 6, 9, 9], mosse: [(2, 2, 1, 5, 20), (3, 3, 4, 2, 6), (3, 3, 3, 2), (3, 3, 4, 2, 6), (3, 3, 2, 3, 11)]
9 -> costo: 33586.4, rotte: {3: [(1, 4), (4, 2), (2, 3)], 2: [(1, 5), (5, 6), (6, 7)]}, padri: [8, 8, 8, 12, 14, 14, 14], figli: [7], mosse: [(2, 2, 7, 6), (2, 2, 5, 6, 5), (2, 2, 6, 7, 11), (3, 3, 4, 2, 6), (3, 3, 3, 2), (3, 3, 4, 2, 6), (3, 3, 2, 3, 11)]
10 -> costo: 34725.7, rotte: {3: [(1, 2), (2, 4), (4, 3)], 2: [(1, 7), (7, 6), (6, 5)]}, padri: [0], figli: [1, 4, 11], mosse: [(3, 3, 1, 2, 6)]
11 -> costo: 34423.0, rotte: {3: [(1, 2), (2, 4), (4, 3)], 2: [(1, 5), (5, 7), (7, 6)]}, padri: [10, 13], figli: [12, 2, 8, 12, 12, 14], mosse: [(2, 2, 1, 5, 20), (3, 3, 1, 2, 6)]
12 -> costo: 34417.9, rotte: {3: [(1, 2), (2, 4), (4, 3)], 2: [(1, 5), (5, 6), (6, 7)]}, padri: [11, 11, 11, 14], figli: [3, 9], mosse: [(2, 2, 7, 6), (2, 2, 5, 6, 5), (2, 2, 6, 7, 11), (3, 3, 1, 2, 6)]
13 -> costo: 36069.1, rotte: {3: [(1, 4), (4, 3), (3, 2)], 2: [(1, 5), (5, 7), (7, 6)]}, padri: [0], figli: [8, 2, 14, 6, 8, 8, 11, 14, 14], mosse: [(2, 2, 1, 5, 20)]
14 -> costo: 36064.0, rotte: {3: [(1, 4), (4, 3), (3, 2)], 2: [(1, 5), (5, 6), (6, 7)]}, padri: [13, 13, 13], figli: [3, 9, 7, 9, 9, 12], mosse: [(2, 2, 7, 6), (2, 2, 5, 6, 5), (2, 2, 6, 7, 11)]
bestSolutionIndice: 3
3 -> costo: 30412.1, rotte: {3: [(1, 3), (3, 2), (2, 4)], 2: [(1, 5), (5, 6), (6, 7)]}, padri: [2, 2, 2, 7, 7, 7, 12, 14], figli: [], mosse: [(2, 2, 7, 6), (2, 2, 5, 6, 5), (2, 2, 6, 7, 11), (3, 3, 3, 2, 6), (3, 3, 4, 2), (3, 3, 2, 4, 17), (3, 3, 1, 3, 11), (3, 3, 2, 4, 17)]
trasportoPalletDiGamma: {3: [(3, 11), (2, 6), (4, 17)], 2: [(5, 20), (6, 5), (7, 11)]}
itMosseLS: 56, itMosseTS: 56
time elapsed: 4.25s.


