itNSIMax: 10, itMosseTSMax: 20.
##########################################################################################
s: 1
dictSolutions[1]:
0 -> costo: 45559.799999999996, rotte: {2: [(1, 7), (7, 3), (3, 2), (2, 4)], 3: [(1, 6), (6, 5), (5, 4)]}, padri: [-1], figli: [1], mosse: [-1]
1 -> costo: 37101.49999999999, rotte: {2: [(1, 3), (3, 2), (2, 4), (4, 7)], 3: [(1, 6), (6, 5), (5, 4)]}, padri: [0], figli: [2, 6], mosse: [(2, 2, 4, 7, 11)]
2 -> costo: 34964.6, rotte: {2: [(1, 3), (3, 2), (2, 4), (4, 7), (7, 6)], 3: [(1, 5), (5, 4)]}, padri: [1], figli: [3, 3, 3, 5, 5, 5, 5, 8, 8, 8], mosse: [(2, 3, 7, 6, 5)]
3 -> costo: 33584.299999999996, rotte: {2: [(1, 3), (3, 2), (2, 4), (4, 7), (7, 6)], 3: [(1, 4), (4, 5)]}, padri: [2, 2, 2, 7, 7, 7], figli: [4, 4], mosse: [(3, 3, 1, 4, 15), (3, 3, 4, 5, 20), (3, 3, 5, 4), (2, 2, 6, 7), (2, 2, 4, 7, 11), (2, 2, 7, 6, 5)]
4 -> costo: 33146.6, rotte: {2: [(1, 3), (3, 2), (2, 7), (7, 6)], 3: [(1, 4), (4, 5)]}, padri: [3, 3, 5, 5, 5, 8, 8, 8], figli: [], mosse: [(3, 2, 1, 4, 2), (3, 2, 5, 4, 2), (3, 3, 1, 4, 17), (3, 3, 4, 5, 20), (3, 3, 5, 4), (2, 2, 6, 7), (2, 2, 2, 7, 11), (2, 2, 7, 6, 5)]
5 -> costo: 34526.9, rotte: {2: [(1, 3), (3, 2), (2, 7), (7, 6)], 3: [(1, 5), (5, 4)]}, padri: [2, 2], figli: [4, 4, 4], mosse: [(3, 2, 1, 4, 2), (3, 2, 5, 4, 2)]
6 -> costo: 35627.299999999996, rotte: {2: [(1, 3), (3, 2), (2, 4), (4, 6), (6, 7)], 3: [(1, 5), (5, 4)]}, padri: [1], figli: [7, 7], mosse: [(2, 3, 4, 6, 5)]
7 -> costo: 34247.0, rotte: {2: [(1, 3), (3, 2), (2, 4), (4, 6), (6, 7)], 3: [(1, 4), (4, 5)]}, padri: [6, 6], figli: [3, 3, 3, 8, 8, 8, 8], mosse: [(3, 3, 1, 4, 15), (3, 3, 4, 5, 20)]
8 -> costo: 33936.6, rotte: {2: [(1, 3), (3, 2), (2, 6), (6, 7)], 3: [(1, 4), (4, 5)]}, padri: [7, 7], figli: [4, 4, 4], mosse: [(3, 2, 1, 4, 2), (3, 2, 5, 4, 2)]
bestSolutionIndice: 4
4 -> costo: 33146.6, rotte: {2: [(1, 3), (3, 2), (2, 7), (7, 6)], 3: [(1, 4), (4, 5)]}, padri: [3, 3, 5, 5, 5, 8, 8, 8], figli: [], mosse: [(3, 2, 1, 4, 2), (3, 2, 5, 4, 2), (3, 3, 1, 4, 17), (3, 3, 4, 5, 20), (3, 3, 5, 4), (2, 2, 6, 7), (2, 2, 2, 7, 11), (2, 2, 7, 6, 5)]
trasportoPalletDiGamma: {2: [(3, 11), (2, 6), (7, 11), (6, 5)], 3: [(4, 17), (5, 20)]}
itMosseLS: 23, itMosseTS: 20
time elapsed: 2.31s.


##########################################################################################
s: 1
dictSolutions[1]:
0 -> costo: 32447.599999999995, rotte: {3: [(1, 5), (5, 7), (7, 6)], 2: [(1, 3), (3, 4), (4, 2)]}, padri: [-1], figli: [1, 1, 1, 3, 3, 3, 3, 3], mosse: [-1]
1 -> costo: 30417.199999999997, rotte: {3: [(1, 5), (5, 7), (7, 6)], 2: [(1, 3), (3, 2), (2, 4)]}, padri: [0, 0, 0], figli: [2, 2, 2], mosse: [(2, 2, 3, 2, 6), (2, 2, 2, 4, 17), (2, 2, 4, 2)]
2 -> costo: 30412.1, rotte: {3: [(1, 5), (5, 6), (6, 7)], 2: [(1, 3), (3, 2), (2, 4)]}, padri: [1, 1, 1, 3, 3, 3], figli: [], mosse: [(3, 3, 5, 6, 5), (3, 3, 6, 7, 11), (3, 3, 7, 6), (2, 2, 3, 2, 6), (2, 2, 2, 4, 17), (2, 2, 4, 2)]
3 -> costo: 32442.499999999996, rotte: {3: [(1, 5), (5, 6), (6, 7)], 2: [(1, 3), (3, 4), (4, 2)]}, padri: [0, 0, 0], figli: [2, 2, 2], mosse: [(3, 3, 5, 6, 5), (3, 3, 6, 7, 11), (3, 3, 7, 6)]
bestSolutionIndice: 2
2 -> costo: 30412.1, rotte: {3: [(1, 5), (5, 6), (6, 7)], 2: [(1, 3), (3, 2), (2, 4)]}, padri: [1, 1, 1, 3, 3, 3], figli: [], mosse: [(3, 3, 5, 6, 5), (3, 3, 6, 7, 11), (3, 3, 7, 6), (2, 2, 3, 2, 6), (2, 2, 2, 4, 17), (2, 2, 4, 2)]
trasportoPalletDiGamma: {3: [(5, 20), (6, 5), (7, 11)], 2: [(3, 11), (2, 6), (4, 17)]}
itMosseLS: 12, itMosseTS: 12
time elapsed: 0.59s.


##########################################################################################
s: 1
dictSolutions[1]:
0 -> costo: 47546.799999999996, rotte: {2: [(1, 7), (7, 3), (3, 2), (2, 5)], 3: [(1, 4), (4, 6), (6, 5)]}, padri: [-1], figli: [1, 3, 5], mosse: [-1]
1 -> costo: 37230.7, rotte: {2: [(1, 3), (3, 2), (2, 5), (5, 7)], 3: [(1, 4), (4, 6), (6, 5)]}, padri: [0, 3, 3], figli: [2, 2, 2], mosse: [(2, 2, 5, 7, 11), (2, 2, 2, 5, 2), (2, 2, 5, 7, 11)]
2 -> costo: 35270.0, rotte: {2: [(1, 3), (3, 2), (2, 5), (5, 7)], 3: [(1, 4), (4, 5), (5, 6)]}, padri: [1, 1, 1, 4, 4, 4, 10], figli: [], mosse: [(3, 3, 6, 5), (3, 3, 4, 5, 18), (3, 3, 5, 6, 5), (2, 2, 2, 5, 2), (2, 2, 5, 7, 11), (2, 2, 7, 5), (2, 2, 3, 2, 6)]
3 -> costo: 38397.6, rotte: {2: [(1, 3), (3, 2), (2, 7), (7, 5)], 3: [(1, 4), (4, 6), (6, 5)]}, padri: [0], figli: [4, 4, 1, 1, 9, 9, 10, 10], mosse: [(2, 2, 2, 7, 11)]
4 -> costo: 36436.899999999994, rotte: {2: [(1, 3), (3, 2), (2, 7), (7, 5)], 3: [(1, 4), (4, 5), (5, 6)]}, padri: [3, 3, 8, 9], figli: [2, 2, 2], mosse: [(3, 3, 4, 5, 18), (3, 3, 5, 6, 5), (2, 2, 3, 2, 6), (2, 2, 3, 2, 6)]
5 -> costo: 44573.5, rotte: {2: [(1, 7), (7, 5), (5, 3), (3, 2)], 3: [(1, 4), (4, 6), (6, 5)]}, padri: [0], figli: [6], mosse: [(2, 2, 7, 5, 2)]
6 -> costo: 42095.9, rotte: {2: [(1, 7), (7, 5), (5, 2), (2, 3)], 3: [(1, 4), (4, 6), (6, 5)]}, padri: [5], figli: [7], mosse: [(2, 2, 5, 2, 6)]
7 -> costo: 40135.2, rotte: {2: [(1, 7), (7, 5), (5, 2), (2, 3)], 3: [(1, 4), (4, 5), (5, 6)]}, padri: [6], figli: [8], mosse: [(3, 3, 6, 5)]
8 -> costo: 40049.5, rotte: {2: [(1, 3), (3, 7), (7, 5), (5, 2)], 3: [(1, 4), (4, 5), (5, 6)]}, padri: [7], figli: [4, 9, 10], mosse: [(2, 2, 1, 3, 11)]
9 -> costo: 39943.7, rotte: {2: [(1, 2), (2, 3), (3, 7), (7, 5)], 3: [(1, 4), (4, 5), (5, 6)]}, padri: [8], figli: [4, 10, 10, 10], mosse: [(2, 2, 1, 2, 6)]
10 -> costo: 39580.399999999994, rotte: {2: [(1, 2), (2, 3), (3, 5), (5, 7)], 3: [(1, 4), (4, 5), (5, 6)]}, padri: [9, 9, 9], figli: [2], mosse: [(2, 2, 7, 5), (2, 2, 3, 5, 2), (2, 2, 5, 7, 11)]
bestSolutionIndice: 2
2 -> costo: 35270.0, rotte: {2: [(1, 3), (3, 2), (2, 5), (5, 7)], 3: [(1, 4), (4, 5), (5, 6)]}, padri: [1, 1, 1, 4, 4, 4, 10], figli: [], mosse: [(3, 3, 6, 5), (3, 3, 4, 5, 18), (3, 3, 5, 6, 5), (2, 2, 2, 5, 2), (2, 2, 5, 7, 11), (2, 2, 7, 5), (2, 2, 3, 2, 6)]
trasportoPalletDiGamma: {2: [(3, 11), (2, 6), (5, 2), (7, 11)], 3: [(4, 17), (5, 18), (6, 5)]}
itMosseLS: 23, itMosseTS: 20
time elapsed: 4.27s.


##########################################################################################
s: 1
dictSolutions[1]:
0 -> costo: 43796.1, rotte: {2: [(1, 3), (3, 7), (7, 2), (2, 4)], 3: [(1, 6), (6, 5), (5, 4)]}, padri: [-1], figli: [1], mosse: [-1]
1 -> costo: 37101.49999999999, rotte: {2: [(1, 3), (3, 2), (2, 4), (4, 7)], 3: [(1, 6), (6, 5), (5, 4)]}, padri: [0], figli: [2, 6], mosse: [(2, 2, 4, 7, 11)]
2 -> costo: 34964.6, rotte: {2: [(1, 3), (3, 2), (2, 4), (4, 7), (7, 6)], 3: [(1, 5), (5, 4)]}, padri: [1], figli: [3, 3, 3, 5, 5, 5, 5, 8, 8, 8], mosse: [(2, 3, 7, 6, 5)]
3 -> costo: 33584.299999999996, rotte: {2: [(1, 3), (3, 2), (2, 4), (4, 7), (7, 6)], 3: [(1, 4), (4, 5)]}, padri: [2, 2, 2, 7, 7, 7], figli: [4, 4], mosse: [(3, 3, 1, 4, 15), (3, 3, 4, 5, 20), (3, 3, 5, 4), (2, 2, 6, 7), (2, 2, 4, 7, 11), (2, 2, 7, 6, 5)]
4 -> costo: 33146.6, rotte: {2: [(1, 3), (3, 2), (2, 7), (7, 6)], 3: [(1, 4), (4, 5)]}, padri: [3, 3, 5, 5, 5, 8, 8, 8], figli: [], mosse: [(3, 2, 1, 4, 2), (3, 2, 5, 4, 2), (3, 3, 1, 4, 17), (3, 3, 4, 5, 20), (3, 3, 5, 4), (2, 2, 6, 7), (2, 2, 2, 7, 11), (2, 2, 7, 6, 5)]
5 -> costo: 34526.9, rotte: {2: [(1, 3), (3, 2), (2, 7), (7, 6)], 3: [(1, 5), (5, 4)]}, padri: [2, 2], figli: [4, 4, 4], mosse: [(3, 2, 1, 4, 2), (3, 2, 5, 4, 2)]
6 -> costo: 35627.299999999996, rotte: {2: [(1, 3), (3, 2), (2, 4), (4, 6), (6, 7)], 3: [(1, 5), (5, 4)]}, padri: [1], figli: [7, 7], mosse: [(2, 3, 4, 6, 5)]
7 -> costo: 34247.0, rotte: {2: [(1, 3), (3, 2), (2, 4), (4, 6), (6, 7)], 3: [(1, 4), (4, 5)]}, padri: [6, 6], figli: [3, 3, 3, 8, 8, 8, 8], mosse: [(3, 3, 1, 4, 15), (3, 3, 4, 5, 20)]
8 -> costo: 33936.6, rotte: {2: [(1, 3), (3, 2), (2, 6), (6, 7)], 3: [(1, 4), (4, 5)]}, padri: [7, 7], figli: [4, 4, 4], mosse: [(3, 2, 1, 4, 2), (3, 2, 5, 4, 2)]
bestSolutionIndice: 4
4 -> costo: 33146.6, rotte: {2: [(1, 3), (3, 2), (2, 7), (7, 6)], 3: [(1, 4), (4, 5)]}, padri: [3, 3, 5, 5, 5, 8, 8, 8], figli: [], mosse: [(3, 2, 1, 4, 2), (3, 2, 5, 4, 2), (3, 3, 1, 4, 17), (3, 3, 4, 5, 20), (3, 3, 5, 4), (2, 2, 6, 7), (2, 2, 2, 7, 11), (2, 2, 7, 6, 5)]
trasportoPalletDiGamma: {2: [(3, 11), (2, 6), (7, 11), (6, 5)], 3: [(4, 17), (5, 20)]}
itMosseLS: 23, itMosseTS: 20
time elapsed: 2.21s.


##########################################################################################
s: 1
dictSolutions[1]:
0 -> costo: 56354.99999999999, rotte: {2: [(1, 6), (6, 2), (2, 7), (7, 4)], 3: [(1, 5), (5, 3), (3, 4)]}, padri: [-1], figli: [1], mosse: [-1]
1 -> costo: 47187.6, rotte: {2: [(1, 6), (6, 7), (7, 4), (4, 2)], 3: [(1, 5), (5, 3), (3, 4)]}, padri: [0], figli: [2, 6, 7], mosse: [(2, 2, 4, 2, 6)]
2 -> costo: 38085.4, rotte: {2: [(1, 6), (6, 7), (7, 4), (4, 2)], 3: [(1, 3), (3, 4), (4, 5)]}, padri: [1, 6, 6, 6], figli: [3, 3, 3, 3, 5, 5, 5, 5], mosse: [(3, 3, 4, 5, 20), (3, 3, 3, 4, 9), (3, 3, 4, 5, 20), (3, 3, 5, 4)]
3 -> costo: 37778.8, rotte: {2: [(1, 6), (6, 7), (7, 4), (4, 2)], 3: [(1, 3), (3, 5)]}, padri: [2, 2, 2, 2, 6, 6, 6, 6], figli: [4], mosse: [(2, 3, 1, 4, 9), (2, 3, 6, 4, 9), (2, 3, 7, 4, 9), (2, 3, 2, 4, 9), (2, 3, 1, 4, 9), (2, 3, 6, 4, 9), (2, 3, 7, 4, 9), (2, 3, 2, 4, 9)]
4 -> costo: 37658.899999999994, rotte: {2: [(1, 7), (7, 6), (6, 4), (4, 2)], 3: [(1, 3), (3, 5)]}, padri: [3, 5, 5, 5, 5, 7, 7, 7], figli: [], mosse: [(2, 2, 7, 6, 5), (2, 3, 1, 4, 9), (2, 3, 7, 4, 9), (2, 3, 6, 4, 9), (2, 3, 2, 4, 9), (2, 3, 1, 4, 9), (2, 3, 7, 4, 9), (2, 3, 6, 4, 9)]
5 -> costo: 37965.5, rotte: {2: [(1, 7), (7, 6), (6, 4), (4, 2)], 3: [(1, 3), (3, 4), (4, 5)]}, padri: [2], figli: [4, 4, 4, 4], mosse: [(2, 2, 7, 6, 5)]
6 -> costo: 40468.4, rotte: {2: [(1, 6), (6, 7), (7, 4), (4, 2)], 3: [(1, 3), (3, 5), (5, 4)]}, padri: [1], figli: [3, 3, 3, 3, 2, 2, 2, 7, 7, 7], mosse: [(3, 3, 3, 5, 20)]
7 -> costo: 40348.49999999999, rotte: {2: [(1, 7), (7, 6), (6, 4), (4, 2)], 3: [(1, 3), (3, 5), (5, 4)]}, padri: [6], figli: [4, 4, 4], mosse: [(2, 2, 7, 6, 5)]
bestSolutionIndice: 4
4 -> costo: 37658.899999999994, rotte: {2: [(1, 7), (7, 6), (6, 4), (4, 2)], 3: [(1, 3), (3, 5)]}, padri: [3, 5, 5, 5, 5, 7, 7, 7], figli: [], mosse: [(2, 2, 7, 6, 5), (2, 3, 1, 4, 9), (2, 3, 7, 4, 9), (2, 3, 6, 4, 9), (2, 3, 2, 4, 9), (2, 3, 1, 4, 9), (2, 3, 7, 4, 9), (2, 3, 6, 4, 9)]
trasportoPalletDiGamma: {2: [(7, 11), (6, 5), (4, 17), (2, 6)], 3: [(3, 11), (5, 20)]}
itMosseLS: 24, itMosseTS: 20
time elapsed: 2.68s.


##########################################################################################
s: 1
dictSolutions[1]:
0 -> costo: 39938.9, rotte: {2: [(1, 7), (7, 6), (6, 4)], 3: [(1, 2), (2, 3), (3, 5)]}, padri: [-1], figli: [1, 3, 6, 7, 8, 9, 10], mosse: [-1]
1 -> costo: 35628.5, rotte: {2: [(1, 7), (7, 6), (6, 4)], 3: [(1, 3), (3, 2), (2, 5)]}, padri: [0, 7], figli: [2, 4], mosse: [(3, 3, 3, 2, 6), (3, 2, 3, 2, 6)]
2 -> costo: 33277.7, rotte: {2: [(1, 4), (4, 7), (7, 6)], 3: [(1, 3), (3, 2), (2, 5)]}, padri: [1, 3, 4, 12], figli: [], mosse: [(2, 2, 1, 4, 17), (3, 3, 3, 2, 6), (3, 2, 3, 2, 6), (2, 2, 6, 7)]
3 -> costo: 37588.1, rotte: {2: [(1, 4), (4, 7), (7, 6)], 3: [(1, 2), (2, 3), (3, 5)]}, padri: [0], figli: [2, 4, 5], mosse: [(2, 2, 1, 4, 17)]
4 -> costo: 34037.899999999994, rotte: {2: [(1, 2), (2, 4), (4, 7), (7, 6)], 3: [(1, 3), (3, 5)]}, padri: [3, 5, 7, 9], figli: [2], mosse: [(2, 3, 1, 2, 6), (2, 2, 2, 4, 17), (2, 2, 2, 4, 17), (2, 2, 1, 2, 6)]
5 -> costo: 37244.2, rotte: {2: [(1, 4), (4, 2), (2, 7), (7, 6)], 3: [(1, 3), (3, 5)]}, padri: [3, 7, 9], figli: [4], mosse: [(2, 3, 4, 2, 6), (2, 2, 1, 4, 17), (2, 2, 4, 2, 6)]
6 -> costo: 37658.899999999994, rotte: {2: [(1, 7), (7, 6), (6, 4), (4, 2)], 3: [(1, 3), (3, 5)]}, padri: [0, 7, 8, 8, 8, 9], figli: [], mosse: [(2, 3, 4, 2, 6), (2, 2, 4, 2, 6), (2, 2, 6, 4, 17), (2, 2, 4, 2, 6), (2, 2, 2, 4), (2, 2, 6, 4, 17)]
7 -> costo: 38250.5, rotte: {2: [(1, 2), (2, 7), (7, 6), (6, 4)], 3: [(1, 3), (3, 5)]}, padri: [0], figli: [4, 1, 5, 6, 9, 10], mosse: [(2, 3, 1, 2, 6)]
8 -> costo: 39711.7, rotte: {2: [(1, 7), (7, 6), (6, 2), (2, 4)], 3: [(1, 3), (3, 5)]}, padri: [0], figli: [6, 6, 6, 9, 9, 9, 10, 10, 10], mosse: [(2, 3, 6, 2, 6)]
9 -> costo: 39637.399999999994, rotte: {2: [(1, 4), (4, 7), (7, 6), (6, 2)], 3: [(1, 3), (3, 5)]}, padri: [8], figli: [4, 5, 6, 10], mosse: [(2, 2, 1, 4, 17)]
10 -> costo: 39502.5, rotte: {2: [(1, 4), (4, 6), (6, 7), (7, 2)], 3: [(1, 3), (3, 5)]}, padri: [9], figli: [11], mosse: [(2, 2, 6, 7, 11)]
11 -> costo: 34700.6, rotte: {2: [(1, 2), (2, 4), (4, 6), (6, 7)], 3: [(1, 3), (3, 5)]}, padri: [10], figli: [12], mosse: [(2, 2, 1, 2, 6)]
12 -> costo: 33940.399999999994, rotte: {2: [(1, 4), (4, 6), (6, 7)], 3: [(1, 3), (3, 2), (2, 5)]}, padri: [11], figli: [2], mosse: [(3, 2, 3, 2, 6)]
bestSolutionIndice: 2
2 -> costo: 33277.7, rotte: {2: [(1, 4), (4, 7), (7, 6)], 3: [(1, 3), (3, 2), (2, 5)]}, padri: [1, 3, 4, 12], figli: [], mosse: [(2, 2, 1, 4, 17), (3, 3, 3, 2, 6), (3, 2, 3, 2, 6), (2, 2, 6, 7)]
trasportoPalletDiGamma: {2: [(4, 17), (7, 11), (6, 5)], 3: [(3, 11), (2, 6), (5, 20)]}
itMosseLS: 26, itMosseTS: 20
time elapsed: 2.78s.


##########################################################################################
s: 1
dictSolutions[1]:
0 -> costo: 43686.99999999999, rotte: {3: [(1, 4), (4, 6), (6, 3)], 2: [(1, 2), (2, 7), (7, 5)]}, padri: [-1], figli: [1, 5], mosse: [-1]
1 -> costo: 36911.7, rotte: {3: [(1, 3), (3, 4), (4, 6)], 2: [(1, 2), (2, 7), (7, 5)]}, padri: [0], figli: [2, 4, 4, 4], mosse: [(3, 3, 1, 3, 11)]
2 -> costo: 34289.7, rotte: {3: [(1, 3), (3, 2), (2, 4), (4, 6)], 2: [(1, 7), (7, 5)]}, padri: [1], figli: [3, 3, 3], mosse: [(3, 2, 3, 2, 6)]
3 -> costo: 33981.9, rotte: {3: [(1, 3), (3, 2), (2, 4), (4, 6)], 2: [(1, 5), (5, 7)]}, padri: [2, 2, 2, 4], figli: [], mosse: [(2, 2, 7, 5), (2, 2, 1, 5, 20), (2, 2, 5, 7, 11), (3, 2, 3, 2, 6)]
4 -> costo: 35744.8, rotte: {3: [(1, 3), (3, 4), (4, 6)], 2: [(1, 2), (2, 5), (5, 7)]}, padri: [1, 1, 1], figli: [3], mosse: [(2, 2, 2, 5, 20), (2, 2, 5, 7, 11), (2, 2, 7, 5)]
5 -> costo: 41793.299999999996, rotte: {3: [(1, 4), (4, 6), (6, 2), (2, 3)], 2: [(1, 7), (7, 5)]}, padri: [0], figli: [6], mosse: [(3, 2, 6, 2, 6)]
6 -> costo: 39942.1, rotte: {3: [(1, 6), (6, 4), (4, 2), (2, 3)], 2: [(1, 7), (7, 5)]}, padri: [5], figli: [7], mosse: [(3, 3, 6, 4, 17)]
7 -> costo: 33894.2, rotte: {3: [(1, 4), (4, 2), (2, 3)], 2: [(1, 7), (7, 6), (6, 5)]}, padri: [6], figli: [8], mosse: [(2, 3, 7, 6, 5)]
8 -> costo: 32750.299999999996, rotte: {3: [(1, 3), (3, 4), (4, 2)], 2: [(1, 7), (7, 6), (6, 5)]}, padri: [7], figli: [9, 9, 9, 12, 12, 12], mosse: [(3, 3, 1, 3, 11)]
9 -> costo: 30719.899999999994, rotte: {3: [(1, 3), (3, 2), (2, 4)], 2: [(1, 7), (7, 6), (6, 5)]}, padri: [8, 8, 8], figli: [10, 13], mosse: [(3, 3, 3, 2, 6), (3, 3, 2, 4, 17), (3, 3, 4, 2)]
10 -> costo: 30417.199999999997, rotte: {3: [(1, 3), (3, 2), (2, 4)], 2: [(1, 5), (5, 7), (7, 6)]}, padri: [9, 12, 12, 12], figli: [11, 11, 11], mosse: [(2, 2, 1, 5, 20), (3, 3, 3, 2, 6), (3, 3, 2, 4, 17), (3, 3, 4, 2)]
11 -> costo: 30412.1, rotte: {3: [(1, 3), (3, 2), (2, 4)], 2: [(1, 5), (5, 6), (6, 7)]}, padri: [10, 10, 10, 13, 13], figli: [], mosse: [(2, 2, 5, 6, 5), (2, 2, 6, 7, 11), (2, 2, 7, 6), (3, 3, 3, 2, 6), (3, 3, 2, 4, 17)]
12 -> costo: 32447.6, rotte: {3: [(1, 3), (3, 4), (4, 2)], 2: [(1, 5), (5, 7), (7, 6)]}, padri: [8], figli: [10, 10, 10, 13, 13, 13], mosse: [(2, 2, 1, 5, 20)]
13 -> costo: 32442.5, rotte: {3: [(1, 3), (3, 4), (4, 2)], 2: [(1, 5), (5, 6), (6, 7)]}, padri: [12], figli: [11, 11], mosse: [(2, 2, 5, 6, 5)]
bestSolutionIndice: 11
11 -> costo: 30412.1, rotte: {3: [(1, 3), (3, 2), (2, 4)], 2: [(1, 5), (5, 6), (6, 7)]}, padri: [10, 10, 10, 13, 13], figli: [], mosse: [(2, 2, 5, 6, 5), (2, 2, 6, 7, 11), (2, 2, 7, 6), (3, 3, 3, 2, 6), (3, 3, 2, 4, 17)]
trasportoPalletDiGamma: {3: [(3, 11), (2, 6), (4, 17)], 2: [(5, 20), (6, 5), (7, 11)]}
itMosseLS: 27, itMosseTS: 20
time elapsed: 1.86s.


##########################################################################################
s: 1
dictSolutions[1]:
0 -> costo: 52491.3, rotte: {2: [(1, 4), (4, 2), (2, 6), (6, 3)], 3: [(1, 5), (5, 7), (7, 3)]}, padri: [-1], figli: [1], mosse: [-1]
1 -> costo: 44851.0, rotte: {2: [(1, 4), (4, 2), (2, 6), (6, 3)], 3: [(1, 5), (5, 7)]}, padri: [0], figli: [2, 4], mosse: [(2, 3, 1, 3, 9)]
2 -> costo: 38075.7, rotte: {2: [(1, 3), (3, 4), (4, 2), (2, 6)], 3: [(1, 5), (5, 7)]}, padri: [1, 5], figli: [3, 6], mosse: [(2, 2, 1, 3, 11), (2, 2, 4, 2, 6)]
3 -> costo: 33981.9, rotte: {2: [(1, 3), (3, 2), (2, 4), (4, 6)], 3: [(1, 5), (5, 7)]}, padri: [2, 5, 6], figli: [], mosse: [(2, 2, 2, 4, 17), (2, 2, 3, 2, 6), (2, 3, 3, 2, 6)]
4 -> costo: 40822.3, rotte: {2: [(1, 4), (4, 2), (2, 3), (3, 6)], 3: [(1, 5), (5, 7)]}, padri: [1], figli: [5, 7], mosse: [(2, 2, 6, 3)]
5 -> costo: 38292.3, rotte: {2: [(1, 2), (2, 3), (3, 4), (4, 6)], 3: [(1, 5), (5, 7)]}, padri: [4], figli: [3, 6, 2], mosse: [(2, 2, 3, 4, 17)]
6 -> costo: 35744.8, rotte: {2: [(1, 3), (3, 4), (4, 6)], 3: [(1, 2), (2, 5), (5, 7)]}, padri: [5], figli: [3], mosse: [(3, 2, 1, 2, 6)]
7 -> costo: 39634.3, rotte: {2: [(1, 6), (6, 4), (4, 2), (2, 3)], 3: [(1, 5), (5, 7)]}, padri: [4], figli: [8, 11], mosse: [(2, 2, 1, 6, 5)]
8 -> costo: 33586.4, rotte: {2: [(1, 4), (4, 2), (2, 3)], 3: [(1, 5), (5, 6), (6, 7)]}, padri: [7], figli: [9], mosse: [(3, 2, 5, 6, 5)]
9 -> costo: 32442.5, rotte: {2: [(1, 3), (3, 4), (4, 2)], 3: [(1, 5), (5, 6), (6, 7)]}, padri: [8, 12, 12, 12], figli: [10, 10, 10], mosse: [(2, 2, 1, 3, 11), (3, 3, 5, 6, 5), (3, 3, 6, 7, 11), (3, 3, 7, 6)]
10 -> costo: 30412.1, rotte: {2: [(1, 3), (3, 2), (2, 4)], 3: [(1, 5), (5, 6), (6, 7)]}, padri: [9, 9, 9, 13, 13, 13], figli: [], mosse: [(2, 2, 3, 2, 6), (2, 2, 2, 4, 17), (2, 2, 4, 2), (3, 3, 5, 6, 5), (3, 3, 6, 7, 11), (3, 3, 7, 6)]
11 -> costo: 33591.5, rotte: {2: [(1, 4), (4, 2), (2, 3)], 3: [(1, 5), (5, 7), (7, 6)]}, padri: [7], figli: [12], mosse: [(3, 2, 7, 6, 5)]
12 -> costo: 32447.6, rotte: {2: [(1, 3), (3, 4), (4, 2)], 3: [(1, 5), (5, 7), (7, 6)]}, padri: [11], figli: [13, 13, 13, 9, 9, 9], mosse: [(2, 2, 1, 3, 11)]
13 -> costo: 30417.199999999997, rotte: {2: [(1, 3), (3, 2), (2, 4)], 3: [(1, 5), (5, 7), (7, 6)]}, padri: [12, 12, 12], figli: [10, 10, 10], mosse: [(2, 2, 3, 2, 6), (2, 2, 2, 4, 17), (2, 2, 4, 2)]
bestSolutionIndice: 10
10 -> costo: 30412.1, rotte: {2: [(1, 3), (3, 2), (2, 4)], 3: [(1, 5), (5, 6), (6, 7)]}, padri: [9, 9, 9, 13, 13, 13], figli: [], mosse: [(2, 2, 3, 2, 6), (2, 2, 2, 4, 17), (2, 2, 4, 2), (3, 3, 5, 6, 5), (3, 3, 6, 7, 11), (3, 3, 7, 6)]
trasportoPalletDiGamma: {2: [(3, 11), (2, 6), (4, 17)], 3: [(5, 20), (6, 5), (7, 11)]}
itMosseLS: 26, itMosseTS: 20
time elapsed: 1.74s.


##########################################################################################
s: 1
dictSolutions[1]:
0 -> costo: 46142.6, rotte: {3: [(1, 6), (6, 2), (2, 5)], 2: [(1, 3), (3, 7), (7, 4)]}, padri: [-1], figli: [1, 3, 5, 5], mosse: [-1]
1 -> costo: 37815.899999999994, rotte: {3: [(1, 2), (2, 5), (5, 6)], 2: [(1, 3), (3, 7), (7, 4)]}, padri: [0, 3, 3, 3], figli: [2, 2, 2], mosse: [(3, 3, 5, 6, 5), (3, 3, 6, 5), (3, 3, 2, 5, 20), (3, 3, 5, 6, 5)]
2 -> costo: 35077.0, rotte: {3: [(1, 2), (2, 5), (5, 6)], 2: [(1, 3), (3, 4), (4, 7)]}, padri: [1, 1, 1, 4, 4, 4], figli: [], mosse: [(2, 2, 7, 4), (2, 2, 3, 4, 17), (2, 2, 4, 7, 11), (3, 3, 6, 5), (3, 3, 2, 5, 20), (3, 3, 5, 6, 5)]
3 -> costo: 39772.799999999996, rotte: {3: [(1, 2), (2, 6), (6, 5)], 2: [(1, 3), (3, 7), (7, 4)]}, padri: [0, 5], figli: [4, 4, 4, 1, 1, 1], mosse: [(3, 3, 2, 6, 5), (3, 3, 1, 2, 6)]
4 -> costo: 37033.899999999994, rotte: {3: [(1, 2), (2, 6), (6, 5)], 2: [(1, 3), (3, 4), (4, 7)]}, padri: [3, 3, 3, 6], figli: [2, 2, 2], mosse: [(2, 2, 7, 4), (2, 2, 3, 4, 17), (2, 2, 4, 7, 11), (3, 3, 1, 2, 6)]
5 -> costo: 41566.99999999999, rotte: {3: [(1, 6), (6, 5), (5, 2)], 2: [(1, 3), (3, 7), (7, 4)]}, padri: [0, 0], figli: [6, 6, 6, 3], mosse: [(3, 3, 2, 5), (3, 3, 6, 5, 20)]
6 -> costo: 38828.1, rotte: {3: [(1, 6), (6, 5), (5, 2)], 2: [(1, 3), (3, 4), (4, 7)]}, padri: [5, 5, 5], figli: [4], mosse: [(2, 2, 7, 4), (2, 2, 3, 4, 17), (2, 2, 4, 7, 11)]
bestSolutionIndice: 2
2 -> costo: 35077.0, rotte: {3: [(1, 2), (2, 5), (5, 6)], 2: [(1, 3), (3, 4), (4, 7)]}, padri: [1, 1, 1, 4, 4, 4], figli: [], mosse: [(2, 2, 7, 4), (2, 2, 3, 4, 17), (2, 2, 4, 7, 11), (3, 3, 6, 5), (3, 3, 2, 5, 20), (3, 3, 5, 6, 5)]
trasportoPalletDiGamma: {3: [(2, 6), (5, 20), (6, 5)], 2: [(3, 11), (4, 17), (7, 11)]}
itMosseLS: 21, itMosseTS: 20
time elapsed: 3.70s.


##########################################################################################
s: 1
dictSolutions[1]:
0 -> costo: 41440.600000000006, rotte: {2: [(1, 3), (3, 2), (2, 7), (7, 5)], 3: [(1, 6), (6, 4), (4, 5)]}, padri: [-1], figli: [1, 6, 7], mosse: [-1]
1 -> costo: 35392.7, rotte: {2: [(1, 3), (3, 2), (2, 7), (7, 6), (6, 5)], 3: [(1, 4), (4, 5)]}, padri: [0, 6], figli: [2, 2, 3, 3, 4, 4], mosse: [(2, 3, 7, 6, 5), (2, 2, 7, 6, 5)]
2 -> costo: 33146.6, rotte: {2: [(1, 3), (3, 2), (2, 7), (7, 6)], 3: [(1, 4), (4, 5)]}, padri: [1, 1, 3, 3, 5, 5, 5], figli: [], mosse: [(3, 2, 1, 5, 2), (3, 2, 4, 5, 2), (3, 2, 1, 5, 2), (3, 2, 4, 5, 2), (2, 2, 6, 7), (2, 2, 2, 7, 11), (2, 2, 7, 6, 5)]
3 -> costo: 34230.899999999994, rotte: {2: [(1, 3), (3, 2), (2, 5), (5, 7), (7, 6)], 3: [(1, 4), (4, 5)]}, padri: [1], figli: [2, 2, 4, 4, 4, 4], mosse: [(2, 2, 2, 5, 2)]
4 -> costo: 34225.8, rotte: {2: [(1, 3), (3, 2), (2, 5), (5, 6), (6, 7)], 3: [(1, 4), (4, 5)]}, padri: [3, 3, 3, 6], figli: [5, 5], mosse: [(2, 2, 5, 6, 5), (2, 2, 6, 7, 11), (2, 2, 7, 6), (2, 2, 2, 5, 2)]
5 -> costo: 33936.6, rotte: {2: [(1, 3), (3, 2), (2, 6), (6, 7)], 3: [(1, 4), (4, 5)]}, padri: [4, 4, 6, 6], figli: [2, 2, 2], mosse: [(3, 2, 1, 5, 2), (3, 2, 4, 5, 2), (3, 2, 1, 5, 2), (3, 2, 4, 5, 2)]
6 -> costo: 36187.8, rotte: {2: [(1, 3), (3, 2), (2, 6), (6, 7), (7, 5)], 3: [(1, 4), (4, 5)]}, padri: [0], figli: [5, 5, 4, 1], mosse: [(2, 3, 2, 6, 5)]
7 -> costo: 36436.899999999994, rotte: {2: [(1, 3), (3, 2), (2, 7), (7, 5)], 3: [(1, 4), (4, 5), (5, 6)]}, padri: [0], figli: [8, 8], mosse: [(3, 3, 5, 6, 5)]
8 -> costo: 35270.0, rotte: {2: [(1, 3), (3, 2), (2, 5), (5, 7)], 3: [(1, 4), (4, 5), (5, 6)]}, padri: [7, 7], figli: [], mosse: [(2, 2, 2, 5, 2), (2, 2, 5, 7, 11)]
bestSolutionIndice: 2
2 -> costo: 33146.6, rotte: {2: [(1, 3), (3, 2), (2, 7), (7, 6)], 3: [(1, 4), (4, 5)]}, padri: [1, 1, 3, 3, 5, 5, 5], figli: [], mosse: [(3, 2, 1, 5, 2), (3, 2, 4, 5, 2), (3, 2, 1, 5, 2), (3, 2, 4, 5, 2), (2, 2, 6, 7), (2, 2, 2, 7, 11), (2, 2, 7, 6, 5)]
trasportoPalletDiGamma: {2: [(3, 11), (2, 6), (7, 11), (6, 5)], 3: [(4, 17), (5, 20)]}
itMosseLS: 22, itMosseTS: 20
time elapsed: 2.55s.


