itNSIMax: 50, itMosseTSMax: 15.
##########################################################################################
s: 1
dictSolutions[1]:
0 -> costo: 49635.79999999999, rotte: {2: [(1, 3), (3, 5), (5, 4)], 3: [(1, 6), (6, 2), (2, 7), (7, 4)]}, padri: [-1], figli: [1], mosse: [-1]
1 -> costo: 40468.399999999994, rotte: {2: [(1, 3), (3, 5), (5, 4)], 3: [(1, 6), (6, 7), (7, 4), (4, 2)]}, padri: [0], figli: [2, 3, 3, 3, 3, 2], mosse: [(3, 3, 4, 2, 6)]
2 -> costo: 38085.399999999994, rotte: {2: [(1, 3), (3, 4), (4, 5)], 3: [(1, 6), (6, 7), (7, 4), (4, 2)]}, padri: [1, 1], figli: [3, 3, 3, 3, 5, 5, 5, 5], mosse: [(2, 2, 5, 4), (2, 2, 3, 4, 9)]
3 -> costo: 37778.799999999996, rotte: {2: [(1, 3), (3, 5)], 3: [(1, 6), (6, 7), (7, 4), (4, 2)]}, padri: [2, 2, 2, 2, 1, 1, 1, 1], figli: [4], mosse: [(3, 2, 1, 4, 9), (3, 2, 6, 4, 9), (3, 2, 7, 4, 9), (3, 2, 2, 4, 9), (3, 2, 1, 4, 9), (3, 2, 6, 4, 9), (3, 2, 7, 4, 9), (3, 2, 2, 4, 9)]
4 -> costo: 37658.899999999994, rotte: {2: [(1, 3), (3, 5)], 3: [(1, 7), (7, 6), (6, 4), (4, 2)]}, padri: [3, 5, 5, 5, 5], figli: [], mosse: [(3, 3, 7, 6, 5), (3, 2, 1, 4, 9), (3, 2, 7, 4, 9), (3, 2, 6, 4, 9), (3, 2, 2, 4, 9)]
5 -> costo: 37965.5, rotte: {2: [(1, 3), (3, 4), (4, 5)], 3: [(1, 7), (7, 6), (6, 4), (4, 2)]}, padri: [2], figli: [4, 4, 4, 4], mosse: [(3, 3, 7, 6, 5)]
bestSolutionIndice: 4
4 -> costo: 37658.899999999994, rotte: {2: [(1, 3), (3, 5)], 3: [(1, 7), (7, 6), (6, 4), (4, 2)]}, padri: [3, 5, 5, 5, 5], figli: [], mosse: [(3, 3, 7, 6, 5), (3, 2, 1, 4, 9), (3, 2, 7, 4, 9), (3, 2, 6, 4, 9), (3, 2, 2, 4, 9)]
trasportoPalletDiGamma: {2: [(3, 11), (5, 20)], 3: [(7, 11), (6, 5), (4, 17), (2, 6)]}
itMosseLS: 17, itMosseTS: 15
time elapsed: 1.66s.


##########################################################################################
s: 1
dictSolutions[1]:
0 -> costo: 41960.2, rotte: {2: [(1, 7), (7, 4), (4, 3)], 3: [(1, 2), (2, 6), (6, 5)]}, padri: [-1], figli: [1, 5, 5], mosse: [-1]
1 -> costo: 39772.799999999996, rotte: {2: [(1, 3), (3, 7), (7, 4)], 3: [(1, 2), (2, 6), (6, 5)]}, padri: [0], figli: [2, 4, 2, 2, 4, 4], mosse: [(2, 2, 1, 3, 11)]
2 -> costo: 37033.899999999994, rotte: {2: [(1, 3), (3, 4), (4, 7)], 3: [(1, 2), (2, 6), (6, 5)]}, padri: [1, 1, 1], figli: [3, 3, 3], mosse: [(2, 2, 7, 4), (2, 2, 3, 4, 17), (2, 2, 4, 7, 11)]
3 -> costo: 35076.99999999999, rotte: {2: [(1, 3), (3, 4), (4, 7)], 3: [(1, 2), (2, 5), (5, 6)]}, padri: [2, 2, 2, 4, 4, 4], figli: [], mosse: [(3, 3, 2, 5, 20), (3, 3, 6, 5), (3, 3, 5, 6, 5), (2, 2, 3, 4, 17), (2, 2, 7, 4), (2, 2, 4, 7, 11)]
4 -> costo: 37815.899999999994, rotte: {2: [(1, 3), (3, 7), (7, 4)], 3: [(1, 2), (2, 5), (5, 6)]}, padri: [1, 1, 1, 5], figli: [3, 3, 3], mosse: [(3, 3, 6, 5), (3, 3, 2, 5, 20), (3, 3, 5, 6, 5), (2, 2, 1, 3, 11)]
5 -> costo: 40003.299999999996, rotte: {2: [(1, 7), (7, 4), (4, 3)], 3: [(1, 2), (2, 5), (5, 6)]}, padri: [0, 0], figli: [4], mosse: [(3, 3, 6, 5), (3, 3, 2, 5, 20)]
bestSolutionIndice: 3
3 -> costo: 35076.99999999999, rotte: {2: [(1, 3), (3, 4), (4, 7)], 3: [(1, 2), (2, 5), (5, 6)]}, padri: [2, 2, 2, 4, 4, 4], figli: [], mosse: [(3, 3, 2, 5, 20), (3, 3, 6, 5), (3, 3, 5, 6, 5), (2, 2, 3, 4, 17), (2, 2, 7, 4), (2, 2, 4, 7, 11)]
trasportoPalletDiGamma: {2: [(3, 11), (4, 17), (7, 11)], 3: [(2, 6), (5, 20), (6, 5)]}
itMosseLS: 16, itMosseTS: 15
time elapsed: 1.67s.


##########################################################################################
s: 1
dictSolutions[1]:
0 -> costo: 51639.7, rotte: {2: [(1, 6), (6, 3), (3, 7), (7, 5)], 3: [(1, 4), (4, 2), (2, 5)]}, padri: [-1], figli: [1], mosse: [-1]
1 -> costo: 38686.7, rotte: {2: [(1, 3), (3, 7), (7, 6), (6, 5)], 3: [(1, 4), (4, 2), (2, 5)]}, padri: [0], figli: [2], mosse: [(2, 2, 7, 6, 5)]
2 -> costo: 35349.3, rotte: {2: [(1, 3), (3, 7), (7, 6), (6, 5)], 3: [(1, 2), (2, 4), (4, 5)]}, padri: [1], figli: [3], mosse: [(3, 3, 2, 4, 17)]
3 -> costo: 34991.09999999999, rotte: {2: [(1, 3), (3, 5), (5, 7), (7, 6)], 3: [(1, 2), (2, 4), (4, 5)]}, padri: [2], figli: [4, 8, 4, 4], mosse: [(2, 2, 3, 5, 3)]
4 -> costo: 34986.0, rotte: {2: [(1, 3), (3, 5), (5, 6), (6, 7)], 3: [(1, 2), (2, 4), (4, 5)]}, padri: [3, 3, 3], figli: [5], mosse: [(2, 2, 7, 6), (2, 2, 5, 6, 5), (2, 2, 6, 7, 11)]
5 -> costo: 34225.8, rotte: {2: [(1, 3), (3, 2), (2, 5), (5, 6), (6, 7)], 3: [(1, 4), (4, 5)]}, padri: [4, 8, 8, 8], figli: [6, 6], mosse: [(2, 3, 3, 2, 6), (2, 2, 7, 6), (2, 2, 5, 6, 5), (2, 2, 6, 7, 11)]
6 -> costo: 33936.6, rotte: {2: [(1, 3), (3, 2), (2, 6), (6, 7)], 3: [(1, 4), (4, 5)]}, padri: [5, 5], figli: [7, 7, 7], mosse: [(3, 2, 1, 5, 3), (3, 2, 4, 5, 3)]
7 -> costo: 33146.6, rotte: {2: [(1, 3), (3, 2), (2, 7), (7, 6)], 3: [(1, 4), (4, 5)]}, padri: [6, 6, 6, 8, 8], figli: [], mosse: [(2, 2, 6, 7), (2, 2, 2, 7, 11), (2, 2, 7, 6, 5), (3, 2, 1, 5, 3), (3, 2, 4, 5, 3)]
8 -> costo: 34230.899999999994, rotte: {2: [(1, 3), (3, 2), (2, 5), (5, 7), (7, 6)], 3: [(1, 4), (4, 5)]}, padri: [3], figli: [5, 7, 7, 5, 5], mosse: [(2, 3, 3, 2, 6)]
bestSolutionIndice: 7
7 -> costo: 33146.6, rotte: {2: [(1, 3), (3, 2), (2, 7), (7, 6)], 3: [(1, 4), (4, 5)]}, padri: [6, 6, 6, 8, 8], figli: [], mosse: [(2, 2, 6, 7), (2, 2, 2, 7, 11), (2, 2, 7, 6, 5), (3, 2, 1, 5, 3), (3, 2, 4, 5, 3)]
trasportoPalletDiGamma: {2: [(3, 11), (2, 6), (7, 11), (6, 5)], 3: [(4, 17), (5, 20)]}
itMosseLS: 18, itMosseTS: 15
time elapsed: 1.46s.


##########################################################################################
s: 1
dictSolutions[1]:
0 -> costo: 43259.0, rotte: {2: [(1, 3), (3, 7), (7, 5)], 3: [(1, 2), (2, 6), (6, 4), (4, 5)]}, padri: [-1], figli: [1, 3, 5], mosse: [-1]
1 -> costo: 36393.5, rotte: {2: [(1, 3), (3, 7), (7, 5)], 3: [(1, 2), (2, 4), (4, 5), (5, 6)]}, padri: [0, 4, 4, 4], figli: [2, 2, 2], mosse: [(3, 3, 5, 6, 5), (3, 3, 6, 5), (3, 3, 4, 5, 2), (3, 3, 5, 6, 5)]
2 -> costo: 36030.2, rotte: {2: [(1, 3), (3, 5), (5, 7)], 3: [(1, 2), (2, 4), (4, 5), (5, 6)]}, padri: [1, 1, 1, 5, 5, 5], figli: [], mosse: [(2, 2, 7, 5), (2, 2, 3, 5, 18), (2, 2, 5, 7, 11), (3, 3, 4, 5, 2), (3, 3, 6, 5), (3, 3, 5, 6, 5)]
3 -> costo: 40733.399999999994, rotte: {2: [(1, 3), (3, 7), (7, 5)], 3: [(1, 2), (2, 6), (6, 5), (5, 4)]}, padri: [0], figli: [4, 6], mosse: [(3, 3, 4, 5)]
4 -> costo: 38354.2, rotte: {2: [(1, 3), (3, 7), (7, 5)], 3: [(1, 2), (2, 4), (4, 6), (6, 5)]}, padri: [3], figli: [1, 1, 5, 5, 1, 5, 5, 7, 7, 7], mosse: [(3, 3, 2, 4, 17)]
5 -> costo: 37990.899999999994, rotte: {2: [(1, 3), (3, 5), (5, 7)], 3: [(1, 2), (2, 4), (4, 6), (6, 5)]}, padri: [4, 4, 4, 6], figli: [2, 2, 2], mosse: [(2, 2, 7, 5), (2, 2, 3, 5, 18), (2, 2, 5, 7, 11), (3, 3, 2, 4, 17)]
6 -> costo: 40370.09999999999, rotte: {2: [(1, 3), (3, 5), (5, 7)], 3: [(1, 2), (2, 6), (6, 5), (5, 4)]}, padri: [3], figli: [5, 7], mosse: [(2, 2, 7, 5)]
7 -> costo: 39778.5, rotte: {2: [(1, 3), (3, 5), (5, 7)], 3: [(1, 6), (6, 5), (5, 4), (4, 2)]}, padri: [6], figli: [], mosse: [(3, 3, 4, 2, 6)]
bestSolutionIndice: 2
2 -> costo: 36030.2, rotte: {2: [(1, 3), (3, 5), (5, 7)], 3: [(1, 2), (2, 4), (4, 5), (5, 6)]}, padri: [1, 1, 1, 5, 5, 5], figli: [], mosse: [(2, 2, 7, 5), (2, 2, 3, 5, 18), (2, 2, 5, 7, 11), (3, 3, 4, 5, 2), (3, 3, 6, 5), (3, 3, 5, 6, 5)]
trasportoPalletDiGamma: {2: [(3, 11), (5, 18), (7, 11)], 3: [(2, 6), (4, 17), (5, 2), (6, 5)]}
itMosseLS: 18, itMosseTS: 15
time elapsed: 2.15s.


##########################################################################################
s: 1
dictSolutions[1]:
0 -> costo: 43987.799999999996, rotte: {3: [(1, 3), (3, 7), (7, 6), (6, 2)], 2: [(1, 4), (4, 5), (5, 2)]}, padri: [-1], figli: [1], mosse: [-1]
1 -> costo: 38431.7, rotte: {3: [(1, 3), (3, 2), (2, 7), (7, 6)], 2: [(1, 4), (4, 5), (5, 2)]}, padri: [0], figli: [2], mosse: [(3, 3, 3, 2, 3)]
2 -> costo: 38113.1, rotte: {3: [(1, 3), (3, 2), (2, 7), (7, 6)], 2: [(1, 4), (4, 2), (2, 5)]}, padri: [1], figli: [3, 3, 3, 3, 4, 4, 4, 4, 5, 6], mosse: [(2, 2, 5, 2)]
3 -> costo: 33146.6, rotte: {3: [(1, 3), (3, 2), (2, 7), (7, 6)], 2: [(1, 4), (4, 5)]}, padri: [2, 2, 2, 2, 4, 4, 4, 4, 6, 6, 6], figli: [], mosse: [(3, 2, 1, 2, 3), (3, 2, 3, 2, 3), (3, 2, 7, 2, 3), (3, 2, 6, 2, 3), (3, 2, 1, 2, 3), (3, 2, 3, 2, 3), (3, 2, 7, 2, 3), (3, 2, 6, 2, 3), (2, 2, 5, 4), (2, 2, 1, 4, 17), (2, 2, 4, 5, 20)]
4 -> costo: 34775.7, rotte: {3: [(1, 3), (3, 2), (2, 7), (7, 6)], 2: [(1, 2), (2, 4), (4, 5)]}, padri: [2, 5], figli: [3, 3, 3, 3], mosse: [(2, 2, 2, 4, 17), (2, 2, 5, 4)]
5 -> costo: 37158.7, rotte: {3: [(1, 3), (3, 2), (2, 7), (7, 6)], 2: [(1, 2), (2, 5), (5, 4)]}, padri: [2], figli: [4, 6, 6, 6], mosse: [(2, 2, 5, 4, 17)]
6 -> costo: 34526.9, rotte: {3: [(1, 3), (3, 2), (2, 7), (7, 6)], 2: [(1, 5), (5, 4)]}, padri: [5, 5, 5], figli: [3, 3, 3], mosse: [(3, 2, 1, 2, 3), (3, 2, 3, 2, 3), (3, 2, 7, 2, 3)]
bestSolutionIndice: 3
3 -> costo: 33146.6, rotte: {3: [(1, 3), (3, 2), (2, 7), (7, 6)], 2: [(1, 4), (4, 5)]}, padri: [2, 2, 2, 2, 4, 4, 4, 4, 6, 6, 6], figli: [], mosse: [(3, 2, 1, 2, 3), (3, 2, 3, 2, 3), (3, 2, 7, 2, 3), (3, 2, 6, 2, 3), (3, 2, 1, 2, 3), (3, 2, 3, 2, 3), (3, 2, 7, 2, 3), (3, 2, 6, 2, 3), (2, 2, 5, 4), (2, 2, 1, 4, 17), (2, 2, 4, 5, 20)]
trasportoPalletDiGamma: {3: [(3, 11), (2, 6), (7, 11), (6, 5)], 2: [(4, 17), (5, 20)]}
itMosseLS: 19, itMosseTS: 15
time elapsed: 1.19s.


##########################################################################################
s: 1
dictSolutions[1]:
0 -> costo: 34938.4, rotte: {2: [(1, 7), (7, 5), (5, 6)], 3: [(1, 4), (4, 2), (2, 3)]}, padri: [-1], figli: [1, 4], mosse: [-1]
1 -> costo: 33586.4, rotte: {2: [(1, 5), (5, 6), (6, 7)], 3: [(1, 4), (4, 2), (2, 3)]}, padri: [0], figli: [2], mosse: [(2, 2, 6, 7, 11)]
2 -> costo: 32442.499999999996, rotte: {2: [(1, 5), (5, 6), (6, 7)], 3: [(1, 3), (3, 4), (4, 2)]}, padri: [1, 8], figli: [3, 3, 3], mosse: [(3, 3, 1, 3, 11), (2, 2, 7, 6)]
3 -> costo: 30412.1, rotte: {2: [(1, 5), (5, 6), (6, 7)], 3: [(1, 3), (3, 2), (2, 4)]}, padri: [2, 2, 2, 7, 7, 7], figli: [], mosse: [(3, 3, 4, 2), (3, 3, 3, 2, 6), (3, 3, 2, 4, 17), (2, 2, 7, 6), (2, 2, 5, 6, 5), (2, 2, 6, 7, 11)]
4 -> costo: 33894.2, rotte: {2: [(1, 7), (7, 6), (6, 5)], 3: [(1, 4), (4, 2), (2, 3)]}, padri: [0], figli: [5], mosse: [(2, 2, 5, 6)]
5 -> costo: 32750.3, rotte: {2: [(1, 7), (7, 6), (6, 5)], 3: [(1, 3), (3, 4), (4, 2)]}, padri: [4], figli: [6, 6, 6, 8, 8, 8], mosse: [(3, 3, 1, 3, 11)]
6 -> costo: 30719.899999999998, rotte: {2: [(1, 7), (7, 6), (6, 5)], 3: [(1, 3), (3, 2), (2, 4)]}, padri: [5, 5, 5], figli: [7], mosse: [(3, 3, 4, 2), (3, 3, 3, 2, 6), (3, 3, 2, 4, 17)]
7 -> costo: 30417.199999999997, rotte: {2: [(1, 5), (5, 7), (7, 6)], 3: [(1, 3), (3, 2), (2, 4)]}, padri: [6, 8, 8, 8], figli: [3, 3, 3], mosse: [(2, 2, 1, 5, 20), (3, 3, 4, 2), (3, 3, 3, 2, 6), (3, 3, 2, 4, 17)]
8 -> costo: 32447.599999999995, rotte: {2: [(1, 5), (5, 7), (7, 6)], 3: [(1, 3), (3, 4), (4, 2)]}, padri: [5], figli: [7, 7, 2, 7], mosse: [(2, 2, 1, 5, 20)]
bestSolutionIndice: 3
3 -> costo: 30412.1, rotte: {2: [(1, 5), (5, 6), (6, 7)], 3: [(1, 3), (3, 2), (2, 4)]}, padri: [2, 2, 2, 7, 7, 7], figli: [], mosse: [(3, 3, 4, 2), (3, 3, 3, 2, 6), (3, 3, 2, 4, 17), (2, 2, 7, 6), (2, 2, 5, 6, 5), (2, 2, 6, 7, 11)]
trasportoPalletDiGamma: {2: [(5, 20), (6, 5), (7, 11)], 3: [(3, 11), (2, 6), (4, 17)]}
itMosseLS: 19, itMosseTS: 15
time elapsed: 0.64s.


##########################################################################################
s: 1
dictSolutions[1]:
0 -> costo: 44734.6, rotte: {3: [(1, 6), (6, 4), (4, 2), (2, 5)], 2: [(1, 3), (3, 7), (7, 5)]}, padri: [-1], figli: [1, 5], mosse: [-1]
1 -> costo: 39730.899999999994, rotte: {3: [(1, 4), (4, 2), (2, 5), (5, 6)], 2: [(1, 3), (3, 7), (7, 5)]}, padri: [0], figli: [2, 4, 2, 2, 6, 6, 6, 9, 9, 9], mosse: [(3, 3, 5, 6, 5)]
2 -> costo: 39367.600000000006, rotte: {3: [(1, 4), (4, 2), (2, 5), (5, 6)], 2: [(1, 3), (3, 5), (5, 7)]}, padri: [1, 1, 1, 5, 8], figli: [3], mosse: [(2, 2, 7, 5), (2, 2, 3, 5, 18), (2, 2, 5, 7, 11), (3, 3, 5, 6, 5), (3, 3, 1, 4, 17)]
3 -> costo: 36030.200000000004, rotte: {3: [(1, 2), (2, 4), (4, 5), (5, 6)], 2: [(1, 3), (3, 5), (5, 7)]}, padri: [2, 4, 4, 4, 8, 10, 10], figli: [], mosse: [(3, 3, 2, 4, 17), (2, 2, 7, 5), (2, 2, 3, 5, 18), (2, 2, 5, 7, 11), (3, 3, 2, 4, 17), (3, 3, 6, 5), (3, 3, 4, 5, 2)]
4 -> costo: 36393.5, rotte: {3: [(1, 2), (2, 4), (4, 5), (5, 6)], 2: [(1, 3), (3, 7), (7, 5)]}, padri: [1], figli: [3, 3, 3], mosse: [(3, 3, 2, 4, 17)]
5 -> costo: 44371.3, rotte: {3: [(1, 6), (6, 4), (4, 2), (2, 5)], 2: [(1, 3), (3, 5), (5, 7)]}, padri: [0], figli: [2, 6, 7, 8, 9], mosse: [(2, 2, 7, 5)]
6 -> costo: 39778.5, rotte: {3: [(1, 6), (6, 5), (5, 4), (4, 2)], 2: [(1, 3), (3, 5), (5, 7)]}, padri: [5, 7], figli: [], mosse: [(3, 3, 6, 5, 2), (3, 3, 6, 5, 2)]
7 -> costo: 40641.4, rotte: {3: [(1, 5), (5, 6), (6, 4), (4, 2)], 2: [(1, 3), (3, 5), (5, 7)]}, padri: [5], figli: [6, 8], mosse: [(3, 3, 1, 5, 2)]
8 -> costo: 40373.9, rotte: {3: [(1, 2), (2, 5), (5, 6), (6, 4)], 2: [(1, 3), (3, 5), (5, 7)]}, padri: [7], figli: [3, 2, 9], mosse: [(3, 3, 1, 2, 6)]
9 -> costo: 40370.1, rotte: {3: [(1, 2), (2, 6), (6, 5), (5, 4)], 2: [(1, 3), (3, 5), (5, 7)]}, padri: [8], figli: [10], mosse: [(3, 3, 6, 5, 2)]
10 -> costo: 37990.9, rotte: {3: [(1, 2), (2, 4), (4, 6), (6, 5)], 2: [(1, 3), (3, 5), (5, 7)]}, padri: [9], figli: [3, 3], mosse: [(3, 3, 2, 4, 17)]
bestSolutionIndice: 3
3 -> costo: 36030.200000000004, rotte: {3: [(1, 2), (2, 4), (4, 5), (5, 6)], 2: [(1, 3), (3, 5), (5, 7)]}, padri: [2, 4, 4, 4, 8, 10, 10], figli: [], mosse: [(3, 3, 2, 4, 17), (2, 2, 7, 5), (2, 2, 3, 5, 18), (2, 2, 5, 7, 11), (3, 3, 2, 4, 17), (3, 3, 6, 5), (3, 3, 4, 5, 2)]
trasportoPalletDiGamma: {3: [(2, 6), (4, 17), (5, 2), (6, 5)], 2: [(3, 11), (5, 18), (7, 11)]}
itMosseLS: 21, itMosseTS: 15
time elapsed: 2.64s.


##########################################################################################
s: 1
dictSolutions[1]:
0 -> costo: 46713.1, rotte: {3: [(1, 4), (4, 7), (7, 5)], 2: [(1, 3), (3, 6), (6, 2), (2, 5)]}, padri: [-1], figli: [1, 3, 5], mosse: [-1]
1 -> costo: 36567.99999999999, rotte: {3: [(1, 4), (4, 7), (7, 5)], 2: [(1, 3), (3, 2), (2, 5), (5, 6)]}, padri: [0, 4, 4, 4], figli: [2, 2, 2], mosse: [(2, 2, 5, 6, 5), (2, 2, 6, 5), (2, 2, 2, 5, 8), (2, 2, 5, 6, 5)]
2 -> costo: 35269.99999999999, rotte: {3: [(1, 4), (4, 5), (5, 7)], 2: [(1, 3), (3, 2), (2, 5), (5, 6)]}, padri: [1, 1, 1, 5, 5, 5, 8], figli: [], mosse: [(3, 3, 7, 5), (3, 3, 4, 5, 12), (3, 3, 5, 7, 11), (2, 2, 2, 5, 8), (2, 2, 6, 5), (2, 2, 5, 6, 5), (2, 2, 3, 2, 6)]
3 -> costo: 42137.49999999999, rotte: {3: [(1, 4), (4, 7), (7, 5)], 2: [(1, 3), (3, 6), (6, 5), (5, 2)]}, padri: [0], figli: [4, 6], mosse: [(2, 2, 2, 5)]
4 -> costo: 38524.899999999994, rotte: {3: [(1, 4), (4, 7), (7, 5)], 2: [(1, 3), (3, 2), (2, 6), (6, 5)]}, padri: [3], figli: [1, 1, 5, 5, 1, 5, 5, 7, 7, 7], mosse: [(2, 2, 3, 2, 6)]
5 -> costo: 37226.899999999994, rotte: {3: [(1, 4), (4, 5), (5, 7)], 2: [(1, 3), (3, 2), (2, 6), (6, 5)]}, padri: [4, 4, 4, 6], figli: [2, 2, 2], mosse: [(3, 3, 7, 5), (3, 3, 4, 5, 12), (3, 3, 5, 7, 11), (2, 2, 3, 2, 6)]
6 -> costo: 40839.49999999999, rotte: {3: [(1, 4), (4, 5), (5, 7)], 2: [(1, 3), (3, 6), (6, 5), (5, 2)]}, padri: [3], figli: [5, 7], mosse: [(3, 3, 7, 5)]
7 -> costo: 40733.7, rotte: {3: [(1, 4), (4, 5), (5, 7)], 2: [(1, 2), (2, 3), (3, 6), (6, 5)]}, padri: [6], figli: [8], mosse: [(2, 2, 1, 2, 6)]
8 -> costo: 39580.399999999994, rotte: {3: [(1, 4), (4, 5), (5, 7)], 2: [(1, 2), (2, 3), (3, 5), (5, 6)]}, padri: [7], figli: [2], mosse: [(2, 2, 6, 5)]
bestSolutionIndice: 2
2 -> costo: 35269.99999999999, rotte: {3: [(1, 4), (4, 5), (5, 7)], 2: [(1, 3), (3, 2), (2, 5), (5, 6)]}, padri: [1, 1, 1, 5, 5, 5, 8], figli: [], mosse: [(3, 3, 7, 5), (3, 3, 4, 5, 12), (3, 3, 5, 7, 11), (2, 2, 2, 5, 8), (2, 2, 6, 5), (2, 2, 5, 6, 5), (2, 2, 3, 2, 6)]
trasportoPalletDiGamma: {3: [(4, 17), (5, 12), (7, 11)], 2: [(3, 11), (2, 6), (5, 8), (6, 5)]}
itMosseLS: 20, itMosseTS: 15
time elapsed: 2.13s.


##########################################################################################
s: 1
dictSolutions[1]:
0 -> costo: 40332.0, rotte: {3: [(1, 2), (2, 5), (5, 3)], 2: [(1, 4), (4, 6), (6, 7)]}, padri: [-1], figli: [1, 3, 4], mosse: [-1]
1 -> costo: 33940.4, rotte: {3: [(1, 3), (3, 2), (2, 5)], 2: [(1, 4), (4, 6), (6, 7)]}, padri: [0, 3, 7], figli: [2, 2, 2, 5, 5, 5], mosse: [(3, 3, 1, 3, 11), (3, 3, 3, 2, 6), (3, 2, 3, 2, 6)]
2 -> costo: 33277.7, rotte: {3: [(1, 3), (3, 2), (2, 5)], 2: [(1, 4), (4, 7), (7, 6)]}, padri: [1, 1, 1, 4, 5], figli: [], mosse: [(2, 2, 6, 7), (2, 2, 4, 7, 11), (2, 2, 7, 6, 5), (3, 3, 3, 2, 6), (3, 2, 3, 2, 6)]
3 -> costo: 38250.799999999996, rotte: {3: [(1, 2), (2, 3), (3, 5)], 2: [(1, 4), (4, 6), (6, 7)]}, padri: [0], figli: [1, 4, 7], mosse: [(3, 3, 5, 3)]
4 -> costo: 37588.1, rotte: {3: [(1, 2), (2, 3), (3, 5)], 2: [(1, 4), (4, 7), (7, 6)]}, padri: [3], figli: [2, 5, 6], mosse: [(2, 2, 6, 7)]
5 -> costo: 34037.9, rotte: {3: [(1, 3), (3, 5)], 2: [(1, 2), (2, 4), (4, 7), (7, 6)]}, padri: [4, 6, 7, 7, 7], figli: [2], mosse: [(2, 3, 1, 2, 6), (2, 2, 2, 4, 17), (2, 2, 6, 7), (2, 2, 4, 7, 11), (2, 2, 7, 6, 5)]
6 -> costo: 37244.2, rotte: {3: [(1, 3), (3, 5)], 2: [(1, 4), (4, 2), (2, 7), (7, 6)]}, padri: [4], figli: [5], mosse: [(2, 3, 4, 2, 6)]
7 -> costo: 34700.6, rotte: {3: [(1, 3), (3, 5)], 2: [(1, 2), (2, 4), (4, 6), (6, 7)]}, padri: [3], figli: [5, 1, 5, 5], mosse: [(2, 3, 1, 2, 6)]
bestSolutionIndice: 2
2 -> costo: 33277.7, rotte: {3: [(1, 3), (3, 2), (2, 5)], 2: [(1, 4), (4, 7), (7, 6)]}, padri: [1, 1, 1, 4, 5], figli: [], mosse: [(2, 2, 6, 7), (2, 2, 4, 7, 11), (2, 2, 7, 6, 5), (3, 3, 3, 2, 6), (3, 2, 3, 2, 6)]
trasportoPalletDiGamma: {3: [(3, 11), (2, 6), (5, 20)], 2: [(4, 17), (7, 11), (6, 5)]}
itMosseLS: 17, itMosseTS: 15
time elapsed: 1.27s.


##########################################################################################
s: 1
dictSolutions[1]:
0 -> costo: 47915.700000000004, rotte: {2: [(1, 5), (5, 2), (2, 7)], 3: [(1, 6), (6, 4), (4, 3)]}, padri: [-1], figli: [1], mosse: [-1]
1 -> costo: 41468.5, rotte: {2: [(1, 2), (2, 5), (5, 7)], 3: [(1, 6), (6, 4), (4, 3)]}, padri: [0], figli: [2, 7], mosse: [(2, 2, 2, 5, 20)]
2 -> costo: 39281.1, rotte: {2: [(1, 2), (2, 5), (5, 7)], 3: [(1, 3), (3, 6), (6, 4)]}, padri: [1], figli: [3, 3, 3, 5, 5, 5], mosse: [(3, 3, 1, 3, 11)]
3 -> costo: 35744.8, rotte: {2: [(1, 2), (2, 5), (5, 7)], 3: [(1, 3), (3, 4), (4, 6)]}, padri: [2, 2, 2], figli: [4, 6], mosse: [(3, 3, 6, 4), (3, 3, 3, 4, 17), (3, 3, 4, 6, 5)]
4 -> costo: 33981.9, rotte: {2: [(1, 5), (5, 7)], 3: [(1, 3), (3, 2), (2, 4), (4, 6)]}, padri: [3, 5, 5, 5, 6], figli: [], mosse: [(3, 2, 3, 2, 6), (3, 3, 6, 4), (3, 3, 2, 4, 17), (3, 3, 4, 6, 5), (3, 3, 2, 4, 17)]
5 -> costo: 38321.8, rotte: {2: [(1, 5), (5, 7)], 3: [(1, 3), (3, 2), (2, 6), (6, 4)]}, padri: [2], figli: [4, 4, 4, 6, 6, 6], mosse: [(3, 2, 3, 2, 6)]
6 -> costo: 38075.700000000004, rotte: {2: [(1, 5), (5, 7)], 3: [(1, 3), (3, 4), (4, 2), (2, 6)]}, padri: [5], figli: [4], mosse: [(3, 3, 3, 4, 17)]
7 -> costo: 39634.3, rotte: {2: [(1, 5), (5, 7)], 3: [(1, 6), (6, 4), (4, 2), (2, 3)]}, padri: [1], figli: [8], mosse: [(3, 2, 4, 2, 6)]
8 -> costo: 33586.4, rotte: {2: [(1, 5), (5, 6), (6, 7)], 3: [(1, 4), (4, 2), (2, 3)]}, padri: [7], figli: [9], mosse: [(2, 3, 5, 6, 5)]
9 -> costo: 32442.499999999996, rotte: {2: [(1, 5), (5, 6), (6, 7)], 3: [(1, 3), (3, 4), (4, 2)]}, padri: [8], figli: [10, 10, 10], mosse: [(3, 3, 1, 3, 11)]
10 -> costo: 30412.1, rotte: {2: [(1, 5), (5, 6), (6, 7)], 3: [(1, 3), (3, 2), (2, 4)]}, padri: [9, 9, 9], figli: [], mosse: [(3, 3, 4, 2), (3, 3, 3, 2, 6), (3, 3, 2, 4, 17)]
bestSolutionIndice: 10
10 -> costo: 30412.1, rotte: {2: [(1, 5), (5, 6), (6, 7)], 3: [(1, 3), (3, 2), (2, 4)]}, padri: [9, 9, 9], figli: [], mosse: [(3, 3, 4, 2), (3, 3, 3, 2, 6), (3, 3, 2, 4, 17)]
trasportoPalletDiGamma: {2: [(5, 20), (6, 5), (7, 11)], 3: [(3, 11), (2, 6), (4, 17)]}
itMosseLS: 18, itMosseTS: 15
time elapsed: 1.45s.


##########################################################################################
s: 1
dictSolutions[1]:
0 -> costo: 44055.899999999994, rotte: {2: [(1, 5), (5, 6), (6, 3)], 3: [(1, 4), (4, 2), (2, 7)]}, padri: [-1], figli: [1, 4], mosse: [-1]
1 -> costo: 38283.3, rotte: {2: [(1, 3), (3, 5), (5, 6)], 3: [(1, 4), (4, 2), (2, 7)]}, padri: [0], figli: [2, 3, 5], mosse: [(2, 2, 1, 3, 11)]
2 -> costo: 35077.0, rotte: {2: [(1, 3), (3, 5), (5, 6)], 3: [(1, 2), (2, 4), (4, 7)]}, padri: [1, 4, 6, 6, 6], figli: [], mosse: [(3, 3, 2, 4, 17), (2, 2, 1, 3, 11), (2, 2, 6, 5), (2, 2, 3, 5, 20), (2, 2, 5, 6, 5)]
3 -> costo: 38027.9, rotte: {2: [(1, 3), (3, 5), (5, 6)], 3: [(1, 7), (7, 4), (4, 2)]}, padri: [1], figli: [], mosse: [(3, 3, 1, 7, 11)]
4 -> costo: 40849.6, rotte: {2: [(1, 5), (5, 6), (6, 3)], 3: [(1, 2), (2, 4), (4, 7)]}, padri: [0], figli: [2, 5], mosse: [(3, 3, 2, 4, 17)]
5 -> costo: 40803.5, rotte: {2: [(1, 6), (6, 5), (5, 3)], 3: [(1, 2), (2, 4), (4, 7)]}, padri: [4], figli: [6, 7], mosse: [(2, 2, 6, 5, 20)]
6 -> costo: 36230.299999999996, rotte: {2: [(1, 3), (3, 6), (6, 5)], 3: [(1, 2), (2, 4), (4, 7)]}, padri: [5], figli: [2, 2, 2], mosse: [(2, 2, 1, 3, 11)]
7 -> costo: 38666.6, rotte: {2: [(1, 5), (5, 3)], 3: [(1, 2), (2, 4), (4, 7), (7, 6)]}, padri: [5], figli: [8, 8, 8, 10, 10, 10, 12, 12, 12], mosse: [(3, 2, 7, 6, 5)]
8 -> costo: 34037.9, rotte: {2: [(1, 3), (3, 5)], 3: [(1, 2), (2, 4), (4, 7), (7, 6)]}, padri: [7, 7, 7, 11, 12], figli: [9], mosse: [(2, 2, 5, 3), (2, 2, 1, 3, 11), (2, 2, 3, 5, 20), (3, 2, 1, 2, 6), (3, 3, 2, 4, 17)]
9 -> costo: 33277.7, rotte: {2: [(1, 3), (3, 2), (2, 5)], 3: [(1, 4), (4, 7), (7, 6)]}, padri: [8, 11], figli: [], mosse: [(2, 3, 3, 2, 6), (2, 2, 3, 2, 6)]
10 -> costo: 37835.1, rotte: {2: [(1, 5), (5, 2), (2, 3)], 3: [(1, 4), (4, 7), (7, 6)]}, padri: [7], figli: [11], mosse: [(2, 3, 5, 2, 6)]
11 -> costo: 37588.1, rotte: {2: [(1, 2), (2, 3), (3, 5)], 3: [(1, 4), (4, 7), (7, 6)]}, padri: [10], figli: [9, 8, 12], mosse: [(2, 2, 3, 5, 20)]
12 -> costo: 37244.2, rotte: {2: [(1, 3), (3, 5)], 3: [(1, 4), (4, 2), (2, 7), (7, 6)]}, padri: [11], figli: [8], mosse: [(3, 2, 4, 2, 6)]
bestSolutionIndice: 9
9 -> costo: 33277.7, rotte: {2: [(1, 3), (3, 2), (2, 5)], 3: [(1, 4), (4, 7), (7, 6)]}, padri: [8, 11], figli: [], mosse: [(2, 3, 3, 2, 6), (2, 2, 3, 2, 6)]
trasportoPalletDiGamma: {2: [(3, 11), (2, 6), (5, 20)], 3: [(4, 17), (7, 11), (6, 5)]}
itMosseLS: 21, itMosseTS: 15
time elapsed: 1.87s.


##########################################################################################
s: 1
dictSolutions[1]:
0 -> costo: 36074.5, rotte: {3: [(1, 7), (7, 5), (5, 6)], 2: [(1, 2), (2, 3), (3, 4)]}, padri: [-1], figli: [1, 6], mosse: [-1]
1 -> costo: 31764.1, rotte: {3: [(1, 7), (7, 5), (5, 6)], 2: [(1, 3), (3, 2), (2, 4)]}, padri: [0], figli: [2, 4, 3, 2, 2, 5, 5, 5, 7, 7, 7, 8, 8, 8], mosse: [(2, 2, 3, 2, 6)]
2 -> costo: 30719.899999999998, rotte: {3: [(1, 7), (7, 6), (6, 5)], 2: [(1, 3), (3, 2), (2, 4)]}, padri: [1, 1, 1, 5, 6, 7, 9], figli: [3], mosse: [(3, 3, 5, 6), (3, 3, 7, 6, 5), (3, 3, 6, 5, 20), (3, 3, 7, 6, 5), (2, 2, 3, 2, 6), (2, 2, 1, 3, 11), (2, 2, 4, 2)]
3 -> costo: 30417.199999999997, rotte: {3: [(1, 5), (5, 7), (7, 6)], 2: [(1, 3), (3, 2), (2, 4)]}, padri: [2, 1], figli: [4, 4, 4], mosse: [(3, 3, 1, 5, 20), (3, 3, 5, 7, 11)]
4 -> costo: 30412.1, rotte: {3: [(1, 5), (5, 6), (6, 7)], 2: [(1, 3), (3, 2), (2, 4)]}, padri: [3, 3, 3, 1, 5], figli: [], mosse: [(3, 3, 7, 6), (3, 3, 5, 6, 5), (3, 3, 6, 7, 11), (3, 3, 6, 7, 11), (3, 3, 1, 5, 20)]
5 -> costo: 31515.0, rotte: {3: [(1, 6), (6, 7), (7, 5)], 2: [(1, 3), (3, 2), (2, 4)]}, padri: [1], figli: [4, 2, 7, 8], mosse: [(3, 3, 1, 6, 5)]
6 -> costo: 35030.299999999996, rotte: {3: [(1, 7), (7, 6), (6, 5)], 2: [(1, 2), (2, 3), (3, 4)]}, padri: [0], figli: [2, 7, 8], mosse: [(3, 3, 5, 6)]
7 -> costo: 34725.7, rotte: {3: [(1, 7), (7, 6), (6, 5)], 2: [(1, 2), (2, 4), (4, 3)]}, padri: [6], figli: [2, 8], mosse: [(2, 2, 3, 4)]
8 -> costo: 33894.2, rotte: {3: [(1, 7), (7, 6), (6, 5)], 2: [(1, 4), (4, 2), (2, 3)]}, padri: [7], figli: [9], mosse: [(2, 2, 4, 2, 6)]
9 -> costo: 32750.3, rotte: {3: [(1, 7), (7, 6), (6, 5)], 2: [(1, 3), (3, 4), (4, 2)]}, padri: [8], figli: [2], mosse: [(2, 2, 1, 3, 11)]
bestSolutionIndice: 4
4 -> costo: 30412.1, rotte: {3: [(1, 5), (5, 6), (6, 7)], 2: [(1, 3), (3, 2), (2, 4)]}, padri: [3, 3, 3, 1, 5], figli: [], mosse: [(3, 3, 7, 6), (3, 3, 5, 6, 5), (3, 3, 6, 7, 11), (3, 3, 6, 7, 11), (3, 3, 1, 5, 20)]
trasportoPalletDiGamma: {3: [(5, 20), (6, 5), (7, 11)], 2: [(3, 11), (2, 6), (4, 17)]}
itMosseLS: 20, itMosseTS: 15
time elapsed: 0.68s.


##########################################################################################
s: 1
dictSolutions[1]:
0 -> costo: 50528.299999999996, rotte: {2: [(1, 6), (6, 3), (3, 5)], 3: [(1, 2), (2, 7), (7, 4)]}, padri: [-1], figli: [1], mosse: [-1]
1 -> costo: 44345.99999999999, rotte: {2: [(1, 6), (6, 5), (5, 3)], 3: [(1, 2), (2, 7), (7, 4)]}, padri: [0], figli: [2], mosse: [(2, 2, 3, 5)]
2 -> costo: 39772.79999999999, rotte: {2: [(1, 3), (3, 6), (6, 5)], 3: [(1, 2), (2, 7), (7, 4)]}, padri: [1], figli: [3, 5, 3, 3, 5, 5], mosse: [(2, 2, 1, 3, 11)]
3 -> costo: 36230.299999999996, rotte: {2: [(1, 3), (3, 6), (6, 5)], 3: [(1, 2), (2, 4), (4, 7)]}, padri: [2, 2, 2], figli: [4, 4, 4, 6, 6, 6], mosse: [(3, 3, 7, 4), (3, 3, 2, 4, 17), (3, 3, 4, 7, 11)]
4 -> costo: 35077.0, rotte: {2: [(1, 3), (3, 5), (5, 6)], 3: [(1, 2), (2, 4), (4, 7)]}, padri: [3, 3, 3, 5, 5, 5, 7], figli: [], mosse: [(2, 2, 3, 5, 20), (2, 2, 6, 5), (2, 2, 5, 6, 5), (3, 3, 2, 4, 17), (3, 3, 7, 4), (3, 3, 4, 7, 11), (3, 3, 2, 4, 17)]
5 -> costo: 38619.49999999999, rotte: {2: [(1, 3), (3, 5), (5, 6)], 3: [(1, 2), (2, 7), (7, 4)]}, padri: [2, 2, 2], figli: [4, 4, 4, 6, 6, 6, 7], mosse: [(2, 2, 6, 5), (2, 2, 3, 5, 20), (2, 2, 5, 6, 5)]
6 -> costo: 38027.9, rotte: {2: [(1, 3), (3, 5), (5, 6)], 3: [(1, 7), (7, 4), (4, 2)]}, padri: [5, 7], figli: [], mosse: [(3, 3, 4, 2, 6), (3, 3, 1, 7, 11)]
7 -> costo: 38283.3, rotte: {2: [(1, 3), (3, 5), (5, 6)], 3: [(1, 4), (4, 2), (2, 7)]}, padri: [5], figli: [4, 6], mosse: [(3, 3, 1, 4, 17)]
bestSolutionIndice: 4
4 -> costo: 35077.0, rotte: {2: [(1, 3), (3, 5), (5, 6)], 3: [(1, 2), (2, 4), (4, 7)]}, padri: [3, 3, 3, 5, 5, 5, 7], figli: [], mosse: [(2, 2, 3, 5, 20), (2, 2, 6, 5), (2, 2, 5, 6, 5), (3, 3, 2, 4, 17), (3, 3, 7, 4), (3, 3, 4, 7, 11), (3, 3, 2, 4, 17)]
trasportoPalletDiGamma: {2: [(3, 11), (5, 20), (6, 5)], 3: [(2, 6), (4, 17), (7, 11)]}
itMosseLS: 18, itMosseTS: 15
time elapsed: 1.87s.


##########################################################################################
s: 1
dictSolutions[1]:
0 -> costo: 45728.3, rotte: {3: [(1, 5), (5, 2), (2, 7)], 2: [(1, 3), (3, 6), (6, 4)]}, padri: [-1], figli: [1, 6], mosse: [-1]
1 -> costo: 39281.1, rotte: {3: [(1, 2), (2, 5), (5, 7)], 2: [(1, 3), (3, 6), (6, 4)]}, padri: [0], figli: [2, 2, 2, 4, 4, 4, 7, 7, 7, 8, 8, 8, 10, 10, 10], mosse: [(3, 3, 2, 5, 20)]
2 -> costo: 35744.8, rotte: {3: [(1, 2), (2, 5), (5, 7)], 2: [(1, 3), (3, 4), (4, 6)]}, padri: [1, 1, 1, 6, 7, 9], figli: [3, 5], mosse: [(2, 2, 6, 4), (2, 2, 3, 4, 17), (2, 2, 4, 6, 5), (3, 3, 2, 5, 20), (3, 3, 1, 2, 6), (3, 3, 7, 5)]
3 -> costo: 33981.9, rotte: {3: [(1, 5), (5, 7)], 2: [(1, 3), (3, 2), (2, 4), (4, 6)]}, padri: [2, 4, 4, 4, 5, 10, 10], figli: [], mosse: [(2, 3, 3, 2, 6), (2, 2, 6, 4), (2, 2, 2, 4, 17), (2, 2, 4, 6, 5), (2, 2, 2, 4, 17), (3, 3, 7, 5), (3, 3, 1, 5, 20)]
4 -> costo: 38321.8, rotte: {3: [(1, 5), (5, 7)], 2: [(1, 3), (3, 2), (2, 6), (6, 4)]}, padri: [1], figli: [3, 3, 3, 5, 5, 5], mosse: [(2, 3, 3, 2, 6)]
5 -> costo: 38075.700000000004, rotte: {3: [(1, 5), (5, 7)], 2: [(1, 3), (3, 4), (4, 2), (2, 6)]}, padri: [4], figli: [3], mosse: [(2, 2, 3, 4, 17)]
6 -> costo: 42192.00000000001, rotte: {3: [(1, 5), (5, 2), (2, 7)], 2: [(1, 3), (3, 4), (4, 6)]}, padri: [0], figli: [2, 7, 8, 10], mosse: [(2, 2, 6, 4)]
7 -> costo: 39544.0, rotte: {3: [(1, 5), (5, 7), (7, 2)], 2: [(1, 3), (3, 4), (4, 6)]}, padri: [6], figli: [2, 8, 10], mosse: [(3, 3, 2, 7)]
8 -> costo: 38705.9, rotte: {3: [(1, 7), (7, 5), (5, 2)], 2: [(1, 3), (3, 4), (4, 6)]}, padri: [7], figli: [9], mosse: [(3, 3, 7, 5, 20)]
9 -> costo: 36911.700000000004, rotte: {3: [(1, 2), (2, 7), (7, 5)], 2: [(1, 3), (3, 4), (4, 6)]}, padri: [8], figli: [2, 10], mosse: [(3, 3, 1, 2, 6)]
10 -> costo: 34289.7, rotte: {3: [(1, 7), (7, 5)], 2: [(1, 3), (3, 2), (2, 4), (4, 6)]}, padri: [9], figli: [3, 3], mosse: [(2, 3, 3, 2, 6)]
bestSolutionIndice: 3
3 -> costo: 33981.9, rotte: {3: [(1, 5), (5, 7)], 2: [(1, 3), (3, 2), (2, 4), (4, 6)]}, padri: [2, 4, 4, 4, 5, 10, 10], figli: [], mosse: [(2, 3, 3, 2, 6), (2, 2, 6, 4), (2, 2, 2, 4, 17), (2, 2, 4, 6, 5), (2, 2, 2, 4, 17), (3, 3, 7, 5), (3, 3, 1, 5, 20)]
trasportoPalletDiGamma: {3: [(5, 20), (7, 11)], 2: [(3, 11), (2, 6), (4, 17), (6, 5)]}
itMosseLS: 21, itMosseTS: 15
time elapsed: 1.84s.


##########################################################################################
s: 1
dictSolutions[1]:
0 -> costo: 49439.9, rotte: {3: [(1, 2), (2, 7), (7, 4)], 2: [(1, 5), (5, 3), (3, 6)]}, padri: [-1], figli: [1, 5, 6], mosse: [-1]
1 -> costo: 38619.5, rotte: {3: [(1, 2), (2, 7), (7, 4)], 2: [(1, 3), (3, 5), (5, 6)]}, padri: [0, 5], figli: [2, 2, 2, 3, 3, 3, 4, 7, 7, 7], mosse: [(2, 2, 3, 5, 20), (2, 2, 1, 3, 11)]
2 -> costo: 35077.0, rotte: {3: [(1, 2), (2, 4), (4, 7)], 2: [(1, 3), (3, 5), (5, 6)]}, padri: [1, 1, 1, 4, 6, 8, 8, 8], figli: [], mosse: [(3, 3, 7, 4), (3, 3, 2, 4, 17), (3, 3, 4, 7, 11), (3, 3, 2, 4, 17), (2, 2, 1, 3, 11), (2, 2, 6, 5), (2, 2, 3, 5, 20), (2, 2, 5, 6, 5)]
3 -> costo: 38027.899999999994, rotte: {3: [(1, 7), (7, 4), (4, 2)], 2: [(1, 3), (3, 5), (5, 6)]}, padri: [1, 4], figli: [], mosse: [(3, 3, 4, 2, 6), (3, 3, 1, 7, 11)]
4 -> costo: 38283.299999999996, rotte: {3: [(1, 4), (4, 2), (2, 7)], 2: [(1, 3), (3, 5), (5, 6)]}, padri: [1], figli: [2, 3, 7], mosse: [(3, 3, 1, 4, 17)]
5 -> costo: 44392.1, rotte: {3: [(1, 2), (2, 7), (7, 4)], 2: [(1, 5), (5, 6), (6, 3)]}, padri: [0], figli: [1, 6], mosse: [(2, 2, 3, 6)]
6 -> costo: 40849.6, rotte: {3: [(1, 2), (2, 4), (4, 7)], 2: [(1, 5), (5, 6), (6, 3)]}, padri: [5], figli: [2, 7], mosse: [(3, 3, 7, 4)]
7 -> costo: 40803.5, rotte: {3: [(1, 2), (2, 4), (4, 7)], 2: [(1, 6), (6, 5), (5, 3)]}, padri: [6], figli: [8, 9], mosse: [(2, 2, 6, 5, 20)]
8 -> costo: 36230.299999999996, rotte: {3: [(1, 2), (2, 4), (4, 7)], 2: [(1, 3), (3, 6), (6, 5)]}, padri: [7], figli: [2, 2, 2], mosse: [(2, 2, 1, 3, 11)]
9 -> costo: 38666.6, rotte: {3: [(1, 2), (2, 4), (4, 7), (7, 6)], 2: [(1, 5), (5, 3)]}, padri: [7], figli: [10], mosse: [(3, 2, 7, 6, 5)]
10 -> costo: 34037.899999999994, rotte: {3: [(1, 2), (2, 4), (4, 7), (7, 6)], 2: [(1, 3), (3, 5)]}, padri: [9], figli: [11], mosse: [(2, 2, 5, 3)]
11 -> costo: 33277.7, rotte: {3: [(1, 4), (4, 7), (7, 6)], 2: [(1, 3), (3, 2), (2, 5)]}, padri: [10], figli: [], mosse: [(2, 3, 3, 2, 6)]
bestSolutionIndice: 11
11 -> costo: 33277.7, rotte: {3: [(1, 4), (4, 7), (7, 6)], 2: [(1, 3), (3, 2), (2, 5)]}, padri: [10], figli: [], mosse: [(2, 3, 3, 2, 6)]
trasportoPalletDiGamma: {3: [(4, 17), (7, 11), (6, 5)], 2: [(3, 11), (2, 6), (5, 20)]}
itMosseLS: 20, itMosseTS: 15
time elapsed: 1.76s.


##########################################################################################
s: 1
dictSolutions[1]:
0 -> costo: 46319.3, rotte: {2: [(1, 4), (4, 6), (6, 3)], 3: [(1, 5), (5, 7), (7, 2)]}, padri: [-1], figli: [1, 7], mosse: [-1]
1 -> costo: 39544.0, rotte: {2: [(1, 3), (3, 4), (4, 6)], 3: [(1, 5), (5, 7), (7, 2)]}, padri: [0], figli: [2, 4, 6, 8], mosse: [(2, 2, 1, 3, 11)]
2 -> costo: 35744.8, rotte: {2: [(1, 3), (3, 4), (4, 6)], 3: [(1, 2), (2, 5), (5, 7)]}, padri: [1, 5, 5, 5, 7, 9, 9, 9], figli: [3], mosse: [(3, 3, 1, 2, 6), (3, 3, 7, 5), (3, 3, 2, 5, 20), (3, 3, 5, 7, 11), (2, 2, 1, 3, 11), (2, 2, 6, 4), (2, 2, 3, 4, 17), (2, 2, 4, 6, 5)]
3 -> costo: 33981.9, rotte: {2: [(1, 3), (3, 2), (2, 4), (4, 6)], 3: [(1, 5), (5, 7)]}, padri: [2, 6, 6, 6], figli: [], mosse: [(2, 3, 3, 2, 6), (3, 3, 7, 5), (3, 3, 1, 5, 20), (3, 3, 5, 7, 11)]
4 -> costo: 38705.899999999994, rotte: {2: [(1, 3), (3, 4), (4, 6)], 3: [(1, 7), (7, 5), (5, 2)]}, padri: [1], figli: [5], mosse: [(3, 3, 7, 5, 20)]
5 -> costo: 36911.7, rotte: {2: [(1, 3), (3, 4), (4, 6)], 3: [(1, 2), (2, 7), (7, 5)]}, padri: [4], figli: [2, 6, 2, 2, 8, 8, 8], mosse: [(3, 3, 1, 2, 6)]
6 -> costo: 34289.7, rotte: {2: [(1, 3), (3, 2), (2, 4), (4, 6)], 3: [(1, 7), (7, 5)]}, padri: [5], figli: [3, 3, 3], mosse: [(2, 3, 3, 2, 6)]
7 -> costo: 42520.1, rotte: {2: [(1, 4), (4, 6), (6, 3)], 3: [(1, 2), (2, 5), (5, 7)]}, padri: [0], figli: [2, 8], mosse: [(3, 3, 1, 2, 6)]
8 -> costo: 41468.5, rotte: {2: [(1, 6), (6, 4), (4, 3)], 3: [(1, 2), (2, 5), (5, 7)]}, padri: [7], figli: [9], mosse: [(2, 2, 6, 4, 17)]
9 -> costo: 39281.1, rotte: {2: [(1, 3), (3, 6), (6, 4)], 3: [(1, 2), (2, 5), (5, 7)]}, padri: [8], figli: [2, 2, 2], mosse: [(2, 2, 1, 3, 11)]
bestSolutionIndice: 3
3 -> costo: 33981.9, rotte: {2: [(1, 3), (3, 2), (2, 4), (4, 6)], 3: [(1, 5), (5, 7)]}, padri: [2, 6, 6, 6], figli: [], mosse: [(2, 3, 3, 2, 6), (3, 3, 7, 5), (3, 3, 1, 5, 20), (3, 3, 5, 7, 11)]
trasportoPalletDiGamma: {2: [(3, 11), (2, 6), (4, 17), (6, 5)], 3: [(5, 20), (7, 11)]}
itMosseLS: 19, itMosseTS: 15
time elapsed: 2.05s.


##########################################################################################
s: 1
dictSolutions[1]:
0 -> costo: 37835.1, rotte: {3: [(1, 5), (5, 2), (2, 3)], 2: [(1, 4), (4, 7), (7, 6)]}, padri: [-1], figli: [1, 5], mosse: [-1]
1 -> costo: 37588.1, rotte: {3: [(1, 2), (2, 3), (3, 5)], 2: [(1, 4), (4, 7), (7, 6)]}, padri: [0, 5], figli: [2, 3, 4], mosse: [(3, 3, 3, 5, 20), (3, 3, 1, 2, 6)]
2 -> costo: 33277.7, rotte: {3: [(1, 3), (3, 2), (2, 5)], 2: [(1, 4), (4, 7), (7, 6)]}, padri: [1, 3, 5, 5, 5], figli: [], mosse: [(3, 3, 3, 2, 6), (3, 2, 3, 2, 6), (3, 3, 5, 2), (3, 3, 3, 2, 6), (3, 3, 2, 5, 20)]
3 -> costo: 34037.9, rotte: {3: [(1, 3), (3, 5)], 2: [(1, 2), (2, 4), (4, 7), (7, 6)]}, padri: [1, 4], figli: [2], mosse: [(2, 3, 1, 2, 6), (2, 2, 2, 4, 17)]
4 -> costo: 37244.2, rotte: {3: [(1, 3), (3, 5)], 2: [(1, 4), (4, 2), (2, 7), (7, 6)]}, padri: [1], figli: [3], mosse: [(2, 3, 4, 2, 6)]
5 -> costo: 37693.9, rotte: {3: [(1, 3), (3, 5), (5, 2)], 2: [(1, 4), (4, 7), (7, 6)]}, padri: [0], figli: [2, 2, 2, 1], mosse: [(3, 3, 1, 3, 11)]
bestSolutionIndice: 2
2 -> costo: 33277.7, rotte: {3: [(1, 3), (3, 2), (2, 5)], 2: [(1, 4), (4, 7), (7, 6)]}, padri: [1, 3, 5, 5, 5], figli: [], mosse: [(3, 3, 3, 2, 6), (3, 2, 3, 2, 6), (3, 3, 5, 2), (3, 3, 3, 2, 6), (3, 3, 2, 5, 20)]
trasportoPalletDiGamma: {3: [(3, 11), (2, 6), (5, 20)], 2: [(4, 17), (7, 11), (6, 5)]}
itMosseLS: 11, itMosseTS: 11
time elapsed: 1.00s.


##########################################################################################
s: 1
dictSolutions[1]:
0 -> costo: 46074.8, rotte: {2: [(1, 6), (6, 7), (7, 2), (2, 3)], 3: [(1, 4), (4, 5), (5, 3)]}, padri: [-1], figli: [1, 1, 1, 1, 7, 7, 7, 7], mosse: [-1]
1 -> costo: 38780.8, rotte: {2: [(1, 6), (6, 7), (7, 2), (2, 3)], 3: [(1, 4), (4, 5)]}, padri: [0, 0, 0, 0, 7], figli: [2], mosse: [(2, 3, 1, 3, 3), (2, 3, 6, 3, 3), (2, 3, 7, 3, 3), (2, 3, 2, 3, 3), (2, 3, 1, 3, 3)]
2 -> costo: 38695.09999999999, rotte: {2: [(1, 3), (3, 6), (6, 7), (7, 2)], 3: [(1, 4), (4, 5)]}, padri: [1], figli: [3, 5], mosse: [(2, 2, 1, 3, 11)]
3 -> costo: 33936.6, rotte: {2: [(1, 3), (3, 2), (2, 6), (6, 7)], 3: [(1, 4), (4, 5)]}, padri: [2, 5], figli: [4, 4, 4], mosse: [(2, 2, 3, 2, 6), (2, 2, 3, 2, 6)]
4 -> costo: 33146.6, rotte: {2: [(1, 3), (3, 2), (2, 7), (7, 6)], 3: [(1, 4), (4, 5)]}, padri: [3, 3, 3, 6], figli: [], mosse: [(2, 2, 6, 7), (2, 2, 2, 7, 11), (2, 2, 7, 6, 5), (2, 2, 3, 2, 6)]
5 -> costo: 37443.399999999994, rotte: {2: [(1, 2), (2, 3), (3, 6), (6, 7)], 3: [(1, 4), (4, 5)]}, padri: [2], figli: [6, 3, 6, 6], mosse: [(2, 2, 1, 2, 6)]
6 -> costo: 36653.399999999994, rotte: {2: [(1, 2), (2, 3), (3, 7), (7, 6)], 3: [(1, 4), (4, 5)]}, padri: [5, 5, 5], figli: [4], mosse: [(2, 2, 6, 7), (2, 2, 3, 7, 11), (2, 2, 7, 6, 5)]
7 -> costo: 40443.4, rotte: {2: [(1, 6), (6, 7), (7, 2), (2, 3)], 3: [(1, 3), (3, 4), (4, 5)]}, padri: [0], figli: [1], mosse: [(3, 3, 1, 3, 3)]
bestSolutionIndice: 4
4 -> costo: 33146.6, rotte: {2: [(1, 3), (3, 2), (2, 7), (7, 6)], 3: [(1, 4), (4, 5)]}, padri: [3, 3, 3, 6], figli: [], mosse: [(2, 2, 6, 7), (2, 2, 2, 7, 11), (2, 2, 7, 6, 5), (2, 2, 3, 2, 6)]
trasportoPalletDiGamma: {2: [(3, 11), (2, 6), (7, 11), (6, 5)], 3: [(4, 17), (5, 20)]}
itMosseLS: 17, itMosseTS: 15
time elapsed: 1.16s.


##########################################################################################
s: 1
dictSolutions[1]:
0 -> costo: 44947.4, rotte: {2: [(1, 6), (6, 4), (4, 5)], 3: [(1, 2), (2, 3), (3, 7), (7, 5)]}, padri: [-1], figli: [1], mosse: [-1]
1 -> costo: 38899.5, rotte: {2: [(1, 4), (4, 5)], 3: [(1, 2), (2, 3), (3, 7), (7, 6), (6, 5)]}, padri: [0], figli: [2, 7], mosse: [(3, 2, 7, 6, 5)]
2 -> costo: 35392.7, rotte: {2: [(1, 4), (4, 5)], 3: [(1, 3), (3, 2), (2, 7), (7, 6), (6, 5)]}, padri: [1], figli: [3, 3, 4, 4], mosse: [(3, 3, 3, 2, 6)]
3 -> costo: 33146.6, rotte: {2: [(1, 4), (4, 5)], 3: [(1, 3), (3, 2), (2, 7), (7, 6)]}, padri: [2, 2, 6, 6, 6, 4, 4, 7], figli: [], mosse: [(2, 3, 1, 5, 2), (2, 3, 4, 5, 2), (3, 3, 6, 7), (3, 3, 2, 7, 11), (3, 3, 7, 6, 5), (2, 3, 1, 5, 2), (2, 3, 4, 5, 2), (3, 3, 3, 2, 6)]
4 -> costo: 34230.9, rotte: {2: [(1, 4), (4, 5)], 3: [(1, 3), (3, 2), (2, 5), (5, 7), (7, 6)]}, padri: [2], figli: [5, 3, 3, 5, 5], mosse: [(3, 3, 2, 5, 2)]
5 -> costo: 34225.799999999996, rotte: {2: [(1, 4), (4, 5)], 3: [(1, 3), (3, 2), (2, 5), (5, 6), (6, 7)]}, padri: [4, 4, 4], figli: [6, 6], mosse: [(3, 3, 7, 6), (3, 3, 5, 6, 5), (3, 3, 6, 7, 11)]
6 -> costo: 33936.6, rotte: {2: [(1, 4), (4, 5)], 3: [(1, 3), (3, 2), (2, 6), (6, 7)]}, padri: [5, 5], figli: [3, 3, 3], mosse: [(2, 3, 1, 5, 2), (2, 3, 4, 5, 2)]
7 -> costo: 36653.4, rotte: {2: [(1, 4), (4, 5)], 3: [(1, 2), (2, 3), (3, 7), (7, 6)]}, padri: [1], figli: [3], mosse: [(2, 3, 1, 5, 2)]
bestSolutionIndice: 3
3 -> costo: 33146.6, rotte: {2: [(1, 4), (4, 5)], 3: [(1, 3), (3, 2), (2, 7), (7, 6)]}, padri: [2, 2, 6, 6, 6, 4, 4, 7], figli: [], mosse: [(2, 3, 1, 5, 2), (2, 3, 4, 5, 2), (3, 3, 6, 7), (3, 3, 2, 7, 11), (3, 3, 7, 6, 5), (2, 3, 1, 5, 2), (2, 3, 4, 5, 2), (3, 3, 3, 2, 6)]
trasportoPalletDiGamma: {2: [(4, 17), (5, 20)], 3: [(3, 11), (2, 6), (7, 11), (6, 5)]}
itMosseLS: 17, itMosseTS: 15
time elapsed: 1.34s.


##########################################################################################
s: 1
dictSolutions[1]:
0 -> costo: 51429.100000000006, rotte: {3: [(1, 6), (6, 2), (2, 4), (4, 3)], 2: [(1, 5), (5, 7), (7, 3)]}, padri: [-1], figli: [1], mosse: [-1]
1 -> costo: 43788.8, rotte: {3: [(1, 6), (6, 2), (2, 4), (4, 3)], 2: [(1, 5), (5, 7)]}, padri: [0], figli: [2, 6, 7], mosse: [(3, 2, 1, 3, 9)]
2 -> costo: 34417.9, rotte: {3: [(1, 2), (2, 4), (4, 3)], 2: [(1, 5), (5, 6), (6, 7)]}, padri: [1, 6], figli: [3, 4, 9], mosse: [(2, 3, 5, 6, 5), (2, 2, 7, 6)]
3 -> costo: 30412.1, rotte: {3: [(1, 3), (3, 2), (2, 4)], 2: [(1, 5), (5, 6), (6, 7)]}, padri: [2, 5, 5, 5, 7, 7, 7], figli: [], mosse: [(3, 3, 1, 3, 11), (3, 3, 4, 2), (3, 3, 3, 2, 6), (3, 3, 2, 4, 17), (2, 2, 7, 6), (2, 2, 5, 6, 5), (2, 2, 6, 7, 11)]
4 -> costo: 33586.4, rotte: {3: [(1, 4), (4, 2), (2, 3)], 2: [(1, 5), (5, 6), (6, 7)]}, padri: [2, 8], figli: [5], mosse: [(3, 3, 4, 2, 6), (2, 2, 7, 6)]
5 -> costo: 32442.5, rotte: {3: [(1, 3), (3, 4), (4, 2)], 2: [(1, 5), (5, 6), (6, 7)]}, padri: [4, 9], figli: [3, 3, 3], mosse: [(3, 3, 1, 3, 11), (2, 2, 7, 6)]
6 -> costo: 34423.0, rotte: {3: [(1, 2), (2, 4), (4, 3)], 2: [(1, 5), (5, 7), (7, 6)]}, padri: [1], figli: [2, 7, 8], mosse: [(2, 3, 7, 6, 5)]
7 -> costo: 30417.199999999997, rotte: {3: [(1, 3), (3, 2), (2, 4)], 2: [(1, 5), (5, 7), (7, 6)]}, padri: [6, 9, 9], figli: [3, 3, 3], mosse: [(3, 3, 1, 3, 11), (3, 3, 4, 2), (3, 3, 3, 2, 6)]
8 -> costo: 33591.5, rotte: {3: [(1, 4), (4, 2), (2, 3)], 2: [(1, 5), (5, 7), (7, 6)]}, padri: [6], figli: [4, 9], mosse: [(3, 3, 4, 2, 6)]
9 -> costo: 32447.6, rotte: {3: [(1, 3), (3, 4), (4, 2)], 2: [(1, 5), (5, 7), (7, 6)]}, padri: [8], figli: [7, 7, 5], mosse: [(3, 3, 1, 3, 11)]
bestSolutionIndice: 3
3 -> costo: 30412.1, rotte: {3: [(1, 3), (3, 2), (2, 4)], 2: [(1, 5), (5, 6), (6, 7)]}, padri: [2, 5, 5, 5, 7, 7, 7], figli: [], mosse: [(3, 3, 1, 3, 11), (3, 3, 4, 2), (3, 3, 3, 2, 6), (3, 3, 2, 4, 17), (2, 2, 7, 6), (2, 2, 5, 6, 5), (2, 2, 6, 7, 11)]
trasportoPalletDiGamma: {3: [(3, 11), (2, 6), (4, 17)], 2: [(5, 20), (6, 5), (7, 11)]}
itMosseLS: 20, itMosseTS: 15
time elapsed: 0.85s.


##########################################################################################
s: 1
dictSolutions[1]:
0 -> costo: 46985.8, rotte: {3: [(1, 2), (2, 4), (4, 7)], 2: [(1, 6), (6, 3), (3, 5)]}, padri: [-1], figli: [1], mosse: [-1]
1 -> costo: 40803.5, rotte: {3: [(1, 2), (2, 4), (4, 7)], 2: [(1, 6), (6, 5), (5, 3)]}, padri: [0], figli: [2, 4], mosse: [(2, 2, 3, 5)]
2 -> costo: 36230.299999999996, rotte: {3: [(1, 2), (2, 4), (4, 7)], 2: [(1, 3), (3, 6), (6, 5)]}, padri: [1], figli: [3, 3, 3], mosse: [(2, 2, 1, 3, 11)]
3 -> costo: 35077.0, rotte: {3: [(1, 2), (2, 4), (4, 7)], 2: [(1, 3), (3, 5), (5, 6)]}, padri: [2, 2, 2], figli: [], mosse: [(2, 2, 6, 5), (2, 2, 3, 5, 20), (2, 2, 5, 6, 5)]
4 -> costo: 38666.6, rotte: {3: [(1, 2), (2, 4), (4, 7), (7, 6)], 2: [(1, 5), (5, 3)]}, padri: [1], figli: [5, 5, 5, 7, 7, 7, 9, 9, 9], mosse: [(3, 2, 7, 6, 5)]
5 -> costo: 34037.899999999994, rotte: {3: [(1, 2), (2, 4), (4, 7), (7, 6)], 2: [(1, 3), (3, 5)]}, padri: [4, 4, 4, 8, 9], figli: [6], mosse: [(2, 2, 5, 3), (2, 2, 1, 3, 11), (2, 2, 3, 5, 20), (3, 2, 1, 2, 6), (3, 3, 2, 4, 17)]
6 -> costo: 33277.7, rotte: {3: [(1, 4), (4, 7), (7, 6)], 2: [(1, 3), (3, 2), (2, 5)]}, padri: [5, 8, 10, 10, 10], figli: [], mosse: [(2, 3, 3, 2, 6), (2, 2, 3, 2, 6), (2, 2, 5, 2), (2, 2, 3, 2, 6), (2, 2, 2, 5, 20)]
7 -> costo: 37835.1, rotte: {3: [(1, 4), (4, 7), (7, 6)], 2: [(1, 5), (5, 2), (2, 3)]}, padri: [4], figli: [8, 10], mosse: [(2, 3, 5, 2, 6)]
8 -> costo: 37588.1, rotte: {3: [(1, 4), (4, 7), (7, 6)], 2: [(1, 2), (2, 3), (3, 5)]}, padri: [7], figli: [6, 5, 9], mosse: [(2, 2, 3, 5, 20)]
9 -> costo: 37244.2, rotte: {3: [(1, 4), (4, 2), (2, 7), (7, 6)], 2: [(1, 3), (3, 5)]}, padri: [8], figli: [5], mosse: [(3, 2, 4, 2, 6)]
10 -> costo: 37693.9, rotte: {3: [(1, 4), (4, 7), (7, 6)], 2: [(1, 3), (3, 5), (5, 2)]}, padri: [7], figli: [6, 6, 6], mosse: [(2, 2, 1, 3, 11)]
bestSolutionIndice: 6
6 -> costo: 33277.7, rotte: {3: [(1, 4), (4, 7), (7, 6)], 2: [(1, 3), (3, 2), (2, 5)]}, padri: [5, 8, 10, 10, 10], figli: [], mosse: [(2, 3, 3, 2, 6), (2, 2, 3, 2, 6), (2, 2, 5, 2), (2, 2, 3, 2, 6), (2, 2, 2, 5, 20)]
trasportoPalletDiGamma: {3: [(4, 17), (7, 11), (6, 5)], 2: [(3, 11), (2, 6), (5, 20)]}
itMosseLS: 20, itMosseTS: 15
time elapsed: 1.69s.


##########################################################################################
s: 1
dictSolutions[1]:
0 -> costo: 44805.799999999996, rotte: {2: [(1, 6), (6, 5), (5, 2)], 3: [(1, 4), (4, 7), (7, 3)]}, padri: [-1], figli: [1, 4], mosse: [-1]
1 -> costo: 38828.1, rotte: {2: [(1, 6), (6, 5), (5, 2)], 3: [(1, 3), (3, 4), (4, 7)]}, padri: [0], figli: [2], mosse: [(3, 3, 1, 3, 11)]
2 -> costo: 37033.899999999994, rotte: {2: [(1, 2), (2, 6), (6, 5)], 3: [(1, 3), (3, 4), (4, 7)]}, padri: [1, 4], figli: [3, 3, 3, 6, 6, 6], mosse: [(2, 2, 1, 2, 6), (3, 3, 1, 3, 11)]
3 -> costo: 35077.0, rotte: {2: [(1, 2), (2, 5), (5, 6)], 3: [(1, 3), (3, 4), (4, 7)]}, padri: [2, 2, 2, 5, 7, 7, 7], figli: [], mosse: [(2, 2, 6, 5), (2, 2, 2, 5, 20), (2, 2, 5, 6, 5), (3, 3, 1, 3, 11), (3, 3, 7, 4), (3, 3, 3, 4, 17), (3, 3, 4, 7, 11)]
4 -> costo: 43011.6, rotte: {2: [(1, 2), (2, 6), (6, 5)], 3: [(1, 4), (4, 7), (7, 3)]}, padri: [0], figli: [5, 2, 5, 5, 8, 8, 8], mosse: [(2, 2, 1, 2, 6)]
5 -> costo: 41054.700000000004, rotte: {2: [(1, 2), (2, 5), (5, 6)], 3: [(1, 4), (4, 7), (7, 3)]}, padri: [4, 4, 4], figli: [3, 6], mosse: [(2, 2, 6, 5), (2, 2, 2, 5, 20), (2, 2, 5, 6, 5)]
6 -> costo: 40003.299999999996, rotte: {2: [(1, 2), (2, 5), (5, 6)], 3: [(1, 7), (7, 4), (4, 3)]}, padri: [5, 8], figli: [7], mosse: [(3, 3, 7, 4, 17), (2, 2, 6, 5)]
7 -> costo: 37815.899999999994, rotte: {2: [(1, 2), (2, 5), (5, 6)], 3: [(1, 3), (3, 7), (7, 4)]}, padri: [6], figli: [3, 3, 3], mosse: [(3, 3, 1, 3, 11)]
8 -> costo: 41960.19999999999, rotte: {2: [(1, 2), (2, 6), (6, 5)], 3: [(1, 7), (7, 4), (4, 3)]}, padri: [4], figli: [6], mosse: [(3, 3, 7, 4, 17)]
bestSolutionIndice: 3
3 -> costo: 35077.0, rotte: {2: [(1, 2), (2, 5), (5, 6)], 3: [(1, 3), (3, 4), (4, 7)]}, padri: [2, 2, 2, 5, 7, 7, 7], figli: [], mosse: [(2, 2, 6, 5), (2, 2, 2, 5, 20), (2, 2, 5, 6, 5), (3, 3, 1, 3, 11), (3, 3, 7, 4), (3, 3, 3, 4, 17), (3, 3, 4, 7, 11)]
trasportoPalletDiGamma: {2: [(2, 6), (5, 20), (6, 5)], 3: [(3, 11), (4, 17), (7, 11)]}
itMosseLS: 18, itMosseTS: 15
time elapsed: 2.28s.


##########################################################################################
s: 1
dictSolutions[1]:
0 -> costo: 47459.8, rotte: {2: [(1, 4), (4, 5), (5, 6)], 3: [(1, 7), (7, 2), (2, 3), (3, 6)]}, padri: [-1], figli: [1, 5, 6], mosse: [-1]
1 -> costo: 38891.6, rotte: {2: [(1, 4), (4, 5), (5, 6)], 3: [(1, 2), (2, 3), (3, 7), (7, 6)]}, padri: [0, 5], figli: [2, 4, 4, 4, 4, 7], mosse: [(3, 3, 3, 7, 11), (3, 3, 6, 7)]
2 -> costo: 35384.799999999996, rotte: {2: [(1, 4), (4, 5), (5, 6)], 3: [(1, 3), (3, 2), (2, 7), (7, 6)]}, padri: [1, 6], figli: [3, 3, 3, 3], mosse: [(3, 3, 3, 2, 6), (3, 3, 6, 7)]
3 -> costo: 33146.6, rotte: {2: [(1, 4), (4, 5)], 3: [(1, 3), (3, 2), (2, 7), (7, 6)]}, padri: [2, 2, 2, 2, 4, 7, 7, 7], figli: [], mosse: [(3, 2, 1, 6, 3), (3, 2, 3, 6, 3), (3, 2, 2, 6, 3), (3, 2, 7, 6, 3), (3, 3, 3, 2, 6), (3, 3, 6, 7), (3, 3, 2, 7, 11), (3, 3, 7, 6, 5)]
4 -> costo: 36653.4, rotte: {2: [(1, 4), (4, 5)], 3: [(1, 2), (2, 3), (3, 7), (7, 6)]}, padri: [1, 1, 1, 1], figli: [3], mosse: [(3, 2, 1, 6, 3), (3, 2, 2, 6, 3), (3, 2, 3, 6, 3), (3, 2, 7, 6, 3)]
5 -> costo: 39681.6, rotte: {2: [(1, 4), (4, 5), (5, 6)], 3: [(1, 2), (2, 3), (3, 6), (6, 7)]}, padri: [0], figli: [1, 6], mosse: [(3, 3, 6, 7, 11)]
6 -> costo: 36174.799999999996, rotte: {2: [(1, 4), (4, 5), (5, 6)], 3: [(1, 3), (3, 2), (2, 6), (6, 7)]}, padri: [5], figli: [2, 7], mosse: [(3, 3, 3, 2, 6)]
7 -> costo: 33936.6, rotte: {2: [(1, 4), (4, 5)], 3: [(1, 3), (3, 2), (2, 6), (6, 7)]}, padri: [6], figli: [3, 3, 3], mosse: [(3, 2, 1, 6, 3)]
bestSolutionIndice: 3
3 -> costo: 33146.6, rotte: {2: [(1, 4), (4, 5)], 3: [(1, 3), (3, 2), (2, 7), (7, 6)]}, padri: [2, 2, 2, 2, 4, 7, 7, 7], figli: [], mosse: [(3, 2, 1, 6, 3), (3, 2, 3, 6, 3), (3, 2, 2, 6, 3), (3, 2, 7, 6, 3), (3, 3, 3, 2, 6), (3, 3, 6, 7), (3, 3, 2, 7, 11), (3, 3, 7, 6, 5)]
trasportoPalletDiGamma: {2: [(4, 17), (5, 20)], 3: [(3, 11), (2, 6), (7, 11), (6, 5)]}
itMosseLS: 19, itMosseTS: 15
time elapsed: 1.28s.


##########################################################################################
s: 1
dictSolutions[1]:
0 -> costo: 36074.5, rotte: {2: [(1, 7), (7, 5), (5, 6)], 3: [(1, 2), (2, 3), (3, 4)]}, padri: [-1], figli: [1, 6], mosse: [-1]
1 -> costo: 31764.1, rotte: {2: [(1, 7), (7, 5), (5, 6)], 3: [(1, 3), (3, 2), (2, 4)]}, padri: [0], figli: [2, 4, 3, 2, 2, 5, 5, 5, 7, 7, 7, 8, 8, 8], mosse: [(3, 3, 3, 2, 6)]
2 -> costo: 30719.899999999998, rotte: {2: [(1, 7), (7, 6), (6, 5)], 3: [(1, 3), (3, 2), (2, 4)]}, padri: [1, 1, 1, 5, 6, 7, 9], figli: [3], mosse: [(2, 2, 5, 6), (2, 2, 7, 6, 5), (2, 2, 6, 5, 20), (2, 2, 7, 6, 5), (3, 3, 3, 2, 6), (3, 3, 1, 3, 11), (3, 3, 4, 2)]
3 -> costo: 30417.199999999997, rotte: {2: [(1, 5), (5, 7), (7, 6)], 3: [(1, 3), (3, 2), (2, 4)]}, padri: [2, 1], figli: [4, 4, 4], mosse: [(2, 2, 1, 5, 20), (2, 2, 5, 7, 11)]
4 -> costo: 30412.1, rotte: {2: [(1, 5), (5, 6), (6, 7)], 3: [(1, 3), (3, 2), (2, 4)]}, padri: [3, 3, 3, 1, 5], figli: [], mosse: [(2, 2, 7, 6), (2, 2, 5, 6, 5), (2, 2, 6, 7, 11), (2, 2, 6, 7, 11), (2, 2, 1, 5, 20)]
5 -> costo: 31515.0, rotte: {2: [(1, 6), (6, 7), (7, 5)], 3: [(1, 3), (3, 2), (2, 4)]}, padri: [1], figli: [4, 2, 7, 8], mosse: [(2, 2, 1, 6, 5)]
6 -> costo: 35030.299999999996, rotte: {2: [(1, 7), (7, 6), (6, 5)], 3: [(1, 2), (2, 3), (3, 4)]}, padri: [0], figli: [2, 7, 8], mosse: [(2, 2, 5, 6)]
7 -> costo: 34725.7, rotte: {2: [(1, 7), (7, 6), (6, 5)], 3: [(1, 2), (2, 4), (4, 3)]}, padri: [6], figli: [2, 8], mosse: [(3, 3, 3, 4)]
8 -> costo: 33894.2, rotte: {2: [(1, 7), (7, 6), (6, 5)], 3: [(1, 4), (4, 2), (2, 3)]}, padri: [7], figli: [9], mosse: [(3, 3, 4, 2, 6)]
9 -> costo: 32750.3, rotte: {2: [(1, 7), (7, 6), (6, 5)], 3: [(1, 3), (3, 4), (4, 2)]}, padri: [8], figli: [2], mosse: [(3, 3, 1, 3, 11)]
bestSolutionIndice: 4
4 -> costo: 30412.1, rotte: {2: [(1, 5), (5, 6), (6, 7)], 3: [(1, 3), (3, 2), (2, 4)]}, padri: [3, 3, 3, 1, 5], figli: [], mosse: [(2, 2, 7, 6), (2, 2, 5, 6, 5), (2, 2, 6, 7, 11), (2, 2, 6, 7, 11), (2, 2, 1, 5, 20)]
trasportoPalletDiGamma: {2: [(5, 20), (6, 5), (7, 11)], 3: [(3, 11), (2, 6), (4, 17)]}
itMosseLS: 20, itMosseTS: 15
time elapsed: 0.71s.


##########################################################################################
s: 1
dictSolutions[1]:
0 -> costo: 36144.399999999994, rotte: {3: [(1, 2), (2, 4), (4, 5)], 2: [(1, 3), (3, 6), (6, 7), (7, 5)]}, padri: [-1], figli: [1, 5, 7], mosse: [-1]
1 -> costo: 34986.0, rotte: {3: [(1, 2), (2, 4), (4, 5)], 2: [(1, 3), (3, 5), (5, 6), (6, 7)]}, padri: [0, 6, 6, 6], figli: [2], mosse: [(2, 2, 3, 5, 3), (2, 2, 7, 6), (2, 2, 5, 6, 5), (2, 2, 6, 7, 11)]
2 -> costo: 34225.799999999996, rotte: {3: [(1, 4), (4, 5)], 2: [(1, 3), (3, 2), (2, 5), (5, 6), (6, 7)]}, padri: [1, 7, 7, 7], figli: [3, 3], mosse: [(2, 3, 3, 2, 6), (2, 2, 7, 6), (2, 2, 5, 6, 5), (2, 2, 6, 7, 11)]
3 -> costo: 33936.6, rotte: {3: [(1, 4), (4, 5)], 2: [(1, 3), (3, 2), (2, 6), (6, 7)]}, padri: [2, 2], figli: [4, 4, 4], mosse: [(3, 2, 1, 5, 3), (3, 2, 4, 5, 3)]
4 -> costo: 33146.6, rotte: {3: [(1, 4), (4, 5)], 2: [(1, 3), (3, 2), (2, 7), (7, 6)]}, padri: [3, 3, 3, 7, 7], figli: [], mosse: [(2, 2, 6, 7), (2, 2, 2, 7, 11), (2, 2, 7, 6, 5), (3, 2, 1, 5, 3), (3, 2, 4, 5, 3)]
5 -> costo: 35349.299999999996, rotte: {3: [(1, 2), (2, 4), (4, 5)], 2: [(1, 3), (3, 7), (7, 6), (6, 5)]}, padri: [0], figli: [6], mosse: [(2, 2, 7, 6, 5)]
6 -> costo: 34991.1, rotte: {3: [(1, 2), (2, 4), (4, 5)], 2: [(1, 3), (3, 5), (5, 7), (7, 6)]}, padri: [5], figli: [1, 7, 1, 1], mosse: [(2, 2, 3, 5, 3)]
7 -> costo: 34230.9, rotte: {3: [(1, 4), (4, 5)], 2: [(1, 3), (3, 2), (2, 5), (5, 7), (7, 6)]}, padri: [6], figli: [2, 4, 4, 2, 2], mosse: [(2, 3, 3, 2, 6)]
bestSolutionIndice: 4
4 -> costo: 33146.6, rotte: {3: [(1, 4), (4, 5)], 2: [(1, 3), (3, 2), (2, 7), (7, 6)]}, padri: [3, 3, 3, 7, 7], figli: [], mosse: [(2, 2, 6, 7), (2, 2, 2, 7, 11), (2, 2, 7, 6, 5), (3, 2, 1, 5, 3), (3, 2, 4, 5, 3)]
trasportoPalletDiGamma: {3: [(4, 17), (5, 20)], 2: [(3, 11), (2, 6), (7, 11), (6, 5)]}
itMosseLS: 18, itMosseTS: 15
time elapsed: 1.57s.


##########################################################################################
s: 1
dictSolutions[1]:
0 -> costo: 39669.3, rotte: {2: [(1, 4), (4, 7), (7, 6)], 3: [(1, 2), (2, 5), (5, 3)]}, padri: [-1], figli: [1, 2, 3, 2, 2, 5, 5, 5, 6, 6, 6], mosse: [-1]
1 -> costo: 33277.7, rotte: {2: [(1, 4), (4, 7), (7, 6)], 3: [(1, 3), (3, 2), (2, 5)]}, padri: [0, 2, 3, 6, 6, 6], figli: [], mosse: [(3, 3, 1, 3, 11), (3, 3, 3, 2, 6), (3, 2, 3, 2, 6), (3, 3, 5, 2), (3, 3, 3, 2, 6), (3, 3, 2, 5, 20)]
2 -> costo: 37588.1, rotte: {2: [(1, 4), (4, 7), (7, 6)], 3: [(1, 2), (2, 3), (3, 5)]}, padri: [0, 0, 0, 5, 6], figli: [1, 3, 4], mosse: [(3, 3, 5, 3), (3, 3, 2, 3, 11), (3, 3, 3, 5, 20), (3, 3, 3, 5, 20), (3, 3, 1, 2, 6)]
3 -> costo: 34037.899999999994, rotte: {2: [(1, 2), (2, 4), (4, 7), (7, 6)], 3: [(1, 3), (3, 5)]}, padri: [2, 4], figli: [1], mosse: [(2, 3, 1, 2, 6), (2, 2, 2, 4, 17)]
4 -> costo: 37244.2, rotte: {2: [(1, 4), (4, 2), (2, 7), (7, 6)], 3: [(1, 3), (3, 5)]}, padri: [2], figli: [3], mosse: [(2, 3, 4, 2, 6)]
5 -> costo: 37835.1, rotte: {2: [(1, 4), (4, 7), (7, 6)], 3: [(1, 5), (5, 2), (2, 3)]}, padri: [0], figli: [2, 6], mosse: [(3, 3, 5, 2, 6)]
6 -> costo: 37693.9, rotte: {2: [(1, 4), (4, 7), (7, 6)], 3: [(1, 3), (3, 5), (5, 2)]}, padri: [5], figli: [1, 1, 1, 2], mosse: [(3, 3, 1, 3, 11)]
bestSolutionIndice: 1
1 -> costo: 33277.7, rotte: {2: [(1, 4), (4, 7), (7, 6)], 3: [(1, 3), (3, 2), (2, 5)]}, padri: [0, 2, 3, 6, 6, 6], figli: [], mosse: [(3, 3, 1, 3, 11), (3, 3, 3, 2, 6), (3, 2, 3, 2, 6), (3, 3, 5, 2), (3, 3, 3, 2, 6), (3, 3, 2, 5, 20)]
trasportoPalletDiGamma: {2: [(4, 17), (7, 11), (6, 5)], 3: [(3, 11), (2, 6), (5, 20)]}
itMosseLS: 16, itMosseTS: 15
time elapsed: 1.46s.


##########################################################################################
s: 1
dictSolutions[1]:
0 -> costo: 50192.100000000006, rotte: {3: [(1, 6), (6, 3), (3, 5)], 2: [(1, 4), (4, 2), (2, 7)]}, padri: [-1], figli: [1, 4], mosse: [-1]
1 -> costo: 37244.2, rotte: {3: [(1, 3), (3, 5)], 2: [(1, 4), (4, 2), (2, 7), (7, 6)]}, padri: [0], figli: [2], mosse: [(2, 3, 7, 6, 5)]
2 -> costo: 34037.9, rotte: {3: [(1, 3), (3, 5)], 2: [(1, 2), (2, 4), (4, 7), (7, 6)]}, padri: [1], figli: [3], mosse: [(2, 2, 2, 4, 17)]
3 -> costo: 33277.7, rotte: {3: [(1, 3), (3, 2), (2, 5)], 2: [(1, 4), (4, 7), (7, 6)]}, padri: [2], figli: [], mosse: [(3, 2, 3, 2, 6)]
4 -> costo: 44009.8, rotte: {3: [(1, 6), (6, 5), (5, 3)], 2: [(1, 4), (4, 2), (2, 7)]}, padri: [0], figli: [5], mosse: [(3, 3, 3, 5)]
5 -> costo: 39436.6, rotte: {3: [(1, 3), (3, 6), (6, 5)], 2: [(1, 4), (4, 2), (2, 7)]}, padri: [4], figli: [6, 9, 6, 6, 10, 10, 10], mosse: [(3, 3, 1, 3, 11)]
6 -> costo: 38283.3, rotte: {3: [(1, 3), (3, 5), (5, 6)], 2: [(1, 4), (4, 2), (2, 7)]}, padri: [5, 5, 5], figli: [7, 8], mosse: [(3, 3, 6, 5), (3, 3, 3, 5, 20), (3, 3, 5, 6, 5)]
7 -> costo: 35077.0, rotte: {3: [(1, 3), (3, 5), (5, 6)], 2: [(1, 2), (2, 4), (4, 7)]}, padri: [6, 9, 9, 9], figli: [], mosse: [(2, 2, 2, 4, 17), (3, 3, 6, 5), (3, 3, 3, 5, 20), (3, 3, 5, 6, 5)]
8 -> costo: 38027.9, rotte: {3: [(1, 3), (3, 5), (5, 6)], 2: [(1, 7), (7, 4), (4, 2)]}, padri: [6, 10, 10, 10], figli: [], mosse: [(2, 2, 1, 7, 11), (3, 3, 6, 5), (3, 3, 3, 5, 20), (3, 3, 5, 6, 5)]
9 -> costo: 36230.299999999996, rotte: {3: [(1, 3), (3, 6), (6, 5)], 2: [(1, 2), (2, 4), (4, 7)]}, padri: [5], figli: [7, 7, 7], mosse: [(2, 2, 2, 4, 17)]
10 -> costo: 39181.2, rotte: {3: [(1, 3), (3, 6), (6, 5)], 2: [(1, 7), (7, 4), (4, 2)]}, padri: [5], figli: [8, 8, 8], mosse: [(2, 2, 1, 7, 11)]
bestSolutionIndice: 3
3 -> costo: 33277.7, rotte: {3: [(1, 3), (3, 2), (2, 5)], 2: [(1, 4), (4, 7), (7, 6)]}, padri: [2], figli: [], mosse: [(3, 2, 3, 2, 6)]
trasportoPalletDiGamma: {3: [(3, 11), (2, 6), (5, 20)], 2: [(4, 17), (7, 11), (6, 5)]}
itMosseLS: 18, itMosseTS: 15
time elapsed: 1.98s.


##########################################################################################
s: 1
dictSolutions[1]:
0 -> costo: 38828.1, rotte: {2: [(1, 3), (3, 4), (4, 7)], 3: [(1, 6), (6, 5), (5, 2)]}, padri: [-1], figli: [1], mosse: [-1]
1 -> costo: 37033.899999999994, rotte: {2: [(1, 3), (3, 4), (4, 7)], 3: [(1, 2), (2, 6), (6, 5)]}, padri: [0], figli: [2, 2, 2], mosse: [(3, 3, 1, 2, 6)]
2 -> costo: 35076.99999999999, rotte: {2: [(1, 3), (3, 4), (4, 7)], 3: [(1, 2), (2, 5), (5, 6)]}, padri: [1, 1, 1], figli: [], mosse: [(3, 3, 6, 5), (3, 3, 2, 5, 20), (3, 3, 5, 6, 5)]
bestSolutionIndice: 2
2 -> costo: 35076.99999999999, rotte: {2: [(1, 3), (3, 4), (4, 7)], 3: [(1, 2), (2, 5), (5, 6)]}, padri: [1, 1, 1], figli: [], mosse: [(3, 3, 6, 5), (3, 3, 2, 5, 20), (3, 3, 5, 6, 5)]
trasportoPalletDiGamma: {2: [(3, 11), (4, 17), (7, 11)], 3: [(2, 6), (5, 20), (6, 5)]}
itMosseLS: 4, itMosseTS: 4
time elapsed: 0.53s.


##########################################################################################
s: 1
dictSolutions[1]:
0 -> costo: 39436.6, rotte: {3: [(1, 3), (3, 6), (6, 5)], 2: [(1, 4), (4, 2), (2, 7)]}, padri: [-1], figli: [1, 3, 3, 3, 5, 5, 5], mosse: [-1]
1 -> costo: 36230.299999999996, rotte: {3: [(1, 3), (3, 6), (6, 5)], 2: [(1, 2), (2, 4), (4, 7)]}, padri: [0], figli: [2, 2, 2, 4, 4, 4], mosse: [(2, 2, 2, 4, 17)]
2 -> costo: 35077.0, rotte: {3: [(1, 3), (3, 5), (5, 6)], 2: [(1, 2), (2, 4), (4, 7)]}, padri: [1, 1, 1, 3], figli: [], mosse: [(3, 3, 6, 5), (3, 3, 3, 5, 20), (3, 3, 5, 6, 5), (2, 2, 2, 4, 17)]
3 -> costo: 38283.3, rotte: {3: [(1, 3), (3, 5), (5, 6)], 2: [(1, 4), (4, 2), (2, 7)]}, padri: [0, 0, 0], figli: [2, 4], mosse: [(3, 3, 6, 5), (3, 3, 3, 5, 20), (3, 3, 5, 6, 5)]
4 -> costo: 38027.9, rotte: {3: [(1, 3), (3, 5), (5, 6)], 2: [(1, 7), (7, 4), (4, 2)]}, padri: [3, 5, 5, 5], figli: [], mosse: [(2, 2, 1, 7, 11), (3, 3, 6, 5), (3, 3, 3, 5, 20), (3, 3, 5, 6, 5)]
5 -> costo: 39181.2, rotte: {3: [(1, 3), (3, 6), (6, 5)], 2: [(1, 7), (7, 4), (4, 2)]}, padri: [0], figli: [4, 4, 4], mosse: [(2, 2, 1, 7, 11)]
bestSolutionIndice: 2
2 -> costo: 35077.0, rotte: {3: [(1, 3), (3, 5), (5, 6)], 2: [(1, 2), (2, 4), (4, 7)]}, padri: [1, 1, 1, 3], figli: [], mosse: [(3, 3, 6, 5), (3, 3, 3, 5, 20), (3, 3, 5, 6, 5), (2, 2, 2, 4, 17)]
trasportoPalletDiGamma: {3: [(3, 11), (5, 20), (6, 5)], 2: [(2, 6), (4, 17), (7, 11)]}
itMosseLS: 13, itMosseTS: 13
time elapsed: 1.65s.


##########################################################################################
s: 1
dictSolutions[1]:
0 -> costo: 37033.899999999994, rotte: {3: [(1, 2), (2, 6), (6, 5)], 2: [(1, 3), (3, 4), (4, 7)]}, padri: [-1], figli: [1, 1, 1], mosse: [-1]
1 -> costo: 35077.0, rotte: {3: [(1, 2), (2, 5), (5, 6)], 2: [(1, 3), (3, 4), (4, 7)]}, padri: [0, 0, 0], figli: [], mosse: [(3, 3, 2, 5, 20), (3, 3, 6, 5), (3, 3, 5, 6, 5)]
bestSolutionIndice: 1
1 -> costo: 35077.0, rotte: {3: [(1, 2), (2, 5), (5, 6)], 2: [(1, 3), (3, 4), (4, 7)]}, padri: [0, 0, 0], figli: [], mosse: [(3, 3, 2, 5, 20), (3, 3, 6, 5), (3, 3, 5, 6, 5)]
trasportoPalletDiGamma: {3: [(2, 6), (5, 20), (6, 5)], 2: [(3, 11), (4, 17), (7, 11)]}
itMosseLS: 3, itMosseTS: 3
time elapsed: 0.37s.


##########################################################################################
s: 1
dictSolutions[1]:
0 -> costo: 39436.6, rotte: {2: [(1, 3), (3, 6), (6, 5)], 3: [(1, 4), (4, 2), (2, 7)]}, padri: [-1], figli: [1, 3, 3, 3, 5, 5, 5], mosse: [-1]
1 -> costo: 36230.299999999996, rotte: {2: [(1, 3), (3, 6), (6, 5)], 3: [(1, 2), (2, 4), (4, 7)]}, padri: [0], figli: [2, 2, 2, 4, 4, 4], mosse: [(3, 3, 2, 4, 17)]
2 -> costo: 35077.0, rotte: {2: [(1, 3), (3, 5), (5, 6)], 3: [(1, 2), (2, 4), (4, 7)]}, padri: [1, 1, 1, 3], figli: [], mosse: [(2, 2, 6, 5), (2, 2, 3, 5, 20), (2, 2, 5, 6, 5), (3, 3, 2, 4, 17)]
3 -> costo: 38283.3, rotte: {2: [(1, 3), (3, 5), (5, 6)], 3: [(1, 4), (4, 2), (2, 7)]}, padri: [0, 0, 0], figli: [2, 4], mosse: [(2, 2, 6, 5), (2, 2, 3, 5, 20), (2, 2, 5, 6, 5)]
4 -> costo: 38027.9, rotte: {2: [(1, 3), (3, 5), (5, 6)], 3: [(1, 7), (7, 4), (4, 2)]}, padri: [3, 5, 5, 5], figli: [], mosse: [(3, 3, 1, 7, 11), (2, 2, 6, 5), (2, 2, 3, 5, 20), (2, 2, 5, 6, 5)]
5 -> costo: 39181.2, rotte: {2: [(1, 3), (3, 6), (6, 5)], 3: [(1, 7), (7, 4), (4, 2)]}, padri: [0], figli: [4, 4, 4], mosse: [(3, 3, 1, 7, 11)]
bestSolutionIndice: 2
2 -> costo: 35077.0, rotte: {2: [(1, 3), (3, 5), (5, 6)], 3: [(1, 2), (2, 4), (4, 7)]}, padri: [1, 1, 1, 3], figli: [], mosse: [(2, 2, 6, 5), (2, 2, 3, 5, 20), (2, 2, 5, 6, 5), (3, 3, 2, 4, 17)]
trasportoPalletDiGamma: {2: [(3, 11), (5, 20), (6, 5)], 3: [(2, 6), (4, 17), (7, 11)]}
itMosseLS: 13, itMosseTS: 13
time elapsed: 1.63s.


##########################################################################################
s: 1
dictSolutions[1]:
0 -> costo: 34725.7, rotte: {3: [(1, 2), (2, 4), (4, 3)], 2: [(1, 7), (7, 6), (6, 5)]}, padri: [-1], figli: [1, 4, 6], mosse: [-1]
1 -> costo: 30719.899999999994, rotte: {3: [(1, 3), (3, 2), (2, 4)], 2: [(1, 7), (7, 6), (6, 5)]}, padri: [0, 5, 5, 5], figli: [2, 7], mosse: [(3, 3, 1, 3, 11), (3, 3, 4, 2), (3, 3, 3, 2, 6), (3, 3, 2, 4, 17)]
2 -> costo: 30417.199999999997, rotte: {3: [(1, 3), (3, 2), (2, 4)], 2: [(1, 5), (5, 7), (7, 6)]}, padri: [1, 6, 6, 6], figli: [3, 3, 3], mosse: [(2, 2, 1, 5, 20), (3, 3, 4, 2), (3, 3, 3, 2, 6), (3, 3, 2, 4, 17)]
3 -> costo: 30412.1, rotte: {3: [(1, 3), (3, 2), (2, 4)], 2: [(1, 5), (5, 6), (6, 7)]}, padri: [2, 2, 2, 7, 7, 7], figli: [], mosse: [(2, 2, 7, 6), (2, 2, 5, 6, 5), (2, 2, 6, 7, 11), (3, 3, 3, 2, 6), (3, 3, 4, 2), (3, 3, 2, 4, 17)]
4 -> costo: 33894.2, rotte: {3: [(1, 4), (4, 2), (2, 3)], 2: [(1, 7), (7, 6), (6, 5)]}, padri: [0], figli: [5], mosse: [(3, 3, 4, 2, 6)]
5 -> costo: 32750.299999999996, rotte: {3: [(1, 3), (3, 4), (4, 2)], 2: [(1, 7), (7, 6), (6, 5)]}, padri: [4], figli: [1, 1, 1, 6, 6, 6], mosse: [(3, 3, 1, 3, 11)]
6 -> costo: 32447.6, rotte: {3: [(1, 3), (3, 4), (4, 2)], 2: [(1, 5), (5, 7), (7, 6)]}, padri: [5], figli: [2, 2, 7, 7, 2, 7], mosse: [(2, 2, 1, 5, 20)]
7 -> costo: 32442.5, rotte: {3: [(1, 3), (3, 4), (4, 2)], 2: [(1, 5), (5, 6), (6, 7)]}, padri: [6, 6], figli: [3, 3, 3], mosse: [(2, 2, 7, 6), (2, 2, 5, 6, 5)]
bestSolutionIndice: 3
3 -> costo: 30412.1, rotte: {3: [(1, 3), (3, 2), (2, 4)], 2: [(1, 5), (5, 6), (6, 7)]}, padri: [2, 2, 2, 7, 7, 7], figli: [], mosse: [(2, 2, 7, 6), (2, 2, 5, 6, 5), (2, 2, 6, 7, 11), (3, 3, 3, 2, 6), (3, 3, 4, 2), (3, 3, 2, 4, 17)]
trasportoPalletDiGamma: {3: [(3, 11), (2, 6), (4, 17)], 2: [(5, 20), (6, 5), (7, 11)]}
itMosseLS: 19, itMosseTS: 15
time elapsed: 0.71s.


##########################################################################################
s: 1
dictSolutions[1]:
0 -> costo: 42656.5, rotte: {3: [(1, 4), (4, 3), (3, 6)], 2: [(1, 2), (2, 5), (5, 7)]}, padri: [-1], figli: [1, 3, 4, 6], mosse: [-1]
1 -> costo: 35744.8, rotte: {3: [(1, 3), (3, 4), (4, 6)], 2: [(1, 2), (2, 5), (5, 7)]}, padri: [0, 3, 5, 5, 5], figli: [2, 7], mosse: [(3, 3, 3, 4, 17), (3, 3, 1, 3, 11), (3, 3, 6, 4), (3, 3, 3, 4, 17), (3, 3, 4, 6, 5)]
2 -> costo: 33981.9, rotte: {3: [(1, 3), (3, 2), (2, 4), (4, 6)], 2: [(1, 5), (5, 7)]}, padri: [1, 6, 6, 6, 7], figli: [], mosse: [(3, 2, 3, 2, 6), (3, 3, 6, 4), (3, 3, 2, 4, 17), (3, 3, 4, 6, 5), (3, 3, 2, 4, 17)]
3 -> costo: 42520.1, rotte: {3: [(1, 4), (4, 6), (6, 3)], 2: [(1, 2), (2, 5), (5, 7)]}, padri: [0], figli: [1, 4, 6], mosse: [(3, 3, 3, 6)]
4 -> costo: 41468.5, rotte: {3: [(1, 6), (6, 4), (4, 3)], 2: [(1, 2), (2, 5), (5, 7)]}, padri: [3], figli: [5, 8], mosse: [(3, 3, 6, 4, 17)]
5 -> costo: 39281.1, rotte: {3: [(1, 3), (3, 6), (6, 4)], 2: [(1, 2), (2, 5), (5, 7)]}, padri: [4], figli: [1, 1, 1, 6, 6, 6], mosse: [(3, 3, 1, 3, 11)]
6 -> costo: 38321.8, rotte: {3: [(1, 3), (3, 2), (2, 6), (6, 4)], 2: [(1, 5), (5, 7)]}, padri: [5], figli: [2, 2, 2, 7, 7, 7], mosse: [(3, 2, 3, 2, 6)]
7 -> costo: 38075.7, rotte: {3: [(1, 3), (3, 4), (4, 2), (2, 6)], 2: [(1, 5), (5, 7)]}, padri: [6], figli: [2], mosse: [(3, 3, 3, 4, 17)]
8 -> costo: 39634.3, rotte: {3: [(1, 6), (6, 4), (4, 2), (2, 3)], 2: [(1, 5), (5, 7)]}, padri: [4], figli: [9], mosse: [(3, 2, 4, 2, 6)]
9 -> costo: 33586.4, rotte: {3: [(1, 4), (4, 2), (2, 3)], 2: [(1, 5), (5, 6), (6, 7)]}, padri: [8], figli: [10], mosse: [(2, 3, 5, 6, 5)]
10 -> costo: 32442.5, rotte: {3: [(1, 3), (3, 4), (4, 2)], 2: [(1, 5), (5, 6), (6, 7)]}, padri: [9], figli: [11, 11, 11], mosse: [(3, 3, 1, 3, 11)]
11 -> costo: 30412.1, rotte: {3: [(1, 3), (3, 2), (2, 4)], 2: [(1, 5), (5, 6), (6, 7)]}, padri: [10, 10, 10], figli: [], mosse: [(3, 3, 4, 2), (3, 3, 3, 2, 6), (3, 3, 2, 4, 17)]
bestSolutionIndice: 11
11 -> costo: 30412.1, rotte: {3: [(1, 3), (3, 2), (2, 4)], 2: [(1, 5), (5, 6), (6, 7)]}, padri: [10, 10, 10], figli: [], mosse: [(3, 3, 4, 2), (3, 3, 3, 2, 6), (3, 3, 2, 4, 17)]
trasportoPalletDiGamma: {3: [(3, 11), (2, 6), (4, 17)], 2: [(5, 20), (6, 5), (7, 11)]}
itMosseLS: 21, itMosseTS: 15
time elapsed: 1.90s.


##########################################################################################
s: 1
dictSolutions[1]:
0 -> costo: 43080.3, rotte: {2: [(1, 3), (3, 6), (6, 4)], 3: [(1, 5), (5, 7), (7, 2)]}, padri: [-1], figli: [1, 6], mosse: [-1]
1 -> costo: 39281.1, rotte: {2: [(1, 3), (3, 6), (6, 4)], 3: [(1, 2), (2, 5), (5, 7)]}, padri: [0], figli: [2, 2, 2, 4, 4, 4, 7, 7, 7, 9, 9, 9], mosse: [(3, 3, 1, 2, 6)]
2 -> costo: 35744.8, rotte: {2: [(1, 3), (3, 4), (4, 6)], 3: [(1, 2), (2, 5), (5, 7)]}, padri: [1, 1, 1, 6, 8], figli: [3, 5], mosse: [(2, 2, 6, 4), (2, 2, 3, 4, 17), (2, 2, 4, 6, 5), (3, 3, 1, 2, 6), (3, 3, 7, 5)]
3 -> costo: 33981.9, rotte: {2: [(1, 3), (3, 2), (2, 4), (4, 6)], 3: [(1, 5), (5, 7)]}, padri: [2, 4, 4, 4, 5, 9, 9, 9], figli: [], mosse: [(2, 3, 3, 2, 6), (2, 2, 6, 4), (2, 2, 2, 4, 17), (2, 2, 4, 6, 5), (2, 2, 2, 4, 17), (3, 3, 7, 5), (3, 3, 1, 5, 20), (3, 3, 5, 7, 11)]
4 -> costo: 38321.8, rotte: {2: [(1, 3), (3, 2), (2, 6), (6, 4)], 3: [(1, 5), (5, 7)]}, padri: [1], figli: [3, 3, 3, 5, 5, 5], mosse: [(2, 3, 3, 2, 6)]
5 -> costo: 38075.7, rotte: {2: [(1, 3), (3, 4), (4, 2), (2, 6)], 3: [(1, 5), (5, 7)]}, padri: [4], figli: [3], mosse: [(2, 2, 3, 4, 17)]
6 -> costo: 39544.0, rotte: {2: [(1, 3), (3, 4), (4, 6)], 3: [(1, 5), (5, 7), (7, 2)]}, padri: [0], figli: [2, 7, 9], mosse: [(2, 2, 6, 4)]
7 -> costo: 38705.899999999994, rotte: {2: [(1, 3), (3, 4), (4, 6)], 3: [(1, 7), (7, 5), (5, 2)]}, padri: [6], figli: [8], mosse: [(3, 3, 7, 5, 20)]
8 -> costo: 36911.7, rotte: {2: [(1, 3), (3, 4), (4, 6)], 3: [(1, 2), (2, 7), (7, 5)]}, padri: [7], figli: [2, 9], mosse: [(3, 3, 1, 2, 6)]
9 -> costo: 34289.7, rotte: {2: [(1, 3), (3, 2), (2, 4), (4, 6)], 3: [(1, 7), (7, 5)]}, padri: [8], figli: [3, 3, 3], mosse: [(2, 3, 3, 2, 6)]
bestSolutionIndice: 3
3 -> costo: 33981.9, rotte: {2: [(1, 3), (3, 2), (2, 4), (4, 6)], 3: [(1, 5), (5, 7)]}, padri: [2, 4, 4, 4, 5, 9, 9, 9], figli: [], mosse: [(2, 3, 3, 2, 6), (2, 2, 6, 4), (2, 2, 2, 4, 17), (2, 2, 4, 6, 5), (2, 2, 2, 4, 17), (3, 3, 7, 5), (3, 3, 1, 5, 20), (3, 3, 5, 7, 11)]
trasportoPalletDiGamma: {2: [(3, 11), (2, 6), (4, 17), (6, 5)], 3: [(5, 20), (7, 11)]}
itMosseLS: 20, itMosseTS: 15
time elapsed: 1.91s.


##########################################################################################
s: 1
dictSolutions[1]:
0 -> costo: 52286.799999999996, rotte: {2: [(1, 7), (7, 3), (3, 6), (6, 4)], 3: [(1, 2), (2, 5), (5, 4)]}, padri: [-1], figli: [1], mosse: [-1]
1 -> costo: 40136.49999999999, rotte: {2: [(1, 3), (3, 7), (7, 6), (6, 4)], 3: [(1, 2), (2, 5), (5, 4)]}, padri: [0], figli: [2, 6], mosse: [(2, 2, 3, 7, 11)]
2 -> costo: 37753.5, rotte: {2: [(1, 3), (3, 7), (7, 6), (6, 4)], 3: [(1, 2), (2, 4), (4, 5)]}, padri: [1], figli: [3, 7], mosse: [(3, 3, 5, 4)]
3 -> costo: 34344.5, rotte: {2: [(1, 3), (3, 4), (4, 7), (7, 6)], 3: [(1, 2), (2, 4), (4, 5)]}, padri: [2, 6, 6, 6], figli: [4, 8], mosse: [(2, 2, 3, 4, 3), (3, 3, 5, 4), (3, 3, 2, 4, 14), (3, 3, 4, 5, 20)]
4 -> costo: 33584.299999999996, rotte: {2: [(1, 3), (3, 2), (2, 4), (4, 7), (7, 6)], 3: [(1, 4), (4, 5)]}, padri: [3, 7, 7, 7], figli: [5, 5], mosse: [(2, 3, 3, 2, 6), (3, 3, 5, 4), (3, 3, 1, 4, 14), (3, 3, 4, 5, 20)]
5 -> costo: 33146.6, rotte: {2: [(1, 3), (3, 2), (2, 7), (7, 6)], 3: [(1, 4), (4, 5)]}, padri: [4, 4, 8, 8, 8], figli: [], mosse: [(3, 2, 1, 4, 3), (3, 2, 5, 4, 3), (3, 3, 5, 4), (3, 3, 1, 4, 17), (3, 3, 4, 5, 20)]
6 -> costo: 36727.49999999999, rotte: {2: [(1, 3), (3, 4), (4, 7), (7, 6)], 3: [(1, 2), (2, 5), (5, 4)]}, padri: [1], figli: [3, 3, 3, 7, 7, 7], mosse: [(2, 2, 3, 4, 3)]
7 -> costo: 34964.6, rotte: {2: [(1, 3), (3, 2), (2, 4), (4, 7), (7, 6)], 3: [(1, 5), (5, 4)]}, padri: [6], figli: [4, 4, 4, 8, 8, 8, 8], mosse: [(2, 3, 3, 2, 6)]
8 -> costo: 34526.9, rotte: {2: [(1, 3), (3, 2), (2, 7), (7, 6)], 3: [(1, 5), (5, 4)]}, padri: [7, 7], figli: [5, 5, 5], mosse: [(3, 2, 1, 4, 3), (3, 2, 5, 4, 3)]
bestSolutionIndice: 5
5 -> costo: 33146.6, rotte: {2: [(1, 3), (3, 2), (2, 7), (7, 6)], 3: [(1, 4), (4, 5)]}, padri: [4, 4, 8, 8, 8], figli: [], mosse: [(3, 2, 1, 4, 3), (3, 2, 5, 4, 3), (3, 3, 5, 4), (3, 3, 1, 4, 17), (3, 3, 4, 5, 20)]
trasportoPalletDiGamma: {2: [(3, 11), (2, 6), (7, 11), (6, 5)], 3: [(4, 17), (5, 20)]}
itMosseLS: 19, itMosseTS: 15
time elapsed: 1.59s.


##########################################################################################
s: 1
dictSolutions[1]:
0 -> costo: 45651.49999999999, rotte: {3: [(1, 4), (4, 7), (7, 3)], 2: [(1, 5), (5, 6), (6, 2)]}, padri: [-1], figli: [1, 5, 8], mosse: [-1]
1 -> costo: 39673.8, rotte: {3: [(1, 3), (3, 4), (4, 7)], 2: [(1, 5), (5, 6), (6, 2)]}, padri: [0, 9], figli: [2, 3, 6], mosse: [(3, 3, 1, 3, 11), (3, 3, 7, 4)]
2 -> costo: 35076.99999999999, rotte: {3: [(1, 3), (3, 4), (4, 7)], 2: [(1, 2), (2, 5), (5, 6)]}, padri: [1, 4, 4, 4, 5, 7, 7, 7], figli: [], mosse: [(2, 2, 1, 2, 6), (2, 2, 6, 5), (2, 2, 2, 5, 20), (2, 2, 5, 6, 5), (3, 3, 1, 3, 11), (3, 3, 7, 4), (3, 3, 3, 4, 17), (3, 3, 4, 7, 11)]
3 -> costo: 38828.1, rotte: {3: [(1, 3), (3, 4), (4, 7)], 2: [(1, 6), (6, 5), (5, 2)]}, padri: [1], figli: [4], mosse: [(2, 2, 6, 5, 20)]
4 -> costo: 37033.899999999994, rotte: {3: [(1, 3), (3, 4), (4, 7)], 2: [(1, 2), (2, 6), (6, 5)]}, padri: [3], figli: [2, 2, 2, 6, 6, 6], mosse: [(2, 2, 1, 2, 6)]
5 -> costo: 41054.7, rotte: {3: [(1, 4), (4, 7), (7, 3)], 2: [(1, 2), (2, 5), (5, 6)]}, padri: [0], figli: [2, 6, 9], mosse: [(2, 2, 1, 2, 6)]
6 -> costo: 40003.299999999996, rotte: {3: [(1, 7), (7, 4), (4, 3)], 2: [(1, 2), (2, 5), (5, 6)]}, padri: [5, 8], figli: [7], mosse: [(3, 3, 7, 4, 17), (2, 2, 1, 2, 6)]
7 -> costo: 37815.899999999994, rotte: {3: [(1, 3), (3, 7), (7, 4)], 2: [(1, 2), (2, 5), (5, 6)]}, padri: [6], figli: [2, 2, 2], mosse: [(3, 3, 1, 3, 11)]
8 -> costo: 44600.1, rotte: {3: [(1, 7), (7, 4), (4, 3)], 2: [(1, 5), (5, 6), (6, 2)]}, padri: [0], figli: [6, 9], mosse: [(3, 3, 7, 4, 17)]
9 -> costo: 42412.69999999999, rotte: {3: [(1, 3), (3, 7), (7, 4)], 2: [(1, 5), (5, 6), (6, 2)]}, padri: [8], figli: [1], mosse: [(3, 3, 1, 3, 11)]
bestSolutionIndice: 2
2 -> costo: 35076.99999999999, rotte: {3: [(1, 3), (3, 4), (4, 7)], 2: [(1, 2), (2, 5), (5, 6)]}, padri: [1, 4, 4, 4, 5, 7, 7, 7], figli: [], mosse: [(2, 2, 1, 2, 6), (2, 2, 6, 5), (2, 2, 2, 5, 20), (2, 2, 5, 6, 5), (3, 3, 1, 3, 11), (3, 3, 7, 4), (3, 3, 3, 4, 17), (3, 3, 4, 7, 11)]
trasportoPalletDiGamma: {3: [(3, 11), (4, 17), (7, 11)], 2: [(2, 6), (5, 20), (6, 5)]}
itMosseLS: 18, itMosseTS: 15
time elapsed: 2.26s.


##########################################################################################
s: 1
dictSolutions[1]:
0 -> costo: 39436.6, rotte: {3: [(1, 4), (4, 2), (2, 7)], 2: [(1, 3), (3, 6), (6, 5)]}, padri: [-1], figli: [1, 4, 1, 1, 5, 5, 5], mosse: [-1]
1 -> costo: 38283.299999999996, rotte: {3: [(1, 4), (4, 2), (2, 7)], 2: [(1, 3), (3, 5), (5, 6)]}, padri: [0, 0, 0], figli: [2, 3], mosse: [(2, 2, 6, 5), (2, 2, 3, 5, 20), (2, 2, 5, 6, 5)]
2 -> costo: 35077.0, rotte: {3: [(1, 2), (2, 4), (4, 7)], 2: [(1, 3), (3, 5), (5, 6)]}, padri: [1, 4, 4, 4], figli: [], mosse: [(3, 3, 2, 4, 17), (2, 2, 6, 5), (2, 2, 3, 5, 20), (2, 2, 5, 6, 5)]
3 -> costo: 38027.899999999994, rotte: {3: [(1, 7), (7, 4), (4, 2)], 2: [(1, 3), (3, 5), (5, 6)]}, padri: [1, 5, 5, 5], figli: [], mosse: [(3, 3, 1, 7, 11), (2, 2, 6, 5), (2, 2, 3, 5, 20), (2, 2, 5, 6, 5)]
4 -> costo: 36230.299999999996, rotte: {3: [(1, 2), (2, 4), (4, 7)], 2: [(1, 3), (3, 6), (6, 5)]}, padri: [0], figli: [2, 2, 2], mosse: [(3, 3, 2, 4, 17)]
5 -> costo: 39181.2, rotte: {3: [(1, 7), (7, 4), (4, 2)], 2: [(1, 3), (3, 6), (6, 5)]}, padri: [0], figli: [3, 3, 3], mosse: [(3, 3, 1, 7, 11)]
bestSolutionIndice: 2
2 -> costo: 35077.0, rotte: {3: [(1, 2), (2, 4), (4, 7)], 2: [(1, 3), (3, 5), (5, 6)]}, padri: [1, 4, 4, 4], figli: [], mosse: [(3, 3, 2, 4, 17), (2, 2, 6, 5), (2, 2, 3, 5, 20), (2, 2, 5, 6, 5)]
trasportoPalletDiGamma: {3: [(2, 6), (4, 17), (7, 11)], 2: [(3, 11), (5, 20), (6, 5)]}
itMosseLS: 13, itMosseTS: 13
time elapsed: 1.76s.


##########################################################################################
s: 1
dictSolutions[1]:
0 -> costo: 38828.1, rotte: {3: [(1, 6), (6, 5), (5, 2)], 2: [(1, 3), (3, 4), (4, 7)]}, padri: [-1], figli: [1], mosse: [-1]
1 -> costo: 37033.899999999994, rotte: {3: [(1, 2), (2, 6), (6, 5)], 2: [(1, 3), (3, 4), (4, 7)]}, padri: [0], figli: [2, 2, 2], mosse: [(3, 3, 1, 2, 6)]
2 -> costo: 35077.0, rotte: {3: [(1, 2), (2, 5), (5, 6)], 2: [(1, 3), (3, 4), (4, 7)]}, padri: [1, 1, 1], figli: [], mosse: [(3, 3, 6, 5), (3, 3, 2, 5, 20), (3, 3, 5, 6, 5)]
bestSolutionIndice: 2
2 -> costo: 35077.0, rotte: {3: [(1, 2), (2, 5), (5, 6)], 2: [(1, 3), (3, 4), (4, 7)]}, padri: [1, 1, 1], figli: [], mosse: [(3, 3, 6, 5), (3, 3, 2, 5, 20), (3, 3, 5, 6, 5)]
trasportoPalletDiGamma: {3: [(2, 6), (5, 20), (6, 5)], 2: [(3, 11), (4, 17), (7, 11)]}
itMosseLS: 4, itMosseTS: 4
time elapsed: 0.58s.


##########################################################################################
s: 1
dictSolutions[1]:
0 -> costo: 46294.9, rotte: {2: [(1, 2), (2, 7), (7, 5)], 3: [(1, 6), (6, 3), (3, 4)]}, padri: [-1], figli: [1, 5], mosse: [-1]
1 -> costo: 36911.700000000004, rotte: {2: [(1, 2), (2, 7), (7, 5)], 3: [(1, 3), (3, 4), (4, 6)]}, padri: [0], figli: [2, 4, 2, 2], mosse: [(3, 3, 4, 6, 5)]
2 -> costo: 35744.8, rotte: {2: [(1, 2), (2, 5), (5, 7)], 3: [(1, 3), (3, 4), (4, 6)]}, padri: [1, 1, 1], figli: [3], mosse: [(2, 2, 7, 5), (2, 2, 2, 5, 20), (2, 2, 5, 7, 11)]
3 -> costo: 33981.9, rotte: {2: [(1, 5), (5, 7)], 3: [(1, 3), (3, 2), (2, 4), (4, 6)]}, padri: [2, 4, 4, 4], figli: [], mosse: [(3, 2, 3, 2, 6), (2, 2, 7, 5), (2, 2, 1, 5, 20), (2, 2, 5, 7, 11)]
4 -> costo: 34289.7, rotte: {2: [(1, 7), (7, 5)], 3: [(1, 3), (3, 2), (2, 4), (4, 6)]}, padri: [1], figli: [3, 3, 3], mosse: [(3, 2, 3, 2, 6)]
5 -> costo: 42635.4, rotte: {2: [(1, 2), (2, 7), (7, 5)], 3: [(1, 6), (6, 4), (4, 3)]}, padri: [0], figli: [6], mosse: [(3, 3, 3, 4)]
6 -> costo: 39942.100000000006, rotte: {2: [(1, 7), (7, 5)], 3: [(1, 6), (6, 4), (4, 2), (2, 3)]}, padri: [5], figli: [7], mosse: [(3, 2, 4, 2, 6)]
7 -> costo: 39634.3, rotte: {2: [(1, 5), (5, 7)], 3: [(1, 6), (6, 4), (4, 2), (2, 3)]}, padri: [6], figli: [8, 11, 12], mosse: [(2, 2, 7, 5)]
8 -> costo: 33586.4, rotte: {2: [(1, 5), (5, 6), (6, 7)], 3: [(1, 4), (4, 2), (2, 3)]}, padri: [7, 11], figli: [9], mosse: [(2, 3, 5, 6, 5), (2, 2, 7, 6)]
9 -> costo: 32442.499999999996, rotte: {2: [(1, 5), (5, 6), (6, 7)], 3: [(1, 3), (3, 4), (4, 2)]}, padri: [8], figli: [10, 10, 10], mosse: [(3, 3, 1, 3, 11)]
10 -> costo: 30412.1, rotte: {2: [(1, 5), (5, 6), (6, 7)], 3: [(1, 3), (3, 2), (2, 4)]}, padri: [9, 9, 9, 13], figli: [], mosse: [(3, 3, 4, 2), (3, 3, 3, 2, 6), (3, 3, 2, 4, 17), (2, 2, 5, 6, 5)]
11 -> costo: 33591.5, rotte: {2: [(1, 5), (5, 7), (7, 6)], 3: [(1, 4), (4, 2), (2, 3)]}, padri: [7], figli: [8, 12], mosse: [(2, 3, 7, 6, 5)]
12 -> costo: 32447.599999999995, rotte: {2: [(1, 5), (5, 7), (7, 6)], 3: [(1, 3), (3, 4), (4, 2)]}, padri: [11], figli: [13], mosse: [(3, 3, 1, 3, 11)]
13 -> costo: 30417.199999999997, rotte: {2: [(1, 5), (5, 7), (7, 6)], 3: [(1, 3), (3, 2), (2, 4)]}, padri: [12], figli: [10], mosse: [(3, 3, 4, 2)]
bestSolutionIndice: 10
10 -> costo: 30412.1, rotte: {2: [(1, 5), (5, 6), (6, 7)], 3: [(1, 3), (3, 2), (2, 4)]}, padri: [9, 9, 9, 13], figli: [], mosse: [(3, 3, 4, 2), (3, 3, 3, 2, 6), (3, 3, 2, 4, 17), (2, 2, 5, 6, 5)]
trasportoPalletDiGamma: {2: [(5, 20), (6, 5), (7, 11)], 3: [(3, 11), (2, 6), (4, 17)]}
itMosseLS: 22, itMosseTS: 15
time elapsed: 1.45s.


##########################################################################################
s: 1
dictSolutions[1]:
0 -> costo: 36559.9, rotte: {2: [(1, 6), (6, 5), (5, 7)], 3: [(1, 2), (2, 4), (4, 3)]}, padri: [-1], figli: [1, 6], mosse: [-1]
1 -> costo: 32554.1, rotte: {2: [(1, 6), (6, 5), (5, 7)], 3: [(1, 3), (3, 2), (2, 4)]}, padri: [0], figli: [2, 3, 5, 4, 2, 2, 7, 7, 7, 8], mosse: [(3, 3, 1, 3, 11)]
2 -> costo: 31515.0, rotte: {2: [(1, 6), (6, 7), (7, 5)], 3: [(1, 3), (3, 2), (2, 4)]}, padri: [1, 1, 1, 6], figli: [3, 4, 8], mosse: [(2, 2, 5, 7), (2, 2, 6, 7, 11), (2, 2, 7, 5, 20), (3, 3, 1, 3, 11)]
3 -> costo: 30412.1, rotte: {2: [(1, 5), (5, 6), (6, 7)], 3: [(1, 3), (3, 2), (2, 4)]}, padri: [2, 5, 5, 5, 1, 7, 9], figli: [], mosse: [(2, 2, 1, 5, 20), (2, 2, 7, 6), (2, 2, 5, 6, 5), (2, 2, 6, 7, 11), (2, 2, 5, 6, 5), (3, 3, 1, 3, 11), (3, 3, 4, 2)]
4 -> costo: 30719.899999999998, rotte: {2: [(1, 7), (7, 6), (6, 5)], 3: [(1, 3), (3, 2), (2, 4)]}, padri: [2, 1], figli: [5], mosse: [(2, 2, 7, 6, 5), (2, 2, 1, 7, 11)]
5 -> costo: 30417.199999999997, rotte: {2: [(1, 5), (5, 7), (7, 6)], 3: [(1, 3), (3, 2), (2, 4)]}, padri: [4, 1], figli: [3, 3, 3, 8, 8, 8], mosse: [(2, 2, 1, 5, 20), (2, 2, 7, 6, 5)]
6 -> costo: 35520.8, rotte: {2: [(1, 6), (6, 7), (7, 5)], 3: [(1, 2), (2, 4), (4, 3)]}, padri: [0], figli: [2, 7], mosse: [(2, 2, 5, 7)]
7 -> costo: 34417.9, rotte: {2: [(1, 5), (5, 6), (6, 7)], 3: [(1, 2), (2, 4), (4, 3)]}, padri: [6], figli: [3, 8], mosse: [(2, 2, 1, 5, 20)]
8 -> costo: 33586.4, rotte: {2: [(1, 5), (5, 6), (6, 7)], 3: [(1, 4), (4, 2), (2, 3)]}, padri: [7], figli: [9], mosse: [(3, 3, 4, 2, 6)]
9 -> costo: 32442.499999999996, rotte: {2: [(1, 5), (5, 6), (6, 7)], 3: [(1, 3), (3, 4), (4, 2)]}, padri: [8], figli: [3], mosse: [(3, 3, 1, 3, 11)]
bestSolutionIndice: 3
3 -> costo: 30412.1, rotte: {2: [(1, 5), (5, 6), (6, 7)], 3: [(1, 3), (3, 2), (2, 4)]}, padri: [2, 5, 5, 5, 1, 7, 9], figli: [], mosse: [(2, 2, 1, 5, 20), (2, 2, 7, 6), (2, 2, 5, 6, 5), (2, 2, 6, 7, 11), (2, 2, 5, 6, 5), (3, 3, 1, 3, 11), (3, 3, 4, 2)]
trasportoPalletDiGamma: {2: [(5, 20), (6, 5), (7, 11)], 3: [(3, 11), (2, 6), (4, 17)]}
itMosseLS: 20, itMosseTS: 15
time elapsed: 0.80s.


##########################################################################################
s: 1
dictSolutions[1]:
0 -> costo: 47535.1, rotte: {2: [(1, 4), (4, 5), (5, 6)], 3: [(1, 7), (7, 3), (3, 2), (2, 6)]}, padri: [-1], figli: [1, 3], mosse: [-1]
1 -> costo: 35384.799999999996, rotte: {2: [(1, 4), (4, 5), (5, 6)], 3: [(1, 3), (3, 2), (2, 7), (7, 6)]}, padri: [0], figli: [2, 2, 2, 2], mosse: [(3, 3, 2, 7, 11)]
2 -> costo: 33146.6, rotte: {2: [(1, 4), (4, 5)], 3: [(1, 3), (3, 2), (2, 7), (7, 6)]}, padri: [1, 1, 1, 1, 7, 7, 7, 9], figli: [], mosse: [(3, 2, 1, 6, 3), (3, 2, 3, 6, 3), (3, 2, 2, 6, 3), (3, 2, 7, 6, 3), (3, 3, 6, 7), (3, 3, 2, 7, 11), (3, 3, 7, 6, 5), (3, 3, 3, 2, 6)]
3 -> costo: 42697.0, rotte: {2: [(1, 4), (4, 5), (5, 6)], 3: [(1, 6), (6, 7), (7, 3), (3, 2)]}, padri: [0], figli: [4], mosse: [(3, 3, 1, 6, 2)]
4 -> costo: 41019.0, rotte: {2: [(1, 4), (4, 5), (5, 6)], 3: [(1, 6), (6, 7), (7, 2), (2, 3)]}, padri: [3], figli: [5], mosse: [(3, 3, 3, 2)]
5 -> costo: 38780.799999999996, rotte: {2: [(1, 4), (4, 5)], 3: [(1, 6), (6, 7), (7, 2), (2, 3)]}, padri: [4], figli: [6], mosse: [(3, 2, 1, 6, 3)]
6 -> costo: 38695.1, rotte: {2: [(1, 4), (4, 5)], 3: [(1, 3), (3, 6), (6, 7), (7, 2)]}, padri: [5], figli: [7, 8], mosse: [(3, 3, 1, 3, 11)]
7 -> costo: 33936.6, rotte: {2: [(1, 4), (4, 5)], 3: [(1, 3), (3, 2), (2, 6), (6, 7)]}, padri: [6, 8], figli: [2, 2, 2], mosse: [(3, 3, 3, 2, 6), (3, 3, 3, 2, 6)]
8 -> costo: 37443.4, rotte: {2: [(1, 4), (4, 5)], 3: [(1, 2), (2, 3), (3, 6), (6, 7)]}, padri: [6], figli: [9, 7, 9, 9], mosse: [(3, 3, 1, 2, 6)]
9 -> costo: 36653.4, rotte: {2: [(1, 4), (4, 5)], 3: [(1, 2), (2, 3), (3, 7), (7, 6)]}, padri: [8, 8, 8], figli: [2], mosse: [(3, 3, 6, 7), (3, 3, 3, 7, 11), (3, 3, 7, 6, 5)]
bestSolutionIndice: 2
2 -> costo: 33146.6, rotte: {2: [(1, 4), (4, 5)], 3: [(1, 3), (3, 2), (2, 7), (7, 6)]}, padri: [1, 1, 1, 1, 7, 7, 7, 9], figli: [], mosse: [(3, 2, 1, 6, 3), (3, 2, 3, 6, 3), (3, 2, 2, 6, 3), (3, 2, 7, 6, 3), (3, 3, 6, 7), (3, 3, 2, 7, 11), (3, 3, 7, 6, 5), (3, 3, 3, 2, 6)]
trasportoPalletDiGamma: {2: [(4, 17), (5, 20)], 3: [(3, 11), (2, 6), (7, 11), (6, 5)]}
itMosseLS: 19, itMosseTS: 15
time elapsed: 1.34s.


##########################################################################################
s: 1
dictSolutions[1]:
0 -> costo: 35030.299999999996, rotte: {3: [(1, 7), (7, 6), (6, 5)], 2: [(1, 2), (2, 3), (3, 4)]}, padri: [-1], figli: [1, 4, 5, 7], mosse: [-1]
1 -> costo: 30719.899999999998, rotte: {3: [(1, 7), (7, 6), (6, 5)], 2: [(1, 3), (3, 2), (2, 4)]}, padri: [0, 4, 6, 6, 6], figli: [2, 8], mosse: [(2, 2, 3, 2, 6), (2, 2, 1, 3, 11), (2, 2, 4, 2), (2, 2, 3, 2, 6), (2, 2, 2, 4, 17)]
2 -> costo: 30417.199999999997, rotte: {3: [(1, 5), (5, 7), (7, 6)], 2: [(1, 3), (3, 2), (2, 4)]}, padri: [1, 7, 7, 7], figli: [3, 3, 3], mosse: [(3, 3, 1, 5, 20), (2, 2, 4, 2), (2, 2, 3, 2, 6), (2, 2, 2, 4, 17)]
3 -> costo: 30412.1, rotte: {3: [(1, 5), (5, 6), (6, 7)], 2: [(1, 3), (3, 2), (2, 4)]}, padri: [2, 2, 2, 8, 8, 8], figli: [], mosse: [(3, 3, 7, 6), (3, 3, 5, 6, 5), (3, 3, 6, 7, 11), (2, 2, 3, 2, 6), (2, 2, 4, 2), (2, 2, 2, 4, 17)]
4 -> costo: 34725.7, rotte: {3: [(1, 7), (7, 6), (6, 5)], 2: [(1, 2), (2, 4), (4, 3)]}, padri: [0], figli: [1, 5, 7], mosse: [(2, 2, 3, 4)]
5 -> costo: 33894.2, rotte: {3: [(1, 7), (7, 6), (6, 5)], 2: [(1, 4), (4, 2), (2, 3)]}, padri: [4], figli: [6], mosse: [(2, 2, 4, 2, 6)]
6 -> costo: 32750.3, rotte: {3: [(1, 7), (7, 6), (6, 5)], 2: [(1, 3), (3, 4), (4, 2)]}, padri: [5], figli: [1, 1, 1, 7, 7, 7], mosse: [(2, 2, 1, 3, 11)]
7 -> costo: 32447.599999999995, rotte: {3: [(1, 5), (5, 7), (7, 6)], 2: [(1, 3), (3, 4), (4, 2)]}, padri: [6], figli: [2, 2, 8, 8, 2], mosse: [(3, 3, 1, 5, 20)]
8 -> costo: 32442.499999999996, rotte: {3: [(1, 5), (5, 6), (6, 7)], 2: [(1, 3), (3, 4), (4, 2)]}, padri: [7], figli: [3, 3, 3], mosse: [(3, 3, 7, 6)]
bestSolutionIndice: 3
3 -> costo: 30412.1, rotte: {3: [(1, 5), (5, 6), (6, 7)], 2: [(1, 3), (3, 2), (2, 4)]}, padri: [2, 2, 2, 8, 8, 8], figli: [], mosse: [(3, 3, 7, 6), (3, 3, 5, 6, 5), (3, 3, 6, 7, 11), (2, 2, 3, 2, 6), (2, 2, 4, 2), (2, 2, 2, 4, 17)]
trasportoPalletDiGamma: {3: [(5, 20), (6, 5), (7, 11)], 2: [(3, 11), (2, 6), (4, 17)]}
itMosseLS: 20, itMosseTS: 15
time elapsed: 0.72s.


##########################################################################################
s: 1
dictSolutions[1]:
0 -> costo: 48848.3, rotte: {3: [(1, 5), (5, 3), (3, 6)], 2: [(1, 7), (7, 4), (4, 2)]}, padri: [-1], figli: [1, 2, 3], mosse: [-1]
1 -> costo: 38027.9, rotte: {3: [(1, 3), (3, 5), (5, 6)], 2: [(1, 7), (7, 4), (4, 2)]}, padri: [0, 2, 4, 4, 4], figli: [], mosse: [(3, 3, 3, 5, 20), (3, 3, 1, 3, 11), (3, 3, 6, 5), (3, 3, 3, 5, 20), (3, 3, 5, 6, 5)]
2 -> costo: 43800.5, rotte: {3: [(1, 5), (5, 6), (6, 3)], 2: [(1, 7), (7, 4), (4, 2)]}, padri: [0], figli: [1, 3], mosse: [(3, 3, 3, 6)]
3 -> costo: 43754.4, rotte: {3: [(1, 6), (6, 5), (5, 3)], 2: [(1, 7), (7, 4), (4, 2)]}, padri: [2], figli: [4, 5, 7], mosse: [(3, 3, 6, 5, 20)]
4 -> costo: 39181.2, rotte: {3: [(1, 3), (3, 6), (6, 5)], 2: [(1, 7), (7, 4), (4, 2)]}, padri: [3], figli: [1, 1, 1], mosse: [(3, 3, 1, 3, 11)]
5 -> costo: 42287.600000000006, rotte: {3: [(1, 5), (5, 3)], 2: [(1, 7), (7, 6), (6, 4), (4, 2)]}, padri: [3, 7], figli: [6, 6, 6], mosse: [(2, 3, 7, 6, 5), (2, 2, 7, 6, 5)]
6 -> costo: 37658.899999999994, rotte: {3: [(1, 3), (3, 5)], 2: [(1, 7), (7, 6), (6, 4), (4, 2)]}, padri: [5, 5, 5, 8], figli: [], mosse: [(3, 3, 5, 3), (3, 3, 1, 3, 11), (3, 3, 3, 5, 20), (2, 2, 7, 6, 5)]
7 -> costo: 42407.5, rotte: {3: [(1, 5), (5, 3)], 2: [(1, 6), (6, 7), (7, 4), (4, 2)]}, padri: [3], figli: [8, 8, 8, 5], mosse: [(2, 3, 1, 6, 5)]
8 -> costo: 37778.799999999996, rotte: {3: [(1, 3), (3, 5)], 2: [(1, 6), (6, 7), (7, 4), (4, 2)]}, padri: [7, 7, 7], figli: [6], mosse: [(3, 3, 5, 3), (3, 3, 1, 3, 11), (3, 3, 3, 5, 20)]
bestSolutionIndice: 6
6 -> costo: 37658.899999999994, rotte: {3: [(1, 3), (3, 5)], 2: [(1, 7), (7, 6), (6, 4), (4, 2)]}, padri: [5, 5, 5, 8], figli: [], mosse: [(3, 3, 5, 3), (3, 3, 1, 3, 11), (3, 3, 3, 5, 20), (2, 2, 7, 6, 5)]
trasportoPalletDiGamma: {3: [(3, 11), (5, 20)], 2: [(7, 11), (6, 5), (4, 17), (2, 6)]}
itMosseLS: 18, itMosseTS: 15
time elapsed: 2.04s.


##########################################################################################
s: 1
dictSolutions[1]:
0 -> costo: 40849.6, rotte: {3: [(1, 2), (2, 4), (4, 7)], 2: [(1, 5), (5, 6), (6, 3)]}, padri: [-1], figli: [1, 2], mosse: [-1]
1 -> costo: 35077.0, rotte: {3: [(1, 2), (2, 4), (4, 7)], 2: [(1, 3), (3, 5), (5, 6)]}, padri: [0, 3, 3, 3], figli: [], mosse: [(2, 2, 1, 3, 11), (2, 2, 6, 5), (2, 2, 3, 5, 20), (2, 2, 5, 6, 5)]
2 -> costo: 40803.5, rotte: {3: [(1, 2), (2, 4), (4, 7)], 2: [(1, 6), (6, 5), (5, 3)]}, padri: [0], figli: [3, 4], mosse: [(2, 2, 6, 5, 20)]
3 -> costo: 36230.299999999996, rotte: {3: [(1, 2), (2, 4), (4, 7)], 2: [(1, 3), (3, 6), (6, 5)]}, padri: [2], figli: [1, 1, 1], mosse: [(2, 2, 1, 3, 11)]
4 -> costo: 38666.6, rotte: {3: [(1, 2), (2, 4), (4, 7), (7, 6)], 2: [(1, 5), (5, 3)]}, padri: [2], figli: [5, 5, 5, 7, 7, 7, 9, 9, 9], mosse: [(3, 2, 7, 6, 5)]
5 -> costo: 34037.899999999994, rotte: {3: [(1, 2), (2, 4), (4, 7), (7, 6)], 2: [(1, 3), (3, 5)]}, padri: [4, 4, 4, 8, 9], figli: [6], mosse: [(2, 2, 5, 3), (2, 2, 1, 3, 11), (2, 2, 3, 5, 20), (3, 2, 1, 2, 6), (3, 3, 2, 4, 17)]
6 -> costo: 33277.7, rotte: {3: [(1, 4), (4, 7), (7, 6)], 2: [(1, 3), (3, 2), (2, 5)]}, padri: [5, 8, 10, 10], figli: [], mosse: [(2, 3, 3, 2, 6), (2, 2, 3, 2, 6), (2, 2, 5, 2), (2, 2, 3, 2, 6)]
7 -> costo: 37835.1, rotte: {3: [(1, 4), (4, 7), (7, 6)], 2: [(1, 5), (5, 2), (2, 3)]}, padri: [4], figli: [8, 10], mosse: [(2, 3, 5, 2, 6)]
8 -> costo: 37588.1, rotte: {3: [(1, 4), (4, 7), (7, 6)], 2: [(1, 2), (2, 3), (3, 5)]}, padri: [7], figli: [6, 5, 9], mosse: [(2, 2, 3, 5, 20)]
9 -> costo: 37244.2, rotte: {3: [(1, 4), (4, 2), (2, 7), (7, 6)], 2: [(1, 3), (3, 5)]}, padri: [8], figli: [5], mosse: [(3, 2, 4, 2, 6)]
10 -> costo: 37693.9, rotte: {3: [(1, 4), (4, 7), (7, 6)], 2: [(1, 3), (3, 5), (5, 2)]}, padri: [7], figli: [6, 6], mosse: [(2, 2, 1, 3, 11)]
bestSolutionIndice: 6
6 -> costo: 33277.7, rotte: {3: [(1, 4), (4, 7), (7, 6)], 2: [(1, 3), (3, 2), (2, 5)]}, padri: [5, 8, 10, 10], figli: [], mosse: [(2, 3, 3, 2, 6), (2, 2, 3, 2, 6), (2, 2, 5, 2), (2, 2, 3, 2, 6)]
trasportoPalletDiGamma: {3: [(4, 17), (7, 11), (6, 5)], 2: [(3, 11), (2, 6), (5, 20)]}
itMosseLS: 20, itMosseTS: 15
time elapsed: 1.81s.


##########################################################################################
s: 1
dictSolutions[1]:
0 -> costo: 45523.799999999996, rotte: {3: [(1, 6), (6, 2), (2, 7), (7, 5)], 2: [(1, 3), (3, 4), (4, 5)]}, padri: [-1], figli: [1, 4], mosse: [-1]
1 -> costo: 36152.899999999994, rotte: {3: [(1, 2), (2, 7), (7, 6), (6, 5)], 2: [(1, 3), (3, 4), (4, 5)]}, padri: [0, 6, 5], figli: [2, 5], mosse: [(3, 3, 7, 6, 5), (3, 3, 7, 6, 5), (3, 3, 2, 7, 11)]
2 -> costo: 34991.1, rotte: {3: [(1, 2), (2, 5), (5, 7), (7, 6)], 2: [(1, 3), (3, 4), (4, 5)]}, padri: [1, 4, 5], figli: [3, 3, 3], mosse: [(3, 3, 2, 5, 8), (3, 3, 7, 6, 5), (3, 3, 7, 6, 5)]
3 -> costo: 34986.0, rotte: {3: [(1, 2), (2, 5), (5, 6), (6, 7)], 2: [(1, 3), (3, 4), (4, 5)]}, padri: [2, 2, 2, 4, 6, 5], figli: [], mosse: [(3, 3, 7, 6), (3, 3, 5, 6, 5), (3, 3, 6, 7, 11), (3, 3, 5, 6, 5), (3, 3, 2, 5, 8), (3, 3, 5, 6, 5)]
4 -> costo: 44356.9, rotte: {3: [(1, 6), (6, 2), (2, 5), (5, 7)], 2: [(1, 3), (3, 4), (4, 5)]}, padri: [0], figli: [3, 2, 5], mosse: [(3, 3, 7, 5)]
5 -> costo: 37987.1, rotte: {3: [(1, 2), (2, 6), (6, 5), (5, 7)], 2: [(1, 3), (3, 4), (4, 5)]}, padri: [4], figli: [6, 3, 2, 1, 6, 6], mosse: [(3, 3, 2, 6, 5)]
6 -> costo: 36948.0, rotte: {3: [(1, 2), (2, 6), (6, 7), (7, 5)], 2: [(1, 3), (3, 4), (4, 5)]}, padri: [5, 5, 5], figli: [3, 1], mosse: [(3, 3, 5, 7), (3, 3, 6, 7, 11), (3, 3, 7, 5, 8)]
bestSolutionIndice: 3
3 -> costo: 34986.0, rotte: {3: [(1, 2), (2, 5), (5, 6), (6, 7)], 2: [(1, 3), (3, 4), (4, 5)]}, padri: [2, 2, 2, 4, 6, 5], figli: [], mosse: [(3, 3, 7, 6), (3, 3, 5, 6, 5), (3, 3, 6, 7, 11), (3, 3, 5, 6, 5), (3, 3, 2, 5, 8), (3, 3, 5, 6, 5)]
trasportoPalletDiGamma: {3: [(2, 6), (5, 8), (6, 5), (7, 11)], 2: [(3, 11), (4, 17), (5, 12)]}
itMosseLS: 17, itMosseTS: 15
time elapsed: 2.27s.


##########################################################################################
s: 1
dictSolutions[1]:
0 -> costo: 39544.0, rotte: {3: [(1, 3), (3, 4), (4, 6)], 2: [(1, 5), (5, 7), (7, 2)]}, padri: [-1], figli: [1, 3, 5], mosse: [-1]
1 -> costo: 35744.8, rotte: {3: [(1, 3), (3, 4), (4, 6)], 2: [(1, 2), (2, 5), (5, 7)]}, padri: [0, 4, 4, 4], figli: [2], mosse: [(2, 2, 1, 2, 6), (2, 2, 7, 5), (2, 2, 2, 5, 20), (2, 2, 5, 7, 11)]
2 -> costo: 33981.9, rotte: {3: [(1, 3), (3, 2), (2, 4), (4, 6)], 2: [(1, 5), (5, 7)]}, padri: [1, 5, 5, 5], figli: [], mosse: [(3, 2, 3, 2, 6), (2, 2, 7, 5), (2, 2, 1, 5, 20), (2, 2, 5, 7, 11)]
3 -> costo: 38705.899999999994, rotte: {3: [(1, 3), (3, 4), (4, 6)], 2: [(1, 7), (7, 5), (5, 2)]}, padri: [0], figli: [4], mosse: [(2, 2, 7, 5, 20)]
4 -> costo: 36911.7, rotte: {3: [(1, 3), (3, 4), (4, 6)], 2: [(1, 2), (2, 7), (7, 5)]}, padri: [3], figli: [1, 5, 1, 1], mosse: [(2, 2, 1, 2, 6)]
5 -> costo: 34289.7, rotte: {3: [(1, 3), (3, 2), (2, 4), (4, 6)], 2: [(1, 7), (7, 5)]}, padri: [4], figli: [2, 2, 2], mosse: [(3, 2, 3, 2, 6)]
bestSolutionIndice: 2
2 -> costo: 33981.9, rotte: {3: [(1, 3), (3, 2), (2, 4), (4, 6)], 2: [(1, 5), (5, 7)]}, padri: [1, 5, 5, 5], figli: [], mosse: [(3, 2, 3, 2, 6), (2, 2, 7, 5), (2, 2, 1, 5, 20), (2, 2, 5, 7, 11)]
trasportoPalletDiGamma: {3: [(3, 11), (2, 6), (4, 17), (6, 5)], 2: [(5, 20), (7, 11)]}
itMosseLS: 11, itMosseTS: 11
time elapsed: 1.44s.


##########################################################################################
s: 1
dictSolutions[1]:
0 -> costo: 47546.799999999996, rotte: {2: [(1, 7), (7, 3), (3, 2), (2, 5)], 3: [(1, 4), (4, 6), (6, 5)]}, padri: [-1], figli: [1, 3], mosse: [-1]
1 -> costo: 37230.7, rotte: {2: [(1, 3), (3, 2), (2, 5), (5, 7)], 3: [(1, 4), (4, 6), (6, 5)]}, padri: [0], figli: [2, 2, 2, 4, 4, 4], mosse: [(2, 2, 5, 7, 11)]
2 -> costo: 35270.0, rotte: {2: [(1, 3), (3, 2), (2, 5), (5, 7)], 3: [(1, 4), (4, 5), (5, 6)]}, padri: [1, 1, 1, 3, 4, 4, 4, 9], figli: [], mosse: [(3, 3, 6, 5), (3, 3, 4, 5, 18), (3, 3, 5, 6, 5), (2, 2, 5, 7, 11), (2, 2, 7, 5), (2, 2, 2, 5, 2), (2, 2, 5, 7, 11), (2, 2, 3, 2, 6)]
3 -> costo: 45586.09999999999, rotte: {2: [(1, 7), (7, 3), (3, 2), (2, 5)], 3: [(1, 4), (4, 5), (5, 6)]}, padri: [0], figli: [2, 4, 5, 8], mosse: [(3, 3, 6, 5)]
4 -> costo: 36436.899999999994, rotte: {2: [(1, 3), (3, 2), (2, 7), (7, 5)], 3: [(1, 4), (4, 5), (5, 6)]}, padri: [3, 7, 8], figli: [2, 2, 2], mosse: [(2, 2, 2, 7, 11), (2, 2, 3, 2, 6), (2, 2, 3, 2, 6)]
5 -> costo: 42612.799999999996, rotte: {2: [(1, 7), (7, 5), (5, 3), (3, 2)], 3: [(1, 4), (4, 5), (5, 6)]}, padri: [3], figli: [6], mosse: [(2, 2, 7, 5, 2)]
6 -> costo: 40135.2, rotte: {2: [(1, 7), (7, 5), (5, 2), (2, 3)], 3: [(1, 4), (4, 5), (5, 6)]}, padri: [5], figli: [7], mosse: [(2, 2, 3, 2)]
7 -> costo: 40049.5, rotte: {2: [(1, 3), (3, 7), (7, 5), (5, 2)], 3: [(1, 4), (4, 5), (5, 6)]}, padri: [6], figli: [4, 8], mosse: [(2, 2, 1, 3, 11)]
8 -> costo: 39943.7, rotte: {2: [(1, 2), (2, 3), (3, 7), (7, 5)], 3: [(1, 4), (4, 5), (5, 6)]}, padri: [7], figli: [9, 4, 9, 9], mosse: [(2, 2, 1, 2, 6)]
9 -> costo: 39580.399999999994, rotte: {2: [(1, 2), (2, 3), (3, 5), (5, 7)], 3: [(1, 4), (4, 5), (5, 6)]}, padri: [8, 8, 8], figli: [2], mosse: [(2, 2, 7, 5), (2, 2, 3, 5, 2), (2, 2, 5, 7, 11)]
bestSolutionIndice: 2
2 -> costo: 35270.0, rotte: {2: [(1, 3), (3, 2), (2, 5), (5, 7)], 3: [(1, 4), (4, 5), (5, 6)]}, padri: [1, 1, 1, 3, 4, 4, 4, 9], figli: [], mosse: [(3, 3, 6, 5), (3, 3, 4, 5, 18), (3, 3, 5, 6, 5), (2, 2, 5, 7, 11), (2, 2, 7, 5), (2, 2, 2, 5, 2), (2, 2, 5, 7, 11), (2, 2, 3, 2, 6)]
trasportoPalletDiGamma: {2: [(3, 11), (2, 6), (5, 2), (7, 11)], 3: [(4, 17), (5, 18), (6, 5)]}
itMosseLS: 20, itMosseTS: 15
time elapsed: 2.47s.


##########################################################################################
s: 1
dictSolutions[1]:
0 -> costo: 38027.899999999994, rotte: {3: [(1, 7), (7, 4), (4, 2)], 2: [(1, 3), (3, 5), (5, 6)]}, padri: [-1], figli: [], mosse: [-1]
bestSolutionIndice: 0
0 -> costo: 38027.899999999994, rotte: {3: [(1, 7), (7, 4), (4, 2)], 2: [(1, 3), (3, 5), (5, 6)]}, padri: [-1], figli: [], mosse: [-1]
trasportoPalletDiGamma: {3: [(7, 11), (4, 17), (2, 6)], 2: [(3, 11), (5, 20), (6, 5)]}
itMosseLS: 0, itMosseTS: 0
time elapsed: 0.09s.


##########################################################################################
s: 1
dictSolutions[1]:
0 -> costo: 34725.7, rotte: {2: [(1, 7), (7, 6), (6, 5)], 3: [(1, 2), (2, 4), (4, 3)]}, padri: [-1], figli: [1, 4, 6], mosse: [-1]
1 -> costo: 30719.899999999998, rotte: {2: [(1, 7), (7, 6), (6, 5)], 3: [(1, 3), (3, 2), (2, 4)]}, padri: [0, 5, 5, 5], figli: [2, 7], mosse: [(3, 3, 1, 3, 11), (3, 3, 4, 2), (3, 3, 3, 2, 6), (3, 3, 2, 4, 17)]
2 -> costo: 30417.199999999997, rotte: {2: [(1, 5), (5, 7), (7, 6)], 3: [(1, 3), (3, 2), (2, 4)]}, padri: [1, 6, 6, 6], figli: [3, 3, 3], mosse: [(2, 2, 1, 5, 20), (3, 3, 4, 2), (3, 3, 3, 2, 6), (3, 3, 2, 4, 17)]
3 -> costo: 30412.1, rotte: {2: [(1, 5), (5, 6), (6, 7)], 3: [(1, 3), (3, 2), (2, 4)]}, padri: [2, 2, 2, 7, 7, 7], figli: [], mosse: [(2, 2, 7, 6), (2, 2, 5, 6, 5), (2, 2, 6, 7, 11), (3, 3, 3, 2, 6), (3, 3, 4, 2), (3, 3, 2, 4, 17)]
4 -> costo: 33894.2, rotte: {2: [(1, 7), (7, 6), (6, 5)], 3: [(1, 4), (4, 2), (2, 3)]}, padri: [0], figli: [5], mosse: [(3, 3, 4, 2, 6)]
5 -> costo: 32750.3, rotte: {2: [(1, 7), (7, 6), (6, 5)], 3: [(1, 3), (3, 4), (4, 2)]}, padri: [4], figli: [1, 1, 1, 6, 6, 6], mosse: [(3, 3, 1, 3, 11)]
6 -> costo: 32447.599999999995, rotte: {2: [(1, 5), (5, 7), (7, 6)], 3: [(1, 3), (3, 4), (4, 2)]}, padri: [5], figli: [2, 2, 7, 7, 2, 7], mosse: [(2, 2, 1, 5, 20)]
7 -> costo: 32442.499999999996, rotte: {2: [(1, 5), (5, 6), (6, 7)], 3: [(1, 3), (3, 4), (4, 2)]}, padri: [6, 6], figli: [3, 3, 3], mosse: [(2, 2, 7, 6), (2, 2, 5, 6, 5)]
bestSolutionIndice: 3
3 -> costo: 30412.1, rotte: {2: [(1, 5), (5, 6), (6, 7)], 3: [(1, 3), (3, 2), (2, 4)]}, padri: [2, 2, 2, 7, 7, 7], figli: [], mosse: [(2, 2, 7, 6), (2, 2, 5, 6, 5), (2, 2, 6, 7, 11), (3, 3, 3, 2, 6), (3, 3, 4, 2), (3, 3, 2, 4, 17)]
trasportoPalletDiGamma: {2: [(5, 20), (6, 5), (7, 11)], 3: [(3, 11), (2, 6), (4, 17)]}
itMosseLS: 19, itMosseTS: 15
time elapsed: 0.69s.


##########################################################################################
s: 1
dictSolutions[1]:
0 -> costo: 35825.4, rotte: {3: [(1, 6), (6, 7), (7, 5)], 2: [(1, 2), (2, 3), (3, 4)]}, padri: [-1], figli: [1, 5, 6], mosse: [-1]
1 -> costo: 31515.0, rotte: {3: [(1, 6), (6, 7), (7, 5)], 2: [(1, 3), (3, 2), (2, 4)]}, padri: [0, 5, 10], figli: [2, 3, 7], mosse: [(2, 2, 3, 2, 6), (2, 2, 1, 3, 11), (2, 2, 4, 2)]
2 -> costo: 30412.1, rotte: {3: [(1, 5), (5, 6), (6, 7)], 2: [(1, 3), (3, 2), (2, 4)]}, padri: [1, 4, 4, 4, 6, 8, 8, 8], figli: [], mosse: [(3, 3, 1, 5, 20), (3, 3, 7, 6), (3, 3, 5, 6, 5), (3, 3, 6, 7, 11), (2, 2, 1, 3, 11), (2, 2, 4, 2), (2, 2, 3, 2, 6), (2, 2, 2, 4, 17)]
3 -> costo: 30719.899999999998, rotte: {3: [(1, 7), (7, 6), (6, 5)], 2: [(1, 3), (3, 2), (2, 4)]}, padri: [1], figli: [4], mosse: [(3, 3, 7, 6, 5)]
4 -> costo: 30417.199999999997, rotte: {3: [(1, 5), (5, 7), (7, 6)], 2: [(1, 3), (3, 2), (2, 4)]}, padri: [3], figli: [2, 2, 2, 7, 7, 7], mosse: [(3, 3, 1, 5, 20)]
5 -> costo: 35520.8, rotte: {3: [(1, 6), (6, 7), (7, 5)], 2: [(1, 2), (2, 4), (4, 3)]}, padri: [0], figli: [1, 6, 9], mosse: [(2, 2, 3, 4)]
6 -> costo: 34417.9, rotte: {3: [(1, 5), (5, 6), (6, 7)], 2: [(1, 2), (2, 4), (4, 3)]}, padri: [5], figli: [2, 7], mosse: [(3, 3, 1, 5, 20)]
7 -> costo: 33586.4, rotte: {3: [(1, 5), (5, 6), (6, 7)], 2: [(1, 4), (4, 2), (2, 3)]}, padri: [6], figli: [8], mosse: [(2, 2, 4, 2, 6)]
8 -> costo: 32442.499999999996, rotte: {3: [(1, 5), (5, 6), (6, 7)], 2: [(1, 3), (3, 4), (4, 2)]}, padri: [7], figli: [2, 2, 2], mosse: [(2, 2, 1, 3, 11)]
9 -> costo: 34689.3, rotte: {3: [(1, 6), (6, 7), (7, 5)], 2: [(1, 4), (4, 2), (2, 3)]}, padri: [5], figli: [10], mosse: [(2, 2, 4, 2, 6)]
10 -> costo: 33545.4, rotte: {3: [(1, 6), (6, 7), (7, 5)], 2: [(1, 3), (3, 4), (4, 2)]}, padri: [9], figli: [1], mosse: [(2, 2, 1, 3, 11)]
bestSolutionIndice: 2
2 -> costo: 30412.1, rotte: {3: [(1, 5), (5, 6), (6, 7)], 2: [(1, 3), (3, 2), (2, 4)]}, padri: [1, 4, 4, 4, 6, 8, 8, 8], figli: [], mosse: [(3, 3, 1, 5, 20), (3, 3, 7, 6), (3, 3, 5, 6, 5), (3, 3, 6, 7, 11), (2, 2, 1, 3, 11), (2, 2, 4, 2), (2, 2, 3, 2, 6), (2, 2, 2, 4, 17)]
trasportoPalletDiGamma: {3: [(5, 20), (6, 5), (7, 11)], 2: [(3, 11), (2, 6), (4, 17)]}
itMosseLS: 19, itMosseTS: 15
time elapsed: 0.80s.


