itNSIMax: 10, itMosseTSMax: 20.
##########################################################################################
s: 1
dictSolutions[1]:
0 -> costo: 49635.79999999999, rotte: {3: [(1, 3), (3, 5), (5, 4)], 2: [(1, 6), (6, 2), (2, 7), (7, 4)]}, padri: [-1], figli: [1], mosse: [-1]
1 -> costo: 40468.399999999994, rotte: {3: [(1, 3), (3, 5), (5, 4)], 2: [(1, 6), (6, 7), (7, 4), (4, 2)]}, padri: [0], figli: [2, 3, 3, 3, 3, 2, 2, 6, 6, 6], mosse: [(2, 2, 4, 2, 6)]
2 -> costo: 38085.399999999994, rotte: {3: [(1, 3), (3, 4), (4, 5)], 2: [(1, 6), (6, 7), (7, 4), (4, 2)]}, padri: [1, 1, 1], figli: [3, 3, 3, 3, 5, 5, 5, 5], mosse: [(3, 3, 5, 4), (3, 3, 3, 4, 9), (3, 3, 4, 5, 20)]
3 -> costo: 37778.799999999996, rotte: {3: [(1, 3), (3, 5)], 2: [(1, 6), (6, 7), (7, 4), (4, 2)]}, padri: [2, 2, 2, 2, 1, 1, 1, 1], figli: [4], mosse: [(2, 3, 1, 4, 9), (2, 3, 6, 4, 9), (2, 3, 7, 4, 9), (2, 3, 2, 4, 9), (2, 3, 1, 4, 9), (2, 3, 6, 4, 9), (2, 3, 7, 4, 9), (2, 3, 2, 4, 9)]
4 -> costo: 37658.899999999994, rotte: {3: [(1, 3), (3, 5)], 2: [(1, 7), (7, 6), (6, 4), (4, 2)]}, padri: [3, 5, 5, 5, 5, 6, 6, 6], figli: [], mosse: [(2, 2, 7, 6, 5), (2, 3, 1, 4, 9), (2, 3, 7, 4, 9), (2, 3, 6, 4, 9), (2, 3, 2, 4, 9), (2, 3, 1, 4, 9), (2, 3, 7, 4, 9), (2, 3, 6, 4, 9)]
5 -> costo: 37965.5, rotte: {3: [(1, 3), (3, 4), (4, 5)], 2: [(1, 7), (7, 6), (6, 4), (4, 2)]}, padri: [2, 6], figli: [4, 4, 4, 4], mosse: [(2, 2, 7, 6, 5), (3, 3, 5, 4)]
6 -> costo: 40348.5, rotte: {3: [(1, 3), (3, 5), (5, 4)], 2: [(1, 7), (7, 6), (6, 4), (4, 2)]}, padri: [1], figli: [5, 4, 4, 4], mosse: [(2, 2, 7, 6, 5)]
bestSolutionIndice: 4
4 -> costo: 37658.899999999994, rotte: {3: [(1, 3), (3, 5)], 2: [(1, 7), (7, 6), (6, 4), (4, 2)]}, padri: [3, 5, 5, 5, 5, 6, 6, 6], figli: [], mosse: [(2, 2, 7, 6, 5), (2, 3, 1, 4, 9), (2, 3, 7, 4, 9), (2, 3, 6, 4, 9), (2, 3, 2, 4, 9), (2, 3, 1, 4, 9), (2, 3, 7, 4, 9), (2, 3, 6, 4, 9)]
trasportoPalletDiGamma: {3: [(3, 11), (5, 20)], 2: [(7, 11), (6, 5), (4, 17), (2, 6)]}
itMosseLS: 23, itMosseTS: 20
time elapsed: 2.25s.


##########################################################################################
s: 1
dictSolutions[1]:
0 -> costo: 48237.8, rotte: {2: [(1, 6), (6, 3), (3, 2), (2, 7)], 3: [(1, 4), (4, 5), (5, 7)]}, padri: [-1], figli: [1, 3, 4, 5], mosse: [-1]
1 -> costo: 35289.9, rotte: {2: [(1, 3), (3, 2), (2, 7), (7, 6)], 3: [(1, 4), (4, 5), (5, 7)]}, padri: [0, 3, 3, 3], figli: [2, 2, 2, 2], mosse: [(2, 2, 7, 6, 5), (2, 2, 6, 7), (2, 2, 2, 7, 8), (2, 2, 7, 6, 5)]
2 -> costo: 33146.6, rotte: {2: [(1, 3), (3, 2), (2, 7), (7, 6)], 3: [(1, 4), (4, 5)]}, padri: [1, 1, 1, 1, 4, 4, 4, 10], figli: [], mosse: [(2, 3, 1, 7, 3), (2, 3, 3, 7, 3), (2, 3, 2, 7, 3), (2, 3, 6, 7, 3), (2, 2, 6, 7), (2, 2, 2, 7, 11), (2, 2, 7, 6, 5), (2, 2, 3, 2, 6)]
3 -> costo: 36079.9, rotte: {2: [(1, 3), (3, 2), (2, 6), (6, 7)], 3: [(1, 4), (4, 5), (5, 7)]}, padri: [0], figli: [1, 4, 4, 4, 4, 1, 1, 9, 9, 9, 9], mosse: [(2, 2, 2, 6, 5)]
4 -> costo: 33936.6, rotte: {2: [(1, 3), (3, 2), (2, 6), (6, 7)], 3: [(1, 4), (4, 5)]}, padri: [3, 3, 3, 3, 8, 9], figli: [2, 2, 2], mosse: [(2, 3, 1, 7, 3), (2, 3, 3, 7, 3), (2, 3, 2, 7, 3), (2, 3, 6, 7, 3), (2, 2, 3, 2, 6), (2, 2, 3, 2, 6)]
5 -> costo: 42602.1, rotte: {2: [(1, 6), (6, 7), (7, 3), (3, 2)], 3: [(1, 4), (4, 5), (5, 7)]}, padri: [0], figli: [6], mosse: [(2, 2, 6, 7, 8)]
6 -> costo: 40924.100000000006, rotte: {2: [(1, 6), (6, 7), (7, 2), (2, 3)], 3: [(1, 4), (4, 5), (5, 7)]}, padri: [5], figli: [7], mosse: [(2, 2, 3, 2)]
7 -> costo: 38780.8, rotte: {2: [(1, 6), (6, 7), (7, 2), (2, 3)], 3: [(1, 4), (4, 5)]}, padri: [6], figli: [8], mosse: [(2, 3, 1, 7, 3)]
8 -> costo: 38695.09999999999, rotte: {2: [(1, 3), (3, 6), (6, 7), (7, 2)], 3: [(1, 4), (4, 5)]}, padri: [7], figli: [4, 9], mosse: [(2, 2, 1, 3, 11)]
9 -> costo: 37443.399999999994, rotte: {2: [(1, 2), (2, 3), (3, 6), (6, 7)], 3: [(1, 4), (4, 5)]}, padri: [8], figli: [10, 4, 10], mosse: [(2, 2, 1, 2, 6)]
10 -> costo: 36653.399999999994, rotte: {2: [(1, 2), (2, 3), (3, 7), (7, 6)], 3: [(1, 4), (4, 5)]}, padri: [9, 9], figli: [2], mosse: [(2, 2, 6, 7), (2, 2, 3, 7, 11)]
bestSolutionIndice: 2
2 -> costo: 33146.6, rotte: {2: [(1, 3), (3, 2), (2, 7), (7, 6)], 3: [(1, 4), (4, 5)]}, padri: [1, 1, 1, 1, 4, 4, 4, 10], figli: [], mosse: [(2, 3, 1, 7, 3), (2, 3, 3, 7, 3), (2, 3, 2, 7, 3), (2, 3, 6, 7, 3), (2, 2, 6, 7), (2, 2, 2, 7, 11), (2, 2, 7, 6, 5), (2, 2, 3, 2, 6)]
trasportoPalletDiGamma: {2: [(3, 11), (2, 6), (7, 11), (6, 5)], 3: [(4, 17), (5, 20)]}
itMosseLS: 26, itMosseTS: 20
time elapsed: 1.58s.


##########################################################################################
s: 1
dictSolutions[1]:
0 -> costo: 35030.299999999996, rotte: {3: [(1, 2), (2, 3), (3, 4)], 2: [(1, 7), (7, 6), (6, 5)]}, padri: [-1], figli: [1, 4, 5, 7], mosse: [-1]
1 -> costo: 30719.899999999994, rotte: {3: [(1, 3), (3, 2), (2, 4)], 2: [(1, 7), (7, 6), (6, 5)]}, padri: [0, 4, 6, 6, 6], figli: [2, 8], mosse: [(3, 3, 3, 2, 6), (3, 3, 1, 3, 11), (3, 3, 4, 2), (3, 3, 3, 2, 6), (3, 3, 2, 4, 17)]
2 -> costo: 30417.199999999997, rotte: {3: [(1, 3), (3, 2), (2, 4)], 2: [(1, 5), (5, 7), (7, 6)]}, padri: [1, 7, 7, 7], figli: [3, 3, 3], mosse: [(2, 2, 1, 5, 20), (3, 3, 4, 2), (3, 3, 3, 2, 6), (3, 3, 2, 4, 17)]
3 -> costo: 30412.1, rotte: {3: [(1, 3), (3, 2), (2, 4)], 2: [(1, 5), (5, 6), (6, 7)]}, padri: [2, 2, 2, 8, 8, 8], figli: [], mosse: [(2, 2, 7, 6), (2, 2, 5, 6, 5), (2, 2, 6, 7, 11), (3, 3, 3, 2, 6), (3, 3, 4, 2), (3, 3, 2, 4, 17)]
4 -> costo: 34725.7, rotte: {3: [(1, 2), (2, 4), (4, 3)], 2: [(1, 7), (7, 6), (6, 5)]}, padri: [0], figli: [1, 5, 7], mosse: [(3, 3, 3, 4)]
5 -> costo: 33894.2, rotte: {3: [(1, 4), (4, 2), (2, 3)], 2: [(1, 7), (7, 6), (6, 5)]}, padri: [4], figli: [6, 9], mosse: [(3, 3, 4, 2, 6)]
6 -> costo: 32750.299999999996, rotte: {3: [(1, 3), (3, 4), (4, 2)], 2: [(1, 7), (7, 6), (6, 5)]}, padri: [5], figli: [1, 1, 1, 7, 7, 7], mosse: [(3, 3, 1, 3, 11)]
7 -> costo: 32447.6, rotte: {3: [(1, 3), (3, 4), (4, 2)], 2: [(1, 5), (5, 7), (7, 6)]}, padri: [6], figli: [2, 2, 8, 8, 2, 8, 8], mosse: [(2, 2, 1, 5, 20)]
8 -> costo: 32442.5, rotte: {3: [(1, 3), (3, 4), (4, 2)], 2: [(1, 5), (5, 6), (6, 7)]}, padri: [7, 7, 7, 10], figli: [3, 3, 3], mosse: [(2, 2, 7, 6), (2, 2, 5, 6, 5), (2, 2, 6, 7, 11), (3, 3, 1, 3, 11)]
9 -> costo: 33591.5, rotte: {3: [(1, 4), (4, 2), (2, 3)], 2: [(1, 5), (5, 7), (7, 6)]}, padri: [5], figli: [10], mosse: [(2, 2, 1, 5, 20)]
10 -> costo: 33586.4, rotte: {3: [(1, 4), (4, 2), (2, 3)], 2: [(1, 5), (5, 6), (6, 7)]}, padri: [9], figli: [8], mosse: [(2, 2, 7, 6)]
bestSolutionIndice: 3
3 -> costo: 30412.1, rotte: {3: [(1, 3), (3, 2), (2, 4)], 2: [(1, 5), (5, 6), (6, 7)]}, padri: [2, 2, 2, 8, 8, 8], figli: [], mosse: [(2, 2, 7, 6), (2, 2, 5, 6, 5), (2, 2, 6, 7, 11), (3, 3, 3, 2, 6), (3, 3, 4, 2), (3, 3, 2, 4, 17)]
trasportoPalletDiGamma: {3: [(3, 11), (2, 6), (4, 17)], 2: [(5, 20), (6, 5), (7, 11)]}
itMosseLS: 25, itMosseTS: 20
time elapsed: 0.91s.


##########################################################################################
s: 1
dictSolutions[1]:
0 -> costo: 51400.6, rotte: {2: [(1, 6), (6, 2), (2, 3), (3, 7)], 3: [(1, 5), (5, 4), (4, 7)]}, padri: [-1], figli: [1], mosse: [-1]
1 -> costo: 42034.799999999996, rotte: {2: [(1, 2), (2, 3), (3, 7), (7, 6)], 3: [(1, 5), (5, 4), (4, 7)]}, padri: [0], figli: [2], mosse: [(2, 2, 7, 6, 5)]
2 -> costo: 41467.6, rotte: {2: [(1, 2), (2, 3), (3, 7), (7, 6)], 3: [(1, 5), (5, 7), (7, 4)]}, padri: [1], figli: [3], mosse: [(3, 3, 4, 7)]
3 -> costo: 37960.799999999996, rotte: {2: [(1, 3), (3, 2), (2, 7), (7, 6)], 3: [(1, 5), (5, 7), (7, 4)]}, padri: [2], figli: [4, 4, 4, 4, 6, 6, 6, 6, 7, 8, 8, 8, 8], mosse: [(2, 2, 3, 2, 6)]
4 -> costo: 34526.9, rotte: {2: [(1, 3), (3, 2), (2, 7), (7, 6)], 3: [(1, 5), (5, 4)]}, padri: [3, 3, 3, 3, 7, 7, 7, 7], figli: [5, 5, 5], mosse: [(2, 3, 1, 7, 3), (2, 3, 3, 7, 3), (2, 3, 2, 7, 3), (2, 3, 6, 7, 3), (2, 3, 1, 7, 3), (2, 3, 3, 7, 3), (2, 3, 2, 7, 3), (2, 3, 6, 7, 3)]
5 -> costo: 33146.6, rotte: {2: [(1, 3), (3, 2), (2, 7), (7, 6)], 3: [(1, 4), (4, 5)]}, padri: [4, 4, 4, 6, 6, 6, 6, 8, 8, 8, 8], figli: [], mosse: [(3, 3, 5, 4), (3, 3, 1, 4, 17), (3, 3, 4, 5, 20), (2, 3, 1, 7, 3), (2, 3, 3, 7, 3), (2, 3, 2, 7, 3), (2, 3, 6, 7, 3), (2, 3, 1, 7, 3), (2, 3, 3, 7, 3), (2, 3, 2, 7, 3), (2, 3, 6, 7, 3)]
6 -> costo: 35289.9, rotte: {2: [(1, 3), (3, 2), (2, 7), (7, 6)], 3: [(1, 4), (4, 5), (5, 7)]}, padri: [3, 8], figli: [5, 5, 5, 5], mosse: [(3, 3, 1, 4, 17), (3, 3, 7, 5)]
7 -> costo: 36977.99999999999, rotte: {2: [(1, 3), (3, 2), (2, 7), (7, 6)], 3: [(1, 7), (7, 5), (5, 4)]}, padri: [3], figli: [4, 4, 4, 4, 8, 8, 8, 8], mosse: [(3, 3, 7, 5, 20)]
8 -> costo: 36587.899999999994, rotte: {2: [(1, 3), (3, 2), (2, 7), (7, 6)], 3: [(1, 4), (4, 7), (7, 5)]}, padri: [7], figli: [6, 5, 5, 5, 5], mosse: [(3, 3, 1, 4, 17)]
bestSolutionIndice: 5
5 -> costo: 33146.6, rotte: {2: [(1, 3), (3, 2), (2, 7), (7, 6)], 3: [(1, 4), (4, 5)]}, padri: [4, 4, 4, 6, 6, 6, 6, 8, 8, 8, 8], figli: [], mosse: [(3, 3, 5, 4), (3, 3, 1, 4, 17), (3, 3, 4, 5, 20), (2, 3, 1, 7, 3), (2, 3, 3, 7, 3), (2, 3, 2, 7, 3), (2, 3, 6, 7, 3), (2, 3, 1, 7, 3), (2, 3, 3, 7, 3), (2, 3, 2, 7, 3), (2, 3, 6, 7, 3)]
trasportoPalletDiGamma: {2: [(3, 11), (2, 6), (7, 11), (6, 5)], 3: [(4, 17), (5, 20)]}
itMosseLS: 26, itMosseTS: 20
time elapsed: 1.65s.


##########################################################################################
s: 1
dictSolutions[1]:
0 -> costo: 38027.899999999994, rotte: {2: [(1, 7), (7, 4), (4, 2)], 3: [(1, 3), (3, 5), (5, 6)]}, padri: [-1], figli: [], mosse: [-1]
bestSolutionIndice: 0
0 -> costo: 38027.899999999994, rotte: {2: [(1, 7), (7, 4), (4, 2)], 3: [(1, 3), (3, 5), (5, 6)]}, padri: [-1], figli: [], mosse: [-1]
trasportoPalletDiGamma: {2: [(7, 11), (4, 17), (2, 6)], 3: [(3, 11), (5, 20), (6, 5)]}
itMosseLS: 0, itMosseTS: 0
time elapsed: 0.09s.


##########################################################################################
s: 1
dictSolutions[1]:
0 -> costo: 36947.99999999999, rotte: {3: [(1, 3), (3, 4), (4, 5)], 2: [(1, 2), (2, 6), (6, 7), (7, 5)]}, padri: [-1], figli: [1, 2], mosse: [-1]
1 -> costo: 34986.0, rotte: {3: [(1, 3), (3, 4), (4, 5)], 2: [(1, 2), (2, 5), (5, 6), (6, 7)]}, padri: [0, 3, 3, 3], figli: [], mosse: [(2, 2, 2, 5, 8), (2, 2, 7, 6), (2, 2, 5, 6, 5), (2, 2, 6, 7, 11)]
2 -> costo: 36152.9, rotte: {3: [(1, 3), (3, 4), (4, 5)], 2: [(1, 2), (2, 7), (7, 6), (6, 5)]}, padri: [0], figli: [3], mosse: [(2, 2, 7, 6, 5)]
3 -> costo: 34991.1, rotte: {3: [(1, 3), (3, 4), (4, 5)], 2: [(1, 2), (2, 5), (5, 7), (7, 6)]}, padri: [2], figli: [1, 1, 1], mosse: [(2, 2, 2, 5, 8)]
bestSolutionIndice: 1
1 -> costo: 34986.0, rotte: {3: [(1, 3), (3, 4), (4, 5)], 2: [(1, 2), (2, 5), (5, 6), (6, 7)]}, padri: [0, 3, 3, 3], figli: [], mosse: [(2, 2, 2, 5, 8), (2, 2, 7, 6), (2, 2, 5, 6, 5), (2, 2, 6, 7, 11)]
trasportoPalletDiGamma: {3: [(3, 11), (4, 17), (5, 12)], 2: [(2, 6), (5, 8), (6, 5), (7, 11)]}
itMosseLS: 6, itMosseTS: 6
time elapsed: 0.92s.


##########################################################################################
s: 1
dictSolutions[1]:
0 -> costo: 45076.899999999994, rotte: {3: [(1, 7), (7, 6), (6, 2), (2, 3)], 2: [(1, 5), (5, 4), (4, 3)]}, padri: [-1], figli: [1], mosse: [-1]
1 -> costo: 40168.7, rotte: {3: [(1, 7), (7, 6), (6, 2), (2, 3)], 2: [(1, 5), (5, 4)]}, padri: [0], figli: [2, 2, 2, 10, 10, 10], mosse: [(3, 2, 1, 3, 3)]
2 -> costo: 38788.399999999994, rotte: {3: [(1, 7), (7, 6), (6, 2), (2, 3)], 2: [(1, 4), (4, 5)]}, padri: [1, 1, 1], figli: [3, 9, 11], mosse: [(2, 2, 5, 4), (2, 2, 1, 4, 17), (2, 2, 4, 5, 20)]
3 -> costo: 38702.7, rotte: {3: [(1, 3), (3, 7), (7, 6), (6, 2)], 2: [(1, 4), (4, 5)]}, padri: [2, 10], figli: [4, 5, 6], mosse: [(3, 3, 1, 3, 11), (2, 2, 5, 4)]
4 -> costo: 33146.6, rotte: {3: [(1, 3), (3, 2), (2, 7), (7, 6)], 2: [(1, 4), (4, 5)]}, padri: [3, 5, 7, 7, 7, 11], figli: [], mosse: [(3, 3, 3, 2, 6), (3, 3, 3, 2, 6), (3, 3, 6, 7), (3, 3, 2, 7, 11), (3, 3, 7, 6, 5), (2, 2, 5, 4)]
5 -> costo: 36653.399999999994, rotte: {3: [(1, 2), (2, 3), (3, 7), (7, 6)], 2: [(1, 4), (4, 5)]}, padri: [3, 8, 8, 8], figli: [4], mosse: [(3, 3, 1, 2, 6), (3, 3, 6, 7), (3, 3, 3, 7, 11), (3, 3, 7, 6, 5)]
6 -> costo: 38695.09999999999, rotte: {3: [(1, 3), (3, 6), (6, 7), (7, 2)], 2: [(1, 4), (4, 5)]}, padri: [3, 9], figli: [7, 8], mosse: [(3, 3, 6, 7, 11), (3, 3, 1, 3, 11)]
7 -> costo: 33936.6, rotte: {3: [(1, 3), (3, 2), (2, 6), (6, 7)], 2: [(1, 4), (4, 5)]}, padri: [6, 8], figli: [4, 4, 4], mosse: [(3, 3, 3, 2, 6), (3, 3, 3, 2, 6)]
8 -> costo: 37443.399999999994, rotte: {3: [(1, 2), (2, 3), (3, 6), (6, 7)], 2: [(1, 4), (4, 5)]}, padri: [6], figli: [5, 7, 5, 5], mosse: [(3, 3, 1, 2, 6)]
9 -> costo: 38780.8, rotte: {3: [(1, 6), (6, 7), (7, 2), (2, 3)], 2: [(1, 4), (4, 5)]}, padri: [2], figli: [6], mosse: [(3, 3, 6, 7, 11)]
10 -> costo: 40082.99999999999, rotte: {3: [(1, 3), (3, 7), (7, 6), (6, 2)], 2: [(1, 5), (5, 4)]}, padri: [1], figli: [3, 11], mosse: [(3, 3, 1, 3, 11)]
11 -> costo: 34526.9, rotte: {3: [(1, 3), (3, 2), (2, 7), (7, 6)], 2: [(1, 5), (5, 4)]}, padri: [10], figli: [4], mosse: [(3, 3, 3, 2, 6)]
bestSolutionIndice: 4
4 -> costo: 33146.6, rotte: {3: [(1, 3), (3, 2), (2, 7), (7, 6)], 2: [(1, 4), (4, 5)]}, padri: [3, 5, 7, 7, 7, 11], figli: [], mosse: [(3, 3, 3, 2, 6), (3, 3, 3, 2, 6), (3, 3, 6, 7), (3, 3, 2, 7, 11), (3, 3, 7, 6, 5), (2, 2, 5, 4)]
trasportoPalletDiGamma: {3: [(3, 11), (2, 6), (7, 11), (6, 5)], 2: [(4, 17), (5, 20)]}
itMosseLS: 24, itMosseTS: 20
time elapsed: 1.86s.


##########################################################################################
s: 1
dictSolutions[1]:
0 -> costo: 47976.1, rotte: {2: [(1, 4), (4, 5), (5, 3)], 3: [(1, 2), (2, 7), (7, 6), (6, 3)]}, padri: [-1], figli: [1], mosse: [-1]
1 -> costo: 40440.59999999999, rotte: {2: [(1, 4), (4, 5), (5, 3)], 3: [(1, 3), (3, 2), (2, 7), (7, 6)]}, padri: [0], figli: [2, 2, 2, 2, 3, 3, 3, 3, 4], mosse: [(3, 3, 1, 3, 8)]
2 -> costo: 33146.6, rotte: {2: [(1, 4), (4, 5)], 3: [(1, 3), (3, 2), (2, 7), (7, 6)]}, padri: [1, 1, 1, 1, 3, 3, 3, 3, 5, 5, 5], figli: [], mosse: [(3, 2, 1, 3, 3), (3, 2, 2, 3, 3), (3, 2, 7, 3, 3), (3, 2, 6, 3, 3), (3, 2, 1, 3, 3), (3, 2, 2, 3, 3), (3, 2, 7, 3, 3), (3, 2, 6, 3, 3), (2, 2, 5, 4), (2, 2, 1, 4, 17), (2, 2, 4, 5, 20)]
3 -> costo: 34809.2, rotte: {2: [(1, 3), (3, 4), (4, 5)], 3: [(1, 3), (3, 2), (2, 7), (7, 6)]}, padri: [1, 6], figli: [2, 2, 2, 2], mosse: [(2, 2, 1, 3, 3), (2, 2, 5, 4)]
4 -> costo: 39435.09999999999, rotte: {2: [(1, 5), (5, 4), (4, 3)], 3: [(1, 3), (3, 2), (2, 7), (7, 6)]}, padri: [1], figli: [5, 5, 5, 5, 6, 6, 6, 6], mosse: [(2, 2, 5, 4, 17)]
5 -> costo: 34526.9, rotte: {2: [(1, 5), (5, 4)], 3: [(1, 3), (3, 2), (2, 7), (7, 6)]}, padri: [4, 4, 4, 4, 6, 6, 6, 6], figli: [2, 2, 2], mosse: [(3, 2, 1, 3, 3), (3, 2, 2, 3, 3), (3, 2, 7, 3, 3), (3, 2, 6, 3, 3), (3, 2, 1, 3, 3), (3, 2, 2, 3, 3), (3, 2, 7, 3, 3), (3, 2, 6, 3, 3)]
6 -> costo: 37192.2, rotte: {2: [(1, 3), (3, 5), (5, 4)], 3: [(1, 3), (3, 2), (2, 7), (7, 6)]}, padri: [4], figli: [3, 5, 5, 5, 5], mosse: [(2, 2, 1, 3, 3)]
bestSolutionIndice: 2
2 -> costo: 33146.6, rotte: {2: [(1, 4), (4, 5)], 3: [(1, 3), (3, 2), (2, 7), (7, 6)]}, padri: [1, 1, 1, 1, 3, 3, 3, 3, 5, 5, 5], figli: [], mosse: [(3, 2, 1, 3, 3), (3, 2, 2, 3, 3), (3, 2, 7, 3, 3), (3, 2, 6, 3, 3), (3, 2, 1, 3, 3), (3, 2, 2, 3, 3), (3, 2, 7, 3, 3), (3, 2, 6, 3, 3), (2, 2, 5, 4), (2, 2, 1, 4, 17), (2, 2, 4, 5, 20)]
trasportoPalletDiGamma: {2: [(4, 17), (5, 20)], 3: [(3, 11), (2, 6), (7, 11), (6, 5)]}
itMosseLS: 24, itMosseTS: 20
time elapsed: 1.64s.


##########################################################################################
s: 1
dictSolutions[1]:
0 -> costo: 49119.2, rotte: {3: [(1, 2), (2, 4), (4, 6), (6, 3)], 2: [(1, 7), (7, 5), (5, 3)]}, padri: [-1], figli: [1, 6], mosse: [-1]
1 -> costo: 41583.7, rotte: {3: [(1, 3), (3, 2), (2, 4), (4, 6)], 2: [(1, 7), (7, 5), (5, 3)]}, padri: [0], figli: [2, 2, 2, 2, 4, 4, 4, 4], mosse: [(3, 3, 1, 3, 2)]
2 -> costo: 34289.7, rotte: {3: [(1, 3), (3, 2), (2, 4), (4, 6)], 2: [(1, 7), (7, 5)]}, padri: [1, 1, 1, 1, 4, 4, 4, 4], figli: [3, 3, 3], mosse: [(3, 2, 1, 3, 9), (3, 2, 2, 3, 9), (3, 2, 4, 3, 9), (3, 2, 6, 3, 9), (3, 2, 1, 3, 9), (3, 2, 2, 3, 9), (3, 2, 4, 3, 9), (3, 2, 6, 3, 9)]
3 -> costo: 33981.9, rotte: {3: [(1, 3), (3, 2), (2, 4), (4, 6)], 2: [(1, 5), (5, 7)]}, padri: [2, 2, 2, 5, 5, 5, 5, 7], figli: [], mosse: [(2, 2, 7, 5), (2, 2, 1, 5, 20), (2, 2, 5, 7, 11), (3, 2, 1, 3, 9), (3, 2, 2, 3, 9), (3, 2, 4, 3, 9), (3, 2, 6, 3, 9), (3, 3, 1, 3, 11)]
4 -> costo: 37010.49999999999, rotte: {3: [(1, 3), (3, 2), (2, 4), (4, 6)], 2: [(1, 3), (3, 7), (7, 5)]}, padri: [1], figli: [5, 2, 2, 2, 2, 5, 5], mosse: [(2, 2, 1, 3, 9)]
5 -> costo: 36647.2, rotte: {3: [(1, 3), (3, 2), (2, 4), (4, 6)], 2: [(1, 3), (3, 5), (5, 7)]}, padri: [4, 4, 4], figli: [3, 3, 3, 3], mosse: [(2, 2, 7, 5), (2, 2, 3, 5, 20), (2, 2, 5, 7, 11)]
6 -> costo: 41825.2, rotte: {3: [(1, 2), (2, 4), (4, 6), (6, 3)], 2: [(1, 7), (7, 5)]}, padri: [0], figli: [7], mosse: [(3, 2, 1, 3, 9)]
7 -> costo: 41517.4, rotte: {3: [(1, 2), (2, 4), (4, 6), (6, 3)], 2: [(1, 5), (5, 7)]}, padri: [6], figli: [3], mosse: [(2, 2, 7, 5)]
bestSolutionIndice: 3
3 -> costo: 33981.9, rotte: {3: [(1, 3), (3, 2), (2, 4), (4, 6)], 2: [(1, 5), (5, 7)]}, padri: [2, 2, 2, 5, 5, 5, 5, 7], figli: [], mosse: [(2, 2, 7, 5), (2, 2, 1, 5, 20), (2, 2, 5, 7, 11), (3, 2, 1, 3, 9), (3, 2, 2, 3, 9), (3, 2, 4, 3, 9), (3, 2, 6, 3, 9), (3, 3, 1, 3, 11)]
trasportoPalletDiGamma: {3: [(3, 11), (2, 6), (4, 17), (6, 5)], 2: [(5, 20), (7, 11)]}
itMosseLS: 23, itMosseTS: 20
time elapsed: 2.48s.


##########################################################################################
s: 1
dictSolutions[1]:
0 -> costo: 45712.1, rotte: {3: [(1, 2), (2, 5), (5, 3)], 2: [(1, 6), (6, 4), (4, 7)]}, padri: [-1], figli: [1, 6], mosse: [-1]
1 -> costo: 39320.5, rotte: {3: [(1, 3), (3, 2), (2, 5)], 2: [(1, 6), (6, 4), (4, 7)]}, padri: [0], figli: [2, 4, 3, 5, 2, 2, 7, 7, 7, 8, 8, 8, 12], mosse: [(3, 3, 1, 3, 11)]
2 -> costo: 35748.399999999994, rotte: {3: [(1, 3), (3, 2), (2, 5)], 2: [(1, 6), (6, 7), (7, 4)]}, padri: [1, 1, 1, 6, 7], figli: [3, 5], mosse: [(2, 2, 4, 7), (2, 2, 6, 7, 11), (2, 2, 7, 4, 17), (3, 3, 1, 3, 11), (3, 3, 3, 2, 6)]
3 -> costo: 33940.4, rotte: {3: [(1, 3), (3, 2), (2, 5)], 2: [(1, 4), (4, 6), (6, 7)]}, padri: [2, 1], figli: [4, 4, 4, 12, 12, 12], mosse: [(2, 2, 1, 4, 17), (2, 2, 4, 6, 5)]
4 -> costo: 33277.7, rotte: {3: [(1, 3), (3, 2), (2, 5)], 2: [(1, 4), (4, 7), (7, 6)]}, padri: [3, 3, 3, 5, 1, 11, 12], figli: [], mosse: [(2, 2, 6, 7), (2, 2, 4, 7, 11), (2, 2, 7, 6, 5), (2, 2, 1, 4, 17), (2, 2, 7, 6, 5), (3, 3, 3, 2, 6), (3, 2, 3, 2, 6)]
5 -> costo: 35628.5, rotte: {3: [(1, 3), (3, 2), (2, 5)], 2: [(1, 7), (7, 6), (6, 4)]}, padri: [2, 1], figli: [4, 12], mosse: [(2, 2, 7, 6, 5), (2, 2, 1, 7, 11)]
6 -> costo: 42139.99999999999, rotte: {3: [(1, 2), (2, 5), (5, 3)], 2: [(1, 6), (6, 7), (7, 4)]}, padri: [0], figli: [2, 7, 8], mosse: [(2, 2, 4, 7)]
7 -> costo: 40058.799999999996, rotte: {3: [(1, 2), (2, 3), (3, 5)], 2: [(1, 6), (6, 7), (7, 4)]}, padri: [6], figli: [2, 8, 10], mosse: [(3, 3, 5, 3)]
8 -> costo: 37778.799999999996, rotte: {3: [(1, 3), (3, 5)], 2: [(1, 6), (6, 7), (7, 4), (4, 2)]}, padri: [7], figli: [9], mosse: [(2, 3, 4, 2, 6)]
9 -> costo: 37658.899999999994, rotte: {3: [(1, 3), (3, 5)], 2: [(1, 7), (7, 6), (6, 4), (4, 2)]}, padri: [8], figli: [], mosse: [(2, 2, 7, 6, 5)]
10 -> costo: 38250.799999999996, rotte: {3: [(1, 2), (2, 3), (3, 5)], 2: [(1, 4), (4, 6), (6, 7)]}, padri: [7], figli: [11], mosse: [(2, 2, 1, 4, 17)]
11 -> costo: 37588.1, rotte: {3: [(1, 2), (2, 3), (3, 5)], 2: [(1, 4), (4, 7), (7, 6)]}, padri: [10], figli: [4, 12, 13], mosse: [(2, 2, 6, 7)]
12 -> costo: 34037.9, rotte: {3: [(1, 3), (3, 5)], 2: [(1, 2), (2, 4), (4, 7), (7, 6)]}, padri: [11, 13], figli: [4], mosse: [(2, 3, 1, 2, 6), (2, 2, 2, 4, 17)]
13 -> costo: 37244.2, rotte: {3: [(1, 3), (3, 5)], 2: [(1, 4), (4, 2), (2, 7), (7, 6)]}, padri: [11], figli: [12], mosse: [(2, 3, 4, 2, 6)]
bestSolutionIndice: 4
4 -> costo: 33277.7, rotte: {3: [(1, 3), (3, 2), (2, 5)], 2: [(1, 4), (4, 7), (7, 6)]}, padri: [3, 3, 3, 5, 1, 11, 12], figli: [], mosse: [(2, 2, 6, 7), (2, 2, 4, 7, 11), (2, 2, 7, 6, 5), (2, 2, 1, 4, 17), (2, 2, 7, 6, 5), (3, 3, 3, 2, 6), (3, 2, 3, 2, 6)]
trasportoPalletDiGamma: {3: [(3, 11), (2, 6), (5, 20)], 2: [(4, 17), (7, 11), (6, 5)]}
itMosseLS: 26, itMosseTS: 20
time elapsed: 2.05s.


