itNSIMax: 5, itMosseTSMax: 100.
##########################################################################################
s: 1
dictSolutions[1]:
0 -> costo: 73723.39999999998, rotte: {3: [(1, 6)], 5: [(1, 8), (8, 7)], 4: [(1, 4), (4, 2)], 2: [(1, 5)], 6: [(1, 3), (3, 6), (6, 2), (2, 5)]}, padri: [-1], figli: [1, 9], mosse: [-1]
1 -> costo: 71173.39999999998, rotte: {3: [(1, 6)], 5: [(1, 8), (8, 7)], 4: [(1, 4), (4, 2)], 2: [(1, 5)], 6: [(1, 3), (3, 2), (2, 6), (6, 5)]}, padri: [0], figli: [2, 6, 6, 6, 6, 8, 8, 8, 8, 2, 2, 10, 10, 10, 22, 22, 22], mosse: [(6, 6, 2, 6, 7)]
2 -> costo: 69427.99999999999, rotte: {3: [(1, 6)], 5: [(1, 7), (7, 8)], 4: [(1, 4), (4, 2)], 2: [(1, 5)], 6: [(1, 3), (3, 2), (2, 6), (6, 5)]}, padri: [1, 1, 1, 9, 21, 22], figli: [3, 3, 3, 3, 5, 5, 5, 5, 7, 7, 7, 7, 11, 11, 11, 11, 15, 15, 15, 15], mosse: [(5, 5, 8, 7), (5, 5, 1, 7, 19), (5, 5, 7, 8, 1), (6, 6, 2, 6, 7), (6, 6, 2, 6, 7), (6, 6, 5, 6)]
3 -> costo: 66949.3, rotte: {3: [(1, 6)], 5: [(1, 7), (7, 8)], 4: [(1, 4)], 2: [(1, 5)], 6: [(1, 3), (3, 2), (2, 6), (6, 5)]}, padri: [2, 2, 2, 2, 6, 6, 6, 10, 14, 15, 17], figli: [4, 12], mosse: [(6, 4, 1, 2, 4), (6, 4, 3, 2, 4), (6, 4, 6, 2, 4), (6, 4, 5, 2, 4), (5, 5, 8, 7), (5, 5, 1, 7, 19), (5, 5, 7, 8, 1), (6, 6, 2, 6, 7), (6, 6, 2, 6, 7), (6, 6, 5, 6), (6, 6, 1, 3, 7)]
4 -> costo: 65178.4, rotte: {3: [(1, 6)], 5: [(1, 7), (7, 8)], 4: [(1, 4)], 2: [(1, 5)], 6: [(1, 2), (2, 3), (3, 6), (6, 5)]}, padri: [3, 5, 5, 5, 5, 7, 7, 7, 11, 12, 13, 17], figli: [], mosse: [(6, 6, 2, 3, 7), (6, 4, 1, 2, 4), (6, 4, 3, 2, 4), (6, 4, 6, 2, 4), (6, 4, 5, 2, 4), (5, 5, 8, 7), (5, 5, 1, 7, 19), (5, 5, 7, 8, 1), (6, 6, 3, 6, 7), (6, 6, 5, 6), (6, 6, 3, 6, 7), (6, 6, 2, 3, 7)]
5 -> costo: 67657.1, rotte: {3: [(1, 6)], 5: [(1, 7), (7, 8)], 4: [(1, 4), (4, 2)], 2: [(1, 5)], 6: [(1, 2), (2, 3), (3, 6), (6, 5)]}, padri: [2, 8, 8, 8, 18, 19, 20, 24], figli: [4, 4, 4, 4, 12, 12, 12, 12], mosse: [(6, 6, 2, 3, 7), (5, 5, 8, 7), (5, 5, 1, 7, 19), (5, 5, 7, 8, 1), (6, 6, 3, 6, 7), (6, 6, 5, 6), (6, 6, 3, 6, 7), (6, 6, 2, 3, 7)]
6 -> costo: 68694.7, rotte: {3: [(1, 6)], 5: [(1, 8), (8, 7)], 4: [(1, 4)], 2: [(1, 5)], 6: [(1, 3), (3, 2), (2, 6), (6, 5)]}, padri: [1, 1, 1, 1], figli: [3, 7, 3, 3, 11, 11, 11, 15, 15, 15], mosse: [(6, 4, 1, 2, 4), (6, 4, 3, 2, 4), (6, 4, 6, 2, 4), (6, 4, 5, 2, 4)]
7 -> costo: 66923.8, rotte: {3: [(1, 6)], 5: [(1, 8), (8, 7)], 4: [(1, 4)], 2: [(1, 5)], 6: [(1, 2), (2, 3), (3, 6), (6, 5)]}, padri: [6, 8, 8, 8, 8], figli: [4, 4, 4, 12, 12, 12], mosse: [(6, 6, 2, 3, 7), (6, 4, 1, 2, 4), (6, 4, 3, 2, 4), (6, 4, 6, 2, 4), (6, 4, 5, 2, 4)]
8 -> costo: 69402.49999999999, rotte: {3: [(1, 6)], 5: [(1, 8), (8, 7)], 4: [(1, 4), (4, 2)], 2: [(1, 5)], 6: [(1, 2), (2, 3), (3, 6), (6, 5)]}, padri: [1], figli: [5, 7, 7, 7, 7, 5, 5], mosse: [(6, 6, 2, 3, 7)]
9 -> costo: 71977.99999999999, rotte: {3: [(1, 6)], 5: [(1, 7), (7, 8)], 4: [(1, 4), (4, 2)], 2: [(1, 5)], 6: [(1, 3), (3, 6), (6, 2), (2, 5)]}, padri: [0], figli: [2, 10, 10, 10, 10, 18, 18, 18, 18, 21, 22], mosse: [(5, 5, 8, 7)]
10 -> costo: 69499.3, rotte: {3: [(1, 6)], 5: [(1, 7), (7, 8)], 4: [(1, 4)], 2: [(1, 5)], 6: [(1, 3), (3, 6), (6, 2), (2, 5)]}, padri: [9, 9, 9, 9], figli: [3, 11, 14, 15, 19], mosse: [(6, 4, 1, 2, 4), (6, 4, 3, 2, 4), (6, 4, 6, 2, 4), (6, 4, 5, 2, 4)]
11 -> costo: 69039.5, rotte: {3: [(1, 6)], 5: [(1, 7), (7, 8)], 4: [(1, 4)], 2: [(1, 5)], 6: [(1, 6), (6, 2), (2, 3), (3, 5)]}, padri: [10, 14, 18, 18, 18, 18], figli: [4, 12, 13, 16, 17], mosse: [(6, 6, 2, 3, 7), (6, 6, 2, 3, 7), (6, 4, 1, 2, 4), (6, 4, 6, 2, 4), (6, 4, 3, 2, 4), (6, 4, 5, 2, 4)]
12 -> costo: 66888.8, rotte: {3: [(1, 6)], 5: [(1, 7), (7, 8)], 4: [(1, 4)], 2: [(1, 5)], 6: [(1, 2), (2, 3), (3, 5), (5, 6)]}, padri: [11, 13, 15, 16, 19, 19, 19, 19], figli: [4], mosse: [(6, 6, 5, 6, 7), (6, 6, 5, 6, 7), (6, 6, 2, 3, 7), (6, 6, 2, 3, 7), (6, 4, 1, 2, 4), (6, 4, 3, 2, 4), (6, 4, 5, 2, 4), (6, 4, 6, 2, 4)]
13 -> costo: 67703.8, rotte: {3: [(1, 6)], 5: [(1, 7), (7, 8)], 4: [(1, 4)], 2: [(1, 5)], 6: [(1, 2), (2, 6), (6, 3), (3, 5)]}, padri: [11, 16, 17, 17, 17, 20, 20, 20, 20], figli: [4, 12, 16], mosse: [(6, 6, 2, 6, 7), (6, 6, 3, 5, 4), (6, 6, 5, 3), (6, 6, 6, 3, 7), (6, 6, 3, 5, 4), (6, 4, 1, 2, 4), (6, 4, 6, 2, 4), (6, 4, 3, 2, 4), (6, 4, 5, 2, 4)]
14 -> costo: 69064.09999999999, rotte: {3: [(1, 6)], 5: [(1, 7), (7, 8)], 4: [(1, 4)], 2: [(1, 5)], 6: [(1, 6), (6, 3), (3, 2), (2, 5)]}, padri: [10, 21, 21, 21, 21], figli: [3, 15, 11, 19], mosse: [(6, 6, 6, 3, 7), (6, 4, 1, 2, 4), (6, 4, 6, 2, 4), (6, 4, 3, 2, 4), (6, 4, 5, 2, 4)]
15 -> costo: 68684.3, rotte: {3: [(1, 6)], 5: [(1, 7), (7, 8)], 4: [(1, 4)], 2: [(1, 5)], 6: [(1, 3), (3, 2), (2, 5), (5, 6)]}, padri: [14, 22, 22, 22, 22], figli: [3, 12, 16], mosse: [(6, 6, 5, 6, 7), (6, 4, 1, 2, 4), (6, 4, 3, 2, 4), (6, 4, 5, 2, 4), (6, 4, 6, 2, 4)]
16 -> costo: 68599.70000000001, rotte: {3: [(1, 6)], 5: [(1, 7), (7, 8)], 4: [(1, 4)], 2: [(1, 5)], 6: [(1, 2), (2, 5), (5, 6), (6, 3)]}, padri: [15, 23, 23, 23, 23], figli: [12, 13, 17], mosse: [(6, 6, 6, 3, 7), (6, 4, 1, 2, 4), (6, 4, 5, 2, 4), (6, 4, 6, 2, 4), (6, 4, 3, 2, 4)]
17 -> costo: 68576.2, rotte: {3: [(1, 6)], 5: [(1, 7), (7, 8)], 4: [(1, 4)], 2: [(1, 5)], 6: [(1, 2), (2, 6), (6, 5), (5, 3)]}, padri: [16, 24, 24], figli: [13, 4, 3, 13, 13], mosse: [(6, 6, 6, 5, 4), (6, 4, 1, 2, 4), (6, 4, 6, 2, 4)]
18 -> costo: 71518.2, rotte: {3: [(1, 6)], 5: [(1, 7), (7, 8)], 4: [(1, 4), (4, 2)], 2: [(1, 5)], 6: [(1, 6), (6, 2), (2, 3), (3, 5)]}, padri: [9], figli: [5, 11, 11, 11, 11, 19, 19, 19, 19, 20, 23, 24], mosse: [(6, 6, 2, 3, 7)]
19 -> costo: 69367.5, rotte: {3: [(1, 6)], 5: [(1, 7), (7, 8)], 4: [(1, 4), (4, 2)], 2: [(1, 5)], 6: [(1, 2), (2, 3), (3, 5), (5, 6)]}, padri: [18, 20, 22, 23], figli: [5, 12, 12, 12, 12], mosse: [(6, 6, 5, 6, 7), (6, 6, 5, 6, 7), (6, 6, 2, 3, 7), (6, 6, 2, 3, 7)]
20 -> costo: 70182.5, rotte: {3: [(1, 6)], 5: [(1, 7), (7, 8)], 4: [(1, 4), (4, 2)], 2: [(1, 5)], 6: [(1, 2), (2, 6), (6, 3), (3, 5)]}, padri: [18, 23, 24], figli: [5, 13, 13, 13, 13, 19, 23], mosse: [(6, 6, 2, 6, 7), (6, 6, 3, 5, 4), (6, 6, 5, 3)]
21 -> costo: 71542.79999999999, rotte: {3: [(1, 6)], 5: [(1, 7), (7, 8)], 4: [(1, 4), (4, 2)], 2: [(1, 5)], 6: [(1, 6), (6, 3), (3, 2), (2, 5)]}, padri: [9], figli: [14, 14, 14, 14, 2, 22], mosse: [(6, 6, 6, 3, 7)]
22 -> costo: 71162.99999999999, rotte: {3: [(1, 6)], 5: [(1, 7), (7, 8)], 4: [(1, 4), (4, 2)], 2: [(1, 5)], 6: [(1, 3), (3, 2), (2, 5), (5, 6)]}, padri: [21], figli: [2, 15, 15, 15, 15, 19, 23], mosse: [(6, 6, 5, 6, 7)]
23 -> costo: 71078.40000000001, rotte: {3: [(1, 6)], 5: [(1, 7), (7, 8)], 4: [(1, 4), (4, 2)], 2: [(1, 5)], 6: [(1, 2), (2, 5), (5, 6), (6, 3)]}, padri: [22], figli: [16, 16, 16, 16, 19, 20, 24], mosse: [(6, 6, 6, 3, 7)]
24 -> costo: 71054.9, rotte: {3: [(1, 6)], 5: [(1, 7), (7, 8)], 4: [(1, 4), (4, 2)], 2: [(1, 5)], 6: [(1, 2), (2, 6), (6, 5), (5, 3)]}, padri: [23], figli: [20, 5, 17, 17], mosse: [(6, 6, 6, 5, 4)]
bestSolutionIndice: 4
4 -> costo: 65178.4, rotte: {3: [(1, 6)], 5: [(1, 7), (7, 8)], 4: [(1, 4)], 2: [(1, 5)], 6: [(1, 2), (2, 3), (3, 6), (6, 5)]}, padri: [3, 5, 5, 5, 5, 7, 7, 7, 11, 12, 13, 17], figli: [], mosse: [(6, 6, 2, 3, 7), (6, 4, 1, 2, 4), (6, 4, 3, 2, 4), (6, 4, 6, 2, 4), (6, 4, 5, 2, 4), (5, 5, 8, 7), (5, 5, 1, 7, 19), (5, 5, 7, 8, 1), (6, 6, 3, 6, 7), (6, 6, 5, 6), (6, 6, 3, 6, 7), (6, 6, 2, 3, 7)]
trasportoPalletDiGamma: {3: [(6, 10)], 5: [(7, 19), (8, 1)], 4: [(4, 11)], 2: [(5, 10)], 6: [(2, 5), (3, 7), (6, 7), (5, 4)]}
itMosseLS: 106, itMosseTS: 100
time elapsed: 191.66s.


##########################################################################################
s: 1
dictSolutions[1]:
0 -> costo: 75418.29999999999, rotte: {4: [(1, 4), (4, 5)], 2: [(1, 7)], 3: [(1, 3), (3, 2)], 6: [(1, 6), (6, 7), (7, 2)], 5: [(1, 8), (8, 5)]}, padri: [-1], figli: [1, 27], mosse: [-1]
1 -> costo: 68298.8, rotte: {4: [(1, 4)], 2: [(1, 7)], 3: [(1, 3), (3, 2)], 6: [(1, 6), (6, 7), (7, 2)], 5: [(1, 8), (8, 5)]}, padri: [0], figli: [2, 20, 26, 2, 2, 20, 20, 28, 28, 28, 31, 31, 31], mosse: [(5, 4, 1, 5, 4)]
2 -> costo: 67174.4, rotte: {4: [(1, 4)], 2: [(1, 7)], 3: [(1, 2), (2, 3)], 6: [(1, 6), (6, 7), (7, 2)], 5: [(1, 8), (8, 5)]}, padri: [1, 1, 1, 27, 27], figli: [3, 6, 6, 6, 7, 7, 7, 29, 29, 29, 33], mosse: [(3, 3, 3, 2), (3, 3, 1, 2, 3), (3, 3, 2, 3, 7), (5, 4, 1, 5, 4), (5, 4, 8, 5, 4)]
3 -> costo: 64221.299999999996, rotte: {4: [(1, 4)], 2: [(1, 7)], 3: [(1, 2), (2, 3)], 6: [(1, 2), (2, 6), (6, 7)], 5: [(1, 8), (8, 5)]}, padri: [2, 26, 26, 26, 31, 31], figli: [4, 4, 4, 22, 22, 22, 30, 30, 30], mosse: [(6, 6, 1, 2, 2), (3, 3, 3, 2), (3, 3, 1, 2, 3), (3, 3, 2, 3, 7), (5, 4, 1, 5, 4), (5, 4, 8, 5, 4)]
4 -> costo: 63654.299999999996, rotte: {4: [(1, 4)], 2: [(1, 7)], 3: [(1, 2), (2, 3)], 6: [(1, 2), (2, 6), (6, 7)], 5: [(1, 5), (5, 8)]}, padri: [3, 3, 3, 6, 21, 21, 21, 29, 29], figli: [5, 23, 24, 25], mosse: [(5, 5, 8, 5), (5, 5, 1, 5, 14), (5, 5, 5, 8, 1), (6, 6, 1, 2, 2), (3, 3, 3, 2), (3, 3, 1, 2, 3), (3, 3, 2, 3, 7), (5, 4, 1, 5, 4), (5, 4, 8, 5, 4)]
5 -> costo: 63604.1, rotte: {4: [(1, 4)], 2: [(1, 7)], 3: [(1, 2), (2, 3)], 6: [(1, 6), (6, 7)], 5: [(1, 2), (2, 5), (5, 8)]}, padri: [4, 18, 22, 22, 22, 30, 30, 30], figli: [], mosse: [(5, 6, 1, 2, 2), (5, 6, 5, 8, 1), (3, 3, 3, 2), (3, 3, 1, 2, 3), (3, 3, 2, 3, 7), (5, 4, 1, 5, 4), (5, 4, 2, 5, 4), (5, 4, 8, 5, 4)]
6 -> costo: 66607.4, rotte: {4: [(1, 4)], 2: [(1, 7)], 3: [(1, 2), (2, 3)], 6: [(1, 6), (6, 7), (7, 2)], 5: [(1, 5), (5, 8)]}, padri: [2, 2, 2, 20, 20, 20, 28, 28], figli: [4, 22, 30], mosse: [(5, 5, 8, 5), (5, 5, 1, 5, 14), (5, 5, 5, 8, 1), (3, 3, 3, 2), (3, 3, 1, 2, 3), (3, 3, 2, 3, 7), (5, 4, 1, 5, 4), (5, 4, 8, 5, 4)]
7 -> costo: 67060.3, rotte: {4: [(1, 4)], 2: [(1, 7)], 3: [(1, 2), (2, 3)], 6: [(1, 6), (6, 7), (7, 2), (2, 8)], 5: [(1, 5)]}, padri: [2, 32], figli: [8, 34], mosse: [(6, 5, 2, 8, 1), (5, 4, 1, 5, 4)]
8 -> costo: 66012.4, rotte: {4: [(1, 4)], 2: [(1, 7)], 3: [(1, 2), (2, 3)], 6: [(1, 6), (6, 2), (2, 7), (7, 8)], 5: [(1, 5)]}, padri: [7, 33], figli: [9, 11, 12, 13, 14, 15, 17, 35], mosse: [(6, 6, 2, 7, 9), (5, 4, 1, 5, 4)]
9 -> costo: 61551.899999999994, rotte: {4: [(1, 4)], 2: [(1, 7)], 3: [(1, 2), (2, 3)], 6: [(1, 2), (2, 6), (6, 7), (7, 8)], 5: [(1, 5)]}, padri: [8, 11, 13, 16, 16, 16, 34], figli: [10], mosse: [(6, 6, 2, 6, 17), (6, 6, 6, 7, 9), (6, 6, 2, 6, 17), (6, 6, 8, 7), (6, 6, 6, 7, 9), (6, 6, 7, 8, 1), (5, 4, 1, 5, 4)]
10 -> costo: 61501.7, rotte: {4: [(1, 4)], 2: [(1, 7)], 3: [(1, 2), (2, 3)], 6: [(1, 6), (6, 7), (7, 8)], 5: [(1, 2), (2, 5)]}, padri: [9, 17, 17, 17, 18, 35, 35], figli: [], mosse: [(5, 6, 1, 2, 2), (6, 6, 8, 7), (6, 6, 6, 7, 9), (6, 6, 7, 8, 1), (6, 6, 7, 8, 1), (5, 4, 1, 5, 4), (5, 4, 2, 5, 4)]
11 -> costo: 62636.799999999996, rotte: {4: [(1, 4)], 2: [(1, 7)], 3: [(1, 2), (2, 3)], 6: [(1, 2), (2, 7), (7, 6), (6, 8)], 5: [(1, 5)]}, padri: [8, 13, 13, 13, 14, 16, 36], figli: [9, 12, 18, 35], mosse: [(6, 6, 7, 6, 17), (6, 6, 8, 6), (6, 6, 7, 6, 17), (6, 6, 6, 8, 1), (6, 6, 6, 8, 1), (6, 6, 2, 7, 9), (5, 4, 1, 5, 4)]
12 -> costo: 62624.6, rotte: {4: [(1, 4)], 2: [(1, 7)], 3: [(1, 2), (2, 3)], 6: [(1, 7), (7, 6), (6, 8)], 5: [(1, 2), (2, 5)]}, padri: [11, 15, 17, 19, 19, 19], figli: [], mosse: [(5, 6, 1, 2, 2), (6, 6, 6, 8, 1), (6, 6, 1, 7, 9), (6, 6, 8, 6), (6, 6, 7, 6, 17), (6, 6, 6, 8, 1)]
13 -> costo: 65430.399999999994, rotte: {4: [(1, 4)], 2: [(1, 7)], 3: [(1, 2), (2, 3)], 6: [(1, 2), (2, 7), (7, 8), (8, 6)], 5: [(1, 5)]}, padri: [8], figli: [11, 9, 11, 11, 14, 14, 14, 15, 15, 15, 17, 17, 17, 19, 35], mosse: [(6, 6, 8, 6, 17)]
14 -> costo: 65401.1, rotte: {4: [(1, 4)], 2: [(1, 7)], 3: [(1, 2), (2, 3)], 6: [(1, 2), (2, 8), (8, 7), (7, 6)], 5: [(1, 5)]}, padri: [13], figli: [11, 15, 16, 17], mosse: [(6, 6, 8, 7, 9)]
15 -> costo: 63858.1, rotte: {4: [(1, 4)], 2: [(1, 7)], 3: [(1, 2), (2, 3)], 6: [(1, 8), (8, 7), (7, 6)], 5: [(1, 2), (2, 5)]}, padri: [14, 18], figli: [12, 18], mosse: [(5, 6, 1, 2, 2), (6, 6, 6, 7)]
16 -> costo: 64869.7, rotte: {4: [(1, 4)], 2: [(1, 7)], 3: [(1, 2), (2, 3)], 6: [(1, 2), (2, 6), (6, 8), (8, 7)], 5: [(1, 5)]}, padri: [14], figli: [9, 9, 9, 11, 17, 35, 35, 35], mosse: [(6, 6, 2, 6, 17)]
17 -> costo: 64819.5, rotte: {4: [(1, 4)], 2: [(1, 7)], 3: [(1, 2), (2, 3)], 6: [(1, 6), (6, 8), (8, 7)], 5: [(1, 2), (2, 5)]}, padri: [16], figli: [10, 10, 10, 12, 18], mosse: [(5, 6, 1, 2, 2)]
18 -> costo: 64357.7, rotte: {4: [(1, 4)], 2: [(1, 7)], 3: [(1, 2), (2, 3)], 6: [(1, 8), (8, 6), (6, 7)], 5: [(1, 2), (2, 5)]}, padri: [17, 19], figli: [15, 10, 5, 23, 24, 25], mosse: [(6, 6, 8, 6, 17), (6, 6, 6, 7, 9)]
19 -> costo: 65418.2, rotte: {4: [(1, 4)], 2: [(1, 7)], 3: [(1, 2), (2, 3)], 6: [(1, 7), (7, 8), (8, 6)], 5: [(1, 2), (2, 5)]}, padri: [13], figli: [12, 12, 12, 18], mosse: [(5, 6, 1, 2, 2)]
20 -> costo: 67731.8, rotte: {4: [(1, 4)], 2: [(1, 7)], 3: [(1, 3), (3, 2)], 6: [(1, 6), (6, 7), (7, 2)], 5: [(1, 5), (5, 8)]}, padri: [1, 1, 1], figli: [21, 6, 6, 6, 29, 29, 29], mosse: [(5, 5, 8, 5), (5, 5, 1, 5, 14), (5, 5, 5, 8, 1)]
21 -> costo: 64778.700000000004, rotte: {4: [(1, 4)], 2: [(1, 7)], 3: [(1, 3), (3, 2)], 6: [(1, 2), (2, 6), (6, 7)], 5: [(1, 5), (5, 8)]}, padri: [20, 26, 26, 26], figli: [4, 4, 4, 22, 22, 22, 30, 30, 30], mosse: [(6, 6, 1, 2, 2), (5, 5, 8, 5), (5, 5, 1, 5, 14), (5, 5, 5, 8, 1)]
22 -> costo: 64728.5, rotte: {4: [(1, 4)], 2: [(1, 7)], 3: [(1, 3), (3, 2)], 6: [(1, 6), (6, 7)], 5: [(1, 2), (2, 5), (5, 8)]}, padri: [21], figli: [5, 23, 24, 25, 5, 5], mosse: [(5, 6, 1, 2, 2)]
23 -> costo: 63604.1, rotte: {4: [(1, 4)], 2: [(1, 7)], 3: [(1, 3)], 6: [(1, 6), (6, 7)], 5: [(1, 2), (2, 5), (5, 8)]}, padri: [4, 18, 22], figli: [], mosse: [(5, 3, 1, 2, 3)]
24 -> costo: 63604.1, rotte: {4: [(1, 4)], 2: [(1, 7)], 3: [(1, 3)], 6: [(1, 6), (6, 7)], 5: [(1, 2), (2, 5), (5, 8)]}, padri: [4, 18, 22], figli: [], mosse: [(5, 3, 5, 2, 3)]
25 -> costo: 63604.1, rotte: {4: [(1, 4)], 2: [(1, 7)], 3: [(1, 3)], 6: [(1, 6), (6, 7)], 5: [(1, 2), (2, 5), (5, 8)]}, padri: [4, 18, 22], figli: [], mosse: [(5, 3, 8, 2, 3)]
26 -> costo: 65345.700000000004, rotte: {4: [(1, 4)], 2: [(1, 7)], 3: [(1, 3), (3, 2)], 6: [(1, 2), (2, 6), (6, 7)], 5: [(1, 8), (8, 5)]}, padri: [1], figli: [3, 3, 21, 3, 21, 21], mosse: [(6, 6, 1, 2, 2)]
27 -> costo: 74293.9, rotte: {4: [(1, 4), (4, 5)], 2: [(1, 7)], 3: [(1, 2), (2, 3)], 6: [(1, 6), (6, 7), (7, 2)], 5: [(1, 8), (8, 5)]}, padri: [0], figli: [2, 28, 2, 31, 31, 28, 28, 32, 32, 32], mosse: [(3, 3, 3, 2)]
28 -> costo: 73726.9, rotte: {4: [(1, 4), (4, 5)], 2: [(1, 7)], 3: [(1, 2), (2, 3)], 6: [(1, 6), (6, 7), (7, 2)], 5: [(1, 5), (5, 8)]}, padri: [27, 27, 27], figli: [6, 6, 29, 29], mosse: [(5, 5, 8, 5), (5, 5, 1, 5, 10), (5, 5, 5, 8, 1)]
29 -> costo: 70773.8, rotte: {4: [(1, 4), (4, 5)], 2: [(1, 7)], 3: [(1, 2), (2, 3)], 6: [(1, 2), (2, 6), (6, 7)], 5: [(1, 5), (5, 8)]}, padri: [28, 31, 31, 31], figli: [4, 4, 30, 30], mosse: [(6, 6, 1, 2, 2), (5, 5, 8, 5), (5, 5, 1, 5, 10), (5, 5, 5, 8, 1)]
30 -> costo: 70723.6, rotte: {4: [(1, 4), (4, 5)], 2: [(1, 7)], 3: [(1, 2), (2, 3)], 6: [(1, 6), (6, 7)], 5: [(1, 2), (2, 5), (5, 8)]}, padri: [29], figli: [5, 5, 5], mosse: [(5, 6, 1, 2, 2)]
31 -> costo: 71340.8, rotte: {4: [(1, 4), (4, 5)], 2: [(1, 7)], 3: [(1, 2), (2, 3)], 6: [(1, 2), (2, 6), (6, 7)], 5: [(1, 8), (8, 5)]}, padri: [27], figli: [29, 3, 3, 29, 29], mosse: [(6, 6, 1, 2, 2)]
32 -> costo: 74179.8, rotte: {4: [(1, 4), (4, 5)], 2: [(1, 7)], 3: [(1, 2), (2, 3)], 6: [(1, 6), (6, 7), (7, 2), (2, 8)], 5: [(1, 5)]}, padri: [27], figli: [7, 33], mosse: [(6, 5, 2, 8, 1)]
33 -> costo: 73131.9, rotte: {4: [(1, 4), (4, 5)], 2: [(1, 7)], 3: [(1, 2), (2, 3)], 6: [(1, 6), (6, 2), (2, 7), (7, 8)], 5: [(1, 5)]}, padri: [32], figli: [8, 34, 36], mosse: [(6, 6, 2, 7, 9)]
34 -> costo: 68671.4, rotte: {4: [(1, 4), (4, 5)], 2: [(1, 7)], 3: [(1, 2), (2, 3)], 6: [(1, 2), (2, 6), (6, 7), (7, 8)], 5: [(1, 5)]}, padri: [33, 36], figli: [9, 35], mosse: [(6, 6, 2, 6, 17), (6, 6, 6, 7, 9)]
35 -> costo: 68621.2, rotte: {4: [(1, 4), (4, 5)], 2: [(1, 7)], 3: [(1, 2), (2, 3)], 6: [(1, 6), (6, 7), (7, 8)], 5: [(1, 2), (2, 5)]}, padri: [34], figli: [10, 10], mosse: [(5, 6, 1, 2, 2)]
36 -> costo: 69756.3, rotte: {4: [(1, 4), (4, 5)], 2: [(1, 7)], 3: [(1, 2), (2, 3)], 6: [(1, 2), (2, 7), (7, 6), (6, 8)], 5: [(1, 5)]}, padri: [33], figli: [11, 34], mosse: [(6, 6, 7, 6, 17)]
bestSolutionIndice: 10
10 -> costo: 61501.7, rotte: {4: [(1, 4)], 2: [(1, 7)], 3: [(1, 2), (2, 3)], 6: [(1, 6), (6, 7), (7, 8)], 5: [(1, 2), (2, 5)]}, padri: [9, 17, 17, 17, 18, 35, 35], figli: [], mosse: [(5, 6, 1, 2, 2), (6, 6, 8, 7), (6, 6, 6, 7, 9), (6, 6, 7, 8, 1), (6, 6, 7, 8, 1), (5, 4, 1, 5, 4), (5, 4, 2, 5, 4)]
trasportoPalletDiGamma: {4: [(4, 11)], 2: [(7, 10)], 3: [(2, 3), (3, 7)], 6: [(6, 17), (7, 9), (8, 1)], 5: [(2, 2), (5, 14)]}
itMosseLS: 105, itMosseTS: 100
time elapsed: 150.04s.


##########################################################################################
s: 1
dictSolutions[1]:
0 -> costo: 69265.7, rotte: {6: [(1, 4), (4, 6)], 2: [(1, 3), (3, 7)], 4: [(1, 5), (5, 7)], 5: [(1, 2), (2, 7)], 3: [(1, 8)]}, padri: [-1], figli: [1, 1, 1], mosse: [-1]
1 -> costo: 68093.3, rotte: {6: [(1, 4), (4, 6)], 2: [(1, 3), (3, 7)], 4: [(1, 7), (7, 5)], 5: [(1, 2), (2, 7)], 3: [(1, 8)]}, padri: [0, 0, 0], figli: [2, 3], mosse: [(4, 4, 1, 7, 1), (4, 4, 5, 7), (4, 4, 7, 5, 14)]
2 -> costo: 67266.0, rotte: {6: [(1, 4), (4, 6), (6, 7)], 2: [(1, 3), (3, 7)], 4: [(1, 5)], 5: [(1, 2), (2, 7)], 3: [(1, 8)]}, padri: [1, 3, 3, 3], figli: [], mosse: [(6, 4, 6, 7, 1), (6, 6, 7, 6), (6, 6, 4, 6, 17), (6, 6, 6, 7, 1)]
3 -> costo: 67839.0, rotte: {6: [(1, 4), (4, 7), (7, 6)], 2: [(1, 3), (3, 7)], 4: [(1, 5)], 5: [(1, 2), (2, 7)], 3: [(1, 8)]}, padri: [1], figli: [2, 2, 2], mosse: [(6, 4, 4, 7, 1)]
bestSolutionIndice: 2
2 -> costo: 67266.0, rotte: {6: [(1, 4), (4, 6), (6, 7)], 2: [(1, 3), (3, 7)], 4: [(1, 5)], 5: [(1, 2), (2, 7)], 3: [(1, 8)]}, padri: [1, 3, 3, 3], figli: [], mosse: [(6, 4, 6, 7, 1), (6, 6, 7, 6), (6, 6, 4, 6, 17), (6, 6, 6, 7, 1)]
trasportoPalletDiGamma: {6: [(4, 11), (6, 17), (7, 1)], 2: [(3, 7), (7, 3)], 4: [(5, 14)], 5: [(2, 5), (7, 15)], 3: [(8, 1)]}
itMosseLS: 8, itMosseTS: 8
time elapsed: 16.72s.


##########################################################################################
s: 1
dictSolutions[1]:
0 -> costo: 69364.1, rotte: {5: [(1, 6), (6, 3)], 6: [(1, 2), (2, 5)], 2: [(1, 8), (8, 7)], 3: [(1, 7)], 4: [(1, 4), (4, 3)]}, padri: [-1], figli: [1, 1, 1, 7, 7, 7, 7, 7], mosse: [-1]
1 -> costo: 67618.7, rotte: {5: [(1, 6), (6, 3)], 6: [(1, 2), (2, 5)], 2: [(1, 7), (7, 8)], 3: [(1, 7)], 4: [(1, 4), (4, 3)]}, padri: [0, 0, 0], figli: [2, 2, 2, 6, 6, 6, 8, 8, 8], mosse: [(2, 2, 1, 7, 9), (2, 2, 8, 7), (2, 2, 7, 8, 1)]
2 -> costo: 66367.59999999999, rotte: {5: [(1, 3), (3, 6)], 6: [(1, 2), (2, 5)], 2: [(1, 7), (7, 8)], 3: [(1, 7)], 4: [(1, 4), (4, 3)]}, padri: [1, 1, 1, 7, 7, 7], figli: [3, 5, 9, 11], mosse: [(5, 5, 6, 3), (5, 5, 1, 3, 3), (5, 5, 3, 6, 17), (2, 2, 1, 7, 9), (2, 2, 8, 7), (2, 2, 7, 8, 1)]
3 -> costo: 65907.79999999999, rotte: {5: [(1, 6)], 6: [(1, 2), (2, 3), (3, 5)], 2: [(1, 7), (7, 8)], 3: [(1, 7)], 4: [(1, 4), (4, 3)]}, padri: [2, 8, 8, 8], figli: [4, 4, 4, 10, 10, 10], mosse: [(6, 5, 2, 3, 3), (2, 2, 8, 7), (2, 2, 1, 7, 9), (2, 2, 7, 8, 1)]
4 -> costo: 62518.399999999994, rotte: {5: [(1, 6)], 6: [(1, 2), (2, 3), (3, 5)], 2: [(1, 7), (7, 8)], 3: [(1, 7)], 4: [(1, 4)]}, padri: [3, 3, 3, 9, 9, 9], figli: [], mosse: [(6, 4, 1, 3, 4), (6, 4, 2, 3, 4), (6, 4, 5, 3, 4), (2, 2, 8, 7), (2, 2, 1, 7, 9), (2, 2, 7, 8, 1)]
5 -> costo: 66146.59999999999, rotte: {5: [(1, 3), (3, 6)], 6: [(1, 2), (2, 7), (7, 5)], 2: [(1, 8)], 3: [(1, 7)], 4: [(1, 4), (4, 3)]}, padri: [2, 6, 6, 6], figli: [], mosse: [(6, 2, 2, 7, 9), (5, 5, 6, 3), (5, 5, 1, 3, 3), (5, 5, 3, 6, 17)]
6 -> costo: 67397.7, rotte: {5: [(1, 6), (6, 3)], 6: [(1, 2), (2, 7), (7, 5)], 2: [(1, 8)], 3: [(1, 7)], 4: [(1, 4), (4, 3)]}, padri: [1], figli: [5, 5, 5], mosse: [(6, 2, 2, 7, 9)]
7 -> costo: 68113.0, rotte: {5: [(1, 3), (3, 6)], 6: [(1, 2), (2, 5)], 2: [(1, 8), (8, 7)], 3: [(1, 7)], 4: [(1, 4), (4, 3)]}, padri: [0, 0, 0], figli: [2, 2, 2, 8, 8, 8], mosse: [(5, 5, 6, 3), (5, 5, 1, 3, 3), (5, 5, 3, 6, 17)]
8 -> costo: 67653.2, rotte: {5: [(1, 6)], 6: [(1, 2), (2, 3), (3, 5)], 2: [(1, 8), (8, 7)], 3: [(1, 7)], 4: [(1, 4), (4, 3)]}, padri: [7], figli: [3, 9, 9, 9, 3, 3, 11, 11, 11], mosse: [(6, 5, 2, 3, 3)]
9 -> costo: 64263.8, rotte: {5: [(1, 6)], 6: [(1, 2), (2, 3), (3, 5)], 2: [(1, 8), (8, 7)], 3: [(1, 7)], 4: [(1, 4)]}, padri: [8, 8, 8], figli: [4, 4, 4, 10, 10, 10], mosse: [(6, 4, 1, 3, 4), (6, 4, 2, 3, 4), (6, 4, 5, 3, 4)]
10 -> costo: 63030.3, rotte: {5: [(1, 6), (6, 8)], 6: [(1, 2), (2, 3), (3, 5)], 2: [(1, 7)], 3: [(1, 7)], 4: [(1, 4)]}, padri: [9, 11, 11, 11], figli: [], mosse: [(5, 2, 6, 8, 1), (6, 4, 1, 3, 4), (6, 4, 2, 3, 4), (6, 4, 5, 3, 4)]
11 -> costo: 66419.7, rotte: {5: [(1, 6), (6, 8)], 6: [(1, 2), (2, 3), (3, 5)], 2: [(1, 7)], 3: [(1, 7)], 4: [(1, 4), (4, 3)]}, padri: [8], figli: [10, 10, 10], mosse: [(5, 2, 6, 8, 1)]
bestSolutionIndice: 4
4 -> costo: 62518.399999999994, rotte: {5: [(1, 6)], 6: [(1, 2), (2, 3), (3, 5)], 2: [(1, 7), (7, 8)], 3: [(1, 7)], 4: [(1, 4)]}, padri: [3, 3, 3, 9, 9, 9], figli: [], mosse: [(6, 4, 1, 3, 4), (6, 4, 2, 3, 4), (6, 4, 5, 3, 4), (2, 2, 8, 7), (2, 2, 1, 7, 9), (2, 2, 7, 8, 1)]
trasportoPalletDiGamma: {5: [(6, 17)], 6: [(2, 5), (3, 7), (5, 14)], 2: [(7, 9), (8, 1)], 3: [(7, 10)], 4: [(4, 11)]}
itMosseLS: 36, itMosseTS: 36
time elapsed: 49.37s.


##########################################################################################
s: 1
dictSolutions[1]:
0 -> costo: 73880.6, rotte: {2: [(1, 8), (8, 6)], 3: [(1, 4)], 4: [(1, 3), (3, 5)], 5: [(1, 7), (7, 4)], 6: [(1, 2), (2, 6), (6, 5)]}, padri: [-1], figli: [1, 4], mosse: [-1]
1 -> costo: 69737.1, rotte: {2: [(1, 8)], 3: [(1, 4)], 4: [(1, 3), (3, 5)], 5: [(1, 7), (7, 4)], 6: [(1, 2), (2, 6), (6, 5)]}, padri: [0], figli: [2, 2, 2, 5, 5, 5, 11, 11, 11, 15, 15, 15], mosse: [(6, 2, 1, 6, 9)]
2 -> costo: 65875.90000000001, rotte: {2: [(1, 8)], 3: [(1, 4)], 4: [(1, 3), (3, 5)], 5: [(1, 4), (4, 7)], 6: [(1, 2), (2, 6), (6, 5)]}, padri: [1, 1, 1, 4, 5, 5, 5, 4, 4], figli: [3, 12], mosse: [(5, 5, 7, 4), (5, 5, 1, 4, 1), (5, 5, 4, 7, 19), (6, 2, 1, 6, 9), (6, 2, 1, 6, 9), (6, 2, 2, 6, 9), (6, 2, 5, 6, 9), (6, 2, 2, 6, 9), (6, 2, 5, 6, 9)]
3 -> costo: 65527.3, rotte: {2: [(1, 8)], 3: [(1, 4)], 4: [(1, 3), (3, 5)], 5: [(1, 7)], 6: [(1, 4), (4, 2), (2, 6), (6, 5)]}, padri: [2, 11, 11, 11, 11], figli: [], mosse: [(6, 5, 1, 4, 1), (6, 2, 1, 6, 9), (6, 2, 4, 6, 9), (6, 2, 2, 6, 9), (6, 2, 5, 6, 9)]
4 -> costo: 70019.40000000001, rotte: {2: [(1, 8), (8, 6)], 3: [(1, 4)], 4: [(1, 3), (3, 5)], 5: [(1, 4), (4, 7)], 6: [(1, 2), (2, 6), (6, 5)]}, padri: [0], figli: [2, 5, 11, 2, 2, 15, 15, 15], mosse: [(5, 5, 7, 4)]
5 -> costo: 67675.3, rotte: {2: [(1, 6), (6, 8)], 3: [(1, 4)], 4: [(1, 3), (3, 5)], 5: [(1, 4), (4, 7)], 6: [(1, 2), (2, 6), (6, 5)]}, padri: [4], figli: [6, 6, 6, 2, 2, 2, 11, 11, 11, 15, 15, 15, 16, 16, 16], mosse: [(2, 2, 8, 6)]
6 -> costo: 63656.99999999999, rotte: {2: [(1, 6), (6, 8)], 3: [(1, 4)], 4: [(1, 3)], 5: [(1, 4), (4, 7)], 6: [(1, 2), (2, 6), (6, 5)]}, padri: [5, 5, 5, 15, 15, 15], figli: [7, 9, 10, 31, 32, 34, 35], mosse: [(6, 4, 1, 5, 8), (6, 4, 2, 5, 8), (6, 4, 6, 5, 8), (2, 2, 8, 6), (2, 2, 1, 6, 9), (2, 2, 6, 8, 1)]
7 -> costo: 63221.79999999999, rotte: {2: [(1, 6), (6, 8)], 3: [(1, 4)], 4: [(1, 2), (2, 3)], 5: [(1, 4), (4, 7)], 6: [(1, 6), (6, 5)]}, padri: [6, 26, 26, 26], figli: [8, 28, 29], mosse: [(4, 6, 1, 2, 5), (2, 2, 8, 6), (2, 2, 1, 6, 9), (2, 2, 6, 8, 1)]
8 -> costo: 62873.2, rotte: {2: [(1, 6), (6, 8)], 3: [(1, 4)], 4: [(1, 4), (4, 2), (2, 3)], 5: [(1, 7)], 6: [(1, 6), (6, 5)]}, padri: [7, 9, 27, 27, 27, 29], figli: [], mosse: [(4, 5, 1, 4, 1), (4, 6, 4, 2, 5), (2, 2, 8, 6), (2, 2, 1, 6, 9), (2, 2, 6, 8, 1), (2, 5, 6, 8, 1)]
9 -> costo: 63259.79999999999, rotte: {2: [(1, 6), (6, 8)], 3: [(1, 4)], 4: [(1, 4), (4, 3)], 5: [(1, 7)], 6: [(1, 2), (2, 6), (6, 5)]}, padri: [6, 10, 30, 30, 30, 32], figli: [8, 28, 29], mosse: [(4, 5, 1, 4, 1), (4, 6, 1, 4, 1), (2, 2, 8, 6), (2, 2, 1, 6, 9), (2, 2, 6, 8, 1), (2, 5, 6, 8, 1)]
10 -> costo: 63308.399999999994, rotte: {2: [(1, 6), (6, 8)], 3: [(1, 4)], 4: [(1, 3)], 5: [(1, 7)], 6: [(1, 4), (4, 2), (2, 6), (6, 5)]}, padri: [6, 11, 11, 11, 11, 33, 33, 33, 35], figli: [9, 31, 32], mosse: [(6, 5, 1, 4, 1), (6, 4, 1, 5, 8), (6, 4, 4, 5, 8), (6, 4, 2, 5, 8), (6, 4, 6, 5, 8), (2, 2, 8, 6), (2, 2, 1, 6, 9), (2, 2, 6, 8, 1), (2, 5, 6, 8, 1)]
11 -> costo: 67326.7, rotte: {2: [(1, 6), (6, 8)], 3: [(1, 4)], 4: [(1, 3), (3, 5)], 5: [(1, 7)], 6: [(1, 4), (4, 2), (2, 6), (6, 5)]}, padri: [5], figli: [10, 10, 10, 10, 3, 3, 3, 3, 12, 12, 12, 12, 34, 34, 34, 34, 35, 35, 35, 35], mosse: [(6, 5, 1, 4, 1)]
12 -> costo: 66966.3, rotte: {2: [(1, 6), (6, 8)], 3: [(1, 4)], 4: [(1, 5)], 5: [(1, 7)], 6: [(1, 4), (4, 2), (2, 3), (3, 6), (6, 5)]}, padri: [11], figli: [13], mosse: [(6, 4, 2, 3, 7)]
13 -> costo: 63787.100000000006, rotte: {2: [(1, 6), (6, 8)], 3: [(1, 4)], 4: [(1, 5)], 5: [(1, 7)], 6: [(1, 4), (4, 2), (2, 3), (3, 6)]}, padri: [12], figli: [14, 14, 14, 14], mosse: [(4, 6, 1, 5, 6)]
14 -> costo: 61987.7, rotte: {2: [(1, 8)], 3: [(1, 4)], 4: [(1, 5)], 5: [(1, 7)], 6: [(1, 4), (4, 2), (2, 3), (3, 6)]}, padri: [13, 13, 13, 13], figli: [], mosse: [(6, 2, 1, 6, 9), (6, 2, 4, 6, 9), (6, 2, 2, 6, 9), (6, 2, 3, 6, 9)]
15 -> costo: 66001.1, rotte: {2: [(1, 8), (8, 6)], 3: [(1, 4)], 4: [(1, 3)], 5: [(1, 4), (4, 7)], 6: [(1, 2), (2, 6), (6, 5)]}, padri: [4], figli: [6, 6, 6, 16, 16, 16, 21, 26, 30, 33], mosse: [(6, 4, 1, 5, 8)]
16 -> costo: 65053.89999999999, rotte: {2: [(1, 6)], 3: [(1, 4)], 4: [(1, 3), (3, 8)], 5: [(1, 4), (4, 7)], 6: [(1, 2), (2, 6), (6, 5)]}, padri: [15], figli: [17, 19, 20], mosse: [(4, 2, 3, 8, 1)]
17 -> costo: 64618.69999999998, rotte: {2: [(1, 6)], 3: [(1, 4)], 4: [(1, 2), (2, 3), (3, 8)], 5: [(1, 4), (4, 7)], 6: [(1, 6), (6, 5)]}, padri: [16, 26], figli: [18], mosse: [(4, 6, 1, 2, 5), (4, 2, 3, 8, 1)]
18 -> costo: 64270.09999999999, rotte: {2: [(1, 6)], 3: [(1, 4)], 4: [(1, 4), (4, 2), (2, 3), (3, 8)], 5: [(1, 7)], 6: [(1, 6), (6, 5)]}, padri: [17, 19, 27], figli: [], mosse: [(4, 5, 1, 4, 1), (4, 6, 4, 2, 5), (4, 2, 3, 8, 1)]
19 -> costo: 64656.7, rotte: {2: [(1, 6)], 3: [(1, 4)], 4: [(1, 4), (4, 3), (3, 8)], 5: [(1, 7)], 6: [(1, 2), (2, 6), (6, 5)]}, padri: [16, 20, 30], figli: [18], mosse: [(4, 5, 1, 4, 1), (4, 6, 1, 4, 1), (4, 2, 3, 8, 1)]
20 -> costo: 64705.29999999999, rotte: {2: [(1, 6)], 3: [(1, 4)], 4: [(1, 3), (3, 8)], 5: [(1, 7)], 6: [(1, 4), (4, 2), (2, 6), (6, 5)]}, padri: [16, 33], figli: [19], mosse: [(6, 5, 1, 4, 1), (4, 2, 3, 8, 1)]
21 -> costo: 65247.49999999999, rotte: {2: [(1, 6)], 3: [(1, 4)], 4: [(1, 3)], 5: [(1, 4), (4, 7)], 6: [(1, 2), (2, 6), (6, 5), (5, 8)]}, padri: [15], figli: [22, 24, 25, 27], mosse: [(6, 2, 5, 8, 1)]
22 -> costo: 64812.29999999999, rotte: {2: [(1, 6)], 3: [(1, 4)], 4: [(1, 2), (2, 3)], 5: [(1, 4), (4, 7)], 6: [(1, 6), (6, 5), (5, 8)]}, padri: [21, 26], figli: [23], mosse: [(4, 6, 1, 2, 5), (6, 2, 5, 8, 1)]
23 -> costo: 64463.7, rotte: {2: [(1, 6)], 3: [(1, 4)], 4: [(1, 4), (4, 2), (2, 3)], 5: [(1, 7)], 6: [(1, 6), (6, 5), (5, 8)]}, padri: [22, 24, 27], figli: [], mosse: [(4, 5, 1, 4, 1), (4, 6, 4, 2, 5), (6, 2, 5, 8, 1)]
24 -> costo: 64850.299999999996, rotte: {2: [(1, 6)], 3: [(1, 4)], 4: [(1, 4), (4, 3)], 5: [(1, 7)], 6: [(1, 2), (2, 6), (6, 5), (5, 8)]}, padri: [21, 25, 30], figli: [23], mosse: [(4, 5, 1, 4, 1), (4, 6, 1, 4, 1), (6, 2, 5, 8, 1)]
25 -> costo: 64898.899999999994, rotte: {2: [(1, 6)], 3: [(1, 4)], 4: [(1, 3)], 5: [(1, 7)], 6: [(1, 4), (4, 2), (2, 6), (6, 5), (5, 8)]}, padri: [21, 33], figli: [24], mosse: [(6, 5, 1, 4, 1), (6, 2, 5, 8, 1)]
26 -> costo: 65565.9, rotte: {2: [(1, 8), (8, 6)], 3: [(1, 4)], 4: [(1, 2), (2, 3)], 5: [(1, 4), (4, 7)], 6: [(1, 6), (6, 5)]}, padri: [15], figli: [7, 7, 7, 17, 22, 27], mosse: [(4, 6, 1, 2, 5)]
27 -> costo: 65217.3, rotte: {2: [(1, 8), (8, 6)], 3: [(1, 4)], 4: [(1, 4), (4, 2), (2, 3)], 5: [(1, 7)], 6: [(1, 6), (6, 5)]}, padri: [26, 30], figli: [8, 28, 8, 8, 29, 29, 29, 18, 23], mosse: [(4, 5, 1, 4, 1), (4, 6, 4, 2, 5)]
28 -> costo: 62361.29999999999, rotte: {2: [(1, 6)], 3: [(1, 4)], 4: [(1, 4), (4, 2), (2, 3)], 5: [(1, 7), (7, 8)], 6: [(1, 6), (6, 5)]}, padri: [27, 29, 29, 29, 31], figli: [], mosse: [(5, 2, 7, 8, 1), (5, 5, 8, 7), (5, 5, 1, 7, 19), (5, 5, 7, 8, 1), (4, 6, 4, 2, 5)]
29 -> costo: 64106.7, rotte: {2: [(1, 6)], 3: [(1, 4)], 4: [(1, 4), (4, 2), (2, 3)], 5: [(1, 8), (8, 7)], 6: [(1, 6), (6, 5)]}, padri: [27, 32], figli: [28, 28, 28, 8], mosse: [(5, 2, 1, 8, 1), (4, 6, 4, 2, 5)]
30 -> costo: 65603.9, rotte: {2: [(1, 8), (8, 6)], 3: [(1, 4)], 4: [(1, 4), (4, 3)], 5: [(1, 7)], 6: [(1, 2), (2, 6), (6, 5)]}, padri: [15, 33], figli: [9, 31, 9, 9, 32, 32, 32, 19, 24, 27], mosse: [(4, 5, 1, 4, 1), (4, 6, 1, 4, 1)]
31 -> costo: 62747.899999999994, rotte: {2: [(1, 6)], 3: [(1, 4)], 4: [(1, 4), (4, 3)], 5: [(1, 7), (7, 8)], 6: [(1, 2), (2, 6), (6, 5)]}, padri: [30, 32, 32, 32, 34], figli: [28], mosse: [(5, 2, 7, 8, 1), (5, 5, 8, 7), (5, 5, 1, 7, 19), (5, 5, 7, 8, 1), (4, 6, 1, 4, 1)]
32 -> costo: 64493.299999999996, rotte: {2: [(1, 6)], 3: [(1, 4)], 4: [(1, 4), (4, 3)], 5: [(1, 8), (8, 7)], 6: [(1, 2), (2, 6), (6, 5)]}, padri: [30, 35], figli: [31, 31, 31, 9, 29], mosse: [(5, 2, 1, 8, 1), (4, 6, 1, 4, 1)]
33 -> costo: 65652.5, rotte: {2: [(1, 8), (8, 6)], 3: [(1, 4)], 4: [(1, 3)], 5: [(1, 7)], 6: [(1, 4), (4, 2), (2, 6), (6, 5)]}, padri: [15], figli: [10, 34, 10, 10, 35, 35, 35, 20, 25, 30], mosse: [(6, 5, 1, 4, 1)]
34 -> costo: 62796.499999999985, rotte: {2: [(1, 6)], 3: [(1, 4)], 4: [(1, 3)], 5: [(1, 7), (7, 8)], 6: [(1, 4), (4, 2), (2, 6), (6, 5)]}, padri: [33, 35, 35, 35], figli: [31], mosse: [(5, 2, 7, 8, 1), (5, 5, 8, 7), (5, 5, 1, 7, 19), (5, 5, 7, 8, 1)]
35 -> costo: 64541.899999999994, rotte: {2: [(1, 6)], 3: [(1, 4)], 4: [(1, 3)], 5: [(1, 8), (8, 7)], 6: [(1, 4), (4, 2), (2, 6), (6, 5)]}, padri: [33], figli: [34, 34, 34, 10, 32], mosse: [(5, 2, 1, 8, 1)]
bestSolutionIndice: 14
14 -> costo: 61987.7, rotte: {2: [(1, 8)], 3: [(1, 4)], 4: [(1, 5)], 5: [(1, 7)], 6: [(1, 4), (4, 2), (2, 3), (3, 6)]}, padri: [13, 13, 13, 13], figli: [], mosse: [(6, 2, 1, 6, 9), (6, 2, 4, 6, 9), (6, 2, 2, 6, 9), (6, 2, 3, 6, 9)]
trasportoPalletDiGamma: {2: [(8, 1)], 3: [(4, 10)], 4: [(5, 14)], 5: [(7, 19)], 6: [(4, 1), (2, 5), (3, 7), (6, 17)]}
itMosseLS: 103, itMosseTS: 100
time elapsed: 145.73s.


