itNSIMax: 25, itMosseTSMax: 25.
##########################################################################################
s: 1
dictSolutions[1]:
0 -> costo: 149248.2, rotte: {7: [(1, 6)], 11: [(1, 8), (8, 3), (3, 6), (6, 4)], 2: [(1, 5)], 9: [(1, 7), (7, 2), (2, 9)], 6: [(1, 4)], 10: [(1, 3)], 4: [(1, 9)], 5: [(1, 2)], 8: [(1, 6)], 3: [(1, 4)]}, padri: [-1], figli: [1, 5, 5, 8, 8, 9], mosse: [-1]
1 -> costo: 143929.7, rotte: {7: [(1, 6)], 11: [(1, 8), (8, 3), (3, 6), (6, 4)], 2: [(1, 5)], 9: [(1, 2), (2, 9), (9, 7)], 6: [(1, 4)], 10: [(1, 3)], 4: [(1, 9)], 5: [(1, 2)], 8: [(1, 6)], 3: [(1, 4)]}, padri: [0, 8, 9], figli: [2, 4, 4, 6, 6], mosse: [(9, 9, 9, 7, 3), (9, 9, 1, 2, 1), (9, 9, 2, 9, 3)]
2 -> costo: 140230.30000000002, rotte: {7: [(1, 6)], 11: [(1, 8), (8, 3), (3, 6), (6, 4)], 2: [(1, 5)], 9: [(1, 9), (9, 2), (2, 7)], 6: [(1, 4)], 10: [(1, 3)], 4: [(1, 9)], 5: [(1, 2)], 8: [(1, 6)], 3: [(1, 4)]}, padri: [1, 8, 8, 9], figli: [3, 3], mosse: [(9, 9, 9, 2, 1), (9, 9, 9, 2, 1), (9, 9, 2, 7, 3), (9, 9, 1, 9, 3)]
3 -> costo: 136835.9, rotte: {7: [(1, 6)], 11: [(1, 8), (8, 3), (3, 4), (4, 6)], 2: [(1, 5)], 9: [(1, 9), (9, 2), (2, 7)], 6: [(1, 4)], 10: [(1, 3)], 4: [(1, 9)], 5: [(1, 2)], 8: [(1, 6)], 3: [(1, 4)]}, padri: [2, 2, 4, 6, 6, 7], figli: [], mosse: [(11, 11, 3, 4, 8), (11, 11, 4, 6, 4), (9, 9, 9, 2, 1), (9, 9, 9, 2, 1), (9, 9, 2, 7, 3), (9, 9, 1, 9, 3)]
4 -> costo: 140535.30000000002, rotte: {7: [(1, 6)], 11: [(1, 8), (8, 3), (3, 4), (4, 6)], 2: [(1, 5)], 9: [(1, 2), (2, 9), (9, 7)], 6: [(1, 4)], 10: [(1, 3)], 4: [(1, 9)], 5: [(1, 2)], 8: [(1, 6)], 3: [(1, 4)]}, padri: [1, 1, 5, 6, 7, 7], figli: [3], mosse: [(11, 11, 3, 4, 8), (11, 11, 4, 6, 4), (9, 9, 9, 7, 3), (9, 9, 1, 2, 1), (9, 9, 2, 9, 3), (9, 9, 9, 7, 3)]
5 -> costo: 145853.8, rotte: {7: [(1, 6)], 11: [(1, 8), (8, 3), (3, 4), (4, 6)], 2: [(1, 5)], 9: [(1, 7), (7, 2), (2, 9)], 6: [(1, 4)], 10: [(1, 3)], 4: [(1, 9)], 5: [(1, 2)], 8: [(1, 6)], 3: [(1, 4)]}, padri: [0, 0], figli: [4, 6, 7], mosse: [(11, 11, 3, 4, 8), (11, 11, 4, 6, 4)]
6 -> costo: 142830.80000000002, rotte: {7: [(1, 6)], 11: [(1, 8), (8, 3), (3, 4), (4, 6)], 2: [(1, 5)], 9: [(1, 9), (9, 7), (7, 2)], 6: [(1, 4)], 10: [(1, 3)], 4: [(1, 9)], 5: [(1, 2)], 8: [(1, 6)], 3: [(1, 4)]}, padri: [5, 8, 8], figli: [3, 3, 4], mosse: [(9, 9, 1, 9, 3), (11, 11, 3, 4, 8), (11, 11, 4, 6, 4)]
7 -> costo: 145156.69999999998, rotte: {7: [(1, 6)], 11: [(1, 8), (8, 3), (3, 4), (4, 6)], 2: [(1, 5)], 9: [(1, 2), (2, 7), (7, 9)], 6: [(1, 4)], 10: [(1, 3)], 4: [(1, 9)], 5: [(1, 2)], 8: [(1, 6)], 3: [(1, 4)]}, padri: [5], figli: [3, 4, 4], mosse: [(9, 9, 2, 7, 3)]
8 -> costo: 146225.2, rotte: {7: [(1, 6)], 11: [(1, 8), (8, 3), (3, 6), (6, 4)], 2: [(1, 5)], 9: [(1, 9), (9, 7), (7, 2)], 6: [(1, 4)], 10: [(1, 3)], 4: [(1, 9)], 5: [(1, 2)], 8: [(1, 6)], 3: [(1, 4)]}, padri: [0], figli: [2, 2, 6, 6, 1], mosse: [(9, 9, 1, 9, 3)]
9 -> costo: 148551.1, rotte: {7: [(1, 6)], 11: [(1, 8), (8, 3), (3, 6), (6, 4)], 2: [(1, 5)], 9: [(1, 2), (2, 7), (7, 9)], 6: [(1, 4)], 10: [(1, 3)], 4: [(1, 9)], 5: [(1, 2)], 8: [(1, 6)], 3: [(1, 4)]}, padri: [0], figli: [2, 1], mosse: [(9, 9, 2, 7, 3)]
bestSolutionIndice: 3
3 -> costo: 136835.9, rotte: {7: [(1, 6)], 11: [(1, 8), (8, 3), (3, 4), (4, 6)], 2: [(1, 5)], 9: [(1, 9), (9, 2), (2, 7)], 6: [(1, 4)], 10: [(1, 3)], 4: [(1, 9)], 5: [(1, 2)], 8: [(1, 6)], 3: [(1, 4)]}, padri: [2, 2, 4, 6, 6, 7], figli: [], mosse: [(11, 11, 3, 4, 8), (11, 11, 4, 6, 4), (9, 9, 9, 2, 1), (9, 9, 9, 2, 1), (9, 9, 2, 7, 3), (9, 9, 1, 9, 3)]
trasportoPalletDiGamma: {7: [(6, 5)], 11: [(8, 1), (3, 2), (4, 8), (6, 4)], 2: [(5, 5)], 9: [(9, 3), (2, 1), (7, 3)], 6: [(4, 5)], 10: [(3, 10)], 4: [(9, 5)], 5: [(2, 5)], 8: [(6, 5)], 3: [(4, 5)]}
itMosseLS: 27, itMosseTS: 25
time elapsed: 806.79s.


##########################################################################################
s: 1
dictSolutions[1]:
0 -> costo: 151621.1, rotte: {7: [(1, 7), (7, 6)], 2: [(1, 9)], 4: [(1, 4)], 9: [(1, 5), (5, 3)], 3: [(1, 6)], 10: [(1, 2), (2, 4)], 6: [(1, 3)], 11: [(1, 8), (8, 6), (6, 4)], 5: [(1, 9), (9, 3)], 8: [(1, 4)]}, padri: [-1], figli: [1], mosse: [-1]
1 -> costo: 147218.2, rotte: {7: [(1, 7), (7, 6)], 2: [(1, 9)], 4: [(1, 4)], 9: [(1, 3), (3, 5)], 3: [(1, 6)], 10: [(1, 2), (2, 4)], 6: [(1, 3)], 11: [(1, 8), (8, 6), (6, 4)], 5: [(1, 9), (9, 3)], 8: [(1, 4)]}, padri: [0], figli: [2, 2, 9, 9, 9, 14, 14], mosse: [(9, 9, 1, 3, 5)]
2 -> costo: 143823.80000000002, rotte: {7: [(1, 7), (7, 6)], 2: [(1, 9)], 4: [(1, 4)], 9: [(1, 3), (3, 5)], 3: [(1, 6)], 10: [(1, 2), (2, 4)], 6: [(1, 3)], 11: [(1, 8), (8, 4), (4, 6)], 5: [(1, 9), (9, 3)], 8: [(1, 4)]}, padri: [1, 1], figli: [3, 3, 4, 4, 10, 10], mosse: [(11, 11, 8, 4, 4), (11, 11, 4, 6, 7)]
3 -> costo: 140700.0, rotte: {7: [(1, 6), (6, 7)], 2: [(1, 9)], 4: [(1, 4)], 9: [(1, 3), (3, 5)], 3: [(1, 6)], 10: [(1, 2), (2, 4)], 6: [(1, 3)], 11: [(1, 8), (8, 4), (4, 6)], 5: [(1, 9), (9, 3)], 8: [(1, 4)]}, padri: [2, 2, 9, 9], figli: [], mosse: [(7, 7, 1, 6, 2), (7, 7, 6, 7, 3), (11, 11, 8, 4, 4), (11, 11, 4, 6, 7)]
4 -> costo: 142741.9, rotte: {7: [(1, 6)], 2: [(1, 9)], 4: [(1, 4)], 9: [(1, 3), (3, 5)], 3: [(1, 6)], 10: [(1, 2), (2, 4)], 6: [(1, 3)], 11: [(1, 8), (8, 4), (4, 7), (7, 6)], 5: [(1, 9), (9, 3)], 8: [(1, 4)]}, padri: [2], figli: [5, 7, 8], mosse: [(11, 7, 4, 7, 3)]
5 -> costo: 140700.0, rotte: {7: [(1, 6)], 2: [(1, 9)], 4: [(1, 4)], 9: [(1, 3), (3, 5)], 3: [(1, 6)], 10: [(1, 2), (2, 4)], 6: [(1, 3)], 11: [(1, 8), (8, 4), (4, 6), (6, 7)], 5: [(1, 9), (9, 3)], 8: [(1, 4)]}, padri: [4], figli: [6, 17], mosse: [(11, 11, 4, 6, 7)]
6 -> costo: 138978.5, rotte: {7: [(1, 9), (9, 6)], 2: [(1, 9)], 4: [(1, 4)], 9: [(1, 3), (3, 5)], 3: [(1, 6)], 10: [(1, 2), (2, 4)], 6: [(1, 3)], 11: [(1, 8), (8, 4), (4, 6), (6, 7)], 5: [(1, 3)], 8: [(1, 4)]}, padri: [5, 7, 8, 8, 15, 16, 17], figli: [], mosse: [(7, 5, 1, 9, 3), (7, 5, 1, 9, 3), (11, 11, 4, 6, 7), (11, 11, 6, 7, 3), (7, 5, 1, 9, 3), (11, 11, 8, 4, 4), (11, 11, 4, 6, 7)]
7 -> costo: 140700.0, rotte: {7: [(1, 6)], 2: [(1, 9)], 4: [(1, 4)], 9: [(1, 3), (3, 5)], 3: [(1, 6)], 10: [(1, 2), (2, 4)], 6: [(1, 3)], 11: [(1, 8), (8, 4), (4, 6), (6, 7)], 5: [(1, 9), (9, 3)], 8: [(1, 4)]}, padri: [4], figli: [6, 17], mosse: [(11, 11, 6, 7, 3)]
8 -> costo: 141020.4, rotte: {7: [(1, 9), (9, 6)], 2: [(1, 9)], 4: [(1, 4)], 9: [(1, 3), (3, 5)], 3: [(1, 6)], 10: [(1, 2), (2, 4)], 6: [(1, 3)], 11: [(1, 8), (8, 4), (4, 7), (7, 6)], 5: [(1, 3)], 8: [(1, 4)]}, padri: [4, 17], figli: [6, 6, 17, 17], mosse: [(7, 5, 1, 9, 3), (11, 11, 7, 6, 7)]
9 -> costo: 144094.4, rotte: {7: [(1, 6), (6, 7)], 2: [(1, 9)], 4: [(1, 4)], 9: [(1, 3), (3, 5)], 3: [(1, 6)], 10: [(1, 2), (2, 4)], 6: [(1, 3)], 11: [(1, 8), (8, 6), (6, 4)], 5: [(1, 9), (9, 3)], 8: [(1, 4)]}, padri: [1, 1], figli: [3, 3, 10, 10], mosse: [(7, 7, 1, 6, 2), (7, 7, 6, 7, 3)]
10 -> costo: 144009.6, rotte: {7: [(1, 6), (6, 7)], 2: [(1, 9)], 4: [(1, 4)], 9: [(1, 3), (3, 5)], 3: [(1, 6)], 10: [(1, 2), (2, 4)], 6: [(1, 3)], 11: [(1, 8), (8, 9), (9, 6), (6, 4)], 5: [(1, 3)], 8: [(1, 4)]}, padri: [9], figli: [11, 11, 13, 13], mosse: [(11, 5, 8, 9, 3)]
11 -> costo: 142607.9, rotte: {7: [(1, 6), (6, 7)], 2: [(1, 9)], 4: [(1, 4)], 9: [(1, 3), (3, 5)], 3: [(1, 6)], 10: [(1, 2), (2, 4)], 6: [(1, 3)], 11: [(1, 8), (8, 9), (9, 4), (4, 6)], 5: [(1, 3)], 8: [(1, 4)]}, padri: [10, 10], figli: [12], mosse: [(11, 11, 9, 4, 4), (11, 11, 4, 6, 7)]
12 -> costo: 140722.1, rotte: {7: [(1, 6), (6, 7)], 2: [(1, 9)], 4: [(1, 4)], 9: [(1, 3), (3, 5)], 3: [(1, 6)], 10: [(1, 2), (2, 4)], 6: [(1, 3)], 11: [(1, 9), (9, 8), (8, 4), (4, 6)], 5: [(1, 3)], 8: [(1, 4)]}, padri: [11], figli: [], mosse: [(11, 11, 9, 8, 1)]
13 -> costo: 143414.69999999998, rotte: {7: [(1, 6), (6, 7)], 2: [(1, 9)], 4: [(1, 4)], 9: [(1, 3), (3, 5)], 3: [(1, 6)], 10: [(1, 2), (2, 4)], 6: [(1, 3)], 11: [(1, 9), (9, 6), (6, 4), (4, 8)], 5: [(1, 3)], 8: [(1, 4)]}, padri: [10], figli: [], mosse: [(11, 11, 4, 8, 1)]
14 -> costo: 146153.1, rotte: {7: [(1, 6)], 2: [(1, 9)], 4: [(1, 4)], 9: [(1, 3), (3, 5)], 3: [(1, 6)], 10: [(1, 2), (2, 4)], 6: [(1, 3)], 11: [(1, 8), (8, 6), (6, 7), (7, 4)], 5: [(1, 9), (9, 3)], 8: [(1, 4)]}, padri: [1], figli: [15, 16], mosse: [(11, 7, 6, 7, 3)]
15 -> costo: 140700.0, rotte: {7: [(1, 6)], 2: [(1, 9)], 4: [(1, 4)], 9: [(1, 3), (3, 5)], 3: [(1, 6)], 10: [(1, 2), (2, 4)], 6: [(1, 3)], 11: [(1, 8), (8, 4), (4, 6), (6, 7)], 5: [(1, 9), (9, 3)], 8: [(1, 4)]}, padri: [14], figli: [6, 17], mosse: [(11, 11, 8, 4, 4)]
16 -> costo: 144431.6, rotte: {7: [(1, 9), (9, 6)], 2: [(1, 9)], 4: [(1, 4)], 9: [(1, 3), (3, 5)], 3: [(1, 6)], 10: [(1, 2), (2, 4)], 6: [(1, 3)], 11: [(1, 8), (8, 6), (6, 7), (7, 4)], 5: [(1, 3)], 8: [(1, 4)]}, padri: [14], figli: [6, 17], mosse: [(7, 5, 1, 9, 3)]
17 -> costo: 142820.1, rotte: {7: [(1, 9), (9, 6)], 2: [(1, 9)], 4: [(1, 4)], 9: [(1, 3), (3, 5)], 3: [(1, 6)], 10: [(1, 2), (2, 4)], 6: [(1, 3)], 11: [(1, 8), (8, 6), (6, 4), (4, 7)], 5: [(1, 3)], 8: [(1, 4)]}, padri: [16], figli: [6, 8], mosse: [(11, 11, 6, 4, 4)]
bestSolutionIndice: 6
6 -> costo: 138978.5, rotte: {7: [(1, 9), (9, 6)], 2: [(1, 9)], 4: [(1, 4)], 9: [(1, 3), (3, 5)], 3: [(1, 6)], 10: [(1, 2), (2, 4)], 6: [(1, 3)], 11: [(1, 8), (8, 4), (4, 6), (6, 7)], 5: [(1, 3)], 8: [(1, 4)]}, padri: [5, 7, 8, 8, 15, 16, 17], figli: [], mosse: [(7, 5, 1, 9, 3), (7, 5, 1, 9, 3), (11, 11, 4, 6, 7), (11, 11, 6, 7, 3), (7, 5, 1, 9, 3), (11, 11, 8, 4, 4), (11, 11, 4, 6, 7)]
trasportoPalletDiGamma: {7: [(9, 3), (6, 2)], 2: [(9, 5)], 4: [(4, 5)], 9: [(3, 5), (5, 5)], 3: [(6, 5)], 10: [(2, 6), (4, 4)], 6: [(3, 5)], 11: [(8, 1), (4, 4), (6, 7), (7, 3)], 5: [(3, 2)], 8: [(4, 5)]}
itMosseLS: 30, itMosseTS: 25
time elapsed: 743.50s.


##########################################################################################
s: 1
dictSolutions[1]:
0 -> costo: 150842.30000000002, rotte: {7: [(1, 3)], 5: [(1, 6)], 8: [(1, 7), (7, 2), (2, 4)], 9: [(1, 9), (9, 4)], 2: [(1, 2)], 10: [(1, 4)], 11: [(1, 8), (8, 3), (3, 6), (6, 4)], 6: [(1, 5)], 4: [(1, 3)], 3: [(1, 6)]}, padri: [-1], figli: [1, 4], mosse: [-1]
1 -> costo: 142334.6, rotte: {7: [(1, 3)], 5: [(1, 6)], 8: [(1, 2), (2, 4), (4, 7)], 9: [(1, 9), (9, 4)], 2: [(1, 2)], 10: [(1, 4)], 11: [(1, 8), (8, 3), (3, 6), (6, 4)], 6: [(1, 5)], 4: [(1, 3)], 3: [(1, 6)]}, padri: [0], figli: [2], mosse: [(8, 8, 4, 7, 3)]
2 -> costo: 141825.1, rotte: {7: [(1, 3)], 5: [(1, 6)], 8: [(1, 4), (4, 7)], 9: [(1, 9), (9, 4)], 2: [(1, 2)], 10: [(1, 4)], 11: [(1, 8), (8, 3), (3, 2), (2, 6), (6, 4)], 6: [(1, 5)], 4: [(1, 3)], 3: [(1, 6)]}, padri: [1], figli: [3, 3], mosse: [(11, 8, 3, 2, 1)]
3 -> costo: 138122.5, rotte: {7: [(1, 3)], 5: [(1, 6)], 8: [(1, 4), (4, 7)], 9: [(1, 9), (9, 4)], 2: [(1, 2)], 10: [(1, 4)], 11: [(1, 8), (8, 3), (3, 2), (2, 4), (4, 6)], 6: [(1, 5)], 4: [(1, 3)], 3: [(1, 6)]}, padri: [2, 2], figli: [], mosse: [(11, 11, 2, 4, 5), (11, 11, 4, 6, 4)]
4 -> costo: 143946.1, rotte: {7: [(1, 3)], 5: [(1, 6)], 8: [(1, 2), (2, 4)], 9: [(1, 9), (9, 4)], 2: [(1, 2)], 10: [(1, 4)], 11: [(1, 8), (8, 3), (3, 6), (6, 7), (7, 4)], 6: [(1, 5)], 4: [(1, 3)], 3: [(1, 6)]}, padri: [0], figli: [5, 7, 7, 10, 10, 11], mosse: [(11, 8, 6, 7, 3)]
5 -> costo: 138493.0, rotte: {7: [(1, 3)], 5: [(1, 6)], 8: [(1, 2), (2, 4)], 9: [(1, 9), (9, 4)], 2: [(1, 2)], 10: [(1, 4)], 11: [(1, 8), (8, 3), (3, 4), (4, 6), (6, 7)], 6: [(1, 5)], 4: [(1, 3)], 3: [(1, 6)]}, padri: [4, 10, 11, 11], figli: [6, 6, 8, 8, 9, 9], mosse: [(11, 11, 3, 4, 5), (11, 11, 4, 6, 4), (11, 11, 4, 6, 4), (11, 11, 6, 7, 3)]
6 -> costo: 133419.8, rotte: {7: [(1, 3)], 5: [(1, 6)], 8: [(1, 2), (2, 4)], 9: [(1, 9)], 2: [(1, 2)], 10: [(1, 4)], 11: [(1, 8), (8, 3), (3, 4), (4, 6), (6, 7)], 6: [(1, 5)], 4: [(1, 3)], 3: [(1, 6)]}, padri: [5, 5, 7, 8, 9, 9], figli: [], mosse: [(8, 9, 1, 4, 2), (8, 9, 2, 4, 2), (11, 11, 3, 4, 5), (11, 11, 4, 6, 4), (11, 11, 4, 6, 4), (11, 11, 6, 7, 3)]
7 -> costo: 138872.9, rotte: {7: [(1, 3)], 5: [(1, 6)], 8: [(1, 2), (2, 4)], 9: [(1, 9)], 2: [(1, 2)], 10: [(1, 4)], 11: [(1, 8), (8, 3), (3, 6), (6, 7), (7, 4)], 6: [(1, 5)], 4: [(1, 3)], 3: [(1, 6)]}, padri: [4, 4], figli: [6, 8, 9, 8, 8], mosse: [(8, 9, 1, 4, 2), (8, 9, 2, 4, 2)]
8 -> costo: 137261.4, rotte: {7: [(1, 3)], 5: [(1, 6)], 8: [(1, 2), (2, 4)], 9: [(1, 9)], 2: [(1, 2)], 10: [(1, 4)], 11: [(1, 8), (8, 3), (3, 6), (6, 4), (4, 7)], 6: [(1, 5)], 4: [(1, 3)], 3: [(1, 6)]}, padri: [7, 7, 7, 10, 10], figli: [6, 9], mosse: [(11, 11, 6, 4, 5), (11, 11, 4, 7, 3), (11, 11, 7, 4), (8, 9, 1, 4, 2), (8, 9, 2, 4, 2)]
9 -> costo: 135461.69999999998, rotte: {7: [(1, 3)], 5: [(1, 6)], 8: [(1, 2), (2, 4)], 9: [(1, 9)], 2: [(1, 2)], 10: [(1, 4)], 11: [(1, 8), (8, 3), (3, 4), (4, 7), (7, 6)], 6: [(1, 5)], 4: [(1, 3)], 3: [(1, 6)]}, padri: [8, 11, 11], figli: [6, 6], mosse: [(11, 11, 7, 6, 4), (8, 9, 1, 4, 2), (8, 9, 2, 4, 2)]
10 -> costo: 142334.6, rotte: {7: [(1, 3)], 5: [(1, 6)], 8: [(1, 2), (2, 4)], 9: [(1, 9), (9, 4)], 2: [(1, 2)], 10: [(1, 4)], 11: [(1, 8), (8, 3), (3, 6), (6, 4), (4, 7)], 6: [(1, 5)], 4: [(1, 3)], 3: [(1, 6)]}, padri: [4, 4], figli: [8, 8, 5, 11], mosse: [(11, 11, 6, 4, 5)]
11 -> costo: 140534.9, rotte: {7: [(1, 3)], 5: [(1, 6)], 8: [(1, 2), (2, 4)], 9: [(1, 9), (9, 4)], 2: [(1, 2)], 10: [(1, 4)], 11: [(1, 8), (8, 3), (3, 4), (4, 7), (7, 6)], 6: [(1, 5)], 4: [(1, 3)], 3: [(1, 6)]}, padri: [10], figli: [9, 9, 5, 5], mosse: [(11, 11, 7, 6, 4)]
bestSolutionIndice: 6
6 -> costo: 133419.8, rotte: {7: [(1, 3)], 5: [(1, 6)], 8: [(1, 2), (2, 4)], 9: [(1, 9)], 2: [(1, 2)], 10: [(1, 4)], 11: [(1, 8), (8, 3), (3, 4), (4, 6), (6, 7)], 6: [(1, 5)], 4: [(1, 3)], 3: [(1, 6)]}, padri: [5, 5, 7, 8, 9, 9], figli: [], mosse: [(8, 9, 1, 4, 2), (8, 9, 2, 4, 2), (11, 11, 3, 4, 5), (11, 11, 4, 6, 4), (11, 11, 4, 6, 4), (11, 11, 6, 7, 3)]
trasportoPalletDiGamma: {7: [(3, 5)], 5: [(6, 5)], 8: [(2, 1), (4, 3)], 9: [(9, 8)], 2: [(2, 5)], 10: [(4, 10)], 11: [(8, 1), (3, 2), (4, 5), (6, 4), (7, 3)], 6: [(5, 5)], 4: [(3, 5)], 3: [(6, 5)]}
itMosseLS: 27, itMosseTS: 25
time elapsed: 587.04s.


##########################################################################################
s: 1
dictSolutions[1]:
0 -> costo: 150162.30000000002, rotte: {8: [(1, 9)], 11: [(1, 5), (5, 3)], 7: [(1, 6)], 6: [(1, 3)], 9: [(1, 8), (8, 4)], 10: [(1, 2), (2, 6)], 3: [(1, 7), (7, 4)], 2: [(1, 4)], 5: [(1, 9), (9, 4)], 4: [(1, 6)]}, padri: [-1], figli: [1], mosse: [-1]
1 -> costo: 145180.90000000002, rotte: {8: [(1, 9)], 11: [(1, 5), (5, 3)], 7: [(1, 6)], 6: [(1, 3)], 9: [(1, 8), (8, 4)], 10: [(1, 2), (2, 6)], 3: [(1, 4), (4, 7)], 2: [(1, 4)], 5: [(1, 9), (9, 4)], 4: [(1, 6)]}, padri: [0], figli: [2, 2, 8, 8, 10, 12], mosse: [(3, 3, 7, 4)]
2 -> costo: 140778.0, rotte: {8: [(1, 9)], 11: [(1, 3), (3, 5)], 7: [(1, 6)], 6: [(1, 3)], 9: [(1, 8), (8, 4)], 10: [(1, 2), (2, 6)], 3: [(1, 4), (4, 7)], 2: [(1, 4)], 5: [(1, 9), (9, 4)], 4: [(1, 6)]}, padri: [1, 1], figli: [3, 5, 6, 7, 9, 11], mosse: [(11, 11, 1, 3, 7), (11, 11, 3, 5, 5)]
3 -> costo: 138828.9, rotte: {8: [(1, 9)], 11: [(1, 8), (8, 3), (3, 5)], 7: [(1, 6)], 6: [(1, 3)], 9: [(1, 4)], 10: [(1, 2), (2, 6)], 3: [(1, 4), (4, 7)], 2: [(1, 4)], 5: [(1, 9), (9, 4)], 4: [(1, 6)]}, padri: [2, 5, 10], figli: [4], mosse: [(11, 9, 1, 8, 1), (11, 11, 8, 3, 7), (11, 11, 3, 5, 5)]
4 -> costo: 138229.9, rotte: {8: [(1, 9)], 11: [(1, 8), (8, 3), (3, 4), (4, 5)], 7: [(1, 6)], 6: [(1, 3)], 9: [(1, 4)], 10: [(1, 2), (2, 6)], 3: [(1, 7)], 2: [(1, 4)], 5: [(1, 9), (9, 4)], 4: [(1, 6)]}, padri: [3, 6, 7], figli: [], mosse: [(11, 3, 3, 4, 2), (11, 11, 8, 3, 7), (11, 9, 1, 8, 1)]
5 -> costo: 139470.4, rotte: {8: [(1, 9)], 11: [(1, 3), (3, 8), (8, 5)], 7: [(1, 6)], 6: [(1, 3)], 9: [(1, 4)], 10: [(1, 2), (2, 6)], 3: [(1, 4), (4, 7)], 2: [(1, 4)], 5: [(1, 9), (9, 4)], 4: [(1, 6)]}, padri: [2, 8], figli: [3, 6, 11], mosse: [(11, 9, 3, 8, 1), (11, 11, 8, 5, 5)]
6 -> costo: 138871.4, rotte: {8: [(1, 9)], 11: [(1, 3), (3, 8), (8, 4), (4, 5)], 7: [(1, 6)], 6: [(1, 3)], 9: [(1, 4)], 10: [(1, 2), (2, 6)], 3: [(1, 7)], 2: [(1, 4)], 5: [(1, 9), (9, 4)], 4: [(1, 6)]}, padri: [5, 7], figli: [4], mosse: [(11, 3, 8, 4, 2), (11, 9, 3, 8, 1)]
7 -> costo: 140179.0, rotte: {8: [(1, 9)], 11: [(1, 3), (3, 4), (4, 5)], 7: [(1, 6)], 6: [(1, 3)], 9: [(1, 8), (8, 4)], 10: [(1, 2), (2, 6)], 3: [(1, 7)], 2: [(1, 4)], 5: [(1, 9), (9, 4)], 4: [(1, 6)]}, padri: [2, 13], figli: [4, 6], mosse: [(11, 3, 3, 4, 2), (11, 11, 3, 4, 2)]
8 -> costo: 143467.2, rotte: {8: [(1, 9)], 11: [(1, 5), (5, 3), (3, 8)], 7: [(1, 6)], 6: [(1, 3)], 9: [(1, 4)], 10: [(1, 2), (2, 6)], 3: [(1, 4), (4, 7)], 2: [(1, 4)], 5: [(1, 9), (9, 4)], 4: [(1, 6)]}, padri: [1, 10, 10, 10], figli: [5, 9], mosse: [(11, 9, 3, 8, 1), (11, 11, 8, 3), (11, 11, 5, 3, 7), (11, 11, 3, 8, 1)]
9 -> costo: 142865.7, rotte: {8: [(1, 9)], 11: [(1, 5), (5, 4), (4, 3), (3, 8)], 7: [(1, 6)], 6: [(1, 3)], 9: [(1, 4)], 10: [(1, 2), (2, 6)], 3: [(1, 7)], 2: [(1, 4)], 5: [(1, 9), (9, 4)], 4: [(1, 6)]}, padri: [8, 11, 11, 11, 12], figli: [], mosse: [(11, 3, 5, 4, 2), (11, 11, 8, 3), (11, 11, 4, 3, 7), (11, 11, 3, 8, 1), (11, 9, 3, 8, 1)]
10 -> costo: 143873.3, rotte: {8: [(1, 9)], 11: [(1, 5), (5, 8), (8, 3)], 7: [(1, 6)], 6: [(1, 3)], 9: [(1, 4)], 10: [(1, 2), (2, 6)], 3: [(1, 4), (4, 7)], 2: [(1, 4)], 5: [(1, 9), (9, 4)], 4: [(1, 6)]}, padri: [1], figli: [3, 11, 8, 8, 8, 13], mosse: [(11, 9, 5, 8, 1)]
11 -> costo: 143271.80000000002, rotte: {8: [(1, 9)], 11: [(1, 5), (5, 4), (4, 8), (8, 3)], 7: [(1, 6)], 6: [(1, 3)], 9: [(1, 4)], 10: [(1, 2), (2, 6)], 3: [(1, 7)], 2: [(1, 4)], 5: [(1, 9), (9, 4)], 4: [(1, 6)]}, padri: [10, 12], figli: [9, 9, 9], mosse: [(11, 3, 5, 4, 2), (11, 9, 4, 8, 1)]
12 -> costo: 144579.4, rotte: {8: [(1, 9)], 11: [(1, 5), (5, 4), (4, 3)], 7: [(1, 6)], 6: [(1, 3)], 9: [(1, 8), (8, 4)], 10: [(1, 2), (2, 6)], 3: [(1, 7)], 2: [(1, 4)], 5: [(1, 9), (9, 4)], 4: [(1, 6)]}, padri: [1], figli: [9, 11, 13], mosse: [(11, 3, 5, 4, 2)]
13 -> costo: 143773.0, rotte: {8: [(1, 9)], 11: [(1, 3), (3, 5), (5, 4)], 7: [(1, 6)], 6: [(1, 3)], 9: [(1, 8), (8, 4)], 10: [(1, 2), (2, 6)], 3: [(1, 7)], 2: [(1, 4)], 5: [(1, 9), (9, 4)], 4: [(1, 6)]}, padri: [12], figli: [7], mosse: [(11, 11, 1, 3, 7)]
bestSolutionIndice: 4
4 -> costo: 138229.9, rotte: {8: [(1, 9)], 11: [(1, 8), (8, 3), (3, 4), (4, 5)], 7: [(1, 6)], 6: [(1, 3)], 9: [(1, 4)], 10: [(1, 2), (2, 6)], 3: [(1, 7)], 2: [(1, 4)], 5: [(1, 9), (9, 4)], 4: [(1, 6)]}, padri: [3, 6, 7], figli: [], mosse: [(11, 3, 3, 4, 2), (11, 11, 8, 3, 7), (11, 9, 1, 8, 1)]
trasportoPalletDiGamma: {8: [(9, 5)], 11: [(8, 1), (3, 7), (4, 2), (5, 5)], 7: [(6, 5)], 6: [(3, 5)], 9: [(4, 9)], 10: [(2, 6), (6, 4)], 3: [(7, 3)], 2: [(4, 5)], 5: [(9, 3), (4, 2)], 4: [(6, 5)]}
itMosseLS: 29, itMosseTS: 25
time elapsed: 630.03s.


##########################################################################################
s: 1
dictSolutions[1]:
0 -> costo: 144051.49999999997, rotte: {5: [(1, 5)], 3: [(1, 2)], 10: [(1, 9), (9, 4)], 4: [(1, 3)], 9: [(1, 6)], 8: [(1, 7), (7, 3)], 6: [(1, 8), (8, 6)], 11: [(1, 4)], 7: [(1, 2), (2, 4)], 2: [(1, 3)]}, padri: [-1], figli: [1, 1, 1, 2, 2, 2], mosse: [-1]
1 -> costo: 136713.2, rotte: {5: [(1, 5)], 3: [(1, 2)], 10: [(1, 9), (9, 4)], 4: [(1, 3)], 9: [(1, 6)], 8: [(1, 3), (3, 7)], 6: [(1, 8), (8, 6)], 11: [(1, 4)], 7: [(1, 2), (2, 4)], 2: [(1, 3)]}, padri: [0, 0, 0], figli: [], mosse: [(8, 8, 1, 3, 2), (8, 8, 3, 7, 3), (8, 8, 7, 3)]
2 -> costo: 139269.5, rotte: {5: [(1, 5)], 3: [(1, 2)], 10: [(1, 9), (9, 4)], 4: [(1, 3)], 9: [(1, 6)], 8: [(1, 3)], 6: [(1, 8), (8, 6)], 11: [(1, 4)], 7: [(1, 2), (2, 7), (7, 4)], 2: [(1, 3)]}, padri: [0], figli: [3, 3, 3, 4, 4, 4], mosse: [(7, 8, 2, 7, 3)]
3 -> costo: 133423.4, rotte: {5: [(1, 5)], 3: [(1, 2)], 10: [(1, 9), (9, 4)], 4: [(1, 3)], 9: [(1, 6)], 8: [(1, 3)], 6: [(1, 8), (8, 6)], 11: [(1, 4)], 7: [(1, 2), (2, 4), (4, 7)], 2: [(1, 3)]}, padri: [2, 2, 2, 4], figli: [], mosse: [(7, 7, 2, 4, 1), (7, 7, 4, 7, 3), (7, 7, 7, 4), (7, 7, 2, 4, 1)]
4 -> costo: 136952.80000000002, rotte: {5: [(1, 5)], 3: [(1, 2)], 10: [(1, 9), (9, 4)], 4: [(1, 3)], 9: [(1, 6)], 8: [(1, 3)], 6: [(1, 8), (8, 6)], 11: [(1, 4)], 7: [(1, 4), (4, 2), (2, 7)], 2: [(1, 3)]}, padri: [2], figli: [3], mosse: [(7, 7, 1, 4, 1)]
bestSolutionIndice: 3
3 -> costo: 133423.4, rotte: {5: [(1, 5)], 3: [(1, 2)], 10: [(1, 9), (9, 4)], 4: [(1, 3)], 9: [(1, 6)], 8: [(1, 3)], 6: [(1, 8), (8, 6)], 11: [(1, 4)], 7: [(1, 2), (2, 4), (4, 7)], 2: [(1, 3)]}, padri: [2, 2, 2, 4], figli: [], mosse: [(7, 7, 2, 4, 1), (7, 7, 4, 7, 3), (7, 7, 7, 4), (7, 7, 2, 4, 1)]
trasportoPalletDiGamma: {5: [(5, 5)], 3: [(2, 5)], 10: [(9, 8), (4, 2)], 4: [(3, 5)], 9: [(6, 10)], 8: [(3, 2)], 6: [(8, 1), (6, 4)], 11: [(4, 15)], 7: [(2, 1), (4, 1), (7, 3)], 2: [(3, 5)]}
itMosseLS: 9, itMosseTS: 9
time elapsed: 209.75s.


##########################################################################################
s: 1
dictSolutions[1]:
0 -> costo: 151515.19999999995, rotte: {2: [(1, 8), (8, 3)], 4: [(1, 6)], 11: [(1, 2), (2, 9), (9, 3), (3, 4)], 6: [(1, 4)], 5: [(1, 3)], 7: [(1, 5)], 3: [(1, 9)], 8: [(1, 7), (7, 3)], 10: [(1, 6), (6, 4)], 9: [(1, 4)]}, padri: [-1], figli: [1], mosse: [-1]
1 -> costo: 140887.09999999998, rotte: {2: [(1, 8), (8, 3)], 4: [(1, 6)], 11: [(1, 2), (2, 9), (9, 3), (3, 4), (4, 7)], 6: [(1, 4)], 5: [(1, 3)], 7: [(1, 5)], 3: [(1, 9)], 8: [(1, 3)], 10: [(1, 6), (6, 4)], 9: [(1, 4)]}, padri: [0], figli: [2, 4, 6, 6, 6, 12, 12, 12], mosse: [(11, 8, 4, 7, 3)]
2 -> costo: 134815.9, rotte: {2: [(1, 8), (8, 3)], 4: [(1, 6)], 11: [(1, 9), (9, 3), (3, 2), (2, 4), (4, 7)], 6: [(1, 4)], 5: [(1, 3)], 7: [(1, 5)], 3: [(1, 9)], 8: [(1, 3)], 10: [(1, 6), (6, 4)], 9: [(1, 4)]}, padri: [1, 4, 12], figli: [3, 3, 3, 8, 8, 8], mosse: [(11, 11, 3, 2, 6), (11, 11, 3, 2, 6), (11, 11, 2, 4, 2)]
3 -> costo: 132975.09999999998, rotte: {2: [(1, 8), (8, 3)], 4: [(1, 6)], 11: [(1, 9), (9, 3), (3, 2), (2, 4), (4, 7)], 6: [(1, 4)], 5: [(1, 3)], 7: [(1, 5)], 3: [(1, 9)], 8: [(1, 3)], 10: [(1, 4), (4, 6)], 9: [(1, 4)]}, padri: [2, 2, 2, 5, 6, 7, 10], figli: [], mosse: [(10, 10, 1, 4, 1), (10, 10, 4, 6, 9), (10, 10, 6, 4), (11, 11, 3, 2, 6), (11, 11, 3, 2, 6), (11, 11, 2, 4, 2), (11, 11, 9, 3, 1)]
4 -> costo: 136210.99999999997, rotte: {2: [(1, 8), (8, 3)], 4: [(1, 6)], 11: [(1, 9), (9, 2), (2, 3), (3, 4), (4, 7)], 6: [(1, 4)], 5: [(1, 3)], 7: [(1, 5)], 3: [(1, 9)], 8: [(1, 3)], 10: [(1, 6), (6, 4)], 9: [(1, 4)]}, padri: [1], figli: [5, 5, 5, 2, 7, 7, 7], mosse: [(11, 11, 9, 2, 6)]
5 -> costo: 134370.19999999998, rotte: {2: [(1, 8), (8, 3)], 4: [(1, 6)], 11: [(1, 9), (9, 2), (2, 3), (3, 4), (4, 7)], 6: [(1, 4)], 5: [(1, 3)], 7: [(1, 5)], 3: [(1, 9)], 8: [(1, 3)], 10: [(1, 4), (4, 6)], 9: [(1, 4)]}, padri: [4, 4, 4, 6, 8, 10], figli: [3, 8], mosse: [(10, 10, 1, 4, 1), (10, 10, 4, 6, 9), (10, 10, 6, 4), (11, 11, 9, 2, 6), (11, 11, 3, 4, 2), (11, 11, 2, 3, 1)]
6 -> costo: 139046.3, rotte: {2: [(1, 8), (8, 3)], 4: [(1, 6)], 11: [(1, 2), (2, 9), (9, 3), (3, 4), (4, 7)], 6: [(1, 4)], 5: [(1, 3)], 7: [(1, 5)], 3: [(1, 9)], 8: [(1, 3)], 10: [(1, 4), (4, 6)], 9: [(1, 4)]}, padri: [1, 1, 1], figli: [3, 5, 7, 8, 9], mosse: [(10, 10, 1, 4, 1), (10, 10, 4, 6, 9), (10, 10, 6, 4)]
7 -> costo: 137322.19999999998, rotte: {2: [(1, 8), (8, 3)], 4: [(1, 6)], 11: [(1, 9), (9, 3), (3, 4), (4, 2), (2, 7)], 6: [(1, 4)], 5: [(1, 3)], 7: [(1, 5)], 3: [(1, 9)], 8: [(1, 3)], 10: [(1, 4), (4, 6)], 9: [(1, 4)]}, padri: [6], figli: [3, 8], mosse: [(11, 11, 4, 2, 6)]
8 -> costo: 137300.09999999998, rotte: {2: [(1, 8), (8, 3)], 4: [(1, 6)], 11: [(1, 9), (9, 4), (4, 2), (2, 3), (3, 7)], 6: [(1, 4)], 5: [(1, 3)], 7: [(1, 5)], 3: [(1, 9)], 8: [(1, 3)], 10: [(1, 4), (4, 6)], 9: [(1, 4)]}, padri: [7], figli: [5], mosse: [(11, 11, 2, 3, 1)]
9 -> costo: 137604.49999999997, rotte: {2: [(1, 8), (8, 3)], 4: [(1, 6)], 11: [(1, 2), (2, 3), (3, 9), (9, 4), (4, 7)], 6: [(1, 4)], 5: [(1, 3)], 7: [(1, 5)], 3: [(1, 9)], 8: [(1, 3)], 10: [(1, 4), (4, 6)], 9: [(1, 4)]}, padri: [6], figli: [10, 11], mosse: [(11, 11, 3, 9, 3)]
10 -> costo: 136943.69999999998, rotte: {2: [(1, 8), (8, 3)], 4: [(1, 6)], 11: [(1, 3), (3, 9), (9, 2), (2, 4), (4, 7)], 6: [(1, 4)], 5: [(1, 3)], 7: [(1, 5)], 3: [(1, 9)], 8: [(1, 3)], 10: [(1, 4), (4, 6)], 9: [(1, 4)]}, padri: [9, 11], figli: [3, 5], mosse: [(11, 11, 9, 2, 6), (11, 11, 9, 2, 6)]
11 -> costo: 136946.19999999998, rotte: {2: [(1, 8), (8, 3)], 4: [(1, 6)], 11: [(1, 3), (3, 2), (2, 9), (9, 4), (4, 7)], 6: [(1, 4)], 5: [(1, 3)], 7: [(1, 5)], 3: [(1, 9)], 8: [(1, 3)], 10: [(1, 4), (4, 6)], 9: [(1, 4)]}, padri: [9], figli: [10], mosse: [(11, 11, 3, 2, 6)]
12 -> costo: 139162.99999999997, rotte: {2: [(1, 8), (8, 3)], 4: [(1, 6)], 11: [(1, 9), (9, 3), (3, 4), (4, 2), (2, 7)], 6: [(1, 4)], 5: [(1, 3)], 7: [(1, 5)], 3: [(1, 9)], 8: [(1, 3)], 10: [(1, 6), (6, 4)], 9: [(1, 4)]}, padri: [1], figli: [2], mosse: [(11, 11, 4, 2, 6)]
bestSolutionIndice: 3
3 -> costo: 132975.09999999998, rotte: {2: [(1, 8), (8, 3)], 4: [(1, 6)], 11: [(1, 9), (9, 3), (3, 2), (2, 4), (4, 7)], 6: [(1, 4)], 5: [(1, 3)], 7: [(1, 5)], 3: [(1, 9)], 8: [(1, 3)], 10: [(1, 4), (4, 6)], 9: [(1, 4)]}, padri: [2, 2, 2, 5, 6, 7, 10], figli: [], mosse: [(10, 10, 1, 4, 1), (10, 10, 4, 6, 9), (10, 10, 6, 4), (11, 11, 3, 2, 6), (11, 11, 3, 2, 6), (11, 11, 2, 4, 2), (11, 11, 9, 3, 1)]
trasportoPalletDiGamma: {2: [(8, 1), (3, 4)], 4: [(6, 5)], 11: [(9, 3), (3, 1), (2, 6), (4, 2), (7, 3)], 6: [(4, 5)], 5: [(3, 5)], 7: [(5, 5)], 3: [(9, 5)], 8: [(3, 2)], 10: [(4, 1), (6, 9)], 9: [(4, 10)]}
itMosseLS: 28, itMosseTS: 25
time elapsed: 623.80s.


##########################################################################################
##########################################################################################
##########################################################################################
##########################################################################################
##########################################################################################
##########################################################################################
##########################################################################################
##########################################################################################
##########################################################################################
##########################################################################################
##########################################################################################
##########################################################################################
##########################################################################################
##########################################################################################
##########################################################################################
##########################################################################################
##########################################################################################
##########################################################################################
##########################################################################################
