itNSIMax: 10, itMosseTSMax: 20.
##########################################################################################
s: 1
dictSolutions[1]:
0 -> costo: 151118.40000000002, rotte: {7: [(1, 5)], 9: [(1, 8), (8, 2), (2, 3)], 10: [(1, 6)], 11: [(1, 4)], 3: [(1, 7), (7, 9)], 2: [(1, 3)], 4: [(1, 2)], 5: [(1, 9)], 6: [(1, 6), (6, 3)], 8: [(1, 4), (4, 9)]}, padri: [-1], figli: [1], mosse: [-1]
1 -> costo: 142108.2, rotte: {7: [(1, 5)], 9: [(1, 8), (8, 2), (2, 3)], 10: [(1, 6)], 11: [(1, 4)], 3: [(1, 9), (9, 7)], 2: [(1, 3)], 4: [(1, 2)], 5: [(1, 9)], 6: [(1, 6), (6, 3)], 8: [(1, 4), (4, 9)]}, padri: [0], figli: [2], mosse: [(3, 3, 7, 9)]
2 -> costo: 134059.7, rotte: {7: [(1, 5)], 9: [(1, 8), (8, 2), (2, 3)], 10: [(1, 6)], 11: [(1, 4)], 3: [(1, 9), (9, 7)], 2: [(1, 3)], 4: [(1, 2)], 5: [(1, 9)], 6: [(1, 6)], 8: [(1, 4), (4, 9)]}, padri: [1], figli: [3, 3, 3, 10, 10, 10], mosse: [(9, 6, 1, 3, 1)]
3 -> costo: 130025.40000000001, rotte: {7: [(1, 5)], 9: [(1, 8), (8, 2), (2, 3)], 10: [(1, 6)], 11: [(1, 4)], 3: [(1, 9), (9, 7)], 2: [(1, 3)], 4: [(1, 2)], 5: [(1, 9)], 6: [(1, 6)], 8: [(1, 9), (9, 4)]}, padri: [2, 2, 2], figli: [4, 4, 4, 5, 5, 5, 6, 9], mosse: [(8, 8, 1, 9, 1), (8, 8, 9, 4, 3), (8, 8, 4, 9)]
4 -> costo: 128282.40000000001, rotte: {7: [(1, 5)], 9: [(1, 8), (8, 3), (3, 2)], 10: [(1, 6)], 11: [(1, 4)], 3: [(1, 9), (9, 7)], 2: [(1, 3)], 4: [(1, 2)], 5: [(1, 9)], 6: [(1, 6)], 8: [(1, 9), (9, 4)]}, padri: [3, 3, 3, 5, 9, 10, 10], figli: [], mosse: [(9, 9, 8, 3, 7), (9, 9, 3, 2, 1), (9, 9, 2, 3), (9, 9, 8, 3, 7), (9, 9, 3, 2, 1), (8, 8, 1, 9, 1), (8, 8, 9, 4, 3)]
5 -> costo: 128923.90000000001, rotte: {7: [(1, 5)], 9: [(1, 3), (3, 8), (8, 2)], 10: [(1, 6)], 11: [(1, 4)], 3: [(1, 9), (9, 7)], 2: [(1, 3)], 4: [(1, 2)], 5: [(1, 9)], 6: [(1, 6)], 8: [(1, 9), (9, 4)]}, padri: [3, 6], figli: [4], mosse: [(9, 9, 1, 3, 7), (9, 9, 8, 2, 1)]
6 -> costo: 129129.40000000001, rotte: {7: [(1, 5)], 9: [(1, 2), (2, 3), (3, 8)], 10: [(1, 6)], 11: [(1, 4)], 3: [(1, 9), (9, 7)], 2: [(1, 3)], 4: [(1, 2)], 5: [(1, 9)], 6: [(1, 6)], 8: [(1, 9), (9, 4)]}, padri: [3, 9, 9, 9], figli: [7, 5], mosse: [(9, 9, 3, 8, 1), (9, 9, 8, 3), (9, 9, 2, 3, 7), (9, 9, 3, 8, 1)]
7 -> costo: 128468.60000000002, rotte: {7: [(1, 5)], 9: [(1, 3), (3, 8)], 10: [(1, 6)], 11: [(1, 4)], 3: [(1, 9), (9, 7)], 2: [(1, 3)], 4: [(1, 2)], 5: [(1, 9)], 6: [(1, 6)], 8: [(1, 9), (9, 2), (2, 4)]}, padri: [6], figli: [8, 8], mosse: [(8, 9, 9, 2, 1)]
8 -> costo: 128233.20000000001, rotte: {7: [(1, 5)], 9: [(1, 8), (8, 3)], 10: [(1, 6)], 11: [(1, 4)], 3: [(1, 9), (9, 7)], 2: [(1, 3)], 4: [(1, 2)], 5: [(1, 9)], 6: [(1, 6)], 8: [(1, 9), (9, 2), (2, 4)]}, padri: [7, 7, 9], figli: [], mosse: [(9, 9, 1, 8, 1), (9, 9, 8, 3, 7), (8, 9, 9, 2, 1)]
9 -> costo: 129535.50000000001, rotte: {7: [(1, 5)], 9: [(1, 2), (2, 8), (8, 3)], 10: [(1, 6)], 11: [(1, 4)], 3: [(1, 9), (9, 7)], 2: [(1, 3)], 4: [(1, 2)], 5: [(1, 9)], 6: [(1, 6)], 8: [(1, 9), (9, 4)]}, padri: [3], figli: [8, 4, 6, 6, 6], mosse: [(9, 9, 2, 8, 1)]
10 -> costo: 132316.7, rotte: {7: [(1, 5)], 9: [(1, 8), (8, 3), (3, 2)], 10: [(1, 6)], 11: [(1, 4)], 3: [(1, 9), (9, 7)], 2: [(1, 3)], 4: [(1, 2)], 5: [(1, 9)], 6: [(1, 6)], 8: [(1, 4), (4, 9)]}, padri: [2], figli: [4, 4], mosse: [(9, 9, 8, 3, 7)]
bestSolutionIndice: 8
8 -> costo: 128233.20000000001, rotte: {7: [(1, 5)], 9: [(1, 8), (8, 3)], 10: [(1, 6)], 11: [(1, 4)], 3: [(1, 9), (9, 7)], 2: [(1, 3)], 4: [(1, 2)], 5: [(1, 9)], 6: [(1, 6)], 8: [(1, 9), (9, 2), (2, 4)]}, padri: [7, 7, 9], figli: [], mosse: [(9, 9, 1, 8, 1), (9, 9, 8, 3, 7), (8, 9, 9, 2, 1)]
trasportoPalletDiGamma: {7: [(5, 5)], 9: [(8, 1), (3, 7)], 10: [(6, 10)], 11: [(4, 15)], 3: [(9, 2), (7, 3)], 2: [(3, 5)], 4: [(2, 5)], 5: [(9, 5)], 6: [(6, 4)], 8: [(9, 1), (2, 1), (4, 3)]}
itMosseLS: 24, itMosseTS: 20
time elapsed: 507.00s.


##########################################################################################
s: 1
dictSolutions[1]:
0 -> costo: 148322.0, rotte: {2: [(1, 5)], 6: [(1, 3)], 3: [(1, 4)], 9: [(1, 6)], 7: [(1, 7), (7, 2), (2, 6)], 10: [(1, 9), (9, 3)], 8: [(1, 2)], 11: [(1, 8), (8, 4), (4, 6)], 5: [(1, 3)], 4: [(1, 4)]}, padri: [-1], figli: [1, 5, 9, 10, 11], mosse: [-1]
1 -> costo: 141409.0, rotte: {2: [(1, 5)], 6: [(1, 3)], 3: [(1, 4)], 9: [(1, 6)], 7: [(1, 2), (2, 6)], 10: [(1, 9), (9, 3)], 8: [(1, 2)], 11: [(1, 8), (8, 4), (4, 7), (7, 6)], 5: [(1, 3)], 4: [(1, 4)]}, padri: [0, 10], figli: [2, 2, 4, 4, 12], mosse: [(11, 7, 4, 7, 3), (11, 11, 4, 7, 3)]
2 -> costo: 139367.1, rotte: {2: [(1, 5)], 6: [(1, 3)], 3: [(1, 4)], 9: [(1, 6)], 7: [(1, 2), (2, 6)], 10: [(1, 9), (9, 3)], 8: [(1, 2)], 11: [(1, 8), (8, 4), (4, 6), (6, 7)], 5: [(1, 3)], 4: [(1, 4)]}, padri: [1, 1, 10], figli: [3, 13], mosse: [(11, 11, 4, 6, 3), (11, 11, 6, 7, 3), (11, 11, 6, 7, 3)]
3 -> costo: 138549.4, rotte: {2: [(1, 5)], 6: [(1, 3)], 3: [(1, 4)], 9: [(1, 6)], 7: [(1, 8), (8, 2), (2, 6)], 10: [(1, 9), (9, 3)], 8: [(1, 2)], 11: [(1, 4), (4, 6), (6, 7)], 5: [(1, 3)], 4: [(1, 4)]}, padri: [2, 4, 4, 11, 12, 13], figli: [], mosse: [(7, 11, 1, 8, 1), (11, 11, 4, 6, 3), (11, 11, 6, 7, 3), (11, 11, 6, 7, 3), (11, 11, 1, 4, 8), (11, 11, 4, 6, 3)]
4 -> costo: 140591.3, rotte: {2: [(1, 5)], 6: [(1, 3)], 3: [(1, 4)], 9: [(1, 6)], 7: [(1, 8), (8, 2), (2, 6)], 10: [(1, 9), (9, 3)], 8: [(1, 2)], 11: [(1, 4), (4, 7), (7, 6)], 5: [(1, 3)], 4: [(1, 4)]}, padri: [1, 11, 13], figli: [3, 3, 13, 13], mosse: [(7, 11, 1, 8, 1), (11, 11, 4, 7, 3), (11, 11, 7, 6, 3)]
5 -> costo: 141493.8, rotte: {2: [(1, 5)], 6: [(1, 3)], 3: [(1, 4)], 9: [(1, 6)], 7: [(1, 2), (2, 7), (7, 6)], 10: [(1, 9), (9, 3)], 8: [(1, 2)], 11: [(1, 8), (8, 4), (4, 6)], 5: [(1, 3)], 4: [(1, 4)]}, padri: [0], figli: [6, 8], mosse: [(7, 7, 2, 7, 3)]
6 -> costo: 139367.1, rotte: {2: [(1, 5)], 6: [(1, 3)], 3: [(1, 4)], 9: [(1, 6)], 7: [(1, 2), (2, 6), (6, 7)], 10: [(1, 9), (9, 3)], 8: [(1, 2)], 11: [(1, 8), (8, 4), (4, 6)], 5: [(1, 3)], 4: [(1, 4)]}, padri: [5], figli: [7], mosse: [(7, 7, 7, 6)]
7 -> costo: 136687.6, rotte: {2: [(1, 5)], 6: [(1, 3)], 3: [(1, 4)], 9: [(1, 6)], 7: [(1, 6), (6, 7)], 10: [(1, 9), (9, 3)], 8: [(1, 2)], 11: [(1, 8), (8, 2), (2, 4), (4, 6)], 5: [(1, 3)], 4: [(1, 4)]}, padri: [6, 8, 8], figli: [], mosse: [(11, 7, 8, 2, 1), (7, 7, 1, 6, 1), (7, 7, 6, 7, 3)]
8 -> costo: 139811.4, rotte: {2: [(1, 5)], 6: [(1, 3)], 3: [(1, 4)], 9: [(1, 6)], 7: [(1, 7), (7, 6)], 10: [(1, 9), (9, 3)], 8: [(1, 2)], 11: [(1, 8), (8, 2), (2, 4), (4, 6)], 5: [(1, 3)], 4: [(1, 4)]}, padri: [5], figli: [7, 7], mosse: [(11, 7, 8, 2, 1)]
9 -> costo: 145054.30000000002, rotte: {2: [(1, 5)], 6: [(1, 3)], 3: [(1, 4)], 9: [(1, 6)], 7: [(1, 6), (6, 7), (7, 2)], 10: [(1, 9), (9, 3)], 8: [(1, 2)], 11: [(1, 8), (8, 4), (4, 6)], 5: [(1, 3)], 4: [(1, 4)]}, padri: [0], figli: [], mosse: [(7, 7, 1, 6, 1)]
10 -> costo: 145660.4, rotte: {2: [(1, 5)], 6: [(1, 3)], 3: [(1, 4)], 9: [(1, 6)], 7: [(1, 2), (2, 6)], 10: [(1, 9), (9, 3)], 8: [(1, 2)], 11: [(1, 8), (8, 7), (7, 4), (4, 6)], 5: [(1, 3)], 4: [(1, 4)]}, padri: [0], figli: [2, 1, 11], mosse: [(11, 7, 8, 7, 3)]
11 -> costo: 143978.0, rotte: {2: [(1, 5)], 6: [(1, 3)], 3: [(1, 4)], 9: [(1, 6)], 7: [(1, 8), (8, 2), (2, 6)], 10: [(1, 9), (9, 3)], 8: [(1, 2)], 11: [(1, 7), (7, 4), (4, 6)], 5: [(1, 3)], 4: [(1, 4)]}, padri: [10], figli: [3, 4, 12, 13], mosse: [(7, 11, 1, 8, 1)]
12 -> costo: 142448.9, rotte: {2: [(1, 5)], 6: [(1, 3)], 3: [(1, 4)], 9: [(1, 6)], 7: [(1, 8), (8, 2), (2, 6)], 10: [(1, 9), (9, 3)], 8: [(1, 2)], 11: [(1, 6), (6, 7), (7, 4)], 5: [(1, 3)], 4: [(1, 4)]}, padri: [11], figli: [3, 13], mosse: [(11, 11, 1, 6, 3)]
13 -> costo: 140837.4, rotte: {2: [(1, 5)], 6: [(1, 3)], 3: [(1, 4)], 9: [(1, 6)], 7: [(1, 8), (8, 2), (2, 6)], 10: [(1, 9), (9, 3)], 8: [(1, 2)], 11: [(1, 6), (6, 4), (4, 7)], 5: [(1, 3)], 4: [(1, 4)]}, padri: [12], figli: [3, 4], mosse: [(11, 11, 6, 4, 8)]
bestSolutionIndice: 7
7 -> costo: 136687.6, rotte: {2: [(1, 5)], 6: [(1, 3)], 3: [(1, 4)], 9: [(1, 6)], 7: [(1, 6), (6, 7)], 10: [(1, 9), (9, 3)], 8: [(1, 2)], 11: [(1, 8), (8, 2), (2, 4), (4, 6)], 5: [(1, 3)], 4: [(1, 4)]}, padri: [6, 8, 8], figli: [], mosse: [(11, 7, 8, 2, 1), (7, 7, 1, 6, 1), (7, 7, 6, 7, 3)]
trasportoPalletDiGamma: {2: [(5, 5)], 6: [(3, 5)], 3: [(4, 5)], 9: [(6, 10)], 7: [(6, 1), (7, 3)], 10: [(9, 8), (3, 2)], 8: [(2, 5)], 11: [(8, 1), (2, 1), (4, 8), (6, 3)], 5: [(3, 5)], 4: [(4, 5)]}
itMosseLS: 25, itMosseTS: 20
time elapsed: 623.72s.


##########################################################################################
s: 1
dictSolutions[1]:
0 -> costo: 142672.69999999998, rotte: {10: [(1, 5), (5, 6)], 4: [(1, 4)], 5: [(1, 2)], 8: [(1, 6)], 11: [(1, 9), (9, 3)], 7: [(1, 3)], 6: [(1, 7), (7, 4)], 2: [(1, 8), (8, 6)], 3: [(1, 4)], 9: [(1, 2), (2, 4)]}, padri: [-1], figli: [1, 3, 3, 3], mosse: [-1]
1 -> costo: 137691.3, rotte: {10: [(1, 5), (5, 6)], 4: [(1, 4)], 5: [(1, 2)], 8: [(1, 6)], 11: [(1, 9), (9, 3)], 7: [(1, 3)], 6: [(1, 4), (4, 7)], 2: [(1, 8), (8, 6)], 3: [(1, 4)], 9: [(1, 2), (2, 4)]}, padri: [0], figli: [2, 2, 2], mosse: [(6, 6, 7, 4)]
2 -> costo: 137494.59999999998, rotte: {10: [(1, 6), (6, 5)], 4: [(1, 4)], 5: [(1, 2)], 8: [(1, 6)], 11: [(1, 9), (9, 3)], 7: [(1, 3)], 6: [(1, 4), (4, 7)], 2: [(1, 8), (8, 6)], 3: [(1, 4)], 9: [(1, 2), (2, 4)]}, padri: [1, 1, 1, 3], figli: [], mosse: [(10, 10, 1, 6, 5), (10, 10, 6, 5, 5), (10, 10, 5, 6), (6, 6, 7, 4)]
3 -> costo: 142476.0, rotte: {10: [(1, 6), (6, 5)], 4: [(1, 4)], 5: [(1, 2)], 8: [(1, 6)], 11: [(1, 9), (9, 3)], 7: [(1, 3)], 6: [(1, 7), (7, 4)], 2: [(1, 8), (8, 6)], 3: [(1, 4)], 9: [(1, 2), (2, 4)]}, padri: [0, 0, 0], figli: [2], mosse: [(10, 10, 1, 6, 5), (10, 10, 6, 5, 5), (10, 10, 5, 6)]
bestSolutionIndice: 2
2 -> costo: 137494.59999999998, rotte: {10: [(1, 6), (6, 5)], 4: [(1, 4)], 5: [(1, 2)], 8: [(1, 6)], 11: [(1, 9), (9, 3)], 7: [(1, 3)], 6: [(1, 4), (4, 7)], 2: [(1, 8), (8, 6)], 3: [(1, 4)], 9: [(1, 2), (2, 4)]}, padri: [1, 1, 1, 3], figli: [], mosse: [(10, 10, 1, 6, 5), (10, 10, 6, 5, 5), (10, 10, 5, 6), (6, 6, 7, 4)]
trasportoPalletDiGamma: {10: [(6, 5), (5, 5)], 4: [(4, 5)], 5: [(2, 5)], 8: [(6, 5)], 11: [(9, 8), (3, 7)], 7: [(3, 5)], 6: [(4, 2), (7, 3)], 2: [(8, 1), (6, 4)], 3: [(4, 5)], 9: [(2, 1), (4, 6)]}
itMosseLS: 8, itMosseTS: 8
time elapsed: 213.26s.


##########################################################################################
s: 1
dictSolutions[1]:
0 -> costo: 146222.09999999998, rotte: {7: [(1, 5)], 5: [(1, 4)], 2: [(1, 7), (7, 4)], 6: [(1, 8), (8, 3)], 10: [(1, 9), (9, 4)], 9: [(1, 6)], 11: [(1, 2), (2, 3), (3, 4)], 3: [(1, 3)], 8: [(1, 4)], 4: [(1, 6), (6, 4)]}, padri: [-1], figli: [1, 5, 7, 7, 7], mosse: [-1]
1 -> costo: 141240.69999999998, rotte: {7: [(1, 5)], 5: [(1, 4)], 2: [(1, 4), (4, 7)], 6: [(1, 8), (8, 3)], 10: [(1, 9), (9, 4)], 9: [(1, 6)], 11: [(1, 2), (2, 3), (3, 4)], 3: [(1, 3)], 8: [(1, 4)], 4: [(1, 6), (6, 4)]}, padri: [0], figli: [2, 4, 4, 4, 6], mosse: [(2, 2, 7, 4)]
2 -> costo: 139162.69999999998, rotte: {7: [(1, 5)], 5: [(1, 4)], 2: [(1, 4), (4, 7)], 6: [(1, 8), (8, 3)], 10: [(1, 9), (9, 4)], 9: [(1, 6)], 11: [(1, 3), (3, 2), (2, 4)], 3: [(1, 3)], 8: [(1, 4)], 4: [(1, 6), (6, 4)]}, padri: [1, 5], figli: [3, 3, 3], mosse: [(11, 11, 3, 2, 6), (2, 2, 7, 4)]
3 -> costo: 137321.9, rotte: {7: [(1, 5)], 5: [(1, 4)], 2: [(1, 4), (4, 7)], 6: [(1, 8), (8, 3)], 10: [(1, 9), (9, 4)], 9: [(1, 6)], 11: [(1, 3), (3, 2), (2, 4)], 3: [(1, 3)], 8: [(1, 4)], 4: [(1, 4), (4, 6)]}, padri: [2, 2, 2, 4, 6], figli: [], mosse: [(4, 4, 1, 4, 1), (4, 4, 4, 6, 4), (4, 4, 6, 4), (11, 11, 3, 2, 6), (2, 2, 7, 4)]
4 -> costo: 139399.9, rotte: {7: [(1, 5)], 5: [(1, 4)], 2: [(1, 4), (4, 7)], 6: [(1, 8), (8, 3)], 10: [(1, 9), (9, 4)], 9: [(1, 6)], 11: [(1, 2), (2, 3), (3, 4)], 3: [(1, 3)], 8: [(1, 4)], 4: [(1, 4), (4, 6)]}, padri: [1, 1, 1, 7], figli: [3], mosse: [(4, 4, 1, 4, 1), (4, 4, 4, 6, 4), (4, 4, 6, 4), (2, 2, 7, 4)]
5 -> costo: 144144.09999999998, rotte: {7: [(1, 5)], 5: [(1, 4)], 2: [(1, 7), (7, 4)], 6: [(1, 8), (8, 3)], 10: [(1, 9), (9, 4)], 9: [(1, 6)], 11: [(1, 3), (3, 2), (2, 4)], 3: [(1, 3)], 8: [(1, 4)], 4: [(1, 6), (6, 4)]}, padri: [0], figli: [2, 6, 6, 6], mosse: [(11, 11, 3, 2, 6)]
6 -> costo: 142303.3, rotte: {7: [(1, 5)], 5: [(1, 4)], 2: [(1, 7), (7, 4)], 6: [(1, 8), (8, 3)], 10: [(1, 9), (9, 4)], 9: [(1, 6)], 11: [(1, 3), (3, 2), (2, 4)], 3: [(1, 3)], 8: [(1, 4)], 4: [(1, 4), (4, 6)]}, padri: [5, 5, 5, 7], figli: [3], mosse: [(4, 4, 1, 4, 1), (4, 4, 4, 6, 4), (4, 4, 6, 4), (11, 11, 3, 2, 6)]
7 -> costo: 144381.3, rotte: {7: [(1, 5)], 5: [(1, 4)], 2: [(1, 7), (7, 4)], 6: [(1, 8), (8, 3)], 10: [(1, 9), (9, 4)], 9: [(1, 6)], 11: [(1, 2), (2, 3), (3, 4)], 3: [(1, 3)], 8: [(1, 4)], 4: [(1, 4), (4, 6)]}, padri: [0, 0, 0], figli: [4, 6], mosse: [(4, 4, 1, 4, 1), (4, 4, 4, 6, 4), (4, 4, 6, 4)]
bestSolutionIndice: 3
3 -> costo: 137321.9, rotte: {7: [(1, 5)], 5: [(1, 4)], 2: [(1, 4), (4, 7)], 6: [(1, 8), (8, 3)], 10: [(1, 9), (9, 4)], 9: [(1, 6)], 11: [(1, 3), (3, 2), (2, 4)], 3: [(1, 3)], 8: [(1, 4)], 4: [(1, 4), (4, 6)]}, padri: [2, 2, 2, 4, 6], figli: [], mosse: [(4, 4, 1, 4, 1), (4, 4, 4, 6, 4), (4, 4, 6, 4), (11, 11, 3, 2, 6), (2, 2, 7, 4)]
trasportoPalletDiGamma: {7: [(5, 5)], 5: [(4, 5)], 2: [(4, 2), (7, 3)], 6: [(8, 1), (3, 4)], 10: [(9, 8), (4, 2)], 9: [(6, 10)], 11: [(3, 3), (2, 6), (4, 3)], 3: [(3, 5)], 8: [(4, 5)], 4: [(4, 1), (6, 4)]}
itMosseLS: 20, itMosseTS: 20
time elapsed: 507.38s.


##########################################################################################
s: 1
dictSolutions[1]:
0 -> costo: 154310.6, rotte: {2: [(1, 7), (7, 9)], 3: [(1, 8), (8, 6)], 11: [(1, 3), (3, 4)], 7: [(1, 6)], 6: [(1, 4)], 10: [(1, 2), (2, 9)], 8: [(1, 9)], 9: [(1, 5), (5, 4)], 5: [(1, 6)], 4: [(1, 4)]}, padri: [-1], figli: [1], mosse: [-1]
1 -> costo: 144018.9, rotte: {2: [(1, 7)], 3: [(1, 8), (8, 6)], 11: [(1, 3), (3, 4)], 7: [(1, 6)], 6: [(1, 4)], 10: [(1, 2), (2, 9)], 8: [(1, 9)], 9: [(1, 5), (5, 4)], 5: [(1, 6)], 4: [(1, 4)]}, padri: [0], figli: [2, 6], mosse: [(10, 2, 1, 9, 2)]
2 -> costo: 141647.6, rotte: {2: [(1, 7)], 3: [(1, 6)], 11: [(1, 3), (3, 4)], 7: [(1, 6)], 6: [(1, 4)], 10: [(1, 8), (8, 2), (2, 9)], 8: [(1, 9)], 9: [(1, 5), (5, 4)], 5: [(1, 6)], 4: [(1, 4)]}, padri: [1], figli: [3, 3, 3, 5, 5, 5], mosse: [(10, 3, 1, 8, 1)]
3 -> costo: 139607.2, rotte: {2: [(1, 7)], 3: [(1, 6)], 11: [(1, 3), (3, 4)], 7: [(1, 6)], 6: [(1, 4)], 10: [(1, 8), (8, 2), (2, 9)], 8: [(1, 9)], 9: [(1, 4), (4, 5)], 5: [(1, 6)], 4: [(1, 4)]}, padri: [2, 2, 2], figli: [4, 8], mosse: [(9, 9, 5, 4), (9, 9, 1, 4, 5), (9, 9, 4, 5, 5)]
4 -> costo: 137978.6, rotte: {2: [(1, 7)], 3: [(1, 6)], 11: [(1, 3), (3, 4)], 7: [(1, 6)], 6: [(1, 4)], 10: [(1, 9), (9, 8), (8, 2)], 8: [(1, 9)], 9: [(1, 4), (4, 5)], 5: [(1, 6)], 4: [(1, 4)]}, padri: [3, 5, 5, 5, 7, 8, 8, 8, 9], figli: [], mosse: [(10, 10, 1, 9, 3), (9, 9, 5, 4), (9, 9, 1, 4, 5), (9, 9, 4, 5, 5), (10, 3, 9, 8, 1), (10, 10, 2, 8), (10, 10, 9, 8, 1), (10, 10, 8, 2, 6), (10, 2, 9, 8, 1)]
5 -> costo: 140019.0, rotte: {2: [(1, 7)], 3: [(1, 6)], 11: [(1, 3), (3, 4)], 7: [(1, 6)], 6: [(1, 4)], 10: [(1, 9), (9, 8), (8, 2)], 8: [(1, 9)], 9: [(1, 5), (5, 4)], 5: [(1, 6)], 4: [(1, 4)]}, padri: [2, 6], figli: [4, 4, 4, 8, 8, 8], mosse: [(10, 10, 1, 9, 3), (10, 3, 9, 8, 1)]
6 -> costo: 141685.3, rotte: {2: [(1, 7)], 3: [(1, 8), (8, 6)], 11: [(1, 3), (3, 4)], 7: [(1, 6)], 6: [(1, 4)], 10: [(1, 9), (9, 2)], 8: [(1, 9)], 9: [(1, 5), (5, 4)], 5: [(1, 6)], 4: [(1, 4)]}, padri: [1], figli: [7, 7, 7, 5], mosse: [(10, 10, 1, 9, 3)]
7 -> costo: 139644.9, rotte: {2: [(1, 7)], 3: [(1, 8), (8, 6)], 11: [(1, 3), (3, 4)], 7: [(1, 6)], 6: [(1, 4)], 10: [(1, 9), (9, 2)], 8: [(1, 9)], 9: [(1, 4), (4, 5)], 5: [(1, 6)], 4: [(1, 4)]}, padri: [6, 6, 6], figli: [4, 8, 9], mosse: [(9, 9, 5, 4), (9, 9, 1, 4, 5), (9, 9, 4, 5, 5)]
8 -> costo: 138120.6, rotte: {2: [(1, 7)], 3: [(1, 6)], 11: [(1, 3), (3, 4)], 7: [(1, 6)], 6: [(1, 4)], 10: [(1, 9), (9, 2), (2, 8)], 8: [(1, 9)], 9: [(1, 4), (4, 5)], 5: [(1, 6)], 4: [(1, 4)]}, padri: [7, 9], figli: [4, 4, 4], mosse: [(10, 3, 2, 8, 1), (10, 2, 2, 8, 1)]
9 -> costo: 138956.0, rotte: {2: [(1, 8), (8, 7)], 3: [(1, 6)], 11: [(1, 3), (3, 4)], 7: [(1, 6)], 6: [(1, 4)], 10: [(1, 9), (9, 2)], 8: [(1, 9)], 9: [(1, 4), (4, 5)], 5: [(1, 6)], 4: [(1, 4)]}, padri: [7], figli: [4, 8], mosse: [(2, 3, 1, 8, 1)]
bestSolutionIndice: 4
4 -> costo: 137978.6, rotte: {2: [(1, 7)], 3: [(1, 6)], 11: [(1, 3), (3, 4)], 7: [(1, 6)], 6: [(1, 4)], 10: [(1, 9), (9, 8), (8, 2)], 8: [(1, 9)], 9: [(1, 4), (4, 5)], 5: [(1, 6)], 4: [(1, 4)]}, padri: [3, 5, 5, 5, 7, 8, 8, 8, 9], figli: [], mosse: [(10, 10, 1, 9, 3), (9, 9, 5, 4), (9, 9, 1, 4, 5), (9, 9, 4, 5, 5), (10, 3, 9, 8, 1), (10, 10, 2, 8), (10, 10, 9, 8, 1), (10, 10, 8, 2, 6), (10, 2, 9, 8, 1)]
trasportoPalletDiGamma: {2: [(7, 3)], 3: [(6, 4)], 11: [(3, 12), (4, 3)], 7: [(6, 5)], 6: [(4, 5)], 10: [(9, 3), (8, 1), (2, 6)], 8: [(9, 5)], 9: [(4, 5), (5, 5)], 5: [(6, 5)], 4: [(4, 5)]}
itMosseLS: 23, itMosseTS: 20
time elapsed: 528.81s.


##########################################################################################
s: 1
dictSolutions[1]:
0 -> costo: 139989.5, rotte: {10: [(1, 7), (7, 6), (6, 4)], 5: [(1, 3)], 11: [(1, 2), (2, 9), (9, 4)], 2: [(1, 8), (8, 3)], 3: [(1, 4)], 9: [(1, 6)], 8: [(1, 5)], 7: [(1, 9)], 4: [(1, 3)], 6: [(1, 4)]}, padri: [-1], figli: [1, 6], mosse: [-1]
1 -> costo: 135335.5, rotte: {10: [(1, 7), (7, 6), (6, 4)], 5: [(1, 3)], 11: [(1, 9), (9, 2), (2, 4)], 2: [(1, 8), (8, 3)], 3: [(1, 4)], 9: [(1, 6)], 8: [(1, 5)], 7: [(1, 9)], 4: [(1, 3)], 6: [(1, 4)]}, padri: [0], figli: [2, 4, 5], mosse: [(11, 11, 9, 2, 6)]
2 -> costo: 132412.8, rotte: {10: [(1, 4), (4, 7), (7, 6)], 5: [(1, 3)], 11: [(1, 9), (9, 2), (2, 4)], 2: [(1, 8), (8, 3)], 3: [(1, 4)], 9: [(1, 6)], 8: [(1, 5)], 7: [(1, 9)], 4: [(1, 3)], 6: [(1, 4)]}, padri: [1, 4, 7, 7, 7], figli: [3, 3], mosse: [(10, 10, 1, 4, 3), (10, 10, 7, 6, 4), (11, 11, 4, 2), (11, 11, 9, 2, 6), (11, 11, 2, 4, 5)]
3 -> costo: 130370.9, rotte: {10: [(1, 4), (4, 6), (6, 7)], 5: [(1, 3)], 11: [(1, 9), (9, 2), (2, 4)], 2: [(1, 8), (8, 3)], 3: [(1, 4)], 9: [(1, 6)], 8: [(1, 5)], 7: [(1, 9)], 4: [(1, 3)], 6: [(1, 4)]}, padri: [2, 2, 4, 5, 8, 8, 8], figli: [], mosse: [(10, 10, 4, 6, 4), (10, 10, 6, 7, 3), (10, 10, 4, 6, 4), (10, 10, 1, 4, 3), (11, 11, 4, 2), (11, 11, 9, 2, 6), (11, 11, 2, 4, 5)]
4 -> costo: 132658.9, rotte: {10: [(1, 6), (6, 4), (4, 7)], 5: [(1, 3)], 11: [(1, 9), (9, 2), (2, 4)], 2: [(1, 8), (8, 3)], 3: [(1, 4)], 9: [(1, 6)], 8: [(1, 5)], 7: [(1, 9)], 4: [(1, 3)], 6: [(1, 4)]}, padri: [1, 5, 5, 5], figli: [3, 2], mosse: [(10, 10, 4, 7, 3), (10, 10, 6, 4, 3), (10, 10, 4, 7, 3), (10, 10, 7, 4)]
5 -> costo: 134270.4, rotte: {10: [(1, 6), (6, 7), (7, 4)], 5: [(1, 3)], 11: [(1, 9), (9, 2), (2, 4)], 2: [(1, 8), (8, 3)], 3: [(1, 4)], 9: [(1, 6)], 8: [(1, 5)], 7: [(1, 9)], 4: [(1, 3)], 6: [(1, 4)]}, padri: [1], figli: [3, 4, 4, 4], mosse: [(10, 10, 6, 7, 3)]
6 -> costo: 136442.0, rotte: {10: [(1, 7), (7, 6), (6, 4)], 5: [(1, 3)], 11: [(1, 9), (9, 4), (4, 2)], 2: [(1, 8), (8, 3)], 3: [(1, 4)], 9: [(1, 6)], 8: [(1, 5)], 7: [(1, 9)], 4: [(1, 3)], 6: [(1, 4)]}, padri: [0], figli: [7], mosse: [(11, 11, 4, 2, 6)]
7 -> costo: 133519.3, rotte: {10: [(1, 4), (4, 7), (7, 6)], 5: [(1, 3)], 11: [(1, 9), (9, 4), (4, 2)], 2: [(1, 8), (8, 3)], 3: [(1, 4)], 9: [(1, 6)], 8: [(1, 5)], 7: [(1, 9)], 4: [(1, 3)], 6: [(1, 4)]}, padri: [6], figli: [8, 8, 2, 2, 2], mosse: [(10, 10, 1, 4, 3)]
8 -> costo: 131477.4, rotte: {10: [(1, 4), (4, 6), (6, 7)], 5: [(1, 3)], 11: [(1, 9), (9, 4), (4, 2)], 2: [(1, 8), (8, 3)], 3: [(1, 4)], 9: [(1, 6)], 8: [(1, 5)], 7: [(1, 9)], 4: [(1, 3)], 6: [(1, 4)]}, padri: [7, 7], figli: [3, 3, 3], mosse: [(10, 10, 4, 6, 4), (10, 10, 6, 7, 3)]
bestSolutionIndice: 3
3 -> costo: 130370.9, rotte: {10: [(1, 4), (4, 6), (6, 7)], 5: [(1, 3)], 11: [(1, 9), (9, 2), (2, 4)], 2: [(1, 8), (8, 3)], 3: [(1, 4)], 9: [(1, 6)], 8: [(1, 5)], 7: [(1, 9)], 4: [(1, 3)], 6: [(1, 4)]}, padri: [2, 2, 4, 5, 8, 8, 8], figli: [], mosse: [(10, 10, 4, 6, 4), (10, 10, 6, 7, 3), (10, 10, 4, 6, 4), (10, 10, 1, 4, 3), (11, 11, 4, 2), (11, 11, 9, 2, 6), (11, 11, 2, 4, 5)]
trasportoPalletDiGamma: {10: [(4, 3), (6, 4), (7, 3)], 5: [(3, 5)], 11: [(9, 3), (2, 6), (4, 5)], 2: [(8, 1), (3, 2)], 3: [(4, 5)], 9: [(6, 10)], 8: [(5, 5)], 7: [(9, 5)], 4: [(3, 5)], 6: [(4, 5)]}
itMosseLS: 22, itMosseTS: 20
time elapsed: 491.62s.


##########################################################################################
s: 1
dictSolutions[1]:
0 -> costo: 142308.69999999998, rotte: {11: [(1, 6), (6, 3)], 3: [(1, 4)], 6: [(1, 5)], 5: [(1, 8), (8, 3)], 4: [(1, 7), (7, 4)], 8: [(1, 2)], 7: [(1, 3)], 9: [(1, 9), (9, 3)], 2: [(1, 4)], 10: [(1, 2), (2, 4)]}, padri: [-1], figli: [1, 4, 4], mosse: [-1]
1 -> costo: 137327.3, rotte: {11: [(1, 6), (6, 3)], 3: [(1, 4)], 6: [(1, 5)], 5: [(1, 8), (8, 3)], 4: [(1, 4), (4, 7)], 8: [(1, 2)], 7: [(1, 3)], 9: [(1, 9), (9, 3)], 2: [(1, 4)], 10: [(1, 2), (2, 4)]}, padri: [0], figli: [2, 2, 5, 5], mosse: [(4, 4, 7, 4)]
2 -> costo: 133124.19999999998, rotte: {11: [(1, 3), (3, 6)], 3: [(1, 4)], 6: [(1, 5)], 5: [(1, 8), (8, 3)], 4: [(1, 4), (4, 7)], 8: [(1, 2)], 7: [(1, 3)], 9: [(1, 9), (9, 3)], 2: [(1, 4)], 10: [(1, 2), (2, 4)]}, padri: [1, 1, 4], figli: [3], mosse: [(11, 11, 1, 3, 1), (11, 11, 3, 6, 14), (4, 4, 7, 4)]
3 -> costo: 132830.9, rotte: {11: [(1, 6)], 3: [(1, 4)], 6: [(1, 5)], 5: [(1, 8), (8, 3)], 4: [(1, 4), (4, 7)], 8: [(1, 2)], 7: [(1, 3)], 9: [(1, 9), (9, 3)], 2: [(1, 4)], 10: [(1, 2), (2, 3), (3, 4)]}, padri: [2, 5], figli: [], mosse: [(10, 11, 2, 3, 1), (4, 4, 7, 4)]
4 -> costo: 138105.59999999998, rotte: {11: [(1, 3), (3, 6)], 3: [(1, 4)], 6: [(1, 5)], 5: [(1, 8), (8, 3)], 4: [(1, 7), (7, 4)], 8: [(1, 2)], 7: [(1, 3)], 9: [(1, 9), (9, 3)], 2: [(1, 4)], 10: [(1, 2), (2, 4)]}, padri: [0, 0], figli: [2, 5], mosse: [(11, 11, 1, 3, 1), (11, 11, 3, 6, 14)]
5 -> costo: 137812.30000000002, rotte: {11: [(1, 6)], 3: [(1, 4)], 6: [(1, 5)], 5: [(1, 8), (8, 3)], 4: [(1, 7), (7, 4)], 8: [(1, 2)], 7: [(1, 3)], 9: [(1, 9), (9, 3)], 2: [(1, 4)], 10: [(1, 2), (2, 3), (3, 4)]}, padri: [4], figli: [3], mosse: [(10, 11, 2, 3, 1)]
bestSolutionIndice: 3
3 -> costo: 132830.9, rotte: {11: [(1, 6)], 3: [(1, 4)], 6: [(1, 5)], 5: [(1, 8), (8, 3)], 4: [(1, 4), (4, 7)], 8: [(1, 2)], 7: [(1, 3)], 9: [(1, 9), (9, 3)], 2: [(1, 4)], 10: [(1, 2), (2, 3), (3, 4)]}, padri: [2, 5], figli: [], mosse: [(10, 11, 2, 3, 1), (4, 4, 7, 4)]
trasportoPalletDiGamma: {11: [(6, 14)], 3: [(4, 5)], 6: [(5, 5)], 5: [(8, 1), (3, 4)], 4: [(4, 2), (7, 3)], 8: [(2, 5)], 7: [(3, 5)], 9: [(9, 8), (3, 2)], 2: [(4, 5)], 10: [(2, 1), (3, 1), (4, 6)]}
itMosseLS: 9, itMosseTS: 9
time elapsed: 240.04s.


##########################################################################################
s: 1
dictSolutions[1]:
0 -> costo: 148896.09999999998, rotte: {7: [(1, 7), (7, 6)], 2: [(1, 3)], 3: [(1, 2)], 5: [(1, 6)], 11: [(1, 5), (5, 4)], 8: [(1, 4)], 9: [(1, 9), (9, 3)], 6: [(1, 8), (8, 6)], 4: [(1, 3)], 10: [(1, 2), (2, 4), (4, 6)]}, padri: [-1], figli: [1, 1, 3, 3, 3, 3, 7, 7, 7], mosse: [-1]
1 -> costo: 145772.29999999996, rotte: {7: [(1, 6), (6, 7)], 2: [(1, 3)], 3: [(1, 2)], 5: [(1, 6)], 11: [(1, 5), (5, 4)], 8: [(1, 4)], 9: [(1, 9), (9, 3)], 6: [(1, 8), (8, 6)], 4: [(1, 3)], 10: [(1, 2), (2, 4), (4, 6)]}, padri: [0, 0], figli: [2, 2, 2, 4, 4, 4], mosse: [(7, 7, 1, 6, 2), (7, 7, 6, 7, 3)]
2 -> costo: 143731.89999999997, rotte: {7: [(1, 6), (6, 7)], 2: [(1, 3)], 3: [(1, 2)], 5: [(1, 6)], 11: [(1, 4), (4, 5)], 8: [(1, 4)], 9: [(1, 9), (9, 3)], 6: [(1, 8), (8, 6)], 4: [(1, 3)], 10: [(1, 2), (2, 4), (4, 6)]}, padri: [1, 1, 1, 3, 3], figli: [], mosse: [(11, 11, 5, 4), (11, 11, 1, 4, 10), (11, 11, 4, 5, 5), (7, 7, 1, 6, 2), (7, 7, 6, 7, 3)]
3 -> costo: 146855.69999999998, rotte: {7: [(1, 7), (7, 6)], 2: [(1, 3)], 3: [(1, 2)], 5: [(1, 6)], 11: [(1, 4), (4, 5)], 8: [(1, 4)], 9: [(1, 9), (9, 3)], 6: [(1, 8), (8, 6)], 4: [(1, 3)], 10: [(1, 2), (2, 4), (4, 6)]}, padri: [0, 0, 0], figli: [2, 2, 4, 4], mosse: [(11, 11, 5, 4), (11, 11, 1, 4, 10), (11, 11, 4, 5, 5)]
4 -> costo: 145773.80000000002, rotte: {7: [(1, 6)], 2: [(1, 3)], 3: [(1, 2)], 5: [(1, 6)], 11: [(1, 4), (4, 5)], 8: [(1, 4)], 9: [(1, 9), (9, 3)], 6: [(1, 8), (8, 6)], 4: [(1, 3)], 10: [(1, 2), (2, 4), (4, 7), (7, 6)]}, padri: [3], figli: [5, 6, 6], mosse: [(10, 7, 4, 7, 3)]
5 -> costo: 139378.80000000002, rotte: {7: [(1, 6)], 2: [(1, 3)], 3: [(1, 2)], 5: [(1, 6)], 11: [(1, 4), (4, 5)], 8: [(1, 4)], 9: [(1, 9), (9, 3)], 6: [(1, 8), (8, 6)], 4: [(1, 3)], 10: [(1, 2), (2, 4), (4, 7)]}, padri: [4, 6, 8, 8, 8], figli: [], mosse: [(7, 10, 1, 6, 3), (7, 10, 1, 6, 3), (11, 11, 5, 4), (11, 11, 1, 4, 10), (11, 11, 4, 5, 5)]
6 -> costo: 143731.90000000002, rotte: {7: [(1, 6)], 2: [(1, 3)], 3: [(1, 2)], 5: [(1, 6)], 11: [(1, 4), (4, 5)], 8: [(1, 4)], 9: [(1, 9), (9, 3)], 6: [(1, 8), (8, 6)], 4: [(1, 3)], 10: [(1, 2), (2, 4), (4, 6), (6, 7)]}, padri: [4, 4], figli: [5], mosse: [(10, 10, 4, 6, 3), (10, 10, 6, 7, 3)]
7 -> costo: 147814.19999999998, rotte: {7: [(1, 6)], 2: [(1, 3)], 3: [(1, 2)], 5: [(1, 6)], 11: [(1, 5), (5, 4)], 8: [(1, 4)], 9: [(1, 9), (9, 3)], 6: [(1, 8), (8, 6)], 4: [(1, 3)], 10: [(1, 2), (2, 4), (4, 7), (7, 6)]}, padri: [0], figli: [8], mosse: [(10, 7, 4, 7, 3)]
8 -> costo: 141419.19999999998, rotte: {7: [(1, 6)], 2: [(1, 3)], 3: [(1, 2)], 5: [(1, 6)], 11: [(1, 5), (5, 4)], 8: [(1, 4)], 9: [(1, 9), (9, 3)], 6: [(1, 8), (8, 6)], 4: [(1, 3)], 10: [(1, 2), (2, 4), (4, 7)]}, padri: [7], figli: [5, 5, 5], mosse: [(7, 10, 1, 6, 3)]
bestSolutionIndice: 5
5 -> costo: 139378.80000000002, rotte: {7: [(1, 6)], 2: [(1, 3)], 3: [(1, 2)], 5: [(1, 6)], 11: [(1, 4), (4, 5)], 8: [(1, 4)], 9: [(1, 9), (9, 3)], 6: [(1, 8), (8, 6)], 4: [(1, 3)], 10: [(1, 2), (2, 4), (4, 7)]}, padri: [4, 6, 8, 8, 8], figli: [], mosse: [(7, 10, 1, 6, 3), (7, 10, 1, 6, 3), (11, 11, 5, 4), (11, 11, 1, 4, 10), (11, 11, 4, 5, 5)]
trasportoPalletDiGamma: {7: [(6, 5)], 2: [(3, 5)], 3: [(2, 5)], 5: [(6, 5)], 11: [(4, 10), (5, 5)], 8: [(4, 5)], 9: [(9, 8), (3, 2)], 6: [(8, 1), (6, 4)], 4: [(3, 5)], 10: [(2, 1), (4, 3), (7, 3)]}
itMosseLS: 20, itMosseTS: 17
time elapsed: 492.24s.


##########################################################################################
##########################################################################################
