itNSIMax: 10, itMosseTSMax: 30.
##########################################################################################
s: 1
dictSolutions[1]:
0 -> costo: 138447.0, rotte: {11: [(1, 3), (3, 6)], 5: [(1, 4)], 10: [(1, 2), (2, 4)], 2: [(1, 5)], 3: [(1, 8), (8, 4)], 9: [(1, 7), (7, 6)], 8: [(1, 9)], 7: [(1, 6)], 6: [(1, 4)], 4: [(1, 9)]}, padri: [-1], figli: [1, 1], mosse: [-1]
1 -> costo: 135323.2, rotte: {11: [(1, 3), (3, 6)], 5: [(1, 4)], 10: [(1, 2), (2, 4)], 2: [(1, 5)], 3: [(1, 8), (8, 4)], 9: [(1, 6), (6, 7)], 8: [(1, 9)], 7: [(1, 6)], 6: [(1, 4)], 4: [(1, 9)]}, padri: [0, 0], figli: [], mosse: [(9, 9, 1, 6, 6), (9, 9, 6, 7, 3)]
bestSolutionIndice: 1
1 -> costo: 135323.2, rotte: {11: [(1, 3), (3, 6)], 5: [(1, 4)], 10: [(1, 2), (2, 4)], 2: [(1, 5)], 3: [(1, 8), (8, 4)], 9: [(1, 6), (6, 7)], 8: [(1, 9)], 7: [(1, 6)], 6: [(1, 4)], 4: [(1, 9)]}, padri: [0, 0], figli: [], mosse: [(9, 9, 1, 6, 6), (9, 9, 6, 7, 3)]
trasportoPalletDiGamma: {11: [(3, 12), (6, 3)], 5: [(4, 5)], 10: [(2, 6), (4, 4)], 2: [(5, 5)], 3: [(8, 1), (4, 4)], 9: [(6, 6), (7, 3)], 8: [(9, 5)], 7: [(6, 5)], 6: [(4, 5)], 4: [(9, 3)]}
itMosseLS: 2, itMosseTS: 2
time elapsed: 58.16s.


##########################################################################################
s: 1
dictSolutions[1]:
0 -> costo: 151649.09999999998, rotte: {8: [(1, 6)], 7: [(1, 3)], 3: [(1, 5)], 10: [(1, 8), (8, 6), (6, 4)], 11: [(1, 2), (2, 3), (3, 4)], 9: [(1, 9), (9, 4)], 4: [(1, 7), (7, 4)], 2: [(1, 4)], 5: [(1, 6)], 6: [(1, 3)]}, padri: [-1], figli: [1], mosse: [-1]
1 -> costo: 146667.69999999998, rotte: {8: [(1, 6)], 7: [(1, 3)], 3: [(1, 5)], 10: [(1, 8), (8, 6), (6, 4)], 11: [(1, 2), (2, 3), (3, 4)], 9: [(1, 9), (9, 4)], 4: [(1, 4), (4, 7)], 2: [(1, 4)], 5: [(1, 6)], 6: [(1, 3)]}, padri: [0], figli: [2, 2, 12, 12], mosse: [(4, 4, 7, 4)]
2 -> costo: 143273.3, rotte: {8: [(1, 6)], 7: [(1, 3)], 3: [(1, 5)], 10: [(1, 8), (8, 4), (4, 6)], 11: [(1, 2), (2, 3), (3, 4)], 9: [(1, 9), (9, 4)], 4: [(1, 4), (4, 7)], 2: [(1, 4)], 5: [(1, 6)], 6: [(1, 3)]}, padri: [1, 1], figli: [3, 6, 8, 10, 14], mosse: [(10, 10, 8, 4, 5), (10, 10, 4, 6, 4)]
3 -> costo: 141195.3, rotte: {8: [(1, 6)], 7: [(1, 3)], 3: [(1, 5)], 10: [(1, 8), (8, 4), (4, 6)], 11: [(1, 3), (3, 2), (2, 4)], 9: [(1, 9), (9, 4)], 4: [(1, 4), (4, 7)], 2: [(1, 4)], 5: [(1, 6)], 6: [(1, 3)]}, padri: [2], figli: [4, 9], mosse: [(11, 11, 3, 2, 6)]
4 -> costo: 139887.69999999998, rotte: {8: [(1, 6)], 7: [(1, 3)], 3: [(1, 5)], 10: [(1, 4), (4, 6)], 11: [(1, 3), (3, 8), (8, 2), (2, 4)], 9: [(1, 9), (9, 4)], 4: [(1, 4), (4, 7)], 2: [(1, 4)], 5: [(1, 6)], 6: [(1, 3)]}, padri: [3, 8, 11], figli: [5, 7], mosse: [(11, 10, 3, 8, 1), (11, 11, 8, 2, 6), (11, 11, 8, 2, 6)]
5 -> costo: 139246.2, rotte: {8: [(1, 6)], 7: [(1, 3)], 3: [(1, 5)], 10: [(1, 4), (4, 6)], 11: [(1, 8), (8, 3), (3, 2), (2, 4)], 9: [(1, 9), (9, 4)], 4: [(1, 4), (4, 7)], 2: [(1, 4)], 5: [(1, 6)], 6: [(1, 3)]}, padri: [4, 6, 7, 7, 7, 10, 13, 13, 13], figli: [], mosse: [(11, 11, 8, 3, 2), (11, 11, 3, 2, 6), (11, 11, 4, 2), (11, 11, 3, 2, 6), (11, 11, 2, 4, 4), (11, 11, 3, 2, 6), (10, 10, 1, 4, 5), (10, 10, 4, 6, 4), (10, 10, 6, 4)]
6 -> costo: 141965.69999999998, rotte: {8: [(1, 6)], 7: [(1, 3)], 3: [(1, 5)], 10: [(1, 4), (4, 6)], 11: [(1, 2), (2, 8), (8, 3), (3, 4)], 9: [(1, 9), (9, 4)], 4: [(1, 4), (4, 7)], 2: [(1, 4)], 5: [(1, 6)], 6: [(1, 3)]}, padri: [2, 10, 12, 12, 12], figli: [5, 7, 11], mosse: [(11, 10, 2, 8, 1), (11, 11, 2, 8, 1), (10, 10, 1, 4, 5), (10, 10, 4, 6, 4), (10, 10, 6, 4)]
7 -> costo: 141769.9, rotte: {8: [(1, 6)], 7: [(1, 3)], 3: [(1, 5)], 10: [(1, 4), (4, 6)], 11: [(1, 8), (8, 3), (3, 4), (4, 2)], 9: [(1, 9), (9, 4)], 4: [(1, 4), (4, 7)], 2: [(1, 4)], 5: [(1, 6)], 6: [(1, 3)]}, padri: [6, 10], figli: [5, 5, 5], mosse: [(11, 11, 4, 2, 6), (11, 11, 4, 2, 6)]
8 -> costo: 141965.69999999998, rotte: {8: [(1, 6)], 7: [(1, 3)], 3: [(1, 5)], 10: [(1, 4), (4, 6)], 11: [(1, 2), (2, 3), (3, 8), (8, 4)], 9: [(1, 9), (9, 4)], 4: [(1, 4), (4, 7)], 2: [(1, 4)], 5: [(1, 6)], 6: [(1, 3)]}, padri: [2], figli: [4, 9], mosse: [(11, 10, 3, 8, 1)]
9 -> costo: 141799.19999999998, rotte: {8: [(1, 6)], 7: [(1, 3)], 3: [(1, 5)], 10: [(1, 4), (4, 6)], 11: [(1, 4), (4, 2), (2, 3), (3, 8)], 9: [(1, 9), (9, 4)], 4: [(1, 4), (4, 7)], 2: [(1, 4)], 5: [(1, 6)], 6: [(1, 3)]}, padri: [8, 11], figli: [], mosse: [(11, 11, 1, 4, 4), (11, 11, 1, 4, 4)]
10 -> costo: 142455.59999999998, rotte: {8: [(1, 6)], 7: [(1, 3)], 3: [(1, 5)], 10: [(1, 4), (4, 6)], 11: [(1, 8), (8, 2), (2, 3), (3, 4)], 9: [(1, 9), (9, 4)], 4: [(1, 4), (4, 7)], 2: [(1, 4)], 5: [(1, 6)], 6: [(1, 3)]}, padri: [2], figli: [5, 7, 11, 6, 14], mosse: [(11, 10, 1, 8, 1)]
11 -> costo: 141965.69999999998, rotte: {8: [(1, 6)], 7: [(1, 3)], 3: [(1, 5)], 10: [(1, 4), (4, 6)], 11: [(1, 2), (2, 3), (3, 8), (8, 4)], 9: [(1, 9), (9, 4)], 4: [(1, 4), (4, 7)], 2: [(1, 4)], 5: [(1, 6)], 6: [(1, 3)]}, padri: [6, 10], figli: [4, 9], mosse: [(11, 11, 3, 8, 1)]
12 -> costo: 143806.5, rotte: {8: [(1, 6)], 7: [(1, 3)], 3: [(1, 5)], 10: [(1, 6), (6, 4)], 11: [(1, 2), (2, 8), (8, 3), (3, 4)], 9: [(1, 9), (9, 4)], 4: [(1, 4), (4, 7)], 2: [(1, 4)], 5: [(1, 6)], 6: [(1, 3)]}, padri: [1], figli: [13, 6, 6, 6, 14, 14, 14], mosse: [(11, 10, 2, 8, 1)]
13 -> costo: 141087.0, rotte: {8: [(1, 6)], 7: [(1, 3)], 3: [(1, 5)], 10: [(1, 6), (6, 4)], 11: [(1, 8), (8, 3), (3, 2), (2, 4)], 9: [(1, 9), (9, 4)], 4: [(1, 4), (4, 7)], 2: [(1, 4)], 5: [(1, 6)], 6: [(1, 3)]}, padri: [12, 14, 14, 14], figli: [5, 5, 5], mosse: [(11, 11, 3, 2, 6), (11, 11, 4, 2), (11, 11, 3, 2, 6), (11, 11, 2, 4, 4)]
14 -> costo: 143610.7, rotte: {8: [(1, 6)], 7: [(1, 3)], 3: [(1, 5)], 10: [(1, 6), (6, 4)], 11: [(1, 8), (8, 3), (3, 4), (4, 2)], 9: [(1, 9), (9, 4)], 4: [(1, 4), (4, 7)], 2: [(1, 4)], 5: [(1, 6)], 6: [(1, 3)]}, padri: [12], figli: [13, 13, 13], mosse: [(11, 11, 4, 2, 6)]
bestSolutionIndice: 5
5 -> costo: 139246.2, rotte: {8: [(1, 6)], 7: [(1, 3)], 3: [(1, 5)], 10: [(1, 4), (4, 6)], 11: [(1, 8), (8, 3), (3, 2), (2, 4)], 9: [(1, 9), (9, 4)], 4: [(1, 4), (4, 7)], 2: [(1, 4)], 5: [(1, 6)], 6: [(1, 3)]}, padri: [4, 6, 7, 7, 7, 10, 13, 13, 13], figli: [], mosse: [(11, 11, 8, 3, 2), (11, 11, 3, 2, 6), (11, 11, 4, 2), (11, 11, 3, 2, 6), (11, 11, 2, 4, 4), (11, 11, 3, 2, 6), (10, 10, 1, 4, 5), (10, 10, 4, 6, 4), (10, 10, 6, 4)]
trasportoPalletDiGamma: {8: [(6, 5)], 7: [(3, 5)], 3: [(5, 5)], 10: [(4, 5), (6, 4)], 11: [(8, 1), (3, 2), (2, 6), (4, 4)], 9: [(9, 8), (4, 2)], 4: [(4, 2), (7, 3)], 2: [(4, 5)], 5: [(6, 5)], 6: [(3, 5)]}
itMosseLS: 34, itMosseTS: 30
time elapsed: 924.00s.


##########################################################################################
s: 1
dictSolutions[1]:
0 -> costo: 149146.30000000002, rotte: {6: [(1, 4)], 9: [(1, 9), (9, 4)], 11: [(1, 3), (3, 6)], 10: [(1, 2), (2, 4)], 8: [(1, 7), (7, 6)], 4: [(1, 6)], 7: [(1, 8), (8, 4)], 2: [(1, 5)], 5: [(1, 4)], 3: [(1, 6)]}, padri: [-1], figli: [1, 1], mosse: [-1]
1 -> costo: 146022.5, rotte: {6: [(1, 4)], 9: [(1, 9), (9, 4)], 11: [(1, 3), (3, 6)], 10: [(1, 2), (2, 4)], 8: [(1, 6), (6, 7)], 4: [(1, 6)], 7: [(1, 8), (8, 4)], 2: [(1, 5)], 5: [(1, 4)], 3: [(1, 6)]}, padri: [0, 0], figli: [], mosse: [(8, 8, 1, 6, 1), (8, 8, 6, 7, 3)]
bestSolutionIndice: 1
1 -> costo: 146022.5, rotte: {6: [(1, 4)], 9: [(1, 9), (9, 4)], 11: [(1, 3), (3, 6)], 10: [(1, 2), (2, 4)], 8: [(1, 6), (6, 7)], 4: [(1, 6)], 7: [(1, 8), (8, 4)], 2: [(1, 5)], 5: [(1, 4)], 3: [(1, 6)]}, padri: [0, 0], figli: [], mosse: [(8, 8, 1, 6, 1), (8, 8, 6, 7, 3)]
trasportoPalletDiGamma: {6: [(4, 5)], 9: [(9, 8), (4, 2)], 11: [(3, 12), (6, 3)], 10: [(2, 6), (4, 4)], 8: [(6, 1), (7, 3)], 4: [(6, 5)], 7: [(8, 1), (4, 2)], 2: [(5, 5)], 5: [(4, 5)], 3: [(6, 5)]}
itMosseLS: 2, itMosseTS: 2
time elapsed: 62.61s.


##########################################################################################
s: 1
dictSolutions[1]:
0 -> costo: 154473.2, rotte: {6: [(1, 9)], 5: [(1, 8), (8, 6)], 2: [(1, 3)], 9: [(1, 5), (5, 2), (2, 6)], 7: [(1, 7), (7, 4)], 8: [(1, 6)], 3: [(1, 2)], 11: [(1, 4)], 4: [(1, 9), (9, 6)], 10: [(1, 3), (3, 4)]}, padri: [-1], figli: [1], mosse: [-1]
1 -> costo: 145058.00000000003, rotte: {6: [(1, 9)], 5: [(1, 8), (8, 6)], 2: [(1, 3)], 9: [(1, 2), (2, 6), (6, 5)], 7: [(1, 7), (7, 4)], 8: [(1, 6)], 3: [(1, 2)], 11: [(1, 4)], 4: [(1, 9), (9, 6)], 10: [(1, 3), (3, 4)]}, padri: [0], figli: [2, 2, 2, 9, 9, 9, 13], mosse: [(9, 9, 6, 5, 5)]
2 -> costo: 140076.6, rotte: {6: [(1, 9)], 5: [(1, 8), (8, 6)], 2: [(1, 3)], 9: [(1, 2), (2, 6), (6, 5)], 7: [(1, 4), (4, 7)], 8: [(1, 6)], 3: [(1, 2)], 11: [(1, 4)], 4: [(1, 9), (9, 6)], 10: [(1, 3), (3, 4)]}, padri: [1, 1, 1], figli: [3, 7, 8, 10], mosse: [(7, 7, 7, 4), (7, 7, 1, 4, 2), (7, 7, 4, 7, 3)]
3 -> costo: 137215.4, rotte: {6: [(1, 9)], 5: [(1, 6)], 2: [(1, 3)], 9: [(1, 2), (2, 6), (6, 5)], 7: [(1, 4), (4, 7)], 8: [(1, 6)], 3: [(1, 2)], 11: [(1, 4)], 4: [(1, 9), (9, 6)], 10: [(1, 3), (3, 8), (8, 4)]}, padri: [2, 8, 9, 9, 9], figli: [4, 6, 11], mosse: [(10, 5, 3, 8, 1), (10, 9, 3, 8, 1), (7, 7, 7, 4), (7, 7, 1, 4, 2), (7, 7, 4, 7, 3)]
4 -> costo: 134535.89999999997, rotte: {6: [(1, 9)], 5: [(1, 6)], 2: [(1, 3)], 9: [(1, 6), (6, 5)], 7: [(1, 4), (4, 7)], 8: [(1, 6)], 3: [(1, 2)], 11: [(1, 4)], 4: [(1, 9), (9, 6)], 10: [(1, 3), (3, 8), (8, 2), (2, 4)]}, padri: [3, 7, 10, 10, 10], figli: [5], mosse: [(10, 9, 8, 2, 1), (10, 5, 3, 8, 1), (7, 7, 7, 4), (7, 7, 1, 4, 2), (7, 7, 4, 7, 3)]
5 -> costo: 133894.4, rotte: {6: [(1, 9)], 5: [(1, 6)], 2: [(1, 3)], 9: [(1, 6), (6, 5)], 7: [(1, 4), (4, 7)], 8: [(1, 6)], 3: [(1, 2)], 11: [(1, 4)], 4: [(1, 9), (9, 6)], 10: [(1, 8), (8, 3), (3, 2), (2, 4)]}, padri: [4, 6, 11, 11, 11], figli: [], mosse: [(10, 10, 8, 3, 7), (10, 9, 3, 2, 1), (7, 7, 7, 4), (7, 7, 1, 4, 2), (7, 7, 4, 7, 3)]
6 -> costo: 136573.9, rotte: {6: [(1, 9)], 5: [(1, 6)], 2: [(1, 3)], 9: [(1, 2), (2, 6), (6, 5)], 7: [(1, 4), (4, 7)], 8: [(1, 6)], 3: [(1, 2)], 11: [(1, 4)], 4: [(1, 9), (9, 6)], 10: [(1, 8), (8, 3), (3, 4)]}, padri: [3, 12, 12, 12], figli: [5], mosse: [(10, 10, 8, 3, 7), (7, 7, 7, 4), (7, 7, 1, 4, 2), (7, 7, 4, 7, 3)]
7 -> costo: 137397.09999999998, rotte: {6: [(1, 9)], 5: [(1, 8), (8, 6)], 2: [(1, 3)], 9: [(1, 6), (6, 5)], 7: [(1, 4), (4, 7)], 8: [(1, 6)], 3: [(1, 2)], 11: [(1, 4)], 4: [(1, 9), (9, 6)], 10: [(1, 3), (3, 2), (2, 4)]}, padri: [2, 13, 13], figli: [4, 11], mosse: [(10, 9, 3, 2, 1), (7, 7, 7, 4), (7, 7, 1, 4, 2)]
8 -> costo: 137705.30000000002, rotte: {6: [(1, 9)], 5: [(1, 6)], 2: [(1, 3)], 9: [(1, 8), (8, 2), (2, 6), (6, 5)], 7: [(1, 4), (4, 7)], 8: [(1, 6)], 3: [(1, 2)], 11: [(1, 4)], 4: [(1, 9), (9, 6)], 10: [(1, 3), (3, 4)]}, padri: [2], figli: [3, 10], mosse: [(9, 5, 1, 8, 1)]
9 -> costo: 142196.8, rotte: {6: [(1, 9)], 5: [(1, 6)], 2: [(1, 3)], 9: [(1, 2), (2, 6), (6, 5)], 7: [(1, 7), (7, 4)], 8: [(1, 6)], 3: [(1, 2)], 11: [(1, 4)], 4: [(1, 9), (9, 6)], 10: [(1, 3), (3, 8), (8, 4)]}, padri: [1], figli: [3, 3, 3, 10, 10, 10, 12], mosse: [(10, 5, 3, 8, 1)]
10 -> costo: 139517.3, rotte: {6: [(1, 9)], 5: [(1, 6)], 2: [(1, 3)], 9: [(1, 6), (6, 5)], 7: [(1, 7), (7, 4)], 8: [(1, 6)], 3: [(1, 2)], 11: [(1, 4)], 4: [(1, 9), (9, 6)], 10: [(1, 3), (3, 8), (8, 2), (2, 4)]}, padri: [9], figli: [4, 4, 4, 11, 11, 11], mosse: [(10, 9, 8, 2, 1)]
11 -> costo: 138875.79999999996, rotte: {6: [(1, 9)], 5: [(1, 6)], 2: [(1, 3)], 9: [(1, 6), (6, 5)], 7: [(1, 7), (7, 4)], 8: [(1, 6)], 3: [(1, 2)], 11: [(1, 4)], 4: [(1, 9), (9, 6)], 10: [(1, 8), (8, 3), (3, 2), (2, 4)]}, padri: [10, 12], figli: [5, 5, 5], mosse: [(10, 10, 8, 3, 7), (10, 9, 3, 2, 1)]
12 -> costo: 141555.3, rotte: {6: [(1, 9)], 5: [(1, 6)], 2: [(1, 3)], 9: [(1, 2), (2, 6), (6, 5)], 7: [(1, 7), (7, 4)], 8: [(1, 6)], 3: [(1, 2)], 11: [(1, 4)], 4: [(1, 9), (9, 6)], 10: [(1, 8), (8, 3), (3, 4)]}, padri: [9], figli: [6, 6, 6, 11], mosse: [(10, 10, 8, 3, 7)]
13 -> costo: 142378.49999999997, rotte: {6: [(1, 9)], 5: [(1, 8), (8, 6)], 2: [(1, 3)], 9: [(1, 6), (6, 5)], 7: [(1, 7), (7, 4)], 8: [(1, 6)], 3: [(1, 2)], 11: [(1, 4)], 4: [(1, 9), (9, 6)], 10: [(1, 3), (3, 2), (2, 4)]}, padri: [1], figli: [7, 7], mosse: [(10, 9, 3, 2, 1)]
bestSolutionIndice: 5
5 -> costo: 133894.4, rotte: {6: [(1, 9)], 5: [(1, 6)], 2: [(1, 3)], 9: [(1, 6), (6, 5)], 7: [(1, 4), (4, 7)], 8: [(1, 6)], 3: [(1, 2)], 11: [(1, 4)], 4: [(1, 9), (9, 6)], 10: [(1, 8), (8, 3), (3, 2), (2, 4)]}, padri: [4, 6, 11, 11, 11], figli: [], mosse: [(10, 10, 8, 3, 7), (10, 9, 3, 2, 1), (7, 7, 7, 4), (7, 7, 1, 4, 2), (7, 7, 4, 7, 3)]
trasportoPalletDiGamma: {6: [(9, 5)], 5: [(6, 4)], 2: [(3, 5)], 9: [(6, 3), (5, 5)], 7: [(4, 2), (7, 3)], 8: [(6, 5)], 3: [(2, 5)], 11: [(4, 15)], 4: [(9, 3), (6, 2)], 10: [(8, 1), (3, 7), (2, 1), (4, 1)]}
itMosseLS: 33, itMosseTS: 30
time elapsed: 667.47s.


##########################################################################################
s: 1
dictSolutions[1]:
0 -> costo: 139997.5, rotte: {9: [(1, 2), (2, 4)], 7: [(1, 5)], 5: [(1, 3)], 4: [(1, 8), (8, 6)], 6: [(1, 9)], 11: [(1, 4)], 2: [(1, 7), (7, 6)], 3: [(1, 6)], 10: [(1, 3), (3, 6)], 8: [(1, 9)]}, padri: [-1], figli: [1, 1, 3, 3], mosse: [-1]
1 -> costo: 136873.7, rotte: {9: [(1, 2), (2, 4)], 7: [(1, 5)], 5: [(1, 3)], 4: [(1, 8), (8, 6)], 6: [(1, 9)], 11: [(1, 4)], 2: [(1, 6), (6, 7)], 3: [(1, 6)], 10: [(1, 3), (3, 6)], 8: [(1, 9)]}, padri: [0, 0], figli: [2], mosse: [(2, 2, 1, 6, 2), (2, 2, 6, 7, 3)]
2 -> costo: 134502.40000000002, rotte: {9: [(1, 8), (8, 2), (2, 4)], 7: [(1, 5)], 5: [(1, 3)], 4: [(1, 6)], 6: [(1, 9)], 11: [(1, 4)], 2: [(1, 6), (6, 7)], 3: [(1, 6)], 10: [(1, 3), (3, 6)], 8: [(1, 9)]}, padri: [1, 3, 3], figli: [], mosse: [(9, 4, 1, 8, 1), (2, 2, 1, 6, 2), (2, 2, 6, 7, 3)]
3 -> costo: 137626.2, rotte: {9: [(1, 8), (8, 2), (2, 4)], 7: [(1, 5)], 5: [(1, 3)], 4: [(1, 6)], 6: [(1, 9)], 11: [(1, 4)], 2: [(1, 7), (7, 6)], 3: [(1, 6)], 10: [(1, 3), (3, 6)], 8: [(1, 9)]}, padri: [0], figli: [2, 2], mosse: [(9, 4, 1, 8, 1)]
bestSolutionIndice: 2
2 -> costo: 134502.40000000002, rotte: {9: [(1, 8), (8, 2), (2, 4)], 7: [(1, 5)], 5: [(1, 3)], 4: [(1, 6)], 6: [(1, 9)], 11: [(1, 4)], 2: [(1, 6), (6, 7)], 3: [(1, 6)], 10: [(1, 3), (3, 6)], 8: [(1, 9)]}, padri: [1, 3, 3], figli: [], mosse: [(9, 4, 1, 8, 1), (2, 2, 1, 6, 2), (2, 2, 6, 7, 3)]
trasportoPalletDiGamma: {9: [(8, 1), (2, 6), (4, 3)], 7: [(5, 5)], 5: [(3, 5)], 4: [(6, 4)], 6: [(9, 5)], 11: [(4, 15)], 2: [(6, 2), (7, 3)], 3: [(6, 5)], 10: [(3, 7), (6, 3)], 8: [(9, 3)]}
itMosseLS: 6, itMosseTS: 6
time elapsed: 154.53s.


##########################################################################################
s: 1
dictSolutions[1]:
0 -> costo: 144598.5, rotte: {8: [(1, 2)], 5: [(1, 8), (8, 3)], 9: [(1, 9), (9, 4)], 3: [(1, 6)], 6: [(1, 3)], 10: [(1, 4)], 2: [(1, 7), (7, 3)], 7: [(1, 5)], 4: [(1, 2), (2, 3)], 11: [(1, 6), (6, 4)]}, padri: [-1], figli: [1, 1, 1, 3, 3, 3, 3, 3], mosse: [-1]
1 -> costo: 137260.19999999998, rotte: {8: [(1, 2)], 5: [(1, 8), (8, 3)], 9: [(1, 9), (9, 4)], 3: [(1, 6)], 6: [(1, 3)], 10: [(1, 4)], 2: [(1, 3), (3, 7)], 7: [(1, 5)], 4: [(1, 2), (2, 3)], 11: [(1, 6), (6, 4)]}, padri: [0, 0, 0], figli: [2, 2, 2, 4, 4, 4], mosse: [(2, 2, 1, 3, 2), (2, 2, 3, 7, 3), (2, 2, 7, 3)]
2 -> costo: 135419.4, rotte: {8: [(1, 2)], 5: [(1, 8), (8, 3)], 9: [(1, 9), (9, 4)], 3: [(1, 6)], 6: [(1, 3)], 10: [(1, 4)], 2: [(1, 3), (3, 7)], 7: [(1, 5)], 4: [(1, 2), (2, 3)], 11: [(1, 4), (4, 6)]}, padri: [1, 1, 1, 3, 3, 3], figli: [], mosse: [(11, 11, 1, 4, 6), (11, 11, 4, 6, 9), (11, 11, 6, 4), (2, 2, 1, 3, 2), (2, 2, 3, 7, 3), (2, 2, 7, 3)]
3 -> costo: 142757.69999999998, rotte: {8: [(1, 2)], 5: [(1, 8), (8, 3)], 9: [(1, 9), (9, 4)], 3: [(1, 6)], 6: [(1, 3)], 10: [(1, 4)], 2: [(1, 7), (7, 3)], 7: [(1, 5)], 4: [(1, 2), (2, 3)], 11: [(1, 4), (4, 6)]}, padri: [0, 0, 0], figli: [2, 2, 2, 4, 4, 4], mosse: [(11, 11, 1, 4, 6), (11, 11, 4, 6, 9), (11, 11, 6, 4)]
4 -> costo: 142362.09999999998, rotte: {8: [(1, 2)], 5: [(1, 8), (8, 3)], 9: [(1, 9), (9, 4)], 3: [(1, 6)], 6: [(1, 3)], 10: [(1, 4)], 2: [(1, 3)], 7: [(1, 5)], 4: [(1, 2), (2, 7), (7, 3)], 11: [(1, 4), (4, 6)]}, padri: [3], figli: [5, 6, 7, 8, 9, 10, 11], mosse: [(4, 2, 2, 7, 3)]
5 -> costo: 133341.4, rotte: {8: [(1, 2)], 5: [(1, 8), (8, 3)], 9: [(1, 9), (9, 4)], 3: [(1, 6)], 6: [(1, 3)], 10: [(1, 4)], 2: [(1, 3)], 7: [(1, 5)], 4: [(1, 3), (3, 2), (2, 7)], 11: [(1, 4), (4, 6)]}, padri: [4, 6, 7, 8, 10, 11, 11, 11], figli: [], mosse: [(4, 4, 1, 3, 1), (4, 4, 3, 2, 1), (4, 4, 3, 2, 1), (4, 4, 3, 2, 1), (4, 4, 2, 7, 3), (4, 4, 3, 2, 1), (4, 4, 2, 7, 3), (4, 4, 7, 2)]
6 -> costo: 135419.4, rotte: {8: [(1, 2)], 5: [(1, 8), (8, 3)], 9: [(1, 9), (9, 4)], 3: [(1, 6)], 6: [(1, 3)], 10: [(1, 4)], 2: [(1, 3)], 7: [(1, 5)], 4: [(1, 2), (2, 3), (3, 7)], 11: [(1, 4), (4, 6)]}, padri: [4], figli: [5], mosse: [(4, 4, 2, 3, 1)]
7 -> costo: 135419.4, rotte: {8: [(1, 2)], 5: [(1, 8), (8, 3)], 9: [(1, 9), (9, 4)], 3: [(1, 6)], 6: [(1, 3)], 10: [(1, 4)], 2: [(1, 3)], 7: [(1, 5)], 4: [(1, 2), (2, 3), (3, 7)], 11: [(1, 4), (4, 6)]}, padri: [4], figli: [5], mosse: [(4, 4, 3, 7, 3)]
8 -> costo: 135419.4, rotte: {8: [(1, 2)], 5: [(1, 8), (8, 3)], 9: [(1, 9), (9, 4)], 3: [(1, 6)], 6: [(1, 3)], 10: [(1, 4)], 2: [(1, 3)], 7: [(1, 5)], 4: [(1, 2), (2, 3), (3, 7)], 11: [(1, 4), (4, 6)]}, padri: [4], figli: [5], mosse: [(4, 4, 7, 3)]
9 -> costo: 140637.3, rotte: {8: [(1, 2)], 5: [(1, 8), (8, 3)], 9: [(1, 9), (9, 4)], 3: [(1, 6)], 6: [(1, 3)], 10: [(1, 4)], 2: [(1, 3)], 7: [(1, 5)], 4: [(1, 7), (7, 2), (2, 3)], 11: [(1, 4), (4, 6)]}, padri: [4, 10, 10, 10, 11], figli: [], mosse: [(4, 4, 7, 2, 1), (4, 4, 3, 2), (4, 4, 7, 2, 1), (4, 4, 2, 3, 1), (4, 4, 2, 3, 1)]
10 -> costo: 142146.09999999998, rotte: {8: [(1, 2)], 5: [(1, 8), (8, 3)], 9: [(1, 9), (9, 4)], 3: [(1, 6)], 6: [(1, 3)], 10: [(1, 4)], 2: [(1, 3)], 7: [(1, 5)], 4: [(1, 7), (7, 3), (3, 2)], 11: [(1, 4), (4, 6)]}, padri: [4], figli: [5, 9, 9, 9, 11, 11, 11], mosse: [(4, 4, 3, 2, 1)]
11 -> costo: 141708.09999999998, rotte: {8: [(1, 2)], 5: [(1, 8), (8, 3)], 9: [(1, 9), (9, 4)], 3: [(1, 6)], 6: [(1, 3)], 10: [(1, 4)], 2: [(1, 3)], 7: [(1, 5)], 4: [(1, 3), (3, 7), (7, 2)], 11: [(1, 4), (4, 6)]}, padri: [10], figli: [5, 5, 5, 9], mosse: [(4, 4, 3, 7, 3)]
bestSolutionIndice: 5
5 -> costo: 133341.4, rotte: {8: [(1, 2)], 5: [(1, 8), (8, 3)], 9: [(1, 9), (9, 4)], 3: [(1, 6)], 6: [(1, 3)], 10: [(1, 4)], 2: [(1, 3)], 7: [(1, 5)], 4: [(1, 3), (3, 2), (2, 7)], 11: [(1, 4), (4, 6)]}, padri: [4, 6, 7, 8, 10, 11, 11, 11], figli: [], mosse: [(4, 4, 1, 3, 1), (4, 4, 3, 2, 1), (4, 4, 3, 2, 1), (4, 4, 3, 2, 1), (4, 4, 2, 7, 3), (4, 4, 3, 2, 1), (4, 4, 2, 7, 3), (4, 4, 7, 2)]
trasportoPalletDiGamma: {8: [(2, 5)], 5: [(8, 1), (3, 4)], 9: [(9, 8), (4, 2)], 3: [(6, 5)], 6: [(3, 5)], 10: [(4, 10)], 2: [(3, 2)], 7: [(5, 5)], 4: [(3, 1), (2, 1), (7, 3)], 11: [(4, 6), (6, 9)]}
itMosseLS: 31, itMosseTS: 30
time elapsed: 760.34s.


##########################################################################################
s: 1
dictSolutions[1]:
0 -> costo: 143828.4, rotte: {9: [(1, 7), (7, 6)], 11: [(1, 3), (3, 4)], 10: [(1, 2), (2, 6)], 6: [(1, 8), (8, 4)], 3: [(1, 9)], 4: [(1, 5)], 5: [(1, 4)], 7: [(1, 6)], 8: [(1, 9), (9, 4)], 2: [(1, 4)]}, padri: [-1], figli: [1, 1, 3, 3], mosse: [-1]
1 -> costo: 140704.59999999998, rotte: {9: [(1, 6), (6, 7)], 11: [(1, 3), (3, 4)], 10: [(1, 2), (2, 6)], 6: [(1, 8), (8, 4)], 3: [(1, 9)], 4: [(1, 5)], 5: [(1, 4)], 7: [(1, 6)], 8: [(1, 9), (9, 4)], 2: [(1, 4)]}, padri: [0, 0], figli: [2], mosse: [(9, 9, 1, 6, 7), (9, 9, 6, 7, 3)]
2 -> costo: 139886.9, rotte: {9: [(1, 6), (6, 7)], 11: [(1, 3), (3, 4)], 10: [(1, 8), (8, 2), (2, 6)], 6: [(1, 4)], 3: [(1, 9)], 4: [(1, 5)], 5: [(1, 4)], 7: [(1, 6)], 8: [(1, 9), (9, 4)], 2: [(1, 4)]}, padri: [1, 3, 3], figli: [], mosse: [(10, 6, 1, 8, 1), (9, 9, 1, 6, 7), (9, 9, 6, 7, 3)]
3 -> costo: 143010.69999999998, rotte: {9: [(1, 7), (7, 6)], 11: [(1, 3), (3, 4)], 10: [(1, 8), (8, 2), (2, 6)], 6: [(1, 4)], 3: [(1, 9)], 4: [(1, 5)], 5: [(1, 4)], 7: [(1, 6)], 8: [(1, 9), (9, 4)], 2: [(1, 4)]}, padri: [0], figli: [2, 2], mosse: [(10, 6, 1, 8, 1)]
bestSolutionIndice: 2
2 -> costo: 139886.9, rotte: {9: [(1, 6), (6, 7)], 11: [(1, 3), (3, 4)], 10: [(1, 8), (8, 2), (2, 6)], 6: [(1, 4)], 3: [(1, 9)], 4: [(1, 5)], 5: [(1, 4)], 7: [(1, 6)], 8: [(1, 9), (9, 4)], 2: [(1, 4)]}, padri: [1, 3, 3], figli: [], mosse: [(10, 6, 1, 8, 1), (9, 9, 1, 6, 7), (9, 9, 6, 7, 3)]
trasportoPalletDiGamma: {9: [(6, 7), (7, 3)], 11: [(3, 12), (4, 3)], 10: [(8, 1), (2, 6), (6, 2)], 6: [(4, 4)], 3: [(9, 5)], 4: [(5, 5)], 5: [(4, 5)], 7: [(6, 5)], 8: [(9, 3), (4, 1)], 2: [(4, 5)]}
itMosseLS: 6, itMosseTS: 6
time elapsed: 170.33s.


##########################################################################################
s: 1
dictSolutions[1]:
0 -> costo: 155535.6, rotte: {5: [(1, 2)], 3: [(1, 3)], 7: [(1, 4)], 9: [(1, 5), (5, 4)], 10: [(1, 9), (9, 6)], 2: [(1, 6)], 8: [(1, 8), (8, 3), (3, 6)], 11: [(1, 7), (7, 4), (4, 6)], 4: [(1, 2), (2, 6)], 6: [(1, 3)]}, padri: [-1], figli: [1, 3, 4, 5], mosse: [-1]
1 -> costo: 150107.0, rotte: {5: [(1, 2)], 3: [(1, 3)], 7: [(1, 4)], 9: [(1, 5), (5, 4)], 10: [(1, 9), (9, 6)], 2: [(1, 6)], 8: [(1, 8), (8, 3), (3, 6)], 11: [(1, 4), (4, 6), (6, 7)], 4: [(1, 2), (2, 6)], 6: [(1, 3)]}, padri: [0, 3, 3], figli: [2, 2, 2, 7, 7, 7], mosse: [(11, 11, 6, 7, 3), (11, 11, 4, 6, 1), (11, 11, 6, 7, 3)]
2 -> costo: 148066.6, rotte: {5: [(1, 2)], 3: [(1, 3)], 7: [(1, 4)], 9: [(1, 4), (4, 5)], 10: [(1, 9), (9, 6)], 2: [(1, 6)], 8: [(1, 8), (8, 3), (3, 6)], 11: [(1, 4), (4, 6), (6, 7)], 4: [(1, 2), (2, 6)], 6: [(1, 3)]}, padri: [1, 1, 1, 4, 4, 5, 6, 7], figli: [], mosse: [(9, 9, 5, 4), (9, 9, 1, 4, 5), (9, 9, 4, 5, 5), (11, 11, 4, 6, 1), (11, 11, 6, 7, 3), (11, 11, 6, 7, 3), (11, 11, 1, 4, 8), (11, 11, 4, 6, 1)]
3 -> costo: 152148.9, rotte: {5: [(1, 2)], 3: [(1, 3)], 7: [(1, 4)], 9: [(1, 5), (5, 4)], 10: [(1, 9), (9, 6)], 2: [(1, 6)], 8: [(1, 8), (8, 3), (3, 6)], 11: [(1, 4), (4, 7), (7, 6)], 4: [(1, 2), (2, 6)], 6: [(1, 3)]}, padri: [0], figli: [1, 1, 4, 4, 4, 4, 6, 6, 6], mosse: [(11, 11, 4, 7, 3)]
4 -> costo: 150108.5, rotte: {5: [(1, 2)], 3: [(1, 3)], 7: [(1, 4)], 9: [(1, 4), (4, 5)], 10: [(1, 9), (9, 6)], 2: [(1, 6)], 8: [(1, 8), (8, 3), (3, 6)], 11: [(1, 4), (4, 7), (7, 6)], 4: [(1, 2), (2, 6)], 6: [(1, 3)]}, padri: [3, 3, 3, 5, 7], figli: [2, 2, 7, 7], mosse: [(9, 9, 5, 4), (9, 9, 1, 4, 5), (9, 9, 4, 5, 5), (11, 11, 4, 7, 3), (11, 11, 7, 6, 1)]
5 -> costo: 153495.2, rotte: {5: [(1, 2)], 3: [(1, 3)], 7: [(1, 4)], 9: [(1, 4), (4, 5)], 10: [(1, 9), (9, 6)], 2: [(1, 6)], 8: [(1, 8), (8, 3), (3, 6)], 11: [(1, 7), (7, 4), (4, 6)], 4: [(1, 2), (2, 6)], 6: [(1, 3)]}, padri: [0], figli: [2, 4, 6, 7, 8], mosse: [(9, 9, 5, 4)]
6 -> costo: 151966.1, rotte: {5: [(1, 2)], 3: [(1, 3)], 7: [(1, 4)], 9: [(1, 4), (4, 5)], 10: [(1, 9), (9, 6)], 2: [(1, 6)], 8: [(1, 8), (8, 3), (3, 6)], 11: [(1, 6), (6, 7), (7, 4)], 4: [(1, 2), (2, 6)], 6: [(1, 3)]}, padri: [5], figli: [2, 7, 7, 7], mosse: [(11, 11, 1, 6, 1)]
7 -> costo: 150354.6, rotte: {5: [(1, 2)], 3: [(1, 3)], 7: [(1, 4)], 9: [(1, 4), (4, 5)], 10: [(1, 9), (9, 6)], 2: [(1, 6)], 8: [(1, 8), (8, 3), (3, 6)], 11: [(1, 6), (6, 4), (4, 7)], 4: [(1, 2), (2, 6)], 6: [(1, 3)]}, padri: [6, 6, 6], figli: [2, 4], mosse: [(11, 11, 6, 4, 8), (11, 11, 4, 7, 3), (11, 11, 7, 4)]
8 -> costo: 152498.10000000003, rotte: {5: [(1, 2)], 3: [(1, 3)], 7: [(1, 4)], 9: [(1, 4), (4, 5)], 10: [(1, 9), (9, 6)], 2: [(1, 6)], 8: [(1, 8), (8, 3), (3, 6)], 11: [(1, 2), (2, 7), (7, 4), (4, 6)], 4: [(1, 6)], 6: [(1, 3)]}, padri: [5], figli: [9, 10, 11], mosse: [(11, 4, 1, 2, 1)]
9 -> costo: 146204.80000000002, rotte: {5: [(1, 2)], 3: [(1, 3)], 7: [(1, 4)], 9: [(1, 4), (4, 5)], 10: [(1, 9), (9, 6)], 2: [(1, 6)], 8: [(1, 8), (8, 3), (3, 6)], 11: [(1, 2), (2, 4), (4, 6), (6, 7)], 4: [(1, 6)], 6: [(1, 3)]}, padri: [8, 10, 10], figli: [], mosse: [(11, 11, 6, 7, 3), (11, 11, 4, 6, 1), (11, 11, 6, 7, 3)]
10 -> costo: 148246.7, rotte: {5: [(1, 2)], 3: [(1, 3)], 7: [(1, 4)], 9: [(1, 4), (4, 5)], 10: [(1, 9), (9, 6)], 2: [(1, 6)], 8: [(1, 8), (8, 3), (3, 6)], 11: [(1, 2), (2, 4), (4, 7), (7, 6)], 4: [(1, 6)], 6: [(1, 3)]}, padri: [8], figli: [9, 9], mosse: [(11, 11, 4, 7, 3)]
11 -> costo: 151966.1, rotte: {5: [(1, 2)], 3: [(1, 3)], 7: [(1, 4)], 9: [(1, 4), (4, 5)], 10: [(1, 9), (9, 6)], 2: [(1, 6)], 8: [(1, 8), (8, 3), (3, 6)], 11: [(1, 2), (2, 6), (6, 7), (7, 4)], 4: [(1, 6)], 6: [(1, 3)]}, padri: [8], figli: [], mosse: [(11, 11, 2, 6, 1)]
bestSolutionIndice: 9
9 -> costo: 146204.80000000002, rotte: {5: [(1, 2)], 3: [(1, 3)], 7: [(1, 4)], 9: [(1, 4), (4, 5)], 10: [(1, 9), (9, 6)], 2: [(1, 6)], 8: [(1, 8), (8, 3), (3, 6)], 11: [(1, 2), (2, 4), (4, 6), (6, 7)], 4: [(1, 6)], 6: [(1, 3)]}, padri: [8, 10, 10], figli: [], mosse: [(11, 11, 6, 7, 3), (11, 11, 4, 6, 1), (11, 11, 6, 7, 3)]
trasportoPalletDiGamma: {5: [(2, 5)], 3: [(3, 5)], 7: [(4, 5)], 9: [(4, 5), (5, 5)], 10: [(9, 8), (6, 2)], 2: [(6, 5)], 8: [(8, 1), (3, 2), (6, 2)], 11: [(2, 1), (4, 8), (6, 1), (7, 3)], 4: [(6, 4)], 6: [(3, 5)]}
itMosseLS: 28, itMosseTS: 25
time elapsed: 812.93s.


##########################################################################################
##########################################################################################
