itNSIMax: 50, itMosseTSMax: 15.
##########################################################################################
s: 1
dictSolutions[1]:
0 -> costo: 134480.3, rotte: {5: [(1, 8), (8, 4)], 9: [(1, 3)], 11: [(1, 5), (5, 6)], 7: [(1, 7), (7, 4)], 2: [(1, 9)], 3: [(1, 4)], 10: [(1, 2), (2, 4)], 6: [(1, 6)], 4: [(1, 3), (3, 4)], 8: [(1, 9)]}, padri: [-1], figli: [1, 1, 3, 3, 1], mosse: [-1]
1 -> costo: 134283.6, rotte: {5: [(1, 8), (8, 4)], 9: [(1, 3)], 11: [(1, 6), (6, 5)], 7: [(1, 7), (7, 4)], 2: [(1, 9)], 3: [(1, 4)], 10: [(1, 2), (2, 4)], 6: [(1, 6)], 4: [(1, 3), (3, 4)], 8: [(1, 9)]}, padri: [0, 0, 0], figli: [2], mosse: [(11, 11, 1, 6, 9), (11, 11, 6, 5, 5), (11, 11, 5, 6)]
2 -> costo: 129302.2, rotte: {5: [(1, 8), (8, 4)], 9: [(1, 3)], 11: [(1, 6), (6, 5)], 7: [(1, 4), (4, 7)], 2: [(1, 9)], 3: [(1, 4)], 10: [(1, 2), (2, 4)], 6: [(1, 6)], 4: [(1, 3), (3, 4)], 8: [(1, 9)]}, padri: [1, 3, 3, 3], figli: [], mosse: [(7, 7, 7, 4), (11, 11, 1, 6, 9), (11, 11, 5, 6), (11, 11, 6, 5, 5)]
3 -> costo: 129498.90000000001, rotte: {5: [(1, 8), (8, 4)], 9: [(1, 3)], 11: [(1, 5), (5, 6)], 7: [(1, 4), (4, 7)], 2: [(1, 9)], 3: [(1, 4)], 10: [(1, 2), (2, 4)], 6: [(1, 6)], 4: [(1, 3), (3, 4)], 8: [(1, 9)]}, padri: [0], figli: [2, 2, 2], mosse: [(7, 7, 7, 4)]
bestSolutionIndice: 2
2 -> costo: 129302.2, rotte: {5: [(1, 8), (8, 4)], 9: [(1, 3)], 11: [(1, 6), (6, 5)], 7: [(1, 4), (4, 7)], 2: [(1, 9)], 3: [(1, 4)], 10: [(1, 2), (2, 4)], 6: [(1, 6)], 4: [(1, 3), (3, 4)], 8: [(1, 9)]}, padri: [1, 3, 3, 3], figli: [], mosse: [(7, 7, 7, 4), (11, 11, 1, 6, 9), (11, 11, 5, 6), (11, 11, 6, 5, 5)]
trasportoPalletDiGamma: {5: [(8, 1), (4, 4)], 9: [(3, 10)], 11: [(6, 9), (5, 5)], 7: [(4, 2), (7, 3)], 2: [(9, 5)], 3: [(4, 5)], 10: [(2, 6), (4, 4)], 6: [(6, 5)], 4: [(3, 2), (4, 3)], 8: [(9, 3)]}
itMosseLS: 8, itMosseTS: 8
time elapsed: 144.54s.


##########################################################################################
s: 1
dictSolutions[1]:
0 -> costo: 138447.0, rotte: {6: [(1, 4)], 7: [(1, 7), (7, 6)], 10: [(1, 2), (2, 4)], 8: [(1, 9)], 11: [(1, 3), (3, 6)], 2: [(1, 8), (8, 4)], 5: [(1, 5)], 9: [(1, 6)], 3: [(1, 4)], 4: [(1, 9)]}, padri: [-1], figli: [1, 1, 1, 4, 4, 4, 5], mosse: [-1]
1 -> costo: 135323.2, rotte: {6: [(1, 4)], 7: [(1, 6), (6, 7)], 10: [(1, 2), (2, 4)], 8: [(1, 9)], 11: [(1, 3), (3, 6)], 2: [(1, 8), (8, 4)], 5: [(1, 5)], 9: [(1, 6)], 3: [(1, 4)], 4: [(1, 9)]}, padri: [0, 0, 0], figli: [2, 3], mosse: [(7, 7, 7, 6), (7, 7, 1, 6, 2), (7, 7, 6, 7, 3)]
2 -> costo: 133374.1, rotte: {6: [(1, 4)], 7: [(1, 6), (6, 7)], 10: [(1, 2), (2, 4)], 8: [(1, 9)], 11: [(1, 8), (8, 3), (3, 6)], 2: [(1, 4)], 5: [(1, 5)], 9: [(1, 6)], 3: [(1, 4)], 4: [(1, 9)]}, padri: [1, 3, 4, 4, 4], figli: [], mosse: [(11, 2, 1, 8, 1), (11, 11, 8, 3, 12), (7, 7, 7, 6), (7, 7, 1, 6, 2), (7, 7, 6, 7, 3)]
3 -> costo: 134015.6, rotte: {6: [(1, 4)], 7: [(1, 6), (6, 7)], 10: [(1, 2), (2, 4)], 8: [(1, 9)], 11: [(1, 3), (3, 8), (8, 6)], 2: [(1, 4)], 5: [(1, 5)], 9: [(1, 6)], 3: [(1, 4)], 4: [(1, 9)]}, padri: [1, 5, 5, 5], figli: [2], mosse: [(11, 2, 3, 8, 1), (7, 7, 7, 6), (7, 7, 1, 6, 2), (7, 7, 6, 7, 3)]
4 -> costo: 136497.90000000002, rotte: {6: [(1, 4)], 7: [(1, 7), (7, 6)], 10: [(1, 2), (2, 4)], 8: [(1, 9)], 11: [(1, 8), (8, 3), (3, 6)], 2: [(1, 4)], 5: [(1, 5)], 9: [(1, 6)], 3: [(1, 4)], 4: [(1, 9)]}, padri: [0, 5], figli: [2, 2, 2], mosse: [(11, 2, 1, 8, 1), (11, 11, 8, 3, 12)]
5 -> costo: 137139.4, rotte: {6: [(1, 4)], 7: [(1, 7), (7, 6)], 10: [(1, 2), (2, 4)], 8: [(1, 9)], 11: [(1, 3), (3, 8), (8, 6)], 2: [(1, 4)], 5: [(1, 5)], 9: [(1, 6)], 3: [(1, 4)], 4: [(1, 9)]}, padri: [0], figli: [3, 3, 3, 4], mosse: [(11, 2, 3, 8, 1)]
bestSolutionIndice: 2
2 -> costo: 133374.1, rotte: {6: [(1, 4)], 7: [(1, 6), (6, 7)], 10: [(1, 2), (2, 4)], 8: [(1, 9)], 11: [(1, 8), (8, 3), (3, 6)], 2: [(1, 4)], 5: [(1, 5)], 9: [(1, 6)], 3: [(1, 4)], 4: [(1, 9)]}, padri: [1, 3, 4, 4, 4], figli: [], mosse: [(11, 2, 1, 8, 1), (11, 11, 8, 3, 12), (7, 7, 7, 6), (7, 7, 1, 6, 2), (7, 7, 6, 7, 3)]
trasportoPalletDiGamma: {6: [(4, 5)], 7: [(6, 2), (7, 3)], 10: [(2, 6), (4, 4)], 8: [(9, 5)], 11: [(8, 1), (3, 12), (6, 2)], 2: [(4, 4)], 5: [(5, 5)], 9: [(6, 10)], 3: [(4, 5)], 4: [(9, 3)]}
itMosseLS: 15, itMosseTS: 15
time elapsed: 257.52s.


##########################################################################################
s: 1
dictSolutions[1]:
0 -> costo: 142853.10000000003, rotte: {4: [(1, 8), (8, 6)], 5: [(1, 4)], 11: [(1, 2), (2, 3), (3, 4)], 7: [(1, 5)], 2: [(1, 9)], 8: [(1, 6)], 3: [(1, 3)], 10: [(1, 7), (7, 6)], 9: [(1, 4)], 6: [(1, 9), (9, 4)]}, padri: [-1], figli: [1], mosse: [-1]
1 -> costo: 139729.30000000002, rotte: {4: [(1, 8), (8, 6)], 5: [(1, 4)], 11: [(1, 2), (2, 3), (3, 4)], 7: [(1, 5)], 2: [(1, 9)], 8: [(1, 6)], 3: [(1, 3)], 10: [(1, 6), (6, 7)], 9: [(1, 4)], 6: [(1, 9), (9, 4)]}, padri: [0], figli: [2, 5, 11], mosse: [(10, 10, 1, 6, 5)]
2 -> costo: 136868.10000000003, rotte: {4: [(1, 6)], 5: [(1, 4)], 11: [(1, 2), (2, 8), (8, 3), (3, 4)], 7: [(1, 5)], 2: [(1, 9)], 8: [(1, 6)], 3: [(1, 3)], 10: [(1, 6), (6, 7)], 9: [(1, 4)], 6: [(1, 9), (9, 4)]}, padri: [1], figli: [3, 4], mosse: [(11, 4, 2, 8, 1)]
3 -> costo: 134148.6, rotte: {4: [(1, 6)], 5: [(1, 4)], 11: [(1, 8), (8, 3), (3, 2), (2, 4)], 7: [(1, 5)], 2: [(1, 9)], 8: [(1, 6)], 3: [(1, 3)], 10: [(1, 6), (6, 7)], 9: [(1, 4)], 6: [(1, 9), (9, 4)]}, padri: [2, 4, 4, 4, 6, 10, 11], figli: [], mosse: [(11, 11, 3, 2, 6), (11, 11, 4, 2), (11, 11, 3, 2, 6), (11, 11, 2, 4, 1), (11, 11, 8, 3, 7), (11, 4, 2, 4, 1), (11, 11, 3, 2, 6)]
4 -> costo: 136672.30000000002, rotte: {4: [(1, 6)], 5: [(1, 4)], 11: [(1, 8), (8, 3), (3, 4), (4, 2)], 7: [(1, 5)], 2: [(1, 9)], 8: [(1, 6)], 3: [(1, 3)], 10: [(1, 6), (6, 7)], 9: [(1, 4)], 6: [(1, 9), (9, 4)]}, padri: [2], figli: [3, 3, 3], mosse: [(11, 11, 4, 2, 6)]
5 -> costo: 136868.10000000003, rotte: {4: [(1, 6)], 5: [(1, 4)], 11: [(1, 2), (2, 3), (3, 8), (8, 4)], 7: [(1, 5)], 2: [(1, 9)], 8: [(1, 6)], 3: [(1, 3)], 10: [(1, 6), (6, 7)], 9: [(1, 4)], 6: [(1, 9), (9, 4)]}, padri: [1], figli: [6, 7], mosse: [(11, 4, 3, 8, 1)]
6 -> costo: 134790.1, rotte: {4: [(1, 6)], 5: [(1, 4)], 11: [(1, 3), (3, 8), (8, 2), (2, 4)], 7: [(1, 5)], 2: [(1, 9)], 8: [(1, 6)], 3: [(1, 3)], 10: [(1, 6), (6, 7)], 9: [(1, 4)], 6: [(1, 9), (9, 4)]}, padri: [5, 9], figli: [3], mosse: [(11, 11, 8, 2, 6), (11, 4, 2, 4, 1)]
7 -> costo: 136701.6, rotte: {4: [(1, 6)], 5: [(1, 4)], 11: [(1, 4), (4, 2), (2, 3), (3, 8)], 7: [(1, 5)], 2: [(1, 9)], 8: [(1, 6)], 3: [(1, 3)], 10: [(1, 6), (6, 7)], 9: [(1, 4)], 6: [(1, 9), (9, 4)]}, padri: [5], figli: [8], mosse: [(11, 11, 1, 4, 1)]
8 -> costo: 135118.80000000002, rotte: {4: [(1, 4), (4, 6)], 5: [(1, 4)], 11: [(1, 2), (2, 3), (3, 8)], 7: [(1, 5)], 2: [(1, 9)], 8: [(1, 6)], 3: [(1, 3)], 10: [(1, 6), (6, 7)], 9: [(1, 4)], 6: [(1, 9), (9, 4)]}, padri: [7], figli: [9], mosse: [(4, 11, 1, 4, 1)]
9 -> costo: 134913.30000000002, rotte: {4: [(1, 4), (4, 6)], 5: [(1, 4)], 11: [(1, 3), (3, 8), (8, 2)], 7: [(1, 5)], 2: [(1, 9)], 8: [(1, 6)], 3: [(1, 3)], 10: [(1, 6), (6, 7)], 9: [(1, 4)], 6: [(1, 9), (9, 4)]}, padri: [8], figli: [10, 6], mosse: [(11, 11, 8, 2, 6)]
10 -> costo: 134271.80000000002, rotte: {4: [(1, 4), (4, 6)], 5: [(1, 4)], 11: [(1, 8), (8, 3), (3, 2)], 7: [(1, 5)], 2: [(1, 9)], 8: [(1, 6)], 3: [(1, 3)], 10: [(1, 6), (6, 7)], 9: [(1, 4)], 6: [(1, 9), (9, 4)]}, padri: [9], figli: [3], mosse: [(11, 11, 8, 3, 7)]
11 -> costo: 137358.0, rotte: {4: [(1, 6)], 5: [(1, 4)], 11: [(1, 8), (8, 2), (2, 3), (3, 4)], 7: [(1, 5)], 2: [(1, 9)], 8: [(1, 6)], 3: [(1, 3)], 10: [(1, 6), (6, 7)], 9: [(1, 4)], 6: [(1, 9), (9, 4)]}, padri: [1], figli: [3], mosse: [(11, 4, 1, 8, 1)]
bestSolutionIndice: 3
3 -> costo: 134148.6, rotte: {4: [(1, 6)], 5: [(1, 4)], 11: [(1, 8), (8, 3), (3, 2), (2, 4)], 7: [(1, 5)], 2: [(1, 9)], 8: [(1, 6)], 3: [(1, 3)], 10: [(1, 6), (6, 7)], 9: [(1, 4)], 6: [(1, 9), (9, 4)]}, padri: [2, 4, 4, 4, 6, 10, 11], figli: [], mosse: [(11, 11, 3, 2, 6), (11, 11, 4, 2), (11, 11, 3, 2, 6), (11, 11, 2, 4, 1), (11, 11, 8, 3, 7), (11, 4, 2, 4, 1), (11, 11, 3, 2, 6)]
trasportoPalletDiGamma: {4: [(6, 4)], 5: [(4, 5)], 11: [(8, 1), (3, 7), (2, 6), (4, 1)], 7: [(5, 5)], 2: [(9, 5)], 8: [(6, 5)], 3: [(3, 5)], 10: [(6, 5), (7, 3)], 9: [(4, 10)], 6: [(9, 3), (4, 2)]}
itMosseLS: 18, itMosseTS: 15
time elapsed: 316.91s.


##########################################################################################
s: 1
dictSolutions[1]:
0 -> costo: 146405.29999999996, rotte: {11: [(1, 6), (6, 9)], 4: [(1, 4)], 10: [(1, 5), (5, 4)], 3: [(1, 8), (8, 3), (3, 4)], 7: [(1, 3)], 9: [(1, 2), (2, 9)], 6: [(1, 7), (7, 4)], 5: [(1, 9)], 8: [(1, 4)], 2: [(1, 3)]}, padri: [-1], figli: [1], mosse: [-1]
1 -> costo: 139588.30000000002, rotte: {11: [(1, 6)], 4: [(1, 4)], 10: [(1, 5), (5, 4)], 3: [(1, 8), (8, 3), (3, 4)], 7: [(1, 3)], 9: [(1, 2), (2, 9)], 6: [(1, 7), (7, 4)], 5: [(1, 9)], 8: [(1, 4)], 2: [(1, 3)]}, padri: [0], figli: [2, 6], mosse: [(9, 11, 1, 9, 1)]
2 -> costo: 134606.9, rotte: {11: [(1, 6)], 4: [(1, 4)], 10: [(1, 5), (5, 4)], 3: [(1, 8), (8, 3), (3, 4)], 7: [(1, 3)], 9: [(1, 2), (2, 9)], 6: [(1, 4), (4, 7)], 5: [(1, 9)], 8: [(1, 4)], 2: [(1, 3)]}, padri: [1], figli: [3, 3, 3, 5, 5, 5, 5, 5], mosse: [(6, 6, 7, 4)]
3 -> costo: 132273.3, rotte: {11: [(1, 6)], 4: [(1, 4)], 10: [(1, 5), (5, 4)], 3: [(1, 8), (8, 3), (3, 4)], 7: [(1, 3)], 9: [(1, 9), (9, 2)], 6: [(1, 4), (4, 7)], 5: [(1, 9)], 8: [(1, 4)], 2: [(1, 3)]}, padri: [2, 2, 2], figli: [4, 4, 4], mosse: [(9, 9, 1, 9, 3), (9, 9, 2, 9), (9, 9, 9, 2, 6)]
4 -> costo: 130232.9, rotte: {11: [(1, 6)], 4: [(1, 4)], 10: [(1, 4), (4, 5)], 3: [(1, 8), (8, 3), (3, 4)], 7: [(1, 3)], 9: [(1, 9), (9, 2)], 6: [(1, 4), (4, 7)], 5: [(1, 9)], 8: [(1, 4)], 2: [(1, 3)]}, padri: [3, 3, 3, 5, 5, 5, 7], figli: [], mosse: [(10, 10, 5, 4), (10, 10, 1, 4, 5), (10, 10, 4, 5, 5), (9, 9, 1, 9, 3), (9, 9, 2, 9), (9, 9, 9, 2, 6), (6, 6, 7, 4)]
5 -> costo: 132566.5, rotte: {11: [(1, 6)], 4: [(1, 4)], 10: [(1, 4), (4, 5)], 3: [(1, 8), (8, 3), (3, 4)], 7: [(1, 3)], 9: [(1, 2), (2, 9)], 6: [(1, 4), (4, 7)], 5: [(1, 9)], 8: [(1, 4)], 2: [(1, 3)]}, padri: [2, 2, 2], figli: [4, 4, 4], mosse: [(10, 10, 5, 4), (10, 10, 1, 4, 5), (10, 10, 4, 5, 5)]
6 -> costo: 137254.7, rotte: {11: [(1, 6)], 4: [(1, 4)], 10: [(1, 5), (5, 4)], 3: [(1, 8), (8, 3), (3, 4)], 7: [(1, 3)], 9: [(1, 9), (9, 2)], 6: [(1, 7), (7, 4)], 5: [(1, 9)], 8: [(1, 4)], 2: [(1, 3)]}, padri: [1], figli: [7, 7], mosse: [(9, 9, 2, 9)]
7 -> costo: 135214.30000000002, rotte: {11: [(1, 6)], 4: [(1, 4)], 10: [(1, 4), (4, 5)], 3: [(1, 8), (8, 3), (3, 4)], 7: [(1, 3)], 9: [(1, 9), (9, 2)], 6: [(1, 7), (7, 4)], 5: [(1, 9)], 8: [(1, 4)], 2: [(1, 3)]}, padri: [6, 6], figli: [4], mosse: [(10, 10, 1, 4, 5), (10, 10, 4, 5, 5)]
bestSolutionIndice: 4
4 -> costo: 130232.9, rotte: {11: [(1, 6)], 4: [(1, 4)], 10: [(1, 4), (4, 5)], 3: [(1, 8), (8, 3), (3, 4)], 7: [(1, 3)], 9: [(1, 9), (9, 2)], 6: [(1, 4), (4, 7)], 5: [(1, 9)], 8: [(1, 4)], 2: [(1, 3)]}, padri: [3, 3, 3, 5, 5, 5, 7], figli: [], mosse: [(10, 10, 5, 4), (10, 10, 1, 4, 5), (10, 10, 4, 5, 5), (9, 9, 1, 9, 3), (9, 9, 2, 9), (9, 9, 9, 2, 6), (6, 6, 7, 4)]
trasportoPalletDiGamma: {11: [(6, 14)], 4: [(4, 5)], 10: [(4, 5), (5, 5)], 3: [(8, 1), (3, 2), (4, 1)], 7: [(3, 5)], 9: [(9, 3), (2, 6)], 6: [(4, 2), (7, 3)], 5: [(9, 5)], 8: [(4, 5)], 2: [(3, 5)]}
itMosseLS: 18, itMosseTS: 15
time elapsed: 284.55s.


##########################################################################################
s: 1
dictSolutions[1]:
0 -> costo: 157233.09999999995, rotte: {10: [(1, 5), (5, 6)], 7: [(1, 7), (7, 3)], 2: [(1, 2)], 11: [(1, 8), (8, 9), (9, 6), (6, 3)], 6: [(1, 4)], 8: [(1, 6)], 4: [(1, 3)], 3: [(1, 9)], 9: [(1, 2), (2, 4), (4, 3)], 5: [(1, 4)]}, padri: [-1], figli: [1], mosse: [-1]
1 -> costo: 146738.3, rotte: {10: [(1, 5), (5, 6)], 7: [(1, 7)], 2: [(1, 2)], 11: [(1, 8), (8, 9), (9, 6), (6, 3)], 6: [(1, 4)], 8: [(1, 6)], 4: [(1, 3)], 3: [(1, 9)], 9: [(1, 2), (2, 4), (4, 3)], 5: [(1, 4)]}, padri: [0], figli: [2], mosse: [(11, 7, 1, 3, 2)]
2 -> costo: 144256.69999999998, rotte: {10: [(1, 5), (5, 6)], 7: [(1, 7)], 2: [(1, 2)], 11: [(1, 8), (8, 9), (9, 3), (3, 6)], 6: [(1, 4)], 8: [(1, 6)], 4: [(1, 3)], 3: [(1, 9)], 9: [(1, 2), (2, 4), (4, 3)], 5: [(1, 4)]}, padri: [1], figli: [3], mosse: [(11, 11, 6, 3)]
3 -> costo: 139139.4, rotte: {10: [(1, 5), (5, 6)], 7: [(1, 7)], 2: [(1, 2)], 11: [(1, 9), (9, 8), (8, 3), (3, 6)], 6: [(1, 4)], 8: [(1, 6)], 4: [(1, 3)], 3: [(1, 9)], 9: [(1, 2), (2, 4), (4, 3)], 5: [(1, 4)]}, padri: [2], figli: [4], mosse: [(11, 11, 9, 8, 1)]
4 -> costo: 138039.69999999998, rotte: {10: [(1, 5), (5, 6)], 7: [(1, 7)], 2: [(1, 2)], 11: [(1, 9), (9, 8), (8, 3), (3, 6)], 6: [(1, 4)], 8: [(1, 6)], 4: [(1, 3)], 3: [(1, 9)], 9: [(1, 2), (2, 3), (3, 4)], 5: [(1, 4)]}, padri: [3], figli: [5, 7], mosse: [(9, 9, 4, 3)]
5 -> costo: 134487.6, rotte: {10: [(1, 5), (5, 6)], 7: [(1, 7)], 2: [(1, 2)], 11: [(1, 9), (9, 8), (8, 3), (3, 6)], 6: [(1, 4)], 8: [(1, 6)], 4: [(1, 3)], 3: [(1, 9)], 9: [(1, 2), (2, 4)], 5: [(1, 4)]}, padri: [4], figli: [6, 6, 6, 8, 8, 8], mosse: [(11, 9, 1, 3, 1)]
6 -> costo: 134290.9, rotte: {10: [(1, 6), (6, 5)], 7: [(1, 7)], 2: [(1, 2)], 11: [(1, 9), (9, 8), (8, 3), (3, 6)], 6: [(1, 4)], 8: [(1, 6)], 4: [(1, 3)], 3: [(1, 9)], 9: [(1, 2), (2, 4)], 5: [(1, 4)]}, padri: [5, 5, 5, 7, 7, 7, 7, 11, 11, 11], figli: [], mosse: [(10, 10, 5, 6), (10, 10, 1, 6, 5), (10, 10, 6, 5, 5), (11, 9, 1, 3, 1), (11, 9, 9, 3, 1), (11, 9, 8, 3, 1), (11, 9, 6, 3, 1), (11, 9, 1, 3, 1), (11, 9, 9, 3, 1), (11, 9, 8, 3, 1)]
7 -> costo: 137843.0, rotte: {10: [(1, 6), (6, 5)], 7: [(1, 7)], 2: [(1, 2)], 11: [(1, 9), (9, 8), (8, 3), (3, 6)], 6: [(1, 4)], 8: [(1, 6)], 4: [(1, 3)], 3: [(1, 9)], 9: [(1, 2), (2, 3), (3, 4)], 5: [(1, 4)]}, padri: [4], figli: [6, 6, 6, 6, 8, 8, 8, 8, 9], mosse: [(10, 10, 5, 6)]
8 -> costo: 136073.19999999998, rotte: {10: [(1, 6), (6, 5)], 7: [(1, 7)], 2: [(1, 2)], 11: [(1, 9), (9, 8), (8, 3), (3, 2), (2, 6)], 6: [(1, 4)], 8: [(1, 6)], 4: [(1, 3)], 3: [(1, 9)], 9: [(1, 3), (3, 4)], 5: [(1, 4)]}, padri: [7], figli: [], mosse: [(11, 9, 3, 2, 1)]
9 -> costo: 137447.4, rotte: {10: [(1, 6), (6, 5)], 7: [(1, 2), (2, 7)], 2: [(1, 2)], 11: [(1, 9), (9, 8), (8, 3), (3, 6)], 6: [(1, 4)], 8: [(1, 6)], 4: [(1, 3)], 3: [(1, 9)], 9: [(1, 3), (3, 4)], 5: [(1, 4)]}, padri: [7], figli: [10, 10, 10, 10, 11, 11, 11, 11], mosse: [(7, 9, 1, 2, 1)]
10 -> costo: 135155.6, rotte: {10: [(1, 6), (6, 5)], 7: [(1, 2), (2, 7)], 2: [(1, 2)], 11: [(1, 9), (9, 8), (8, 3), (3, 6)], 6: [(1, 4)], 8: [(1, 6)], 4: [(1, 3)], 3: [(1, 9)], 9: [(1, 4)], 5: [(1, 4)]}, padri: [9, 9, 9, 9], figli: [], mosse: [(11, 9, 1, 3, 1), (11, 9, 9, 3, 1), (11, 9, 8, 3, 1), (11, 9, 6, 3, 1)]
11 -> costo: 135765.0, rotte: {10: [(1, 6), (6, 5)], 7: [(1, 7)], 2: [(1, 2)], 11: [(1, 9), (9, 8), (8, 3), (3, 6)], 6: [(1, 4)], 8: [(1, 6)], 4: [(1, 3)], 3: [(1, 9)], 9: [(1, 3), (3, 2), (2, 4)], 5: [(1, 4)]}, padri: [9], figli: [6, 6, 6], mosse: [(9, 7, 3, 2, 1)]
bestSolutionIndice: 6
6 -> costo: 134290.9, rotte: {10: [(1, 6), (6, 5)], 7: [(1, 7)], 2: [(1, 2)], 11: [(1, 9), (9, 8), (8, 3), (3, 6)], 6: [(1, 4)], 8: [(1, 6)], 4: [(1, 3)], 3: [(1, 9)], 9: [(1, 2), (2, 4)], 5: [(1, 4)]}, padri: [5, 5, 5, 7, 7, 7, 7, 11, 11, 11], figli: [], mosse: [(10, 10, 5, 6), (10, 10, 1, 6, 5), (10, 10, 6, 5, 5), (11, 9, 1, 3, 1), (11, 9, 9, 3, 1), (11, 9, 8, 3, 1), (11, 9, 6, 3, 1), (11, 9, 1, 3, 1), (11, 9, 9, 3, 1), (11, 9, 8, 3, 1)]
trasportoPalletDiGamma: {10: [(6, 5), (5, 5)], 7: [(7, 3)], 2: [(2, 5)], 11: [(9, 3), (8, 1), (3, 7), (6, 4)], 6: [(4, 5)], 8: [(6, 5)], 4: [(3, 5)], 3: [(9, 5)], 9: [(2, 1), (4, 8)], 5: [(4, 5)]}
itMosseLS: 23, itMosseTS: 15
time elapsed: 297.29s.


##########################################################################################
s: 1
dictSolutions[1]:
0 -> costo: 138518.0, rotte: {4: [(1, 7), (7, 4)], 10: [(1, 3)], 8: [(1, 5)], 3: [(1, 9)], 9: [(1, 4)], 11: [(1, 6), (6, 4)], 5: [(1, 8), (8, 2)], 6: [(1, 2)], 2: [(1, 3), (3, 4)], 7: [(1, 9), (9, 4)]}, padri: [-1], figli: [1], mosse: [-1]
1 -> costo: 133536.6, rotte: {4: [(1, 4), (4, 7)], 10: [(1, 3)], 8: [(1, 5)], 3: [(1, 9)], 9: [(1, 4)], 11: [(1, 6), (6, 4)], 5: [(1, 8), (8, 2)], 6: [(1, 2)], 2: [(1, 3), (3, 4)], 7: [(1, 9), (9, 4)]}, padri: [0], figli: [2], mosse: [(4, 4, 1, 4, 2)]
2 -> costo: 131695.80000000002, rotte: {4: [(1, 4), (4, 7)], 10: [(1, 3)], 8: [(1, 5)], 3: [(1, 9)], 9: [(1, 4)], 11: [(1, 4), (4, 6)], 5: [(1, 8), (8, 2)], 6: [(1, 2)], 2: [(1, 3), (3, 4)], 7: [(1, 9), (9, 4)]}, padri: [1], figli: [3, 5, 6, 7, 8], mosse: [(11, 11, 6, 4)]
3 -> costo: 129746.70000000003, rotte: {4: [(1, 4), (4, 7)], 10: [(1, 3)], 8: [(1, 5)], 3: [(1, 9)], 9: [(1, 4)], 11: [(1, 4), (4, 6)], 5: [(1, 8), (8, 3), (3, 2)], 6: [(1, 2)], 2: [(1, 4)], 7: [(1, 9), (9, 4)]}, padri: [2, 5, 7, 7, 7, 9], figli: [4], mosse: [(5, 2, 8, 3, 2), (5, 5, 8, 3, 2), (5, 5, 2, 3), (5, 5, 8, 3, 2), (5, 5, 3, 2, 1), (5, 5, 3, 2, 1)]
4 -> costo: 129623.50000000003, rotte: {4: [(1, 4), (4, 7)], 10: [(1, 3)], 8: [(1, 5)], 3: [(1, 9)], 9: [(1, 4)], 11: [(1, 6)], 5: [(1, 8), (8, 3), (3, 2), (2, 4)], 6: [(1, 2)], 2: [(1, 4)], 7: [(1, 9), (9, 4)]}, padri: [3, 6], figli: [], mosse: [(5, 11, 2, 4, 1), (5, 5, 8, 3, 2)]
5 -> costo: 130388.2, rotte: {4: [(1, 4), (4, 7)], 10: [(1, 3)], 8: [(1, 5)], 3: [(1, 9)], 9: [(1, 4)], 11: [(1, 4), (4, 6)], 5: [(1, 3), (3, 8), (8, 2)], 6: [(1, 2)], 2: [(1, 4)], 7: [(1, 9), (9, 4)]}, padri: [2, 7, 8], figli: [3, 6], mosse: [(5, 2, 1, 3, 2), (5, 5, 1, 3, 2), (5, 5, 8, 2, 1)]
6 -> costo: 130265.0, rotte: {4: [(1, 4), (4, 7)], 10: [(1, 3)], 8: [(1, 5)], 3: [(1, 9)], 9: [(1, 4)], 11: [(1, 6)], 5: [(1, 3), (3, 8), (8, 2), (2, 4)], 6: [(1, 2)], 2: [(1, 4)], 7: [(1, 9), (9, 4)]}, padri: [5], figli: [4], mosse: [(5, 11, 2, 4, 1)]
7 -> costo: 131489.7, rotte: {4: [(1, 4), (4, 7)], 10: [(1, 3)], 8: [(1, 5)], 3: [(1, 9)], 9: [(1, 4)], 11: [(1, 4), (4, 6)], 5: [(1, 8), (8, 2), (2, 3)], 6: [(1, 2)], 2: [(1, 4)], 7: [(1, 9), (9, 4)]}, padri: [2], figli: [3, 3, 3, 5, 8, 9], mosse: [(5, 2, 2, 3, 2)]
8 -> costo: 130593.70000000001, rotte: {4: [(1, 4), (4, 7)], 10: [(1, 3)], 8: [(1, 5)], 3: [(1, 9)], 9: [(1, 4)], 11: [(1, 4), (4, 6)], 5: [(1, 2), (2, 3), (3, 8)], 6: [(1, 2)], 2: [(1, 4)], 7: [(1, 9), (9, 4)]}, padri: [7, 9, 9, 9], figli: [5], mosse: [(5, 5, 3, 8, 1), (5, 5, 8, 3), (5, 5, 2, 3, 2), (5, 5, 3, 8, 1)]
9 -> costo: 130999.80000000002, rotte: {4: [(1, 4), (4, 7)], 10: [(1, 3)], 8: [(1, 5)], 3: [(1, 9)], 9: [(1, 4)], 11: [(1, 4), (4, 6)], 5: [(1, 2), (2, 8), (8, 3)], 6: [(1, 2)], 2: [(1, 4)], 7: [(1, 9), (9, 4)]}, padri: [7], figli: [8, 3, 8, 8], mosse: [(5, 5, 2, 8, 1)]
bestSolutionIndice: 4
4 -> costo: 129623.50000000003, rotte: {4: [(1, 4), (4, 7)], 10: [(1, 3)], 8: [(1, 5)], 3: [(1, 9)], 9: [(1, 4)], 11: [(1, 6)], 5: [(1, 8), (8, 3), (3, 2), (2, 4)], 6: [(1, 2)], 2: [(1, 4)], 7: [(1, 9), (9, 4)]}, padri: [3, 6], figli: [], mosse: [(5, 11, 2, 4, 1), (5, 5, 8, 3, 2)]
trasportoPalletDiGamma: {4: [(4, 2), (7, 3)], 10: [(3, 10)], 8: [(5, 5)], 3: [(9, 5)], 9: [(4, 10)], 11: [(6, 14)], 5: [(8, 1), (3, 2), (2, 1), (4, 1)], 6: [(2, 5)], 2: [(4, 3)], 7: [(9, 3), (4, 2)]}
itMosseLS: 20, itMosseTS: 15
time elapsed: 317.23s.


##########################################################################################
s: 1
dictSolutions[1]:
0 -> costo: 147486.90000000002, rotte: {8: [(1, 5)], 3: [(1, 2)], 4: [(1, 7), (7, 4)], 6: [(1, 8), (8, 3), (3, 6)], 7: [(1, 9)], 5: [(1, 6)], 10: [(1, 4)], 9: [(1, 3)], 2: [(1, 2), (2, 6)], 11: [(1, 9), (9, 4), (4, 6)]}, padri: [-1], figli: [1, 1, 1, 3, 3, 3], mosse: [-1]
1 -> costo: 142505.5, rotte: {8: [(1, 5)], 3: [(1, 2)], 4: [(1, 4), (4, 7)], 6: [(1, 8), (8, 3), (3, 6)], 7: [(1, 9)], 5: [(1, 6)], 10: [(1, 4)], 9: [(1, 3)], 2: [(1, 2), (2, 6)], 11: [(1, 9), (9, 4), (4, 6)]}, padri: [0, 0, 0], figli: [2], mosse: [(4, 4, 1, 4, 2), (4, 4, 7, 4), (4, 4, 4, 7, 3)]
2 -> costo: 141243.2, rotte: {8: [(1, 5)], 3: [(1, 2)], 4: [(1, 4), (4, 7)], 6: [(1, 8), (8, 3), (3, 6)], 7: [(1, 9)], 5: [(1, 6)], 10: [(1, 4)], 9: [(1, 3)], 2: [(1, 6)], 11: [(1, 9), (9, 2), (2, 4), (4, 6)]}, padri: [1], figli: [], mosse: [(11, 2, 9, 2, 1)]
3 -> costo: 144100.2, rotte: {8: [(1, 5)], 3: [(1, 2)], 4: [(1, 4)], 6: [(1, 8), (8, 3), (3, 6)], 7: [(1, 9)], 5: [(1, 6)], 10: [(1, 4)], 9: [(1, 3)], 2: [(1, 2), (2, 6)], 11: [(1, 9), (9, 4), (4, 7), (7, 6)]}, padri: [0], figli: [4, 4, 4, 7, 7, 7], mosse: [(11, 4, 4, 7, 3)]
4 -> costo: 142058.30000000002, rotte: {8: [(1, 5)], 3: [(1, 2)], 4: [(1, 4)], 6: [(1, 8), (8, 3), (3, 6)], 7: [(1, 9)], 5: [(1, 6)], 10: [(1, 4)], 9: [(1, 3)], 2: [(1, 2), (2, 6)], 11: [(1, 9), (9, 4), (4, 6), (6, 7)]}, padri: [3, 3, 3], figli: [5, 6, 8], mosse: [(11, 11, 7, 6), (11, 11, 4, 6, 3), (11, 11, 6, 7, 3)]
5 -> costo: 140196.50000000003, rotte: {8: [(1, 5)], 3: [(1, 2)], 4: [(1, 2), (2, 4)], 6: [(1, 8), (8, 3), (3, 6)], 7: [(1, 9)], 5: [(1, 6)], 10: [(1, 4)], 9: [(1, 3)], 2: [(1, 6)], 11: [(1, 9), (9, 4), (4, 6), (6, 7)]}, padri: [4, 6, 6, 6, 7, 7, 7, 8], figli: [], mosse: [(4, 2, 1, 2, 1), (4, 4, 4, 2), (4, 4, 1, 2, 1), (4, 4, 2, 4, 2), (11, 11, 7, 6), (11, 11, 4, 6, 3), (11, 11, 6, 7, 3), (11, 11, 4, 6, 3)]
6 -> costo: 141902.50000000003, rotte: {8: [(1, 5)], 3: [(1, 2)], 4: [(1, 4), (4, 2)], 6: [(1, 8), (8, 3), (3, 6)], 7: [(1, 9)], 5: [(1, 6)], 10: [(1, 4)], 9: [(1, 3)], 2: [(1, 6)], 11: [(1, 9), (9, 4), (4, 6), (6, 7)]}, padri: [4], figli: [5, 5, 5, 8, 8, 8], mosse: [(4, 2, 4, 2, 1)]
7 -> costo: 142238.40000000002, rotte: {8: [(1, 5)], 3: [(1, 2)], 4: [(1, 2), (2, 4)], 6: [(1, 8), (8, 3), (3, 6)], 7: [(1, 9)], 5: [(1, 6)], 10: [(1, 4)], 9: [(1, 3)], 2: [(1, 6)], 11: [(1, 9), (9, 4), (4, 7), (7, 6)]}, padri: [3], figli: [5, 5, 5, 8, 8, 8], mosse: [(4, 2, 1, 2, 1)]
8 -> costo: 142045.4, rotte: {8: [(1, 5)], 3: [(1, 2)], 4: [(1, 2), (2, 4)], 6: [(1, 8), (8, 3), (3, 6)], 7: [(1, 9)], 5: [(1, 6)], 10: [(1, 4)], 9: [(1, 3)], 2: [(1, 6)], 11: [(1, 9), (9, 6), (6, 4), (4, 7)]}, padri: [7], figli: [5], mosse: [(11, 11, 9, 6, 3)]
bestSolutionIndice: 5
5 -> costo: 140196.50000000003, rotte: {8: [(1, 5)], 3: [(1, 2)], 4: [(1, 2), (2, 4)], 6: [(1, 8), (8, 3), (3, 6)], 7: [(1, 9)], 5: [(1, 6)], 10: [(1, 4)], 9: [(1, 3)], 2: [(1, 6)], 11: [(1, 9), (9, 4), (4, 6), (6, 7)]}, padri: [4, 6, 6, 6, 7, 7, 7, 8], figli: [], mosse: [(4, 2, 1, 2, 1), (4, 4, 4, 2), (4, 4, 1, 2, 1), (4, 4, 2, 4, 2), (11, 11, 7, 6), (11, 11, 4, 6, 3), (11, 11, 6, 7, 3), (11, 11, 4, 6, 3)]
trasportoPalletDiGamma: {8: [(5, 5)], 3: [(2, 5)], 4: [(2, 1), (4, 2)], 6: [(8, 1), (3, 2), (6, 2)], 7: [(9, 5)], 5: [(6, 5)], 10: [(4, 10)], 9: [(3, 10)], 2: [(6, 4)], 11: [(9, 3), (4, 6), (6, 3), (7, 3)]}
itMosseLS: 19, itMosseTS: 15
time elapsed: 374.46s.


##########################################################################################
s: 1
dictSolutions[1]:
0 -> costo: 142233.1, rotte: {5: [(1, 7), (7, 6)], 4: [(1, 8), (8, 4)], 7: [(1, 4)], 9: [(1, 2), (2, 6)], 11: [(1, 3), (3, 6)], 8: [(1, 9)], 3: [(1, 5)], 2: [(1, 6)], 10: [(1, 4)], 6: [(1, 9)]}, padri: [-1], figli: [1, 1, 1], mosse: [-1]
1 -> costo: 139109.3, rotte: {5: [(1, 6), (6, 7)], 4: [(1, 8), (8, 4)], 7: [(1, 4)], 9: [(1, 2), (2, 6)], 11: [(1, 3), (3, 6)], 8: [(1, 9)], 3: [(1, 5)], 2: [(1, 6)], 10: [(1, 4)], 6: [(1, 9)]}, padri: [0, 0, 0], figli: [], mosse: [(5, 5, 1, 6, 2), (5, 5, 7, 6), (5, 5, 6, 7, 3)]
bestSolutionIndice: 1
1 -> costo: 139109.3, rotte: {5: [(1, 6), (6, 7)], 4: [(1, 8), (8, 4)], 7: [(1, 4)], 9: [(1, 2), (2, 6)], 11: [(1, 3), (3, 6)], 8: [(1, 9)], 3: [(1, 5)], 2: [(1, 6)], 10: [(1, 4)], 6: [(1, 9)]}, padri: [0, 0, 0], figli: [], mosse: [(5, 5, 1, 6, 2), (5, 5, 7, 6), (5, 5, 6, 7, 3)]
trasportoPalletDiGamma: {5: [(6, 2), (7, 3)], 4: [(8, 1), (4, 3)], 7: [(4, 5)], 9: [(2, 6), (6, 4)], 11: [(3, 12), (6, 3)], 8: [(9, 5)], 3: [(5, 5)], 2: [(6, 5)], 10: [(4, 10)], 6: [(9, 3)]}
itMosseLS: 3, itMosseTS: 3
time elapsed: 61.80s.


##########################################################################################
s: 1
dictSolutions[1]:
0 -> costo: 151611.80000000002, rotte: {4: [(1, 5)], 2: [(1, 9)], 7: [(1, 6)], 6: [(1, 2)], 11: [(1, 7), (7, 3), (3, 6)], 8: [(1, 3)], 9: [(1, 8), (8, 4), (4, 2)], 10: [(1, 4)], 3: [(1, 9), (9, 6)], 5: [(1, 6)]}, padri: [-1], figli: [1], mosse: [-1]
1 -> costo: 142971.4, rotte: {4: [(1, 5)], 2: [(1, 9)], 7: [(1, 6)], 6: [(1, 2)], 11: [(1, 3), (3, 7), (7, 6)], 8: [(1, 3)], 9: [(1, 8), (8, 4), (4, 2)], 10: [(1, 4)], 3: [(1, 9), (9, 6)], 5: [(1, 6)]}, padri: [0], figli: [2], mosse: [(11, 11, 3, 7, 3)]
2 -> costo: 140447.69999999998, rotte: {4: [(1, 5)], 2: [(1, 9)], 7: [(1, 6)], 6: [(1, 2)], 11: [(1, 3), (3, 7), (7, 6)], 8: [(1, 3)], 9: [(1, 8), (8, 2), (2, 4)], 10: [(1, 4)], 3: [(1, 9), (9, 6)], 5: [(1, 6)]}, padri: [1], figli: [3, 3, 3, 8, 8, 8, 10], mosse: [(9, 9, 4, 2)]
3 -> costo: 138012.8, rotte: {4: [(1, 5)], 2: [(1, 9)], 7: [(1, 6)], 6: [(1, 2)], 11: [(1, 3), (3, 6), (6, 7)], 8: [(1, 3)], 9: [(1, 8), (8, 2), (2, 4)], 10: [(1, 4)], 3: [(1, 9), (9, 6)], 5: [(1, 6)]}, padri: [2, 2, 2], figli: [4, 6, 7, 9], mosse: [(11, 11, 3, 6, 2), (11, 11, 7, 6), (11, 11, 6, 7, 3)]
4 -> costo: 136881.4, rotte: {4: [(1, 5)], 2: [(1, 9)], 7: [(1, 6)], 6: [(1, 2)], 11: [(1, 8), (8, 3), (3, 6), (6, 7)], 8: [(1, 3)], 9: [(1, 2), (2, 4)], 10: [(1, 4)], 3: [(1, 9), (9, 6)], 5: [(1, 6)]}, padri: [3, 6, 8, 8, 8], figli: [5], mosse: [(11, 9, 1, 8, 1), (11, 11, 8, 3, 7), (11, 11, 7, 6), (11, 11, 3, 6, 2), (11, 11, 6, 7, 3)]
5 -> costo: 136371.9, rotte: {4: [(1, 5)], 2: [(1, 9)], 7: [(1, 6)], 6: [(1, 2)], 11: [(1, 8), (8, 3), (3, 2), (2, 6), (6, 7)], 8: [(1, 3)], 9: [(1, 4)], 10: [(1, 4)], 3: [(1, 9), (9, 6)], 5: [(1, 6)]}, padri: [4, 7, 9], figli: [], mosse: [(11, 9, 3, 2, 1), (11, 11, 8, 3, 7), (11, 11, 7, 6)]
6 -> costo: 137522.9, rotte: {4: [(1, 5)], 2: [(1, 9)], 7: [(1, 6)], 6: [(1, 2)], 11: [(1, 3), (3, 8), (8, 6), (6, 7)], 8: [(1, 3)], 9: [(1, 2), (2, 4)], 10: [(1, 4)], 3: [(1, 9), (9, 6)], 5: [(1, 6)]}, padri: [3, 10], figli: [4, 7, 9], mosse: [(11, 9, 3, 8, 1), (11, 11, 7, 6)]
7 -> costo: 137013.4, rotte: {4: [(1, 5)], 2: [(1, 9)], 7: [(1, 6)], 6: [(1, 2)], 11: [(1, 3), (3, 8), (8, 2), (2, 6), (6, 7)], 8: [(1, 3)], 9: [(1, 4)], 10: [(1, 4)], 3: [(1, 9), (9, 6)], 5: [(1, 6)]}, padri: [6], figli: [5], mosse: [(11, 9, 8, 2, 1)]
8 -> costo: 139316.3, rotte: {4: [(1, 5)], 2: [(1, 9)], 7: [(1, 6)], 6: [(1, 2)], 11: [(1, 8), (8, 3), (3, 7), (7, 6)], 8: [(1, 3)], 9: [(1, 2), (2, 4)], 10: [(1, 4)], 3: [(1, 9), (9, 6)], 5: [(1, 6)]}, padri: [2], figli: [4, 4, 4, 9, 9, 9], mosse: [(11, 9, 1, 8, 1)]
9 -> costo: 138498.6, rotte: {4: [(1, 5)], 2: [(1, 9)], 7: [(1, 6)], 6: [(1, 2)], 11: [(1, 8), (8, 3), (3, 2), (2, 7), (7, 6)], 8: [(1, 3)], 9: [(1, 4)], 10: [(1, 4)], 3: [(1, 9), (9, 6)], 5: [(1, 6)]}, padri: [8], figli: [5], mosse: [(11, 9, 3, 2, 1)]
10 -> costo: 139957.8, rotte: {4: [(1, 5)], 2: [(1, 9)], 7: [(1, 6)], 6: [(1, 2)], 11: [(1, 3), (3, 8), (8, 7), (7, 6)], 8: [(1, 3)], 9: [(1, 2), (2, 4)], 10: [(1, 4)], 3: [(1, 9), (9, 6)], 5: [(1, 6)]}, padri: [2], figli: [6], mosse: [(11, 9, 3, 8, 1)]
bestSolutionIndice: 5
5 -> costo: 136371.9, rotte: {4: [(1, 5)], 2: [(1, 9)], 7: [(1, 6)], 6: [(1, 2)], 11: [(1, 8), (8, 3), (3, 2), (2, 6), (6, 7)], 8: [(1, 3)], 9: [(1, 4)], 10: [(1, 4)], 3: [(1, 9), (9, 6)], 5: [(1, 6)]}, padri: [4, 7, 9], figli: [], mosse: [(11, 9, 3, 2, 1), (11, 11, 8, 3, 7), (11, 11, 7, 6)]
trasportoPalletDiGamma: {4: [(5, 5)], 2: [(9, 5)], 7: [(6, 5)], 6: [(2, 5)], 11: [(8, 1), (3, 7), (2, 1), (6, 2), (7, 3)], 8: [(3, 5)], 9: [(4, 8)], 10: [(4, 10)], 3: [(9, 3), (6, 2)], 5: [(6, 5)]}
itMosseLS: 19, itMosseTS: 15
time elapsed: 337.71s.


##########################################################################################
s: 1
dictSolutions[1]:
0 -> costo: 147679.3, rotte: {7: [(1, 3)], 11: [(1, 4)], 5: [(1, 6)], 8: [(1, 2)], 4: [(1, 9)], 9: [(1, 7), (7, 6)], 10: [(1, 5), (5, 2), (2, 6)], 3: [(1, 8), (8, 9)], 6: [(1, 3)], 2: [(1, 4), (4, 3)]}, padri: [-1], figli: [1], mosse: [-1]
1 -> costo: 141998.69999999998, rotte: {7: [(1, 3)], 11: [(1, 4)], 5: [(1, 6)], 8: [(1, 2)], 4: [(1, 9)], 9: [(1, 7), (7, 6)], 10: [(1, 5), (5, 6), (6, 2)], 3: [(1, 8), (8, 9)], 6: [(1, 3)], 2: [(1, 4), (4, 3)]}, padri: [0], figli: [2], mosse: [(10, 10, 2, 6)]
2 -> costo: 138874.9, rotte: {7: [(1, 3)], 11: [(1, 4)], 5: [(1, 6)], 8: [(1, 2)], 4: [(1, 9)], 9: [(1, 6), (6, 7)], 10: [(1, 5), (5, 6), (6, 2)], 3: [(1, 8), (8, 9)], 6: [(1, 3)], 2: [(1, 4), (4, 3)]}, padri: [1], figli: [3], mosse: [(9, 9, 1, 6, 7)]
3 -> costo: 136514.90000000002, rotte: {7: [(1, 3)], 11: [(1, 4)], 5: [(1, 6)], 8: [(1, 2)], 4: [(1, 9)], 9: [(1, 6), (6, 7)], 10: [(1, 5), (5, 6), (6, 2)], 3: [(1, 8), (8, 9)], 6: [(1, 3)], 2: [(1, 3), (3, 4)]}, padri: [2], figli: [4, 10, 11], mosse: [(2, 2, 4, 3)]
4 -> costo: 134878.2, rotte: {7: [(1, 3)], 11: [(1, 4)], 5: [(1, 6)], 8: [(1, 2)], 4: [(1, 9)], 9: [(1, 6), (6, 7)], 10: [(1, 8), (8, 5), (5, 6), (6, 2)], 3: [(1, 9)], 6: [(1, 3)], 2: [(1, 3), (3, 4)]}, padri: [3], figli: [5, 7, 9], mosse: [(10, 3, 1, 8, 1)]
5 -> costo: 128968.99999999999, rotte: {7: [(1, 3)], 11: [(1, 4)], 5: [(1, 6)], 8: [(1, 2)], 4: [(1, 9)], 9: [(1, 6), (6, 7)], 10: [(1, 8), (8, 2), (2, 5), (5, 6)], 3: [(1, 9)], 6: [(1, 3)], 2: [(1, 3), (3, 4)]}, padri: [4, 7], figli: [6, 6, 6], mosse: [(10, 10, 8, 2, 1), (10, 10, 8, 2, 1)]
6 -> costo: 128772.29999999997, rotte: {7: [(1, 3)], 11: [(1, 4)], 5: [(1, 6)], 8: [(1, 2)], 4: [(1, 9)], 9: [(1, 6), (6, 7)], 10: [(1, 8), (8, 2), (2, 6), (6, 5)], 3: [(1, 9)], 6: [(1, 3)], 2: [(1, 3), (3, 4)]}, padri: [5, 5, 5, 8], figli: [], mosse: [(10, 10, 5, 6), (10, 10, 2, 6, 2), (10, 10, 6, 5, 5), (10, 10, 8, 2, 1)]
7 -> costo: 131380.3, rotte: {7: [(1, 3)], 11: [(1, 4)], 5: [(1, 6)], 8: [(1, 2)], 4: [(1, 9)], 9: [(1, 6), (6, 7)], 10: [(1, 2), (2, 8), (8, 5), (5, 6)], 3: [(1, 9)], 6: [(1, 3)], 2: [(1, 3), (3, 4)]}, padri: [4], figli: [8, 5, 8, 8], mosse: [(10, 10, 1, 2, 1)]
8 -> costo: 131183.59999999998, rotte: {7: [(1, 3)], 11: [(1, 4)], 5: [(1, 6)], 8: [(1, 2)], 4: [(1, 9)], 9: [(1, 6), (6, 7)], 10: [(1, 2), (2, 8), (8, 6), (6, 5)], 3: [(1, 9)], 6: [(1, 3)], 2: [(1, 3), (3, 4)]}, padri: [7, 7, 7], figli: [6], mosse: [(10, 10, 5, 6), (10, 10, 8, 6, 2), (10, 10, 6, 5, 5)]
9 -> costo: 133353.9, rotte: {7: [(1, 3)], 11: [(1, 4)], 5: [(1, 6)], 8: [(1, 2)], 4: [(1, 9)], 9: [(1, 6), (6, 7)], 10: [(1, 5), (5, 6), (6, 2), (2, 8)], 3: [(1, 9)], 6: [(1, 3)], 2: [(1, 3), (3, 4)]}, padri: [4, 11, 11, 11], figli: [], mosse: [(10, 10, 2, 8, 1), (10, 10, 8, 2), (10, 10, 6, 2, 1), (10, 10, 2, 8, 1)]
10 -> costo: 135077.0, rotte: {7: [(1, 3)], 11: [(1, 4)], 5: [(1, 6)], 8: [(1, 2)], 4: [(1, 9)], 9: [(1, 6), (6, 7)], 10: [(1, 5), (5, 6), (6, 2)], 3: [(1, 9), (9, 8)], 6: [(1, 3)], 2: [(1, 3), (3, 4)]}, padri: [3], figli: [], mosse: [(3, 3, 8, 9)]
11 -> costo: 134971.8, rotte: {7: [(1, 3)], 11: [(1, 4)], 5: [(1, 6)], 8: [(1, 2)], 4: [(1, 9)], 9: [(1, 6), (6, 7)], 10: [(1, 5), (5, 6), (6, 8), (8, 2)], 3: [(1, 9)], 6: [(1, 3)], 2: [(1, 3), (3, 4)]}, padri: [3], figli: [9, 9, 9], mosse: [(10, 3, 6, 8, 1)]
bestSolutionIndice: 6
6 -> costo: 128772.29999999997, rotte: {7: [(1, 3)], 11: [(1, 4)], 5: [(1, 6)], 8: [(1, 2)], 4: [(1, 9)], 9: [(1, 6), (6, 7)], 10: [(1, 8), (8, 2), (2, 6), (6, 5)], 3: [(1, 9)], 6: [(1, 3)], 2: [(1, 3), (3, 4)]}, padri: [5, 5, 5, 8], figli: [], mosse: [(10, 10, 5, 6), (10, 10, 2, 6, 2), (10, 10, 6, 5, 5), (10, 10, 8, 2, 1)]
trasportoPalletDiGamma: {7: [(3, 5)], 11: [(4, 15)], 5: [(6, 5)], 8: [(2, 5)], 4: [(9, 5)], 9: [(6, 7), (7, 3)], 10: [(8, 1), (2, 1), (6, 2), (5, 5)], 3: [(9, 3)], 6: [(3, 5)], 2: [(3, 2), (4, 3)]}
itMosseLS: 20, itMosseTS: 15
time elapsed: 290.04s.


##########################################################################################
s: 1
dictSolutions[1]:
0 -> costo: 140398.6, rotte: {2: [(1, 5)], 8: [(1, 8), (8, 9)], 9: [(1, 3)], 5: [(1, 4)], 4: [(1, 6)], 6: [(1, 9)], 3: [(1, 7), (7, 4)], 11: [(1, 2), (2, 6)], 10: [(1, 3), (3, 4)], 7: [(1, 4)]}, padri: [-1], figli: [1, 5, 5, 7, 7, 5], mosse: [-1]
1 -> costo: 135900.7, rotte: {2: [(1, 5)], 8: [(1, 9)], 9: [(1, 3)], 5: [(1, 4)], 4: [(1, 6)], 6: [(1, 9)], 3: [(1, 7), (7, 4)], 11: [(1, 2), (2, 6)], 10: [(1, 3), (3, 8), (8, 4)], 7: [(1, 4)]}, padri: [0], figli: [2, 4], mosse: [(10, 8, 3, 8, 1)]
2 -> costo: 130919.3, rotte: {2: [(1, 5)], 8: [(1, 9)], 9: [(1, 3)], 5: [(1, 4)], 4: [(1, 6)], 6: [(1, 9)], 3: [(1, 4), (4, 7)], 11: [(1, 2), (2, 6)], 10: [(1, 3), (3, 8), (8, 4)], 7: [(1, 4)]}, padri: [1, 7], figli: [3], mosse: [(3, 3, 7, 4), (10, 8, 3, 8, 1)]
3 -> costo: 130277.80000000002, rotte: {2: [(1, 5)], 8: [(1, 9)], 9: [(1, 3)], 5: [(1, 4)], 4: [(1, 6)], 6: [(1, 9)], 3: [(1, 4), (4, 7)], 11: [(1, 2), (2, 6)], 10: [(1, 8), (8, 3), (3, 4)], 7: [(1, 4)]}, padri: [2, 4], figli: [], mosse: [(10, 10, 8, 3, 2), (3, 3, 7, 4)]
4 -> costo: 135259.2, rotte: {2: [(1, 5)], 8: [(1, 9)], 9: [(1, 3)], 5: [(1, 4)], 4: [(1, 6)], 6: [(1, 9)], 3: [(1, 7), (7, 4)], 11: [(1, 2), (2, 6)], 10: [(1, 8), (8, 3), (3, 4)], 7: [(1, 4)]}, padri: [1], figli: [3], mosse: [(10, 10, 8, 3, 2)]
5 -> costo: 138960.7, rotte: {2: [(1, 5)], 8: [(1, 9), (9, 8)], 9: [(1, 3)], 5: [(1, 4)], 4: [(1, 6)], 6: [(1, 9)], 3: [(1, 7), (7, 4)], 11: [(1, 2), (2, 6)], 10: [(1, 3), (3, 4)], 7: [(1, 4)]}, padri: [0, 0, 0], figli: [6], mosse: [(8, 8, 1, 9, 3), (8, 8, 9, 8, 1), (8, 8, 8, 9)]
6 -> costo: 133979.3, rotte: {2: [(1, 5)], 8: [(1, 9), (9, 8)], 9: [(1, 3)], 5: [(1, 4)], 4: [(1, 6)], 6: [(1, 9)], 3: [(1, 4), (4, 7)], 11: [(1, 2), (2, 6)], 10: [(1, 3), (3, 4)], 7: [(1, 4)]}, padri: [5, 7, 7, 7], figli: [], mosse: [(3, 3, 7, 4), (8, 8, 8, 9), (8, 8, 1, 9, 3), (8, 8, 9, 8, 1)]
7 -> costo: 135417.19999999998, rotte: {2: [(1, 5)], 8: [(1, 8), (8, 9)], 9: [(1, 3)], 5: [(1, 4)], 4: [(1, 6)], 6: [(1, 9)], 3: [(1, 4), (4, 7)], 11: [(1, 2), (2, 6)], 10: [(1, 3), (3, 4)], 7: [(1, 4)]}, padri: [0], figli: [2, 6, 6, 6], mosse: [(3, 3, 7, 4)]
bestSolutionIndice: 3
3 -> costo: 130277.80000000002, rotte: {2: [(1, 5)], 8: [(1, 9)], 9: [(1, 3)], 5: [(1, 4)], 4: [(1, 6)], 6: [(1, 9)], 3: [(1, 4), (4, 7)], 11: [(1, 2), (2, 6)], 10: [(1, 8), (8, 3), (3, 4)], 7: [(1, 4)]}, padri: [2, 4], figli: [], mosse: [(10, 10, 8, 3, 2), (3, 3, 7, 4)]
trasportoPalletDiGamma: {2: [(5, 5)], 8: [(9, 3)], 9: [(3, 10)], 5: [(4, 5)], 4: [(6, 5)], 6: [(9, 5)], 3: [(4, 2), (7, 3)], 11: [(2, 6), (6, 9)], 10: [(8, 1), (3, 2), (4, 6)], 7: [(4, 5)]}
itMosseLS: 14, itMosseTS: 14
time elapsed: 291.00s.


##########################################################################################
s: 1
dictSolutions[1]:
0 -> costo: 141275.0, rotte: {5: [(1, 2)], 4: [(1, 9)], 11: [(1, 7), (7, 4), (4, 6)], 8: [(1, 5)], 9: [(1, 4)], 3: [(1, 6)], 6: [(1, 8), (8, 3)], 10: [(1, 3)], 2: [(1, 2), (2, 6)], 7: [(1, 9), (9, 6)]}, padri: [-1], figli: [1], mosse: [-1]
1 -> costo: 140811.0, rotte: {5: [(1, 2)], 4: [(1, 9)], 11: [(1, 7), (7, 6), (6, 4)], 8: [(1, 5)], 9: [(1, 4)], 3: [(1, 6)], 6: [(1, 8), (8, 3)], 10: [(1, 3)], 2: [(1, 2), (2, 6)], 7: [(1, 9), (9, 6)]}, padri: [0], figli: [2, 8], mosse: [(11, 11, 4, 6)]
2 -> costo: 137888.30000000002, rotte: {5: [(1, 2)], 4: [(1, 9)], 11: [(1, 4), (4, 7), (7, 6)], 8: [(1, 5)], 9: [(1, 4)], 3: [(1, 6)], 6: [(1, 8), (8, 3)], 10: [(1, 3)], 2: [(1, 2), (2, 6)], 7: [(1, 9), (9, 6)]}, padri: [1], figli: [3, 3, 3, 6, 6, 6, 7, 9, 9, 9], mosse: [(11, 11, 1, 4, 8)]
3 -> costo: 135846.4, rotte: {5: [(1, 2)], 4: [(1, 9)], 11: [(1, 4), (4, 6), (6, 7)], 8: [(1, 5)], 9: [(1, 4)], 3: [(1, 6)], 6: [(1, 8), (8, 3)], 10: [(1, 3)], 2: [(1, 2), (2, 6)], 7: [(1, 9), (9, 6)]}, padri: [2, 2, 2, 8], figli: [4, 5], mosse: [(11, 11, 7, 6), (11, 11, 4, 6, 3), (11, 11, 6, 7, 3), (11, 11, 4, 6, 3)]
4 -> costo: 133984.6, rotte: {5: [(1, 2)], 4: [(1, 9)], 11: [(1, 2), (2, 4), (4, 6), (6, 7)], 8: [(1, 5)], 9: [(1, 4)], 3: [(1, 6)], 6: [(1, 8), (8, 3)], 10: [(1, 3)], 2: [(1, 6)], 7: [(1, 9), (9, 6)]}, padri: [3, 6, 6, 6], figli: [], mosse: [(11, 2, 1, 2, 1), (11, 11, 7, 6), (11, 11, 4, 6, 3), (11, 11, 6, 7, 3)]
5 -> costo: 134633.30000000002, rotte: {5: [(1, 2)], 4: [(1, 9)], 11: [(1, 4), (4, 6), (6, 7)], 8: [(1, 5)], 9: [(1, 4)], 3: [(1, 6)], 6: [(1, 8), (8, 3), (3, 2)], 10: [(1, 3)], 2: [(1, 6)], 7: [(1, 9), (9, 6)]}, padri: [3, 7, 7, 7, 9], figli: [], mosse: [(6, 2, 3, 2, 1), (11, 11, 7, 6), (11, 11, 4, 6, 3), (11, 11, 6, 7, 3), (11, 11, 4, 6, 3)]
6 -> costo: 136026.5, rotte: {5: [(1, 2)], 4: [(1, 9)], 11: [(1, 2), (2, 4), (4, 7), (7, 6)], 8: [(1, 5)], 9: [(1, 4)], 3: [(1, 6)], 6: [(1, 8), (8, 3)], 10: [(1, 3)], 2: [(1, 6)], 7: [(1, 9), (9, 6)]}, padri: [2], figli: [4, 4, 4], mosse: [(11, 2, 1, 2, 1)]
7 -> costo: 136675.2, rotte: {5: [(1, 2)], 4: [(1, 9)], 11: [(1, 4), (4, 7), (7, 6)], 8: [(1, 5)], 9: [(1, 4)], 3: [(1, 6)], 6: [(1, 8), (8, 3), (3, 2)], 10: [(1, 3)], 2: [(1, 6)], 7: [(1, 9), (9, 6)]}, padri: [2], figli: [5, 5, 5], mosse: [(6, 2, 3, 2, 1)]
8 -> costo: 138134.4, rotte: {5: [(1, 2)], 4: [(1, 9)], 11: [(1, 6), (6, 4), (4, 7)], 8: [(1, 5)], 9: [(1, 4)], 3: [(1, 6)], 6: [(1, 8), (8, 3)], 10: [(1, 3)], 2: [(1, 2), (2, 6)], 7: [(1, 9), (9, 6)]}, padri: [1], figli: [3, 9], mosse: [(11, 11, 4, 7, 3)]
9 -> costo: 136921.30000000002, rotte: {5: [(1, 2)], 4: [(1, 9)], 11: [(1, 6), (6, 4), (4, 7)], 8: [(1, 5)], 9: [(1, 4)], 3: [(1, 6)], 6: [(1, 8), (8, 3), (3, 2)], 10: [(1, 3)], 2: [(1, 6)], 7: [(1, 9), (9, 6)]}, padri: [8], figli: [5], mosse: [(6, 2, 3, 2, 1)]
bestSolutionIndice: 4
4 -> costo: 133984.6, rotte: {5: [(1, 2)], 4: [(1, 9)], 11: [(1, 2), (2, 4), (4, 6), (6, 7)], 8: [(1, 5)], 9: [(1, 4)], 3: [(1, 6)], 6: [(1, 8), (8, 3)], 10: [(1, 3)], 2: [(1, 6)], 7: [(1, 9), (9, 6)]}, padri: [3, 6, 6, 6], figli: [], mosse: [(11, 2, 1, 2, 1), (11, 11, 7, 6), (11, 11, 4, 6, 3), (11, 11, 6, 7, 3)]
trasportoPalletDiGamma: {5: [(2, 5)], 4: [(9, 5)], 11: [(2, 1), (4, 8), (6, 3), (7, 3)], 8: [(5, 5)], 9: [(4, 10)], 3: [(6, 5)], 6: [(8, 1), (3, 2)], 10: [(3, 10)], 2: [(6, 4)], 7: [(9, 3), (6, 2)]}
itMosseLS: 19, itMosseTS: 15
time elapsed: 254.30s.


##########################################################################################
s: 1
dictSolutions[1]:
0 -> costo: 142058.8, rotte: {8: [(1, 5)], 6: [(1, 3)], 7: [(1, 2)], 5: [(1, 4)], 11: [(1, 9), (9, 6)], 9: [(1, 6)], 2: [(1, 7), (7, 3)], 3: [(1, 8), (8, 4)], 4: [(1, 3)], 10: [(1, 2), (2, 4)]}, padri: [-1], figli: [1, 2, 3, 2, 2], mosse: [-1]
1 -> costo: 130983.5, rotte: {8: [(1, 5)], 6: [(1, 3)], 7: [(1, 2)], 5: [(1, 4)], 11: [(1, 9), (9, 6), (6, 7)], 9: [(1, 6)], 2: [(1, 3)], 3: [(1, 8), (8, 4)], 4: [(1, 3)], 10: [(1, 2), (2, 4)]}, padri: [0, 3, 3, 3], figli: [], mosse: [(11, 2, 6, 7, 3), (11, 11, 7, 6), (11, 11, 9, 6, 4), (11, 11, 6, 7, 3)]
2 -> costo: 134720.49999999997, rotte: {8: [(1, 5)], 6: [(1, 3)], 7: [(1, 2)], 5: [(1, 4)], 11: [(1, 9), (9, 6)], 9: [(1, 6)], 2: [(1, 3), (3, 7)], 3: [(1, 8), (8, 4)], 4: [(1, 3)], 10: [(1, 2), (2, 4)]}, padri: [0, 0, 0], figli: [], mosse: [(2, 2, 7, 3), (2, 2, 1, 3, 2), (2, 2, 3, 7, 3)]
3 -> costo: 134456.5, rotte: {8: [(1, 5)], 6: [(1, 3)], 7: [(1, 2)], 5: [(1, 4)], 11: [(1, 9), (9, 7), (7, 6)], 9: [(1, 6)], 2: [(1, 3)], 3: [(1, 8), (8, 4)], 4: [(1, 3)], 10: [(1, 2), (2, 4)]}, padri: [0], figli: [1, 1, 1], mosse: [(11, 2, 9, 7, 3)]
bestSolutionIndice: 1
1 -> costo: 130983.5, rotte: {8: [(1, 5)], 6: [(1, 3)], 7: [(1, 2)], 5: [(1, 4)], 11: [(1, 9), (9, 6), (6, 7)], 9: [(1, 6)], 2: [(1, 3)], 3: [(1, 8), (8, 4)], 4: [(1, 3)], 10: [(1, 2), (2, 4)]}, padri: [0, 3, 3, 3], figli: [], mosse: [(11, 2, 6, 7, 3), (11, 11, 7, 6), (11, 11, 9, 6, 4), (11, 11, 6, 7, 3)]
trasportoPalletDiGamma: {8: [(5, 5)], 6: [(3, 5)], 7: [(2, 5)], 5: [(4, 5)], 11: [(9, 8), (6, 4), (7, 3)], 9: [(6, 10)], 2: [(3, 2)], 3: [(8, 1), (4, 4)], 4: [(3, 5)], 10: [(2, 1), (4, 9)]}
itMosseLS: 8, itMosseTS: 8
time elapsed: 117.73s.


##########################################################################################
s: 1
dictSolutions[1]:
0 -> costo: 148158.19999999998, rotte: {6: [(1, 4)], 11: [(1, 9), (9, 6), (6, 3)], 7: [(1, 2)], 10: [(1, 6)], 3: [(1, 7), (7, 3)], 4: [(1, 5)], 5: [(1, 8), (8, 3)], 8: [(1, 3)], 2: [(1, 4)], 9: [(1, 2), (2, 4)]}, padri: [-1], figli: [1, 4, 5], mosse: [-1]
1 -> costo: 137663.4, rotte: {6: [(1, 4)], 11: [(1, 9), (9, 6), (6, 3)], 7: [(1, 2)], 10: [(1, 6)], 3: [(1, 7)], 4: [(1, 5)], 5: [(1, 8), (8, 3)], 8: [(1, 3)], 2: [(1, 4)], 9: [(1, 2), (2, 4)]}, padri: [0, 4, 4, 4], figli: [2, 2, 2, 3, 3, 3, 6, 6, 6], mosse: [(11, 3, 1, 3, 2), (11, 3, 1, 3, 2), (11, 3, 9, 3, 2), (11, 3, 6, 3, 2)]
2 -> costo: 135181.8, rotte: {6: [(1, 4)], 11: [(1, 9), (9, 3), (3, 6)], 7: [(1, 2)], 10: [(1, 6)], 3: [(1, 7)], 4: [(1, 5)], 5: [(1, 8), (8, 3)], 8: [(1, 3)], 2: [(1, 4)], 9: [(1, 2), (2, 4)]}, padri: [1, 1, 1, 3, 5, 5, 5], figli: [], mosse: [(11, 11, 6, 3), (11, 11, 9, 3, 3), (11, 11, 3, 6, 4), (11, 11, 9, 3, 3), (11, 3, 1, 3, 2), (11, 3, 9, 3, 2), (11, 3, 6, 3, 2)]
3 -> costo: 135740.49999999997, rotte: {6: [(1, 4)], 11: [(1, 3), (3, 9), (9, 6)], 7: [(1, 2)], 10: [(1, 6)], 3: [(1, 7)], 4: [(1, 5)], 5: [(1, 8), (8, 3)], 8: [(1, 3)], 2: [(1, 4)], 9: [(1, 2), (2, 4)]}, padri: [1], figli: [2, 6], mosse: [(11, 11, 1, 3, 3)]
4 -> costo: 140819.89999999997, rotte: {6: [(1, 4)], 11: [(1, 9), (9, 6), (6, 3)], 7: [(1, 2)], 10: [(1, 6)], 3: [(1, 3), (3, 7)], 4: [(1, 5)], 5: [(1, 8), (8, 3)], 8: [(1, 3)], 2: [(1, 4)], 9: [(1, 2), (2, 4)]}, padri: [0], figli: [1, 5, 1, 1, 5, 5], mosse: [(3, 3, 7, 3)]
5 -> costo: 138338.3, rotte: {6: [(1, 4)], 11: [(1, 9), (9, 3), (3, 6)], 7: [(1, 2)], 10: [(1, 6)], 3: [(1, 3), (3, 7)], 4: [(1, 5)], 5: [(1, 8), (8, 3)], 8: [(1, 3)], 2: [(1, 4)], 9: [(1, 2), (2, 4)]}, padri: [4, 4, 4], figli: [2, 2, 2, 6, 6, 6], mosse: [(11, 11, 6, 3), (11, 11, 9, 3, 1), (11, 11, 3, 6, 4)]
6 -> costo: 137828.8, rotte: {6: [(1, 4)], 11: [(1, 9), (9, 3), (3, 2), (2, 6)], 7: [(1, 2)], 10: [(1, 6)], 3: [(1, 3), (3, 7)], 4: [(1, 5)], 5: [(1, 8), (8, 3)], 8: [(1, 3)], 2: [(1, 4)], 9: [(1, 4)]}, padri: [5], figli: [], mosse: [(11, 9, 3, 2, 1)]
bestSolutionIndice: 2
2 -> costo: 135181.8, rotte: {6: [(1, 4)], 11: [(1, 9), (9, 3), (3, 6)], 7: [(1, 2)], 10: [(1, 6)], 3: [(1, 7)], 4: [(1, 5)], 5: [(1, 8), (8, 3)], 8: [(1, 3)], 2: [(1, 4)], 9: [(1, 2), (2, 4)]}, padri: [1, 1, 1, 3, 5, 5, 5], figli: [], mosse: [(11, 11, 6, 3), (11, 11, 9, 3, 3), (11, 11, 3, 6, 4), (11, 11, 9, 3, 3), (11, 3, 1, 3, 2), (11, 3, 9, 3, 2), (11, 3, 6, 3, 2)]
trasportoPalletDiGamma: {6: [(4, 5)], 11: [(9, 8), (3, 3), (6, 4)], 7: [(2, 5)], 10: [(6, 10)], 3: [(7, 3)], 4: [(5, 5)], 5: [(8, 1), (3, 4)], 8: [(3, 5)], 2: [(4, 5)], 9: [(2, 1), (4, 8)]}
itMosseLS: 17, itMosseTS: 15
time elapsed: 258.32s.


##########################################################################################
##########################################################################################
##########################################################################################
##########################################################################################
##########################################################################################
##########################################################################################
##########################################################################################
##########################################################################################
##########################################################################################
##########################################################################################
##########################################################################################
##########################################################################################
##########################################################################################
##########################################################################################
##########################################################################################
##########################################################################################
##########################################################################################
##########################################################################################
##########################################################################################
##########################################################################################
##########################################################################################
##########################################################################################
##########################################################################################
##########################################################################################
##########################################################################################
##########################################################################################
##########################################################################################
##########################################################################################
##########################################################################################
##########################################################################################
##########################################################################################
##########################################################################################
##########################################################################################
##########################################################################################
##########################################################################################
##########################################################################################
