itNSIMax: 20, itMosseTSMax: 10.
##########################################################################################
s: 1
dictSolutions[1]:
0 -> costo: 151221.3, rotte: {2: [(1, 7), (7, 3)], 6: [(1, 9)], 4: [(1, 4)], 9: [(1, 5), (5, 6)], 3: [(1, 3)], 5: [(1, 6)], 8: [(1, 8), (8, 2), (2, 3)], 7: [(1, 2)], 11: [(1, 9), (9, 4), (4, 6), (6, 3)], 10: [(1, 4)]}, padri: [-1], figli: [1], mosse: [-1]
1 -> costo: 142187.9, rotte: {2: [(1, 3)], 6: [(1, 9)], 4: [(1, 4)], 9: [(1, 5), (5, 6)], 3: [(1, 3)], 5: [(1, 6)], 8: [(1, 8), (8, 2), (2, 3)], 7: [(1, 2)], 11: [(1, 9), (9, 4), (4, 7), (7, 6), (6, 3)], 10: [(1, 4)]}, padri: [0], figli: [2], mosse: [(11, 2, 4, 7, 3)]
2 -> costo: 134139.4, rotte: {2: [(1, 3)], 6: [(1, 9)], 4: [(1, 4)], 9: [(1, 5), (5, 6)], 3: [(1, 3)], 5: [(1, 6)], 8: [(1, 8), (8, 2), (2, 3)], 7: [(1, 2)], 11: [(1, 9), (9, 4), (4, 7), (7, 6)], 10: [(1, 4)]}, padri: [1], figli: [3], mosse: [(2, 11, 1, 3, 2)]
3 -> costo: 132097.5, rotte: {2: [(1, 3)], 6: [(1, 9)], 4: [(1, 4)], 9: [(1, 5), (5, 6)], 3: [(1, 3)], 5: [(1, 6)], 8: [(1, 8), (8, 2), (2, 3)], 7: [(1, 2)], 11: [(1, 9), (9, 4), (4, 6), (6, 7)], 10: [(1, 4)]}, padri: [2], figli: [4, 4, 4, 6, 6, 6], mosse: [(11, 11, 4, 6, 4)]
4 -> costo: 130354.50000000001, rotte: {2: [(1, 3)], 6: [(1, 9)], 4: [(1, 4)], 9: [(1, 5), (5, 6)], 3: [(1, 3)], 5: [(1, 6)], 8: [(1, 8), (8, 3), (3, 2)], 7: [(1, 2)], 11: [(1, 9), (9, 4), (4, 6), (6, 7)], 10: [(1, 4)]}, padri: [3, 3, 3], figli: [5, 5, 5], mosse: [(8, 8, 8, 3, 3), (8, 8, 3, 2, 1), (8, 8, 2, 3)]
5 -> costo: 130157.80000000002, rotte: {2: [(1, 3)], 6: [(1, 9)], 4: [(1, 4)], 9: [(1, 6), (6, 5)], 3: [(1, 3)], 5: [(1, 6)], 8: [(1, 8), (8, 3), (3, 2)], 7: [(1, 2)], 11: [(1, 9), (9, 4), (4, 6), (6, 7)], 10: [(1, 4)]}, padri: [4, 4, 4], figli: [], mosse: [(9, 9, 1, 6, 5), (9, 9, 6, 5, 5), (9, 9, 5, 6)]
6 -> costo: 130966.1, rotte: {2: [(1, 8), (8, 3)], 6: [(1, 9)], 4: [(1, 4)], 9: [(1, 5), (5, 6)], 3: [(1, 3)], 5: [(1, 6)], 8: [(1, 2), (2, 3)], 7: [(1, 2)], 11: [(1, 9), (9, 4), (4, 6), (6, 7)], 10: [(1, 4)]}, padri: [3], figli: [7, 9], mosse: [(2, 8, 1, 8, 1)]
7 -> costo: 130305.3, rotte: {2: [(1, 8), (8, 3)], 6: [(1, 9)], 4: [(1, 4)], 9: [(1, 5), (5, 6)], 3: [(1, 3)], 5: [(1, 6)], 8: [(1, 3)], 7: [(1, 2)], 11: [(1, 9), (9, 2), (2, 4), (4, 6), (6, 7)], 10: [(1, 4)]}, padri: [6], figli: [8, 8, 8], mosse: [(11, 8, 9, 2, 1)]
8 -> costo: 130108.6, rotte: {2: [(1, 8), (8, 3)], 6: [(1, 9)], 4: [(1, 4)], 9: [(1, 6), (6, 5)], 3: [(1, 3)], 5: [(1, 6)], 8: [(1, 3)], 7: [(1, 2)], 11: [(1, 9), (9, 2), (2, 4), (4, 6), (6, 7)], 10: [(1, 4)]}, padri: [7, 7, 7], figli: [], mosse: [(9, 9, 1, 6, 5), (9, 9, 6, 5, 5), (9, 9, 5, 6)]
9 -> costo: 130354.5, rotte: {2: [(1, 8), (8, 3)], 6: [(1, 9)], 4: [(1, 4)], 9: [(1, 5), (5, 6)], 3: [(1, 3)], 5: [(1, 6)], 8: [(1, 3), (3, 2)], 7: [(1, 2)], 11: [(1, 9), (9, 4), (4, 6), (6, 7)], 10: [(1, 4)]}, padri: [6], figli: [10], mosse: [(8, 8, 1, 3, 3)]
10 -> costo: 130157.8, rotte: {2: [(1, 8), (8, 3)], 6: [(1, 9)], 4: [(1, 4)], 9: [(1, 6), (6, 5)], 3: [(1, 3)], 5: [(1, 6)], 8: [(1, 3), (3, 2)], 7: [(1, 2)], 11: [(1, 9), (9, 4), (4, 6), (6, 7)], 10: [(1, 4)]}, padri: [9], figli: [], mosse: [(9, 9, 1, 6, 5)]
bestSolutionIndice: 8
8 -> costo: 130108.6, rotte: {2: [(1, 8), (8, 3)], 6: [(1, 9)], 4: [(1, 4)], 9: [(1, 6), (6, 5)], 3: [(1, 3)], 5: [(1, 6)], 8: [(1, 3)], 7: [(1, 2)], 11: [(1, 9), (9, 2), (2, 4), (4, 6), (6, 7)], 10: [(1, 4)]}, padri: [7, 7, 7], figli: [], mosse: [(9, 9, 1, 6, 5), (9, 9, 6, 5, 5), (9, 9, 5, 6)]
trasportoPalletDiGamma: {2: [(8, 1), (3, 4)], 6: [(9, 5)], 4: [(4, 5)], 9: [(6, 5), (5, 5)], 3: [(3, 5)], 5: [(6, 5)], 8: [(3, 3)], 7: [(2, 5)], 11: [(9, 3), (2, 1), (4, 3), (6, 4), (7, 3)], 10: [(4, 10)]}
itMosseLS: 16, itMosseTS: 10
time elapsed: 299.33s.


##########################################################################################
s: 1
dictSolutions[1]:
0 -> costo: 156384.0, rotte: {6: [(1, 6)], 11: [(1, 9), (9, 2), (2, 3)], 4: [(1, 5)], 3: [(1, 4)], 9: [(1, 8), (8, 6), (6, 3), (3, 4)], 5: [(1, 2)], 10: [(1, 7), (7, 4)], 2: [(1, 3)], 8: [(1, 6)], 7: [(1, 4)]}, padri: [-1], figli: [1, 5], mosse: [-1]
1 -> costo: 145781.4, rotte: {6: [(1, 6)], 11: [(1, 9), (9, 2), (2, 3)], 4: [(1, 5)], 3: [(1, 4)], 9: [(1, 8), (8, 3), (3, 4), (4, 6)], 5: [(1, 2)], 10: [(1, 7), (7, 4)], 2: [(1, 3)], 8: [(1, 6)], 7: [(1, 4)]}, padri: [0], figli: [2, 3], mosse: [(9, 9, 4, 6, 4)]
2 -> costo: 140800.0, rotte: {6: [(1, 6)], 11: [(1, 9), (9, 2), (2, 3)], 4: [(1, 5)], 3: [(1, 4)], 9: [(1, 8), (8, 3), (3, 4), (4, 6)], 5: [(1, 2)], 10: [(1, 4), (4, 7)], 2: [(1, 3)], 8: [(1, 6)], 7: [(1, 4)]}, padri: [1], figli: [], mosse: [(10, 10, 7, 4)]
3 -> costo: 142394.7, rotte: {6: [(1, 6)], 11: [(1, 9), (9, 2), (2, 3)], 4: [(1, 5)], 3: [(1, 4)], 9: [(1, 8), (8, 3), (3, 4), (4, 7), (7, 6)], 5: [(1, 2)], 10: [(1, 4)], 2: [(1, 3)], 8: [(1, 6)], 7: [(1, 4)]}, padri: [1, 8], figli: [4, 4, 8, 8, 9, 9], mosse: [(9, 10, 4, 7, 3), (9, 9, 7, 6, 4)]
4 -> costo: 140352.80000000002, rotte: {6: [(1, 6)], 11: [(1, 9), (9, 2), (2, 3)], 4: [(1, 5)], 3: [(1, 4)], 9: [(1, 8), (8, 3), (3, 4), (4, 6), (6, 7)], 5: [(1, 2)], 10: [(1, 4)], 2: [(1, 3)], 8: [(1, 6)], 7: [(1, 4)]}, padri: [3, 3, 7, 8, 9], figli: [], mosse: [(9, 9, 4, 6, 4), (9, 9, 6, 7, 3), (9, 9, 3, 4, 1), (9, 9, 4, 6, 4), (9, 9, 4, 6, 4)]
5 -> costo: 149175.8, rotte: {6: [(1, 6)], 11: [(1, 9), (9, 2), (2, 3)], 4: [(1, 5)], 3: [(1, 4)], 9: [(1, 8), (8, 3), (3, 6), (6, 4)], 5: [(1, 2)], 10: [(1, 7), (7, 4)], 2: [(1, 3)], 8: [(1, 6)], 7: [(1, 4)]}, padri: [0], figli: [6, 7], mosse: [(9, 9, 3, 6, 4)]
6 -> costo: 144194.4, rotte: {6: [(1, 6)], 11: [(1, 9), (9, 2), (2, 3)], 4: [(1, 5)], 3: [(1, 4)], 9: [(1, 8), (8, 3), (3, 6), (6, 4)], 5: [(1, 2)], 10: [(1, 4), (4, 7)], 2: [(1, 3)], 8: [(1, 6)], 7: [(1, 4)]}, padri: [5], figli: [], mosse: [(10, 10, 7, 4)]
7 -> costo: 145805.9, rotte: {6: [(1, 6)], 11: [(1, 9), (9, 2), (2, 3)], 4: [(1, 5)], 3: [(1, 4)], 9: [(1, 8), (8, 3), (3, 6), (6, 7), (7, 4)], 5: [(1, 2)], 10: [(1, 4)], 2: [(1, 3)], 8: [(1, 6)], 7: [(1, 4)]}, padri: [5], figli: [4, 8, 9], mosse: [(9, 10, 6, 7, 3)]
8 -> costo: 144194.4, rotte: {6: [(1, 6)], 11: [(1, 9), (9, 2), (2, 3)], 4: [(1, 5)], 3: [(1, 4)], 9: [(1, 8), (8, 3), (3, 6), (6, 4), (4, 7)], 5: [(1, 2)], 10: [(1, 4)], 2: [(1, 3)], 8: [(1, 6)], 7: [(1, 4)]}, padri: [3, 3, 7], figli: [4, 3], mosse: [(9, 9, 6, 4, 1)]
9 -> costo: 144194.4, rotte: {6: [(1, 6)], 11: [(1, 9), (9, 2), (2, 3)], 4: [(1, 5)], 3: [(1, 4)], 9: [(1, 8), (8, 3), (3, 6), (6, 4), (4, 7)], 5: [(1, 2)], 10: [(1, 4)], 2: [(1, 3)], 8: [(1, 6)], 7: [(1, 4)]}, padri: [3, 3, 7], figli: [4], mosse: [(9, 9, 4, 7, 3)]
bestSolutionIndice: 4
4 -> costo: 140352.80000000002, rotte: {6: [(1, 6)], 11: [(1, 9), (9, 2), (2, 3)], 4: [(1, 5)], 3: [(1, 4)], 9: [(1, 8), (8, 3), (3, 4), (4, 6), (6, 7)], 5: [(1, 2)], 10: [(1, 4)], 2: [(1, 3)], 8: [(1, 6)], 7: [(1, 4)]}, padri: [3, 3, 7, 8, 9], figli: [], mosse: [(9, 9, 4, 6, 4), (9, 9, 6, 7, 3), (9, 9, 3, 4, 1), (9, 9, 4, 6, 4), (9, 9, 4, 6, 4)]
trasportoPalletDiGamma: {6: [(6, 5)], 11: [(9, 8), (2, 1), (3, 6)], 4: [(5, 5)], 3: [(4, 5)], 9: [(8, 1), (3, 1), (4, 1), (6, 4), (7, 3)], 5: [(2, 5)], 10: [(4, 7)], 2: [(3, 5)], 8: [(6, 5)], 7: [(4, 5)]}
itMosseLS: 14, itMosseTS: 10
time elapsed: 323.33s.


##########################################################################################
s: 1
dictSolutions[1]:
0 -> costo: 144338.2, rotte: {10: [(1, 8), (8, 4), (4, 6)], 3: [(1, 7), (7, 6)], 5: [(1, 5)], 2: [(1, 2)], 6: [(1, 3)], 11: [(1, 4)], 8: [(1, 6)], 4: [(1, 9)], 7: [(1, 2), (2, 6)], 9: [(1, 3), (3, 9)]}, padri: [-1], figli: [1], mosse: [-1]
1 -> costo: 137943.2, rotte: {10: [(1, 8), (8, 4), (4, 6)], 3: [(1, 7)], 5: [(1, 5)], 2: [(1, 2)], 6: [(1, 3)], 11: [(1, 4)], 8: [(1, 6)], 4: [(1, 9)], 7: [(1, 2), (2, 6)], 9: [(1, 3), (3, 9)]}, padri: [0], figli: [2, 4, 4, 4], mosse: [(10, 3, 1, 6, 2)]
2 -> costo: 135263.7, rotte: {10: [(1, 8), (8, 2), (2, 4), (4, 6)], 3: [(1, 7)], 5: [(1, 5)], 2: [(1, 2)], 6: [(1, 3)], 11: [(1, 4)], 8: [(1, 6)], 4: [(1, 9)], 7: [(1, 6)], 9: [(1, 3), (3, 9)]}, padri: [1], figli: [3, 3, 3, 5, 5, 5, 6, 6, 6], mosse: [(10, 7, 8, 2, 1)]
3 -> costo: 133566.30000000002, rotte: {10: [(1, 8), (8, 2), (2, 4), (4, 6)], 3: [(1, 7)], 5: [(1, 5)], 2: [(1, 2)], 6: [(1, 3)], 11: [(1, 4)], 8: [(1, 6)], 4: [(1, 9)], 7: [(1, 6)], 9: [(1, 9), (9, 3)]}, padri: [2, 2, 2, 4, 5], figli: [], mosse: [(9, 9, 1, 9, 3), (9, 9, 9, 3, 7), (9, 9, 3, 9), (10, 7, 8, 2, 1), (10, 3, 8, 2, 1)]
4 -> costo: 136245.80000000002, rotte: {10: [(1, 8), (8, 4), (4, 6)], 3: [(1, 7)], 5: [(1, 5)], 2: [(1, 2)], 6: [(1, 3)], 11: [(1, 4)], 8: [(1, 6)], 4: [(1, 9)], 7: [(1, 2), (2, 6)], 9: [(1, 9), (9, 3)]}, padri: [1, 1, 1], figli: [3, 5, 6], mosse: [(9, 9, 1, 9, 3), (9, 9, 9, 3, 7), (9, 9, 3, 9)]
5 -> costo: 135248.7, rotte: {10: [(1, 8), (8, 4), (4, 6)], 3: [(1, 2), (2, 7)], 5: [(1, 5)], 2: [(1, 2)], 6: [(1, 3)], 11: [(1, 4)], 8: [(1, 6)], 4: [(1, 9)], 7: [(1, 6)], 9: [(1, 9), (9, 3)]}, padri: [4], figli: [3, 6], mosse: [(3, 7, 1, 2, 1)]
6 -> costo: 134431.00000000003, rotte: {10: [(1, 4), (4, 6)], 3: [(1, 8), (8, 2), (2, 7)], 5: [(1, 5)], 2: [(1, 2)], 6: [(1, 3)], 11: [(1, 4)], 8: [(1, 6)], 4: [(1, 9)], 7: [(1, 6)], 9: [(1, 9), (9, 3)]}, padri: [5], figli: [], mosse: [(3, 10, 1, 8, 1)]
bestSolutionIndice: 3
3 -> costo: 133566.30000000002, rotte: {10: [(1, 8), (8, 2), (2, 4), (4, 6)], 3: [(1, 7)], 5: [(1, 5)], 2: [(1, 2)], 6: [(1, 3)], 11: [(1, 4)], 8: [(1, 6)], 4: [(1, 9)], 7: [(1, 6)], 9: [(1, 9), (9, 3)]}, padri: [2, 2, 2, 4, 5], figli: [], mosse: [(9, 9, 1, 9, 3), (9, 9, 9, 3, 7), (9, 9, 3, 9), (10, 7, 8, 2, 1), (10, 3, 8, 2, 1)]
trasportoPalletDiGamma: {10: [(8, 1), (2, 1), (4, 3), (6, 5)], 3: [(7, 3)], 5: [(5, 5)], 2: [(2, 5)], 6: [(3, 5)], 11: [(4, 15)], 8: [(6, 5)], 4: [(9, 5)], 7: [(6, 4)], 9: [(9, 3), (3, 7)]}
itMosseLS: 12, itMosseTS: 10
time elapsed: 252.70s.


##########################################################################################
s: 1
dictSolutions[1]:
0 -> costo: 144590.09999999998, rotte: {3: [(1, 3)], 9: [(1, 4)], 5: [(1, 2)], 10: [(1, 8), (8, 2), (2, 3), (3, 4)], 7: [(1, 6)], 8: [(1, 5)], 11: [(1, 7), (7, 9), (9, 6)], 6: [(1, 9)], 2: [(1, 3)], 4: [(1, 4)]}, padri: [-1], figli: [1], mosse: [-1]
1 -> costo: 135416.49999999997, rotte: {3: [(1, 3)], 9: [(1, 4)], 5: [(1, 2)], 10: [(1, 8), (8, 2), (2, 3), (3, 4)], 7: [(1, 6)], 8: [(1, 5)], 11: [(1, 9), (9, 7), (7, 6)], 6: [(1, 9)], 2: [(1, 3)], 4: [(1, 4)]}, padri: [0], figli: [2], mosse: [(11, 11, 9, 7, 3)]
2 -> costo: 131943.49999999997, rotte: {3: [(1, 3)], 9: [(1, 4)], 5: [(1, 2)], 10: [(1, 8), (8, 2), (2, 3), (3, 4)], 7: [(1, 6)], 8: [(1, 5)], 11: [(1, 9), (9, 6), (6, 7)], 6: [(1, 9)], 2: [(1, 3)], 4: [(1, 4)]}, padri: [1], figli: [3, 4, 5, 8], mosse: [(11, 11, 7, 6)]
3 -> costo: 128734.09999999999, rotte: {3: [(1, 3)], 9: [(1, 4)], 5: [(1, 2)], 10: [(1, 8), (8, 3), (3, 2), (2, 4)], 7: [(1, 6)], 8: [(1, 5)], 11: [(1, 9), (9, 6), (6, 7)], 6: [(1, 9)], 2: [(1, 3)], 4: [(1, 4)]}, padri: [2, 4, 4, 6, 8], figli: [], mosse: [(10, 10, 3, 2, 1), (10, 10, 3, 2, 1), (10, 10, 2, 4, 3), (10, 10, 8, 3, 2), (10, 10, 3, 2, 1)]
4 -> costo: 131257.79999999996, rotte: {3: [(1, 3)], 9: [(1, 4)], 5: [(1, 2)], 10: [(1, 8), (8, 3), (3, 4), (4, 2)], 7: [(1, 6)], 8: [(1, 5)], 11: [(1, 9), (9, 6), (6, 7)], 6: [(1, 9)], 2: [(1, 3)], 4: [(1, 4)]}, padri: [2, 8], figli: [3, 3], mosse: [(10, 10, 4, 2, 1), (10, 10, 4, 2, 1)]
5 -> costo: 131453.59999999998, rotte: {3: [(1, 3)], 9: [(1, 4)], 5: [(1, 2)], 10: [(1, 2), (2, 3), (3, 8), (8, 4)], 7: [(1, 6)], 8: [(1, 5)], 11: [(1, 9), (9, 6), (6, 7)], 6: [(1, 9)], 2: [(1, 3)], 4: [(1, 4)]}, padri: [2], figli: [6, 7], mosse: [(10, 10, 3, 8, 1)]
6 -> costo: 129375.59999999999, rotte: {3: [(1, 3)], 9: [(1, 4)], 5: [(1, 2)], 10: [(1, 3), (3, 8), (8, 2), (2, 4)], 7: [(1, 6)], 8: [(1, 5)], 11: [(1, 9), (9, 6), (6, 7)], 6: [(1, 9)], 2: [(1, 3)], 4: [(1, 4)]}, padri: [5], figli: [3], mosse: [(10, 10, 8, 2, 1)]
7 -> costo: 131287.09999999998, rotte: {3: [(1, 3)], 9: [(1, 4)], 5: [(1, 2)], 10: [(1, 4), (4, 2), (2, 3), (3, 8)], 7: [(1, 6)], 8: [(1, 5)], 11: [(1, 9), (9, 6), (6, 7)], 6: [(1, 9)], 2: [(1, 3)], 4: [(1, 4)]}, padri: [5], figli: [], mosse: [(10, 10, 1, 4, 3)]
8 -> costo: 131453.59999999998, rotte: {3: [(1, 3)], 9: [(1, 4)], 5: [(1, 2)], 10: [(1, 2), (2, 8), (8, 3), (3, 4)], 7: [(1, 6)], 8: [(1, 5)], 11: [(1, 9), (9, 6), (6, 7)], 6: [(1, 9)], 2: [(1, 3)], 4: [(1, 4)]}, padri: [2], figli: [3, 4], mosse: [(10, 10, 2, 8, 1)]
bestSolutionIndice: 3
3 -> costo: 128734.09999999999, rotte: {3: [(1, 3)], 9: [(1, 4)], 5: [(1, 2)], 10: [(1, 8), (8, 3), (3, 2), (2, 4)], 7: [(1, 6)], 8: [(1, 5)], 11: [(1, 9), (9, 6), (6, 7)], 6: [(1, 9)], 2: [(1, 3)], 4: [(1, 4)]}, padri: [2, 4, 4, 6, 8], figli: [], mosse: [(10, 10, 3, 2, 1), (10, 10, 3, 2, 1), (10, 10, 2, 4, 3), (10, 10, 8, 3, 2), (10, 10, 3, 2, 1)]
trasportoPalletDiGamma: {3: [(3, 5)], 9: [(4, 10)], 5: [(2, 5)], 10: [(8, 1), (3, 2), (2, 1), (4, 3)], 7: [(6, 5)], 8: [(5, 5)], 11: [(9, 3), (6, 9), (7, 3)], 6: [(9, 5)], 2: [(3, 5)], 4: [(4, 5)]}
itMosseLS: 13, itMosseTS: 10
time elapsed: 248.66s.


##########################################################################################
s: 1
dictSolutions[1]:
0 -> costo: 142145.8, rotte: {2: [(1, 4)], 11: [(1, 9), (9, 2), (2, 4)], 4: [(1, 6)], 8: [(1, 2)], 9: [(1, 3)], 3: [(1, 5)], 6: [(1, 7), (7, 4)], 7: [(1, 8), (8, 3)], 5: [(1, 4)], 10: [(1, 6), (6, 4)]}, padri: [-1], figli: [1, 3, 3, 3], mosse: [-1]
1 -> costo: 137164.4, rotte: {2: [(1, 4)], 11: [(1, 9), (9, 2), (2, 4)], 4: [(1, 6)], 8: [(1, 2)], 9: [(1, 3)], 3: [(1, 5)], 6: [(1, 4), (4, 7)], 7: [(1, 8), (8, 3)], 5: [(1, 4)], 10: [(1, 6), (6, 4)]}, padri: [0], figli: [2, 2, 2], mosse: [(6, 6, 7, 4)]
2 -> costo: 135323.6, rotte: {2: [(1, 4)], 11: [(1, 9), (9, 2), (2, 4)], 4: [(1, 6)], 8: [(1, 2)], 9: [(1, 3)], 3: [(1, 5)], 6: [(1, 4), (4, 7)], 7: [(1, 8), (8, 3)], 5: [(1, 4)], 10: [(1, 4), (4, 6)]}, padri: [1, 1, 1, 3], figli: [], mosse: [(10, 10, 1, 4, 1), (10, 10, 4, 6, 9), (10, 10, 6, 4), (6, 6, 7, 4)]
3 -> costo: 140304.99999999997, rotte: {2: [(1, 4)], 11: [(1, 9), (9, 2), (2, 4)], 4: [(1, 6)], 8: [(1, 2)], 9: [(1, 3)], 3: [(1, 5)], 6: [(1, 7), (7, 4)], 7: [(1, 8), (8, 3)], 5: [(1, 4)], 10: [(1, 4), (4, 6)]}, padri: [0, 0, 0], figli: [2], mosse: [(10, 10, 1, 4, 1), (10, 10, 4, 6, 9), (10, 10, 6, 4)]
bestSolutionIndice: 2
2 -> costo: 135323.6, rotte: {2: [(1, 4)], 11: [(1, 9), (9, 2), (2, 4)], 4: [(1, 6)], 8: [(1, 2)], 9: [(1, 3)], 3: [(1, 5)], 6: [(1, 4), (4, 7)], 7: [(1, 8), (8, 3)], 5: [(1, 4)], 10: [(1, 4), (4, 6)]}, padri: [1, 1, 1, 3], figli: [], mosse: [(10, 10, 1, 4, 1), (10, 10, 4, 6, 9), (10, 10, 6, 4), (6, 6, 7, 4)]
trasportoPalletDiGamma: {2: [(4, 5)], 11: [(9, 8), (2, 1), (4, 5)], 4: [(6, 5)], 8: [(2, 5)], 9: [(3, 10)], 3: [(5, 5)], 6: [(4, 2), (7, 3)], 7: [(8, 1), (3, 2)], 5: [(4, 5)], 10: [(4, 1), (6, 9)]}
itMosseLS: 8, itMosseTS: 8
time elapsed: 181.43s.


##########################################################################################
s: 1
dictSolutions[1]:
0 -> costo: 152255.59999999998, rotte: {2: [(1, 2)], 7: [(1, 7), (7, 6)], 3: [(1, 4)], 10: [(1, 6)], 4: [(1, 9)], 11: [(1, 5), (5, 9), (9, 6), (6, 4)], 9: [(1, 8), (8, 3), (3, 4)], 6: [(1, 3)], 8: [(1, 2), (2, 4)], 5: [(1, 4)]}, padri: [-1], figli: [1], mosse: [-1]
1 -> costo: 140253.5, rotte: {2: [(1, 2)], 7: [(1, 7), (7, 6)], 3: [(1, 4)], 10: [(1, 6)], 4: [(1, 9)], 11: [(1, 9), (9, 6), (6, 5), (5, 4)], 9: [(1, 8), (8, 3), (3, 4)], 6: [(1, 3)], 8: [(1, 2), (2, 4)], 5: [(1, 4)]}, padri: [0], figli: [2, 2, 4, 4], mosse: [(11, 11, 6, 5, 5)]
2 -> costo: 137129.69999999998, rotte: {2: [(1, 2)], 7: [(1, 6), (6, 7)], 3: [(1, 4)], 10: [(1, 6)], 4: [(1, 9)], 11: [(1, 9), (9, 6), (6, 5), (5, 4)], 9: [(1, 8), (8, 3), (3, 4)], 6: [(1, 3)], 8: [(1, 2), (2, 4)], 5: [(1, 4)]}, padri: [1, 1], figli: [3], mosse: [(7, 7, 1, 6, 2), (7, 7, 6, 7, 3)]
3 -> costo: 135655.69999999998, rotte: {2: [(1, 2)], 7: [(1, 6), (6, 7)], 3: [(1, 4)], 10: [(1, 6)], 4: [(1, 9)], 11: [(1, 9), (9, 4), (4, 6), (6, 5)], 9: [(1, 8), (8, 3), (3, 4)], 6: [(1, 3)], 8: [(1, 2), (2, 4)], 5: [(1, 4)]}, padri: [2], figli: [], mosse: [(11, 11, 9, 4, 2)]
4 -> costo: 138429.1, rotte: {2: [(1, 2)], 7: [(1, 6)], 3: [(1, 4)], 10: [(1, 6)], 4: [(1, 9)], 11: [(1, 9), (9, 6), (6, 5), (5, 7), (7, 4)], 9: [(1, 8), (8, 3), (3, 4)], 6: [(1, 3)], 8: [(1, 2), (2, 4)], 5: [(1, 4)]}, padri: [1], figli: [5, 8], mosse: [(11, 7, 5, 7, 3)]
5 -> costo: 134968.7, rotte: {2: [(1, 2)], 7: [(1, 6)], 3: [(1, 4)], 10: [(1, 6)], 4: [(1, 9)], 11: [(1, 9), (9, 4), (4, 6), (6, 5), (5, 7)], 9: [(1, 8), (8, 3), (3, 4)], 6: [(1, 3)], 8: [(1, 2), (2, 4)], 5: [(1, 4)]}, padri: [4], figli: [6, 7, 10], mosse: [(11, 11, 9, 4, 2)]
6 -> costo: 133980.0, rotte: {2: [(1, 2)], 7: [(1, 6)], 3: [(1, 4)], 10: [(1, 6)], 4: [(1, 9)], 11: [(1, 9), (9, 4), (4, 5), (5, 7)], 9: [(1, 8), (8, 3), (3, 4)], 6: [(1, 3)], 8: [(1, 2), (2, 4)], 5: [(1, 4)]}, padri: [5, 9, 10, 10, 10], figli: [], mosse: [(7, 11, 1, 6, 2), (11, 11, 4, 5, 5), (11, 11, 4, 5, 5), (11, 11, 5, 7, 3), (11, 11, 7, 5)]
7 -> costo: 134529.6, rotte: {2: [(1, 2)], 7: [(1, 9), (9, 6)], 3: [(1, 4)], 10: [(1, 6)], 4: [(1, 9)], 11: [(1, 4), (4, 6), (6, 5), (5, 7)], 9: [(1, 8), (8, 3), (3, 4)], 6: [(1, 3)], 8: [(1, 2), (2, 4)], 5: [(1, 4)]}, padri: [5], figli: [], mosse: [(7, 11, 1, 9, 3)]
8 -> costo: 137576.9, rotte: {2: [(1, 2)], 7: [(1, 6)], 3: [(1, 4)], 10: [(1, 6)], 4: [(1, 9)], 11: [(1, 9), (9, 6), (6, 5), (5, 4), (4, 7)], 9: [(1, 8), (8, 3), (3, 4)], 6: [(1, 3)], 8: [(1, 2), (2, 4)], 5: [(1, 4)]}, padri: [4], figli: [9], mosse: [(11, 11, 5, 4, 2)]
9 -> costo: 137011.5, rotte: {2: [(1, 2)], 7: [(1, 6)], 3: [(1, 4)], 10: [(1, 6)], 4: [(1, 9)], 11: [(1, 9), (9, 5), (5, 4), (4, 7)], 9: [(1, 8), (8, 3), (3, 4)], 6: [(1, 3)], 8: [(1, 2), (2, 4)], 5: [(1, 4)]}, padri: [8], figli: [6, 10], mosse: [(7, 11, 1, 6, 2)]
10 -> costo: 135962.6, rotte: {2: [(1, 2)], 7: [(1, 6)], 3: [(1, 4)], 10: [(1, 6)], 4: [(1, 9)], 11: [(1, 9), (9, 4), (4, 7), (7, 5)], 9: [(1, 8), (8, 3), (3, 4)], 6: [(1, 3)], 8: [(1, 2), (2, 4)], 5: [(1, 4)]}, padri: [9], figli: [6, 6, 6], mosse: [(11, 11, 7, 5, 5)]
bestSolutionIndice: 6
6 -> costo: 133980.0, rotte: {2: [(1, 2)], 7: [(1, 6)], 3: [(1, 4)], 10: [(1, 6)], 4: [(1, 9)], 11: [(1, 9), (9, 4), (4, 5), (5, 7)], 9: [(1, 8), (8, 3), (3, 4)], 6: [(1, 3)], 8: [(1, 2), (2, 4)], 5: [(1, 4)]}, padri: [5, 9, 10, 10, 10], figli: [], mosse: [(7, 11, 1, 6, 2), (11, 11, 4, 5, 5), (11, 11, 4, 5, 5), (11, 11, 5, 7, 3), (11, 11, 7, 5)]
trasportoPalletDiGamma: {2: [(2, 5)], 7: [(6, 4)], 3: [(4, 5)], 10: [(6, 10)], 4: [(9, 5)], 11: [(9, 3), (4, 2), (5, 5), (7, 3)], 9: [(8, 1), (3, 7), (4, 2)], 6: [(3, 5)], 8: [(2, 1), (4, 4)], 5: [(4, 5)]}
itMosseLS: 15, itMosseTS: 10
time elapsed: 274.67s.


##########################################################################################
s: 1
dictSolutions[1]:
0 -> costo: 146698.49999999997, rotte: {11: [(1, 4)], 9: [(1, 9), (9, 2)], 8: [(1, 3)], 5: [(1, 8), (8, 6)], 7: [(1, 2)], 6: [(1, 7), (7, 3)], 4: [(1, 5)], 3: [(1, 6)], 10: [(1, 4), (4, 6)], 2: [(1, 3)]}, padri: [-1], figli: [1, 1, 1, 4, 4, 4], mosse: [-1]
1 -> costo: 139360.19999999998, rotte: {11: [(1, 4)], 9: [(1, 9), (9, 2)], 8: [(1, 3)], 5: [(1, 8), (8, 6)], 7: [(1, 2)], 6: [(1, 3), (3, 7)], 4: [(1, 5)], 3: [(1, 6)], 10: [(1, 4), (4, 6)], 2: [(1, 3)]}, padri: [0, 0, 0], figli: [2, 3], mosse: [(6, 6, 1, 3, 2), (6, 6, 3, 7, 3), (6, 6, 7, 3)]
2 -> costo: 137693.9, rotte: {11: [(1, 4)], 9: [(1, 9), (9, 8), (8, 2)], 8: [(1, 3)], 5: [(1, 6)], 7: [(1, 2)], 6: [(1, 3), (3, 7)], 4: [(1, 5)], 3: [(1, 6)], 10: [(1, 4), (4, 6)], 2: [(1, 3)]}, padri: [1, 3, 3, 3, 4, 4, 4], figli: [], mosse: [(9, 5, 9, 8, 1), (9, 9, 2, 8), (9, 9, 9, 8, 1), (9, 9, 8, 2, 1), (6, 6, 1, 3, 2), (6, 6, 3, 7, 3), (6, 6, 7, 3)]
3 -> costo: 137835.9, rotte: {11: [(1, 4)], 9: [(1, 9), (9, 2), (2, 8)], 8: [(1, 3)], 5: [(1, 6)], 7: [(1, 2)], 6: [(1, 3), (3, 7)], 4: [(1, 5)], 3: [(1, 6)], 10: [(1, 4), (4, 6)], 2: [(1, 3)]}, padri: [1], figli: [2, 2, 2], mosse: [(9, 5, 2, 8, 1)]
4 -> costo: 145032.19999999998, rotte: {11: [(1, 4)], 9: [(1, 9), (9, 8), (8, 2)], 8: [(1, 3)], 5: [(1, 6)], 7: [(1, 2)], 6: [(1, 7), (7, 3)], 4: [(1, 5)], 3: [(1, 6)], 10: [(1, 4), (4, 6)], 2: [(1, 3)]}, padri: [0], figli: [2, 2, 2], mosse: [(9, 5, 9, 8, 1)]
bestSolutionIndice: 2
2 -> costo: 137693.9, rotte: {11: [(1, 4)], 9: [(1, 9), (9, 8), (8, 2)], 8: [(1, 3)], 5: [(1, 6)], 7: [(1, 2)], 6: [(1, 3), (3, 7)], 4: [(1, 5)], 3: [(1, 6)], 10: [(1, 4), (4, 6)], 2: [(1, 3)]}, padri: [1, 3, 3, 3, 4, 4, 4], figli: [], mosse: [(9, 5, 9, 8, 1), (9, 9, 2, 8), (9, 9, 9, 8, 1), (9, 9, 8, 2, 1), (6, 6, 1, 3, 2), (6, 6, 3, 7, 3), (6, 6, 7, 3)]
trasportoPalletDiGamma: {11: [(4, 15)], 9: [(9, 8), (8, 1), (2, 1)], 8: [(3, 5)], 5: [(6, 4)], 7: [(2, 5)], 6: [(3, 2), (7, 3)], 4: [(5, 5)], 3: [(6, 5)], 10: [(4, 3), (6, 5)], 2: [(3, 5)]}
itMosseLS: 12, itMosseTS: 10
time elapsed: 255.24s.


##########################################################################################
s: 1
dictSolutions[1]:
0 -> costo: 143553.9, rotte: {6: [(1, 5)], 11: [(1, 6), (6, 2)], 8: [(1, 8), (8, 4)], 7: [(1, 7), (7, 3)], 2: [(1, 9)], 5: [(1, 4)], 3: [(1, 3)], 4: [(1, 2)], 10: [(1, 9), (9, 3)], 9: [(1, 4)]}, padri: [-1], figli: [1], mosse: [-1]
1 -> costo: 136215.6, rotte: {6: [(1, 5)], 11: [(1, 6), (6, 2)], 8: [(1, 8), (8, 4)], 7: [(1, 3), (3, 7)], 2: [(1, 9)], 5: [(1, 4)], 3: [(1, 3)], 4: [(1, 2)], 10: [(1, 9), (9, 3)], 9: [(1, 4)]}, padri: [0], figli: [2], mosse: [(7, 7, 1, 3, 2)]
2 -> costo: 132677.7, rotte: {6: [(1, 5)], 11: [(1, 2), (2, 6)], 8: [(1, 8), (8, 4)], 7: [(1, 3), (3, 7)], 2: [(1, 9)], 5: [(1, 4)], 3: [(1, 3)], 4: [(1, 2)], 10: [(1, 9), (9, 3)], 9: [(1, 4)]}, padri: [1], figli: [3, 5], mosse: [(11, 11, 1, 2, 1)]
3 -> costo: 129998.20000000001, rotte: {6: [(1, 5)], 11: [(1, 6)], 8: [(1, 8), (8, 2), (2, 4)], 7: [(1, 3), (3, 7)], 2: [(1, 9)], 5: [(1, 4)], 3: [(1, 3)], 4: [(1, 2)], 10: [(1, 9), (9, 3)], 9: [(1, 4)]}, padri: [2], figli: [4, 6], mosse: [(8, 11, 8, 2, 1)]
4 -> costo: 128888.90000000001, rotte: {6: [(1, 5)], 11: [(1, 6)], 8: [(1, 2), (2, 4)], 7: [(1, 3), (3, 7)], 2: [(1, 9)], 5: [(1, 4)], 3: [(1, 3)], 4: [(1, 2)], 10: [(1, 9), (9, 8), (8, 3)], 9: [(1, 4)]}, padri: [3, 5], figli: [], mosse: [(10, 8, 9, 8, 1), (8, 11, 1, 2, 1)]
5 -> costo: 130750.70000000001, rotte: {6: [(1, 5)], 11: [(1, 2), (2, 6)], 8: [(1, 4)], 7: [(1, 3), (3, 7)], 2: [(1, 9)], 5: [(1, 4)], 3: [(1, 3)], 4: [(1, 2)], 10: [(1, 9), (9, 8), (8, 3)], 9: [(1, 4)]}, padri: [2], figli: [4, 6, 11], mosse: [(10, 8, 9, 8, 1)]
6 -> costo: 129886.00000000001, rotte: {6: [(1, 5)], 11: [(1, 2), (2, 6)], 8: [(1, 3), (3, 4)], 7: [(1, 7)], 2: [(1, 9)], 5: [(1, 4)], 3: [(1, 3)], 4: [(1, 2)], 10: [(1, 9), (9, 8), (8, 3)], 9: [(1, 4)]}, padri: [5], figli: [7, 8], mosse: [(8, 7, 1, 3, 2)]
7 -> costo: 128888.90000000001, rotte: {6: [(1, 5)], 11: [(1, 6)], 8: [(1, 3), (3, 4)], 7: [(1, 2), (2, 7)], 2: [(1, 9)], 5: [(1, 4)], 3: [(1, 3)], 4: [(1, 2)], 10: [(1, 9), (9, 8), (8, 3)], 9: [(1, 4)]}, padri: [6], figli: [], mosse: [(7, 11, 1, 2, 1)]
8 -> costo: 129221.0, rotte: {6: [(1, 5)], 11: [(1, 6)], 8: [(1, 3), (3, 4)], 7: [(1, 7)], 2: [(1, 9)], 5: [(1, 4)], 3: [(1, 3)], 4: [(1, 2)], 10: [(1, 9), (9, 2), (2, 8), (8, 3)], 9: [(1, 4)]}, padri: [6, 11], figli: [9, 10, 10, 10], mosse: [(10, 11, 9, 2, 1), (8, 7, 1, 3, 2)]
9 -> costo: 128672.90000000001, rotte: {6: [(1, 5)], 11: [(1, 6)], 8: [(1, 3), (3, 4)], 7: [(1, 7)], 2: [(1, 9)], 5: [(1, 4)], 3: [(1, 3)], 4: [(1, 2)], 10: [(1, 9), (9, 8), (8, 3), (3, 2)], 9: [(1, 4)]}, padri: [8], figli: [], mosse: [(10, 10, 3, 2, 1)]
10 -> costo: 128814.9, rotte: {6: [(1, 5)], 11: [(1, 6)], 8: [(1, 3), (3, 4)], 7: [(1, 7)], 2: [(1, 9)], 5: [(1, 4)], 3: [(1, 3)], 4: [(1, 2)], 10: [(1, 9), (9, 2), (2, 3), (3, 8)], 9: [(1, 4)]}, padri: [8, 8, 8], figli: [], mosse: [(10, 10, 8, 3), (10, 10, 2, 3, 5), (10, 10, 3, 8, 1)]
11 -> costo: 130085.70000000001, rotte: {6: [(1, 5)], 11: [(1, 6)], 8: [(1, 4)], 7: [(1, 3), (3, 7)], 2: [(1, 9)], 5: [(1, 4)], 3: [(1, 3)], 4: [(1, 2)], 10: [(1, 9), (9, 2), (2, 8), (8, 3)], 9: [(1, 4)]}, padri: [5], figli: [8], mosse: [(10, 11, 9, 2, 1)]
bestSolutionIndice: 9
9 -> costo: 128672.90000000001, rotte: {6: [(1, 5)], 11: [(1, 6)], 8: [(1, 3), (3, 4)], 7: [(1, 7)], 2: [(1, 9)], 5: [(1, 4)], 3: [(1, 3)], 4: [(1, 2)], 10: [(1, 9), (9, 8), (8, 3), (3, 2)], 9: [(1, 4)]}, padri: [8], figli: [], mosse: [(10, 10, 3, 2, 1)]
trasportoPalletDiGamma: {6: [(5, 5)], 11: [(6, 14)], 8: [(3, 2), (4, 3)], 7: [(7, 3)], 2: [(9, 5)], 5: [(4, 5)], 3: [(3, 5)], 4: [(2, 5)], 10: [(9, 3), (8, 1), (3, 5), (2, 1)], 9: [(4, 10)]}
itMosseLS: 15, itMosseTS: 10
time elapsed: 267.29s.


##########################################################################################
s: 1
dictSolutions[1]:
0 -> costo: 135011.1, rotte: {6: [(1, 4)], 7: [(1, 3)], 5: [(1, 2)], 8: [(1, 8), (8, 2), (2, 4)], 11: [(1, 7), (7, 6)], 4: [(1, 5)], 10: [(1, 9), (9, 3)], 2: [(1, 6)], 9: [(1, 4)], 3: [(1, 3)]}, padri: [-1], figli: [1, 1], mosse: [-1]
1 -> costo: 131887.3, rotte: {6: [(1, 4)], 7: [(1, 3)], 5: [(1, 2)], 8: [(1, 8), (8, 2), (2, 4)], 11: [(1, 6), (6, 7)], 4: [(1, 5)], 10: [(1, 9), (9, 3)], 2: [(1, 6)], 9: [(1, 4)], 3: [(1, 3)]}, padri: [0, 0], figli: [], mosse: [(11, 11, 1, 6, 9), (11, 11, 6, 7, 3)]
bestSolutionIndice: 1
1 -> costo: 131887.3, rotte: {6: [(1, 4)], 7: [(1, 3)], 5: [(1, 2)], 8: [(1, 8), (8, 2), (2, 4)], 11: [(1, 6), (6, 7)], 4: [(1, 5)], 10: [(1, 9), (9, 3)], 2: [(1, 6)], 9: [(1, 4)], 3: [(1, 3)]}, padri: [0, 0], figli: [], mosse: [(11, 11, 1, 6, 9), (11, 11, 6, 7, 3)]
trasportoPalletDiGamma: {6: [(4, 5)], 7: [(3, 5)], 5: [(2, 5)], 8: [(8, 1), (2, 1), (4, 3)], 11: [(6, 9), (7, 3)], 4: [(5, 5)], 10: [(9, 8), (3, 2)], 2: [(6, 5)], 9: [(4, 10)], 3: [(3, 5)]}
itMosseLS: 2, itMosseTS: 2
time elapsed: 53.73s.


##########################################################################################
s: 1
dictSolutions[1]:
0 -> costo: 149592.90000000002, rotte: {11: [(1, 8), (8, 2), (2, 6), (6, 4)], 9: [(1, 3)], 10: [(1, 5), (5, 6)], 8: [(1, 7), (7, 4)], 2: [(1, 9)], 4: [(1, 2)], 7: [(1, 6)], 6: [(1, 4)], 3: [(1, 3), (3, 6)], 5: [(1, 9), (9, 4)]}, padri: [-1], figli: [1], mosse: [-1]
1 -> costo: 141895.80000000002, rotte: {11: [(1, 8), (8, 2), (2, 6), (6, 4)], 9: [(1, 3)], 10: [(1, 5), (5, 6)], 8: [(1, 7), (7, 4)], 2: [(1, 9)], 4: [(1, 2)], 7: [(1, 6)], 6: [(1, 4)], 3: [(1, 3)], 5: [(1, 9), (9, 4)]}, padri: [0], figli: [2], mosse: [(11, 3, 1, 6, 3)]
2 -> costo: 136914.40000000002, rotte: {11: [(1, 8), (8, 2), (2, 6), (6, 4)], 9: [(1, 3)], 10: [(1, 5), (5, 6)], 8: [(1, 4), (4, 7)], 2: [(1, 9)], 4: [(1, 2)], 7: [(1, 6)], 6: [(1, 4)], 3: [(1, 3)], 5: [(1, 9), (9, 4)]}, padri: [1], figli: [3, 3, 5, 5, 5, 5], mosse: [(8, 8, 7, 4)]
3 -> costo: 133211.80000000002, rotte: {11: [(1, 8), (8, 2), (2, 4), (4, 6)], 9: [(1, 3)], 10: [(1, 5), (5, 6)], 8: [(1, 4), (4, 7)], 2: [(1, 9)], 4: [(1, 2)], 7: [(1, 6)], 6: [(1, 4)], 3: [(1, 3)], 5: [(1, 9), (9, 4)]}, padri: [2, 2], figli: [4, 4, 4], mosse: [(11, 11, 2, 4, 9), (11, 11, 4, 6, 4)]
4 -> costo: 133015.1, rotte: {11: [(1, 8), (8, 2), (2, 4), (4, 6)], 9: [(1, 3)], 10: [(1, 6), (6, 5)], 8: [(1, 4), (4, 7)], 2: [(1, 9)], 4: [(1, 2)], 7: [(1, 6)], 6: [(1, 4)], 3: [(1, 3)], 5: [(1, 9), (9, 4)]}, padri: [3, 3, 3, 5, 5], figli: [], mosse: [(10, 10, 1, 6, 5), (10, 10, 6, 5, 5), (10, 10, 5, 6), (11, 11, 2, 4, 9), (11, 11, 4, 6, 4)]
5 -> costo: 136717.7, rotte: {11: [(1, 8), (8, 2), (2, 6), (6, 4)], 9: [(1, 3)], 10: [(1, 6), (6, 5)], 8: [(1, 4), (4, 7)], 2: [(1, 9)], 4: [(1, 2)], 7: [(1, 6)], 6: [(1, 4)], 3: [(1, 3)], 5: [(1, 9), (9, 4)]}, padri: [2, 2, 2], figli: [4, 4], mosse: [(10, 10, 1, 6, 5), (10, 10, 6, 5, 5), (10, 10, 5, 6)]
bestSolutionIndice: 4
4 -> costo: 133015.1, rotte: {11: [(1, 8), (8, 2), (2, 4), (4, 6)], 9: [(1, 3)], 10: [(1, 6), (6, 5)], 8: [(1, 4), (4, 7)], 2: [(1, 9)], 4: [(1, 2)], 7: [(1, 6)], 6: [(1, 4)], 3: [(1, 3)], 5: [(1, 9), (9, 4)]}, padri: [3, 3, 3, 5, 5], figli: [], mosse: [(10, 10, 1, 6, 5), (10, 10, 6, 5, 5), (10, 10, 5, 6), (11, 11, 2, 4, 9), (11, 11, 4, 6, 4)]
trasportoPalletDiGamma: {11: [(8, 1), (2, 1), (4, 9), (6, 4)], 9: [(3, 10)], 10: [(6, 5), (5, 5)], 8: [(4, 2), (7, 3)], 2: [(9, 5)], 4: [(2, 5)], 7: [(6, 5)], 6: [(4, 5)], 3: [(3, 2)], 5: [(9, 3), (4, 2)]}
itMosseLS: 12, itMosseTS: 10
time elapsed: 245.31s.


##########################################################################################
s: 1
dictSolutions[1]:
0 -> costo: 144969.80000000002, rotte: {6: [(1, 7), (7, 2), (2, 4)], 7: [(1, 9)], 10: [(1, 8), (8, 4)], 3: [(1, 3)], 2: [(1, 2)], 8: [(1, 5)], 11: [(1, 6), (6, 4)], 5: [(1, 4)], 9: [(1, 9), (9, 3), (3, 4)], 4: [(1, 3)]}, padri: [-1], figli: [1], mosse: [-1]
1 -> costo: 136462.1, rotte: {6: [(1, 2), (2, 4), (4, 7)], 7: [(1, 9)], 10: [(1, 8), (8, 4)], 3: [(1, 3)], 2: [(1, 2)], 8: [(1, 5)], 11: [(1, 6), (6, 4)], 5: [(1, 4)], 9: [(1, 9), (9, 3), (3, 4)], 4: [(1, 3)]}, padri: [0], figli: [2], mosse: [(6, 6, 4, 7, 3)]
2 -> costo: 134535.1, rotte: {6: [(1, 2), (2, 4), (4, 7)], 7: [(1, 9)], 10: [(1, 4)], 3: [(1, 3)], 2: [(1, 2)], 8: [(1, 5)], 11: [(1, 6), (6, 4)], 5: [(1, 4)], 9: [(1, 9), (9, 8), (8, 3), (3, 4)], 4: [(1, 3)]}, padri: [1], figli: [3], mosse: [(9, 10, 9, 8, 1)]
3 -> costo: 132694.30000000002, rotte: {6: [(1, 2), (2, 4), (4, 7)], 7: [(1, 9)], 10: [(1, 4)], 3: [(1, 3)], 2: [(1, 2)], 8: [(1, 5)], 11: [(1, 4), (4, 6)], 5: [(1, 4)], 9: [(1, 9), (9, 8), (8, 3), (3, 4)], 4: [(1, 3)]}, padri: [2], figli: [4, 8], mosse: [(11, 11, 1, 4, 1)]
4 -> costo: 131764.9, rotte: {6: [(1, 2), (2, 7)], 7: [(1, 9)], 10: [(1, 4)], 3: [(1, 3)], 2: [(1, 2)], 8: [(1, 5)], 11: [(1, 4), (4, 6)], 5: [(1, 4)], 9: [(1, 9), (9, 8), (8, 3), (3, 4)], 4: [(1, 3)]}, padri: [3], figli: [5, 7], mosse: [(10, 6, 1, 4, 1)]
5 -> costo: 129818.3, rotte: {6: [(1, 2), (2, 4), (4, 7)], 7: [(1, 9)], 10: [(1, 4)], 3: [(1, 3)], 2: [(1, 2)], 8: [(1, 5)], 11: [(1, 6)], 5: [(1, 4)], 9: [(1, 9), (9, 8), (8, 3), (3, 4)], 4: [(1, 3)]}, padri: [4], figli: [6], mosse: [(6, 11, 2, 4, 1)]
6 -> costo: 129000.6, rotte: {6: [(1, 4), (4, 7)], 7: [(1, 9)], 10: [(1, 4)], 3: [(1, 3)], 2: [(1, 2)], 8: [(1, 5)], 11: [(1, 6)], 5: [(1, 4)], 9: [(1, 9), (9, 8), (8, 3), (3, 2), (2, 4)], 4: [(1, 3)]}, padri: [5, 7, 8], figli: [], mosse: [(9, 6, 3, 2, 1), (6, 11, 1, 4, 1), (10, 11, 1, 4, 1)]
7 -> costo: 130082.5, rotte: {6: [(1, 7)], 7: [(1, 9)], 10: [(1, 4)], 3: [(1, 3)], 2: [(1, 2)], 8: [(1, 5)], 11: [(1, 4), (4, 6)], 5: [(1, 4)], 9: [(1, 9), (9, 8), (8, 3), (3, 2), (2, 4)], 4: [(1, 3)]}, padri: [4, 8], figli: [6], mosse: [(9, 6, 3, 2, 1), (10, 6, 1, 4, 1)]
8 -> costo: 131876.6, rotte: {6: [(1, 4), (4, 7)], 7: [(1, 9)], 10: [(1, 4)], 3: [(1, 3)], 2: [(1, 2)], 8: [(1, 5)], 11: [(1, 4), (4, 6)], 5: [(1, 4)], 9: [(1, 9), (9, 8), (8, 3), (3, 2), (2, 4)], 4: [(1, 3)]}, padri: [3], figli: [6, 7], mosse: [(9, 6, 3, 2, 1)]
9 -> costo: 129000.6, rotte: {6: [(1, 4), (4, 7)], 7: [(1, 9)], 10: [(1, 4)], 3: [(1, 3)], 2: [(1, 2)], 8: [(1, 5)], 11: [(1, 6)], 5: [(1, 4)], 9: [(1, 9), (9, 8), (8, 3), (3, 2), (2, 4)], 4: [(1, 3)]}, padri: [8], figli: [], mosse: [(6, 11, 1, 4, 1)]
10 -> costo: 129000.6, rotte: {6: [(1, 4), (4, 7)], 7: [(1, 9)], 10: [(1, 4)], 3: [(1, 3)], 2: [(1, 2)], 8: [(1, 5)], 11: [(1, 6)], 5: [(1, 4)], 9: [(1, 9), (9, 8), (8, 3), (3, 2), (2, 4)], 4: [(1, 3)]}, padri: [8], figli: [], mosse: [(6, 11, 7, 4, 1)]
bestSolutionIndice: 6
6 -> costo: 129000.6, rotte: {6: [(1, 4), (4, 7)], 7: [(1, 9)], 10: [(1, 4)], 3: [(1, 3)], 2: [(1, 2)], 8: [(1, 5)], 11: [(1, 6)], 5: [(1, 4)], 9: [(1, 9), (9, 8), (8, 3), (3, 2), (2, 4)], 4: [(1, 3)]}, padri: [5, 7, 8], figli: [], mosse: [(9, 6, 3, 2, 1), (6, 11, 1, 4, 1), (10, 11, 1, 4, 1)]
trasportoPalletDiGamma: {6: [(4, 1), (7, 3)], 7: [(9, 5)], 10: [(4, 10)], 3: [(3, 5)], 2: [(2, 5)], 8: [(5, 5)], 11: [(6, 14)], 5: [(4, 5)], 9: [(9, 3), (8, 1), (3, 2), (2, 1), (4, 2)], 4: [(3, 5)]}
itMosseLS: 13, itMosseTS: 10
time elapsed: 258.21s.


##########################################################################################
s: 1
dictSolutions[1]:
0 -> costo: 162186.30000000002, rotte: {3: [(1, 6)], 6: [(1, 8), (8, 4)], 8: [(1, 2)], 10: [(1, 5), (5, 3)], 5: [(1, 4)], 4: [(1, 3)], 9: [(1, 9), (9, 6)], 7: [(1, 7), (7, 4)], 2: [(1, 6)], 11: [(1, 2), (2, 3), (3, 6), (6, 4)]}, padri: [-1], figli: [1], mosse: [-1]
1 -> costo: 157204.9, rotte: {3: [(1, 6)], 6: [(1, 8), (8, 4)], 8: [(1, 2)], 10: [(1, 5), (5, 3)], 5: [(1, 4)], 4: [(1, 3)], 9: [(1, 9), (9, 6)], 7: [(1, 4), (4, 7)], 2: [(1, 6)], 11: [(1, 2), (2, 3), (3, 6), (6, 4)]}, padri: [0], figli: [2], mosse: [(7, 7, 7, 4)]
2 -> costo: 152802.0, rotte: {3: [(1, 6)], 6: [(1, 8), (8, 4)], 8: [(1, 2)], 10: [(1, 3), (3, 5)], 5: [(1, 4)], 4: [(1, 3)], 9: [(1, 9), (9, 6)], 7: [(1, 4), (4, 7)], 2: [(1, 6)], 11: [(1, 2), (2, 3), (3, 6), (6, 4)]}, padri: [1], figli: [3], mosse: [(10, 10, 1, 3, 5)]
3 -> costo: 151494.4, rotte: {3: [(1, 6)], 6: [(1, 4)], 8: [(1, 2)], 10: [(1, 3), (3, 5)], 5: [(1, 4)], 4: [(1, 3)], 9: [(1, 9), (9, 6)], 7: [(1, 4), (4, 7)], 2: [(1, 6)], 11: [(1, 2), (2, 3), (3, 8), (8, 6), (6, 4)]}, padri: [2], figli: [4, 4, 9, 9], mosse: [(11, 6, 3, 8, 1)]
4 -> costo: 148099.99999999997, rotte: {3: [(1, 6)], 6: [(1, 4)], 8: [(1, 2)], 10: [(1, 3), (3, 5)], 5: [(1, 4)], 4: [(1, 3)], 9: [(1, 9), (9, 6)], 7: [(1, 4), (4, 7)], 2: [(1, 6)], 11: [(1, 2), (2, 3), (3, 8), (8, 4), (4, 6)]}, padri: [3, 3], figli: [5, 7, 8, 10], mosse: [(11, 11, 8, 4, 7), (11, 11, 4, 6, 2)]
5 -> costo: 146021.99999999997, rotte: {3: [(1, 6)], 6: [(1, 4)], 8: [(1, 2)], 10: [(1, 3), (3, 5)], 5: [(1, 4)], 4: [(1, 3)], 9: [(1, 9), (9, 6)], 7: [(1, 4), (4, 7)], 2: [(1, 6)], 11: [(1, 3), (3, 8), (8, 2), (2, 4), (4, 6)]}, padri: [4, 7, 9, 9], figli: [6], mosse: [(11, 11, 8, 2, 1), (11, 6, 8, 2, 1), (11, 11, 2, 4, 7), (11, 11, 4, 6, 2)]
6 -> costo: 145380.49999999994, rotte: {3: [(1, 6)], 6: [(1, 4)], 8: [(1, 2)], 10: [(1, 3), (3, 5)], 5: [(1, 4)], 4: [(1, 3)], 9: [(1, 9), (9, 6)], 7: [(1, 4), (4, 7)], 2: [(1, 6)], 11: [(1, 8), (8, 3), (3, 2), (2, 4), (4, 6)]}, padri: [5, 8, 10], figli: [], mosse: [(11, 11, 8, 3, 2), (11, 6, 3, 2, 1), (11, 11, 2, 4, 7)]
7 -> costo: 146839.69999999995, rotte: {3: [(1, 6)], 6: [(1, 2), (2, 4)], 8: [(1, 2)], 10: [(1, 3), (3, 5)], 5: [(1, 4)], 4: [(1, 3)], 9: [(1, 9), (9, 6)], 7: [(1, 4), (4, 7)], 2: [(1, 6)], 11: [(1, 3), (3, 8), (8, 4), (4, 6)]}, padri: [4], figli: [5, 8, 10], mosse: [(6, 11, 1, 2, 1)]
8 -> costo: 146198.19999999998, rotte: {3: [(1, 6)], 6: [(1, 2), (2, 4)], 8: [(1, 2)], 10: [(1, 3), (3, 5)], 5: [(1, 4)], 4: [(1, 3)], 9: [(1, 9), (9, 6)], 7: [(1, 4), (4, 7)], 2: [(1, 6)], 11: [(1, 8), (8, 3), (3, 4), (4, 6)]}, padri: [7], figli: [6], mosse: [(11, 11, 8, 3, 2)]
9 -> costo: 149724.59999999998, rotte: {3: [(1, 6)], 6: [(1, 4)], 8: [(1, 2)], 10: [(1, 3), (3, 5)], 5: [(1, 4)], 4: [(1, 3)], 9: [(1, 9), (9, 6)], 7: [(1, 4), (4, 7)], 2: [(1, 6)], 11: [(1, 3), (3, 8), (8, 2), (2, 6), (6, 4)]}, padri: [3], figli: [5, 5, 10, 10], mosse: [(11, 11, 8, 2, 1)]
10 -> costo: 149083.09999999995, rotte: {3: [(1, 6)], 6: [(1, 4)], 8: [(1, 2)], 10: [(1, 3), (3, 5)], 5: [(1, 4)], 4: [(1, 3)], 9: [(1, 9), (9, 6)], 7: [(1, 4), (4, 7)], 2: [(1, 6)], 11: [(1, 8), (8, 3), (3, 2), (2, 6), (6, 4)]}, padri: [9], figli: [6], mosse: [(11, 11, 8, 3, 2)]
bestSolutionIndice: 6
6 -> costo: 145380.49999999994, rotte: {3: [(1, 6)], 6: [(1, 4)], 8: [(1, 2)], 10: [(1, 3), (3, 5)], 5: [(1, 4)], 4: [(1, 3)], 9: [(1, 9), (9, 6)], 7: [(1, 4), (4, 7)], 2: [(1, 6)], 11: [(1, 8), (8, 3), (3, 2), (2, 4), (4, 6)]}, padri: [5, 8, 10], figli: [], mosse: [(11, 11, 8, 3, 2), (11, 6, 3, 2, 1), (11, 11, 2, 4, 7)]
trasportoPalletDiGamma: {3: [(6, 5)], 6: [(4, 4)], 8: [(2, 5)], 10: [(3, 5), (5, 5)], 5: [(4, 5)], 4: [(3, 5)], 9: [(9, 8), (6, 2)], 7: [(4, 2), (7, 3)], 2: [(6, 5)], 11: [(8, 1), (3, 2), (2, 1), (4, 7), (6, 2)]}
itMosseLS: 16, itMosseTS: 10
time elapsed: 325.59s.


##########################################################################################
s: 1
dictSolutions[1]:
0 -> costo: 147083.4, rotte: {4: [(1, 3)], 11: [(1, 2), (2, 9), (9, 4)], 10: [(1, 6)], 8: [(1, 9)], 9: [(1, 5), (5, 4)], 2: [(1, 8), (8, 3)], 5: [(1, 4)], 6: [(1, 7), (7, 4)], 7: [(1, 3)], 3: [(1, 6), (6, 4)]}, padri: [-1], figli: [1], mosse: [-1]
1 -> costo: 142102.0, rotte: {4: [(1, 3)], 11: [(1, 2), (2, 9), (9, 4)], 10: [(1, 6)], 8: [(1, 9)], 9: [(1, 5), (5, 4)], 2: [(1, 8), (8, 3)], 5: [(1, 4)], 6: [(1, 4), (4, 7)], 7: [(1, 3)], 3: [(1, 6), (6, 4)]}, padri: [0], figli: [2], mosse: [(6, 6, 7, 4)]
2 -> costo: 137385.2, rotte: {4: [(1, 3)], 11: [(1, 2), (2, 9), (9, 4)], 10: [(1, 6)], 8: [(1, 9)], 9: [(1, 5), (5, 4)], 2: [(1, 8), (8, 3)], 5: [(1, 4)], 6: [(1, 4), (4, 7)], 7: [(1, 3)], 3: [(1, 6)]}, padri: [1], figli: [3, 5], mosse: [(11, 3, 1, 4, 1)]
3 -> costo: 132731.2, rotte: {4: [(1, 3)], 11: [(1, 9), (9, 2), (2, 4)], 10: [(1, 6)], 8: [(1, 9)], 9: [(1, 5), (5, 4)], 2: [(1, 8), (8, 3)], 5: [(1, 4)], 6: [(1, 4), (4, 7)], 7: [(1, 3)], 3: [(1, 6)]}, padri: [2, 5], figli: [4, 4, 4], mosse: [(11, 11, 9, 2, 6), (11, 11, 4, 2)]
4 -> costo: 130690.80000000002, rotte: {4: [(1, 3)], 11: [(1, 9), (9, 2), (2, 4)], 10: [(1, 6)], 8: [(1, 9)], 9: [(1, 4), (4, 5)], 2: [(1, 8), (8, 3)], 5: [(1, 4)], 6: [(1, 4), (4, 7)], 7: [(1, 3)], 3: [(1, 6)]}, padri: [3, 3, 3, 6, 6, 6], figli: [], mosse: [(9, 9, 5, 4), (9, 9, 1, 4, 5), (9, 9, 4, 5, 5), (11, 11, 4, 2), (11, 11, 9, 2, 6), (11, 11, 2, 4, 6)]
5 -> costo: 133837.7, rotte: {4: [(1, 3)], 11: [(1, 9), (9, 4), (4, 2)], 10: [(1, 6)], 8: [(1, 9)], 9: [(1, 5), (5, 4)], 2: [(1, 8), (8, 3)], 5: [(1, 4)], 6: [(1, 4), (4, 7)], 7: [(1, 3)], 3: [(1, 6)]}, padri: [2], figli: [6, 6, 6, 3], mosse: [(11, 11, 4, 2, 6)]
6 -> costo: 131797.30000000002, rotte: {4: [(1, 3)], 11: [(1, 9), (9, 4), (4, 2)], 10: [(1, 6)], 8: [(1, 9)], 9: [(1, 4), (4, 5)], 2: [(1, 8), (8, 3)], 5: [(1, 4)], 6: [(1, 4), (4, 7)], 7: [(1, 3)], 3: [(1, 6)]}, padri: [5, 5, 5], figli: [4, 4, 4], mosse: [(9, 9, 5, 4), (9, 9, 1, 4, 5), (9, 9, 4, 5, 5)]
bestSolutionIndice: 4
4 -> costo: 130690.80000000002, rotte: {4: [(1, 3)], 11: [(1, 9), (9, 2), (2, 4)], 10: [(1, 6)], 8: [(1, 9)], 9: [(1, 4), (4, 5)], 2: [(1, 8), (8, 3)], 5: [(1, 4)], 6: [(1, 4), (4, 7)], 7: [(1, 3)], 3: [(1, 6)]}, padri: [3, 3, 3, 6, 6, 6], figli: [], mosse: [(9, 9, 5, 4), (9, 9, 1, 4, 5), (9, 9, 4, 5, 5), (11, 11, 4, 2), (11, 11, 9, 2, 6), (11, 11, 2, 4, 6)]
trasportoPalletDiGamma: {4: [(3, 5)], 11: [(9, 3), (2, 6), (4, 6)], 10: [(6, 10)], 8: [(9, 5)], 9: [(4, 5), (5, 5)], 2: [(8, 1), (3, 2)], 5: [(4, 5)], 6: [(4, 2), (7, 3)], 7: [(3, 5)], 3: [(6, 4)]}
itMosseLS: 14, itMosseTS: 10
time elapsed: 205.75s.


##########################################################################################
s: 1
dictSolutions[1]:
0 -> costo: 143047.3, rotte: {4: [(1, 7), (7, 3)], 11: [(1, 4)], 9: [(1, 9), (9, 2)], 6: [(1, 8), (8, 3)], 10: [(1, 6)], 7: [(1, 5)], 2: [(1, 3)], 3: [(1, 2)], 8: [(1, 4), (4, 3)], 5: [(1, 6)]}, padri: [-1], figli: [1, 1, 1, 5, 5, 5], mosse: [-1]
1 -> costo: 135709.0, rotte: {4: [(1, 3), (3, 7)], 11: [(1, 4)], 9: [(1, 9), (9, 2)], 6: [(1, 8), (8, 3)], 10: [(1, 6)], 7: [(1, 5)], 2: [(1, 3)], 3: [(1, 2)], 8: [(1, 4), (4, 3)], 5: [(1, 6)]}, padri: [0, 0, 0], figli: [2, 2, 2], mosse: [(4, 4, 1, 3, 2), (4, 4, 3, 7, 3), (4, 4, 7, 3)]
2 -> costo: 133348.99999999997, rotte: {4: [(1, 3), (3, 7)], 11: [(1, 4)], 9: [(1, 9), (9, 2)], 6: [(1, 8), (8, 3)], 10: [(1, 6)], 7: [(1, 5)], 2: [(1, 3)], 3: [(1, 2)], 8: [(1, 3), (3, 4)], 5: [(1, 6)]}, padri: [1, 1, 1, 5], figli: [3, 4], mosse: [(8, 8, 4, 3), (8, 8, 1, 3, 1), (8, 8, 3, 4, 3), (4, 4, 1, 3, 2)]
3 -> costo: 133142.9, rotte: {4: [(1, 3), (3, 7)], 11: [(1, 4)], 9: [(1, 9), (9, 2), (2, 3)], 6: [(1, 8), (8, 3)], 10: [(1, 6)], 7: [(1, 5)], 2: [(1, 3)], 3: [(1, 2)], 8: [(1, 4)], 5: [(1, 6)]}, padri: [2, 4, 4], figli: [], mosse: [(9, 8, 2, 3, 1), (9, 9, 9, 2, 1), (9, 9, 2, 3, 1)]
4 -> costo: 133214.19999999998, rotte: {4: [(1, 3), (3, 7)], 11: [(1, 4)], 9: [(1, 9), (9, 3), (3, 2)], 6: [(1, 8), (8, 3)], 10: [(1, 6)], 7: [(1, 5)], 2: [(1, 3)], 3: [(1, 2)], 8: [(1, 4)], 5: [(1, 6)]}, padri: [2], figli: [3, 3], mosse: [(9, 8, 9, 3, 1)]
5 -> costo: 140687.3, rotte: {4: [(1, 7), (7, 3)], 11: [(1, 4)], 9: [(1, 9), (9, 2)], 6: [(1, 8), (8, 3)], 10: [(1, 6)], 7: [(1, 5)], 2: [(1, 3)], 3: [(1, 2)], 8: [(1, 3), (3, 4)], 5: [(1, 6)]}, padri: [0], figli: [2], mosse: [(8, 8, 4, 3)]
bestSolutionIndice: 3
3 -> costo: 133142.9, rotte: {4: [(1, 3), (3, 7)], 11: [(1, 4)], 9: [(1, 9), (9, 2), (2, 3)], 6: [(1, 8), (8, 3)], 10: [(1, 6)], 7: [(1, 5)], 2: [(1, 3)], 3: [(1, 2)], 8: [(1, 4)], 5: [(1, 6)]}, padri: [2, 4, 4], figli: [], mosse: [(9, 8, 2, 3, 1), (9, 9, 9, 2, 1), (9, 9, 2, 3, 1)]
trasportoPalletDiGamma: {4: [(3, 2), (7, 3)], 11: [(4, 15)], 9: [(9, 8), (2, 1), (3, 1)], 6: [(8, 1), (3, 4)], 10: [(6, 10)], 7: [(5, 5)], 2: [(3, 5)], 3: [(2, 5)], 8: [(4, 3)], 5: [(6, 4)]}
itMosseLS: 12, itMosseTS: 10
time elapsed: 228.15s.


##########################################################################################
s: 1
dictSolutions[1]:
0 -> costo: 145692.6, rotte: {5: [(1, 9)], 2: [(1, 5)], 9: [(1, 8), (8, 6)], 10: [(1, 7), (7, 3), (3, 4)], 3: [(1, 3)], 6: [(1, 4)], 8: [(1, 6)], 11: [(1, 2), (2, 4)], 7: [(1, 9), (9, 4)], 4: [(1, 3)]}, padri: [-1], figli: [1], mosse: [-1]
1 -> costo: 135064.5, rotte: {5: [(1, 9)], 2: [(1, 5)], 9: [(1, 8), (8, 6)], 10: [(1, 3), (3, 4), (4, 7)], 3: [(1, 3)], 6: [(1, 4)], 8: [(1, 6)], 11: [(1, 2), (2, 4)], 7: [(1, 9), (9, 4)], 4: [(1, 3)]}, padri: [0], figli: [2, 2, 2, 5, 5, 5], mosse: [(10, 10, 4, 7, 3)]
2 -> costo: 129991.3, rotte: {5: [(1, 9)], 2: [(1, 5)], 9: [(1, 8), (8, 6)], 10: [(1, 3), (3, 4), (4, 7)], 3: [(1, 3)], 6: [(1, 4)], 8: [(1, 6)], 11: [(1, 2), (2, 4)], 7: [(1, 9)], 4: [(1, 3)]}, padri: [1, 1, 1], figli: [3, 4], mosse: [(10, 7, 1, 4, 2), (10, 7, 3, 4, 2), (10, 7, 7, 4, 2)]
3 -> costo: 126488.6, rotte: {5: [(1, 9)], 2: [(1, 5)], 9: [(1, 6)], 10: [(1, 8), (8, 3), (3, 4), (4, 7)], 3: [(1, 3)], 6: [(1, 4)], 8: [(1, 6)], 11: [(1, 2), (2, 4)], 7: [(1, 9)], 4: [(1, 3)]}, padri: [2, 4, 5, 5, 5, 5], figli: [], mosse: [(10, 9, 1, 8, 1), (10, 10, 8, 3, 2), (10, 7, 1, 4, 2), (10, 7, 8, 4, 2), (10, 7, 3, 4, 2), (10, 7, 7, 4, 2)]
4 -> costo: 127130.10000000002, rotte: {5: [(1, 9)], 2: [(1, 5)], 9: [(1, 6)], 10: [(1, 3), (3, 8), (8, 4), (4, 7)], 3: [(1, 3)], 6: [(1, 4)], 8: [(1, 6)], 11: [(1, 2), (2, 4)], 7: [(1, 9)], 4: [(1, 3)]}, padri: [2], figli: [3], mosse: [(10, 9, 3, 8, 1)]
5 -> costo: 131561.80000000002, rotte: {5: [(1, 9)], 2: [(1, 5)], 9: [(1, 6)], 10: [(1, 8), (8, 3), (3, 4), (4, 7)], 3: [(1, 3)], 6: [(1, 4)], 8: [(1, 6)], 11: [(1, 2), (2, 4)], 7: [(1, 9), (9, 4)], 4: [(1, 3)]}, padri: [1], figli: [3, 3, 3, 3], mosse: [(10, 9, 1, 8, 1)]
bestSolutionIndice: 3
3 -> costo: 126488.6, rotte: {5: [(1, 9)], 2: [(1, 5)], 9: [(1, 6)], 10: [(1, 8), (8, 3), (3, 4), (4, 7)], 3: [(1, 3)], 6: [(1, 4)], 8: [(1, 6)], 11: [(1, 2), (2, 4)], 7: [(1, 9)], 4: [(1, 3)]}, padri: [2, 4, 5, 5, 5, 5], figli: [], mosse: [(10, 9, 1, 8, 1), (10, 10, 8, 3, 2), (10, 7, 1, 4, 2), (10, 7, 8, 4, 2), (10, 7, 3, 4, 2), (10, 7, 7, 4, 2)]
trasportoPalletDiGamma: {5: [(9, 5)], 2: [(5, 5)], 9: [(6, 9)], 10: [(8, 1), (3, 2), (4, 4), (7, 3)], 3: [(3, 5)], 6: [(4, 5)], 8: [(6, 5)], 11: [(2, 6), (4, 9)], 7: [(9, 3)], 4: [(3, 5)]}
itMosseLS: 12, itMosseTS: 10
time elapsed: 186.70s.


##########################################################################################
##########################################################################################
##########################################################################################
##########################################################################################
##########################################################################################
