itNSIMax: 5, itMosseTSMax: 75.
##########################################################################################
s: 1
dictSolutions[1]:
0 -> costo: 144589.19999999998, rotte: {10: [(1, 2), (2, 9), (9, 4)], 9: [(1, 8), (8, 3), (3, 4)], 8: [(1, 3)], 11: [(1, 6), (6, 4)], 4: [(1, 4)], 7: [(1, 5)], 3: [(1, 7), (7, 4)], 6: [(1, 9)], 5: [(1, 3)], 2: [(1, 4)]}, padri: [-1], figli: [1], mosse: [-1]
1 -> costo: 139515.99999999997, rotte: {10: [(1, 2), (2, 9)], 9: [(1, 8), (8, 3), (3, 4)], 8: [(1, 3)], 11: [(1, 6), (6, 4)], 4: [(1, 4)], 7: [(1, 5)], 3: [(1, 7), (7, 4)], 6: [(1, 9)], 5: [(1, 3)], 2: [(1, 4)]}, padri: [0], figli: [2, 2, 2, 9, 9, 9, 41], mosse: [(9, 10, 1, 4, 1)]
2 -> costo: 132740.49999999997, rotte: {10: [(1, 2), (2, 9)], 9: [(1, 8), (8, 3), (3, 4)], 8: [(1, 3)], 11: [(1, 6), (6, 4)], 4: [(1, 4)], 7: [(1, 5)], 3: [(1, 7)], 6: [(1, 9)], 5: [(1, 3)], 2: [(1, 4)]}, padri: [1, 1, 1, 9, 9, 9], figli: [3, 3, 7, 7, 7, 7], mosse: [(9, 3, 1, 4, 2), (9, 3, 8, 4, 2), (9, 3, 3, 4, 2), (9, 3, 1, 4, 2), (9, 3, 8, 4, 2), (9, 3, 3, 4, 2)]
3 -> costo: 130406.89999999998, rotte: {10: [(1, 9), (9, 2)], 9: [(1, 8), (8, 3), (3, 4)], 8: [(1, 3)], 11: [(1, 6), (6, 4)], 4: [(1, 4)], 7: [(1, 5)], 3: [(1, 7)], 6: [(1, 9)], 5: [(1, 3)], 2: [(1, 4)]}, padri: [2, 2, 19, 19, 19], figli: [4, 4, 4, 8, 8, 8, 27, 27, 27], mosse: [(10, 10, 1, 9, 3), (10, 10, 9, 2, 6), (9, 3, 1, 4, 2), (9, 3, 8, 4, 2), (9, 3, 3, 4, 2)]
4 -> costo: 128566.09999999999, rotte: {10: [(1, 9), (9, 2)], 9: [(1, 8), (8, 3), (3, 4)], 8: [(1, 3)], 11: [(1, 4), (4, 6)], 4: [(1, 4)], 7: [(1, 5)], 3: [(1, 7)], 6: [(1, 9)], 5: [(1, 3)], 2: [(1, 4)]}, padri: [3, 3, 3, 7, 7, 23, 23, 23], figli: [5, 6], mosse: [(11, 11, 1, 4, 1), (11, 11, 4, 6, 14), (11, 11, 6, 4), (10, 10, 1, 9, 3), (10, 10, 9, 2, 6), (9, 3, 1, 4, 2), (9, 3, 8, 4, 2), (9, 3, 3, 4, 2)]
5 -> costo: 127484.19999999998, rotte: {10: [(1, 9), (9, 2)], 9: [(1, 8), (8, 3), (3, 4)], 8: [(1, 3)], 11: [(1, 6)], 4: [(1, 4)], 7: [(1, 5)], 3: [(1, 4), (4, 7)], 6: [(1, 9)], 5: [(1, 3)], 2: [(1, 4)]}, padri: [4, 8, 8], figli: [], mosse: [(3, 11, 1, 4, 1), (10, 10, 1, 9, 3), (10, 10, 9, 2, 6)]
6 -> costo: 128442.89999999998, rotte: {10: [(1, 9), (9, 2), (2, 4)], 9: [(1, 8), (8, 3), (3, 4)], 8: [(1, 3)], 11: [(1, 6)], 4: [(1, 4)], 7: [(1, 5)], 3: [(1, 7)], 6: [(1, 9)], 5: [(1, 3)], 2: [(1, 4)]}, padri: [4], figli: [], mosse: [(10, 11, 2, 4, 1)]
7 -> costo: 130899.7, rotte: {10: [(1, 2), (2, 9)], 9: [(1, 8), (8, 3), (3, 4)], 8: [(1, 3)], 11: [(1, 4), (4, 6)], 4: [(1, 4)], 7: [(1, 5)], 3: [(1, 7)], 6: [(1, 9)], 5: [(1, 3)], 2: [(1, 4)]}, padri: [2, 2, 2, 31, 31, 31], figli: [4, 4, 8, 8, 27, 27], mosse: [(11, 11, 1, 4, 1), (11, 11, 4, 6, 14), (11, 11, 6, 4), (9, 3, 1, 4, 2), (9, 3, 8, 4, 2), (9, 3, 3, 4, 2)]
8 -> costo: 129817.79999999999, rotte: {10: [(1, 2), (2, 9)], 9: [(1, 8), (8, 3), (3, 4)], 8: [(1, 3)], 11: [(1, 6)], 4: [(1, 4)], 7: [(1, 5)], 3: [(1, 4), (4, 7)], 6: [(1, 9)], 5: [(1, 3)], 2: [(1, 4)]}, padri: [7], figli: [5, 5], mosse: [(3, 11, 1, 4, 1)]
9 -> costo: 134534.59999999998, rotte: {10: [(1, 2), (2, 9)], 9: [(1, 8), (8, 3), (3, 4)], 8: [(1, 3)], 11: [(1, 6), (6, 4)], 4: [(1, 4)], 7: [(1, 5)], 3: [(1, 4), (4, 7)], 6: [(1, 9)], 5: [(1, 3)], 2: [(1, 4)]}, padri: [1], figli: [19, 19, 31, 31, 31, 31, 2, 2, 2], mosse: [(3, 3, 7, 4)]
10 -> costo: 129817.79999999999, rotte: {10: [(1, 2), (2, 9)], 9: [(1, 8), (8, 3), (3, 4)], 8: [(1, 3)], 11: [(1, 6)], 4: [(1, 4)], 7: [(1, 5)], 3: [(1, 4), (4, 7)], 6: [(1, 9)], 5: [(1, 3)], 2: [(1, 4)]}, padri: [9], figli: [], mosse: [(9, 11, 1, 4, 1)]
11 -> costo: 127484.19999999998, rotte: {10: [(1, 9), (9, 2)], 9: [(1, 8), (8, 3), (3, 4)], 8: [(1, 3)], 11: [(1, 6)], 4: [(1, 4)], 7: [(1, 5)], 3: [(1, 4), (4, 7)], 6: [(1, 9)], 5: [(1, 3)], 2: [(1, 4)]}, padri: [10], figli: [], mosse: [(10, 10, 1, 9, 3)]
12 -> costo: 127484.19999999998, rotte: {10: [(1, 9), (9, 2)], 9: [(1, 8), (8, 3), (3, 4)], 8: [(1, 3)], 11: [(1, 6)], 4: [(1, 4)], 7: [(1, 5)], 3: [(1, 4), (4, 7)], 6: [(1, 9)], 5: [(1, 3)], 2: [(1, 4)]}, padri: [10], figli: [], mosse: [(10, 10, 9, 2, 6)]
13 -> costo: 129817.79999999999, rotte: {10: [(1, 2), (2, 9)], 9: [(1, 8), (8, 3), (3, 4)], 8: [(1, 3)], 11: [(1, 6)], 4: [(1, 4)], 7: [(1, 5)], 3: [(1, 4), (4, 7)], 6: [(1, 9)], 5: [(1, 3)], 2: [(1, 4)]}, padri: [9], figli: [], mosse: [(9, 11, 8, 4, 1)]
14 -> costo: 127484.19999999998, rotte: {10: [(1, 9), (9, 2)], 9: [(1, 8), (8, 3), (3, 4)], 8: [(1, 3)], 11: [(1, 6)], 4: [(1, 4)], 7: [(1, 5)], 3: [(1, 4), (4, 7)], 6: [(1, 9)], 5: [(1, 3)], 2: [(1, 4)]}, padri: [13], figli: [], mosse: [(10, 10, 1, 9, 3)]
15 -> costo: 127484.19999999998, rotte: {10: [(1, 9), (9, 2)], 9: [(1, 8), (8, 3), (3, 4)], 8: [(1, 3)], 11: [(1, 6)], 4: [(1, 4)], 7: [(1, 5)], 3: [(1, 4), (4, 7)], 6: [(1, 9)], 5: [(1, 3)], 2: [(1, 4)]}, padri: [13], figli: [], mosse: [(10, 10, 9, 2, 6)]
16 -> costo: 129817.79999999999, rotte: {10: [(1, 2), (2, 9)], 9: [(1, 8), (8, 3), (3, 4)], 8: [(1, 3)], 11: [(1, 6)], 4: [(1, 4)], 7: [(1, 5)], 3: [(1, 4), (4, 7)], 6: [(1, 9)], 5: [(1, 3)], 2: [(1, 4)]}, padri: [9], figli: [], mosse: [(9, 11, 3, 4, 1)]
17 -> costo: 127484.19999999998, rotte: {10: [(1, 9), (9, 2)], 9: [(1, 8), (8, 3), (3, 4)], 8: [(1, 3)], 11: [(1, 6)], 4: [(1, 4)], 7: [(1, 5)], 3: [(1, 4), (4, 7)], 6: [(1, 9)], 5: [(1, 3)], 2: [(1, 4)]}, padri: [16], figli: [], mosse: [(10, 10, 1, 9, 3)]
18 -> costo: 127484.19999999998, rotte: {10: [(1, 9), (9, 2)], 9: [(1, 8), (8, 3), (3, 4)], 8: [(1, 3)], 11: [(1, 6)], 4: [(1, 4)], 7: [(1, 5)], 3: [(1, 4), (4, 7)], 6: [(1, 9)], 5: [(1, 3)], 2: [(1, 4)]}, padri: [16], figli: [], mosse: [(10, 10, 9, 2, 6)]
19 -> costo: 132200.99999999997, rotte: {10: [(1, 9), (9, 2)], 9: [(1, 8), (8, 3), (3, 4)], 8: [(1, 3)], 11: [(1, 6), (6, 4)], 4: [(1, 4)], 7: [(1, 5)], 3: [(1, 4), (4, 7)], 6: [(1, 9)], 5: [(1, 3)], 2: [(1, 4)]}, padri: [9, 9], figli: [23, 23, 23, 3, 3, 3], mosse: [(10, 10, 1, 9, 3), (10, 10, 9, 2, 6)]
20 -> costo: 127484.19999999998, rotte: {10: [(1, 9), (9, 2)], 9: [(1, 8), (8, 3), (3, 4)], 8: [(1, 3)], 11: [(1, 6)], 4: [(1, 4)], 7: [(1, 5)], 3: [(1, 4), (4, 7)], 6: [(1, 9)], 5: [(1, 3)], 2: [(1, 4)]}, padri: [19], figli: [], mosse: [(9, 11, 1, 4, 1)]
21 -> costo: 127484.19999999998, rotte: {10: [(1, 9), (9, 2)], 9: [(1, 8), (8, 3), (3, 4)], 8: [(1, 3)], 11: [(1, 6)], 4: [(1, 4)], 7: [(1, 5)], 3: [(1, 4), (4, 7)], 6: [(1, 9)], 5: [(1, 3)], 2: [(1, 4)]}, padri: [19], figli: [], mosse: [(9, 11, 8, 4, 1)]
22 -> costo: 127484.19999999998, rotte: {10: [(1, 9), (9, 2)], 9: [(1, 8), (8, 3), (3, 4)], 8: [(1, 3)], 11: [(1, 6)], 4: [(1, 4)], 7: [(1, 5)], 3: [(1, 4), (4, 7)], 6: [(1, 9)], 5: [(1, 3)], 2: [(1, 4)]}, padri: [19], figli: [], mosse: [(9, 11, 3, 4, 1)]
23 -> costo: 130360.2, rotte: {10: [(1, 9), (9, 2)], 9: [(1, 8), (8, 3), (3, 4)], 8: [(1, 3)], 11: [(1, 4), (4, 6)], 4: [(1, 4)], 7: [(1, 5)], 3: [(1, 4), (4, 7)], 6: [(1, 9)], 5: [(1, 3)], 2: [(1, 4)]}, padri: [19, 19, 19, 31, 31], figli: [4, 4, 4, 27, 27, 27], mosse: [(11, 11, 1, 4, 1), (11, 11, 4, 6, 14), (11, 11, 6, 4), (10, 10, 1, 9, 3), (10, 10, 9, 2, 6)]
24 -> costo: 127484.19999999998, rotte: {10: [(1, 9), (9, 2)], 9: [(1, 8), (8, 3), (3, 4)], 8: [(1, 3)], 11: [(1, 6)], 4: [(1, 4)], 7: [(1, 5)], 3: [(1, 4), (4, 7)], 6: [(1, 9)], 5: [(1, 3)], 2: [(1, 4)]}, padri: [23], figli: [], mosse: [(9, 11, 1, 4, 1)]
25 -> costo: 127484.19999999998, rotte: {10: [(1, 9), (9, 2)], 9: [(1, 8), (8, 3), (3, 4)], 8: [(1, 3)], 11: [(1, 6)], 4: [(1, 4)], 7: [(1, 5)], 3: [(1, 4), (4, 7)], 6: [(1, 9)], 5: [(1, 3)], 2: [(1, 4)]}, padri: [23], figli: [], mosse: [(9, 11, 8, 4, 1)]
26 -> costo: 127484.19999999998, rotte: {10: [(1, 9), (9, 2)], 9: [(1, 8), (8, 3), (3, 4)], 8: [(1, 3)], 11: [(1, 6)], 4: [(1, 4)], 7: [(1, 5)], 3: [(1, 4), (4, 7)], 6: [(1, 9)], 5: [(1, 3)], 2: [(1, 4)]}, padri: [23], figli: [], mosse: [(9, 11, 3, 4, 1)]
27 -> costo: 130236.99999999999, rotte: {10: [(1, 9), (9, 2), (2, 4)], 9: [(1, 8), (8, 3), (3, 4)], 8: [(1, 3)], 11: [(1, 6)], 4: [(1, 4)], 7: [(1, 5)], 3: [(1, 4), (4, 7)], 6: [(1, 9)], 5: [(1, 3)], 2: [(1, 4)]}, padri: [23], figli: [], mosse: [(10, 11, 2, 4, 1)]
28 -> costo: 127484.19999999998, rotte: {10: [(1, 9), (9, 2)], 9: [(1, 8), (8, 3), (3, 4)], 8: [(1, 3)], 11: [(1, 6)], 4: [(1, 4)], 7: [(1, 5)], 3: [(1, 4), (4, 7)], 6: [(1, 9)], 5: [(1, 3)], 2: [(1, 4)]}, padri: [27], figli: [], mosse: [(9, 10, 1, 4, 1)]
29 -> costo: 127484.19999999998, rotte: {10: [(1, 9), (9, 2)], 9: [(1, 8), (8, 3), (3, 4)], 8: [(1, 3)], 11: [(1, 6)], 4: [(1, 4)], 7: [(1, 5)], 3: [(1, 4), (4, 7)], 6: [(1, 9)], 5: [(1, 3)], 2: [(1, 4)]}, padri: [27], figli: [], mosse: [(9, 10, 8, 4, 1)]
30 -> costo: 127484.19999999998, rotte: {10: [(1, 9), (9, 2)], 9: [(1, 8), (8, 3), (3, 4)], 8: [(1, 3)], 11: [(1, 6)], 4: [(1, 4)], 7: [(1, 5)], 3: [(1, 4), (4, 7)], 6: [(1, 9)], 5: [(1, 3)], 2: [(1, 4)]}, padri: [27], figli: [], mosse: [(9, 10, 3, 4, 1)]
31 -> costo: 132693.8, rotte: {10: [(1, 2), (2, 9)], 9: [(1, 8), (8, 3), (3, 4)], 8: [(1, 3)], 11: [(1, 4), (4, 6)], 4: [(1, 4)], 7: [(1, 5)], 3: [(1, 4), (4, 7)], 6: [(1, 9)], 5: [(1, 3)], 2: [(1, 4)]}, padri: [9, 9, 9], figli: [23, 23, 7, 7, 7], mosse: [(11, 11, 1, 4, 1), (11, 11, 4, 6, 14), (11, 11, 6, 4)]
32 -> costo: 129817.79999999999, rotte: {10: [(1, 2), (2, 9)], 9: [(1, 8), (8, 3), (3, 4)], 8: [(1, 3)], 11: [(1, 6)], 4: [(1, 4)], 7: [(1, 5)], 3: [(1, 4), (4, 7)], 6: [(1, 9)], 5: [(1, 3)], 2: [(1, 4)]}, padri: [31], figli: [], mosse: [(9, 11, 1, 4, 1)]
33 -> costo: 127484.19999999998, rotte: {10: [(1, 9), (9, 2)], 9: [(1, 8), (8, 3), (3, 4)], 8: [(1, 3)], 11: [(1, 6)], 4: [(1, 4)], 7: [(1, 5)], 3: [(1, 4), (4, 7)], 6: [(1, 9)], 5: [(1, 3)], 2: [(1, 4)]}, padri: [32], figli: [], mosse: [(10, 10, 1, 9, 3)]
34 -> costo: 127484.19999999998, rotte: {10: [(1, 9), (9, 2)], 9: [(1, 8), (8, 3), (3, 4)], 8: [(1, 3)], 11: [(1, 6)], 4: [(1, 4)], 7: [(1, 5)], 3: [(1, 4), (4, 7)], 6: [(1, 9)], 5: [(1, 3)], 2: [(1, 4)]}, padri: [32], figli: [], mosse: [(10, 10, 9, 2, 6)]
35 -> costo: 129817.79999999999, rotte: {10: [(1, 2), (2, 9)], 9: [(1, 8), (8, 3), (3, 4)], 8: [(1, 3)], 11: [(1, 6)], 4: [(1, 4)], 7: [(1, 5)], 3: [(1, 4), (4, 7)], 6: [(1, 9)], 5: [(1, 3)], 2: [(1, 4)]}, padri: [31], figli: [], mosse: [(9, 11, 8, 4, 1)]
36 -> costo: 127484.19999999998, rotte: {10: [(1, 9), (9, 2)], 9: [(1, 8), (8, 3), (3, 4)], 8: [(1, 3)], 11: [(1, 6)], 4: [(1, 4)], 7: [(1, 5)], 3: [(1, 4), (4, 7)], 6: [(1, 9)], 5: [(1, 3)], 2: [(1, 4)]}, padri: [35], figli: [], mosse: [(10, 10, 1, 9, 3)]
37 -> costo: 127484.19999999998, rotte: {10: [(1, 9), (9, 2)], 9: [(1, 8), (8, 3), (3, 4)], 8: [(1, 3)], 11: [(1, 6)], 4: [(1, 4)], 7: [(1, 5)], 3: [(1, 4), (4, 7)], 6: [(1, 9)], 5: [(1, 3)], 2: [(1, 4)]}, padri: [35], figli: [], mosse: [(10, 10, 9, 2, 6)]
38 -> costo: 129817.79999999999, rotte: {10: [(1, 2), (2, 9)], 9: [(1, 8), (8, 3), (3, 4)], 8: [(1, 3)], 11: [(1, 6)], 4: [(1, 4)], 7: [(1, 5)], 3: [(1, 4), (4, 7)], 6: [(1, 9)], 5: [(1, 3)], 2: [(1, 4)]}, padri: [31], figli: [], mosse: [(9, 11, 3, 4, 1)]
39 -> costo: 127484.19999999998, rotte: {10: [(1, 9), (9, 2)], 9: [(1, 8), (8, 3), (3, 4)], 8: [(1, 3)], 11: [(1, 6)], 4: [(1, 4)], 7: [(1, 5)], 3: [(1, 4), (4, 7)], 6: [(1, 9)], 5: [(1, 3)], 2: [(1, 4)]}, padri: [38], figli: [], mosse: [(10, 10, 1, 9, 3)]
40 -> costo: 127484.19999999998, rotte: {10: [(1, 9), (9, 2)], 9: [(1, 8), (8, 3), (3, 4)], 8: [(1, 3)], 11: [(1, 6)], 4: [(1, 4)], 7: [(1, 5)], 3: [(1, 4), (4, 7)], 6: [(1, 9)], 5: [(1, 3)], 2: [(1, 4)]}, padri: [38], figli: [], mosse: [(10, 10, 9, 2, 6)]
41 -> costo: 134799.19999999998, rotte: {10: [(1, 2), (2, 9)], 9: [(1, 8), (8, 3), (3, 4)], 8: [(1, 3)], 11: [(1, 6)], 4: [(1, 4)], 7: [(1, 5)], 3: [(1, 7), (7, 4)], 6: [(1, 9)], 5: [(1, 3)], 2: [(1, 4)]}, padri: [1], figli: [45, 45], mosse: [(9, 11, 1, 4, 1)]
42 -> costo: 129817.79999999999, rotte: {10: [(1, 2), (2, 9)], 9: [(1, 8), (8, 3), (3, 4)], 8: [(1, 3)], 11: [(1, 6)], 4: [(1, 4)], 7: [(1, 5)], 3: [(1, 4), (4, 7)], 6: [(1, 9)], 5: [(1, 3)], 2: [(1, 4)]}, padri: [41], figli: [], mosse: [(3, 3, 7, 4)]
43 -> costo: 127484.19999999998, rotte: {10: [(1, 9), (9, 2)], 9: [(1, 8), (8, 3), (3, 4)], 8: [(1, 3)], 11: [(1, 6)], 4: [(1, 4)], 7: [(1, 5)], 3: [(1, 4), (4, 7)], 6: [(1, 9)], 5: [(1, 3)], 2: [(1, 4)]}, padri: [42], figli: [], mosse: [(10, 10, 1, 9, 3)]
44 -> costo: 127484.19999999998, rotte: {10: [(1, 9), (9, 2)], 9: [(1, 8), (8, 3), (3, 4)], 8: [(1, 3)], 11: [(1, 6)], 4: [(1, 4)], 7: [(1, 5)], 3: [(1, 4), (4, 7)], 6: [(1, 9)], 5: [(1, 3)], 2: [(1, 4)]}, padri: [42], figli: [], mosse: [(10, 10, 9, 2, 6)]
45 -> costo: 132465.59999999998, rotte: {10: [(1, 9), (9, 2)], 9: [(1, 8), (8, 3), (3, 4)], 8: [(1, 3)], 11: [(1, 6)], 4: [(1, 4)], 7: [(1, 5)], 3: [(1, 7), (7, 4)], 6: [(1, 9)], 5: [(1, 3)], 2: [(1, 4)]}, padri: [41, 41], figli: [], mosse: [(10, 10, 1, 9, 3), (10, 10, 9, 2, 6)]
46 -> costo: 127484.19999999998, rotte: {10: [(1, 9), (9, 2)], 9: [(1, 8), (8, 3), (3, 4)], 8: [(1, 3)], 11: [(1, 6)], 4: [(1, 4)], 7: [(1, 5)], 3: [(1, 4), (4, 7)], 6: [(1, 9)], 5: [(1, 3)], 2: [(1, 4)]}, padri: [45], figli: [], mosse: [(3, 3, 7, 4)]
bestSolutionIndice: 5
5 -> costo: 127484.19999999998, rotte: {10: [(1, 9), (9, 2)], 9: [(1, 8), (8, 3), (3, 4)], 8: [(1, 3)], 11: [(1, 6)], 4: [(1, 4)], 7: [(1, 5)], 3: [(1, 4), (4, 7)], 6: [(1, 9)], 5: [(1, 3)], 2: [(1, 4)]}, padri: [4, 8, 8], figli: [], mosse: [(3, 11, 1, 4, 1), (10, 10, 1, 9, 3), (10, 10, 9, 2, 6)]
trasportoPalletDiGamma: {10: [(9, 3), (2, 6)], 9: [(8, 1), (3, 2), (4, 7)], 8: [(3, 5)], 11: [(6, 14)], 4: [(4, 5)], 7: [(5, 5)], 3: [(4, 1), (7, 3)], 6: [(9, 5)], 5: [(3, 5)], 2: [(4, 5)]}
itMosseLS: 77, itMosseTS: 75
time elapsed: 1817.05s.


##########################################################################################
s: 1
dictSolutions[1]:
0 -> costo: 141269.0, rotte: {3: [(1, 7), (7, 4)], 8: [(1, 9)], 7: [(1, 5)], 2: [(1, 6)], 10: [(1, 2), (2, 6)], 11: [(1, 8), (8, 4)], 4: [(1, 4)], 5: [(1, 3)], 9: [(1, 9), (9, 3)], 6: [(1, 6)]}, padri: [-1], figli: [1, 1, 2, 2, 2, 2, 3, 3, 3], mosse: [-1]
1 -> costo: 134493.5, rotte: {3: [(1, 7)], 8: [(1, 9)], 7: [(1, 5)], 2: [(1, 6)], 10: [(1, 2), (2, 6)], 11: [(1, 8), (8, 4)], 4: [(1, 4)], 5: [(1, 3)], 9: [(1, 9), (9, 3)], 6: [(1, 6)]}, padri: [0, 0, 2, 2], figli: [], mosse: [(11, 3, 1, 4, 2), (11, 3, 8, 4, 2), (11, 3, 1, 4, 2), (11, 3, 8, 4, 2)]
2 -> costo: 136287.6, rotte: {3: [(1, 4), (4, 7)], 8: [(1, 9)], 7: [(1, 5)], 2: [(1, 6)], 10: [(1, 2), (2, 6)], 11: [(1, 8), (8, 4)], 4: [(1, 4)], 5: [(1, 3)], 9: [(1, 9), (9, 3)], 6: [(1, 6)]}, padri: [0, 0, 0], figli: [1, 1], mosse: [(3, 3, 7, 4), (3, 3, 1, 4, 2), (3, 3, 4, 7, 3)]
3 -> costo: 136287.59999999998, rotte: {3: [(1, 4)], 8: [(1, 9)], 7: [(1, 5)], 2: [(1, 6)], 10: [(1, 2), (2, 6)], 11: [(1, 8), (8, 4), (4, 7)], 4: [(1, 4)], 5: [(1, 3)], 9: [(1, 9), (9, 3)], 6: [(1, 6)]}, padri: [0], figli: [4], mosse: [(11, 3, 4, 7, 3)]
4 -> costo: 135005.19999999998, rotte: {3: [(1, 9), (9, 4)], 8: [(1, 9)], 7: [(1, 5)], 2: [(1, 6)], 10: [(1, 2), (2, 6)], 11: [(1, 8), (8, 4), (4, 7)], 4: [(1, 4)], 5: [(1, 3)], 9: [(1, 3)], 6: [(1, 6)]}, padri: [3], figli: [], mosse: [(3, 9, 1, 9, 3)]
bestSolutionIndice: 1
1 -> costo: 134493.5, rotte: {3: [(1, 7)], 8: [(1, 9)], 7: [(1, 5)], 2: [(1, 6)], 10: [(1, 2), (2, 6)], 11: [(1, 8), (8, 4)], 4: [(1, 4)], 5: [(1, 3)], 9: [(1, 9), (9, 3)], 6: [(1, 6)]}, padri: [0, 0, 2, 2], figli: [], mosse: [(11, 3, 1, 4, 2), (11, 3, 8, 4, 2), (11, 3, 1, 4, 2), (11, 3, 8, 4, 2)]
trasportoPalletDiGamma: {3: [(7, 3)], 8: [(9, 5)], 7: [(5, 5)], 2: [(6, 5)], 10: [(2, 6), (6, 4)], 11: [(8, 1), (4, 13)], 4: [(4, 5)], 5: [(3, 5)], 9: [(9, 3), (3, 7)], 6: [(6, 5)]}
itMosseLS: 9, itMosseTS: 9
time elapsed: 208.26s.


##########################################################################################
s: 1
dictSolutions[1]:
0 -> costo: 140226.00000000003, rotte: {7: [(1, 4)], 4: [(1, 9)], 5: [(1, 3)], 9: [(1, 8), (8, 3), (3, 6)], 10: [(1, 7), (7, 6)], 3: [(1, 6)], 8: [(1, 2)], 6: [(1, 5)], 2: [(1, 4)], 11: [(1, 9), (9, 4), (4, 2)]}, padri: [-1], figli: [1, 1, 3, 3, 3], mosse: [-1]
1 -> costo: 137102.2, rotte: {7: [(1, 4)], 4: [(1, 9)], 5: [(1, 3)], 9: [(1, 8), (8, 3), (3, 6)], 10: [(1, 6), (6, 7)], 3: [(1, 6)], 8: [(1, 2)], 6: [(1, 5)], 2: [(1, 4)], 11: [(1, 9), (9, 4), (4, 2)]}, padri: [0, 0], figli: [2, 2], mosse: [(10, 10, 1, 6, 7), (10, 10, 6, 7, 3)]
2 -> costo: 135995.7, rotte: {7: [(1, 4)], 4: [(1, 9)], 5: [(1, 3)], 9: [(1, 8), (8, 3), (3, 6)], 10: [(1, 6), (6, 7)], 3: [(1, 6)], 8: [(1, 2)], 6: [(1, 5)], 2: [(1, 4)], 11: [(1, 9), (9, 2), (2, 4)]}, padri: [1, 1, 3, 3], figli: [], mosse: [(11, 11, 9, 2, 1), (11, 11, 2, 4, 8), (10, 10, 1, 6, 7), (10, 10, 6, 7, 3)]
3 -> costo: 139119.5, rotte: {7: [(1, 4)], 4: [(1, 9)], 5: [(1, 3)], 9: [(1, 8), (8, 3), (3, 6)], 10: [(1, 7), (7, 6)], 3: [(1, 6)], 8: [(1, 2)], 6: [(1, 5)], 2: [(1, 4)], 11: [(1, 9), (9, 2), (2, 4)]}, padri: [0, 0], figli: [2, 2], mosse: [(11, 11, 9, 2, 1), (11, 11, 2, 4, 8)]
bestSolutionIndice: 2
2 -> costo: 135995.7, rotte: {7: [(1, 4)], 4: [(1, 9)], 5: [(1, 3)], 9: [(1, 8), (8, 3), (3, 6)], 10: [(1, 6), (6, 7)], 3: [(1, 6)], 8: [(1, 2)], 6: [(1, 5)], 2: [(1, 4)], 11: [(1, 9), (9, 2), (2, 4)]}, padri: [1, 1, 3, 3], figli: [], mosse: [(11, 11, 9, 2, 1), (11, 11, 2, 4, 8), (10, 10, 1, 6, 7), (10, 10, 6, 7, 3)]
trasportoPalletDiGamma: {7: [(4, 5)], 4: [(9, 5)], 5: [(3, 5)], 9: [(8, 1), (3, 7), (6, 2)], 10: [(6, 7), (7, 3)], 3: [(6, 5)], 8: [(2, 5)], 6: [(5, 5)], 2: [(4, 5)], 11: [(9, 3), (2, 1), (4, 8)]}
itMosseLS: 8, itMosseTS: 8
time elapsed: 189.67s.


##########################################################################################
s: 1
dictSolutions[1]:
0 -> costo: 142572.30000000002, rotte: {11: [(1, 4)], 3: [(1, 9)], 2: [(1, 6)], 8: [(1, 2)], 9: [(1, 5), (5, 6)], 7: [(1, 8), (8, 2)], 10: [(1, 3)], 6: [(1, 7), (7, 3)], 4: [(1, 4), (4, 6)], 5: [(1, 9), (9, 6)]}, padri: [-1], figli: [1, 1, 1, 7, 7, 7, 15, 15, 15], mosse: [-1]
1 -> costo: 135234.0, rotte: {11: [(1, 4)], 3: [(1, 9)], 2: [(1, 6)], 8: [(1, 2)], 9: [(1, 5), (5, 6)], 7: [(1, 8), (8, 2)], 10: [(1, 3)], 6: [(1, 3), (3, 7)], 4: [(1, 4), (4, 6)], 5: [(1, 9), (9, 6)]}, padri: [0, 0, 0], figli: [2, 4, 5, 6, 6, 6], mosse: [(6, 6, 1, 3, 2), (6, 6, 3, 7, 3), (6, 6, 7, 3)]
2 -> costo: 132420.2, rotte: {11: [(1, 4)], 3: [(1, 9)], 2: [(1, 6)], 8: [(1, 2)], 9: [(1, 5), (5, 6)], 7: [(1, 8), (8, 3), (3, 2)], 10: [(1, 3)], 6: [(1, 7)], 4: [(1, 4), (4, 6)], 5: [(1, 9), (9, 6)]}, padri: [1, 4], figli: [3, 3, 3], mosse: [(7, 6, 8, 3, 2), (7, 7, 8, 3, 2)]
3 -> costo: 132223.5, rotte: {11: [(1, 4)], 3: [(1, 9)], 2: [(1, 6)], 8: [(1, 2)], 9: [(1, 6), (6, 5)], 7: [(1, 8), (8, 3), (3, 2)], 10: [(1, 3)], 6: [(1, 7)], 4: [(1, 4), (4, 6)], 5: [(1, 9), (9, 6)]}, padri: [2, 2, 2, 5, 6], figli: [], mosse: [(9, 9, 1, 6, 5), (9, 9, 6, 5, 5), (9, 9, 5, 6), (7, 7, 8, 3, 2), (7, 6, 8, 3, 2)]
4 -> costo: 133061.69999999998, rotte: {11: [(1, 4)], 3: [(1, 9)], 2: [(1, 6)], 8: [(1, 2)], 9: [(1, 5), (5, 6)], 7: [(1, 3), (3, 8), (8, 2)], 10: [(1, 3)], 6: [(1, 7)], 4: [(1, 4), (4, 6)], 5: [(1, 9), (9, 6)]}, padri: [1], figli: [2, 5, 5, 5], mosse: [(7, 6, 1, 3, 2)]
5 -> costo: 132864.99999999997, rotte: {11: [(1, 4)], 3: [(1, 9)], 2: [(1, 6)], 8: [(1, 2)], 9: [(1, 6), (6, 5)], 7: [(1, 3), (3, 8), (8, 2)], 10: [(1, 3)], 6: [(1, 7)], 4: [(1, 4), (4, 6)], 5: [(1, 9), (9, 6)]}, padri: [4, 4, 4, 6], figli: [3], mosse: [(9, 9, 1, 6, 5), (9, 9, 6, 5, 5), (9, 9, 5, 6), (7, 6, 1, 3, 2)]
6 -> costo: 135037.3, rotte: {11: [(1, 4)], 3: [(1, 9)], 2: [(1, 6)], 8: [(1, 2)], 9: [(1, 6), (6, 5)], 7: [(1, 8), (8, 2)], 10: [(1, 3)], 6: [(1, 3), (3, 7)], 4: [(1, 4), (4, 6)], 5: [(1, 9), (9, 6)]}, padri: [1, 1, 1, 15, 15, 15], figli: [3, 5], mosse: [(9, 9, 1, 6, 5), (9, 9, 6, 5, 5), (9, 9, 5, 6), (6, 6, 1, 3, 2), (6, 6, 3, 7, 3), (6, 6, 7, 3)]
7 -> costo: 142134.30000000002, rotte: {11: [(1, 4)], 3: [(1, 9)], 2: [(1, 6)], 8: [(1, 2)], 9: [(1, 5), (5, 6)], 7: [(1, 8), (8, 7), (7, 2)], 10: [(1, 3)], 6: [(1, 3)], 4: [(1, 4), (4, 6)], 5: [(1, 9), (9, 6)]}, padri: [0], figli: [8, 12, 13, 14, 14, 14], mosse: [(7, 6, 8, 7, 3)]
8 -> costo: 136487.1, rotte: {11: [(1, 4)], 3: [(1, 9)], 2: [(1, 6)], 8: [(1, 2)], 9: [(1, 5), (5, 6)], 7: [(1, 2), (2, 8), (8, 7)], 10: [(1, 3)], 6: [(1, 3)], 4: [(1, 4), (4, 6)], 5: [(1, 9), (9, 6)]}, padri: [7, 12], figli: [9, 11, 11, 11], mosse: [(7, 7, 1, 2, 1), (7, 7, 8, 7, 3)]
9 -> costo: 133767.6, rotte: {11: [(1, 4)], 3: [(1, 9)], 2: [(1, 6)], 8: [(1, 2)], 9: [(1, 5), (5, 6)], 7: [(1, 8), (8, 2), (2, 7)], 10: [(1, 3)], 6: [(1, 3)], 4: [(1, 4), (4, 6)], 5: [(1, 9), (9, 6)]}, padri: [8], figli: [10, 10, 10], mosse: [(7, 7, 8, 2, 1)]
10 -> costo: 133570.9, rotte: {11: [(1, 4)], 3: [(1, 9)], 2: [(1, 6)], 8: [(1, 2)], 9: [(1, 6), (6, 5)], 7: [(1, 8), (8, 2), (2, 7)], 10: [(1, 3)], 6: [(1, 3)], 4: [(1, 4), (4, 6)], 5: [(1, 9), (9, 6)]}, padri: [9, 9, 9, 11], figli: [], mosse: [(9, 9, 1, 6, 5), (9, 9, 6, 5, 5), (9, 9, 5, 6), (7, 7, 8, 2, 1)]
11 -> costo: 136290.4, rotte: {11: [(1, 4)], 3: [(1, 9)], 2: [(1, 6)], 8: [(1, 2)], 9: [(1, 6), (6, 5)], 7: [(1, 2), (2, 8), (8, 7)], 10: [(1, 3)], 6: [(1, 3)], 4: [(1, 4), (4, 6)], 5: [(1, 9), (9, 6)]}, padri: [8, 8, 8, 13, 14], figli: [10], mosse: [(9, 9, 1, 6, 5), (9, 9, 6, 5, 5), (9, 9, 5, 6), (7, 7, 8, 7, 3), (7, 7, 1, 2, 1)]
12 -> costo: 141298.9, rotte: {11: [(1, 4)], 3: [(1, 9)], 2: [(1, 6)], 8: [(1, 2)], 9: [(1, 5), (5, 6)], 7: [(1, 7), (7, 2), (2, 8)], 10: [(1, 3)], 6: [(1, 3)], 4: [(1, 4), (4, 6)], 5: [(1, 9), (9, 6)]}, padri: [7], figli: [8, 13, 13, 13], mosse: [(7, 7, 2, 8, 1)]
13 -> costo: 141102.19999999998, rotte: {11: [(1, 4)], 3: [(1, 9)], 2: [(1, 6)], 8: [(1, 2)], 9: [(1, 6), (6, 5)], 7: [(1, 7), (7, 2), (2, 8)], 10: [(1, 3)], 6: [(1, 3)], 4: [(1, 4), (4, 6)], 5: [(1, 9), (9, 6)]}, padri: [12, 12, 12, 14], figli: [11], mosse: [(9, 9, 1, 6, 5), (9, 9, 6, 5, 5), (9, 9, 5, 6), (7, 7, 2, 8, 1)]
14 -> costo: 141937.6, rotte: {11: [(1, 4)], 3: [(1, 9)], 2: [(1, 6)], 8: [(1, 2)], 9: [(1, 6), (6, 5)], 7: [(1, 8), (8, 7), (7, 2)], 10: [(1, 3)], 6: [(1, 3)], 4: [(1, 4), (4, 6)], 5: [(1, 9), (9, 6)]}, padri: [7, 7, 7, 15], figli: [11, 13], mosse: [(9, 9, 1, 6, 5), (9, 9, 6, 5, 5), (9, 9, 5, 6), (7, 6, 8, 7, 3)]
15 -> costo: 142375.6, rotte: {11: [(1, 4)], 3: [(1, 9)], 2: [(1, 6)], 8: [(1, 2)], 9: [(1, 6), (6, 5)], 7: [(1, 8), (8, 2)], 10: [(1, 3)], 6: [(1, 7), (7, 3)], 4: [(1, 4), (4, 6)], 5: [(1, 9), (9, 6)]}, padri: [0, 0, 0], figli: [6, 6, 6, 14], mosse: [(9, 9, 1, 6, 5), (9, 9, 6, 5, 5), (9, 9, 5, 6)]
bestSolutionIndice: 3
3 -> costo: 132223.5, rotte: {11: [(1, 4)], 3: [(1, 9)], 2: [(1, 6)], 8: [(1, 2)], 9: [(1, 6), (6, 5)], 7: [(1, 8), (8, 3), (3, 2)], 10: [(1, 3)], 6: [(1, 7)], 4: [(1, 4), (4, 6)], 5: [(1, 9), (9, 6)]}, padri: [2, 2, 2, 5, 6], figli: [], mosse: [(9, 9, 1, 6, 5), (9, 9, 6, 5, 5), (9, 9, 5, 6), (7, 7, 8, 3, 2), (7, 6, 8, 3, 2)]
trasportoPalletDiGamma: {11: [(4, 15)], 3: [(9, 5)], 2: [(6, 5)], 8: [(2, 5)], 9: [(6, 5), (5, 5)], 7: [(8, 1), (3, 2), (2, 1)], 10: [(3, 10)], 6: [(7, 3)], 4: [(4, 3), (6, 2)], 5: [(9, 3), (6, 2)]}
itMosseLS: 46, itMosseTS: 46
time elapsed: 1140.95s.


##########################################################################################
s: 1
dictSolutions[1]:
0 -> costo: 147249.19999999998, rotte: {7: [(1, 7), (7, 2)], 11: [(1, 9), (9, 4)], 5: [(1, 8), (8, 6)], 3: [(1, 6)], 4: [(1, 5)], 9: [(1, 3)], 8: [(1, 2)], 6: [(1, 4)], 2: [(1, 6)], 10: [(1, 3), (3, 4)]}, padri: [-1], figli: [1], mosse: [-1]
1 -> costo: 140564.90000000002, rotte: {7: [(1, 2), (2, 7)], 11: [(1, 9), (9, 4)], 5: [(1, 8), (8, 6)], 3: [(1, 6)], 4: [(1, 5)], 9: [(1, 3)], 8: [(1, 2)], 6: [(1, 4)], 2: [(1, 6)], 10: [(1, 3), (3, 4)]}, padri: [0], figli: [2, 6, 7], mosse: [(7, 7, 1, 2, 1)]
2 -> costo: 137703.69999999998, rotte: {7: [(1, 2), (2, 7)], 11: [(1, 9), (9, 4)], 5: [(1, 6)], 3: [(1, 6)], 4: [(1, 5)], 9: [(1, 3)], 8: [(1, 2)], 6: [(1, 4)], 2: [(1, 6)], 10: [(1, 3), (3, 8), (8, 4)]}, padri: [1, 6], figli: [3, 5, 8], mosse: [(10, 5, 3, 8, 1), (10, 7, 3, 8, 1)]
3 -> costo: 136021.3, rotte: {7: [(1, 7)], 11: [(1, 9), (9, 4)], 5: [(1, 6)], 3: [(1, 6)], 4: [(1, 5)], 9: [(1, 3)], 8: [(1, 2)], 6: [(1, 4)], 2: [(1, 6)], 10: [(1, 3), (3, 8), (8, 2), (2, 4)]}, padri: [2, 7, 8], figli: [4], mosse: [(10, 7, 8, 2, 1), (10, 5, 3, 8, 1), (10, 7, 3, 8, 1)]
4 -> costo: 135379.8, rotte: {7: [(1, 7)], 11: [(1, 9), (9, 4)], 5: [(1, 6)], 3: [(1, 6)], 4: [(1, 5)], 9: [(1, 3)], 8: [(1, 2)], 6: [(1, 4)], 2: [(1, 6)], 10: [(1, 8), (8, 3), (3, 2), (2, 4)]}, padri: [3, 5], figli: [], mosse: [(10, 10, 8, 3, 2), (10, 7, 3, 2, 1)]
5 -> costo: 137062.2, rotte: {7: [(1, 2), (2, 7)], 11: [(1, 9), (9, 4)], 5: [(1, 6)], 3: [(1, 6)], 4: [(1, 5)], 9: [(1, 3)], 8: [(1, 2)], 6: [(1, 4)], 2: [(1, 6)], 10: [(1, 8), (8, 3), (3, 4)]}, padri: [2], figli: [4], mosse: [(10, 10, 8, 3, 2)]
6 -> costo: 138193.6, rotte: {7: [(1, 8), (8, 2), (2, 7)], 11: [(1, 9), (9, 4)], 5: [(1, 6)], 3: [(1, 6)], 4: [(1, 5)], 9: [(1, 3)], 8: [(1, 2)], 6: [(1, 4)], 2: [(1, 6)], 10: [(1, 3), (3, 4)]}, padri: [1], figli: [2], mosse: [(7, 5, 1, 8, 1)]
7 -> costo: 138882.49999999997, rotte: {7: [(1, 7)], 11: [(1, 9), (9, 4)], 5: [(1, 8), (8, 6)], 3: [(1, 6)], 4: [(1, 5)], 9: [(1, 3)], 8: [(1, 2)], 6: [(1, 4)], 2: [(1, 6)], 10: [(1, 3), (3, 2), (2, 4)]}, padri: [1], figli: [3, 8], mosse: [(10, 7, 3, 2, 1)]
8 -> costo: 138193.59999999998, rotte: {7: [(1, 8), (8, 7)], 11: [(1, 9), (9, 4)], 5: [(1, 6)], 3: [(1, 6)], 4: [(1, 5)], 9: [(1, 3)], 8: [(1, 2)], 6: [(1, 4)], 2: [(1, 6)], 10: [(1, 3), (3, 2), (2, 4)]}, padri: [7], figli: [3], mosse: [(7, 5, 1, 8, 1)]
bestSolutionIndice: 4
4 -> costo: 135379.8, rotte: {7: [(1, 7)], 11: [(1, 9), (9, 4)], 5: [(1, 6)], 3: [(1, 6)], 4: [(1, 5)], 9: [(1, 3)], 8: [(1, 2)], 6: [(1, 4)], 2: [(1, 6)], 10: [(1, 8), (8, 3), (3, 2), (2, 4)]}, padri: [3, 5], figli: [], mosse: [(10, 10, 8, 3, 2), (10, 7, 3, 2, 1)]
trasportoPalletDiGamma: {7: [(7, 3)], 11: [(9, 8), (4, 7)], 5: [(6, 4)], 3: [(6, 5)], 4: [(5, 5)], 9: [(3, 10)], 8: [(2, 5)], 6: [(4, 5)], 2: [(6, 5)], 10: [(8, 1), (3, 2), (2, 1), (4, 6)]}
itMosseLS: 12, itMosseTS: 9
time elapsed: 252.63s.


