itNSIMax: 5, itMosseTSMax: 100.
##########################################################################################
s: 1
dictSolutions[1]:
0 -> costo: 84006.7, rotte: {2: [(1, 6), (6, 2)], 4: [(1, 7), (7, 4)], 3: [(1, 8), (8, 10)], 5: [(1, 3), (3, 9), (9, 5), (5, 2), (2, 4), (4, 10)]}, padri: [-1], figli: [1], mosse: [-1]
1 -> costo: 72823.3, rotte: {2: [(1, 6), (6, 2)], 4: [(1, 7), (7, 4)], 3: [(1, 8), (8, 10)], 5: [(1, 3), (3, 5), (5, 2), (2, 4), (4, 10), (10, 9)]}, padri: [0], figli: [2, 2, 2, 2, 2, 2, 30, 30, 30, 30, 30, 30], mosse: [(5, 5, 10, 9, 1)]
2 -> costo: 67072.70000000001, rotte: {2: [(1, 6), (6, 2)], 4: [(1, 7), (7, 4)], 3: [(1, 8)], 5: [(1, 3), (3, 5), (5, 2), (2, 4), (4, 10), (10, 9)]}, padri: [1, 1, 1, 1, 1, 1], figli: [3, 5, 9, 11, 13, 26, 28, 28, 28, 31], mosse: [(5, 3, 1, 10, 1), (5, 3, 3, 10, 1), (5, 3, 5, 10, 1), (5, 3, 2, 10, 1), (5, 3, 4, 10, 1), (5, 3, 9, 10, 1)]
3 -> costo: 65824.1, rotte: {2: [(1, 6), (6, 2)], 4: [(1, 7), (7, 4)], 3: [(1, 8)], 5: [(1, 5), (5, 2), (2, 3), (3, 4), (4, 10), (10, 9)]}, padri: [2, 26, 30, 30, 30, 30, 30, 30], figli: [4, 4, 4, 29, 29, 29], mosse: [(5, 5, 2, 3, 6), (5, 5, 3, 4, 3), (5, 3, 1, 10, 1), (5, 3, 5, 10, 1), (5, 3, 2, 10, 1), (5, 3, 3, 10, 1), (5, 3, 4, 10, 1), (5, 3, 9, 10, 1)]
4 -> costo: 65092.600000000006, rotte: {2: [(1, 6), (6, 2)], 4: [(1, 4), (4, 7)], 3: [(1, 8)], 5: [(1, 5), (5, 2), (2, 3), (3, 4), (4, 10), (10, 9)]}, padri: [3, 3, 3, 27, 28, 33, 33, 33, 33, 33, 33], figli: [], mosse: [(4, 4, 7, 4), (4, 4, 1, 4, 5), (4, 4, 4, 7, 15), (5, 5, 3, 4, 3), (5, 5, 2, 3, 6), (5, 3, 1, 10, 1), (5, 3, 5, 10, 1), (5, 3, 2, 10, 1), (5, 3, 3, 10, 1), (5, 3, 4, 10, 1), (5, 3, 9, 10, 1)]
5 -> costo: 65824.1, rotte: {2: [(1, 6), (6, 2)], 4: [(1, 7), (7, 4)], 3: [(1, 8)], 5: [(1, 5), (5, 3), (3, 2), (2, 4), (4, 10), (10, 9)]}, padri: [2], figli: [6, 7, 8], mosse: [(5, 5, 5, 3, 6)]
6 -> costo: 65092.600000000006, rotte: {2: [(1, 6), (6, 2)], 4: [(1, 4), (4, 7)], 3: [(1, 8)], 5: [(1, 5), (5, 3), (3, 2), (2, 4), (4, 10), (10, 9)]}, padri: [5], figli: [], mosse: [(4, 4, 7, 4)]
7 -> costo: 65092.600000000006, rotte: {2: [(1, 6), (6, 2)], 4: [(1, 4), (4, 7)], 3: [(1, 8)], 5: [(1, 5), (5, 3), (3, 2), (2, 4), (4, 10), (10, 9)]}, padri: [5], figli: [], mosse: [(4, 4, 1, 4, 5)]
8 -> costo: 65092.600000000006, rotte: {2: [(1, 6), (6, 2)], 4: [(1, 4), (4, 7)], 3: [(1, 8)], 5: [(1, 5), (5, 3), (3, 2), (2, 4), (4, 10), (10, 9)]}, padri: [5], figli: [], mosse: [(4, 4, 4, 7, 15)]
9 -> costo: 66028.3, rotte: {2: [(1, 6), (6, 2)], 4: [(1, 7), (7, 4)], 3: [(1, 8)], 5: [(1, 3), (3, 2), (2, 4), (4, 5), (5, 10), (10, 9)]}, padri: [2], figli: [10, 10, 10], mosse: [(5, 5, 4, 5, 11)]
10 -> costo: 65296.80000000001, rotte: {2: [(1, 6), (6, 2)], 4: [(1, 4), (4, 7)], 3: [(1, 8)], 5: [(1, 3), (3, 2), (2, 4), (4, 5), (5, 10), (10, 9)]}, padri: [9, 9, 9, 28], figli: [], mosse: [(4, 4, 7, 4), (4, 4, 1, 4, 5), (4, 4, 4, 7, 15), (5, 5, 4, 5, 11)]
11 -> costo: 66028.3, rotte: {2: [(1, 6), (6, 2)], 4: [(1, 7), (7, 4)], 3: [(1, 8)], 5: [(1, 3), (3, 2), (2, 5), (5, 4), (4, 10), (10, 9)]}, padri: [2], figli: [12, 12, 12], mosse: [(5, 5, 2, 5, 11)]
12 -> costo: 65296.8, rotte: {2: [(1, 6), (6, 2)], 4: [(1, 4), (4, 7)], 3: [(1, 8)], 5: [(1, 3), (3, 2), (2, 5), (5, 4), (4, 10), (10, 9)]}, padri: [11, 11, 11], figli: [], mosse: [(4, 4, 7, 4), (4, 4, 1, 4, 5), (4, 4, 4, 7, 15)]
13 -> costo: 66081.40000000001, rotte: {2: [(1, 6), (6, 2)], 4: [(1, 7), (7, 4)], 3: [(1, 8)], 5: [(1, 3), (3, 5), (5, 4), (4, 2), (2, 10), (10, 9)]}, padri: [2], figli: [14, 16, 18, 18, 18, 21, 21, 21, 22, 27], mosse: [(5, 5, 4, 2, 1)]
14 -> costo: 64832.80000000001, rotte: {2: [(1, 6), (6, 2)], 4: [(1, 7), (7, 4)], 3: [(1, 8)], 5: [(1, 5), (5, 4), (4, 3), (3, 2), (2, 10), (10, 9)]}, padri: [13, 16, 21, 26], figli: [15, 15, 15], mosse: [(5, 5, 4, 3, 6), (5, 5, 3, 2, 1), (5, 5, 4, 3, 6), (5, 5, 3, 2, 1)]
15 -> costo: 64101.30000000001, rotte: {2: [(1, 6), (6, 2)], 4: [(1, 4), (4, 7)], 3: [(1, 8)], 5: [(1, 5), (5, 4), (4, 3), (3, 2), (2, 10), (10, 9)]}, padri: [14, 14, 14, 17, 18, 19, 27], figli: [], mosse: [(4, 4, 7, 4), (4, 4, 1, 4, 5), (4, 4, 4, 7, 15), (5, 5, 3, 2, 1), (5, 5, 4, 3, 6), (5, 5, 4, 3, 6), (5, 5, 3, 2, 1)]
16 -> costo: 65231.100000000006, rotte: {2: [(1, 6), (6, 2)], 4: [(1, 7), (7, 4)], 3: [(1, 8)], 5: [(1, 5), (5, 4), (4, 2), (2, 3), (3, 10), (10, 9)]}, padri: [13, 21, 26], figli: [17, 17, 17, 14, 19, 19, 19, 20, 20, 20], mosse: [(5, 5, 2, 3, 6), (5, 5, 2, 3, 6), (5, 5, 4, 2, 1)]
17 -> costo: 64499.600000000006, rotte: {2: [(1, 6), (6, 2)], 4: [(1, 4), (4, 7)], 3: [(1, 8)], 5: [(1, 5), (5, 4), (4, 2), (2, 3), (3, 10), (10, 9)]}, padri: [16, 16, 16, 18, 19, 27], figli: [15], mosse: [(4, 4, 7, 4), (4, 4, 1, 4, 5), (4, 4, 4, 7, 15), (5, 5, 2, 3, 6), (5, 5, 2, 3, 6), (5, 5, 4, 2, 1)]
18 -> costo: 65349.90000000001, rotte: {2: [(1, 6), (6, 2)], 4: [(1, 4), (4, 7)], 3: [(1, 8)], 5: [(1, 3), (3, 5), (5, 4), (4, 2), (2, 10), (10, 9)]}, padri: [13, 13, 13, 28], figli: [15, 17, 19, 20], mosse: [(4, 4, 7, 4), (4, 4, 1, 4, 5), (4, 4, 4, 7, 15), (5, 5, 4, 2, 1)]
19 -> costo: 65145.70000000001, rotte: {2: [(1, 6), (6, 2)], 4: [(1, 4), (4, 7)], 3: [(1, 8)], 5: [(1, 5), (5, 3), (3, 4), (4, 2), (2, 10), (10, 9)]}, padri: [18, 21, 21, 21], figli: [15, 17, 20], mosse: [(5, 5, 5, 3, 6), (4, 4, 7, 4), (4, 4, 1, 4, 5), (4, 4, 4, 7, 15)]
20 -> costo: 65092.600000000006, rotte: {2: [(1, 6), (6, 2)], 4: [(1, 4), (4, 7)], 3: [(1, 8)], 5: [(1, 5), (5, 3), (3, 2), (2, 4), (4, 10), (10, 9)]}, padri: [16, 16, 16, 18, 19], figli: [], mosse: [(5, 5, 2, 4, 3)]
21 -> costo: 65877.20000000001, rotte: {2: [(1, 6), (6, 2)], 4: [(1, 7), (7, 4)], 3: [(1, 8)], 5: [(1, 5), (5, 3), (3, 4), (4, 2), (2, 10), (10, 9)]}, padri: [13], figli: [14, 19, 19, 19, 16, 22, 27], mosse: [(5, 5, 5, 3, 6)]
22 -> costo: 65824.1, rotte: {2: [(1, 6), (6, 2)], 4: [(1, 7), (7, 4)], 3: [(1, 8)], 5: [(1, 5), (5, 3), (3, 2), (2, 4), (4, 10), (10, 9)]}, padri: [13, 21], figli: [23, 24, 25], mosse: [(5, 5, 2, 4, 3)]
23 -> costo: 65092.600000000006, rotte: {2: [(1, 6), (6, 2)], 4: [(1, 4), (4, 7)], 3: [(1, 8)], 5: [(1, 5), (5, 3), (3, 2), (2, 4), (4, 10), (10, 9)]}, padri: [22], figli: [], mosse: [(4, 4, 7, 4)]
24 -> costo: 65092.600000000006, rotte: {2: [(1, 6), (6, 2)], 4: [(1, 4), (4, 7)], 3: [(1, 8)], 5: [(1, 5), (5, 3), (3, 2), (2, 4), (4, 10), (10, 9)]}, padri: [22], figli: [], mosse: [(4, 4, 1, 4, 5)]
25 -> costo: 65092.600000000006, rotte: {2: [(1, 6), (6, 2)], 4: [(1, 4), (4, 7)], 3: [(1, 8)], 5: [(1, 5), (5, 3), (3, 2), (2, 4), (4, 10), (10, 9)]}, padri: [22], figli: [], mosse: [(4, 4, 4, 7, 15)]
26 -> costo: 66275.50000000001, rotte: {2: [(1, 6), (6, 2)], 4: [(1, 7), (7, 4)], 3: [(1, 8)], 5: [(1, 5), (5, 2), (2, 4), (4, 3), (3, 10), (10, 9)]}, padri: [2], figli: [14, 16, 27, 27, 27, 3, 31], mosse: [(5, 5, 4, 3, 6)]
27 -> costo: 65544.0, rotte: {2: [(1, 6), (6, 2)], 4: [(1, 4), (4, 7)], 3: [(1, 8)], 5: [(1, 5), (5, 2), (2, 4), (4, 3), (3, 10), (10, 9)]}, padri: [26, 26, 26, 28], figli: [15, 17, 4, 29], mosse: [(4, 4, 7, 4), (4, 4, 1, 4, 5), (4, 4, 4, 7, 15), (5, 5, 4, 3, 6)]
28 -> costo: 66341.20000000001, rotte: {2: [(1, 6), (6, 2)], 4: [(1, 4), (4, 7)], 3: [(1, 8)], 5: [(1, 3), (3, 5), (5, 2), (2, 4), (4, 10), (10, 9)]}, padri: [2, 2, 2], figli: [4, 29, 10, 18, 27], mosse: [(4, 4, 7, 4), (4, 4, 1, 4, 5), (4, 4, 4, 7, 15)]
29 -> costo: 65092.600000000006, rotte: {2: [(1, 6), (6, 2)], 4: [(1, 4), (4, 7)], 3: [(1, 8)], 5: [(1, 5), (5, 3), (3, 2), (2, 4), (4, 10), (10, 9)]}, padri: [3, 3, 3, 27, 28], figli: [], mosse: [(5, 5, 5, 3, 6)]
30 -> costo: 71574.70000000001, rotte: {2: [(1, 6), (6, 2)], 4: [(1, 7), (7, 4)], 3: [(1, 8), (8, 10)], 5: [(1, 5), (5, 2), (2, 3), (3, 4), (4, 10), (10, 9)]}, padri: [1], figli: [3, 3, 3, 3, 3, 3, 31, 31, 31, 31, 31, 31, 31, 31, 31, 31, 31, 33, 33, 33, 33, 33, 33, 33, 33], mosse: [(5, 5, 2, 3, 6)]
31 -> costo: 70490.60000000002, rotte: {2: [(1, 6)], 4: [(1, 7), (7, 4)], 3: [(1, 8), (8, 10)], 5: [(1, 5), (5, 2), (2, 3), (3, 4), (4, 10), (10, 9)]}, padri: [30, 30, 30, 30, 30, 30], figli: [32, 32, 32], mosse: [(5, 2, 1, 2, 2), (5, 2, 5, 2, 2), (5, 2, 3, 2, 2), (5, 2, 4, 2, 2), (5, 2, 10, 2, 2), (5, 2, 9, 2, 2)]
32 -> costo: 69759.10000000002, rotte: {2: [(1, 6)], 4: [(1, 4), (4, 7)], 3: [(1, 8), (8, 10)], 5: [(1, 5), (5, 2), (2, 3), (3, 4), (4, 10), (10, 9)]}, padri: [31, 31, 31, 33, 33, 33, 33, 33, 33], figli: [], mosse: [(4, 4, 7, 4), (4, 4, 1, 4, 5), (4, 4, 4, 7, 15), (5, 2, 1, 2, 2), (5, 2, 5, 2, 2), (5, 2, 3, 2, 2), (5, 2, 4, 2, 2), (5, 2, 10, 2, 2), (5, 2, 9, 2, 2)]
33 -> costo: 70843.20000000001, rotte: {2: [(1, 6), (6, 2)], 4: [(1, 4), (4, 7)], 3: [(1, 8), (8, 10)], 5: [(1, 5), (5, 2), (2, 3), (3, 4), (4, 10), (10, 9)]}, padri: [30, 30, 30], figli: [4, 4, 4, 4, 4, 4, 32, 32, 32, 32, 32, 32], mosse: [(4, 4, 7, 4), (4, 4, 1, 4, 5), (4, 4, 4, 7, 15)]
bestSolutionIndice: 15
15 -> costo: 64101.30000000001, rotte: {2: [(1, 6), (6, 2)], 4: [(1, 4), (4, 7)], 3: [(1, 8)], 5: [(1, 5), (5, 4), (4, 3), (3, 2), (2, 10), (10, 9)]}, padri: [14, 14, 14, 17, 18, 19, 27], figli: [], mosse: [(4, 4, 7, 4), (4, 4, 1, 4, 5), (4, 4, 4, 7, 15), (5, 5, 3, 2, 1), (5, 5, 4, 3, 6), (5, 5, 4, 3, 6), (5, 5, 3, 2, 1)]
trasportoPalletDiGamma: {2: [(6, 13), (2, 2)], 4: [(4, 5), (7, 15)], 3: [(8, 19)], 5: [(5, 11), (4, 3), (3, 6), (2, 1), (10, 2), (9, 1)]}
itMosseLS: 102, itMosseTS: 100
time elapsed: 538.51s.


##########################################################################################
s: 1
dictSolutions[1]:
0 -> costo: 82736.10000000002, rotte: {3: [(1, 2), (2, 10), (10, 3), (3, 5)], 5: [(1, 6), (6, 7)], 2: [(1, 4), (4, 9), (9, 7), (7, 5)], 4: [(1, 8), (8, 5)]}, padri: [-1], figli: [1], mosse: [-1]
1 -> costo: 78391.3, rotte: {3: [(1, 2), (2, 3), (3, 5), (5, 10)], 5: [(1, 6), (6, 7)], 2: [(1, 4), (4, 9), (9, 7), (7, 5)], 4: [(1, 8), (8, 5)]}, padri: [0], figli: [2, 10, 14, 15, 21, 31], mosse: [(3, 3, 5, 10, 2)]
2 -> costo: 73528.70000000001, rotte: {3: [(1, 2), (2, 3), (3, 5), (5, 10)], 5: [(1, 6), (6, 7)], 2: [(1, 4), (4, 7), (7, 5), (5, 9)], 4: [(1, 8), (8, 5)]}, padri: [1, 14], figli: [3, 3, 3, 7, 7, 7, 9, 11], mosse: [(2, 2, 5, 9, 1), (2, 2, 5, 9, 1)]
3 -> costo: 72956.9, rotte: {3: [(1, 2), (2, 3), (3, 5), (5, 10)], 5: [(1, 6), (6, 7)], 2: [(1, 4), (4, 7), (7, 5), (5, 9)], 4: [(1, 5), (5, 8)]}, padri: [2, 2, 2, 15], figli: [4, 6, 8, 12], mosse: [(4, 4, 1, 5, 1), (4, 4, 5, 8, 19), (4, 4, 8, 5), (2, 2, 5, 9, 1)]
4 -> costo: 72691.0, rotte: {3: [(1, 2), (2, 3), (3, 5), (5, 10)], 5: [(1, 6), (6, 7)], 2: [(1, 4), (4, 5), (5, 7), (7, 9)], 4: [(1, 5), (5, 8)]}, padri: [3, 6, 7, 7, 7, 12], figli: [5, 24], mosse: [(2, 2, 5, 7, 3), (2, 2, 5, 7, 3), (4, 4, 1, 5, 1), (4, 4, 5, 8, 19), (4, 4, 8, 5), (2, 2, 7, 9, 1)]
5 -> costo: 72479.2, rotte: {3: [(1, 2), (2, 3), (3, 5), (5, 10)], 5: [(1, 6), (6, 7)], 2: [(1, 5), (5, 4), (4, 7), (7, 9)], 4: [(1, 5), (5, 8)]}, padri: [4, 8, 8, 8, 16, 18, 19, 20, 23, 24, 25, 26, 29, 30], figli: [], mosse: [(2, 2, 5, 4, 8), (4, 4, 1, 5, 1), (4, 4, 5, 8, 19), (4, 4, 8, 5), (2, 2, 7, 9, 1), (2, 2, 7, 9, 1), (2, 2, 7, 9, 1), (2, 2, 7, 9, 1), (2, 2, 4, 7, 3), (2, 2, 4, 7, 3), (2, 2, 4, 7, 3), (2, 2, 4, 7, 3), (2, 2, 4, 7, 3), (2, 2, 7, 9, 1)]
6 -> costo: 72956.09999999999, rotte: {3: [(1, 2), (2, 3), (3, 5), (5, 10)], 5: [(1, 6), (6, 7)], 2: [(1, 7), (7, 4), (4, 5), (5, 9)], 4: [(1, 5), (5, 8)]}, padri: [3, 9, 9, 9, 11, 23, 25, 26, 29], figli: [4, 8], mosse: [(2, 2, 7, 4, 8), (4, 4, 1, 5, 1), (4, 4, 5, 8, 19), (4, 4, 8, 5), (2, 2, 5, 9, 1), (2, 2, 4, 5, 1), (2, 2, 4, 5, 1), (2, 2, 4, 5, 1), (2, 2, 4, 5, 1)]
7 -> costo: 73262.8, rotte: {3: [(1, 2), (2, 3), (3, 5), (5, 10)], 5: [(1, 6), (6, 7)], 2: [(1, 4), (4, 5), (5, 7), (7, 9)], 4: [(1, 8), (8, 5)]}, padri: [2, 9, 13], figli: [4, 4, 4, 8, 8, 8, 18, 19, 20, 27], mosse: [(2, 2, 5, 7, 3), (2, 2, 5, 7, 3), (2, 2, 7, 9, 1)]
8 -> costo: 73051.00000000001, rotte: {3: [(1, 2), (2, 3), (3, 5), (5, 10)], 5: [(1, 6), (6, 7)], 2: [(1, 5), (5, 4), (4, 7), (7, 9)], 4: [(1, 8), (8, 5)]}, padri: [7, 17, 22, 27, 31, 31], figli: [5, 5, 5, 24, 24, 24], mosse: [(2, 2, 5, 4, 8), (2, 2, 7, 9, 1), (2, 2, 4, 7, 3), (2, 2, 4, 7, 3), (2, 2, 4, 7, 3), (2, 2, 7, 9, 1)]
9 -> costo: 73527.90000000001, rotte: {3: [(1, 2), (2, 3), (3, 5), (5, 10)], 5: [(1, 6), (6, 7)], 2: [(1, 7), (7, 4), (4, 5), (5, 9)], 4: [(1, 8), (8, 5)]}, padri: [2, 10, 22], figli: [6, 6, 6, 7, 12, 12, 12], mosse: [(2, 2, 7, 4, 8), (2, 2, 5, 9, 1), (2, 2, 4, 5, 1)]
10 -> costo: 76434.5, rotte: {3: [(1, 2), (2, 3), (3, 5), (5, 10)], 5: [(1, 6), (6, 7)], 2: [(1, 9), (9, 7), (7, 4), (4, 5)], 4: [(1, 8), (8, 5)]}, padri: [1, 14, 21, 21, 21], figli: [9, 11, 11, 11, 13, 13, 13, 17], mosse: [(2, 2, 7, 4, 8), (2, 2, 7, 4, 8), (2, 2, 7, 4, 8), (2, 2, 4, 5, 1), (2, 2, 5, 4)]
11 -> costo: 75862.7, rotte: {3: [(1, 2), (2, 3), (3, 5), (5, 10)], 5: [(1, 6), (6, 7)], 2: [(1, 9), (9, 7), (7, 4), (4, 5)], 4: [(1, 5), (5, 8)]}, padri: [10, 10, 10, 15, 28, 28, 28], figli: [6, 12, 16], mosse: [(4, 4, 1, 5, 1), (4, 4, 5, 8, 19), (4, 4, 8, 5), (2, 2, 7, 4, 8), (2, 2, 7, 4, 8), (2, 2, 4, 5, 1), (2, 2, 5, 4)]
12 -> costo: 75642.4, rotte: {3: [(1, 2), (2, 3), (3, 5), (5, 10)], 5: [(1, 6), (6, 7)], 2: [(1, 9), (9, 4), (4, 5), (5, 7)], 4: [(1, 5), (5, 8)]}, padri: [11, 13, 13, 13, 15, 15, 15], figli: [4], mosse: [(2, 2, 5, 7, 3), (4, 4, 1, 5, 1), (4, 4, 5, 8, 19), (4, 4, 8, 5), (2, 2, 7, 5), (2, 2, 4, 5, 1), (2, 2, 5, 7, 3)]
13 -> costo: 76214.2, rotte: {3: [(1, 2), (2, 3), (3, 5), (5, 10)], 5: [(1, 6), (6, 7)], 2: [(1, 9), (9, 4), (4, 5), (5, 7)], 4: [(1, 8), (8, 5)]}, padri: [10, 14, 14, 14, 17], figli: [7, 12, 12, 12, 16, 16, 16], mosse: [(2, 2, 5, 7, 3), (2, 2, 7, 5), (2, 2, 4, 5, 1), (2, 2, 5, 7, 3), (2, 2, 4, 5, 1)]
14 -> costo: 76690.3, rotte: {3: [(1, 2), (2, 3), (3, 5), (5, 10)], 5: [(1, 6), (6, 7)], 2: [(1, 9), (9, 4), (4, 7), (7, 5)], 4: [(1, 8), (8, 5)]}, padri: [1, 21], figli: [2, 15, 15, 15, 13, 13, 13, 17, 17, 17, 10], mosse: [(2, 2, 9, 4, 8), (2, 2, 9, 4, 8)]
15 -> costo: 76118.5, rotte: {3: [(1, 2), (2, 3), (3, 5), (5, 10)], 5: [(1, 6), (6, 7)], 2: [(1, 9), (9, 4), (4, 7), (7, 5)], 4: [(1, 5), (5, 8)]}, padri: [14, 14, 14, 28], figli: [3, 12, 12, 12, 16, 16, 16, 11], mosse: [(4, 4, 1, 5, 1), (4, 4, 5, 8, 19), (4, 4, 8, 5), (2, 2, 9, 4, 8)]
16 -> costo: 75642.4, rotte: {3: [(1, 2), (2, 3), (3, 5), (5, 10)], 5: [(1, 6), (6, 7)], 2: [(1, 9), (9, 5), (5, 4), (4, 7)], 4: [(1, 5), (5, 8)]}, padri: [11, 13, 13, 13, 15, 15, 15], figli: [5, 24], mosse: [(2, 2, 9, 5, 1)]
17 -> costo: 76214.20000000001, rotte: {3: [(1, 2), (2, 3), (3, 5), (5, 10)], 5: [(1, 6), (6, 7)], 2: [(1, 9), (9, 5), (5, 4), (4, 7)], 4: [(1, 8), (8, 5)]}, padri: [14, 21], figli: [8, 18, 19, 20, 13, 27], mosse: [(2, 2, 9, 5, 1), (2, 2, 4, 7, 3)]
18 -> costo: 75642.4, rotte: {3: [(1, 2), (2, 3), (3, 5), (5, 10)], 5: [(1, 6), (6, 7)], 2: [(1, 9), (9, 5), (5, 4), (4, 7)], 4: [(1, 5), (5, 8)]}, padri: [7, 17], figli: [5, 24], mosse: [(4, 4, 1, 5, 1)]
19 -> costo: 75642.4, rotte: {3: [(1, 2), (2, 3), (3, 5), (5, 10)], 5: [(1, 6), (6, 7)], 2: [(1, 9), (9, 5), (5, 4), (4, 7)], 4: [(1, 5), (5, 8)]}, padri: [7, 17], figli: [5, 24], mosse: [(4, 4, 5, 8, 19)]
20 -> costo: 75642.4, rotte: {3: [(1, 2), (2, 3), (3, 5), (5, 10)], 5: [(1, 6), (6, 7)], 2: [(1, 9), (9, 5), (5, 4), (4, 7)], 4: [(1, 5), (5, 8)]}, padri: [7, 17], figli: [5, 24], mosse: [(4, 4, 8, 5)]
21 -> costo: 76691.5, rotte: {3: [(1, 2), (2, 3), (3, 5), (5, 10)], 5: [(1, 6), (6, 7)], 2: [(1, 9), (9, 7), (7, 5), (5, 4)], 4: [(1, 8), (8, 5)]}, padri: [1], figli: [22, 28, 28, 28, 17, 10, 10, 10, 14], mosse: [(2, 2, 5, 4, 8)]
22 -> costo: 73528.70000000001, rotte: {3: [(1, 2), (2, 3), (3, 5), (5, 10)], 5: [(1, 6), (6, 7)], 2: [(1, 7), (7, 5), (5, 4), (4, 9)], 4: [(1, 8), (8, 5)]}, padri: [21], figli: [23, 25, 26, 8, 27, 9], mosse: [(2, 2, 4, 9, 1)]
23 -> costo: 72956.9, rotte: {3: [(1, 2), (2, 3), (3, 5), (5, 10)], 5: [(1, 6), (6, 7)], 2: [(1, 7), (7, 5), (5, 4), (4, 9)], 4: [(1, 5), (5, 8)]}, padri: [22], figli: [5, 24, 6], mosse: [(4, 4, 1, 5, 1)]
24 -> costo: 72744.3, rotte: {3: [(1, 2), (2, 3), (3, 5), (5, 10)], 5: [(1, 6), (6, 7)], 2: [(1, 5), (5, 7), (7, 4), (4, 9)], 4: [(1, 5), (5, 8)]}, padri: [23, 25, 26, 27, 27, 27, 29], figli: [5], mosse: [(2, 2, 5, 7, 3), (2, 2, 5, 7, 3), (2, 2, 5, 7, 3), (4, 4, 1, 5, 1), (4, 4, 5, 8, 19), (4, 4, 8, 5), (2, 2, 5, 7, 3)]
25 -> costo: 72956.9, rotte: {3: [(1, 2), (2, 3), (3, 5), (5, 10)], 5: [(1, 6), (6, 7)], 2: [(1, 7), (7, 5), (5, 4), (4, 9)], 4: [(1, 5), (5, 8)]}, padri: [22], figli: [5, 24, 6], mosse: [(4, 4, 5, 8, 19)]
26 -> costo: 72956.9, rotte: {3: [(1, 2), (2, 3), (3, 5), (5, 10)], 5: [(1, 6), (6, 7)], 2: [(1, 7), (7, 5), (5, 4), (4, 9)], 4: [(1, 5), (5, 8)]}, padri: [22], figli: [5, 24, 6], mosse: [(4, 4, 8, 5)]
27 -> costo: 73316.1, rotte: {3: [(1, 2), (2, 3), (3, 5), (5, 10)], 5: [(1, 6), (6, 7)], 2: [(1, 5), (5, 7), (7, 4), (4, 9)], 4: [(1, 8), (8, 5)]}, padri: [22], figli: [24, 24, 24, 8], mosse: [(2, 2, 5, 7, 3)]
28 -> costo: 76119.7, rotte: {3: [(1, 2), (2, 3), (3, 5), (5, 10)], 5: [(1, 6), (6, 7)], 2: [(1, 9), (9, 7), (7, 5), (5, 4)], 4: [(1, 5), (5, 8)]}, padri: [21, 21, 21], figli: [29, 30, 11, 11, 11, 15], mosse: [(4, 4, 1, 5, 1), (4, 4, 5, 8, 19), (4, 4, 8, 5)]
29 -> costo: 72956.9, rotte: {3: [(1, 2), (2, 3), (3, 5), (5, 10)], 5: [(1, 6), (6, 7)], 2: [(1, 7), (7, 5), (5, 4), (4, 9)], 4: [(1, 5), (5, 8)]}, padri: [28], figli: [5, 24, 6], mosse: [(2, 2, 4, 9, 1)]
30 -> costo: 75642.4, rotte: {3: [(1, 2), (2, 3), (3, 5), (5, 10)], 5: [(1, 6), (6, 7)], 2: [(1, 9), (9, 5), (5, 4), (4, 7)], 4: [(1, 5), (5, 8)]}, padri: [28], figli: [5], mosse: [(2, 2, 4, 7, 3)]
31 -> costo: 77703.40000000001, rotte: {3: [(1, 2), (2, 3), (3, 5), (5, 10)], 5: [(1, 6), (6, 7)], 2: [(1, 5), (5, 4), (4, 9), (9, 7)], 4: [(1, 8), (8, 5)]}, padri: [1], figli: [8, 8], mosse: [(2, 2, 1, 5, 1)]
bestSolutionIndice: 5
5 -> costo: 72479.2, rotte: {3: [(1, 2), (2, 3), (3, 5), (5, 10)], 5: [(1, 6), (6, 7)], 2: [(1, 5), (5, 4), (4, 7), (7, 9)], 4: [(1, 5), (5, 8)]}, padri: [4, 8, 8, 8, 16, 18, 19, 20, 23, 24, 25, 26, 29, 30], figli: [], mosse: [(2, 2, 5, 4, 8), (4, 4, 1, 5, 1), (4, 4, 5, 8, 19), (4, 4, 8, 5), (2, 2, 7, 9, 1), (2, 2, 7, 9, 1), (2, 2, 7, 9, 1), (2, 2, 7, 9, 1), (2, 2, 4, 7, 3), (2, 2, 4, 7, 3), (2, 2, 4, 7, 3), (2, 2, 4, 7, 3), (2, 2, 4, 7, 3), (2, 2, 7, 9, 1)]
trasportoPalletDiGamma: {3: [(2, 3), (3, 6), (5, 9), (10, 2)], 5: [(6, 13), (7, 12)], 2: [(5, 1), (4, 8), (7, 3), (9, 1)], 4: [(5, 1), (8, 19)]}
itMosseLS: 103, itMosseTS: 100
time elapsed: 718.12s.


##########################################################################################
s: 1
dictSolutions[1]:
0 -> costo: 81654.79999999999, rotte: {3: [(1, 3), (3, 8)], 5: [(1, 4), (4, 5), (5, 9), (9, 6), (6, 8)], 4: [(1, 10), (10, 7), (7, 8)], 2: [(1, 2), (2, 6)]}, padri: [-1], figli: [1], mosse: [-1]
1 -> costo: 72324.40000000001, rotte: {3: [(1, 3), (3, 8)], 5: [(1, 4), (4, 5), (5, 10), (10, 9), (9, 6), (6, 8)], 4: [(1, 7), (7, 8)], 2: [(1, 2), (2, 6)]}, padri: [0], figli: [2], mosse: [(5, 4, 5, 10, 2)]
2 -> costo: 71419.0, rotte: {3: [(1, 3), (3, 8)], 5: [(1, 4), (4, 5), (5, 8), (8, 10), (10, 9), (9, 6)], 4: [(1, 7), (7, 8)], 2: [(1, 2), (2, 6)]}, padri: [1], figli: [3, 11], mosse: [(5, 5, 5, 8, 2)]
3 -> costo: 65907.40000000001, rotte: {3: [(1, 3), (3, 8)], 5: [(1, 4), (4, 6), (6, 5), (5, 8), (8, 10), (10, 9)], 4: [(1, 7), (7, 8)], 2: [(1, 2), (2, 6)]}, padri: [2], figli: [4, 4, 4, 8, 8, 8, 8, 8, 10, 10, 10, 10, 10, 23, 23, 23], mosse: [(5, 5, 4, 6, 1)]
4 -> costo: 65369.9, rotte: {3: [(1, 3), (3, 8)], 5: [(1, 4), (4, 6), (6, 5), (5, 8), (8, 10), (10, 9)], 4: [(1, 7), (7, 8)], 2: [(1, 6), (6, 2)]}, padri: [3, 3, 3, 12, 23], figli: [5, 5, 5, 7, 7, 7, 7, 7, 9, 9, 9, 20, 20, 20, 22, 22, 22], mosse: [(2, 2, 1, 6, 12), (2, 2, 6, 2, 3), (2, 2, 2, 6), (5, 5, 6, 5, 11), (5, 5, 6, 5, 11)]
5 -> costo: 65248.3, rotte: {3: [(1, 8), (8, 3)], 5: [(1, 4), (4, 6), (6, 5), (5, 8), (8, 10), (10, 9)], 4: [(1, 7), (7, 8)], 2: [(1, 6), (6, 2)]}, padri: [4, 4, 4, 8, 8, 8, 17, 20], figli: [6, 6, 6, 19, 19, 19], mosse: [(3, 3, 1, 8, 14), (3, 3, 8, 3, 6), (3, 3, 3, 8), (2, 2, 1, 6, 12), (2, 2, 6, 2, 3), (2, 2, 2, 6), (5, 5, 6, 5, 11), (5, 5, 6, 5, 11)]
6 -> costo: 65141.00000000001, rotte: {3: [(1, 8), (8, 3)], 5: [(1, 4), (4, 6), (6, 5), (5, 8), (8, 10), (10, 9)], 4: [(1, 8), (8, 7)], 2: [(1, 6), (6, 2)]}, padri: [5, 5, 5, 7, 7, 7, 9, 9, 9, 18, 19], figli: [], mosse: [(4, 4, 1, 8, 3), (4, 4, 8, 7, 15), (4, 4, 7, 8), (3, 3, 1, 8, 14), (3, 3, 8, 3, 6), (3, 3, 3, 8), (2, 2, 1, 6, 12), (2, 2, 6, 2, 3), (2, 2, 2, 6), (5, 5, 6, 5, 11), (5, 5, 6, 5, 11)]
7 -> costo: 65262.600000000006, rotte: {3: [(1, 3), (3, 8)], 5: [(1, 4), (4, 6), (6, 5), (5, 8), (8, 10), (10, 9)], 4: [(1, 8), (8, 7)], 2: [(1, 6), (6, 2)]}, padri: [4, 4, 4, 10, 10, 10, 21, 22], figli: [6, 6, 6, 19, 19, 19], mosse: [(4, 4, 1, 8, 3), (4, 4, 8, 7, 15), (4, 4, 7, 8), (2, 2, 1, 6, 12), (2, 2, 6, 2, 3), (2, 2, 2, 6), (5, 5, 6, 5, 11), (5, 5, 6, 5, 11)]
8 -> costo: 65785.8, rotte: {3: [(1, 8), (8, 3)], 5: [(1, 4), (4, 6), (6, 5), (5, 8), (8, 10), (10, 9)], 4: [(1, 7), (7, 8)], 2: [(1, 2), (2, 6)]}, padri: [3, 3, 3], figli: [5, 5, 5, 9, 9, 9, 9, 9, 20, 20, 20], mosse: [(3, 3, 1, 8, 14), (3, 3, 8, 3, 6), (3, 3, 3, 8)]
9 -> costo: 65678.50000000001, rotte: {3: [(1, 8), (8, 3)], 5: [(1, 4), (4, 6), (6, 5), (5, 8), (8, 10), (10, 9)], 4: [(1, 8), (8, 7)], 2: [(1, 2), (2, 6)]}, padri: [8, 8, 8, 10, 10, 10], figli: [6, 6, 6, 19, 19, 19], mosse: [(4, 4, 1, 8, 3), (4, 4, 8, 7, 15), (4, 4, 7, 8), (3, 3, 1, 8, 14), (3, 3, 8, 3, 6), (3, 3, 3, 8)]
10 -> costo: 65800.1, rotte: {3: [(1, 3), (3, 8)], 5: [(1, 4), (4, 6), (6, 5), (5, 8), (8, 10), (10, 9)], 4: [(1, 8), (8, 7)], 2: [(1, 2), (2, 6)]}, padri: [3, 3, 3], figli: [7, 7, 7, 9, 9, 9, 22, 22, 22], mosse: [(4, 4, 1, 8, 3), (4, 4, 8, 7, 15), (4, 4, 7, 8)]
11 -> costo: 66003.8, rotte: {3: [(1, 3), (3, 8)], 5: [(1, 4), (4, 5), (5, 6), (6, 8), (8, 10), (10, 9)], 4: [(1, 7), (7, 8)], 2: [(1, 2), (2, 6)]}, padri: [2], figli: [12, 12, 12, 24, 24, 24], mosse: [(5, 5, 5, 6, 1)]
12 -> costo: 65466.3, rotte: {3: [(1, 3), (3, 8)], 5: [(1, 4), (4, 5), (5, 6), (6, 8), (8, 10), (10, 9)], 4: [(1, 7), (7, 8)], 2: [(1, 6), (6, 2)]}, padri: [11, 11, 11], figli: [13, 17, 17, 17, 21, 21, 21, 21, 21, 4, 23, 25], mosse: [(2, 2, 1, 6, 12), (2, 2, 6, 2, 3), (2, 2, 2, 6)]
13 -> costo: 65158.100000000006, rotte: {3: [(1, 3), (3, 8)], 5: [(1, 5), (5, 6), (6, 4), (4, 8), (8, 10), (10, 9)], 4: [(1, 7), (7, 8)], 2: [(1, 6), (6, 2)]}, padri: [12, 23, 24, 24, 24], figli: [14, 14, 14, 16, 16, 16, 16, 16, 18, 18, 18], mosse: [(5, 5, 6, 4, 8), (5, 5, 6, 4, 8), (2, 2, 1, 6, 12), (2, 2, 6, 2, 3), (2, 2, 2, 6)]
14 -> costo: 65036.5, rotte: {3: [(1, 8), (8, 3)], 5: [(1, 5), (5, 6), (6, 4), (4, 8), (8, 10), (10, 9)], 4: [(1, 7), (7, 8)], 2: [(1, 6), (6, 2)]}, padri: [13, 13, 13, 17, 20, 25, 25], figli: [15, 15, 15], mosse: [(3, 3, 1, 8, 14), (3, 3, 8, 3, 6), (3, 3, 3, 8), (5, 5, 6, 4, 8), (5, 5, 6, 4, 8), (2, 2, 1, 6, 12), (2, 2, 6, 2, 3)]
15 -> costo: 64929.200000000004, rotte: {3: [(1, 8), (8, 3)], 5: [(1, 5), (5, 6), (6, 4), (4, 8), (8, 10), (10, 9)], 4: [(1, 8), (8, 7)], 2: [(1, 6), (6, 2)]}, padri: [14, 14, 14, 16, 16, 16, 18, 19], figli: [], mosse: [(4, 4, 1, 8, 3), (4, 4, 8, 7, 15), (4, 4, 7, 8), (3, 3, 1, 8, 14), (3, 3, 8, 3, 6), (3, 3, 3, 8), (5, 5, 6, 4, 8), (5, 5, 6, 4, 8)]
16 -> costo: 65050.80000000001, rotte: {3: [(1, 3), (3, 8)], 5: [(1, 5), (5, 6), (6, 4), (4, 8), (8, 10), (10, 9)], 4: [(1, 8), (8, 7)], 2: [(1, 6), (6, 2)]}, padri: [13, 13, 13, 21, 22], figli: [15, 15, 15], mosse: [(4, 4, 1, 8, 3), (4, 4, 8, 7, 15), (4, 4, 7, 8), (5, 5, 6, 4, 8), (5, 5, 6, 4, 8)]
17 -> costo: 65344.700000000004, rotte: {3: [(1, 8), (8, 3)], 5: [(1, 4), (4, 5), (5, 6), (6, 8), (8, 10), (10, 9)], 4: [(1, 7), (7, 8)], 2: [(1, 6), (6, 2)]}, padri: [12, 12, 12], figli: [14, 18, 18, 18, 5, 20], mosse: [(3, 3, 1, 8, 14), (3, 3, 8, 3, 6), (3, 3, 3, 8)]
18 -> costo: 65237.40000000001, rotte: {3: [(1, 8), (8, 3)], 5: [(1, 4), (4, 5), (5, 6), (6, 8), (8, 10), (10, 9)], 4: [(1, 8), (8, 7)], 2: [(1, 6), (6, 2)]}, padri: [17, 17, 17, 21, 21, 21], figli: [15, 6, 19], mosse: [(4, 4, 1, 8, 3), (4, 4, 8, 7, 15), (4, 4, 7, 8), (3, 3, 1, 8, 14), (3, 3, 8, 3, 6), (3, 3, 3, 8)]
19 -> costo: 65224.00000000001, rotte: {3: [(1, 8), (8, 3)], 5: [(1, 5), (5, 4), (4, 6), (6, 8), (8, 10), (10, 9)], 4: [(1, 8), (8, 7)], 2: [(1, 6), (6, 2)]}, padri: [18, 20, 20, 20, 22, 22, 22], figli: [15, 6], mosse: [(5, 5, 5, 4, 8), (4, 4, 1, 8, 3), (4, 4, 8, 7, 15), (4, 4, 7, 8), (3, 3, 1, 8, 14), (3, 3, 8, 3, 6), (3, 3, 3, 8)]
20 -> costo: 65331.3, rotte: {3: [(1, 8), (8, 3)], 5: [(1, 5), (5, 4), (4, 6), (6, 8), (8, 10), (10, 9)], 4: [(1, 7), (7, 8)], 2: [(1, 6), (6, 2)]}, padri: [17, 23, 23, 23], figli: [14, 19, 19, 19, 5], mosse: [(5, 5, 5, 4, 8), (3, 3, 1, 8, 14), (3, 3, 8, 3, 6), (3, 3, 3, 8)]
21 -> costo: 65359.00000000001, rotte: {3: [(1, 3), (3, 8)], 5: [(1, 4), (4, 5), (5, 6), (6, 8), (8, 10), (10, 9)], 4: [(1, 8), (8, 7)], 2: [(1, 6), (6, 2)]}, padri: [12, 12, 12], figli: [16, 18, 18, 18, 7, 22], mosse: [(4, 4, 1, 8, 3), (4, 4, 8, 7, 15), (4, 4, 7, 8)]
22 -> costo: 65345.600000000006, rotte: {3: [(1, 3), (3, 8)], 5: [(1, 5), (5, 4), (4, 6), (6, 8), (8, 10), (10, 9)], 4: [(1, 8), (8, 7)], 2: [(1, 6), (6, 2)]}, padri: [21, 23, 23, 23], figli: [16, 19, 19, 19, 7], mosse: [(5, 5, 5, 4, 8), (4, 4, 1, 8, 3), (4, 4, 8, 7, 15), (4, 4, 7, 8)]
23 -> costo: 65452.9, rotte: {3: [(1, 3), (3, 8)], 5: [(1, 5), (5, 4), (4, 6), (6, 8), (8, 10), (10, 9)], 4: [(1, 7), (7, 8)], 2: [(1, 6), (6, 2)]}, padri: [12], figli: [13, 20, 20, 20, 22, 22, 22, 4, 25], mosse: [(5, 5, 5, 4, 8)]
24 -> costo: 65695.6, rotte: {3: [(1, 3), (3, 8)], 5: [(1, 5), (5, 6), (6, 4), (4, 8), (8, 10), (10, 9)], 4: [(1, 7), (7, 8)], 2: [(1, 2), (2, 6)]}, padri: [11], figli: [13, 13, 13, 25, 25, 25], mosse: [(5, 5, 6, 4, 8)]
25 -> costo: 65574.0, rotte: {3: [(1, 8), (8, 3)], 5: [(1, 5), (5, 6), (6, 4), (4, 8), (8, 10), (10, 9)], 4: [(1, 7), (7, 8)], 2: [(1, 2), (2, 6)]}, padri: [24], figli: [14, 14], mosse: [(3, 3, 1, 8, 14)]
bestSolutionIndice: 15
15 -> costo: 64929.200000000004, rotte: {3: [(1, 8), (8, 3)], 5: [(1, 5), (5, 6), (6, 4), (4, 8), (8, 10), (10, 9)], 4: [(1, 8), (8, 7)], 2: [(1, 6), (6, 2)]}, padri: [14, 14, 14, 16, 16, 16, 18, 19], figli: [], mosse: [(4, 4, 1, 8, 3), (4, 4, 8, 7, 15), (4, 4, 7, 8), (3, 3, 1, 8, 14), (3, 3, 8, 3, 6), (3, 3, 3, 8), (5, 5, 6, 4, 8), (5, 5, 6, 4, 8)]
trasportoPalletDiGamma: {3: [(8, 14), (3, 6)], 5: [(5, 11), (6, 1), (4, 8), (8, 2), (10, 2), (9, 1)], 4: [(8, 3), (7, 15)], 2: [(6, 12), (2, 3)]}
itMosseLS: 106, itMosseTS: 100
time elapsed: 572.32s.


##########################################################################################
s: 1
dictSolutions[1]:
0 -> costo: 77625.4, rotte: {2: [(1, 5), (5, 7)], 5: [(1, 6), (6, 2), (2, 10), (10, 8)], 4: [(1, 4), (4, 8)], 3: [(1, 9), (9, 3), (3, 7)]}, padri: [-1], figli: [1, 1, 1, 4, 4, 4, 7, 14, 16], mosse: [-1]
1 -> costo: 73110.2, rotte: {2: [(1, 5), (5, 7)], 5: [(1, 6), (6, 2), (2, 8), (8, 10)], 4: [(1, 4), (4, 8)], 3: [(1, 9), (9, 3), (3, 7)]}, padri: [0, 0, 0, 4, 7, 15], figli: [2, 6], mosse: [(5, 5, 2, 8, 7), (5, 5, 8, 10, 2), (5, 5, 10, 8), (5, 5, 2, 8, 7), (5, 5, 2, 8, 7), (5, 5, 6, 2, 3)]
2 -> costo: 70742.1, rotte: {2: [(1, 5), (5, 7)], 5: [(1, 6), (6, 2), (2, 8), (8, 10)], 4: [(1, 4), (4, 8)], 3: [(1, 3), (3, 7), (7, 9)]}, padri: [1, 5, 8, 13, 16, 16, 16], figli: [3], mosse: [(3, 3, 7, 9, 1), (5, 5, 2, 8, 7), (5, 5, 2, 8, 7), (5, 5, 6, 2, 3), (5, 5, 2, 8, 7), (5, 5, 8, 10, 2), (5, 5, 10, 8)]
3 -> costo: 70413.8, rotte: {2: [(1, 5), (5, 7)], 5: [(1, 6), (6, 2), (2, 8), (8, 10)], 4: [(1, 4), (4, 8)], 3: [(1, 7), (7, 3), (3, 9)]}, padri: [2, 6, 9, 11, 17, 17, 17], figli: [], mosse: [(3, 3, 7, 3, 6), (5, 5, 2, 8, 7), (5, 5, 2, 8, 7), (5, 5, 6, 2, 3), (5, 5, 2, 8, 7), (5, 5, 8, 10, 2), (5, 5, 10, 8)]
4 -> costo: 73461.8, rotte: {2: [(1, 5), (5, 7)], 5: [(1, 6), (6, 8), (8, 2), (2, 10)], 4: [(1, 4), (4, 8)], 3: [(1, 9), (9, 3), (3, 7)]}, padri: [0, 7, 15], figli: [5, 1, 9], mosse: [(5, 5, 6, 8, 7), (5, 5, 6, 8, 7), (5, 5, 8, 2, 3)]
5 -> costo: 71093.70000000001, rotte: {2: [(1, 5), (5, 7)], 5: [(1, 6), (6, 8), (8, 2), (2, 10)], 4: [(1, 4), (4, 8)], 3: [(1, 3), (3, 7), (7, 9)]}, padri: [4, 8, 13, 16], figli: [2, 6, 10, 19], mosse: [(3, 3, 7, 9, 1), (5, 5, 6, 8, 7), (5, 5, 8, 2, 3), (5, 5, 6, 8, 7)]
6 -> costo: 70765.40000000001, rotte: {2: [(1, 5), (5, 7)], 5: [(1, 6), (6, 8), (8, 2), (2, 10)], 4: [(1, 4), (4, 8)], 3: [(1, 7), (7, 3), (3, 9)]}, padri: [5, 9, 11, 17, 18], figli: [3], mosse: [(3, 3, 7, 3, 6), (5, 5, 6, 8, 7), (5, 5, 8, 2, 3), (5, 5, 6, 8, 7), (5, 5, 2, 10, 2)]
7 -> costo: 74395.5, rotte: {2: [(1, 5), (5, 7)], 5: [(1, 8), (8, 6), (6, 2), (2, 10)], 4: [(1, 4), (4, 8)], 3: [(1, 9), (9, 3), (3, 7)]}, padri: [0], figli: [8, 1, 4, 14, 17], mosse: [(5, 5, 1, 8, 7)]
8 -> costo: 72027.40000000001, rotte: {2: [(1, 5), (5, 7)], 5: [(1, 8), (8, 6), (6, 2), (2, 10)], 4: [(1, 4), (4, 8)], 3: [(1, 3), (3, 7), (7, 9)]}, padri: [7, 16], figli: [2, 5, 9, 12, 15, 18], mosse: [(3, 3, 7, 9, 1), (5, 5, 1, 8, 7)]
9 -> costo: 71699.1, rotte: {2: [(1, 5), (5, 7)], 5: [(1, 8), (8, 6), (6, 2), (2, 10)], 4: [(1, 4), (4, 8)], 3: [(1, 7), (7, 3), (3, 9)]}, padri: [8, 17, 24, 32], figli: [3, 6, 10, 13, 19], mosse: [(3, 3, 7, 3, 6), (5, 5, 1, 8, 7), (5, 5, 2, 10, 2), (5, 5, 6, 2, 3)]
10 -> costo: 71686.5, rotte: {2: [(1, 5), (5, 7)], 5: [(1, 8), (8, 2), (2, 6), (6, 10)], 4: [(1, 4), (4, 8)], 3: [(1, 7), (7, 3), (3, 9)]}, padri: [9, 12, 19, 32], figli: [11], mosse: [(5, 5, 2, 6, 13), (3, 3, 7, 3, 6), (5, 5, 6, 10, 2), (5, 5, 8, 2, 3)]
11 -> costo: 71419.1, rotte: {2: [(1, 5), (5, 7)], 5: [(1, 2), (2, 6), (6, 8), (8, 10)], 4: [(1, 4), (4, 8)], 3: [(1, 7), (7, 3), (3, 9)]}, padri: [10, 13, 32], figli: [3, 6, 19], mosse: [(5, 5, 6, 8, 7), (3, 3, 7, 3, 6), (5, 5, 6, 8, 7)]
12 -> costo: 72014.8, rotte: {2: [(1, 5), (5, 7)], 5: [(1, 8), (8, 2), (2, 6), (6, 10)], 4: [(1, 4), (4, 8)], 3: [(1, 3), (3, 7), (7, 9)]}, padri: [8, 14], figli: [10, 13], mosse: [(5, 5, 2, 6, 13), (3, 3, 7, 9, 1)]
13 -> costo: 71747.40000000001, rotte: {2: [(1, 5), (5, 7)], 5: [(1, 2), (2, 6), (6, 8), (8, 10)], 4: [(1, 4), (4, 8)], 3: [(1, 3), (3, 7), (7, 9)]}, padri: [12, 15], figli: [2, 5, 11], mosse: [(5, 5, 6, 8, 7), (3, 3, 7, 9, 1)]
14 -> costo: 74382.9, rotte: {2: [(1, 5), (5, 7)], 5: [(1, 8), (8, 2), (2, 6), (6, 10)], 4: [(1, 4), (4, 8)], 3: [(1, 9), (9, 3), (3, 7)]}, padri: [7], figli: [12, 15], mosse: [(5, 5, 2, 6, 13)]
15 -> costo: 74115.5, rotte: {2: [(1, 5), (5, 7)], 5: [(1, 2), (2, 6), (6, 8), (8, 10)], 4: [(1, 4), (4, 8)], 3: [(1, 9), (9, 3), (3, 7)]}, padri: [14], figli: [13, 1, 4], mosse: [(5, 5, 6, 8, 7)]
16 -> costo: 75257.3, rotte: {2: [(1, 5), (5, 7)], 5: [(1, 6), (6, 2), (2, 10), (10, 8)], 4: [(1, 4), (4, 8)], 3: [(1, 3), (3, 7), (7, 9)]}, padri: [0], figli: [2, 2, 2, 5, 8, 17], mosse: [(3, 3, 7, 9, 1)]
17 -> costo: 74929.0, rotte: {2: [(1, 5), (5, 7)], 5: [(1, 6), (6, 2), (2, 10), (10, 8)], 4: [(1, 4), (4, 8)], 3: [(1, 7), (7, 3), (3, 9)]}, padri: [16], figli: [3, 3, 3, 6, 9, 18, 19], mosse: [(3, 3, 7, 3, 6)]
18 -> costo: 74808.8, rotte: {2: [(1, 5), (5, 7)], 5: [(1, 6), (6, 10), (10, 8), (8, 2)], 4: [(1, 4), (4, 8)], 3: [(1, 7), (7, 3), (3, 9)]}, padri: [17], figli: [6, 19, 24, 31], mosse: [(5, 5, 8, 2, 3)]
19 -> costo: 73351.70000000001, rotte: {2: [(1, 5), (5, 7)], 5: [(1, 10), (10, 8), (8, 2), (2, 6)], 4: [(1, 4), (4, 8)], 3: [(1, 7), (7, 3), (3, 9)]}, padri: [18, 24, 24, 24], figli: [20, 22, 10, 27, 30], mosse: [(5, 5, 2, 6, 13), (5, 5, 8, 2, 3), (5, 5, 2, 6, 13), (5, 5, 6, 2)]
20 -> costo: 65030.5, rotte: {2: [(1, 5), (5, 7)], 5: [(1, 8), (8, 2), (2, 6)], 4: [(1, 4), (4, 8)], 3: [(1, 7), (7, 3), (3, 10), (10, 9)]}, padri: [19, 22, 22, 22, 25, 25, 25, 27], figli: [21, 26], mosse: [(3, 5, 3, 10, 2), (3, 3, 3, 10, 2), (3, 3, 10, 9, 1), (3, 3, 9, 10), (5, 5, 8, 2, 3), (5, 5, 2, 6, 13), (5, 5, 6, 2), (5, 5, 8, 2, 3)]
21 -> costo: 64560.100000000006, rotte: {2: [(1, 5), (5, 7)], 5: [(1, 6), (6, 8), (8, 2)], 4: [(1, 4), (4, 8)], 3: [(1, 7), (7, 3), (3, 10), (10, 9)]}, padri: [20, 23, 23, 23, 25, 26, 26, 26], figli: [], mosse: [(5, 5, 1, 6, 13), (3, 3, 3, 10, 2), (3, 3, 10, 9, 1), (3, 3, 9, 10), (5, 5, 6, 8, 7), (5, 5, 2, 8), (5, 5, 6, 8, 7), (5, 5, 8, 2, 3)]
22 -> costo: 65265.5, rotte: {2: [(1, 5), (5, 7)], 5: [(1, 8), (8, 2), (2, 6)], 4: [(1, 4), (4, 8)], 3: [(1, 7), (7, 3), (3, 9), (9, 10)]}, padri: [19, 28, 28, 28, 30], figli: [23, 20, 20, 20, 27, 27, 27, 29], mosse: [(3, 5, 9, 10, 2), (5, 5, 8, 2, 3), (5, 5, 2, 6, 13), (5, 5, 6, 2), (5, 5, 8, 2, 3)]
23 -> costo: 64795.100000000006, rotte: {2: [(1, 5), (5, 7)], 5: [(1, 6), (6, 8), (8, 2)], 4: [(1, 4), (4, 8)], 3: [(1, 7), (7, 3), (3, 9), (9, 10)]}, padri: [22, 28, 29, 29, 29], figli: [21, 21, 21, 26, 26, 26], mosse: [(5, 5, 1, 6, 13), (5, 5, 6, 8, 7), (5, 5, 2, 8), (5, 5, 6, 8, 7), (5, 5, 8, 2, 3)]
24 -> costo: 73815.0, rotte: {2: [(1, 5), (5, 7)], 5: [(1, 10), (10, 8), (8, 6), (6, 2)], 4: [(1, 4), (4, 8)], 3: [(1, 7), (7, 3), (3, 9)]}, padri: [18], figli: [25, 28, 9, 19, 19, 19, 31, 31, 31], mosse: [(5, 5, 8, 6, 13)]
25 -> costo: 65493.8, rotte: {2: [(1, 5), (5, 7)], 5: [(1, 8), (8, 6), (6, 2)], 4: [(1, 4), (4, 8)], 3: [(1, 7), (7, 3), (3, 10), (10, 9)]}, padri: [24, 28, 28, 28], figli: [21, 26, 20, 20, 20, 27, 27, 27], mosse: [(3, 5, 3, 10, 2), (3, 3, 3, 10, 2), (3, 3, 10, 9, 1), (3, 3, 9, 10)]
26 -> costo: 64663.200000000004, rotte: {2: [(1, 5), (5, 7)], 5: [(1, 6), (6, 2), (2, 8)], 4: [(1, 4), (4, 8)], 3: [(1, 7), (7, 3), (3, 10), (10, 9)]}, padri: [25, 27, 29, 29, 29], figli: [21, 21, 21], mosse: [(5, 5, 2, 8, 7), (5, 5, 1, 6, 13), (3, 3, 3, 10, 2), (3, 3, 10, 9, 1), (3, 3, 9, 10)]
27 -> costo: 65093.100000000006, rotte: {2: [(1, 5), (5, 7)], 5: [(1, 2), (2, 8), (8, 6)], 4: [(1, 4), (4, 8)], 3: [(1, 7), (7, 3), (3, 10), (10, 9)]}, padri: [25, 30, 30, 30, 31], figli: [26, 20], mosse: [(5, 5, 1, 2, 3), (3, 3, 3, 10, 2), (3, 3, 10, 9, 1), (3, 3, 9, 10), (3, 5, 3, 10, 2)]
28 -> costo: 65728.8, rotte: {2: [(1, 5), (5, 7)], 5: [(1, 8), (8, 6), (6, 2)], 4: [(1, 4), (4, 8)], 3: [(1, 7), (7, 3), (3, 9), (9, 10)]}, padri: [24], figli: [23, 29, 22, 22, 22, 30, 30, 30, 25, 25, 25, 32], mosse: [(3, 5, 9, 10, 2)]
29 -> costo: 64898.200000000004, rotte: {2: [(1, 5), (5, 7)], 5: [(1, 6), (6, 2), (2, 8)], 4: [(1, 4), (4, 8)], 3: [(1, 7), (7, 3), (3, 9), (9, 10)]}, padri: [28, 30], figli: [26, 26, 26, 23, 23, 23], mosse: [(5, 5, 2, 8, 7), (5, 5, 1, 6, 13)]
30 -> costo: 65328.100000000006, rotte: {2: [(1, 5), (5, 7)], 5: [(1, 2), (2, 8), (8, 6)], 4: [(1, 4), (4, 8)], 3: [(1, 7), (7, 3), (3, 9), (9, 10)]}, padri: [28, 31], figli: [29, 27, 27, 27, 22], mosse: [(5, 5, 1, 2, 3), (3, 5, 9, 10, 2)]
31 -> costo: 73698.80000000002, rotte: {2: [(1, 5), (5, 7)], 5: [(1, 10), (10, 2), (2, 8), (8, 6)], 4: [(1, 4), (4, 8)], 3: [(1, 7), (7, 3), (3, 9)]}, padri: [24], figli: [27, 30, 32], mosse: [(5, 5, 10, 2, 3)]
32 -> costo: 71749.1, rotte: {2: [(1, 5), (5, 7)], 5: [(1, 2), (2, 8), (8, 6), (6, 10)], 4: [(1, 4), (4, 8)], 3: [(1, 7), (7, 3), (3, 9)]}, padri: [31], figli: [11, 10, 9], mosse: [(5, 5, 6, 10, 2)]
bestSolutionIndice: 21
21 -> costo: 64560.100000000006, rotte: {2: [(1, 5), (5, 7)], 5: [(1, 6), (6, 8), (8, 2)], 4: [(1, 4), (4, 8)], 3: [(1, 7), (7, 3), (3, 10), (10, 9)]}, padri: [20, 23, 23, 23, 25, 26, 26, 26], figli: [], mosse: [(5, 5, 1, 6, 13), (3, 3, 3, 10, 2), (3, 3, 10, 9, 1), (3, 3, 9, 10), (5, 5, 6, 8, 7), (5, 5, 2, 8), (5, 5, 6, 8, 7), (5, 5, 8, 2, 3)]
trasportoPalletDiGamma: {2: [(5, 11), (7, 4)], 5: [(6, 13), (8, 7), (2, 3)], 4: [(4, 8), (8, 12)], 3: [(7, 11), (3, 6), (10, 2), (9, 1)]}
itMosseLS: 107, itMosseTS: 100
time elapsed: 297.65s.


##########################################################################################
s: 1
dictSolutions[1]:
0 -> costo: 82744.2, rotte: {2: [(1, 2), (2, 4), (4, 9), (9, 6)], 4: [(1, 5), (5, 10), (10, 6)], 5: [(1, 3), (3, 7), (7, 6)], 3: [(1, 8), (8, 6)]}, padri: [-1], figli: [1], mosse: [-1]
1 -> costo: 77485.70000000001, rotte: {2: [(1, 2), (2, 6), (6, 4), (4, 9)], 4: [(1, 5), (5, 10), (10, 6)], 5: [(1, 3), (3, 7), (7, 6)], 3: [(1, 8), (8, 6)]}, padri: [0], figli: [2], mosse: [(2, 2, 2, 6, 1)]
2 -> costo: 72305.5, rotte: {2: [(1, 2), (2, 6), (6, 4), (4, 9)], 4: [(1, 5), (5, 6), (6, 10)], 5: [(1, 3), (3, 7), (7, 6)], 3: [(1, 8), (8, 6)]}, padri: [1], figli: [3, 21], mosse: [(4, 4, 5, 6, 7)]
3 -> costo: 71363.5, rotte: {2: [(1, 6), (6, 4), (4, 2), (2, 9)], 4: [(1, 5), (5, 6), (6, 10)], 5: [(1, 3), (3, 7), (7, 6)], 3: [(1, 8), (8, 6)]}, padri: [2], figli: [4, 4, 4, 4, 10, 10, 10, 10, 18, 18, 20, 20, 22, 22, 22, 22], mosse: [(2, 2, 4, 2, 3)]
4 -> costo: 70424.5, rotte: {2: [(1, 6), (6, 4), (4, 2), (2, 9)], 4: [(1, 5), (5, 6), (6, 10)], 5: [(1, 3), (3, 7), (7, 6)], 3: [(1, 8)]}, padri: [3, 3, 3, 3, 18, 18, 18, 18, 21], figli: [5, 9, 11, 12, 23], mosse: [(2, 3, 1, 6, 1), (2, 3, 4, 6, 1), (2, 3, 2, 6, 1), (2, 3, 9, 6, 1), (2, 3, 1, 6, 1), (2, 3, 4, 6, 1), (2, 3, 2, 6, 1), (2, 3, 9, 6, 1), (2, 2, 4, 2, 3)]
5 -> costo: 70047.20000000001, rotte: {2: [(1, 6), (6, 4), (4, 2), (2, 9)], 4: [(1, 5), (5, 6), (6, 10)], 5: [(1, 6), (6, 3), (3, 7)], 3: [(1, 8)]}, padri: [4, 10, 10, 10, 10, 11, 11, 11, 11, 22], figli: [6, 6, 6, 8, 8, 8, 13, 13, 13], mosse: [(5, 5, 1, 6, 4), (2, 3, 1, 6, 1), (2, 3, 4, 6, 1), (2, 3, 2, 6, 1), (2, 3, 9, 6, 1), (2, 3, 1, 6, 1), (2, 3, 4, 6, 1), (2, 3, 2, 6, 1), (2, 3, 9, 6, 1), (2, 2, 4, 2, 3)]
6 -> costo: 69935.6, rotte: {2: [(1, 6), (6, 4), (4, 2), (2, 9)], 4: [(1, 5), (5, 6), (6, 10)], 5: [(1, 6), (6, 7), (7, 3)], 3: [(1, 8)]}, padri: [5, 5, 5, 12, 12, 12, 12, 15, 15, 15, 15, 23], figli: [7], mosse: [(5, 5, 6, 7, 15), (5, 5, 7, 3, 6), (5, 5, 3, 7), (2, 3, 1, 6, 1), (2, 3, 4, 6, 1), (2, 3, 2, 6, 1), (2, 3, 9, 6, 1), (2, 3, 1, 6, 1), (2, 3, 4, 6, 1), (2, 3, 2, 6, 1), (2, 3, 9, 6, 1), (2, 2, 4, 2, 3)]
7 -> costo: 69889.40000000001, rotte: {2: [(1, 4), (4, 6), (6, 2), (2, 9)], 4: [(1, 5), (5, 6), (6, 10)], 5: [(1, 6), (6, 7), (7, 3)], 3: [(1, 8)]}, padri: [6, 8, 8, 8, 13, 13, 13, 13, 16, 16, 16, 16], figli: [], mosse: [(2, 2, 4, 6, 2), (5, 5, 6, 7, 15), (5, 5, 7, 3, 6), (5, 5, 3, 7), (2, 3, 1, 6, 1), (2, 3, 4, 6, 1), (2, 3, 2, 6, 1), (2, 3, 9, 6, 1), (2, 3, 1, 6, 1), (2, 3, 4, 6, 1), (2, 3, 2, 6, 1), (2, 3, 9, 6, 1)]
8 -> costo: 70001.0, rotte: {2: [(1, 4), (4, 6), (6, 2), (2, 9)], 4: [(1, 5), (5, 6), (6, 10)], 5: [(1, 6), (6, 3), (3, 7)], 3: [(1, 8)]}, padri: [5, 9, 14, 14, 14, 14, 17, 17, 17, 17], figli: [7, 7, 7], mosse: [(2, 2, 4, 6, 2), (5, 5, 1, 6, 4), (2, 3, 1, 6, 1), (2, 3, 4, 6, 1), (2, 3, 2, 6, 1), (2, 3, 9, 6, 1), (2, 3, 1, 6, 1), (2, 3, 4, 6, 1), (2, 3, 2, 6, 1), (2, 3, 9, 6, 1)]
9 -> costo: 70378.3, rotte: {2: [(1, 4), (4, 6), (6, 2), (2, 9)], 4: [(1, 5), (5, 6), (6, 10)], 5: [(1, 3), (3, 7), (7, 6)], 3: [(1, 8)]}, padri: [4, 19, 19, 19, 19, 20, 20, 20, 20], figli: [8], mosse: [(2, 2, 4, 6, 2), (2, 3, 1, 6, 1), (2, 3, 4, 6, 1), (2, 3, 2, 6, 1), (2, 3, 9, 6, 1), (2, 3, 1, 6, 1), (2, 3, 4, 6, 1), (2, 3, 2, 6, 1), (2, 3, 9, 6, 1)]
10 -> costo: 70986.20000000001, rotte: {2: [(1, 6), (6, 4), (4, 2), (2, 9)], 4: [(1, 5), (5, 6), (6, 10)], 5: [(1, 6), (6, 3), (3, 7)], 3: [(1, 8), (8, 6)]}, padri: [3], figli: [5, 5, 5, 5, 11, 11, 11, 11, 12, 12, 12, 12, 11, 11, 15, 15, 15, 15, 15, 17, 17, 17, 19, 19, 19, 23, 23, 23, 23], mosse: [(5, 5, 1, 6, 4)]
11 -> costo: 70623.4, rotte: {2: [(1, 6), (6, 4), (4, 2), (2, 9)], 4: [(1, 5), (5, 6), (6, 10)], 5: [(1, 6), (6, 3), (3, 7)], 3: [(1, 6), (6, 8)]}, padri: [10, 10, 10, 18], figli: [5, 5, 5, 5, 12, 12, 12, 12, 12, 12, 14, 14, 14, 16, 16, 16, 23, 23, 23, 23], mosse: [(3, 3, 8, 6), (3, 3, 1, 6, 1), (3, 3, 6, 8, 19), (5, 5, 1, 6, 4)]
12 -> costo: 70511.8, rotte: {2: [(1, 6), (6, 4), (4, 2), (2, 9)], 4: [(1, 5), (5, 6), (6, 10)], 5: [(1, 6), (6, 7), (7, 3)], 3: [(1, 6), (6, 8)]}, padri: [11, 11, 11, 15, 15, 15], figli: [6, 6, 6, 6, 13, 13, 13, 13], mosse: [(5, 5, 6, 7, 15), (5, 5, 7, 3, 6), (5, 5, 3, 7), (3, 3, 8, 6), (3, 3, 1, 6, 1), (3, 3, 6, 8, 19)]
13 -> costo: 70465.59999999999, rotte: {2: [(1, 4), (4, 6), (6, 2), (2, 9)], 4: [(1, 5), (5, 6), (6, 10)], 5: [(1, 6), (6, 7), (7, 3)], 3: [(1, 6), (6, 8)]}, padri: [12, 14, 14, 14, 16, 16, 16], figli: [7, 7, 7, 7], mosse: [(2, 2, 4, 6, 1), (5, 5, 6, 7, 15), (5, 5, 7, 3, 6), (5, 5, 3, 7), (3, 3, 8, 6), (3, 3, 1, 6, 1), (3, 3, 6, 8, 19)]
14 -> costo: 70577.2, rotte: {2: [(1, 4), (4, 6), (6, 2), (2, 9)], 4: [(1, 5), (5, 6), (6, 10)], 5: [(1, 6), (6, 3), (3, 7)], 3: [(1, 6), (6, 8)]}, padri: [11, 17, 17, 17, 19], figli: [8, 8, 8, 8, 13, 13, 13], mosse: [(2, 2, 4, 6, 1), (3, 3, 8, 6), (3, 3, 1, 6, 1), (3, 3, 6, 8, 19), (5, 5, 1, 6, 4)]
15 -> costo: 70874.6, rotte: {2: [(1, 6), (6, 4), (4, 2), (2, 9)], 4: [(1, 5), (5, 6), (6, 10)], 5: [(1, 6), (6, 7), (7, 3)], 3: [(1, 8), (8, 6)]}, padri: [10, 10, 10], figli: [6, 6, 6, 6, 12, 12, 12, 16, 16, 16], mosse: [(5, 5, 6, 7, 15), (5, 5, 7, 3, 6), (5, 5, 3, 7)]
16 -> costo: 70828.40000000001, rotte: {2: [(1, 4), (4, 6), (6, 2), (2, 9)], 4: [(1, 5), (5, 6), (6, 10)], 5: [(1, 6), (6, 7), (7, 3)], 3: [(1, 8), (8, 6)]}, padri: [15, 17, 17, 17], figli: [7, 7, 7, 7, 13, 13, 13], mosse: [(2, 2, 4, 6, 1), (5, 5, 6, 7, 15), (5, 5, 7, 3, 6), (5, 5, 3, 7)]
17 -> costo: 70940.0, rotte: {2: [(1, 4), (4, 6), (6, 2), (2, 9)], 4: [(1, 5), (5, 6), (6, 10)], 5: [(1, 6), (6, 3), (3, 7)], 3: [(1, 8), (8, 6)]}, padri: [10, 20], figli: [8, 8, 8, 8, 14, 14, 14, 16, 16, 16], mosse: [(2, 2, 4, 6, 1), (5, 5, 1, 6, 4)]
18 -> costo: 71000.7, rotte: {2: [(1, 6), (6, 4), (4, 2), (2, 9)], 4: [(1, 5), (5, 6), (6, 10)], 5: [(1, 3), (3, 7), (7, 6)], 3: [(1, 6), (6, 8)]}, padri: [3, 3], figli: [4, 4, 4, 4, 11, 19, 22, 22, 22, 22], mosse: [(3, 3, 1, 6, 1), (3, 3, 6, 8, 19)]
19 -> costo: 70954.5, rotte: {2: [(1, 4), (4, 6), (6, 2), (2, 9)], 4: [(1, 5), (5, 6), (6, 10)], 5: [(1, 3), (3, 7), (7, 6)], 3: [(1, 6), (6, 8)]}, padri: [18, 20, 20], figli: [9, 9, 9, 9, 14], mosse: [(2, 2, 4, 6, 1), (3, 3, 1, 6, 1), (3, 3, 6, 8, 19)]
20 -> costo: 71317.3, rotte: {2: [(1, 4), (4, 6), (6, 2), (2, 9)], 4: [(1, 5), (5, 6), (6, 10)], 5: [(1, 3), (3, 7), (7, 6)], 3: [(1, 8), (8, 6)]}, padri: [3], figli: [9, 9, 9, 9, 17, 19, 19], mosse: [(2, 2, 4, 6, 1)]
21 -> costo: 71366.5, rotte: {2: [(1, 2), (2, 6), (6, 4), (4, 9)], 4: [(1, 5), (5, 6), (6, 10)], 5: [(1, 3), (3, 7), (7, 6)], 3: [(1, 8)]}, padri: [2], figli: [4, 22], mosse: [(2, 3, 1, 6, 1)]
22 -> costo: 70989.20000000001, rotte: {2: [(1, 2), (2, 6), (6, 4), (4, 9)], 4: [(1, 5), (5, 6), (6, 10)], 5: [(1, 6), (6, 3), (3, 7)], 3: [(1, 8)]}, padri: [21], figli: [5, 23], mosse: [(5, 5, 1, 6, 4)]
23 -> costo: 70877.6, rotte: {2: [(1, 2), (2, 6), (6, 4), (4, 9)], 4: [(1, 5), (5, 6), (6, 10)], 5: [(1, 6), (6, 7), (7, 3)], 3: [(1, 8)]}, padri: [22], figli: [6], mosse: [(5, 5, 6, 7, 15)]
bestSolutionIndice: 7
7 -> costo: 69889.40000000001, rotte: {2: [(1, 4), (4, 6), (6, 2), (2, 9)], 4: [(1, 5), (5, 6), (6, 10)], 5: [(1, 6), (6, 7), (7, 3)], 3: [(1, 8)]}, padri: [6, 8, 8, 8, 13, 13, 13, 13, 16, 16, 16, 16], figli: [], mosse: [(2, 2, 4, 6, 2), (5, 5, 6, 7, 15), (5, 5, 7, 3, 6), (5, 5, 3, 7), (2, 3, 1, 6, 1), (2, 3, 4, 6, 1), (2, 3, 2, 6, 1), (2, 3, 9, 6, 1), (2, 3, 1, 6, 1), (2, 3, 4, 6, 1), (2, 3, 2, 6, 1), (2, 3, 9, 6, 1)]
trasportoPalletDiGamma: {2: [(4, 8), (6, 2), (2, 3), (9, 1)], 4: [(5, 11), (6, 7), (10, 2)], 5: [(6, 4), (7, 15), (3, 6)], 3: [(8, 19)]}
itMosseLS: 106, itMosseTS: 100
time elapsed: 447.29s.


