itNSIMax: 50, itMosseTSMax: 5.
##########################################################################################
s: 1
dictSolutions[1]:
0 -> costo: 79030.9, rotte: {4: [(1, 5), (5, 3), (3, 2)], 5: [(1, 7), (7, 10), (10, 8)], 3: [(1, 9), (9, 4), (4, 8)], 2: [(1, 6), (6, 8)]}, padri: [-1], figli: [1], mosse: [-1]
1 -> costo: 74478.59999999999, rotte: {4: [(1, 5), (5, 3), (3, 2)], 5: [(1, 7), (7, 8), (8, 10)], 3: [(1, 9), (9, 4), (4, 8)], 2: [(1, 6), (6, 8)]}, padri: [0], figli: [2, 3, 3], mosse: [(5, 5, 7, 8, 8)]
2 -> costo: 70408.79999999999, rotte: {4: [(1, 5), (5, 3), (3, 2)], 5: [(1, 7), (7, 8), (8, 10)], 3: [(1, 4), (4, 8), (8, 9)], 2: [(1, 6), (6, 8)]}, padri: [1, 4], figli: [], mosse: [(3, 3, 8, 9, 1), (3, 3, 4, 8, 9)]
3 -> costo: 73830.59999999999, rotte: {4: [(1, 5), (5, 3), (3, 2)], 5: [(1, 7), (7, 8), (8, 10)], 3: [(1, 9), (9, 8), (8, 4)], 2: [(1, 6), (6, 8)]}, padri: [1, 1], figli: [4], mosse: [(3, 3, 9, 8, 9), (3, 3, 8, 4, 8)]
4 -> costo: 71676.99999999999, rotte: {4: [(1, 5), (5, 3), (3, 2)], 5: [(1, 7), (7, 8), (8, 10)], 3: [(1, 8), (8, 4), (4, 9)], 2: [(1, 6), (6, 8)]}, padri: [3], figli: [2], mosse: [(3, 3, 4, 9, 1)]
bestSolutionIndice: 2
2 -> costo: 70408.79999999999, rotte: {4: [(1, 5), (5, 3), (3, 2)], 5: [(1, 7), (7, 8), (8, 10)], 3: [(1, 4), (4, 8), (8, 9)], 2: [(1, 6), (6, 8)]}, padri: [1, 4], figli: [], mosse: [(3, 3, 8, 9, 1), (3, 3, 4, 8, 9)]
trasportoPalletDiGamma: {4: [(5, 11), (3, 6), (2, 3)], 5: [(7, 15), (8, 8), (10, 2)], 3: [(4, 8), (8, 9), (9, 1)], 2: [(6, 13), (8, 2)]}
itMosseLS: 6, itMosseTS: 5
time elapsed: 27.13s.


##########################################################################################
s: 1
dictSolutions[1]:
0 -> costo: 80961.70000000001, rotte: {5: [(1, 3), (3, 10), (10, 5), (5, 2), (2, 8)], 2: [(1, 7)], 4: [(1, 6), (6, 8)], 3: [(1, 4), (4, 9), (9, 8)]}, padri: [-1], figli: [1], mosse: [-1]
1 -> costo: 75763.90000000001, rotte: {5: [(1, 3), (3, 5), (5, 2), (2, 8), (8, 10)], 2: [(1, 7)], 4: [(1, 6), (6, 8)], 3: [(1, 4), (4, 9), (9, 8)]}, padri: [0], figli: [2], mosse: [(5, 5, 8, 10, 2)]
2 -> costo: 72299.0, rotte: {5: [(1, 3), (3, 5), (5, 2), (2, 8), (8, 10)], 2: [(1, 7)], 4: [(1, 6), (6, 8)], 3: [(1, 8), (8, 4), (4, 9)]}, padri: [1], figli: [3], mosse: [(3, 3, 1, 8, 11)]
3 -> costo: 71030.8, rotte: {5: [(1, 3), (3, 5), (5, 2), (2, 8), (8, 10)], 2: [(1, 7)], 4: [(1, 6), (6, 8)], 3: [(1, 4), (4, 8), (8, 9)]}, padri: [2], figli: [4, 5, 6, 7], mosse: [(3, 3, 4, 8, 11)]
4 -> costo: 69782.2, rotte: {5: [(1, 5), (5, 3), (3, 2), (2, 8), (8, 10)], 2: [(1, 7)], 4: [(1, 6), (6, 8)], 3: [(1, 4), (4, 8), (8, 9)]}, padri: [3, 5, 7], figli: [], mosse: [(5, 5, 5, 3, 6), (5, 5, 3, 2, 3), (5, 5, 2, 8, 1)]
5 -> costo: 70143.4, rotte: {5: [(1, 5), (5, 2), (2, 3), (3, 8), (8, 10)], 2: [(1, 7)], 4: [(1, 6), (6, 8)], 3: [(1, 4), (4, 8), (8, 9)]}, padri: [3, 6], figli: [4], mosse: [(5, 5, 2, 3, 6), (5, 5, 3, 8, 1)]
6 -> costo: 70883.09999999999, rotte: {5: [(1, 5), (5, 2), (2, 8), (8, 3), (3, 10)], 2: [(1, 7)], 4: [(1, 6), (6, 8)], 3: [(1, 4), (4, 8), (8, 9)]}, padri: [3], figli: [5, 7], mosse: [(5, 5, 8, 3, 6)]
7 -> costo: 70448.8, rotte: {5: [(1, 5), (5, 8), (8, 3), (3, 2), (2, 10)], 2: [(1, 7)], 4: [(1, 6), (6, 8)], 3: [(1, 4), (4, 8), (8, 9)]}, padri: [6], figli: [4], mosse: [(5, 5, 3, 2, 3)]
bestSolutionIndice: 4
4 -> costo: 69782.2, rotte: {5: [(1, 5), (5, 3), (3, 2), (2, 8), (8, 10)], 2: [(1, 7)], 4: [(1, 6), (6, 8)], 3: [(1, 4), (4, 8), (8, 9)]}, padri: [3, 5, 7], figli: [], mosse: [(5, 5, 5, 3, 6), (5, 5, 3, 2, 3), (5, 5, 2, 8, 1)]
trasportoPalletDiGamma: {5: [(5, 11), (3, 6), (2, 3), (8, 1), (10, 2)], 2: [(7, 15)], 4: [(6, 13), (8, 7)], 3: [(4, 8), (8, 11), (9, 1)]}
itMosseLS: 10, itMosseTS: 5
time elapsed: 35.59s.


##########################################################################################
s: 1
dictSolutions[1]:
0 -> costo: 82025.9, rotte: {5: [(1, 7), (7, 10), (10, 6)], 2: [(1, 4), (4, 9), (9, 8)], 4: [(1, 5), (5, 8)], 3: [(1, 3), (3, 2), (2, 6), (6, 8)]}, padri: [-1], figli: [1], mosse: [-1]
1 -> costo: 76961.09999999999, rotte: {5: [(1, 6), (6, 7), (7, 10)], 2: [(1, 4), (4, 9), (9, 8)], 4: [(1, 5), (5, 8)], 3: [(1, 3), (3, 2), (2, 6), (6, 8)]}, padri: [0], figli: [2], mosse: [(5, 5, 1, 6, 8)]
2 -> costo: 72228.0, rotte: {5: [(1, 6), (6, 7), (7, 10)], 2: [(1, 4), (4, 8), (8, 9)], 4: [(1, 5), (5, 8)], 3: [(1, 3), (3, 2), (2, 6), (6, 8)]}, padri: [1], figli: [3, 3, 3, 5, 5, 5], mosse: [(2, 2, 4, 8, 6)]
3 -> costo: 71652.6, rotte: {5: [(1, 6), (6, 7), (7, 10)], 2: [(1, 4), (4, 8), (8, 9)], 4: [(1, 5), (5, 8)], 3: [(1, 3), (3, 2), (2, 8), (8, 6)]}, padri: [2, 2, 2], figli: [4], mosse: [(3, 3, 2, 8, 4), (3, 3, 8, 6, 5), (3, 3, 6, 8)]
4 -> costo: 71179.2, rotte: {5: [(1, 6), (6, 7), (7, 10)], 2: [(1, 4), (4, 8), (8, 9)], 4: [(1, 5), (5, 8)], 3: [(1, 6), (6, 3), (3, 2), (2, 8)]}, padri: [3], figli: [], mosse: [(3, 3, 1, 6, 5)]
5 -> costo: 71951.20000000001, rotte: {5: [(1, 6), (6, 7), (7, 10)], 2: [(1, 4), (4, 8), (8, 9)], 4: [(1, 5), (5, 8)], 3: [(1, 8), (8, 3), (3, 2), (2, 6)]}, padri: [2], figli: [6], mosse: [(3, 3, 1, 8, 4)]
6 -> costo: 71480.79999999999, rotte: {5: [(1, 6), (6, 7), (7, 10)], 2: [(1, 4), (4, 8), (8, 9)], 4: [(1, 5), (5, 8)], 3: [(1, 6), (6, 8), (8, 3), (3, 2)]}, padri: [5], figli: [7, 7], mosse: [(3, 3, 1, 6, 5)]
7 -> costo: 71168.19999999998, rotte: {5: [(1, 6), (6, 7), (7, 10)], 2: [(1, 4), (4, 8), (8, 9)], 4: [(1, 5), (5, 8)], 3: [(1, 6), (6, 8), (8, 2), (2, 3)]}, padri: [6, 6], figli: [], mosse: [(3, 3, 3, 2), (3, 3, 8, 2, 3)]
bestSolutionIndice: 7
7 -> costo: 71168.19999999998, rotte: {5: [(1, 6), (6, 7), (7, 10)], 2: [(1, 4), (4, 8), (8, 9)], 4: [(1, 5), (5, 8)], 3: [(1, 6), (6, 8), (8, 2), (2, 3)]}, padri: [6, 6], figli: [], mosse: [(3, 3, 3, 2), (3, 3, 8, 2, 3)]
trasportoPalletDiGamma: {5: [(6, 8), (7, 15), (10, 2)], 2: [(4, 8), (8, 6), (9, 1)], 4: [(5, 11), (8, 9)], 3: [(6, 5), (8, 4), (2, 3), (3, 6)]}
itMosseLS: 10, itMosseTS: 5
time elapsed: 36.84s.


##########################################################################################
s: 1
dictSolutions[1]:
0 -> costo: 76989.29999999999, rotte: {4: [(1, 8), (8, 9)], 3: [(1, 6), (6, 2), (2, 5)], 2: [(1, 4), (4, 3), (3, 5)], 5: [(1, 7), (7, 10), (10, 5)]}, padri: [-1], figli: [1], mosse: [-1]
1 -> costo: 71894.9, rotte: {4: [(1, 8), (8, 9)], 3: [(1, 6), (6, 2), (2, 5)], 2: [(1, 4), (4, 3), (3, 5)], 5: [(1, 5), (5, 7), (7, 10)]}, padri: [0], figli: [2], mosse: [(5, 5, 1, 5, 6)]
2 -> costo: 70850.5, rotte: {4: [(1, 8), (8, 9)], 3: [(1, 5), (5, 6), (6, 2)], 2: [(1, 4), (4, 3), (3, 5)], 5: [(1, 5), (5, 7), (7, 10)]}, padri: [1], figli: [3, 4, 4, 4, 5, 5, 5], mosse: [(3, 3, 1, 5, 4)]
3 -> costo: 70149.5, rotte: {4: [(1, 8), (8, 9)], 3: [(1, 5), (5, 6), (6, 2)], 2: [(1, 5), (5, 4), (4, 3)], 5: [(1, 5), (5, 7), (7, 10)]}, padri: [2, 4], figli: [], mosse: [(2, 2, 1, 5, 1), (2, 2, 5, 4, 8)]
4 -> costo: 70361.29999999999, rotte: {4: [(1, 8), (8, 9)], 3: [(1, 5), (5, 6), (6, 2)], 2: [(1, 4), (4, 5), (5, 3)], 5: [(1, 5), (5, 7), (7, 10)]}, padri: [2, 2, 2, 5], figli: [3], mosse: [(2, 2, 3, 5), (2, 2, 4, 5, 1), (2, 2, 5, 3, 6), (2, 2, 5, 3, 6)]
5 -> costo: 70842.9, rotte: {4: [(1, 8), (8, 9)], 3: [(1, 5), (5, 6), (6, 2)], 2: [(1, 3), (3, 4), (4, 5)], 5: [(1, 5), (5, 7), (7, 10)]}, padri: [2], figli: [4], mosse: [(2, 2, 3, 4, 8)]
bestSolutionIndice: 3
3 -> costo: 70149.5, rotte: {4: [(1, 8), (8, 9)], 3: [(1, 5), (5, 6), (6, 2)], 2: [(1, 5), (5, 4), (4, 3)], 5: [(1, 5), (5, 7), (7, 10)]}, padri: [2, 4], figli: [], mosse: [(2, 2, 1, 5, 1), (2, 2, 5, 4, 8)]
trasportoPalletDiGamma: {4: [(8, 19), (9, 1)], 3: [(5, 4), (6, 13), (2, 3)], 2: [(5, 1), (4, 8), (3, 6)], 5: [(5, 6), (7, 15), (10, 2)]}
itMosseLS: 9, itMosseTS: 5
time elapsed: 36.21s.


##########################################################################################
s: 1
dictSolutions[1]:
0 -> costo: 80383.99999999999, rotte: {2: [(1, 2), (2, 6)], 4: [(1, 7), (7, 8)], 5: [(1, 5), (5, 4), (4, 9), (9, 8)], 3: [(1, 10), (10, 3), (3, 6), (6, 8)]}, padri: [-1], figli: [1], mosse: [-1]
1 -> costo: 76947.59999999999, rotte: {2: [(1, 2), (2, 6)], 4: [(1, 7), (7, 8)], 5: [(1, 5), (5, 8), (8, 4), (4, 9)], 3: [(1, 10), (10, 3), (3, 6), (6, 8)]}, padri: [0], figli: [2], mosse: [(5, 5, 5, 8, 5)]
2 -> costo: 73696.09999999999, rotte: {2: [(1, 2), (2, 6)], 4: [(1, 7), (7, 8)], 5: [(1, 5), (5, 8), (8, 4), (4, 9)], 3: [(1, 3), (3, 6), (6, 8), (8, 10)]}, padri: [1], figli: [3], mosse: [(3, 3, 8, 10, 2)]
3 -> costo: 72399.4, rotte: {2: [(1, 2), (2, 6)], 4: [(1, 7), (7, 8)], 5: [(1, 5), (5, 4), (4, 8), (8, 9)], 3: [(1, 3), (3, 6), (6, 8), (8, 10)]}, padri: [2], figli: [4], mosse: [(5, 5, 4, 8, 5)]
4 -> costo: 71755.3, rotte: {2: [(1, 2), (2, 6)], 4: [(1, 7), (7, 8)], 5: [(1, 5), (5, 4), (4, 8), (8, 9)], 3: [(1, 6), (6, 3), (3, 8), (8, 10)]}, padri: [3], figli: [5, 5, 5], mosse: [(3, 3, 6, 3, 6)]
5 -> costo: 71217.8, rotte: {2: [(1, 6), (6, 2)], 4: [(1, 7), (7, 8)], 5: [(1, 5), (5, 4), (4, 8), (8, 9)], 3: [(1, 6), (6, 3), (3, 8), (8, 10)]}, padri: [4, 4, 4], figli: [6, 6, 6], mosse: [(2, 2, 1, 6, 12), (2, 2, 6, 2, 3), (2, 2, 2, 6)]
6 -> costo: 71110.5, rotte: {2: [(1, 6), (6, 2)], 4: [(1, 8), (8, 7)], 5: [(1, 5), (5, 4), (4, 8), (8, 9)], 3: [(1, 6), (6, 3), (3, 8), (8, 10)]}, padri: [5, 5, 5], figli: [], mosse: [(4, 4, 1, 8, 5), (4, 4, 8, 7, 15), (4, 4, 7, 8)]
bestSolutionIndice: 6
6 -> costo: 71110.5, rotte: {2: [(1, 6), (6, 2)], 4: [(1, 8), (8, 7)], 5: [(1, 5), (5, 4), (4, 8), (8, 9)], 3: [(1, 6), (6, 3), (3, 8), (8, 10)]}, padri: [5, 5, 5], figli: [], mosse: [(4, 4, 1, 8, 5), (4, 4, 8, 7, 15), (4, 4, 7, 8)]
trasportoPalletDiGamma: {2: [(6, 12), (2, 3)], 4: [(8, 5), (7, 15)], 5: [(5, 11), (4, 8), (8, 5), (9, 1)], 3: [(6, 1), (3, 6), (8, 9), (10, 2)]}
itMosseLS: 10, itMosseTS: 5
time elapsed: 43.81s.


##########################################################################################
s: 1
dictSolutions[1]:
0 -> costo: 82696.2, rotte: {3: [(1, 7), (7, 4)], 4: [(1, 3), (3, 8)], 2: [(1, 5), (5, 2), (2, 10)], 5: [(1, 6), (6, 9), (9, 4), (4, 8), (8, 10)]}, padri: [-1], figli: [1], mosse: [-1]
1 -> costo: 70823.40000000001, rotte: {3: [(1, 7), (7, 4)], 4: [(1, 3), (3, 8)], 2: [(1, 5), (5, 2), (2, 10)], 5: [(1, 6), (6, 4), (4, 8), (8, 10), (10, 9)]}, padri: [0], figli: [2], mosse: [(5, 5, 10, 9, 1)]
2 -> costo: 64618.1, rotte: {3: [(1, 7), (7, 4)], 4: [(1, 3), (3, 8)], 2: [(1, 5), (5, 2)], 5: [(1, 6), (6, 4), (4, 8), (8, 10), (10, 9)]}, padri: [1], figli: [3, 3, 3], mosse: [(5, 2, 1, 10, 1)]
3 -> costo: 63886.6, rotte: {3: [(1, 4), (4, 7)], 4: [(1, 3), (3, 8)], 2: [(1, 5), (5, 2)], 5: [(1, 6), (6, 4), (4, 8), (8, 10), (10, 9)]}, padri: [2, 2, 2], figli: [4, 4, 4], mosse: [(3, 3, 7, 4), (3, 3, 1, 4, 5), (3, 3, 4, 7, 15)]
4 -> costo: 63765.0, rotte: {3: [(1, 4), (4, 7)], 4: [(1, 8), (8, 3)], 2: [(1, 5), (5, 2)], 5: [(1, 6), (6, 4), (4, 8), (8, 10), (10, 9)]}, padri: [3, 3, 3], figli: [], mosse: [(4, 4, 1, 8, 14), (4, 4, 8, 3, 6), (4, 4, 3, 8)]
bestSolutionIndice: 4
4 -> costo: 63765.0, rotte: {3: [(1, 4), (4, 7)], 4: [(1, 8), (8, 3)], 2: [(1, 5), (5, 2)], 5: [(1, 6), (6, 4), (4, 8), (8, 10), (10, 9)]}, padri: [3, 3, 3], figli: [], mosse: [(4, 4, 1, 8, 14), (4, 4, 8, 3, 6), (4, 4, 3, 8)]
trasportoPalletDiGamma: {3: [(4, 5), (7, 15)], 4: [(8, 14), (3, 6)], 2: [(5, 11), (2, 3)], 5: [(6, 13), (4, 3), (8, 5), (10, 2), (9, 1)]}
itMosseLS: 8, itMosseTS: 5
time elapsed: 20.55s.


##########################################################################################
s: 1
dictSolutions[1]:
0 -> costo: 76862.4, rotte: {4: [(1, 3), (3, 2), (2, 5)], 5: [(1, 7), (7, 10), (10, 4)], 3: [(1, 8), (8, 4)], 2: [(1, 6), (6, 9)]}, padri: [-1], figli: [1], mosse: [-1]
1 -> costo: 71723.59999999999, rotte: {4: [(1, 3), (3, 2), (2, 5)], 5: [(1, 4), (4, 7), (7, 10)], 3: [(1, 8), (8, 4)], 2: [(1, 6), (6, 9)]}, padri: [0], figli: [2], mosse: [(5, 5, 1, 4, 7)]
2 -> costo: 70981.59999999999, rotte: {4: [(1, 5), (5, 3), (3, 2)], 5: [(1, 4), (4, 7), (7, 10)], 3: [(1, 8), (8, 4)], 2: [(1, 6), (6, 9)]}, padri: [1], figli: [3, 3, 3, 4, 4, 4], mosse: [(4, 4, 1, 5, 11)]
3 -> costo: 70240.5, rotte: {4: [(1, 5), (5, 3), (3, 2)], 5: [(1, 4), (4, 7), (7, 10)], 3: [(1, 8)], 2: [(1, 6), (6, 9)]}, padri: [2, 2, 2, 4, 4, 4], figli: [], mosse: [(5, 3, 1, 4, 1), (5, 3, 7, 4, 1), (5, 3, 10, 4, 1), (5, 3, 1, 4, 1), (5, 3, 7, 4, 1), (5, 3, 10, 4, 1)]
4 -> costo: 70365.4, rotte: {4: [(1, 5), (5, 3), (3, 2)], 5: [(1, 4), (4, 7), (7, 10)], 3: [(1, 4), (4, 8)], 2: [(1, 6), (6, 9)]}, padri: [2], figli: [3, 3, 3], mosse: [(3, 3, 1, 4, 1)]
bestSolutionIndice: 3
3 -> costo: 70240.5, rotte: {4: [(1, 5), (5, 3), (3, 2)], 5: [(1, 4), (4, 7), (7, 10)], 3: [(1, 8)], 2: [(1, 6), (6, 9)]}, padri: [2, 2, 2, 4, 4, 4], figli: [], mosse: [(5, 3, 1, 4, 1), (5, 3, 7, 4, 1), (5, 3, 10, 4, 1), (5, 3, 1, 4, 1), (5, 3, 7, 4, 1), (5, 3, 10, 4, 1)]
trasportoPalletDiGamma: {4: [(5, 11), (3, 6), (2, 3)], 5: [(4, 8), (7, 15), (10, 2)], 3: [(8, 19)], 2: [(6, 13), (9, 1)]}
itMosseLS: 9, itMosseTS: 5
time elapsed: 29.07s.


##########################################################################################
s: 1
dictSolutions[1]:
0 -> costo: 79062.0, rotte: {5: [(1, 6), (6, 4), (4, 8)], 3: [(1, 2), (2, 3), (3, 8)], 2: [(1, 9), (9, 5), (5, 8)], 4: [(1, 10), (10, 7), (7, 8)]}, padri: [-1], figli: [1], mosse: [-1]
1 -> costo: 69264.79999999999, rotte: {5: [(1, 6), (6, 4), (4, 8)], 3: [(1, 2), (2, 3), (3, 8)], 2: [(1, 5), (5, 8)], 4: [(1, 9), (9, 10), (10, 7), (7, 8)]}, padri: [0], figli: [2], mosse: [(4, 2, 1, 9, 1)]
2 -> costo: 68148.3, rotte: {5: [(1, 6), (6, 4), (4, 8)], 3: [(1, 2), (2, 3), (3, 8)], 2: [(1, 5), (5, 8)], 4: [(1, 9), (9, 10), (10, 8), (8, 7)]}, padri: [1], figli: [3, 4, 5], mosse: [(4, 4, 10, 8, 1)]
3 -> costo: 67665.5, rotte: {5: [(1, 6), (6, 4), (4, 8)], 3: [(1, 8), (8, 2), (2, 3)], 2: [(1, 5), (5, 8)], 4: [(1, 9), (9, 10), (10, 8), (8, 7)]}, padri: [2, 5], figli: [], mosse: [(3, 3, 1, 8, 11), (3, 3, 2, 3, 6)]
4 -> costo: 67787.1, rotte: {5: [(1, 6), (6, 4), (4, 8)], 3: [(1, 3), (3, 2), (2, 8)], 2: [(1, 5), (5, 8)], 4: [(1, 9), (9, 10), (10, 8), (8, 7)]}, padri: [2, 5, 5, 5], figli: [], mosse: [(3, 3, 3, 2, 3), (3, 3, 3, 2, 3), (3, 3, 2, 8, 11), (3, 3, 8, 2)]
5 -> costo: 68035.0, rotte: {5: [(1, 6), (6, 4), (4, 8)], 3: [(1, 3), (3, 8), (8, 2)], 2: [(1, 5), (5, 8)], 4: [(1, 9), (9, 10), (10, 8), (8, 7)]}, padri: [2], figli: [3, 4, 4, 4], mosse: [(3, 3, 8, 2, 3)]
bestSolutionIndice: 3
3 -> costo: 67665.5, rotte: {5: [(1, 6), (6, 4), (4, 8)], 3: [(1, 8), (8, 2), (2, 3)], 2: [(1, 5), (5, 8)], 4: [(1, 9), (9, 10), (10, 8), (8, 7)]}, padri: [2, 5], figli: [], mosse: [(3, 3, 1, 8, 11), (3, 3, 2, 3, 6)]
trasportoPalletDiGamma: {5: [(6, 13), (4, 8), (8, 4)], 3: [(8, 11), (2, 3), (3, 6)], 2: [(5, 11), (8, 3)], 4: [(9, 1), (10, 2), (8, 1), (7, 15)]}
itMosseLS: 9, itMosseTS: 5
time elapsed: 30.77s.


##########################################################################################
s: 1
dictSolutions[1]:
0 -> costo: 80188.6, rotte: {3: [(1, 10), (10, 4), (4, 2), (2, 7)], 4: [(1, 9), (9, 6), (6, 7)], 5: [(1, 3), (3, 5), (5, 8), (8, 7)], 2: [(1, 8)]}, padri: [-1], figli: [1], mosse: [-1]
1 -> costo: 77237.20000000001, rotte: {3: [(1, 10), (10, 4), (4, 2), (2, 7)], 4: [(1, 6), (6, 7), (7, 9)], 5: [(1, 3), (3, 5), (5, 8), (8, 7)], 2: [(1, 8)]}, padri: [0], figli: [2], mosse: [(4, 4, 7, 9, 1)]
2 -> costo: 74520.8, rotte: {3: [(1, 4), (4, 2), (2, 7), (7, 10)], 4: [(1, 6), (6, 7), (7, 9)], 5: [(1, 3), (3, 5), (5, 8), (8, 7)], 2: [(1, 8)]}, padri: [1], figli: [3, 5], mosse: [(3, 3, 7, 10, 2)]
3 -> costo: 72792.20000000001, rotte: {3: [(1, 4), (4, 2), (2, 7), (7, 10)], 4: [(1, 6), (6, 7), (7, 9)], 5: [(1, 5), (5, 8), (8, 3), (3, 7)], 2: [(1, 8)]}, padri: [2], figli: [4, 7], mosse: [(5, 5, 8, 3, 6)]
4 -> costo: 72058.00000000001, rotte: {3: [(1, 4), (4, 7), (7, 2), (2, 10)], 4: [(1, 6), (6, 7), (7, 9)], 5: [(1, 5), (5, 8), (8, 3), (3, 7)], 2: [(1, 8)]}, padri: [3, 6, 6, 6], figli: [], mosse: [(3, 3, 7, 2, 3), (5, 5, 7, 3), (5, 5, 8, 3, 6), (5, 5, 3, 7, 2)]
5 -> costo: 73106.20000000001, rotte: {3: [(1, 4), (4, 2), (2, 7), (7, 10)], 4: [(1, 6), (6, 7), (7, 9)], 5: [(1, 5), (5, 8), (8, 7), (7, 3)], 2: [(1, 8)]}, padri: [2], figli: [6], mosse: [(5, 5, 7, 3, 6)]
6 -> costo: 72372.00000000001, rotte: {3: [(1, 4), (4, 7), (7, 2), (2, 10)], 4: [(1, 6), (6, 7), (7, 9)], 5: [(1, 5), (5, 8), (8, 7), (7, 3)], 2: [(1, 8)]}, padri: [5], figli: [4, 4, 4, 7, 7, 7], mosse: [(3, 3, 7, 2, 3)]
7 -> costo: 72136.8, rotte: {3: [(1, 4), (4, 7), (7, 2), (2, 10)], 4: [(1, 6), (6, 7), (7, 9)], 5: [(1, 5), (5, 7), (7, 3), (3, 8)], 2: [(1, 8)]}, padri: [6], figli: [], mosse: [(5, 5, 3, 8, 4)]
bestSolutionIndice: 4
4 -> costo: 72058.00000000001, rotte: {3: [(1, 4), (4, 7), (7, 2), (2, 10)], 4: [(1, 6), (6, 7), (7, 9)], 5: [(1, 5), (5, 8), (8, 3), (3, 7)], 2: [(1, 8)]}, padri: [3, 6, 6, 6], figli: [], mosse: [(3, 3, 7, 2, 3), (5, 5, 7, 3), (5, 5, 8, 3, 6), (5, 5, 3, 7, 2)]
trasportoPalletDiGamma: {3: [(4, 8), (7, 7), (2, 3), (10, 2)], 4: [(6, 13), (7, 6), (9, 1)], 5: [(5, 11), (8, 4), (3, 6), (7, 2)], 2: [(8, 15)]}
itMosseLS: 10, itMosseTS: 5
time elapsed: 38.27s.


##########################################################################################
s: 1
dictSolutions[1]:
0 -> costo: 81215.0, rotte: {3: [(1, 7), (7, 9), (9, 3)], 5: [(1, 5), (5, 10), (10, 8), (8, 4), (4, 3)], 2: [(1, 2), (2, 8)], 4: [(1, 6), (6, 4)]}, padri: [-1], figli: [1], mosse: [-1]
1 -> costo: 75653.09999999999, rotte: {3: [(1, 7), (7, 3), (3, 9)], 5: [(1, 5), (5, 10), (10, 8), (8, 4), (4, 3)], 2: [(1, 2), (2, 8)], 4: [(1, 6), (6, 4)]}, padri: [0], figli: [2], mosse: [(3, 3, 7, 3, 4)]
2 -> costo: 71959.4, rotte: {3: [(1, 7), (7, 3), (3, 9)], 5: [(1, 5), (5, 8), (8, 4), (4, 3), (3, 10)], 2: [(1, 2), (2, 8)], 4: [(1, 6), (6, 4)]}, padri: [1], figli: [3], mosse: [(5, 5, 3, 10, 2)]
3 -> costo: 70608.49999999999, rotte: {3: [(1, 7), (7, 3), (3, 9)], 5: [(1, 5), (5, 4), (4, 3), (3, 8), (8, 10)], 2: [(1, 2), (2, 8)], 4: [(1, 6), (6, 4)]}, padri: [2], figli: [4, 4, 6, 6], mosse: [(5, 5, 3, 8, 7)]
4 -> costo: 70355.09999999999, rotte: {3: [(1, 7), (7, 3), (3, 9)], 5: [(1, 5), (5, 4), (4, 3), (3, 8), (8, 10)], 2: [(1, 2), (2, 8)], 4: [(1, 4), (4, 6)]}, padri: [3, 3], figli: [5, 5, 5], mosse: [(4, 4, 1, 4, 7), (4, 4, 4, 6, 13)]
5 -> costo: 70184.9, rotte: {3: [(1, 7), (7, 3), (3, 9)], 5: [(1, 5), (5, 4), (4, 3), (3, 8), (8, 10)], 2: [(1, 8), (8, 2)], 4: [(1, 4), (4, 6)]}, padri: [4, 4, 4, 6], figli: [], mosse: [(2, 2, 1, 8, 12), (2, 2, 8, 2, 3), (2, 2, 2, 8), (4, 4, 1, 4, 7)]
6 -> costo: 70438.29999999999, rotte: {3: [(1, 7), (7, 3), (3, 9)], 5: [(1, 5), (5, 4), (4, 3), (3, 8), (8, 10)], 2: [(1, 8), (8, 2)], 4: [(1, 6), (6, 4)]}, padri: [3], figli: [5], mosse: [(2, 2, 1, 8, 12)]
bestSolutionIndice: 5
5 -> costo: 70184.9, rotte: {3: [(1, 7), (7, 3), (3, 9)], 5: [(1, 5), (5, 4), (4, 3), (3, 8), (8, 10)], 2: [(1, 8), (8, 2)], 4: [(1, 4), (4, 6)]}, padri: [4, 4, 4, 6], figli: [], mosse: [(2, 2, 1, 8, 12), (2, 2, 8, 2, 3), (2, 2, 2, 8), (4, 4, 1, 4, 7)]
trasportoPalletDiGamma: {3: [(7, 15), (3, 4), (9, 1)], 5: [(5, 11), (4, 1), (3, 2), (8, 7), (10, 2)], 2: [(8, 12), (2, 3)], 4: [(4, 7), (6, 13)]}
itMosseLS: 10, itMosseTS: 5
time elapsed: 24.58s.


##########################################################################################
s: 1
dictSolutions[1]:
0 -> costo: 80187.2, rotte: {5: [(1, 8), (8, 2), (2, 5)], 2: [(1, 10), (10, 3), (3, 6)], 3: [(1, 7), (7, 6)], 4: [(1, 4), (4, 9), (9, 5), (5, 6)]}, padri: [-1], figli: [1], mosse: [-1]
1 -> costo: 71185.09999999999, rotte: {5: [(1, 8), (8, 2), (2, 5)], 2: [(1, 3), (3, 6)], 3: [(1, 7), (7, 6)], 4: [(1, 4), (4, 9), (9, 10), (10, 5), (5, 6)]}, padri: [0], figli: [2], mosse: [(4, 2, 9, 10, 2)]
2 -> costo: 69229.09999999999, rotte: {5: [(1, 8), (8, 2), (2, 5)], 2: [(1, 3), (3, 6)], 3: [(1, 7), (7, 6)], 4: [(1, 9), (9, 10), (10, 4), (4, 5), (5, 6)]}, padri: [1], figli: [3], mosse: [(4, 4, 10, 4, 8)]
3 -> costo: 68508.0, rotte: {5: [(1, 5), (5, 8), (8, 2)], 2: [(1, 3), (3, 6)], 3: [(1, 7), (7, 6)], 4: [(1, 9), (9, 10), (10, 4), (4, 5), (5, 6)]}, padri: [2], figli: [4], mosse: [(5, 5, 1, 5, 3)]
4 -> costo: 68019.09999999999, rotte: {5: [(1, 5), (5, 8), (8, 2)], 2: [(1, 6), (6, 3)], 3: [(1, 7), (7, 6)], 4: [(1, 9), (9, 10), (10, 4), (4, 5), (5, 6)]}, padri: [3], figli: [5], mosse: [(2, 2, 1, 6, 7)]
5 -> costo: 67544.5, rotte: {5: [(1, 5), (5, 8), (8, 2)], 2: [(1, 6), (6, 3)], 3: [(1, 6), (6, 7)], 4: [(1, 9), (9, 10), (10, 4), (4, 5), (5, 6)]}, padri: [4], figli: [6, 6, 7, 7, 7], mosse: [(3, 3, 7, 6)]
6 -> costo: 67288.8, rotte: {5: [(1, 5), (5, 8), (8, 2)], 2: [(1, 6), (6, 3)], 3: [(1, 6), (6, 7)], 4: [(1, 9), (9, 10), (10, 4), (4, 5)]}, padri: [5, 5, 7, 7], figli: [], mosse: [(2, 4, 1, 6, 1), (2, 4, 3, 6, 1), (2, 4, 1, 6, 1), (2, 4, 3, 6, 1)]
7 -> costo: 67445.3, rotte: {5: [(1, 5), (5, 8), (8, 2)], 2: [(1, 6), (6, 3)], 3: [(1, 6), (6, 7)], 4: [(1, 9), (9, 10), (10, 4), (4, 6), (6, 5)]}, padri: [5, 5], figli: [6, 6], mosse: [(4, 4, 4, 6, 1), (4, 4, 6, 5, 8)]
bestSolutionIndice: 6
6 -> costo: 67288.8, rotte: {5: [(1, 5), (5, 8), (8, 2)], 2: [(1, 6), (6, 3)], 3: [(1, 6), (6, 7)], 4: [(1, 9), (9, 10), (10, 4), (4, 5)]}, padri: [5, 5, 7, 7], figli: [], mosse: [(2, 4, 1, 6, 1), (2, 4, 3, 6, 1), (2, 4, 1, 6, 1), (2, 4, 3, 6, 1)]
trasportoPalletDiGamma: {5: [(5, 3), (8, 19), (2, 3)], 2: [(6, 8), (3, 6)], 3: [(6, 5), (7, 15)], 4: [(9, 1), (10, 2), (4, 8), (5, 8)]}
itMosseLS: 11, itMosseTS: 5
time elapsed: 27.10s.


##########################################################################################
s: 1
dictSolutions[1]:
0 -> costo: 79091.19999999998, rotte: {3: [(1, 8), (8, 3)], 5: [(1, 5), (5, 2), (2, 9), (9, 7), (7, 3)], 2: [(1, 10), (10, 6)], 4: [(1, 4), (4, 7)]}, padri: [-1], figli: [1], mosse: [-1]
1 -> costo: 69505.79999999999, rotte: {3: [(1, 8), (8, 3)], 5: [(1, 5), (5, 2), (2, 10), (10, 9), (9, 7), (7, 3)], 2: [(1, 6)], 4: [(1, 4), (4, 7)]}, padri: [0], figli: [2], mosse: [(5, 2, 2, 10, 2)]
2 -> costo: 69056.3, rotte: {3: [(1, 8), (8, 3)], 5: [(1, 5), (5, 10), (10, 9), (9, 2), (2, 7), (7, 3)], 2: [(1, 6)], 4: [(1, 4), (4, 7)]}, padri: [1], figli: [3, 5, 6, 7], mosse: [(5, 5, 9, 2, 3)]
3 -> costo: 67801.3, rotte: {3: [(1, 8), (8, 3)], 5: [(1, 10), (10, 9), (9, 2), (2, 7), (7, 3), (3, 5)], 2: [(1, 6)], 4: [(1, 4), (4, 7)]}, padri: [2, 5], figli: [4], mosse: [(5, 5, 3, 5, 11), (5, 5, 3, 5, 11)]
4 -> costo: 67474.20000000001, rotte: {3: [(1, 8), (8, 3)], 5: [(1, 10), (10, 9), (9, 2), (2, 3), (3, 7), (7, 5)], 2: [(1, 6)], 4: [(1, 4), (4, 7)]}, padri: [3], figli: [], mosse: [(5, 5, 3, 7, 3)]
5 -> costo: 68020.6, rotte: {3: [(1, 8), (8, 3)], 5: [(1, 10), (10, 9), (9, 2), (2, 5), (5, 7), (7, 3)], 2: [(1, 6)], 4: [(1, 4), (4, 7)]}, padri: [2], figli: [3, 6], mosse: [(5, 5, 2, 5, 11)]
6 -> costo: 67914.9, rotte: {3: [(1, 8), (8, 3)], 5: [(1, 10), (10, 9), (9, 5), (5, 7), (7, 3), (3, 2)], 2: [(1, 6)], 4: [(1, 4), (4, 7)]}, padri: [5, 7], figli: [], mosse: [(5, 5, 3, 2, 3), (5, 5, 3, 2, 3)]
7 -> costo: 68299.4, rotte: {3: [(1, 8), (8, 3)], 5: [(1, 10), (10, 9), (9, 5), (5, 2), (2, 7), (7, 3)], 2: [(1, 6)], 4: [(1, 4), (4, 7)]}, padri: [2], figli: [6], mosse: [(5, 5, 9, 5, 11)]
bestSolutionIndice: 4
4 -> costo: 67474.20000000001, rotte: {3: [(1, 8), (8, 3)], 5: [(1, 10), (10, 9), (9, 2), (2, 3), (3, 7), (7, 5)], 2: [(1, 6)], 4: [(1, 4), (4, 7)]}, padri: [3], figli: [], mosse: [(5, 5, 3, 7, 3)]
trasportoPalletDiGamma: {3: [(8, 19), (3, 1)], 5: [(10, 2), (9, 1), (2, 3), (3, 5), (7, 3), (5, 11)], 2: [(6, 13)], 4: [(4, 8), (7, 12)]}
itMosseLS: 9, itMosseTS: 5
time elapsed: 28.27s.


##########################################################################################
s: 1
dictSolutions[1]:
0 -> costo: 86555.70000000001, rotte: {5: [(1, 6), (6, 9), (9, 3), (3, 10), (10, 8)], 4: [(1, 5), (5, 4), (4, 10)], 3: [(1, 7), (7, 2), (2, 8)], 2: [(1, 8)]}, padri: [-1], figli: [1], mosse: [-1]
1 -> costo: 75450.3, rotte: {5: [(1, 6), (6, 9), (9, 10), (10, 8), (8, 3)], 4: [(1, 5), (5, 4), (4, 10)], 3: [(1, 7), (7, 2), (2, 8)], 2: [(1, 8)]}, padri: [0], figli: [2], mosse: [(5, 5, 8, 3, 6)]
2 -> costo: 69047.7, rotte: {5: [(1, 6), (6, 9), (9, 10), (10, 8), (8, 3)], 4: [(1, 5), (5, 4)], 3: [(1, 7), (7, 2), (2, 8)], 2: [(1, 8)]}, padri: [1], figli: [3, 5], mosse: [(5, 4, 1, 10, 1)]
3 -> costo: 67498.5, rotte: {5: [(1, 9), (9, 10), (10, 8), (8, 3), (3, 6)], 4: [(1, 5), (5, 4)], 3: [(1, 7), (7, 2), (2, 8)], 2: [(1, 8)]}, padri: [2, 5, 5], figli: [4, 4, 4], mosse: [(5, 5, 3, 6, 13), (5, 5, 8, 3, 6), (5, 5, 3, 6, 13)]
4 -> costo: 67454.1, rotte: {5: [(1, 9), (9, 10), (10, 8), (8, 3), (3, 6)], 4: [(1, 4), (4, 5)], 3: [(1, 7), (7, 2), (2, 8)], 2: [(1, 8)]}, padri: [3, 3, 3], figli: [], mosse: [(4, 4, 1, 4, 8), (4, 4, 4, 5, 11), (4, 4, 5, 4)]
5 -> costo: 67649.2, rotte: {5: [(1, 9), (9, 10), (10, 8), (8, 6), (6, 3)], 4: [(1, 5), (5, 4)], 3: [(1, 7), (7, 2), (2, 8)], 2: [(1, 8)]}, padri: [2], figli: [3, 3], mosse: [(5, 5, 8, 6, 13)]
bestSolutionIndice: 4
4 -> costo: 67454.1, rotte: {5: [(1, 9), (9, 10), (10, 8), (8, 3), (3, 6)], 4: [(1, 4), (4, 5)], 3: [(1, 7), (7, 2), (2, 8)], 2: [(1, 8)]}, padri: [3, 3, 3], figli: [], mosse: [(4, 4, 1, 4, 8), (4, 4, 4, 5, 11), (4, 4, 5, 4)]
trasportoPalletDiGamma: {5: [(9, 1), (10, 2), (8, 2), (3, 6), (6, 13)], 4: [(4, 8), (5, 11)], 3: [(7, 15), (2, 3), (8, 2)], 2: [(8, 15)]}
itMosseLS: 9, itMosseTS: 5
time elapsed: 26.66s.


##########################################################################################
s: 1
dictSolutions[1]:
0 -> costo: 76727.80000000002, rotte: {4: [(1, 2), (2, 7), (7, 9)], 2: [(1, 5), (5, 8)], 3: [(1, 3), (3, 4), (4, 8)], 5: [(1, 6), (6, 10), (10, 8)]}, padri: [-1], figli: [1], mosse: [-1]
1 -> costo: 73497.90000000001, rotte: {4: [(1, 2), (2, 7), (7, 9)], 2: [(1, 5), (5, 8)], 3: [(1, 3), (3, 4), (4, 8)], 5: [(1, 8), (8, 6), (6, 10)]}, padri: [0], figli: [2], mosse: [(5, 5, 1, 8, 9)]
2 -> costo: 72229.70000000001, rotte: {4: [(1, 2), (2, 7), (7, 9)], 2: [(1, 5), (5, 8)], 3: [(1, 3), (3, 4), (4, 8)], 5: [(1, 6), (6, 8), (8, 10)]}, padri: [1], figli: [3, 5], mosse: [(5, 5, 6, 8, 9)]
3 -> costo: 71489.40000000001, rotte: {4: [(1, 2), (2, 7), (7, 9)], 2: [(1, 5), (5, 8)], 3: [(1, 4), (4, 8), (8, 3)], 5: [(1, 6), (6, 8), (8, 10)]}, padri: [2], figli: [4, 6, 7, 8], mosse: [(3, 3, 8, 3, 6)]
4 -> costo: 70762.8, rotte: {4: [(1, 7), (7, 2), (2, 9)], 2: [(1, 5), (5, 8)], 3: [(1, 4), (4, 8), (8, 3)], 5: [(1, 6), (6, 8), (8, 10)]}, padri: [3, 5, 6, 7], figli: [], mosse: [(4, 4, 7, 2, 3), (3, 3, 8, 3, 6), (3, 3, 1, 4, 8), (3, 3, 4, 8, 6)]
5 -> costo: 71503.1, rotte: {4: [(1, 7), (7, 2), (2, 9)], 2: [(1, 5), (5, 8)], 3: [(1, 3), (3, 4), (4, 8)], 5: [(1, 6), (6, 8), (8, 10)]}, padri: [2], figli: [4, 6, 7, 8], mosse: [(4, 4, 7, 2, 3)]
6 -> costo: 71479.70000000001, rotte: {4: [(1, 7), (7, 2), (2, 9)], 2: [(1, 5), (5, 8)], 3: [(1, 8), (8, 3), (3, 4)], 5: [(1, 6), (6, 8), (8, 10)]}, padri: [5], figli: [4, 7, 8], mosse: [(3, 3, 1, 8, 6)]
7 -> costo: 71381.5, rotte: {4: [(1, 7), (7, 2), (2, 9)], 2: [(1, 5), (5, 8)], 3: [(1, 8), (8, 4), (4, 3)], 5: [(1, 6), (6, 8), (8, 10)]}, padri: [6], figli: [4, 8], mosse: [(3, 3, 8, 4, 8)]
8 -> costo: 70863.5, rotte: {4: [(1, 7), (7, 2), (2, 9)], 2: [(1, 5), (5, 8)], 3: [(1, 4), (4, 3), (3, 8)], 5: [(1, 6), (6, 8), (8, 10)]}, padri: [7], figli: [], mosse: [(3, 3, 3, 8, 6)]
bestSolutionIndice: 4
4 -> costo: 70762.8, rotte: {4: [(1, 7), (7, 2), (2, 9)], 2: [(1, 5), (5, 8)], 3: [(1, 4), (4, 8), (8, 3)], 5: [(1, 6), (6, 8), (8, 10)]}, padri: [3, 5, 6, 7], figli: [], mosse: [(4, 4, 7, 2, 3), (3, 3, 8, 3, 6), (3, 3, 1, 4, 8), (3, 3, 4, 8, 6)]
trasportoPalletDiGamma: {4: [(7, 15), (2, 3), (9, 1)], 2: [(5, 11), (8, 4)], 3: [(4, 8), (8, 6), (3, 6)], 5: [(6, 13), (8, 9), (10, 2)]}
itMosseLS: 11, itMosseTS: 5
time elapsed: 36.18s.


##########################################################################################
s: 1
dictSolutions[1]:
0 -> costo: 78280.09999999999, rotte: {2: [(1, 6), (6, 10)], 4: [(1, 8), (8, 5)], 3: [(1, 3), (3, 9), (9, 5), (5, 7)], 5: [(1, 2), (2, 4), (4, 7)]}, padri: [-1], figli: [1], mosse: [-1]
1 -> costo: 73965.7, rotte: {2: [(1, 6), (6, 10)], 4: [(1, 8), (8, 5)], 3: [(1, 3), (3, 5), (5, 7), (7, 9)], 5: [(1, 2), (2, 4), (4, 7)]}, padri: [0], figli: [2], mosse: [(3, 3, 7, 9, 1)]
2 -> costo: 72237.09999999999, rotte: {2: [(1, 6), (6, 10)], 4: [(1, 8), (8, 5)], 3: [(1, 5), (5, 7), (7, 3), (3, 9)], 5: [(1, 2), (2, 4), (4, 7)]}, padri: [1], figli: [3], mosse: [(3, 3, 7, 3, 6)]
3 -> costo: 71335.29999999999, rotte: {2: [(1, 6), (6, 10)], 4: [(1, 8)], 3: [(1, 5), (5, 7), (7, 3), (3, 9)], 5: [(1, 2), (2, 4), (4, 7)]}, padri: [2], figli: [4, 5], mosse: [(3, 4, 1, 5, 1)]
4 -> costo: 70563.9, rotte: {2: [(1, 6), (6, 10)], 4: [(1, 8)], 3: [(1, 5), (5, 7), (7, 3), (3, 9)], 5: [(1, 4), (4, 7), (7, 2)]}, padri: [3, 5, 5, 5], figli: [], mosse: [(5, 5, 7, 2, 3), (5, 5, 4, 7, 14), (5, 5, 7, 2, 3), (5, 5, 2, 7)]
5 -> costo: 70634.4, rotte: {2: [(1, 6), (6, 10)], 4: [(1, 8)], 3: [(1, 5), (5, 7), (7, 3), (3, 9)], 5: [(1, 4), (4, 2), (2, 7)]}, padri: [3], figli: [4, 4, 4], mosse: [(5, 5, 4, 2, 3)]
bestSolutionIndice: 4
4 -> costo: 70563.9, rotte: {2: [(1, 6), (6, 10)], 4: [(1, 8)], 3: [(1, 5), (5, 7), (7, 3), (3, 9)], 5: [(1, 4), (4, 7), (7, 2)]}, padri: [3, 5, 5, 5], figli: [], mosse: [(5, 5, 7, 2, 3), (5, 5, 4, 7, 14), (5, 5, 7, 2, 3), (5, 5, 2, 7)]
trasportoPalletDiGamma: {2: [(6, 13), (10, 2)], 4: [(8, 19)], 3: [(5, 11), (7, 1), (3, 6), (9, 1)], 5: [(4, 8), (7, 14), (2, 3)]}
itMosseLS: 8, itMosseTS: 5
time elapsed: 30.35s.


##########################################################################################
s: 1
dictSolutions[1]:
0 -> costo: 72024.7, rotte: {3: [(1, 10), (10, 7), (7, 2)], 5: [(1, 6), (6, 5)], 2: [(1, 4), (4, 3)], 4: [(1, 8), (8, 9)]}, padri: [-1], figli: [1, 3, 5], mosse: [-1]
1 -> costo: 68899.59999999999, rotte: {3: [(1, 7), (7, 2), (2, 10)], 5: [(1, 6), (6, 5)], 2: [(1, 4), (4, 3)], 4: [(1, 8), (8, 9)]}, padri: [0, 4], figli: [2, 2, 2], mosse: [(3, 3, 2, 10, 2), (3, 3, 7, 2, 3)]
2 -> costo: 68690.59999999999, rotte: {3: [(1, 7), (7, 2), (2, 10)], 5: [(1, 5), (5, 6)], 2: [(1, 4), (4, 3)], 4: [(1, 8), (8, 9)]}, padri: [1, 1, 1, 5], figli: [], mosse: [(5, 5, 1, 5, 11), (5, 5, 5, 6, 13), (5, 5, 6, 5), (3, 3, 7, 2, 3)]
3 -> costo: 71362.9, rotte: {3: [(1, 10), (10, 2), (2, 7)], 5: [(1, 6), (6, 5)], 2: [(1, 4), (4, 3)], 4: [(1, 8), (8, 9)]}, padri: [0], figli: [4], mosse: [(3, 3, 7, 2)]
4 -> costo: 69626.2, rotte: {3: [(1, 2), (2, 7), (7, 10)], 5: [(1, 6), (6, 5)], 2: [(1, 4), (4, 3)], 4: [(1, 8), (8, 9)]}, padri: [3], figli: [1, 5], mosse: [(3, 3, 7, 10, 2)]
5 -> costo: 69417.2, rotte: {3: [(1, 2), (2, 7), (7, 10)], 5: [(1, 5), (5, 6)], 2: [(1, 4), (4, 3)], 4: [(1, 8), (8, 9)]}, padri: [4], figli: [2], mosse: [(5, 5, 1, 5, 11)]
bestSolutionIndice: 2
2 -> costo: 68690.59999999999, rotte: {3: [(1, 7), (7, 2), (2, 10)], 5: [(1, 5), (5, 6)], 2: [(1, 4), (4, 3)], 4: [(1, 8), (8, 9)]}, padri: [1, 1, 1, 5], figli: [], mosse: [(5, 5, 1, 5, 11), (5, 5, 5, 6, 13), (5, 5, 6, 5), (3, 3, 7, 2, 3)]
trasportoPalletDiGamma: {3: [(7, 15), (2, 3), (10, 2)], 5: [(5, 11), (6, 13)], 2: [(4, 8), (3, 6)], 4: [(8, 19), (9, 1)]}
itMosseLS: 9, itMosseTS: 5
time elapsed: 14.74s.


##########################################################################################
s: 1
dictSolutions[1]:
0 -> costo: 78876.6, rotte: {3: [(1, 5), (5, 9), (9, 4)], 5: [(1, 10), (10, 2), (2, 8), (8, 7)], 4: [(1, 6), (6, 8)], 2: [(1, 3), (3, 7)]}, padri: [-1], figli: [1], mosse: [-1]
1 -> costo: 73502.8, rotte: {3: [(1, 5), (5, 4), (4, 9)], 5: [(1, 10), (10, 2), (2, 8), (8, 7)], 4: [(1, 6), (6, 8)], 2: [(1, 3), (3, 7)]}, padri: [0], figli: [2], mosse: [(3, 3, 9, 4)]
2 -> costo: 71766.1, rotte: {3: [(1, 5), (5, 4), (4, 9)], 5: [(1, 2), (2, 8), (8, 7), (7, 10)], 4: [(1, 6), (6, 8)], 2: [(1, 3), (3, 7)]}, padri: [1], figli: [3], mosse: [(5, 5, 7, 10, 2)]
3 -> costo: 71026.4, rotte: {3: [(1, 5), (5, 4), (4, 9)], 5: [(1, 2), (2, 7), (7, 8), (8, 10)], 4: [(1, 6), (6, 8)], 2: [(1, 3), (3, 7)]}, padri: [2], figli: [4, 6], mosse: [(5, 5, 7, 8, 12)]
4 -> costo: 70336.9, rotte: {3: [(1, 5), (5, 4), (4, 9)], 5: [(1, 7), (7, 2), (2, 8), (8, 10)], 4: [(1, 6), (6, 8)], 2: [(1, 3), (3, 7)]}, padri: [3], figli: [5, 5, 5], mosse: [(5, 5, 7, 2, 3)]
5 -> costo: 70322.59999999999, rotte: {3: [(1, 5), (5, 4), (4, 9)], 5: [(1, 7), (7, 2), (2, 8), (8, 10)], 4: [(1, 6), (6, 8)], 2: [(1, 7), (7, 3)]}, padri: [4, 4, 4, 6], figli: [], mosse: [(2, 2, 3, 7), (2, 2, 1, 7, 9), (2, 2, 7, 3, 6), (5, 5, 7, 2, 3)]
6 -> costo: 71012.09999999999, rotte: {3: [(1, 5), (5, 4), (4, 9)], 5: [(1, 2), (2, 7), (7, 8), (8, 10)], 4: [(1, 6), (6, 8)], 2: [(1, 7), (7, 3)]}, padri: [3], figli: [5], mosse: [(2, 2, 3, 7)]
bestSolutionIndice: 5
5 -> costo: 70322.59999999999, rotte: {3: [(1, 5), (5, 4), (4, 9)], 5: [(1, 7), (7, 2), (2, 8), (8, 10)], 4: [(1, 6), (6, 8)], 2: [(1, 7), (7, 3)]}, padri: [4, 4, 4, 6], figli: [], mosse: [(2, 2, 3, 7), (2, 2, 1, 7, 9), (2, 2, 7, 3, 6), (5, 5, 7, 2, 3)]
trasportoPalletDiGamma: {3: [(5, 11), (4, 8), (9, 1)], 5: [(7, 6), (2, 3), (8, 12), (10, 2)], 4: [(6, 13), (8, 7)], 2: [(7, 9), (3, 6)]}
itMosseLS: 9, itMosseTS: 5
time elapsed: 22.87s.


##########################################################################################
s: 1
dictSolutions[1]:
0 -> costo: 79667.40000000001, rotte: {2: [(1, 8)], 5: [(1, 10), (10, 3), (3, 4), (4, 5)], 3: [(1, 6), (6, 2), (2, 5)], 4: [(1, 7), (7, 9), (9, 8)]}, padri: [-1], figli: [1], mosse: [-1]
1 -> costo: 75891.20000000001, rotte: {2: [(1, 8)], 5: [(1, 10), (10, 3), (3, 4), (4, 5)], 3: [(1, 6), (6, 2), (2, 5)], 4: [(1, 8), (8, 7), (7, 9)]}, padri: [0], figli: [2], mosse: [(4, 4, 1, 8, 4)]
2 -> costo: 73547.9, rotte: {2: [(1, 8)], 5: [(1, 3), (3, 4), (4, 5), (5, 10)], 3: [(1, 6), (6, 2), (2, 5)], 4: [(1, 8), (8, 7), (7, 9)]}, padri: [1], figli: [3], mosse: [(5, 5, 5, 10, 2)]
3 -> costo: 72503.5, rotte: {2: [(1, 8)], 5: [(1, 3), (3, 4), (4, 5), (5, 10)], 3: [(1, 5), (5, 6), (6, 2)], 4: [(1, 8), (8, 7), (7, 9)]}, padri: [2], figli: [4, 7], mosse: [(3, 3, 1, 5, 4)]
4 -> costo: 71492.4, rotte: {2: [(1, 8)], 5: [(1, 3), (3, 4), (4, 5), (5, 10)], 3: [(1, 5), (5, 6), (6, 2)], 4: [(1, 7), (7, 8), (8, 9)]}, padri: [3], figli: [5], mosse: [(4, 4, 7, 8, 4)]
5 -> costo: 70906.99999999999, rotte: {2: [(1, 8)], 5: [(1, 4), (4, 5), (5, 3), (3, 10)], 3: [(1, 5), (5, 6), (6, 2)], 4: [(1, 7), (7, 8), (8, 9)]}, padri: [4], figli: [6], mosse: [(5, 5, 5, 3, 6)]
6 -> costo: 70695.2, rotte: {2: [(1, 8)], 5: [(1, 5), (5, 4), (4, 3), (3, 10)], 3: [(1, 5), (5, 6), (6, 2)], 4: [(1, 7), (7, 8), (8, 9)]}, padri: [5], figli: [], mosse: [(5, 5, 5, 4, 8)]
7 -> costo: 71918.09999999999, rotte: {2: [(1, 8)], 5: [(1, 4), (4, 5), (5, 3), (3, 10)], 3: [(1, 5), (5, 6), (6, 2)], 4: [(1, 8), (8, 7), (7, 9)]}, padri: [3], figli: [8], mosse: [(5, 5, 5, 3, 6)]
8 -> costo: 71706.3, rotte: {2: [(1, 8)], 5: [(1, 5), (5, 4), (4, 3), (3, 10)], 3: [(1, 5), (5, 6), (6, 2)], 4: [(1, 8), (8, 7), (7, 9)]}, padri: [7], figli: [], mosse: [(5, 5, 5, 4, 8)]
bestSolutionIndice: 6
6 -> costo: 70695.2, rotte: {2: [(1, 8)], 5: [(1, 5), (5, 4), (4, 3), (3, 10)], 3: [(1, 5), (5, 6), (6, 2)], 4: [(1, 7), (7, 8), (8, 9)]}, padri: [5], figli: [], mosse: [(5, 5, 5, 4, 8)]
trasportoPalletDiGamma: {2: [(8, 15)], 5: [(5, 7), (4, 8), (3, 6), (10, 2)], 3: [(5, 4), (6, 13), (2, 3)], 4: [(7, 15), (8, 4), (9, 1)]}
itMosseLS: 8, itMosseTS: 5
time elapsed: 36.74s.


##########################################################################################
s: 1
dictSolutions[1]:
0 -> costo: 80485.70000000001, rotte: {2: [(1, 5), (5, 2), (2, 4)], 5: [(1, 10), (10, 7), (7, 3), (3, 4)], 3: [(1, 6), (6, 9), (9, 4)], 4: [(1, 8), (8, 3)]}, padri: [-1], figli: [1], mosse: [-1]
1 -> costo: 75015.50000000001, rotte: {2: [(1, 5), (5, 2), (2, 4)], 5: [(1, 10), (10, 7), (7, 3), (3, 4)], 3: [(1, 4), (4, 6), (6, 9)], 4: [(1, 8), (8, 3)]}, padri: [0], figli: [2], mosse: [(3, 3, 1, 4, 6)]
2 -> costo: 72087.70000000001, rotte: {2: [(1, 5), (5, 2), (2, 4)], 5: [(1, 7), (7, 3), (3, 4), (4, 10)], 3: [(1, 4), (4, 6), (6, 9)], 4: [(1, 8), (8, 3)]}, padri: [1], figli: [3, 3], mosse: [(5, 5, 4, 10, 2)]
3 -> costo: 71197.30000000002, rotte: {2: [(1, 5), (5, 2)], 5: [(1, 7), (7, 3), (3, 4), (4, 10)], 3: [(1, 4), (4, 6), (6, 9)], 4: [(1, 8), (8, 3)]}, padri: [2, 2], figli: [4, 4, 4, 4], mosse: [(5, 2, 1, 4, 1), (5, 2, 7, 4, 1)]
4 -> costo: 70353.50000000001, rotte: {2: [(1, 5), (5, 2)], 5: [(1, 7), (7, 3), (3, 4), (4, 10)], 3: [(1, 4), (4, 6), (6, 9)], 4: [(1, 8)]}, padri: [3, 3, 3, 3], figli: [], mosse: [(5, 4, 1, 3, 1), (5, 4, 7, 3, 1), (5, 4, 4, 3, 1), (5, 4, 10, 3, 1)]
bestSolutionIndice: 4
4 -> costo: 70353.50000000001, rotte: {2: [(1, 5), (5, 2)], 5: [(1, 7), (7, 3), (3, 4), (4, 10)], 3: [(1, 4), (4, 6), (6, 9)], 4: [(1, 8)]}, padri: [3, 3, 3, 3], figli: [], mosse: [(5, 4, 1, 3, 1), (5, 4, 7, 3, 1), (5, 4, 4, 3, 1), (5, 4, 10, 3, 1)]
trasportoPalletDiGamma: {2: [(5, 11), (2, 3)], 5: [(7, 15), (3, 6), (4, 2), (10, 2)], 3: [(4, 6), (6, 13), (9, 1)], 4: [(8, 19)]}
itMosseLS: 8, itMosseTS: 5
time elapsed: 23.87s.


##########################################################################################
s: 1
dictSolutions[1]:
0 -> costo: 80457.30000000002, rotte: {2: [(1, 4), (4, 7)], 3: [(1, 9), (9, 5), (5, 10), (10, 6)], 5: [(1, 2), (2, 3), (3, 7), (7, 6)], 4: [(1, 8), (8, 6)]}, padri: [-1], figli: [1], mosse: [-1]
1 -> costo: 68618.30000000002, rotte: {2: [(1, 4), (4, 7)], 3: [(1, 9), (9, 10), (10, 6), (6, 5)], 5: [(1, 2), (2, 3), (3, 7), (7, 6)], 4: [(1, 8), (8, 6)]}, padri: [0], figli: [2, 2, 4, 4], mosse: [(3, 3, 6, 5, 11)]
2 -> costo: 68255.5, rotte: {2: [(1, 4), (4, 7)], 3: [(1, 9), (9, 10), (10, 6), (6, 5)], 5: [(1, 2), (2, 3), (3, 7), (7, 6)], 4: [(1, 6), (6, 8)]}, padri: [1, 1], figli: [3], mosse: [(4, 4, 1, 6, 1), (4, 4, 6, 8, 19)]
3 -> costo: 67921.7, rotte: {2: [(1, 4), (4, 7)], 3: [(1, 9), (9, 10), (10, 6), (6, 5)], 5: [(1, 6), (6, 2), (2, 3), (3, 7)], 4: [(1, 6), (6, 8)]}, padri: [2, 4, 4, 4], figli: [], mosse: [(5, 5, 1, 6, 6), (4, 4, 8, 6), (4, 4, 1, 6, 1), (4, 4, 6, 8, 19)]
4 -> costo: 68284.50000000001, rotte: {2: [(1, 4), (4, 7)], 3: [(1, 9), (9, 10), (10, 6), (6, 5)], 5: [(1, 6), (6, 2), (2, 3), (3, 7)], 4: [(1, 8), (8, 6)]}, padri: [1], figli: [3, 3, 3], mosse: [(5, 5, 1, 6, 6)]
bestSolutionIndice: 3
3 -> costo: 67921.7, rotte: {2: [(1, 4), (4, 7)], 3: [(1, 9), (9, 10), (10, 6), (6, 5)], 5: [(1, 6), (6, 2), (2, 3), (3, 7)], 4: [(1, 6), (6, 8)]}, padri: [2, 4, 4, 4], figli: [], mosse: [(5, 5, 1, 6, 6), (4, 4, 8, 6), (4, 4, 1, 6, 1), (4, 4, 6, 8, 19)]
trasportoPalletDiGamma: {2: [(4, 8), (7, 7)], 3: [(9, 1), (10, 2), (6, 6), (5, 11)], 5: [(6, 6), (2, 3), (3, 6), (7, 8)], 4: [(6, 1), (8, 19)]}
itMosseLS: 8, itMosseTS: 5
time elapsed: 28.32s.


##########################################################################################
s: 1
dictSolutions[1]:
0 -> costo: 80520.6, rotte: {2: [(1, 6), (6, 2)], 4: [(1, 10), (10, 7), (7, 9), (9, 3)], 5: [(1, 5), (5, 4), (4, 2), (2, 3)], 3: [(1, 8), (8, 3)]}, padri: [-1], figli: [1], mosse: [-1]
1 -> costo: 68324.70000000001, rotte: {2: [(1, 6), (6, 2)], 4: [(1, 10), (10, 9), (9, 3), (3, 7)], 5: [(1, 5), (5, 4), (4, 2), (2, 3)], 3: [(1, 8), (8, 3)]}, padri: [0], figli: [2, 2, 2], mosse: [(4, 4, 3, 7, 15)]
2 -> costo: 67240.6, rotte: {2: [(1, 6)], 4: [(1, 10), (10, 9), (9, 3), (3, 7)], 5: [(1, 5), (5, 4), (4, 2), (2, 3)], 3: [(1, 8), (8, 3)]}, padri: [1, 1, 1], figli: [3, 3, 3], mosse: [(5, 2, 1, 2, 2), (5, 2, 5, 2, 2), (5, 2, 4, 2, 2)]
3 -> costo: 67192.00000000001, rotte: {2: [(1, 6)], 4: [(1, 10), (10, 9), (9, 3), (3, 7)], 5: [(1, 5), (5, 4), (4, 3), (3, 2)], 3: [(1, 8), (8, 3)]}, padri: [2, 2, 2], figli: [], mosse: [(5, 5, 2, 3), (5, 5, 4, 3, 3), (5, 5, 3, 2, 3)]
bestSolutionIndice: 3
3 -> costo: 67192.00000000001, rotte: {2: [(1, 6)], 4: [(1, 10), (10, 9), (9, 3), (3, 7)], 5: [(1, 5), (5, 4), (4, 3), (3, 2)], 3: [(1, 8), (8, 3)]}, padri: [2, 2, 2], figli: [], mosse: [(5, 5, 2, 3), (5, 5, 4, 3, 3), (5, 5, 3, 2, 3)]
trasportoPalletDiGamma: {2: [(6, 13)], 4: [(10, 2), (9, 1), (3, 2), (7, 15)], 5: [(5, 11), (4, 8), (3, 3), (2, 3)], 3: [(8, 19), (3, 1)]}
itMosseLS: 7, itMosseTS: 5
time elapsed: 22.86s.


##########################################################################################
s: 1
dictSolutions[1]:
0 -> costo: 69450.2, rotte: {5: [(1, 9), (9, 10), (10, 6), (6, 8)], 3: [(1, 3), (3, 7)], 2: [(1, 4), (4, 2), (2, 7), (7, 8)], 4: [(1, 5), (5, 8)]}, padri: [-1], figli: [1], mosse: [-1]
1 -> costo: 68548.79999999999, rotte: {5: [(1, 9), (9, 10), (10, 8), (8, 6)], 3: [(1, 3), (3, 7)], 2: [(1, 4), (4, 2), (2, 7), (7, 8)], 4: [(1, 5), (5, 8)]}, padri: [0], figli: [2, 4], mosse: [(5, 5, 6, 8)]
2 -> costo: 67772.9, rotte: {5: [(1, 9), (9, 10), (10, 8), (8, 6)], 3: [(1, 3), (3, 7)], 2: [(1, 4), (4, 8), (8, 2), (2, 7)], 4: [(1, 5), (5, 8)]}, padri: [1], figli: [3, 3, 3], mosse: [(2, 2, 4, 8, 1)]
3 -> costo: 67758.59999999999, rotte: {5: [(1, 9), (9, 10), (10, 8), (8, 6)], 3: [(1, 7), (7, 3)], 2: [(1, 4), (4, 8), (8, 2), (2, 7)], 4: [(1, 5), (5, 8)]}, padri: [2, 2, 2], figli: [], mosse: [(3, 3, 3, 7), (3, 3, 1, 7, 14), (3, 3, 7, 3, 6)]
4 -> costo: 67851.7, rotte: {5: [(1, 9), (9, 10), (10, 8), (8, 6)], 3: [(1, 3), (3, 7)], 2: [(1, 4), (4, 7), (7, 2), (2, 8)], 4: [(1, 5), (5, 8)]}, padri: [1], figli: [5, 5], mosse: [(2, 2, 7, 2, 3)]
5 -> costo: 67837.4, rotte: {5: [(1, 9), (9, 10), (10, 8), (8, 6)], 3: [(1, 7), (7, 3)], 2: [(1, 4), (4, 7), (7, 2), (2, 8)], 4: [(1, 5), (5, 8)]}, padri: [4, 4], figli: [], mosse: [(3, 3, 3, 7), (3, 3, 1, 7, 14)]
bestSolutionIndice: 3
3 -> costo: 67758.59999999999, rotte: {5: [(1, 9), (9, 10), (10, 8), (8, 6)], 3: [(1, 7), (7, 3)], 2: [(1, 4), (4, 8), (8, 2), (2, 7)], 4: [(1, 5), (5, 8)]}, padri: [2, 2, 2], figli: [], mosse: [(3, 3, 3, 7), (3, 3, 1, 7, 14), (3, 3, 7, 3, 6)]
trasportoPalletDiGamma: {5: [(9, 1), (10, 2), (8, 9), (6, 13)], 3: [(7, 14), (3, 6)], 2: [(4, 8), (8, 1), (2, 3), (7, 1)], 4: [(5, 11), (8, 9)]}
itMosseLS: 8, itMosseTS: 5
time elapsed: 28.70s.


##########################################################################################
s: 1
dictSolutions[1]:
0 -> costo: 69656.19999999998, rotte: {3: [(1, 6), (6, 8)], 5: [(1, 10), (10, 9), (9, 4), (4, 5), (5, 8)], 2: [(1, 2), (2, 3), (3, 8)], 4: [(1, 7), (7, 5)]}, padri: [-1], figli: [1], mosse: [-1]
1 -> costo: 68752.0, rotte: {3: [(1, 6), (6, 8)], 5: [(1, 10), (10, 9), (9, 8), (8, 4), (4, 5)], 2: [(1, 2), (2, 3), (3, 8)], 4: [(1, 7), (7, 5)]}, padri: [0], figli: [2], mosse: [(5, 5, 9, 8, 6)]
2 -> costo: 68064.1, rotte: {3: [(1, 6), (6, 8)], 5: [(1, 10), (10, 9), (9, 8), (8, 4), (4, 5)], 2: [(1, 2), (2, 3), (3, 8)], 4: [(1, 5), (5, 7)]}, padri: [1], figli: [3, 4, 5], mosse: [(4, 4, 1, 5, 5)]
3 -> costo: 67581.3, rotte: {3: [(1, 6), (6, 8)], 5: [(1, 10), (10, 9), (9, 8), (8, 4), (4, 5)], 2: [(1, 8), (8, 2), (2, 3)], 4: [(1, 5), (5, 7)]}, padri: [2, 5], figli: [], mosse: [(2, 2, 1, 8, 6), (2, 2, 2, 3, 6)]
4 -> costo: 67702.9, rotte: {3: [(1, 6), (6, 8)], 5: [(1, 10), (10, 9), (9, 8), (8, 4), (4, 5)], 2: [(1, 3), (3, 2), (2, 8)], 4: [(1, 5), (5, 7)]}, padri: [2, 5, 5, 5], figli: [], mosse: [(2, 2, 3, 2, 3), (2, 2, 3, 2, 3), (2, 2, 2, 8, 6), (2, 2, 8, 2)]
5 -> costo: 67950.79999999999, rotte: {3: [(1, 6), (6, 8)], 5: [(1, 10), (10, 9), (9, 8), (8, 4), (4, 5)], 2: [(1, 3), (3, 8), (8, 2)], 4: [(1, 5), (5, 7)]}, padri: [2], figli: [3, 4, 4, 4], mosse: [(2, 2, 8, 2, 3)]
bestSolutionIndice: 3
3 -> costo: 67581.3, rotte: {3: [(1, 6), (6, 8)], 5: [(1, 10), (10, 9), (9, 8), (8, 4), (4, 5)], 2: [(1, 8), (8, 2), (2, 3)], 4: [(1, 5), (5, 7)]}, padri: [2, 5], figli: [], mosse: [(2, 2, 1, 8, 6), (2, 2, 2, 3, 6)]
trasportoPalletDiGamma: {3: [(6, 13), (8, 7)], 5: [(10, 2), (9, 1), (8, 6), (4, 8), (5, 6)], 2: [(8, 6), (2, 3), (3, 6)], 4: [(5, 5), (7, 15)]}
itMosseLS: 9, itMosseTS: 5
time elapsed: 29.13s.


##########################################################################################
s: 1
dictSolutions[1]:
0 -> costo: 79947.2, rotte: {4: [(1, 6), (6, 2), (2, 10), (10, 8)], 2: [(1, 8)], 3: [(1, 7), (7, 5)], 5: [(1, 9), (9, 3), (3, 4), (4, 5), (5, 8)]}, padri: [-1], figli: [1], mosse: [-1]
1 -> costo: 75432.00000000001, rotte: {4: [(1, 6), (6, 2), (2, 8), (8, 10)], 2: [(1, 8)], 3: [(1, 7), (7, 5)], 5: [(1, 9), (9, 3), (3, 4), (4, 5), (5, 8)]}, padri: [0], figli: [2], mosse: [(4, 4, 2, 8, 2)]
2 -> costo: 71945.5, rotte: {4: [(1, 6), (6, 2), (2, 8), (8, 10)], 2: [(1, 8)], 3: [(1, 7), (7, 5)], 5: [(1, 3), (3, 4), (4, 5), (5, 8), (8, 9)]}, padri: [1], figli: [3, 3, 3, 6, 6, 6], mosse: [(5, 5, 8, 9, 1)]
3 -> costo: 71257.6, rotte: {4: [(1, 6), (6, 2), (2, 8), (8, 10)], 2: [(1, 8)], 3: [(1, 5), (5, 7)], 5: [(1, 3), (3, 4), (4, 5), (5, 8), (8, 9)]}, padri: [2, 2, 2], figli: [4], mosse: [(3, 3, 1, 5, 5), (3, 3, 5, 7, 15), (3, 3, 7, 5)]
4 -> costo: 70618.0, rotte: {4: [(1, 6), (6, 2), (2, 8), (8, 10)], 2: [(1, 8)], 3: [(1, 5), (5, 7)], 5: [(1, 4), (4, 5), (5, 3), (3, 8), (8, 9)]}, padri: [3, 6], figli: [5], mosse: [(5, 5, 5, 3, 6), (3, 3, 1, 5, 5)]
5 -> costo: 70406.2, rotte: {4: [(1, 6), (6, 2), (2, 8), (8, 10)], 2: [(1, 8)], 3: [(1, 5), (5, 7)], 5: [(1, 5), (5, 4), (4, 3), (3, 8), (8, 9)]}, padri: [4], figli: [], mosse: [(5, 5, 5, 4, 8)]
6 -> costo: 71305.9, rotte: {4: [(1, 6), (6, 2), (2, 8), (8, 10)], 2: [(1, 8)], 3: [(1, 7), (7, 5)], 5: [(1, 4), (4, 5), (5, 3), (3, 8), (8, 9)]}, padri: [2], figli: [4], mosse: [(5, 5, 5, 3, 6)]
bestSolutionIndice: 5
5 -> costo: 70406.2, rotte: {4: [(1, 6), (6, 2), (2, 8), (8, 10)], 2: [(1, 8)], 3: [(1, 5), (5, 7)], 5: [(1, 5), (5, 4), (4, 3), (3, 8), (8, 9)]}, padri: [4], figli: [], mosse: [(5, 5, 5, 4, 8)]
trasportoPalletDiGamma: {4: [(6, 13), (2, 3), (8, 2), (10, 2)], 2: [(8, 15)], 3: [(5, 5), (7, 15)], 5: [(5, 6), (4, 8), (3, 6), (8, 2), (9, 1)]}
itMosseLS: 9, itMosseTS: 5
time elapsed: 39.45s.


##########################################################################################
s: 1
dictSolutions[1]:
0 -> costo: 77646.5, rotte: {3: [(1, 7), (7, 6)], 5: [(1, 10), (10, 4), (4, 5), (5, 8)], 4: [(1, 9), (9, 2), (2, 3), (3, 6)], 2: [(1, 8)]}, padri: [-1], figli: [1], mosse: [-1]
1 -> costo: 68061.1, rotte: {3: [(1, 7), (7, 6)], 5: [(1, 4), (4, 5), (5, 8)], 4: [(1, 10), (10, 9), (9, 2), (2, 3), (3, 6)], 2: [(1, 8)]}, padri: [0], figli: [2, 2, 2, 4, 4, 4], mosse: [(4, 5, 1, 10, 2)]
2 -> costo: 67586.50000000001, rotte: {3: [(1, 6), (6, 7)], 5: [(1, 4), (4, 5), (5, 8)], 4: [(1, 10), (10, 9), (9, 2), (2, 3), (3, 6)], 2: [(1, 8)]}, padri: [1, 1, 1], figli: [3], mosse: [(3, 3, 7, 6), (3, 3, 1, 6, 5), (3, 3, 6, 7, 15)]
3 -> costo: 67374.70000000001, rotte: {3: [(1, 6), (6, 7)], 5: [(1, 5), (5, 4), (4, 8)], 4: [(1, 10), (10, 9), (9, 2), (2, 3), (3, 6)], 2: [(1, 8)]}, padri: [2, 4, 4], figli: [], mosse: [(5, 5, 5, 4, 8), (3, 3, 7, 6), (3, 3, 1, 6, 5)]
4 -> costo: 67849.3, rotte: {3: [(1, 7), (7, 6)], 5: [(1, 5), (5, 4), (4, 8)], 4: [(1, 10), (10, 9), (9, 2), (2, 3), (3, 6)], 2: [(1, 8)]}, padri: [1], figli: [3, 3], mosse: [(5, 5, 5, 4, 8)]
bestSolutionIndice: 3
3 -> costo: 67374.70000000001, rotte: {3: [(1, 6), (6, 7)], 5: [(1, 5), (5, 4), (4, 8)], 4: [(1, 10), (10, 9), (9, 2), (2, 3), (3, 6)], 2: [(1, 8)]}, padri: [2, 4, 4], figli: [], mosse: [(5, 5, 5, 4, 8), (3, 3, 7, 6), (3, 3, 1, 6, 5)]
trasportoPalletDiGamma: {3: [(6, 5), (7, 15)], 5: [(5, 11), (4, 8), (8, 4)], 4: [(10, 2), (9, 1), (2, 3), (3, 6), (6, 8)], 2: [(8, 15)]}
itMosseLS: 8, itMosseTS: 5
time elapsed: 25.18s.


##########################################################################################
s: 1
dictSolutions[1]:
0 -> costo: 79412.90000000001, rotte: {5: [(1, 10), (10, 7), (7, 8)], 3: [(1, 4), (4, 9), (9, 8)], 2: [(1, 2), (2, 5)], 4: [(1, 3), (3, 6)]}, padri: [-1], figli: [1], mosse: [-1]
1 -> costo: 75833.1, rotte: {5: [(1, 7), (7, 8), (8, 10)], 3: [(1, 4), (4, 9), (9, 8)], 2: [(1, 2), (2, 5)], 4: [(1, 3), (3, 6)]}, padri: [0], figli: [2], mosse: [(5, 5, 8, 10, 2)]
2 -> costo: 71100.0, rotte: {5: [(1, 7), (7, 8), (8, 10)], 3: [(1, 4), (4, 8), (8, 9)], 2: [(1, 2), (2, 5)], 4: [(1, 3), (3, 6)]}, padri: [1], figli: [3, 3, 5, 5], mosse: [(3, 3, 4, 8, 11)]
3 -> costo: 70358.0, rotte: {5: [(1, 7), (7, 8), (8, 10)], 3: [(1, 4), (4, 8), (8, 9)], 2: [(1, 5), (5, 2)], 4: [(1, 3), (3, 6)]}, padri: [2, 2], figli: [4, 4, 4], mosse: [(2, 2, 1, 5, 11), (2, 2, 5, 2, 3)]
4 -> costo: 69869.1, rotte: {5: [(1, 7), (7, 8), (8, 10)], 3: [(1, 4), (4, 8), (8, 9)], 2: [(1, 5), (5, 2)], 4: [(1, 6), (6, 3)]}, padri: [3, 3, 3, 5], figli: [], mosse: [(4, 4, 1, 6, 13), (4, 4, 6, 3, 6), (4, 4, 3, 6), (2, 2, 1, 5, 11)]
5 -> costo: 70611.1, rotte: {5: [(1, 7), (7, 8), (8, 10)], 3: [(1, 4), (4, 8), (8, 9)], 2: [(1, 2), (2, 5)], 4: [(1, 6), (6, 3)]}, padri: [2], figli: [4], mosse: [(4, 4, 1, 6, 13)]
bestSolutionIndice: 4
4 -> costo: 69869.1, rotte: {5: [(1, 7), (7, 8), (8, 10)], 3: [(1, 4), (4, 8), (8, 9)], 2: [(1, 5), (5, 2)], 4: [(1, 6), (6, 3)]}, padri: [3, 3, 3, 5], figli: [], mosse: [(4, 4, 1, 6, 13), (4, 4, 6, 3, 6), (4, 4, 3, 6), (2, 2, 1, 5, 11)]
trasportoPalletDiGamma: {5: [(7, 15), (8, 8), (10, 2)], 3: [(4, 8), (8, 11), (9, 1)], 2: [(5, 11), (2, 3)], 4: [(6, 13), (3, 6)]}
itMosseLS: 9, itMosseTS: 5
time elapsed: 25.42s.


##########################################################################################
s: 1
dictSolutions[1]:
0 -> costo: 82307.5, rotte: {4: [(1, 5), (5, 4), (4, 7)], 3: [(1, 6), (6, 10), (10, 7)], 5: [(1, 8), (8, 2), (2, 7)], 2: [(1, 3), (3, 9), (9, 7)]}, padri: [-1], figli: [1], mosse: [-1]
1 -> costo: 76731.3, rotte: {4: [(1, 5), (5, 4), (4, 7)], 3: [(1, 6), (6, 10), (10, 7)], 5: [(1, 8), (8, 2), (2, 7)], 2: [(1, 7), (7, 3), (3, 9)]}, padri: [0], figli: [2, 2, 2, 3, 3, 3, 4], mosse: [(2, 2, 1, 7, 6)]
2 -> costo: 72134.5, rotte: {4: [(1, 5), (5, 4), (4, 7)], 3: [(1, 6), (6, 7), (7, 10)], 5: [(1, 8), (8, 2), (2, 7)], 2: [(1, 7), (7, 3), (3, 9)]}, padri: [1, 1, 1, 3], figli: [], mosse: [(3, 3, 6, 7, 5), (3, 3, 7, 10, 2), (3, 3, 10, 7), (3, 3, 6, 7, 5)]
3 -> costo: 72396.1, rotte: {4: [(1, 5), (5, 4), (4, 7)], 3: [(1, 7), (7, 6), (6, 10)], 5: [(1, 8), (8, 2), (2, 7)], 2: [(1, 7), (7, 3), (3, 9)]}, padri: [1], figli: [2], mosse: [(3, 3, 1, 7, 5)]
4 -> costo: 74850.9, rotte: {4: [(1, 5), (5, 4), (4, 7)], 3: [(1, 10), (10, 6), (6, 7)], 5: [(1, 8), (8, 2), (2, 7)], 2: [(1, 7), (7, 3), (3, 9)]}, padri: [1], figli: [5], mosse: [(3, 3, 10, 6, 13)]
5 -> costo: 65265.50000000001, rotte: {4: [(1, 5), (5, 4), (4, 7)], 3: [(1, 6), (6, 7)], 5: [(1, 8), (8, 2), (2, 7)], 2: [(1, 7), (7, 3), (3, 10), (10, 9)]}, padri: [4], figli: [6], mosse: [(2, 3, 3, 10, 2)]
6 -> costo: 64477.100000000006, rotte: {4: [(1, 5), (5, 4)], 3: [(1, 6), (6, 7)], 5: [(1, 8), (8, 2), (2, 7)], 2: [(1, 7), (7, 3), (3, 10), (10, 9)]}, padri: [5], figli: [7], mosse: [(3, 4, 1, 7, 1)]
7 -> costo: 64432.700000000004, rotte: {4: [(1, 4), (4, 5)], 3: [(1, 6), (6, 7)], 5: [(1, 8), (8, 2), (2, 7)], 2: [(1, 7), (7, 3), (3, 10), (10, 9)]}, padri: [6], figli: [], mosse: [(4, 4, 1, 4, 8)]
bestSolutionIndice: 7
7 -> costo: 64432.700000000004, rotte: {4: [(1, 4), (4, 5)], 3: [(1, 6), (6, 7)], 5: [(1, 8), (8, 2), (2, 7)], 2: [(1, 7), (7, 3), (3, 10), (10, 9)]}, padri: [6], figli: [], mosse: [(4, 4, 1, 4, 8)]
trasportoPalletDiGamma: {4: [(4, 8), (5, 11)], 3: [(6, 13), (7, 6)], 5: [(8, 19), (2, 3), (7, 3)], 2: [(7, 6), (3, 6), (10, 2), (9, 1)]}
itMosseLS: 10, itMosseTS: 5
time elapsed: 31.22s.


##########################################################################################
s: 1
dictSolutions[1]:
0 -> costo: 67490.80000000002, rotte: {3: [(1, 7), (7, 3)], 4: [(1, 10), (10, 9), (9, 8)], 5: [(1, 6), (6, 4), (4, 3), (3, 8)], 2: [(1, 5), (5, 2), (2, 8)]}, padri: [-1], figli: [1], mosse: [-1]
1 -> costo: 64685.200000000004, rotte: {3: [(1, 7), (7, 3)], 4: [(1, 8), (8, 10), (10, 9)], 5: [(1, 6), (6, 4), (4, 3), (3, 8)], 2: [(1, 5), (5, 2), (2, 8)]}, padri: [0], figli: [2], mosse: [(4, 4, 1, 8, 17)]
2 -> costo: 64535.9, rotte: {3: [(1, 7), (7, 3)], 4: [(1, 8), (8, 10), (10, 9)], 5: [(1, 6), (6, 4), (4, 3), (3, 8)], 2: [(1, 5), (5, 8), (8, 2)]}, padri: [1], figli: [3, 3, 3, 4, 4, 4], mosse: [(2, 2, 5, 8, 1)]
3 -> costo: 64435.200000000004, rotte: {3: [(1, 7), (7, 3)], 4: [(1, 8), (8, 10), (10, 9)], 5: [(1, 6), (6, 4), (4, 8), (8, 3)], 2: [(1, 5), (5, 8), (8, 2)]}, padri: [2, 2, 2], figli: [], mosse: [(5, 5, 4, 8, 1), (5, 5, 8, 3, 1), (5, 5, 3, 8)]
4 -> costo: 64446.2, rotte: {3: [(1, 7), (7, 3)], 4: [(1, 8), (8, 10), (10, 9)], 5: [(1, 4), (4, 6), (6, 3), (3, 8)], 2: [(1, 5), (5, 8), (8, 2)]}, padri: [2], figli: [5, 6, 7], mosse: [(5, 5, 4, 6, 13)]
5 -> costo: 64435.200000000004, rotte: {3: [(1, 7), (7, 3)], 4: [(1, 8), (8, 10), (10, 9)], 5: [(1, 4), (4, 6), (6, 8), (8, 3)], 2: [(1, 5), (5, 8), (8, 2)]}, padri: [4], figli: [], mosse: [(5, 5, 3, 8)]
6 -> costo: 64435.200000000004, rotte: {3: [(1, 7), (7, 3)], 4: [(1, 8), (8, 10), (10, 9)], 5: [(1, 4), (4, 6), (6, 8), (8, 3)], 2: [(1, 5), (5, 8), (8, 2)]}, padri: [4], figli: [], mosse: [(5, 5, 6, 8, 1)]
7 -> costo: 64435.200000000004, rotte: {3: [(1, 7), (7, 3)], 4: [(1, 8), (8, 10), (10, 9)], 5: [(1, 4), (4, 6), (6, 8), (8, 3)], 2: [(1, 5), (5, 8), (8, 2)]}, padri: [4], figli: [], mosse: [(5, 5, 8, 3, 1)]
bestSolutionIndice: 3
3 -> costo: 64435.200000000004, rotte: {3: [(1, 7), (7, 3)], 4: [(1, 8), (8, 10), (10, 9)], 5: [(1, 6), (6, 4), (4, 8), (8, 3)], 2: [(1, 5), (5, 8), (8, 2)]}, padri: [2, 2, 2], figli: [], mosse: [(5, 5, 4, 8, 1), (5, 5, 8, 3, 1), (5, 5, 3, 8)]
trasportoPalletDiGamma: {3: [(7, 15), (3, 5)], 4: [(8, 17), (10, 2), (9, 1)], 5: [(6, 13), (4, 8), (8, 1), (3, 1)], 2: [(5, 11), (8, 1), (2, 3)]}
itMosseLS: 9, itMosseTS: 5
time elapsed: 26.26s.


##########################################################################################
s: 1
dictSolutions[1]:
0 -> costo: 79259.5, rotte: {3: [(1, 10), (10, 5), (5, 7)], 4: [(1, 6), (6, 3), (3, 2)], 5: [(1, 9), (9, 4), (4, 8), (8, 7), (7, 2)], 2: [(1, 8)]}, padri: [-1], figli: [1], mosse: [-1]
1 -> costo: 69462.3, rotte: {3: [(1, 5), (5, 7)], 4: [(1, 6), (6, 3), (3, 2)], 5: [(1, 10), (10, 9), (9, 4), (4, 8), (8, 7), (7, 2)], 2: [(1, 8)]}, padri: [0], figli: [2, 4], mosse: [(5, 3, 1, 10, 2)]
2 -> costo: 68480.90000000001, rotte: {3: [(1, 5), (5, 7)], 4: [(1, 6), (6, 3), (3, 2)], 5: [(1, 10), (10, 9), (9, 8), (8, 4), (4, 7), (7, 2)], 2: [(1, 8)]}, padri: [1], figli: [3, 5], mosse: [(5, 5, 8, 4, 8)]
3 -> costo: 68251.5, rotte: {3: [(1, 5), (5, 7)], 4: [(1, 6), (6, 3), (3, 2)], 5: [(1, 10), (10, 9), (9, 8), (8, 2), (2, 4), (4, 7)], 2: [(1, 8)]}, padri: [2, 4, 5, 5, 5], figli: [], mosse: [(5, 5, 8, 2, 2), (5, 5, 2, 4, 8), (5, 5, 2, 4, 8), (5, 5, 4, 7, 8), (5, 5, 7, 4)]
4 -> costo: 68835.7, rotte: {3: [(1, 5), (5, 7)], 4: [(1, 6), (6, 3), (3, 2)], 5: [(1, 10), (10, 9), (9, 4), (4, 8), (8, 2), (2, 7)], 2: [(1, 8)]}, padri: [1], figli: [3, 5], mosse: [(5, 5, 7, 2)]
5 -> costo: 68274.5, rotte: {3: [(1, 5), (5, 7)], 4: [(1, 6), (6, 3), (3, 2)], 5: [(1, 10), (10, 9), (9, 8), (8, 2), (2, 7), (7, 4)], 2: [(1, 8)]}, padri: [4], figli: [3, 3, 3], mosse: [(5, 5, 7, 4, 8)]
bestSolutionIndice: 3
3 -> costo: 68251.5, rotte: {3: [(1, 5), (5, 7)], 4: [(1, 6), (6, 3), (3, 2)], 5: [(1, 10), (10, 9), (9, 8), (8, 2), (2, 4), (4, 7)], 2: [(1, 8)]}, padri: [2, 4, 5, 5, 5], figli: [], mosse: [(5, 5, 8, 2, 2), (5, 5, 2, 4, 8), (5, 5, 2, 4, 8), (5, 5, 4, 7, 8), (5, 5, 7, 4)]
trasportoPalletDiGamma: {3: [(5, 11), (7, 7)], 4: [(6, 13), (3, 6), (2, 1)], 5: [(10, 2), (9, 1), (8, 4), (2, 2), (4, 8), (7, 8)], 2: [(8, 15)]}
itMosseLS: 9, itMosseTS: 5
time elapsed: 37.41s.


##########################################################################################
s: 1
dictSolutions[1]:
0 -> costo: 69194.0, rotte: {4: [(1, 4), (4, 2), (2, 3), (3, 8)], 2: [(1, 8)], 3: [(1, 10), (10, 9), (9, 5), (5, 6), (6, 8)], 5: [(1, 7), (7, 6)]}, padri: [-1], figli: [1], mosse: [-1]
1 -> costo: 68292.6, rotte: {4: [(1, 4), (4, 2), (2, 3), (3, 8)], 2: [(1, 8)], 3: [(1, 10), (10, 9), (9, 8), (8, 5), (5, 6)], 5: [(1, 7), (7, 6)]}, padri: [0], figli: [2], mosse: [(3, 3, 9, 8, 1)]
2 -> costo: 67818.0, rotte: {4: [(1, 4), (4, 2), (2, 3), (3, 8)], 2: [(1, 8)], 3: [(1, 10), (10, 9), (9, 8), (8, 5), (5, 6)], 5: [(1, 6), (6, 7)]}, padri: [1], figli: [3, 5], mosse: [(5, 5, 7, 6)]
3 -> costo: 67356.09999999999, rotte: {4: [(1, 4), (4, 8), (8, 2), (2, 3)], 2: [(1, 8)], 3: [(1, 10), (10, 9), (9, 8), (8, 5), (5, 6)], 5: [(1, 6), (6, 7)]}, padri: [2], figli: [4, 4, 4], mosse: [(4, 4, 4, 8, 3)]
4 -> costo: 67353.29999999999, rotte: {4: [(1, 4), (4, 8), (8, 2), (2, 3)], 2: [(1, 8)], 3: [(1, 10), (10, 9), (9, 8), (8, 6), (6, 5)], 5: [(1, 6), (6, 7)]}, padri: [3, 3, 3], figli: [], mosse: [(3, 3, 8, 6, 3), (3, 3, 6, 5, 11), (3, 3, 5, 6)]
5 -> costo: 67456.8, rotte: {4: [(1, 4), (4, 3), (3, 2), (2, 8)], 2: [(1, 8)], 3: [(1, 10), (10, 9), (9, 8), (8, 5), (5, 6)], 5: [(1, 6), (6, 7)]}, padri: [2], figli: [6, 6], mosse: [(4, 4, 3, 2, 3)]
6 -> costo: 67454.0, rotte: {4: [(1, 4), (4, 3), (3, 2), (2, 8)], 2: [(1, 8)], 3: [(1, 10), (10, 9), (9, 8), (8, 6), (6, 5)], 5: [(1, 6), (6, 7)]}, padri: [5, 5], figli: [], mosse: [(3, 3, 8, 6, 3), (3, 3, 6, 5, 11)]
bestSolutionIndice: 4
4 -> costo: 67353.29999999999, rotte: {4: [(1, 4), (4, 8), (8, 2), (2, 3)], 2: [(1, 8)], 3: [(1, 10), (10, 9), (9, 8), (8, 6), (6, 5)], 5: [(1, 6), (6, 7)]}, padri: [3, 3, 3], figli: [], mosse: [(3, 3, 8, 6, 3), (3, 3, 6, 5, 11), (3, 3, 5, 6)]
trasportoPalletDiGamma: {4: [(4, 8), (8, 3), (2, 3), (3, 6)], 2: [(8, 15)], 3: [(10, 2), (9, 1), (8, 1), (6, 3), (5, 11)], 5: [(6, 10), (7, 15)]}
itMosseLS: 9, itMosseTS: 5
time elapsed: 25.80s.


##########################################################################################
s: 1
dictSolutions[1]:
0 -> costo: 79904.9, rotte: {3: [(1, 6), (6, 10), (10, 8)], 2: [(1, 9), (9, 4), (4, 5), (5, 8)], 4: [(1, 2), (2, 3), (3, 8)], 5: [(1, 7), (7, 5)]}, padri: [-1], figli: [1], mosse: [-1]
1 -> costo: 75406.79999999999, rotte: {3: [(1, 6), (6, 8), (8, 10)], 2: [(1, 9), (9, 4), (4, 5), (5, 8)], 4: [(1, 2), (2, 3), (3, 8)], 5: [(1, 7), (7, 5)]}, padri: [0], figli: [2], mosse: [(3, 3, 6, 8, 5)]
2 -> costo: 71337.0, rotte: {3: [(1, 6), (6, 8), (8, 10)], 2: [(1, 4), (4, 5), (5, 8), (8, 9)], 4: [(1, 2), (2, 3), (3, 8)], 5: [(1, 7), (7, 5)]}, padri: [1], figli: [3], mosse: [(2, 2, 8, 9, 1)]
3 -> costo: 70649.1, rotte: {3: [(1, 6), (6, 8), (8, 10)], 2: [(1, 4), (4, 5), (5, 8), (8, 9)], 4: [(1, 2), (2, 3), (3, 8)], 5: [(1, 5), (5, 7)]}, padri: [2], figli: [4, 6, 8], mosse: [(5, 5, 1, 5, 10)]
4 -> costo: 70166.3, rotte: {3: [(1, 6), (6, 8), (8, 10)], 2: [(1, 4), (4, 5), (5, 8), (8, 9)], 4: [(1, 8), (8, 2), (2, 3)], 5: [(1, 5), (5, 7)]}, padri: [3], figli: [5], mosse: [(4, 4, 1, 8, 11)]
5 -> costo: 69954.5, rotte: {3: [(1, 6), (6, 8), (8, 10)], 2: [(1, 5), (5, 4), (4, 8), (8, 9)], 4: [(1, 8), (8, 2), (2, 3)], 5: [(1, 5), (5, 7)]}, padri: [4, 8], figli: [], mosse: [(2, 2, 5, 4, 8), (4, 4, 1, 8, 11)]
6 -> costo: 70287.9, rotte: {3: [(1, 6), (6, 8), (8, 10)], 2: [(1, 4), (4, 5), (5, 8), (8, 9)], 4: [(1, 3), (3, 2), (2, 8)], 5: [(1, 5), (5, 7)]}, padri: [3], figli: [7], mosse: [(4, 4, 3, 2, 3)]
7 -> costo: 70076.1, rotte: {3: [(1, 6), (6, 8), (8, 10)], 2: [(1, 5), (5, 4), (4, 8), (8, 9)], 4: [(1, 3), (3, 2), (2, 8)], 5: [(1, 5), (5, 7)]}, padri: [6, 8], figli: [], mosse: [(2, 2, 5, 4, 8), (4, 4, 3, 2, 3)]
8 -> costo: 70437.3, rotte: {3: [(1, 6), (6, 8), (8, 10)], 2: [(1, 5), (5, 4), (4, 8), (8, 9)], 4: [(1, 2), (2, 3), (3, 8)], 5: [(1, 5), (5, 7)]}, padri: [3], figli: [5, 7], mosse: [(2, 2, 5, 4, 8)]
bestSolutionIndice: 5
5 -> costo: 69954.5, rotte: {3: [(1, 6), (6, 8), (8, 10)], 2: [(1, 5), (5, 4), (4, 8), (8, 9)], 4: [(1, 8), (8, 2), (2, 3)], 5: [(1, 5), (5, 7)]}, padri: [4, 8], figli: [], mosse: [(2, 2, 5, 4, 8), (4, 4, 1, 8, 11)]
trasportoPalletDiGamma: {3: [(6, 13), (8, 5), (10, 2)], 2: [(5, 1), (4, 8), (8, 3), (9, 1)], 4: [(8, 11), (2, 3), (3, 6)], 5: [(5, 10), (7, 15)]}
itMosseLS: 10, itMosseTS: 5
time elapsed: 29.96s.


##########################################################################################
s: 1
dictSolutions[1]:
0 -> costo: 79255.09999999999, rotte: {4: [(1, 10), (10, 6), (6, 5)], 3: [(1, 2), (2, 8)], 2: [(1, 7)], 5: [(1, 4), (4, 9), (9, 3), (3, 8), (8, 5)]}, padri: [-1], figli: [1], mosse: [-1]
1 -> costo: 69669.7, rotte: {4: [(1, 6), (6, 5)], 3: [(1, 2), (2, 8)], 2: [(1, 7)], 5: [(1, 4), (4, 10), (10, 9), (9, 3), (3, 8), (8, 5)]}, padri: [0], figli: [2], mosse: [(5, 4, 4, 10, 2)]
2 -> costo: 67713.7, rotte: {4: [(1, 6), (6, 5)], 3: [(1, 2), (2, 8)], 2: [(1, 7)], 5: [(1, 10), (10, 9), (9, 3), (3, 8), (8, 4), (4, 5)]}, padri: [1], figli: [3], mosse: [(5, 5, 8, 4, 8)]
3 -> costo: 67011.90000000001, rotte: {4: [(1, 6), (6, 5)], 3: [(1, 2), (2, 8)], 2: [(1, 7)], 5: [(1, 10), (10, 9), (9, 8), (8, 3), (3, 4), (4, 5)]}, padri: [2], figli: [4, 4, 4], mosse: [(5, 5, 8, 3, 6)]
4 -> costo: 66802.90000000001, rotte: {4: [(1, 5), (5, 6)], 3: [(1, 2), (2, 8)], 2: [(1, 7)], 5: [(1, 10), (10, 9), (9, 8), (8, 3), (3, 4), (4, 5)]}, padri: [3, 3, 3], figli: [5, 5, 5], mosse: [(4, 4, 1, 5, 5), (4, 4, 5, 6, 13), (4, 4, 6, 5)]
5 -> costo: 66632.70000000001, rotte: {4: [(1, 5), (5, 6)], 3: [(1, 8), (8, 2)], 2: [(1, 7)], 5: [(1, 10), (10, 9), (9, 8), (8, 3), (3, 4), (4, 5)]}, padri: [4, 4, 4], figli: [], mosse: [(3, 3, 1, 8, 17), (3, 3, 8, 2, 3), (3, 3, 2, 8)]
bestSolutionIndice: 5
5 -> costo: 66632.70000000001, rotte: {4: [(1, 5), (5, 6)], 3: [(1, 8), (8, 2)], 2: [(1, 7)], 5: [(1, 10), (10, 9), (9, 8), (8, 3), (3, 4), (4, 5)]}, padri: [4, 4, 4], figli: [], mosse: [(3, 3, 1, 8, 17), (3, 3, 8, 2, 3), (3, 3, 2, 8)]
trasportoPalletDiGamma: {4: [(5, 5), (6, 13)], 3: [(8, 17), (2, 3)], 2: [(7, 15)], 5: [(10, 2), (9, 1), (8, 2), (3, 6), (4, 8), (5, 6)]}
itMosseLS: 9, itMosseTS: 5
time elapsed: 22.83s.


##########################################################################################
s: 1
dictSolutions[1]:
0 -> costo: 80995.09999999999, rotte: {4: [(1, 10), (10, 6), (6, 8)], 2: [(1, 2), (2, 9), (9, 7), (7, 8)], 5: [(1, 5), (5, 3), (3, 8)], 3: [(1, 4), (4, 7)]}, padri: [-1], figli: [1], mosse: [-1]
1 -> costo: 71409.69999999998, rotte: {4: [(1, 6), (6, 8)], 2: [(1, 2), (2, 10), (10, 9), (9, 7), (7, 8)], 5: [(1, 5), (5, 3), (3, 8)], 3: [(1, 4), (4, 7)]}, padri: [0], figli: [2], mosse: [(2, 4, 2, 10, 2)]
2 -> costo: 69011.79999999999, rotte: {4: [(1, 6), (6, 8)], 2: [(1, 10), (10, 9), (9, 2), (2, 7), (7, 8)], 5: [(1, 5), (5, 3), (3, 8)], 3: [(1, 4), (4, 7)]}, padri: [1], figli: [3, 4, 5], mosse: [(2, 2, 9, 2, 3)]
3 -> costo: 67930.5, rotte: {4: [(1, 6), (6, 8)], 2: [(1, 10), (10, 9), (9, 8), (8, 2), (2, 7)], 5: [(1, 5), (5, 3), (3, 8)], 3: [(1, 4), (4, 7)]}, padri: [2, 4, 5, 5], figli: [], mosse: [(2, 2, 9, 8, 6), (2, 2, 8, 2, 3), (2, 2, 8, 2, 3), (2, 2, 2, 7, 3)]
4 -> costo: 68633.1, rotte: {4: [(1, 6), (6, 8)], 2: [(1, 10), (10, 9), (9, 2), (2, 8), (8, 7)], 5: [(1, 5), (5, 3), (3, 8)], 3: [(1, 4), (4, 7)]}, padri: [2], figli: [3, 5], mosse: [(2, 2, 7, 8)]
5 -> costo: 68557.1, rotte: {4: [(1, 6), (6, 8)], 2: [(1, 10), (10, 9), (9, 8), (8, 7), (7, 2)], 5: [(1, 5), (5, 3), (3, 8)], 3: [(1, 4), (4, 7)]}, padri: [4], figli: [3, 3], mosse: [(2, 2, 7, 2, 3)]
bestSolutionIndice: 3
3 -> costo: 67930.5, rotte: {4: [(1, 6), (6, 8)], 2: [(1, 10), (10, 9), (9, 8), (8, 2), (2, 7)], 5: [(1, 5), (5, 3), (3, 8)], 3: [(1, 4), (4, 7)]}, padri: [2, 4, 5, 5], figli: [], mosse: [(2, 2, 9, 8, 6), (2, 2, 8, 2, 3), (2, 2, 8, 2, 3), (2, 2, 2, 7, 3)]
trasportoPalletDiGamma: {4: [(6, 13), (8, 5)], 2: [(10, 2), (9, 1), (8, 6), (2, 3), (7, 3)], 5: [(5, 11), (3, 6), (8, 8)], 3: [(4, 8), (7, 12)]}
itMosseLS: 8, itMosseTS: 5
time elapsed: 32.80s.


##########################################################################################
s: 1
dictSolutions[1]:
0 -> costo: 67221.5, rotte: {3: [(1, 5), (5, 4), (4, 6)], 4: [(1, 2), (2, 8)], 5: [(1, 7), (7, 3), (3, 8)], 2: [(1, 9), (9, 10), (10, 6)]}, padri: [-1], figli: [1], mosse: [-1]
1 -> costo: 64292.1, rotte: {3: [(1, 5), (5, 4), (4, 6)], 4: [(1, 2), (2, 8)], 5: [(1, 7), (7, 3), (3, 8)], 2: [(1, 6), (6, 9), (9, 10)]}, padri: [0], figli: [2], mosse: [(2, 2, 1, 6, 12)]
2 -> costo: 64057.1, rotte: {3: [(1, 5), (5, 4), (4, 6)], 4: [(1, 2), (2, 8)], 5: [(1, 7), (7, 3), (3, 8)], 2: [(1, 6), (6, 10), (10, 9)]}, padri: [1], figli: [3, 3], mosse: [(2, 2, 6, 10, 2)]
3 -> costo: 63886.9, rotte: {3: [(1, 5), (5, 4), (4, 6)], 4: [(1, 8), (8, 2)], 5: [(1, 7), (7, 3), (3, 8)], 2: [(1, 6), (6, 10), (10, 9)]}, padri: [2, 2], figli: [4, 5, 5, 5], mosse: [(4, 4, 1, 8, 17), (4, 4, 8, 2, 3)]
4 -> costo: 63801.100000000006, rotte: {3: [(1, 4), (4, 6), (6, 5)], 4: [(1, 8), (8, 2)], 5: [(1, 7), (7, 3), (3, 8)], 2: [(1, 6), (6, 10), (10, 9)]}, padri: [3], figli: [], mosse: [(3, 3, 6, 5, 11)]
5 -> costo: 63845.50000000001, rotte: {3: [(1, 5), (5, 6), (6, 4)], 4: [(1, 8), (8, 2)], 5: [(1, 7), (7, 3), (3, 8)], 2: [(1, 6), (6, 10), (10, 9)]}, padri: [3, 3, 3], figli: [], mosse: [(3, 3, 5, 6, 1), (3, 3, 6, 4, 8), (3, 3, 4, 6)]
bestSolutionIndice: 4
4 -> costo: 63801.100000000006, rotte: {3: [(1, 4), (4, 6), (6, 5)], 4: [(1, 8), (8, 2)], 5: [(1, 7), (7, 3), (3, 8)], 2: [(1, 6), (6, 10), (10, 9)]}, padri: [3], figli: [], mosse: [(3, 3, 6, 5, 11)]
trasportoPalletDiGamma: {3: [(4, 8), (6, 1), (5, 11)], 4: [(8, 17), (2, 3)], 5: [(7, 15), (3, 6), (8, 2)], 2: [(6, 12), (10, 2), (9, 1)]}
itMosseLS: 8, itMosseTS: 5
time elapsed: 18.47s.


##########################################################################################
s: 1
dictSolutions[1]:
0 -> costo: 68670.80000000002, rotte: {5: [(1, 3), (3, 8)], 3: [(1, 4), (4, 2), (2, 7), (7, 6)], 2: [(1, 10), (10, 9), (9, 6)], 4: [(1, 5), (5, 7)]}, padri: [-1], figli: [1], mosse: [-1]
1 -> costo: 65506.40000000001, rotte: {5: [(1, 3), (3, 8)], 3: [(1, 4), (4, 2), (2, 7), (7, 6)], 2: [(1, 6), (6, 10), (10, 9)], 4: [(1, 5), (5, 7)]}, padri: [0], figli: [2], mosse: [(2, 2, 1, 6, 12)]
2 -> costo: 65068.600000000006, rotte: {5: [(1, 3), (3, 8)], 3: [(1, 4), (4, 6), (6, 2), (2, 7)], 2: [(1, 6), (6, 10), (10, 9)], 4: [(1, 5), (5, 7)]}, padri: [1], figli: [3, 3, 5, 5], mosse: [(3, 3, 4, 6, 1)]
3 -> costo: 64864.90000000001, rotte: {5: [(1, 3), (3, 8)], 3: [(1, 4), (4, 6), (6, 7), (7, 2)], 2: [(1, 6), (6, 10), (10, 9)], 4: [(1, 5), (5, 7)]}, padri: [2, 2], figli: [4, 4, 4], mosse: [(3, 3, 6, 7, 6), (3, 3, 7, 2, 3)]
4 -> costo: 64743.30000000001, rotte: {5: [(1, 8), (8, 3)], 3: [(1, 4), (4, 6), (6, 7), (7, 2)], 2: [(1, 6), (6, 10), (10, 9)], 4: [(1, 5), (5, 7)]}, padri: [3, 3, 3, 5], figli: [], mosse: [(5, 5, 1, 8, 19), (5, 5, 8, 3, 6), (5, 5, 3, 8), (3, 3, 6, 7, 6)]
5 -> costo: 64947.00000000001, rotte: {5: [(1, 8), (8, 3)], 3: [(1, 4), (4, 6), (6, 2), (2, 7)], 2: [(1, 6), (6, 10), (10, 9)], 4: [(1, 5), (5, 7)]}, padri: [2], figli: [4], mosse: [(5, 5, 1, 8, 19)]
bestSolutionIndice: 4
4 -> costo: 64743.30000000001, rotte: {5: [(1, 8), (8, 3)], 3: [(1, 4), (4, 6), (6, 7), (7, 2)], 2: [(1, 6), (6, 10), (10, 9)], 4: [(1, 5), (5, 7)]}, padri: [3, 3, 3, 5], figli: [], mosse: [(5, 5, 1, 8, 19), (5, 5, 8, 3, 6), (5, 5, 3, 8), (3, 3, 6, 7, 6)]
trasportoPalletDiGamma: {5: [(8, 19), (3, 6)], 3: [(4, 8), (6, 1), (7, 6), (2, 3)], 2: [(6, 12), (10, 2), (9, 1)], 4: [(5, 11), (7, 9)]}
itMosseLS: 9, itMosseTS: 5
time elapsed: 28.79s.


##########################################################################################
s: 1
dictSolutions[1]:
0 -> costo: 81943.2, rotte: {5: [(1, 2), (2, 5), (5, 3), (3, 8)], 2: [(1, 10), (10, 7)], 4: [(1, 4), (4, 8)], 3: [(1, 6), (6, 9), (9, 7), (7, 8)]}, padri: [-1], figli: [1], mosse: [-1]
1 -> costo: 72612.8, rotte: {5: [(1, 2), (2, 5), (5, 3), (3, 8)], 2: [(1, 7)], 4: [(1, 4), (4, 8)], 3: [(1, 6), (6, 10), (10, 9), (9, 7), (7, 8)]}, padri: [0], figli: [2], mosse: [(3, 2, 6, 10, 2)]
2 -> costo: 70374.5, rotte: {5: [(1, 2), (2, 5), (5, 3), (3, 8)], 2: [(1, 7)], 4: [(1, 4), (4, 8)], 3: [(1, 6), (6, 10), (10, 9), (9, 8)]}, padri: [1], figli: [3], mosse: [(2, 3, 1, 7, 2)]
3 -> costo: 65641.4, rotte: {5: [(1, 2), (2, 5), (5, 3), (3, 8)], 2: [(1, 7)], 4: [(1, 4), (4, 8)], 3: [(1, 6), (6, 8), (8, 10), (10, 9)]}, padri: [2], figli: [4, 5, 7], mosse: [(3, 3, 6, 8, 2)]
4 -> costo: 64031.600000000006, rotte: {5: [(1, 5), (5, 3), (3, 2), (2, 8)], 2: [(1, 7)], 4: [(1, 4), (4, 8)], 3: [(1, 6), (6, 8), (8, 10), (10, 9)]}, padri: [3, 5, 5, 5], figli: [], mosse: [(5, 5, 3, 2, 3), (5, 5, 3, 2, 3), (5, 5, 2, 8, 5), (5, 5, 8, 2)]
5 -> costo: 64279.50000000001, rotte: {5: [(1, 5), (5, 3), (3, 8), (8, 2)], 2: [(1, 7)], 4: [(1, 4), (4, 8)], 3: [(1, 6), (6, 8), (8, 10), (10, 9)]}, padri: [3], figli: [6, 4, 4, 4, 7, 7, 7], mosse: [(5, 5, 8, 2, 3)]
6 -> costo: 63930.9, rotte: {5: [(1, 5), (5, 8), (8, 2), (2, 3)], 2: [(1, 7)], 4: [(1, 4), (4, 8)], 3: [(1, 6), (6, 8), (8, 10), (10, 9)]}, padri: [5, 7], figli: [], mosse: [(5, 5, 2, 3, 6), (5, 5, 3, 2)]
7 -> costo: 64243.50000000001, rotte: {5: [(1, 5), (5, 8), (8, 3), (3, 2)], 2: [(1, 7)], 4: [(1, 4), (4, 8)], 3: [(1, 6), (6, 8), (8, 10), (10, 9)]}, padri: [5], figli: [6], mosse: [(5, 5, 8, 3, 6)]
bestSolutionIndice: 6
6 -> costo: 63930.9, rotte: {5: [(1, 5), (5, 8), (8, 2), (2, 3)], 2: [(1, 7)], 4: [(1, 4), (4, 8)], 3: [(1, 6), (6, 8), (8, 10), (10, 9)]}, padri: [5, 7], figli: [], mosse: [(5, 5, 2, 3, 6), (5, 5, 3, 2)]
trasportoPalletDiGamma: {5: [(5, 11), (8, 5), (2, 3), (3, 6)], 2: [(7, 15)], 4: [(4, 8), (8, 12)], 3: [(6, 13), (8, 2), (10, 2), (9, 1)]}
itMosseLS: 11, itMosseTS: 5
time elapsed: 26.30s.


##########################################################################################
s: 1
dictSolutions[1]:
0 -> costo: 80205.0, rotte: {4: [(1, 3), (3, 10), (10, 8)], 2: [(1, 9), (9, 7)], 3: [(1, 6), (6, 2), (2, 7), (7, 8)], 5: [(1, 4), (4, 5), (5, 8)]}, padri: [-1], figli: [1], mosse: [-1]
1 -> costo: 75652.7, rotte: {4: [(1, 3), (3, 8), (8, 10)], 2: [(1, 9), (9, 7)], 3: [(1, 6), (6, 2), (2, 7), (7, 8)], 5: [(1, 4), (4, 5), (5, 8)]}, padri: [0], figli: [2], mosse: [(4, 4, 3, 8, 12)]
2 -> costo: 71837.90000000001, rotte: {4: [(1, 3), (3, 8), (8, 10)], 2: [(1, 7)], 3: [(1, 6), (6, 2), (2, 7), (7, 8), (8, 9)], 5: [(1, 4), (4, 5), (5, 8)]}, padri: [1], figli: [3, 5, 6], mosse: [(3, 2, 8, 9, 1)]
3 -> costo: 70337.40000000001, rotte: {4: [(1, 3), (3, 8), (8, 10)], 2: [(1, 7)], 3: [(1, 6), (6, 2), (2, 8), (8, 9)], 5: [(1, 4), (4, 5), (5, 8)]}, padri: [2, 5], figli: [4], mosse: [(2, 3, 1, 7, 1), (2, 3, 1, 7, 1)]
4 -> costo: 70125.6, rotte: {4: [(1, 3), (3, 8), (8, 10)], 2: [(1, 7)], 3: [(1, 6), (6, 2), (2, 8), (8, 9)], 5: [(1, 5), (5, 4), (4, 8)]}, padri: [3, 6], figli: [], mosse: [(5, 5, 5, 4, 8), (2, 3, 1, 7, 1)]
5 -> costo: 71007.6, rotte: {4: [(1, 3), (3, 8), (8, 10)], 2: [(1, 7)], 3: [(1, 6), (6, 7), (7, 2), (2, 8), (8, 9)], 5: [(1, 4), (4, 5), (5, 8)]}, padri: [2], figli: [3, 6], mosse: [(3, 3, 7, 2, 3)]
6 -> costo: 70795.8, rotte: {4: [(1, 3), (3, 8), (8, 10)], 2: [(1, 7)], 3: [(1, 6), (6, 7), (7, 2), (2, 8), (8, 9)], 5: [(1, 5), (5, 4), (4, 8)]}, padri: [5], figli: [4], mosse: [(5, 5, 5, 4, 8)]
bestSolutionIndice: 4
4 -> costo: 70125.6, rotte: {4: [(1, 3), (3, 8), (8, 10)], 2: [(1, 7)], 3: [(1, 6), (6, 2), (2, 8), (8, 9)], 5: [(1, 5), (5, 4), (4, 8)]}, padri: [3, 6], figli: [], mosse: [(5, 5, 5, 4, 8), (2, 3, 1, 7, 1)]
trasportoPalletDiGamma: {4: [(3, 6), (8, 12), (10, 2)], 2: [(7, 15)], 3: [(6, 13), (2, 3), (8, 1), (9, 1)], 5: [(5, 11), (4, 8), (8, 6)]}
itMosseLS: 8, itMosseTS: 5
time elapsed: 29.44s.


##########################################################################################
s: 1
dictSolutions[1]:
0 -> costo: 78810.50000000001, rotte: {2: [(1, 10), (10, 3), (3, 6)], 5: [(1, 5), (5, 2), (2, 4), (4, 6)], 3: [(1, 9), (9, 7), (7, 6)], 4: [(1, 8), (8, 4)]}, padri: [-1], figli: [1], mosse: [-1]
1 -> costo: 75901.10000000002, rotte: {2: [(1, 10), (10, 3), (3, 6)], 5: [(1, 5), (5, 2), (2, 4), (4, 6)], 3: [(1, 7), (7, 6), (6, 9)], 4: [(1, 8), (8, 4)]}, padri: [0], figli: [2], mosse: [(3, 3, 6, 9, 1)]
2 -> costo: 73555.00000000001, rotte: {2: [(1, 3), (3, 6), (6, 10)], 5: [(1, 5), (5, 2), (2, 4), (4, 6)], 3: [(1, 7), (7, 6), (6, 9)], 4: [(1, 8), (8, 4)]}, padri: [1], figli: [3], mosse: [(2, 2, 6, 10, 2)]
3 -> costo: 72813.90000000001, rotte: {2: [(1, 3), (3, 6), (6, 10)], 5: [(1, 5), (5, 2), (2, 4), (4, 6)], 3: [(1, 7), (7, 6), (6, 9)], 4: [(1, 8)]}, padri: [2], figli: [4], mosse: [(5, 4, 1, 4, 1)]
4 -> costo: 72224.00000000001, rotte: {2: [(1, 6), (6, 3), (3, 10)], 5: [(1, 5), (5, 2), (2, 4), (4, 6)], 3: [(1, 7), (7, 6), (6, 9)], 4: [(1, 8)]}, padri: [3], figli: [5], mosse: [(2, 2, 6, 3, 6)]
5 -> costo: 71637.20000000001, rotte: {2: [(1, 6), (6, 3), (3, 10)], 5: [(1, 5), (5, 4), (4, 6), (6, 2)], 3: [(1, 7), (7, 6), (6, 9)], 4: [(1, 8)]}, padri: [4], figli: [6, 9, 10], mosse: [(5, 5, 6, 2, 3)]
6 -> costo: 71375.6, rotte: {2: [(1, 6), (6, 3), (3, 10)], 5: [(1, 5), (5, 4), (4, 6), (6, 2)], 3: [(1, 6), (6, 7), (7, 9)], 4: [(1, 8)]}, padri: [5], figli: [7, 8], mosse: [(3, 3, 6, 7, 15)]
7 -> costo: 71127.00000000001, rotte: {2: [(1, 6), (6, 3), (3, 10)], 5: [(1, 5), (5, 6), (6, 4), (4, 2)], 3: [(1, 6), (6, 7), (7, 9)], 4: [(1, 8)]}, padri: [6, 9], figli: [], mosse: [(5, 5, 6, 4, 8), (3, 3, 6, 7, 15)]
8 -> costo: 71338.8, rotte: {2: [(1, 6), (6, 3), (3, 10)], 5: [(1, 4), (4, 6), (6, 5), (5, 2)], 3: [(1, 6), (6, 7), (7, 9)], 4: [(1, 8)]}, padri: [6, 10], figli: [], mosse: [(5, 5, 6, 5, 11), (3, 3, 6, 7, 15)]
9 -> costo: 71388.6, rotte: {2: [(1, 6), (6, 3), (3, 10)], 5: [(1, 5), (5, 6), (6, 4), (4, 2)], 3: [(1, 7), (7, 6), (6, 9)], 4: [(1, 8)]}, padri: [5], figli: [7], mosse: [(5, 5, 6, 4, 8)]
10 -> costo: 71600.40000000001, rotte: {2: [(1, 6), (6, 3), (3, 10)], 5: [(1, 4), (4, 6), (6, 5), (5, 2)], 3: [(1, 7), (7, 6), (6, 9)], 4: [(1, 8)]}, padri: [5], figli: [8], mosse: [(5, 5, 6, 5, 11)]
bestSolutionIndice: 7
7 -> costo: 71127.00000000001, rotte: {2: [(1, 6), (6, 3), (3, 10)], 5: [(1, 5), (5, 6), (6, 4), (4, 2)], 3: [(1, 6), (6, 7), (7, 9)], 4: [(1, 8)]}, padri: [6, 9], figli: [], mosse: [(5, 5, 6, 4, 8), (3, 3, 6, 7, 15)]
trasportoPalletDiGamma: {2: [(6, 7), (3, 6), (10, 2)], 5: [(5, 11), (6, 2), (4, 8), (2, 3)], 3: [(6, 4), (7, 15), (9, 1)], 4: [(8, 19)]}
itMosseLS: 12, itMosseTS: 5
time elapsed: 41.79s.


##########################################################################################
s: 1
dictSolutions[1]:
0 -> costo: 79052.2, rotte: {4: [(1, 3), (3, 2), (2, 8)], 2: [(1, 9), (9, 6), (6, 8)], 5: [(1, 4), (4, 7), (7, 8)], 3: [(1, 10), (10, 5), (5, 8)]}, padri: [-1], figli: [1], mosse: [-1]
1 -> costo: 69466.79999999999, rotte: {4: [(1, 3), (3, 2), (2, 8)], 2: [(1, 6), (6, 8)], 5: [(1, 4), (4, 7), (7, 8)], 3: [(1, 9), (9, 10), (10, 5), (5, 8)]}, padri: [0], figli: [2, 2, 2], mosse: [(3, 2, 1, 9, 1)]
2 -> costo: 68562.6, rotte: {4: [(1, 3), (3, 2), (2, 8)], 2: [(1, 6), (6, 8)], 5: [(1, 4), (4, 7), (7, 8)], 3: [(1, 9), (9, 10), (10, 8), (8, 5)]}, padri: [1, 1, 1], figli: [3, 3, 3], mosse: [(3, 3, 10, 8, 5), (3, 3, 8, 5, 11), (3, 3, 5, 8)]
3 -> costo: 68483.8, rotte: {4: [(1, 3), (3, 2), (2, 8)], 2: [(1, 6), (6, 8)], 5: [(1, 4), (4, 8), (8, 7)], 3: [(1, 9), (9, 10), (10, 8), (8, 5)]}, padri: [2, 2, 2], figli: [], mosse: [(5, 5, 4, 8, 2), (5, 5, 8, 7, 15), (5, 5, 7, 8)]
bestSolutionIndice: 3
3 -> costo: 68483.8, rotte: {4: [(1, 3), (3, 2), (2, 8)], 2: [(1, 6), (6, 8)], 5: [(1, 4), (4, 8), (8, 7)], 3: [(1, 9), (9, 10), (10, 8), (8, 5)]}, padri: [2, 2, 2], figli: [], mosse: [(5, 5, 4, 8, 2), (5, 5, 8, 7, 15), (5, 5, 7, 8)]
trasportoPalletDiGamma: {4: [(3, 6), (2, 3), (8, 11)], 2: [(6, 13), (8, 1)], 5: [(4, 8), (8, 2), (7, 15)], 3: [(9, 1), (10, 2), (8, 5), (5, 11)]}
itMosseLS: 7, itMosseTS: 5
time elapsed: 32.51s.


##########################################################################################
s: 1
dictSolutions[1]:
0 -> costo: 68660.40000000001, rotte: {5: [(1, 9), (9, 10), (10, 8), (8, 5)], 4: [(1, 6), (6, 3), (3, 5)], 3: [(1, 7), (7, 2), (2, 5)], 2: [(1, 4), (4, 5)]}, padri: [-1], figli: [1], mosse: [-1]
1 -> costo: 67609.30000000002, rotte: {5: [(1, 9), (9, 10), (10, 8), (8, 5)], 4: [(1, 6), (6, 3), (3, 5)], 3: [(1, 7), (7, 2)], 2: [(1, 4), (4, 5)]}, padri: [0], figli: [2, 3, 4], mosse: [(5, 3, 1, 5, 2)]
2 -> costo: 66613.5, rotte: {5: [(1, 9), (9, 10), (10, 8), (8, 5)], 4: [(1, 5), (5, 6), (6, 3)], 3: [(1, 7), (7, 2)], 2: [(1, 4), (4, 5)]}, padri: [1, 4], figli: [], mosse: [(4, 4, 1, 5, 1), (4, 4, 6, 3, 6)]
3 -> costo: 67311.4, rotte: {5: [(1, 9), (9, 10), (10, 8), (8, 5)], 4: [(1, 3), (3, 6), (6, 5)], 3: [(1, 7), (7, 2)], 2: [(1, 4), (4, 5)]}, padri: [1, 4, 4, 4], figli: [], mosse: [(4, 4, 3, 6, 13), (4, 4, 3, 6, 13), (4, 4, 6, 5, 1), (4, 4, 5, 6)]
4 -> costo: 67399.4, rotte: {5: [(1, 9), (9, 10), (10, 8), (8, 5)], 4: [(1, 3), (3, 5), (5, 6)], 3: [(1, 7), (7, 2)], 2: [(1, 4), (4, 5)]}, padri: [1], figli: [2, 3, 3, 3], mosse: [(4, 4, 5, 6, 13)]
bestSolutionIndice: 2
2 -> costo: 66613.5, rotte: {5: [(1, 9), (9, 10), (10, 8), (8, 5)], 4: [(1, 5), (5, 6), (6, 3)], 3: [(1, 7), (7, 2)], 2: [(1, 4), (4, 5)]}, padri: [1, 4], figli: [], mosse: [(4, 4, 1, 5, 1), (4, 4, 6, 3, 6)]
trasportoPalletDiGamma: {5: [(9, 1), (10, 2), (8, 19), (5, 3)], 4: [(5, 1), (6, 13), (3, 6)], 3: [(7, 15), (2, 3)], 2: [(4, 8), (5, 7)]}
itMosseLS: 8, itMosseTS: 5
time elapsed: 21.27s.


##########################################################################################
s: 1
dictSolutions[1]:
0 -> costo: 69499.9, rotte: {2: [(1, 8)], 5: [(1, 7), (7, 6)], 3: [(1, 5), (5, 10), (10, 9), (9, 8)], 4: [(1, 4), (4, 2), (2, 3), (3, 6)]}, padri: [-1], figli: [1], mosse: [-1]
1 -> costo: 64766.8, rotte: {2: [(1, 8)], 5: [(1, 7), (7, 6)], 3: [(1, 5), (5, 8), (8, 10), (10, 9)], 4: [(1, 4), (4, 2), (2, 3), (3, 6)]}, padri: [0], figli: [2], mosse: [(3, 3, 5, 8, 4)]
2 -> costo: 64217.4, rotte: {2: [(1, 8)], 5: [(1, 7), (7, 6)], 3: [(1, 5), (5, 8), (8, 10), (10, 9)], 4: [(1, 4), (4, 6), (6, 2), (2, 3)]}, padri: [1], figli: [3, 3, 3], mosse: [(4, 4, 4, 6, 3)]
3 -> costo: 63742.8, rotte: {2: [(1, 8)], 5: [(1, 6), (6, 7)], 3: [(1, 5), (5, 8), (8, 10), (10, 9)], 4: [(1, 4), (4, 6), (6, 2), (2, 3)]}, padri: [2, 2, 2], figli: [4, 4, 4], mosse: [(5, 5, 7, 6), (5, 5, 1, 6, 10), (5, 5, 6, 7, 15)]
4 -> costo: 63650.700000000004, rotte: {2: [(1, 8)], 5: [(1, 6), (6, 7)], 3: [(1, 5), (5, 8), (8, 10), (10, 9)], 4: [(1, 4), (4, 6), (6, 3), (3, 2)]}, padri: [3, 3, 3], figli: [], mosse: [(4, 4, 6, 3, 6), (4, 4, 3, 2, 3), (4, 4, 2, 3)]
bestSolutionIndice: 4
4 -> costo: 63650.700000000004, rotte: {2: [(1, 8)], 5: [(1, 6), (6, 7)], 3: [(1, 5), (5, 8), (8, 10), (10, 9)], 4: [(1, 4), (4, 6), (6, 3), (3, 2)]}, padri: [3, 3, 3], figli: [], mosse: [(4, 4, 6, 3, 6), (4, 4, 3, 2, 3), (4, 4, 2, 3)]
trasportoPalletDiGamma: {2: [(8, 15)], 5: [(6, 10), (7, 15)], 3: [(5, 11), (8, 4), (10, 2), (9, 1)], 4: [(4, 8), (6, 3), (3, 6), (2, 3)]}
itMosseLS: 8, itMosseTS: 5
time elapsed: 17.48s.


##########################################################################################
s: 1
dictSolutions[1]:
0 -> costo: 74728.4, rotte: {5: [(1, 10), (10, 6), (6, 5)], 3: [(1, 4), (4, 2), (2, 8), (8, 5), (5, 9)], 4: [(1, 3), (3, 8)], 2: [(1, 7)]}, padri: [-1], figli: [1], mosse: [-1]
1 -> costo: 65143.0, rotte: {5: [(1, 6), (6, 5)], 3: [(1, 4), (4, 2), (2, 8), (8, 5), (5, 10), (10, 9)], 4: [(1, 3), (3, 8)], 2: [(1, 7)]}, padri: [0], figli: [2], mosse: [(3, 5, 5, 10, 2)]
2 -> costo: 63333.0, rotte: {5: [(1, 6), (6, 5)], 3: [(1, 4), (4, 2), (2, 8), (8, 10), (10, 9)], 4: [(1, 3), (3, 8)], 2: [(1, 7)]}, padri: [1], figli: [3, 3, 3], mosse: [(5, 3, 1, 5, 1)]
3 -> costo: 63124.0, rotte: {5: [(1, 5), (5, 6)], 3: [(1, 4), (4, 2), (2, 8), (8, 10), (10, 9)], 4: [(1, 3), (3, 8)], 2: [(1, 7)]}, padri: [2, 2, 2], figli: [4, 4, 4], mosse: [(5, 5, 1, 5, 11), (5, 5, 5, 6, 13), (5, 5, 6, 5)]
4 -> costo: 63002.4, rotte: {5: [(1, 5), (5, 6)], 3: [(1, 4), (4, 2), (2, 8), (8, 10), (10, 9)], 4: [(1, 8), (8, 3)], 2: [(1, 7)]}, padri: [3, 3, 3], figli: [], mosse: [(4, 4, 1, 8, 14), (4, 4, 8, 3, 6), (4, 4, 3, 8)]
bestSolutionIndice: 4
4 -> costo: 63002.4, rotte: {5: [(1, 5), (5, 6)], 3: [(1, 4), (4, 2), (2, 8), (8, 10), (10, 9)], 4: [(1, 8), (8, 3)], 2: [(1, 7)]}, padri: [3, 3, 3], figli: [], mosse: [(4, 4, 1, 8, 14), (4, 4, 8, 3, 6), (4, 4, 3, 8)]
trasportoPalletDiGamma: {5: [(5, 11), (6, 13)], 3: [(4, 8), (2, 3), (8, 5), (10, 2), (9, 1)], 4: [(8, 14), (3, 6)], 2: [(7, 15)]}
itMosseLS: 8, itMosseTS: 5
time elapsed: 14.07s.


##########################################################################################
s: 1
dictSolutions[1]:
0 -> costo: 81995.39999999998, rotte: {2: [(1, 4), (4, 2), (2, 7)], 4: [(1, 6), (6, 9), (9, 8)], 5: [(1, 3), (3, 10), (10, 7), (7, 8)], 3: [(1, 5), (5, 8)]}, padri: [-1], figli: [1], mosse: [-1]
1 -> costo: 75864.09999999999, rotte: {2: [(1, 4), (4, 2), (2, 7)], 4: [(1, 6), (6, 9), (9, 8)], 5: [(1, 3), (3, 7), (7, 8), (8, 10)], 3: [(1, 5), (5, 8)]}, padri: [0], figli: [2], mosse: [(5, 5, 8, 10, 2)]
2 -> costo: 71131.0, rotte: {2: [(1, 4), (4, 2), (2, 7)], 4: [(1, 6), (6, 8), (8, 9)], 5: [(1, 3), (3, 7), (7, 8), (8, 10)], 3: [(1, 5), (5, 8)]}, padri: [1], figli: [3, 5], mosse: [(4, 4, 6, 8, 6)]
3 -> costo: 70802.7, rotte: {2: [(1, 4), (4, 2), (2, 7)], 4: [(1, 6), (6, 8), (8, 9)], 5: [(1, 7), (7, 3), (3, 8), (8, 10)], 3: [(1, 5), (5, 8)]}, padri: [2], figli: [4, 4, 4], mosse: [(5, 5, 7, 3, 6)]
4 -> costo: 70732.2, rotte: {2: [(1, 4), (4, 7), (7, 2)], 4: [(1, 6), (6, 8), (8, 9)], 5: [(1, 7), (7, 3), (3, 8), (8, 10)], 3: [(1, 5), (5, 8)]}, padri: [3, 3, 3, 5], figli: [], mosse: [(2, 2, 4, 7, 4), (2, 2, 7, 2, 3), (2, 2, 2, 7), (5, 5, 7, 3, 6)]
5 -> costo: 71060.5, rotte: {2: [(1, 4), (4, 7), (7, 2)], 4: [(1, 6), (6, 8), (8, 9)], 5: [(1, 3), (3, 7), (7, 8), (8, 10)], 3: [(1, 5), (5, 8)]}, padri: [2], figli: [4], mosse: [(2, 2, 4, 7, 4)]
bestSolutionIndice: 4
4 -> costo: 70732.2, rotte: {2: [(1, 4), (4, 7), (7, 2)], 4: [(1, 6), (6, 8), (8, 9)], 5: [(1, 7), (7, 3), (3, 8), (8, 10)], 3: [(1, 5), (5, 8)]}, padri: [3, 3, 3, 5], figli: [], mosse: [(2, 2, 4, 7, 4), (2, 2, 7, 2, 3), (2, 2, 2, 7), (5, 5, 7, 3, 6)]
trasportoPalletDiGamma: {2: [(4, 8), (7, 4), (2, 3)], 4: [(6, 13), (8, 6), (9, 1)], 5: [(7, 11), (3, 6), (8, 4), (10, 2)], 3: [(5, 11), (8, 9)]}
itMosseLS: 8, itMosseTS: 5
time elapsed: 28.02s.


##########################################################################################
s: 1
dictSolutions[1]:
0 -> costo: 78813.70000000001, rotte: {3: [(1, 10), (10, 5), (5, 8)], 4: [(1, 6), (6, 9), (9, 3)], 5: [(1, 4), (4, 2), (2, 8)], 2: [(1, 7)]}, padri: [-1], figli: [1], mosse: [-1]
1 -> costo: 74093.5, rotte: {3: [(1, 10), (10, 5), (5, 8)], 4: [(1, 6), (6, 3), (3, 9)], 5: [(1, 4), (4, 2), (2, 8)], 2: [(1, 7)]}, padri: [0], figli: [2, 3, 5], mosse: [(4, 4, 6, 3, 6)]
2 -> costo: 70046.9, rotte: {3: [(1, 5), (5, 8)], 4: [(1, 6), (6, 3), (3, 9)], 5: [(1, 4), (4, 2), (2, 8), (8, 10)], 2: [(1, 7)]}, padri: [1, 6], figli: [], mosse: [(5, 3, 8, 10, 2), (3, 3, 1, 5, 11)]
3 -> costo: 70046.9, rotte: {3: [(1, 5), (5, 8), (8, 10)], 4: [(1, 6), (6, 3), (3, 9)], 5: [(1, 4), (4, 2), (2, 8)], 2: [(1, 7)]}, padri: [1], figli: [4, 4, 4], mosse: [(3, 3, 8, 10, 2)]
4 -> costo: 69897.6, rotte: {3: [(1, 5), (5, 8), (8, 10)], 4: [(1, 6), (6, 3), (3, 9)], 5: [(1, 4), (4, 8), (8, 2)], 2: [(1, 7)]}, padri: [3, 3, 3], figli: [], mosse: [(5, 5, 4, 8, 12), (5, 5, 8, 2, 3), (5, 5, 2, 8)]
5 -> costo: 73189.3, rotte: {3: [(1, 10), (10, 8), (8, 5)], 4: [(1, 6), (6, 3), (3, 9)], 5: [(1, 4), (4, 2), (2, 8)], 2: [(1, 7)]}, padri: [1], figli: [6], mosse: [(3, 3, 10, 8, 7)]
6 -> costo: 70618.7, rotte: {3: [(1, 8), (8, 5)], 4: [(1, 6), (6, 3), (3, 9)], 5: [(1, 4), (4, 2), (2, 8), (8, 10)], 2: [(1, 7)]}, padri: [5], figli: [2], mosse: [(5, 3, 8, 10, 2)]
bestSolutionIndice: 4
4 -> costo: 69897.6, rotte: {3: [(1, 5), (5, 8), (8, 10)], 4: [(1, 6), (6, 3), (3, 9)], 5: [(1, 4), (4, 8), (8, 2)], 2: [(1, 7)]}, padri: [3, 3, 3], figli: [], mosse: [(5, 5, 4, 8, 12), (5, 5, 8, 2, 3), (5, 5, 2, 8)]
trasportoPalletDiGamma: {3: [(5, 11), (8, 7), (10, 2)], 4: [(6, 13), (3, 6), (9, 1)], 5: [(4, 8), (8, 12), (2, 3)], 2: [(7, 15)]}
itMosseLS: 9, itMosseTS: 5
time elapsed: 23.97s.


##########################################################################################
s: 1
dictSolutions[1]:
0 -> costo: 82530.2, rotte: {3: [(1, 5), (5, 8)], 2: [(1, 2), (2, 4), (4, 9), (9, 6)], 5: [(1, 3), (3, 10), (10, 8), (8, 6)], 4: [(1, 7), (7, 6)]}, padri: [-1], figli: [1], mosse: [-1]
1 -> costo: 77271.69999999998, rotte: {3: [(1, 5), (5, 8)], 2: [(1, 2), (2, 6), (6, 4), (4, 9)], 5: [(1, 3), (3, 10), (10, 8), (8, 6)], 4: [(1, 7), (7, 6)]}, padri: [0], figli: [2], mosse: [(2, 2, 2, 6, 3)]
2 -> costo: 73624.79999999999, rotte: {3: [(1, 5), (5, 8)], 2: [(1, 2), (2, 6), (6, 4), (4, 9)], 5: [(1, 3), (3, 8), (8, 6), (6, 10)], 4: [(1, 7), (7, 6)]}, padri: [1], figli: [3], mosse: [(5, 5, 6, 10, 2)]
3 -> costo: 72682.79999999999, rotte: {3: [(1, 5), (5, 8)], 2: [(1, 6), (6, 4), (4, 2), (2, 9)], 5: [(1, 3), (3, 8), (8, 6), (6, 10)], 4: [(1, 7), (7, 6)]}, padri: [2], figli: [4], mosse: [(2, 2, 4, 2, 3)]
4 -> costo: 71948.09999999999, rotte: {3: [(1, 5), (5, 8)], 2: [(1, 6), (6, 4), (4, 2), (2, 9)], 5: [(1, 3), (3, 6), (6, 8), (8, 10)], 4: [(1, 7), (7, 6)]}, padri: [3], figli: [5], mosse: [(5, 5, 6, 8, 10)]
5 -> costo: 71304.0, rotte: {3: [(1, 5), (5, 8)], 2: [(1, 6), (6, 4), (4, 2), (2, 9)], 5: [(1, 6), (6, 3), (3, 8), (8, 10)], 4: [(1, 7), (7, 6)]}, padri: [4], figli: [6, 6, 6, 8, 8, 8], mosse: [(5, 5, 6, 3, 6)]
6 -> costo: 70829.4, rotte: {3: [(1, 5), (5, 8)], 2: [(1, 6), (6, 4), (4, 2), (2, 9)], 5: [(1, 6), (6, 3), (3, 8), (8, 10)], 4: [(1, 6), (6, 7)]}, padri: [5, 5, 5], figli: [7], mosse: [(4, 4, 7, 6), (4, 4, 1, 6, 5), (4, 4, 6, 7, 15)]
7 -> costo: 70783.19999999998, rotte: {3: [(1, 5), (5, 8)], 2: [(1, 4), (4, 6), (6, 2), (2, 9)], 5: [(1, 6), (6, 3), (3, 8), (8, 10)], 4: [(1, 6), (6, 7)]}, padri: [6, 8, 8], figli: [], mosse: [(2, 2, 4, 6, 3), (4, 4, 7, 6), (4, 4, 1, 6, 5)]
8 -> costo: 71257.79999999999, rotte: {3: [(1, 5), (5, 8)], 2: [(1, 4), (4, 6), (6, 2), (2, 9)], 5: [(1, 6), (6, 3), (3, 8), (8, 10)], 4: [(1, 7), (7, 6)]}, padri: [5], figli: [7, 7], mosse: [(2, 2, 4, 6, 3)]
bestSolutionIndice: 7
7 -> costo: 70783.19999999998, rotte: {3: [(1, 5), (5, 8)], 2: [(1, 4), (4, 6), (6, 2), (2, 9)], 5: [(1, 6), (6, 3), (3, 8), (8, 10)], 4: [(1, 6), (6, 7)]}, padri: [6, 8, 8], figli: [], mosse: [(2, 2, 4, 6, 3), (4, 4, 7, 6), (4, 4, 1, 6, 5)]
trasportoPalletDiGamma: {3: [(5, 11), (8, 9)], 2: [(4, 8), (6, 3), (2, 3), (9, 1)], 5: [(6, 5), (3, 6), (8, 10), (10, 2)], 4: [(6, 5), (7, 15)]}
itMosseLS: 12, itMosseTS: 5
time elapsed: 36.09s.


##########################################################################################
s: 1
dictSolutions[1]:
0 -> costo: 79777.0, rotte: {3: [(1, 7), (7, 6)], 2: [(1, 8)], 4: [(1, 4), (4, 9), (9, 2), (2, 8), (8, 6)], 5: [(1, 10), (10, 3), (3, 5), (5, 6)]}, padri: [-1], figli: [1], mosse: [-1]
1 -> costo: 70774.9, rotte: {3: [(1, 7), (7, 6)], 2: [(1, 8)], 4: [(1, 4), (4, 9), (9, 10), (10, 2), (2, 8), (8, 6)], 5: [(1, 3), (3, 5), (5, 6)]}, padri: [0], figli: [2], mosse: [(4, 5, 9, 10, 2)]
2 -> costo: 68722.5, rotte: {3: [(1, 7), (7, 6)], 2: [(1, 8)], 4: [(1, 9), (9, 10), (10, 2), (2, 8), (8, 4), (4, 6)], 5: [(1, 3), (3, 5), (5, 6)]}, padri: [1], figli: [3], mosse: [(4, 4, 8, 4, 8)]
3 -> costo: 68247.9, rotte: {3: [(1, 6), (6, 7)], 2: [(1, 8)], 4: [(1, 9), (9, 10), (10, 2), (2, 8), (8, 4), (4, 6)], 5: [(1, 3), (3, 5), (5, 6)]}, padri: [2], figli: [4], mosse: [(3, 3, 7, 6)]
4 -> costo: 67942.5, rotte: {3: [(1, 6), (6, 7)], 2: [(1, 8)], 4: [(1, 9), (9, 10), (10, 8), (8, 2), (2, 4), (4, 6)], 5: [(1, 3), (3, 5), (5, 6)]}, padri: [3], figli: [5, 5, 5], mosse: [(4, 4, 8, 2, 3)]
5 -> costo: 67854.5, rotte: {3: [(1, 6), (6, 7)], 2: [(1, 8)], 4: [(1, 9), (9, 10), (10, 8), (8, 2), (2, 4), (4, 6)], 5: [(1, 3), (3, 6), (6, 5)]}, padri: [4, 4, 4], figli: [6], mosse: [(5, 5, 3, 6, 6), (5, 5, 6, 5, 11), (5, 5, 5, 6)]
6 -> costo: 67458.09999999999, rotte: {3: [(1, 6), (6, 7)], 2: [(1, 8)], 4: [(1, 9), (9, 10), (10, 8), (8, 2), (2, 4), (4, 6)], 5: [(1, 6), (6, 5), (5, 3)]}, padri: [5], figli: [7], mosse: [(5, 5, 5, 3, 6)]
7 -> costo: 67156.59999999999, rotte: {3: [(1, 6), (6, 7)], 2: [(1, 8)], 4: [(1, 9), (9, 10), (10, 8), (8, 2), (2, 4), (4, 6)], 5: [(1, 5), (5, 6), (6, 3)]}, padri: [6], figli: [], mosse: [(5, 5, 5, 6, 6)]
bestSolutionIndice: 7
7 -> costo: 67156.59999999999, rotte: {3: [(1, 6), (6, 7)], 2: [(1, 8)], 4: [(1, 9), (9, 10), (10, 8), (8, 2), (2, 4), (4, 6)], 5: [(1, 5), (5, 6), (6, 3)]}, padri: [6], figli: [], mosse: [(5, 5, 5, 6, 6)]
trasportoPalletDiGamma: {3: [(6, 5), (7, 15)], 2: [(8, 15)], 4: [(9, 1), (10, 2), (8, 4), (2, 3), (4, 8), (6, 2)], 5: [(5, 11), (6, 6), (3, 6)]}
itMosseLS: 9, itMosseTS: 5
time elapsed: 30.15s.


##########################################################################################
s: 1
dictSolutions[1]:
0 -> costo: 79448.5, rotte: {3: [(1, 4), (4, 3), (3, 10), (10, 6)], 2: [(1, 7)], 5: [(1, 8), (8, 5)], 4: [(1, 9), (9, 2), (2, 5), (5, 6)]}, padri: [-1], figli: [1], mosse: [-1]
1 -> costo: 74377.0, rotte: {3: [(1, 4), (4, 6), (6, 3), (3, 10)], 2: [(1, 7)], 5: [(1, 8), (8, 5)], 4: [(1, 9), (9, 2), (2, 5), (5, 6)]}, padri: [0], figli: [2], mosse: [(3, 3, 4, 6, 4)]
2 -> costo: 72192.3, rotte: {3: [(1, 4), (4, 6), (6, 3), (3, 10)], 2: [(1, 7)], 5: [(1, 8), (8, 5)], 4: [(1, 2), (2, 5), (5, 6), (6, 9)]}, padri: [1], figli: [3, 5], mosse: [(4, 4, 6, 9, 1)]
3 -> costo: 70950.6, rotte: {3: [(1, 4), (4, 6), (6, 3), (3, 10)], 2: [(1, 7)], 5: [(1, 8), (8, 5)], 4: [(1, 5), (5, 6), (6, 2), (2, 9)]}, padri: [2], figli: [4, 4, 4, 6, 6, 6], mosse: [(4, 4, 6, 2, 3)]
4 -> costo: 70378.8, rotte: {3: [(1, 4), (4, 6), (6, 3), (3, 10)], 2: [(1, 7)], 5: [(1, 5), (5, 8)], 4: [(1, 5), (5, 6), (6, 2), (2, 9)]}, padri: [3, 3, 3, 5, 7], figli: [], mosse: [(5, 5, 1, 5, 6), (5, 5, 5, 8, 19), (5, 5, 8, 5), (4, 4, 6, 2, 3), (4, 4, 5, 6, 9)]
5 -> costo: 71620.5, rotte: {3: [(1, 4), (4, 6), (6, 3), (3, 10)], 2: [(1, 7)], 5: [(1, 5), (5, 8)], 4: [(1, 2), (2, 5), (5, 6), (6, 9)]}, padri: [2], figli: [4, 6], mosse: [(5, 5, 1, 5, 6)]
6 -> costo: 71578.8, rotte: {3: [(1, 4), (4, 6), (6, 3), (3, 10)], 2: [(1, 7)], 5: [(1, 5), (5, 8)], 4: [(1, 2), (2, 6), (6, 5), (5, 9)]}, padri: [5], figli: [7], mosse: [(4, 4, 6, 5, 5)]
7 -> costo: 70636.8, rotte: {3: [(1, 4), (4, 6), (6, 3), (3, 10)], 2: [(1, 7)], 5: [(1, 5), (5, 8)], 4: [(1, 6), (6, 5), (5, 2), (2, 9)]}, padri: [6], figli: [4], mosse: [(4, 4, 5, 2, 3)]
bestSolutionIndice: 4
4 -> costo: 70378.8, rotte: {3: [(1, 4), (4, 6), (6, 3), (3, 10)], 2: [(1, 7)], 5: [(1, 5), (5, 8)], 4: [(1, 5), (5, 6), (6, 2), (2, 9)]}, padri: [3, 3, 3, 5, 7], figli: [], mosse: [(5, 5, 1, 5, 6), (5, 5, 5, 8, 19), (5, 5, 8, 5), (4, 4, 6, 2, 3), (4, 4, 5, 6, 9)]
trasportoPalletDiGamma: {3: [(4, 8), (6, 4), (3, 6), (10, 2)], 2: [(7, 15)], 5: [(5, 6), (8, 19)], 4: [(5, 5), (6, 9), (2, 3), (9, 1)]}
itMosseLS: 11, itMosseTS: 5
time elapsed: 31.64s.


##########################################################################################
s: 1
dictSolutions[1]:
0 -> costo: 78124.09999999999, rotte: {4: [(1, 10), (10, 5), (5, 3)], 5: [(1, 2), (2, 8), (8, 6)], 3: [(1, 7), (7, 6)], 2: [(1, 9), (9, 4), (4, 6)]}, padri: [-1], figli: [1], mosse: [-1]
1 -> costo: 68538.7, rotte: {4: [(1, 9), (9, 10), (10, 5), (5, 3)], 5: [(1, 2), (2, 8), (8, 6)], 3: [(1, 7), (7, 6)], 2: [(1, 4), (4, 6)]}, padri: [0], figli: [2], mosse: [(4, 2, 1, 9, 1)]
2 -> costo: 68064.1, rotte: {4: [(1, 9), (9, 10), (10, 5), (5, 3)], 5: [(1, 2), (2, 8), (8, 6)], 3: [(1, 6), (6, 7)], 2: [(1, 4), (4, 6)]}, padri: [1], figli: [3], mosse: [(3, 3, 7, 6)]
3 -> costo: 67634.2, rotte: {4: [(1, 9), (9, 10), (10, 5), (5, 3)], 5: [(1, 6), (6, 2), (2, 8)], 3: [(1, 6), (6, 7)], 2: [(1, 4), (4, 6)]}, padri: [2], figli: [4, 4, 4], mosse: [(5, 5, 1, 6, 3)]
4 -> costo: 67531.1, rotte: {4: [(1, 9), (9, 10), (10, 5), (5, 3)], 5: [(1, 6), (6, 8), (8, 2)], 3: [(1, 6), (6, 7)], 2: [(1, 4), (4, 6)]}, padri: [3, 3, 3], figli: [5, 5, 5], mosse: [(5, 5, 2, 8), (5, 5, 6, 8, 19), (5, 5, 8, 2, 3)]
5 -> costo: 67429.4, rotte: {4: [(1, 9), (9, 10), (10, 3), (3, 5)], 5: [(1, 6), (6, 8), (8, 2)], 3: [(1, 6), (6, 7)], 2: [(1, 4), (4, 6)]}, padri: [4, 4, 4], figli: [], mosse: [(4, 4, 10, 3, 6), (4, 4, 3, 5, 11), (4, 4, 5, 3)]
bestSolutionIndice: 5
5 -> costo: 67429.4, rotte: {4: [(1, 9), (9, 10), (10, 3), (3, 5)], 5: [(1, 6), (6, 8), (8, 2)], 3: [(1, 6), (6, 7)], 2: [(1, 4), (4, 6)]}, padri: [4, 4, 4], figli: [], mosse: [(4, 4, 10, 3, 6), (4, 4, 3, 5, 11), (4, 4, 5, 3)]
trasportoPalletDiGamma: {4: [(9, 1), (10, 2), (3, 6), (5, 11)], 5: [(6, 3), (8, 19), (2, 3)], 3: [(6, 5), (7, 15)], 2: [(4, 8), (6, 5)]}
itMosseLS: 9, itMosseTS: 5
time elapsed: 25.42s.


##########################################################################################
s: 1
dictSolutions[1]:
0 -> costo: 69388.09999999999, rotte: {3: [(1, 6), (6, 2), (2, 7)], 5: [(1, 4), (4, 8)], 4: [(1, 3), (3, 5), (5, 8)], 2: [(1, 9), (9, 10), (10, 7)]}, padri: [-1], figli: [1], mosse: [-1]
1 -> costo: 66926.7, rotte: {3: [(1, 6), (6, 2), (2, 7)], 5: [(1, 4), (4, 8)], 4: [(1, 3), (3, 5), (5, 8)], 2: [(1, 7), (7, 9), (9, 10)]}, padri: [0], figli: [2], mosse: [(2, 2, 1, 7, 11)]
2 -> costo: 65974.6, rotte: {3: [(1, 6), (6, 2), (2, 7)], 5: [(1, 4), (4, 8)], 4: [(1, 5), (5, 8), (8, 3)], 2: [(1, 7), (7, 9), (9, 10)]}, padri: [1], figli: [3, 3, 3], mosse: [(4, 4, 8, 3, 6)]
3 -> costo: 65739.6, rotte: {3: [(1, 6), (6, 2), (2, 7)], 5: [(1, 4), (4, 8)], 4: [(1, 5), (5, 8), (8, 3)], 2: [(1, 7), (7, 10), (10, 9)]}, padri: [2, 2, 2], figli: [4, 4, 4], mosse: [(2, 2, 7, 10, 2), (2, 2, 10, 9, 1), (2, 2, 9, 10)]
4 -> costo: 65535.9, rotte: {3: [(1, 6), (6, 7), (7, 2)], 5: [(1, 4), (4, 8)], 4: [(1, 5), (5, 8), (8, 3)], 2: [(1, 7), (7, 10), (10, 9)]}, padri: [3, 3, 3], figli: [], mosse: [(3, 3, 6, 7, 4), (3, 3, 7, 2, 3), (3, 3, 2, 7)]
bestSolutionIndice: 4
4 -> costo: 65535.9, rotte: {3: [(1, 6), (6, 7), (7, 2)], 5: [(1, 4), (4, 8)], 4: [(1, 5), (5, 8), (8, 3)], 2: [(1, 7), (7, 10), (10, 9)]}, padri: [3, 3, 3], figli: [], mosse: [(3, 3, 6, 7, 4), (3, 3, 7, 2, 3), (3, 3, 2, 7)]
trasportoPalletDiGamma: {3: [(6, 13), (7, 4), (2, 3)], 5: [(4, 8), (8, 17)], 4: [(5, 11), (8, 2), (3, 6)], 2: [(7, 11), (10, 2), (9, 1)]}
itMosseLS: 8, itMosseTS: 5
time elapsed: 26.41s.


##########################################################################################
s: 1
dictSolutions[1]:
0 -> costo: 76100.3, rotte: {2: [(1, 6), (6, 10)], 4: [(1, 5), (5, 9), (9, 8)], 3: [(1, 2), (2, 4), (4, 8)], 5: [(1, 7), (7, 3), (3, 8)]}, padri: [-1], figli: [1], mosse: [-1]
1 -> costo: 72847.20000000001, rotte: {2: [(1, 6), (6, 10)], 4: [(1, 8), (8, 5), (5, 9)], 3: [(1, 2), (2, 4), (4, 8)], 5: [(1, 7), (7, 3), (3, 8)]}, padri: [0], figli: [2], mosse: [(4, 4, 1, 8, 8)]
2 -> costo: 71367.20000000001, rotte: {2: [(1, 6), (6, 10)], 4: [(1, 5), (5, 8), (8, 9)], 3: [(1, 2), (2, 4), (4, 8)], 5: [(1, 7), (7, 3), (3, 8)]}, padri: [1], figli: [3, 4, 5], mosse: [(4, 4, 5, 8, 8)]
3 -> costo: 70217.1, rotte: {2: [(1, 6), (6, 10)], 4: [(1, 5), (5, 8), (8, 9)], 3: [(1, 4), (4, 8), (8, 2)], 5: [(1, 7), (7, 3), (3, 8)]}, padri: [2, 4, 4, 5], figli: [], mosse: [(3, 3, 8, 2, 3), (3, 3, 4, 8, 9), (3, 3, 8, 2, 3), (3, 3, 1, 4, 8)]
4 -> costo: 70366.4, rotte: {2: [(1, 6), (6, 10)], 4: [(1, 5), (5, 8), (8, 9)], 3: [(1, 4), (4, 2), (2, 8)], 5: [(1, 7), (7, 3), (3, 8)]}, padri: [2], figli: [3, 3], mosse: [(3, 3, 4, 2, 3)]
5 -> costo: 70982.6, rotte: {2: [(1, 6), (6, 10)], 4: [(1, 5), (5, 8), (8, 9)], 3: [(1, 8), (8, 2), (2, 4)], 5: [(1, 7), (7, 3), (3, 8)]}, padri: [2], figli: [3], mosse: [(3, 3, 1, 8, 9)]
bestSolutionIndice: 3
3 -> costo: 70217.1, rotte: {2: [(1, 6), (6, 10)], 4: [(1, 5), (5, 8), (8, 9)], 3: [(1, 4), (4, 8), (8, 2)], 5: [(1, 7), (7, 3), (3, 8)]}, padri: [2, 4, 4, 5], figli: [], mosse: [(3, 3, 8, 2, 3), (3, 3, 4, 8, 9), (3, 3, 8, 2, 3), (3, 3, 1, 4, 8)]
trasportoPalletDiGamma: {2: [(6, 13), (10, 2)], 4: [(5, 11), (8, 8), (9, 1)], 3: [(4, 8), (8, 9), (2, 3)], 5: [(7, 15), (3, 6), (8, 2)]}
itMosseLS: 8, itMosseTS: 5
time elapsed: 25.55s.


