itNSIMax: 5, itMosseTSMax: 100.
##########################################################################################
s: 1
dictSolutions[1]:
0 -> costo: 79620.5, rotte: {2: [(1, 10), (10, 8)], 3: [(1, 4), (4, 7)], 4: [(1, 2), (2, 3), (3, 9), (9, 7), (7, 8)], 5: [(1, 6), (6, 5), (5, 8)]}, padri: [-1], figli: [1], mosse: [-1]
1 -> costo: 71299.29999999999, rotte: {2: [(1, 8)], 3: [(1, 4), (4, 7)], 4: [(1, 2), (2, 3), (3, 10), (10, 9), (9, 7), (7, 8)], 5: [(1, 6), (6, 5), (5, 8)]}, padri: [0], figli: [2], mosse: [(4, 2, 3, 10, 2)]
2 -> costo: 70182.8, rotte: {2: [(1, 8)], 3: [(1, 4), (4, 7)], 4: [(1, 2), (2, 3), (3, 10), (10, 9), (9, 8), (8, 7)], 5: [(1, 6), (6, 5), (5, 8)]}, padri: [1], figli: [3], mosse: [(4, 4, 7, 8)]
3 -> costo: 69177.6, rotte: {2: [(1, 8)], 3: [(1, 4), (4, 7)], 4: [(1, 2), (2, 3), (3, 10), (10, 9), (9, 8), (8, 7)], 5: [(1, 6), (6, 5)]}, padri: [2], figli: [4], mosse: [(2, 5, 1, 8, 1)]
4 -> costo: 68968.6, rotte: {2: [(1, 8)], 3: [(1, 4), (4, 7)], 4: [(1, 2), (2, 3), (3, 10), (10, 9), (9, 8), (8, 7)], 5: [(1, 5), (5, 6)]}, padri: [3], figli: [5, 12, 20], mosse: [(5, 5, 6, 5)]
5 -> costo: 68090.3, rotte: {2: [(1, 8)], 3: [(1, 4), (4, 7)], 4: [(1, 2), (2, 10), (10, 9), (9, 8), (8, 3), (3, 7)], 5: [(1, 5), (5, 6)]}, padri: [4, 12, 12, 12], figli: [6, 7, 8, 9, 10], mosse: [(4, 4, 8, 3, 6), (4, 4, 7, 3), (4, 4, 8, 3, 6), (4, 4, 3, 7, 3)]
6 -> costo: 65727.6, rotte: {2: [(1, 8)], 3: [(1, 4), (4, 7)], 4: [(1, 10), (10, 9), (9, 8), (8, 2), (2, 3), (3, 7)], 5: [(1, 5), (5, 6)]}, padri: [5, 7, 8, 9, 11, 11, 11, 16], figli: [], mosse: [(4, 4, 8, 2, 3), (4, 4, 8, 2, 3), (4, 4, 8, 2, 3), (4, 4, 2, 3, 6), (4, 4, 7, 3), (4, 4, 2, 3, 6), (4, 4, 3, 7, 3), (4, 4, 3, 7, 3)]
7 -> costo: 66354.2, rotte: {2: [(1, 8)], 3: [(1, 4), (4, 7)], 4: [(1, 10), (10, 9), (9, 8), (8, 3), (3, 7), (7, 2)], 5: [(1, 5), (5, 6)]}, padri: [5, 8, 9, 9, 9, 16], figli: [6], mosse: [(4, 4, 7, 2, 3), (4, 4, 7, 2, 3), (4, 4, 2, 7), (4, 4, 3, 7, 3), (4, 4, 7, 2, 3), (4, 4, 8, 3, 6)]
8 -> costo: 66430.2, rotte: {2: [(1, 8)], 3: [(1, 4), (4, 7)], 4: [(1, 10), (10, 9), (9, 2), (2, 8), (8, 3), (3, 7)], 5: [(1, 5), (5, 6)]}, padri: [5, 14, 14, 14], figli: [6, 7, 10], mosse: [(4, 4, 9, 2, 3), (4, 4, 7, 3), (4, 4, 8, 3, 6), (4, 4, 3, 7, 3)]
9 -> costo: 66568.8, rotte: {2: [(1, 8)], 3: [(1, 4), (4, 7)], 4: [(1, 10), (10, 9), (9, 8), (8, 3), (3, 2), (2, 7)], 5: [(1, 5), (5, 6)]}, padri: [5], figli: [7, 6, 7, 7, 10, 10, 10], mosse: [(4, 4, 3, 2, 3)]
10 -> costo: 66354.2, rotte: {2: [(1, 8)], 3: [(1, 4), (4, 7)], 4: [(1, 10), (10, 9), (9, 8), (8, 7), (7, 3), (3, 2)], 5: [(1, 5), (5, 6)]}, padri: [5, 8, 9, 9, 9], figli: [11, 13, 14, 15, 18, 19], mosse: [(4, 4, 8, 7, 3)]
11 -> costo: 66041.59999999999, rotte: {2: [(1, 8)], 3: [(1, 4), (4, 7)], 4: [(1, 10), (10, 9), (9, 8), (8, 2), (2, 7), (7, 3)], 5: [(1, 5), (5, 6)]}, padri: [10, 12, 13, 14, 15, 17, 16, 18, 19], figli: [6, 6, 6], mosse: [(4, 4, 8, 2, 3), (4, 4, 8, 2, 3), (4, 4, 8, 2, 3), (4, 4, 8, 2, 3), (4, 4, 8, 2, 3), (4, 4, 8, 2, 3), (4, 4, 2, 7, 3), (4, 4, 8, 2, 3), (4, 4, 8, 2, 3)]
12 -> costo: 68404.3, rotte: {2: [(1, 8)], 3: [(1, 4), (4, 7)], 4: [(1, 2), (2, 10), (10, 9), (9, 8), (8, 7), (7, 3)], 5: [(1, 5), (5, 6)]}, padri: [4], figli: [5, 11, 13, 14, 15, 16, 18, 19, 5, 5], mosse: [(4, 4, 7, 3, 6)]
13 -> costo: 66354.2, rotte: {2: [(1, 8)], 3: [(1, 4), (4, 7)], 4: [(1, 10), (10, 9), (9, 8), (8, 7), (7, 3), (3, 2)], 5: [(1, 5), (5, 6)]}, padri: [10, 12], figli: [11, 15, 18, 19], mosse: [(4, 4, 3, 2, 3)]
14 -> costo: 66744.2, rotte: {2: [(1, 8)], 3: [(1, 4), (4, 7)], 4: [(1, 10), (10, 9), (9, 2), (2, 8), (8, 7), (7, 3)], 5: [(1, 5), (5, 6)]}, padri: [12], figli: [8, 11, 15, 8, 8, 18, 19], mosse: [(4, 4, 9, 2, 3)]
15 -> costo: 66354.2, rotte: {2: [(1, 8)], 3: [(1, 4), (4, 7)], 4: [(1, 10), (10, 9), (9, 8), (8, 7), (7, 3), (3, 2)], 5: [(1, 5), (5, 6)]}, padri: [10, 12, 13, 14], figli: [11, 18, 19], mosse: [(4, 4, 3, 2, 3)]
16 -> costo: 66882.8, rotte: {2: [(1, 8)], 3: [(1, 4), (4, 7)], 4: [(1, 10), (10, 9), (9, 8), (8, 7), (7, 2), (2, 3)], 5: [(1, 5), (5, 6)]}, padri: [12], figli: [17, 6, 11, 18, 19, 7], mosse: [(4, 4, 7, 2, 3)]
17 -> costo: 66354.2, rotte: {2: [(1, 8)], 3: [(1, 4), (4, 7)], 4: [(1, 10), (10, 9), (9, 8), (8, 7), (7, 3), (3, 2)], 5: [(1, 5), (5, 6)]}, padri: [16], figli: [11, 18, 19], mosse: [(4, 4, 2, 3)]
18 -> costo: 66354.2, rotte: {2: [(1, 8)], 3: [(1, 4), (4, 7)], 4: [(1, 10), (10, 9), (9, 8), (8, 7), (7, 3), (3, 2)], 5: [(1, 5), (5, 6)]}, padri: [10, 12, 13, 14, 15, 17, 16], figli: [11], mosse: [(4, 4, 7, 3, 6)]
19 -> costo: 66354.2, rotte: {2: [(1, 8)], 3: [(1, 4), (4, 7)], 4: [(1, 10), (10, 9), (9, 8), (8, 7), (7, 3), (3, 2)], 5: [(1, 5), (5, 6)]}, padri: [10, 12, 13, 14, 15, 17, 16], figli: [11], mosse: [(4, 4, 3, 2, 3)]
20 -> costo: 68506.1, rotte: {2: [(1, 8)], 3: [(1, 4), (4, 7)], 4: [(1, 2), (2, 3), (3, 7), (7, 10), (10, 9), (9, 8)], 5: [(1, 5), (5, 6)]}, padri: [4], figli: [21, 24, 25, 26, 27, 28, 35, 40, 45], mosse: [(4, 4, 3, 7, 3)]
21 -> costo: 63718.8, rotte: {2: [(1, 8)], 3: [(1, 4), (4, 7)], 4: [(1, 2), (2, 3), (3, 7), (7, 8), (8, 10), (10, 9)], 5: [(1, 5), (5, 6)]}, padri: [20, 24, 26, 27, 39], figli: [22], mosse: [(4, 4, 7, 8, 5), (4, 4, 7, 8, 5), (4, 4, 7, 8, 5), (4, 4, 7, 8, 5), (4, 4, 3, 7, 3)]
22 -> costo: 63357.600000000006, rotte: {2: [(1, 8)], 3: [(1, 4), (4, 7)], 4: [(1, 3), (3, 7), (7, 2), (2, 8), (8, 10), (10, 9)], 5: [(1, 5), (5, 6)]}, padri: [21, 25, 35, 37], figli: [23, 31], mosse: [(4, 4, 7, 2, 3), (4, 4, 2, 8, 5), (4, 4, 2, 8, 5), (4, 4, 2, 8, 5)]
23 -> costo: 63029.3, rotte: {2: [(1, 8)], 3: [(1, 4), (4, 7)], 4: [(1, 7), (7, 3), (3, 2), (2, 8), (8, 10), (10, 9)], 5: [(1, 5), (5, 6)]}, padri: [22, 29, 30, 31, 33, 34, 36, 39, 40, 41, 43, 44, 47, 48, 50, 51], figli: [], mosse: [(4, 4, 7, 3, 6), (4, 4, 3, 2, 3), (4, 4, 2, 8, 5), (4, 4, 2, 8, 5), (4, 4, 3, 2, 3), (4, 4, 2, 8, 5), (4, 4, 2, 8, 5), (4, 4, 3, 2, 3), (4, 4, 3, 2, 3), (4, 4, 2, 8, 5), (4, 4, 3, 2, 3), (4, 4, 2, 8, 5), (4, 4, 3, 2, 3), (4, 4, 2, 8, 5), (4, 4, 3, 2, 3), (4, 4, 2, 8, 5)]
24 -> costo: 64040.4, rotte: {2: [(1, 8)], 3: [(1, 4), (4, 7)], 4: [(1, 8), (8, 2), (2, 3), (3, 7), (7, 10), (10, 9)], 5: [(1, 5), (5, 6)]}, padri: [20, 26, 38], figli: [21, 25, 36, 37, 40], mosse: [(4, 4, 1, 8, 5), (4, 4, 8, 2, 3), (4, 4, 3, 7, 3)]
25 -> costo: 64003.30000000001, rotte: {2: [(1, 8)], 3: [(1, 4), (4, 7)], 4: [(1, 8), (8, 3), (3, 7), (7, 2), (2, 10), (10, 9)], 5: [(1, 5), (5, 6)]}, padri: [24, 26, 35], figli: [22], mosse: [(4, 4, 7, 2, 3), (4, 4, 7, 2, 3), (4, 4, 8, 3, 6)]
26 -> costo: 64458.50000000001, rotte: {2: [(1, 8)], 3: [(1, 4), (4, 7)], 4: [(1, 2), (2, 8), (8, 3), (3, 7), (7, 10), (10, 9)], 5: [(1, 5), (5, 6)]}, padri: [20, 27], figli: [21, 25, 24, 36, 37, 40, 45], mosse: [(4, 4, 2, 8, 5), (4, 4, 8, 3, 6)]
27 -> costo: 65299.700000000004, rotte: {2: [(1, 8)], 3: [(1, 4), (4, 7)], 4: [(1, 2), (2, 3), (3, 8), (8, 7), (7, 10), (10, 9)], 5: [(1, 5), (5, 6)]}, padri: [20], figli: [21, 26, 28, 35, 40], mosse: [(4, 4, 3, 8, 5)]
28 -> costo: 64458.50000000001, rotte: {2: [(1, 8)], 3: [(1, 4), (4, 7)], 4: [(1, 2), (2, 8), (8, 7), (7, 3), (3, 10), (10, 9)], 5: [(1, 5), (5, 6)]}, padri: [20, 27], figli: [29, 30, 32], mosse: [(4, 4, 7, 3, 6)]
29 -> costo: 63718.8, rotte: {2: [(1, 8)], 3: [(1, 4), (4, 7)], 4: [(1, 2), (2, 7), (7, 3), (3, 8), (8, 10), (10, 9)], 5: [(1, 5), (5, 6)]}, padri: [28], figli: [23, 31], mosse: [(4, 4, 3, 8, 5)]
30 -> costo: 64003.30000000001, rotte: {2: [(1, 8)], 3: [(1, 4), (4, 7)], 4: [(1, 8), (8, 7), (7, 3), (3, 2), (2, 10), (10, 9)], 5: [(1, 5), (5, 6)]}, padri: [28], figli: [23, 31], mosse: [(4, 4, 3, 2, 3)]
31 -> costo: 63731.9, rotte: {2: [(1, 8)], 3: [(1, 4), (4, 7)], 4: [(1, 7), (7, 3), (3, 8), (8, 2), (2, 10), (10, 9)], 5: [(1, 5), (5, 6)]}, padri: [30, 34, 36, 37, 39, 41, 44, 48, 51], figli: [23], mosse: [(4, 4, 3, 8, 5), (4, 4, 3, 8, 5), (4, 4, 3, 8, 5), (4, 4, 7, 3, 6), (4, 4, 8, 2, 3), (4, 4, 3, 8, 5), (4, 4, 3, 8, 5), (4, 4, 3, 8, 5), (4, 4, 3, 8, 5)]
32 -> costo: 64040.4, rotte: {2: [(1, 8)], 3: [(1, 4), (4, 7)], 4: [(1, 8), (8, 2), (2, 7), (7, 3), (3, 10), (10, 9)], 5: [(1, 5), (5, 6)]}, padri: [28], figli: [33, 34], mosse: [(4, 4, 8, 2, 3)]
33 -> costo: 63718.8, rotte: {2: [(1, 8)], 3: [(1, 4), (4, 7)], 4: [(1, 2), (2, 7), (7, 3), (3, 8), (8, 10), (10, 9)], 5: [(1, 5), (5, 6)]}, padri: [32], figli: [23], mosse: [(4, 4, 3, 8, 5)]
34 -> costo: 64003.30000000001, rotte: {2: [(1, 8)], 3: [(1, 4), (4, 7)], 4: [(1, 8), (8, 7), (7, 3), (3, 2), (2, 10), (10, 9)], 5: [(1, 5), (5, 6)]}, padri: [32], figli: [23, 31], mosse: [(4, 4, 3, 2, 3)]
35 -> costo: 64901.40000000001, rotte: {2: [(1, 8)], 3: [(1, 4), (4, 7)], 4: [(1, 3), (3, 8), (8, 7), (7, 2), (2, 10), (10, 9)], 5: [(1, 5), (5, 6)]}, padri: [27], figli: [22, 25, 36, 37, 38], mosse: [(4, 4, 7, 2, 3)]
36 -> costo: 64003.30000000001, rotte: {2: [(1, 8)], 3: [(1, 4), (4, 7)], 4: [(1, 8), (8, 7), (7, 3), (3, 2), (2, 10), (10, 9)], 5: [(1, 5), (5, 6)]}, padri: [24, 26, 35], figli: [23, 31], mosse: [(4, 4, 7, 3, 6)]
37 -> costo: 64060.200000000004, rotte: {2: [(1, 8)], 3: [(1, 4), (4, 7)], 4: [(1, 3), (3, 7), (7, 8), (8, 2), (2, 10), (10, 9)], 5: [(1, 5), (5, 6)]}, padri: [35], figli: [22, 31], mosse: [(4, 4, 7, 8, 5)]
38 -> costo: 64881.600000000006, rotte: {2: [(1, 8)], 3: [(1, 4), (4, 7)], 4: [(1, 8), (8, 7), (7, 2), (2, 3), (3, 10), (10, 9)], 5: [(1, 5), (5, 6)]}, padri: [35], figli: [39, 41, 42, 24, 45, 46], mosse: [(4, 4, 2, 3, 6)]
39 -> costo: 63870.5, rotte: {2: [(1, 8)], 3: [(1, 4), (4, 7)], 4: [(1, 7), (7, 2), (2, 3), (3, 8), (8, 10), (10, 9)], 5: [(1, 5), (5, 6)]}, padri: [38, 45], figli: [23, 21, 40, 31], mosse: [(4, 4, 3, 8, 5), (4, 4, 3, 8, 5)]
40 -> costo: 63718.8, rotte: {2: [(1, 8)], 3: [(1, 4), (4, 7)], 4: [(1, 2), (2, 7), (7, 3), (3, 8), (8, 10), (10, 9)], 5: [(1, 5), (5, 6)]}, padri: [20, 24, 26, 27, 39], figli: [23], mosse: [(4, 4, 2, 7, 3)]
41 -> costo: 64003.30000000001, rotte: {2: [(1, 8)], 3: [(1, 4), (4, 7)], 4: [(1, 8), (8, 7), (7, 3), (3, 2), (2, 10), (10, 9)], 5: [(1, 5), (5, 6)]}, padri: [38], figli: [23, 31], mosse: [(4, 4, 3, 2, 3)]
42 -> costo: 64040.4, rotte: {2: [(1, 8)], 3: [(1, 4), (4, 7)], 4: [(1, 8), (8, 2), (2, 7), (7, 3), (3, 10), (10, 9)], 5: [(1, 5), (5, 6)]}, padri: [38], figli: [43, 44], mosse: [(4, 4, 2, 7, 3)]
43 -> costo: 63718.8, rotte: {2: [(1, 8)], 3: [(1, 4), (4, 7)], 4: [(1, 2), (2, 7), (7, 3), (3, 8), (8, 10), (10, 9)], 5: [(1, 5), (5, 6)]}, padri: [42], figli: [23], mosse: [(4, 4, 3, 8, 5)]
44 -> costo: 64003.30000000001, rotte: {2: [(1, 8)], 3: [(1, 4), (4, 7)], 4: [(1, 8), (8, 7), (7, 3), (3, 2), (2, 10), (10, 9)], 5: [(1, 5), (5, 6)]}, padri: [42], figli: [23, 31], mosse: [(4, 4, 3, 2, 3)]
45 -> costo: 64610.200000000004, rotte: {2: [(1, 8)], 3: [(1, 4), (4, 7)], 4: [(1, 7), (7, 2), (2, 8), (8, 3), (3, 10), (10, 9)], 5: [(1, 5), (5, 6)]}, padri: [38], figli: [39, 46], mosse: [(4, 4, 2, 8, 5)]
46 -> costo: 64458.50000000001, rotte: {2: [(1, 8)], 3: [(1, 4), (4, 7)], 4: [(1, 2), (2, 8), (8, 7), (7, 3), (3, 10), (10, 9)], 5: [(1, 5), (5, 6)]}, padri: [38, 45], figli: [47, 48, 49], mosse: [(4, 4, 8, 7, 3)]
47 -> costo: 63718.8, rotte: {2: [(1, 8)], 3: [(1, 4), (4, 7)], 4: [(1, 2), (2, 7), (7, 3), (3, 8), (8, 10), (10, 9)], 5: [(1, 5), (5, 6)]}, padri: [46], figli: [23], mosse: [(4, 4, 3, 8, 5)]
48 -> costo: 64003.30000000001, rotte: {2: [(1, 8)], 3: [(1, 4), (4, 7)], 4: [(1, 8), (8, 7), (7, 3), (3, 2), (2, 10), (10, 9)], 5: [(1, 5), (5, 6)]}, padri: [46], figli: [23, 31], mosse: [(4, 4, 3, 2, 3)]
49 -> costo: 64040.4, rotte: {2: [(1, 8)], 3: [(1, 4), (4, 7)], 4: [(1, 8), (8, 2), (2, 7), (7, 3), (3, 10), (10, 9)], 5: [(1, 5), (5, 6)]}, padri: [46], figli: [50, 51], mosse: [(4, 4, 8, 2, 3)]
50 -> costo: 63718.8, rotte: {2: [(1, 8)], 3: [(1, 4), (4, 7)], 4: [(1, 2), (2, 7), (7, 3), (3, 8), (8, 10), (10, 9)], 5: [(1, 5), (5, 6)]}, padri: [49], figli: [23], mosse: [(4, 4, 3, 8, 5)]
51 -> costo: 64003.30000000001, rotte: {2: [(1, 8)], 3: [(1, 4), (4, 7)], 4: [(1, 8), (8, 7), (7, 3), (3, 2), (2, 10), (10, 9)], 5: [(1, 5), (5, 6)]}, padri: [49], figli: [23, 31], mosse: [(4, 4, 3, 2, 3)]
bestSolutionIndice: 23
23 -> costo: 63029.3, rotte: {2: [(1, 8)], 3: [(1, 4), (4, 7)], 4: [(1, 7), (7, 3), (3, 2), (2, 8), (8, 10), (10, 9)], 5: [(1, 5), (5, 6)]}, padri: [22, 29, 30, 31, 33, 34, 36, 39, 40, 41, 43, 44, 47, 48, 50, 51], figli: [], mosse: [(4, 4, 7, 3, 6), (4, 4, 3, 2, 3), (4, 4, 2, 8, 5), (4, 4, 2, 8, 5), (4, 4, 3, 2, 3), (4, 4, 2, 8, 5), (4, 4, 2, 8, 5), (4, 4, 3, 2, 3), (4, 4, 3, 2, 3), (4, 4, 2, 8, 5), (4, 4, 3, 2, 3), (4, 4, 2, 8, 5), (4, 4, 3, 2, 3), (4, 4, 2, 8, 5), (4, 4, 3, 2, 3), (4, 4, 2, 8, 5)]
trasportoPalletDiGamma: {2: [(8, 14)], 3: [(4, 8), (7, 12)], 4: [(7, 3), (3, 6), (2, 3), (8, 5), (10, 2), (9, 1)], 5: [(5, 11), (6, 13)]}
itMosseLS: 113, itMosseTS: 100
time elapsed: 215.77s.


##########################################################################################
s: 1
dictSolutions[1]:
0 -> costo: 70477.4, rotte: {5: [(1, 4), (4, 3), (3, 8)], 3: [(1, 9), (9, 10), (10, 7), (7, 8)], 4: [(1, 6), (6, 7)], 2: [(1, 2), (2, 5), (5, 8)]}, padri: [-1], figli: [1, 5, 13, 19, 16, 5, 5, 17, 13], mosse: [-1]
1 -> costo: 69115.49999999999, rotte: {5: [(1, 4), (4, 3), (3, 8)], 3: [(1, 9), (9, 10), (10, 7), (7, 8)], 4: [(1, 6), (6, 7)], 2: [(1, 5), (5, 8), (8, 2)]}, padri: [0, 16, 16, 16, 17], figli: [2, 4, 2, 2, 4, 4, 6, 6, 6, 8, 8, 8], mosse: [(2, 2, 8, 2, 3), (2, 2, 2, 8), (2, 2, 5, 8, 1), (2, 2, 8, 2, 3), (2, 2, 1, 5, 11)]
2 -> costo: 67999.0, rotte: {5: [(1, 4), (4, 3), (3, 8)], 3: [(1, 9), (9, 10), (10, 8), (8, 7)], 4: [(1, 6), (6, 7)], 2: [(1, 5), (5, 8), (8, 2)]}, padri: [1, 1, 1, 5, 7, 7, 7, 10], figli: [3, 3, 3], mosse: [(3, 3, 7, 8), (3, 3, 10, 8, 7), (3, 3, 8, 7, 8), (2, 2, 8, 2, 3), (2, 2, 2, 8), (2, 2, 5, 8, 1), (2, 2, 8, 2, 3), (2, 2, 1, 5, 11)]
3 -> costo: 67898.3, rotte: {5: [(1, 4), (4, 8), (8, 3)], 3: [(1, 9), (9, 10), (10, 8), (8, 7)], 4: [(1, 6), (6, 7)], 2: [(1, 5), (5, 8), (8, 2)]}, padri: [2, 2, 2, 4, 4, 4, 8, 8, 8, 11, 12], figli: [], mosse: [(5, 5, 4, 8, 11), (5, 5, 3, 8), (5, 5, 8, 3, 6), (3, 3, 10, 8, 7), (3, 3, 7, 8), (3, 3, 8, 7, 8), (2, 2, 5, 8, 1), (2, 2, 2, 8), (2, 2, 8, 2, 3), (2, 2, 1, 5, 11), (2, 2, 8, 2, 3)]
4 -> costo: 69014.79999999999, rotte: {5: [(1, 4), (4, 8), (8, 3)], 3: [(1, 9), (9, 10), (10, 7), (7, 8)], 4: [(1, 6), (6, 7)], 2: [(1, 5), (5, 8), (8, 2)]}, padri: [1, 1, 1, 15, 15, 15, 18, 19], figli: [3, 3, 3], mosse: [(5, 5, 3, 8), (5, 5, 4, 8, 11), (5, 5, 8, 3, 6), (2, 2, 2, 8), (2, 2, 5, 8, 1), (2, 2, 8, 2, 3), (2, 2, 1, 5, 11), (2, 2, 8, 2, 3)]
5 -> costo: 69360.90000000001, rotte: {5: [(1, 4), (4, 3), (3, 8)], 3: [(1, 9), (9, 10), (10, 8), (8, 7)], 4: [(1, 6), (6, 7)], 2: [(1, 2), (2, 5), (5, 8)]}, padri: [0, 0, 0], figli: [2, 6, 8, 12, 7, 10, 6, 6, 12, 12, 14, 14, 14, 18], mosse: [(3, 3, 7, 8), (3, 3, 10, 8, 7), (3, 3, 8, 7, 8)]
6 -> costo: 68741.00000000001, rotte: {5: [(1, 4), (4, 3), (3, 8)], 3: [(1, 9), (9, 10), (10, 8), (8, 7)], 4: [(1, 6), (6, 7)], 2: [(1, 2), (2, 8), (8, 5)]}, padri: [5, 5, 5, 13, 13, 13], figli: [7, 9, 9, 9, 10, 10, 10, 15, 15, 15, 18], mosse: [(2, 2, 5, 8), (2, 2, 2, 8, 1), (2, 2, 8, 5, 11), (3, 3, 10, 8, 7), (3, 3, 7, 8), (3, 3, 8, 7, 8)]
7 -> costo: 68148.30000000002, rotte: {5: [(1, 4), (4, 3), (3, 8)], 3: [(1, 9), (9, 10), (10, 8), (8, 7)], 4: [(1, 6), (6, 7)], 2: [(1, 5), (5, 2), (2, 8)]}, padri: [6, 5, 16, 16, 16], figli: [2, 2, 8, 8, 2, 8, 8], mosse: [(2, 2, 1, 5, 11), (2, 2, 5, 2, 3), (3, 3, 7, 8), (3, 3, 10, 8, 7), (3, 3, 8, 7, 8)]
8 -> costo: 68047.60000000002, rotte: {5: [(1, 4), (4, 8), (8, 3)], 3: [(1, 9), (9, 10), (10, 8), (8, 7)], 4: [(1, 6), (6, 7)], 2: [(1, 5), (5, 2), (2, 8)]}, padri: [7, 7, 7, 9, 15, 15, 15], figli: [3, 3, 3], mosse: [(5, 5, 3, 8), (5, 5, 4, 8, 11), (5, 5, 8, 3, 6), (2, 2, 1, 5, 11), (3, 3, 7, 8), (3, 3, 10, 8, 7), (3, 3, 8, 7, 8)]
9 -> costo: 68640.30000000002, rotte: {5: [(1, 4), (4, 8), (8, 3)], 3: [(1, 9), (9, 10), (10, 8), (8, 7)], 4: [(1, 6), (6, 7)], 2: [(1, 2), (2, 8), (8, 5)]}, padri: [6, 6, 6, 12, 12, 12, 14, 14, 14], figli: [8], mosse: [(5, 5, 3, 8), (5, 5, 4, 8, 11), (5, 5, 8, 3, 6), (2, 2, 5, 8), (2, 2, 2, 8, 1), (2, 2, 8, 5, 11), (3, 3, 10, 8, 7), (3, 3, 7, 8), (3, 3, 8, 7, 8)]
10 -> costo: 68720.1, rotte: {5: [(1, 4), (4, 3), (3, 8)], 3: [(1, 9), (9, 10), (10, 8), (8, 7)], 4: [(1, 6), (6, 7)], 2: [(1, 8), (8, 2), (2, 5)]}, padri: [6, 5, 17, 17, 17], figli: [11, 2, 11, 11], mosse: [(2, 2, 8, 2, 3), (2, 2, 1, 8, 1), (3, 3, 7, 8), (3, 3, 10, 8, 7), (3, 3, 8, 7, 8)]
11 -> costo: 68619.40000000001, rotte: {5: [(1, 4), (4, 8), (8, 3)], 3: [(1, 9), (9, 10), (10, 8), (8, 7)], 4: [(1, 6), (6, 7)], 2: [(1, 8), (8, 2), (2, 5)]}, padri: [10, 10, 10, 12, 18, 18, 18], figli: [3], mosse: [(5, 5, 3, 8), (5, 5, 4, 8, 11), (5, 5, 8, 3, 6), (2, 2, 1, 8, 1), (3, 3, 10, 8, 7), (3, 3, 7, 8), (3, 3, 8, 7, 8)]
12 -> costo: 69260.20000000001, rotte: {5: [(1, 4), (4, 8), (8, 3)], 3: [(1, 9), (9, 10), (10, 8), (8, 7)], 4: [(1, 6), (6, 7)], 2: [(1, 2), (2, 5), (5, 8)]}, padri: [5, 5, 5, 19, 19, 19], figli: [3, 9, 11, 9, 9, 15, 15, 15], mosse: [(5, 5, 3, 8), (5, 5, 4, 8, 11), (5, 5, 8, 3, 6), (3, 3, 7, 8), (3, 3, 10, 8, 7), (3, 3, 8, 7, 8)]
13 -> costo: 69857.5, rotte: {5: [(1, 4), (4, 3), (3, 8)], 3: [(1, 9), (9, 10), (10, 7), (7, 8)], 4: [(1, 6), (6, 7)], 2: [(1, 2), (2, 8), (8, 5)]}, padri: [0, 0], figli: [6, 6, 6, 14, 14, 14, 16, 14, 14, 17, 17, 17], mosse: [(2, 2, 5, 8), (2, 2, 2, 8, 1)]
14 -> costo: 69756.8, rotte: {5: [(1, 4), (4, 8), (8, 3)], 3: [(1, 9), (9, 10), (10, 7), (7, 8)], 4: [(1, 6), (6, 7)], 2: [(1, 2), (2, 8), (8, 5)]}, padri: [13, 13, 13, 19, 19, 19], figli: [9, 9, 9, 15, 15, 15], mosse: [(5, 5, 3, 8), (5, 5, 4, 8, 11), (5, 5, 8, 3, 6), (2, 2, 5, 8), (2, 2, 2, 8, 1), (2, 2, 8, 5, 11)]
15 -> costo: 69164.1, rotte: {5: [(1, 4), (4, 8), (8, 3)], 3: [(1, 9), (9, 10), (10, 7), (7, 8)], 4: [(1, 6), (6, 7)], 2: [(1, 5), (5, 2), (2, 8)]}, padri: [14, 16, 16, 16], figli: [8, 8, 4, 8, 4, 4], mosse: [(2, 2, 1, 5, 11), (5, 5, 3, 8), (5, 5, 4, 8, 11), (5, 5, 8, 3, 6)]
16 -> costo: 69264.8, rotte: {5: [(1, 4), (4, 3), (3, 8)], 3: [(1, 9), (9, 10), (10, 7), (7, 8)], 4: [(1, 6), (6, 7)], 2: [(1, 5), (5, 2), (2, 8)]}, padri: [13, 0], figli: [7, 7, 1, 7, 15, 1, 1, 15, 15], mosse: [(2, 2, 1, 5, 11), (2, 2, 5, 2, 3)]
17 -> costo: 69836.6, rotte: {5: [(1, 4), (4, 3), (3, 8)], 3: [(1, 9), (9, 10), (10, 7), (7, 8)], 4: [(1, 6), (6, 7)], 2: [(1, 8), (8, 2), (2, 5)]}, padri: [13, 0], figli: [10, 10, 18, 18, 10, 1, 18, 18], mosse: [(2, 2, 8, 2, 3), (2, 2, 1, 8, 1)]
18 -> costo: 69735.90000000001, rotte: {5: [(1, 4), (4, 8), (8, 3)], 3: [(1, 9), (9, 10), (10, 7), (7, 8)], 4: [(1, 6), (6, 7)], 2: [(1, 8), (8, 2), (2, 5)]}, padri: [17, 17, 17, 19], figli: [11, 11, 11, 4], mosse: [(5, 5, 3, 8), (5, 5, 4, 8, 11), (5, 5, 8, 3, 6), (2, 2, 1, 8, 1)]
19 -> costo: 70376.7, rotte: {5: [(1, 4), (4, 8), (8, 3)], 3: [(1, 9), (9, 10), (10, 7), (7, 8)], 4: [(1, 6), (6, 7)], 2: [(1, 2), (2, 5), (5, 8)]}, padri: [0], figli: [4, 12, 12, 14, 12, 18, 14, 14], mosse: [(5, 5, 3, 8)]
bestSolutionIndice: 3
3 -> costo: 67898.3, rotte: {5: [(1, 4), (4, 8), (8, 3)], 3: [(1, 9), (9, 10), (10, 8), (8, 7)], 4: [(1, 6), (6, 7)], 2: [(1, 5), (5, 8), (8, 2)]}, padri: [2, 2, 2, 4, 4, 4, 8, 8, 8, 11, 12], figli: [], mosse: [(5, 5, 4, 8, 11), (5, 5, 3, 8), (5, 5, 8, 3, 6), (3, 3, 10, 8, 7), (3, 3, 7, 8), (3, 3, 8, 7, 8), (2, 2, 5, 8, 1), (2, 2, 2, 8), (2, 2, 8, 2, 3), (2, 2, 1, 5, 11), (2, 2, 8, 2, 3)]
trasportoPalletDiGamma: {5: [(4, 8), (8, 11), (3, 6)], 3: [(9, 1), (10, 2), (8, 7), (7, 8)], 4: [(6, 13), (7, 7)], 2: [(5, 11), (8, 1), (2, 3)]}
itMosseLS: 101, itMosseTS: 100
time elapsed: 351.77s.


##########################################################################################
s: 1
dictSolutions[1]:
0 -> costo: 81251.20000000001, rotte: {4: [(1, 6), (6, 10), (10, 3)], 5: [(1, 4), (4, 7), (7, 9), (9, 3)], 2: [(1, 8)], 3: [(1, 5), (5, 2), (2, 8)]}, padri: [-1], figli: [1, 1, 1, 19, 19, 19], mosse: [-1]
1 -> costo: 75689.30000000002, rotte: {4: [(1, 6), (6, 10), (10, 3)], 5: [(1, 4), (4, 7), (7, 3), (3, 9)], 2: [(1, 8)], 3: [(1, 5), (5, 2), (2, 8)]}, padri: [0, 0, 0], figli: [2, 4, 2, 2, 16, 16, 16, 17, 18, 4, 4, 20, 20, 20], mosse: [(5, 5, 7, 3, 1), (5, 5, 9, 3), (5, 5, 3, 9, 1)]
2 -> costo: 71204.10000000002, rotte: {4: [(1, 6), (6, 3), (3, 10)], 5: [(1, 4), (4, 7), (7, 3), (3, 9)], 2: [(1, 8)], 3: [(1, 5), (5, 2), (2, 8)]}, padri: [1, 1, 1, 16, 18, 19, 19, 19], figli: [3, 3, 3, 5, 5, 5, 21, 21, 21], mosse: [(4, 4, 10, 3), (4, 4, 6, 3, 5), (4, 4, 3, 10, 2), (4, 4, 6, 3, 5), (4, 4, 3, 10, 2), (5, 5, 7, 3, 1), (5, 5, 9, 3), (5, 5, 3, 9, 1)]
3 -> costo: 71054.8, rotte: {4: [(1, 6), (6, 3), (3, 10)], 5: [(1, 4), (4, 7), (7, 3), (3, 9)], 2: [(1, 8)], 3: [(1, 5), (5, 8), (8, 2)]}, padri: [2, 2, 2, 4, 4, 4, 5, 15, 20, 20, 20, 21, 22, 31], figli: [], mosse: [(3, 3, 5, 8, 4), (3, 3, 2, 8), (3, 3, 8, 2, 3), (4, 4, 6, 3, 5), (4, 4, 10, 3), (4, 4, 3, 10, 2), (4, 4, 6, 3, 5), (4, 4, 3, 10, 2), (5, 5, 7, 3, 1), (5, 5, 9, 3), (5, 5, 3, 9, 1), (5, 5, 7, 3, 1), (5, 5, 7, 3, 1), (5, 5, 3, 9, 1)]
4 -> costo: 75540.0, rotte: {4: [(1, 6), (6, 10), (10, 3)], 5: [(1, 4), (4, 7), (7, 3), (3, 9)], 2: [(1, 8)], 3: [(1, 5), (5, 8), (8, 2)]}, padri: [1, 1, 1], figli: [3, 3, 3, 5, 5, 5, 6, 15, 21, 21, 21], mosse: [(3, 3, 2, 8), (3, 3, 5, 8, 4), (3, 3, 8, 2, 3)]
5 -> costo: 71644.7, rotte: {4: [(1, 3), (3, 6), (6, 10)], 5: [(1, 4), (4, 7), (7, 3), (3, 9)], 2: [(1, 8)], 3: [(1, 5), (5, 8), (8, 2)]}, padri: [4, 6, 16, 16, 16], figli: [3, 21], mosse: [(4, 4, 1, 3, 5), (4, 4, 6, 10, 2), (3, 3, 2, 8), (3, 3, 5, 8, 4), (3, 3, 8, 2, 3)]
6 -> costo: 73990.8, rotte: {4: [(1, 10), (10, 3), (3, 6)], 5: [(1, 4), (4, 7), (7, 3), (3, 9)], 2: [(1, 8)], 3: [(1, 5), (5, 8), (8, 2)]}, padri: [4, 15, 15, 15, 17, 17, 17], figli: [7, 5], mosse: [(4, 4, 3, 6, 13), (4, 4, 6, 3), (4, 4, 10, 3, 5), (4, 4, 3, 6, 13), (3, 3, 2, 8), (3, 3, 5, 8, 4), (3, 3, 8, 2, 3)]
7 -> costo: 71194.0, rotte: {4: [(1, 3), (3, 6)], 5: [(1, 4), (4, 7), (7, 3), (3, 9)], 2: [(1, 8)], 3: [(1, 5), (5, 8), (8, 2), (2, 10)]}, padri: [6], figli: [8, 8, 8, 12, 12, 12, 14, 14], mosse: [(3, 4, 2, 10, 2)]
8 -> costo: 70705.1, rotte: {4: [(1, 6), (6, 3)], 5: [(1, 4), (4, 7), (7, 3), (3, 9)], 2: [(1, 8)], 3: [(1, 5), (5, 8), (8, 2), (2, 10)]}, padri: [7, 7, 7, 15], figli: [9, 11, 11, 13], mosse: [(4, 4, 3, 6), (4, 4, 1, 6, 13), (4, 4, 6, 3, 5), (3, 4, 2, 10, 2)]
9 -> costo: 70399.70000000001, rotte: {4: [(1, 6), (6, 3)], 5: [(1, 4), (4, 7), (7, 3), (3, 9)], 2: [(1, 8)], 3: [(1, 5), (5, 2), (2, 8), (8, 10)]}, padri: [8, 12, 12, 12], figli: [10, 10], mosse: [(3, 3, 2, 8, 4), (4, 4, 3, 6), (4, 4, 1, 6, 13), (4, 4, 6, 3, 5)]
10 -> costo: 70332.40000000001, rotte: {4: [(1, 6), (6, 3)], 5: [(1, 4), (4, 7), (7, 9)], 2: [(1, 8)], 3: [(1, 5), (5, 2), (2, 8), (8, 10)]}, padri: [9, 9, 11, 13, 13, 13], figli: [], mosse: [(4, 5, 1, 3, 1), (4, 5, 6, 3, 1), (3, 3, 2, 8, 4), (4, 4, 3, 6), (4, 4, 1, 6, 13), (4, 4, 6, 3, 6)]
11 -> costo: 70637.8, rotte: {4: [(1, 6), (6, 3)], 5: [(1, 4), (4, 7), (7, 9)], 2: [(1, 8)], 3: [(1, 5), (5, 8), (8, 2), (2, 10)]}, padri: [8, 8, 14, 14, 14], figli: [10], mosse: [(4, 5, 1, 3, 1), (4, 5, 6, 3, 1), (4, 4, 3, 6), (4, 4, 1, 6, 13), (4, 4, 6, 3, 6)]
12 -> costo: 70888.6, rotte: {4: [(1, 3), (3, 6)], 5: [(1, 4), (4, 7), (7, 3), (3, 9)], 2: [(1, 8)], 3: [(1, 5), (5, 2), (2, 8), (8, 10)]}, padri: [7], figli: [9, 9, 9, 13, 13, 13, 13], mosse: [(3, 3, 2, 8, 4)]
13 -> costo: 70821.3, rotte: {4: [(1, 3), (3, 6)], 5: [(1, 4), (4, 7), (7, 9)], 2: [(1, 8)], 3: [(1, 5), (5, 2), (2, 8), (8, 10)]}, padri: [12, 12, 14], figli: [10, 10, 10], mosse: [(4, 5, 1, 3, 1), (4, 5, 6, 3, 1), (3, 3, 2, 8, 4)]
14 -> costo: 71126.7, rotte: {4: [(1, 3), (3, 6)], 5: [(1, 4), (4, 7), (7, 9)], 2: [(1, 8)], 3: [(1, 5), (5, 8), (8, 2), (2, 10)]}, padri: [7, 7], figli: [11, 11, 11, 13], mosse: [(4, 5, 1, 3, 1), (4, 5, 6, 3, 1)]
15 -> costo: 74085.2, rotte: {4: [(1, 10), (10, 6), (6, 3)], 5: [(1, 4), (4, 7), (7, 3), (3, 9)], 2: [(1, 8)], 3: [(1, 5), (5, 8), (8, 2)]}, padri: [4, 18, 18, 18], figli: [6, 8, 3, 6, 6, 21], mosse: [(4, 4, 10, 6, 13), (3, 3, 2, 8), (3, 3, 5, 8, 4), (3, 3, 8, 2, 3)]
16 -> costo: 71794.00000000001, rotte: {4: [(1, 3), (3, 6), (6, 10)], 5: [(1, 4), (4, 7), (7, 3), (3, 9)], 2: [(1, 8)], 3: [(1, 5), (5, 2), (2, 8)]}, padri: [1, 17], figli: [5, 2, 5, 5, 20], mosse: [(4, 4, 1, 3, 5), (4, 4, 6, 10, 2)]
17 -> costo: 74140.10000000002, rotte: {4: [(1, 10), (10, 3), (3, 6)], 5: [(1, 4), (4, 7), (7, 3), (3, 9)], 2: [(1, 8)], 3: [(1, 5), (5, 2), (2, 8)]}, padri: [1, 18, 18, 18], figli: [6, 16, 6, 6], mosse: [(4, 4, 3, 6, 13), (4, 4, 6, 3), (4, 4, 10, 3, 5), (4, 4, 3, 6, 13)]
18 -> costo: 74234.50000000001, rotte: {4: [(1, 10), (10, 6), (6, 3)], 5: [(1, 4), (4, 7), (7, 3), (3, 9)], 2: [(1, 8)], 3: [(1, 5), (5, 2), (2, 8)]}, padri: [1], figli: [15, 2, 17, 15, 15, 17, 17, 20], mosse: [(4, 4, 10, 6, 13)]
19 -> costo: 76766.00000000001, rotte: {4: [(1, 6), (6, 3), (3, 10)], 5: [(1, 4), (4, 7), (7, 9), (9, 3)], 2: [(1, 8)], 3: [(1, 5), (5, 2), (2, 8)]}, padri: [0], figli: [2, 2, 2, 20, 20, 20], mosse: [(4, 4, 10, 3)]
20 -> costo: 76616.7, rotte: {4: [(1, 6), (6, 3), (3, 10)], 5: [(1, 4), (4, 7), (7, 9), (9, 3)], 2: [(1, 8)], 3: [(1, 5), (5, 8), (8, 2)]}, padri: [19], figli: [3, 3, 3, 21, 21, 21, 22, 23, 29, 30], mosse: [(3, 3, 2, 8)]
21 -> costo: 71390.7, rotte: {4: [(1, 6), (6, 3), (3, 10)], 5: [(1, 4), (4, 3), (3, 7), (7, 9)], 2: [(1, 8)], 3: [(1, 5), (5, 8), (8, 2)]}, padri: [20, 22, 29], figli: [3], mosse: [(5, 5, 4, 3, 1), (5, 5, 4, 3, 1), (5, 5, 7, 9, 1)]
22 -> costo: 72571.59999999999, rotte: {4: [(1, 6), (6, 3), (3, 10)], 5: [(1, 3), (3, 4), (4, 7), (7, 9)], 2: [(1, 8)], 3: [(1, 5), (5, 8), (8, 2)]}, padri: [20], figli: [3, 21, 23, 24, 26, 27, 28, 30], mosse: [(5, 5, 1, 3, 1)]
23 -> costo: 71583.4, rotte: {4: [(1, 6), (6, 3), (3, 10)], 5: [(1, 4), (4, 7), (7, 9)], 2: [(1, 8)], 3: [(1, 5), (5, 8), (8, 2), (2, 3)]}, padri: [22, 26, 26, 26, 28], figli: [], mosse: [(3, 5, 2, 3, 1), (3, 3, 3, 2), (3, 3, 8, 2, 3), (3, 3, 2, 3, 1), (3, 3, 2, 3, 1)]
24 -> costo: 71648.2, rotte: {4: [(1, 6), (6, 3), (3, 10)], 5: [(1, 3), (3, 7), (7, 4), (4, 9)], 2: [(1, 8)], 3: [(1, 5), (5, 8), (8, 2)]}, padri: [22], figli: [25], mosse: [(5, 5, 7, 4, 8)]
25 -> costo: 71647.8, rotte: {4: [(1, 6), (6, 3), (3, 10)], 5: [(1, 7), (7, 3), (3, 4), (4, 9)], 2: [(1, 8)], 3: [(1, 5), (5, 8), (8, 2)]}, padri: [24], figli: [], mosse: [(5, 5, 7, 3, 1)]
26 -> costo: 71896.0, rotte: {4: [(1, 6), (6, 3), (3, 10)], 5: [(1, 4), (4, 7), (7, 9)], 2: [(1, 8)], 3: [(1, 5), (5, 8), (8, 3), (3, 2)]}, padri: [22, 28], figli: [23, 23, 23, 27, 27, 27], mosse: [(3, 5, 8, 3, 1), (3, 3, 8, 3, 1)]
27 -> costo: 71684.1, rotte: {4: [(1, 6), (6, 3), (3, 10)], 5: [(1, 4), (4, 7), (7, 9)], 2: [(1, 8)], 3: [(1, 5), (5, 3), (3, 2), (2, 8)]}, padri: [26, 28, 28, 28], figli: [], mosse: [(3, 3, 2, 8, 4), (3, 3, 8, 2), (3, 3, 3, 2, 3), (3, 3, 2, 8, 4)]
28 -> costo: 71932.0, rotte: {4: [(1, 6), (6, 3), (3, 10)], 5: [(1, 4), (4, 7), (7, 9)], 2: [(1, 8)], 3: [(1, 5), (5, 3), (3, 8), (8, 2)]}, padri: [22], figli: [27, 23, 27, 27, 26], mosse: [(3, 5, 5, 3, 1)]
29 -> costo: 75707.2, rotte: {4: [(1, 6), (6, 3), (3, 10)], 5: [(1, 4), (4, 9), (9, 3), (3, 7)], 2: [(1, 8)], 3: [(1, 5), (5, 8), (8, 2)]}, padri: [20], figli: [21, 30], mosse: [(5, 5, 3, 7, 15)]
30 -> costo: 74342.09999999999, rotte: {4: [(1, 6), (6, 3), (3, 10)], 5: [(1, 9), (9, 4), (4, 3), (3, 7)], 2: [(1, 8)], 3: [(1, 5), (5, 8), (8, 2)]}, padri: [29], figli: [31, 34], mosse: [(5, 5, 9, 4, 8)]
31 -> costo: 74320.2, rotte: {4: [(1, 6), (6, 3), (3, 10)], 5: [(1, 9), (9, 4), (4, 7), (7, 3)], 2: [(1, 8)], 3: [(1, 5), (5, 8), (8, 2)]}, padri: [30], figli: [32, 3], mosse: [(5, 5, 3, 7)]
32 -> costo: 70705.1, rotte: {4: [(1, 6), (6, 3), (3, 10)], 5: [(1, 4), (4, 7), (7, 3)], 2: [(1, 8)], 3: [(1, 5), (5, 8), (8, 2), (2, 9)]}, padri: [31], figli: [33], mosse: [(3, 5, 2, 9, 1)]
33 -> costo: 70399.7, rotte: {4: [(1, 6), (6, 3), (3, 10)], 5: [(1, 4), (4, 7), (7, 3)], 2: [(1, 8)], 3: [(1, 5), (5, 2), (2, 8), (8, 9)]}, padri: [32, 35, 36], figli: [], mosse: [(3, 3, 2, 8, 4), (3, 3, 2, 8, 4), (5, 5, 3, 7)]
34 -> costo: 70727.0, rotte: {4: [(1, 6), (6, 3), (3, 10)], 5: [(1, 4), (4, 3), (3, 7)], 2: [(1, 8)], 3: [(1, 5), (5, 8), (8, 2), (2, 9)]}, padri: [30], figli: [35, 36], mosse: [(3, 5, 2, 9, 1)]
35 -> costo: 70705.1, rotte: {4: [(1, 6), (6, 3), (3, 10)], 5: [(1, 4), (4, 7), (7, 3)], 2: [(1, 8)], 3: [(1, 5), (5, 8), (8, 2), (2, 9)]}, padri: [34], figli: [33], mosse: [(5, 5, 3, 7)]
36 -> costo: 70421.6, rotte: {4: [(1, 6), (6, 3), (3, 10)], 5: [(1, 4), (4, 3), (3, 7)], 2: [(1, 8)], 3: [(1, 5), (5, 2), (2, 8), (8, 9)]}, padri: [34], figli: [33], mosse: [(3, 3, 2, 8, 4)]
bestSolutionIndice: 10
10 -> costo: 70332.40000000001, rotte: {4: [(1, 6), (6, 3)], 5: [(1, 4), (4, 7), (7, 9)], 2: [(1, 8)], 3: [(1, 5), (5, 2), (2, 8), (8, 10)]}, padri: [9, 9, 11, 13, 13, 13], figli: [], mosse: [(4, 5, 1, 3, 1), (4, 5, 6, 3, 1), (3, 3, 2, 8, 4), (4, 4, 3, 6), (4, 4, 1, 6, 13), (4, 4, 6, 3, 6)]
trasportoPalletDiGamma: {4: [(6, 13), (3, 6)], 5: [(4, 8), (7, 15), (9, 1)], 2: [(8, 15)], 3: [(5, 11), (2, 3), (8, 4), (10, 2)]}
itMosseLS: 107, itMosseTS: 100
time elapsed: 314.67s.


##########################################################################################
s: 1
dictSolutions[1]:
0 -> costo: 81991.29999999999, rotte: {4: [(1, 9), (9, 4), (4, 7)], 5: [(1, 2), (2, 6), (6, 8)], 3: [(1, 5), (5, 8)], 2: [(1, 3), (3, 10), (10, 7), (7, 8)]}, padri: [-1], figli: [1], mosse: [-1]
1 -> costo: 80874.8, rotte: {4: [(1, 9), (9, 4), (4, 7)], 5: [(1, 2), (2, 6), (6, 8)], 3: [(1, 5), (5, 8)], 2: [(1, 3), (3, 10), (10, 8), (8, 7)]}, padri: [0], figli: [2], mosse: [(2, 2, 7, 8)]
2 -> costo: 71289.40000000001, rotte: {4: [(1, 4), (4, 7)], 5: [(1, 2), (2, 6), (6, 8)], 3: [(1, 5), (5, 8)], 2: [(1, 3), (3, 9), (9, 10), (10, 8), (8, 7)]}, padri: [1], figli: [3], mosse: [(2, 4, 3, 9, 1)]
3 -> costo: 70714.0, rotte: {4: [(1, 4), (4, 7)], 5: [(1, 2), (2, 8), (8, 6)], 3: [(1, 5), (5, 8)], 2: [(1, 3), (3, 9), (9, 10), (10, 8), (8, 7)]}, padri: [2], figli: [4, 8, 9, 11, 12, 14, 17, 18, 22, 34], mosse: [(5, 5, 6, 8)]
4 -> costo: 67834.2, rotte: {4: [(1, 4), (4, 7)], 5: [(1, 2), (2, 8), (8, 6)], 3: [(1, 5), (5, 8)], 2: [(1, 9), (9, 10), (10, 8), (8, 3), (3, 7)]}, padri: [3, 8, 8, 8, 13, 12], figli: [5, 7, 10, 25], mosse: [(2, 2, 8, 3, 6), (2, 2, 7, 3), (2, 2, 8, 3, 6), (2, 2, 3, 7, 4), (2, 2, 10, 8, 1), (2, 2, 8, 3, 6)]
5 -> costo: 67404.3, rotte: {4: [(1, 4), (4, 7)], 5: [(1, 6), (6, 2), (2, 8)], 3: [(1, 5), (5, 8)], 2: [(1, 9), (9, 10), (10, 8), (8, 3), (3, 7)]}, padri: [4, 9, 9, 9, 14, 24], figli: [6, 6, 6], mosse: [(5, 5, 1, 6, 13), (2, 2, 7, 3), (2, 2, 8, 3, 6), (2, 2, 3, 7, 4), (2, 2, 10, 8, 1), (2, 2, 8, 3, 6)]
6 -> costo: 67301.20000000001, rotte: {4: [(1, 4), (4, 7)], 5: [(1, 6), (6, 8), (8, 2)], 3: [(1, 5), (5, 8)], 2: [(1, 9), (9, 10), (10, 8), (8, 3), (3, 7)]}, padri: [5, 5, 5, 7, 10, 10, 10, 15, 25], figli: [], mosse: [(5, 5, 2, 8), (5, 5, 6, 8, 9), (5, 5, 8, 2, 3), (5, 5, 1, 6, 13), (2, 2, 8, 3, 6), (2, 2, 7, 3), (2, 2, 3, 7, 4), (2, 2, 10, 8, 1), (2, 2, 8, 3, 6)]
7 -> costo: 67771.6, rotte: {4: [(1, 4), (4, 7)], 5: [(1, 8), (8, 2), (2, 6)], 3: [(1, 5), (5, 8)], 2: [(1, 9), (9, 10), (10, 8), (8, 3), (3, 7)]}, padri: [4, 11, 11, 11, 16, 31], figli: [6], mosse: [(5, 5, 8, 2, 3), (2, 2, 7, 3), (2, 2, 8, 3, 6), (2, 2, 3, 7, 4), (2, 2, 10, 8, 1), (2, 2, 8, 3, 6)]
8 -> costo: 68148.2, rotte: {4: [(1, 4), (4, 7)], 5: [(1, 2), (2, 8), (8, 6)], 3: [(1, 5), (5, 8)], 2: [(1, 9), (9, 10), (10, 8), (8, 7), (7, 3)]}, padri: [3, 12, 17], figli: [4, 9, 4, 4, 11, 11, 11, 14, 14, 14, 20, 21, 23, 27, 29, 30, 33], mosse: [(2, 2, 7, 3, 6), (2, 2, 7, 3, 6), (2, 2, 10, 8, 1)]
9 -> costo: 67718.3, rotte: {4: [(1, 4), (4, 7)], 5: [(1, 6), (6, 2), (2, 8)], 3: [(1, 5), (5, 8)], 2: [(1, 9), (9, 10), (10, 8), (8, 7), (7, 3)]}, padri: [8, 18, 24, 27], figli: [5, 5, 10, 10, 5, 10, 10, 25, 25, 25, 26, 26, 26], mosse: [(5, 5, 1, 6, 13), (2, 2, 10, 8, 1), (2, 2, 7, 3, 6), (2, 2, 10, 8, 1)]
10 -> costo: 67615.20000000001, rotte: {4: [(1, 4), (4, 7)], 5: [(1, 6), (6, 8), (8, 2)], 3: [(1, 5), (5, 8)], 2: [(1, 9), (9, 10), (10, 8), (8, 7), (7, 3)]}, padri: [9, 9, 9, 11, 19, 20, 21, 23, 25, 26, 28, 29, 30, 33], figli: [6, 6, 6], mosse: [(5, 5, 2, 8), (5, 5, 6, 8, 9), (5, 5, 8, 2, 3), (5, 5, 1, 6, 13), (2, 2, 10, 8, 1), (2, 2, 10, 8, 1), (2, 2, 10, 8, 1), (2, 2, 10, 8, 1), (2, 2, 7, 3, 6), (2, 2, 10, 8, 1), (2, 2, 10, 8, 1), (2, 2, 10, 8, 1), (2, 2, 10, 8, 1), (2, 2, 10, 8, 1)]
11 -> costo: 68085.6, rotte: {4: [(1, 4), (4, 7)], 5: [(1, 8), (8, 2), (2, 6)], 3: [(1, 5), (5, 8)], 2: [(1, 9), (9, 10), (10, 8), (8, 7), (7, 3)]}, padri: [8, 22, 31, 32], figli: [7, 10, 7, 7, 26], mosse: [(5, 5, 8, 2, 3), (2, 2, 10, 8, 1), (2, 2, 7, 3, 6), (2, 2, 10, 8, 1)]
12 -> costo: 69413.2, rotte: {4: [(1, 4), (4, 7)], 5: [(1, 2), (2, 8), (8, 6)], 3: [(1, 5), (5, 8)], 2: [(1, 9), (9, 10), (10, 3), (3, 8), (8, 7)]}, padri: [3], figli: [13, 4, 8, 17, 18, 22, 13, 13, 24, 24, 24, 31], mosse: [(2, 2, 10, 3, 6)]
13 -> costo: 68950.7, rotte: {4: [(1, 4), (4, 7)], 5: [(1, 2), (2, 8), (8, 6)], 3: [(1, 5), (5, 8)], 2: [(1, 9), (9, 10), (10, 3), (3, 7), (7, 8)]}, padri: [12, 12, 12], figli: [4, 14, 16], mosse: [(2, 2, 8, 7), (2, 2, 3, 7, 4), (2, 2, 7, 8, 1)]
14 -> costo: 68520.79999999999, rotte: {4: [(1, 4), (4, 7)], 5: [(1, 6), (6, 2), (2, 8)], 3: [(1, 5), (5, 8)], 2: [(1, 9), (9, 10), (10, 3), (3, 7), (7, 8)]}, padri: [13, 24, 24, 24], figli: [15, 5, 15, 15, 25], mosse: [(5, 5, 1, 6, 13), (2, 2, 8, 7), (2, 2, 3, 7, 4), (2, 2, 7, 8, 1)]
15 -> costo: 68417.7, rotte: {4: [(1, 4), (4, 7)], 5: [(1, 6), (6, 8), (8, 2)], 3: [(1, 5), (5, 8)], 2: [(1, 9), (9, 10), (10, 3), (3, 7), (7, 8)]}, padri: [14, 14, 14, 16, 25, 25, 25], figli: [6], mosse: [(5, 5, 2, 8), (5, 5, 6, 8, 9), (5, 5, 8, 2, 3), (5, 5, 1, 6, 13), (2, 2, 8, 7), (2, 2, 3, 7, 4), (2, 2, 7, 8, 1)]
16 -> costo: 68888.09999999999, rotte: {4: [(1, 4), (4, 7)], 5: [(1, 8), (8, 2), (2, 6)], 3: [(1, 5), (5, 8)], 2: [(1, 9), (9, 10), (10, 3), (3, 7), (7, 8)]}, padri: [13, 31, 31, 31], figli: [7, 15], mosse: [(5, 5, 8, 2, 3), (2, 2, 8, 7), (2, 2, 3, 7, 4), (2, 2, 7, 8, 1)]
17 -> costo: 68950.7, rotte: {4: [(1, 4), (4, 7)], 5: [(1, 2), (2, 8), (8, 6)], 3: [(1, 5), (5, 8)], 2: [(1, 9), (9, 10), (10, 7), (7, 3), (3, 8)]}, padri: [3, 12], figli: [8, 18, 22], mosse: [(2, 2, 10, 7, 4)]
18 -> costo: 68520.79999999999, rotte: {4: [(1, 4), (4, 7)], 5: [(1, 6), (6, 2), (2, 8)], 3: [(1, 5), (5, 8)], 2: [(1, 9), (9, 10), (10, 7), (7, 3), (3, 8)]}, padri: [3, 12, 17], figli: [19, 9, 20, 21, 27, 29, 30], mosse: [(5, 5, 1, 6, 13)]
19 -> costo: 68417.7, rotte: {4: [(1, 4), (4, 7)], 5: [(1, 6), (6, 8), (8, 2)], 3: [(1, 5), (5, 8)], 2: [(1, 9), (9, 10), (10, 7), (7, 3), (3, 8)]}, padri: [18], figli: [10, 26], mosse: [(5, 5, 2, 8)]
20 -> costo: 68417.7, rotte: {4: [(1, 4), (4, 7)], 5: [(1, 6), (6, 8), (8, 2)], 3: [(1, 5), (5, 8)], 2: [(1, 9), (9, 10), (10, 7), (7, 3), (3, 8)]}, padri: [8, 18], figli: [10, 26], mosse: [(5, 5, 6, 8, 9)]
21 -> costo: 68417.7, rotte: {4: [(1, 4), (4, 7)], 5: [(1, 6), (6, 8), (8, 2)], 3: [(1, 5), (5, 8)], 2: [(1, 9), (9, 10), (10, 7), (7, 3), (3, 8)]}, padri: [8, 18], figli: [10, 26], mosse: [(5, 5, 8, 2, 3)]
22 -> costo: 68888.09999999999, rotte: {4: [(1, 4), (4, 7)], 5: [(1, 8), (8, 2), (2, 6)], 3: [(1, 5), (5, 8)], 2: [(1, 9), (9, 10), (10, 7), (7, 3), (3, 8)]}, padri: [3, 12, 17], figli: [11, 23, 33], mosse: [(5, 5, 8, 2, 3)]
23 -> costo: 68417.7, rotte: {4: [(1, 4), (4, 7)], 5: [(1, 6), (6, 8), (8, 2)], 3: [(1, 5), (5, 8)], 2: [(1, 9), (9, 10), (10, 7), (7, 3), (3, 8)]}, padri: [8, 22], figli: [10, 26], mosse: [(5, 5, 1, 6, 13)]
24 -> costo: 68983.29999999999, rotte: {4: [(1, 4), (4, 7)], 5: [(1, 6), (6, 2), (2, 8)], 3: [(1, 5), (5, 8)], 2: [(1, 9), (9, 10), (10, 3), (3, 8), (8, 7)]}, padri: [12], figli: [14, 5, 25, 9, 27, 29, 30, 14, 14, 25, 25, 32, 32, 32], mosse: [(5, 5, 1, 6, 13)]
25 -> costo: 68880.2, rotte: {4: [(1, 4), (4, 7)], 5: [(1, 6), (6, 8), (8, 2)], 3: [(1, 5), (5, 8)], 2: [(1, 9), (9, 10), (10, 3), (3, 8), (8, 7)]}, padri: [24, 24, 24, 31], figli: [6, 15, 10, 26, 15, 15], mosse: [(5, 5, 2, 8), (5, 5, 6, 8, 9), (5, 5, 8, 2, 3), (5, 5, 1, 6, 13)]
26 -> costo: 68417.7, rotte: {4: [(1, 4), (4, 7)], 5: [(1, 6), (6, 8), (8, 2)], 3: [(1, 5), (5, 8)], 2: [(1, 9), (9, 10), (10, 7), (7, 3), (3, 8)]}, padri: [9, 9, 9, 11, 19, 20, 21, 23, 25], figli: [10], mosse: [(2, 2, 10, 7, 4)]
27 -> costo: 68520.79999999999, rotte: {4: [(1, 4), (4, 7)], 5: [(1, 6), (6, 2), (2, 8)], 3: [(1, 5), (5, 8)], 2: [(1, 9), (9, 10), (10, 7), (7, 3), (3, 8)]}, padri: [8, 18, 24], figli: [28, 9, 29, 30], mosse: [(2, 2, 10, 7, 4)]
28 -> costo: 68417.7, rotte: {4: [(1, 4), (4, 7)], 5: [(1, 6), (6, 8), (8, 2)], 3: [(1, 5), (5, 8)], 2: [(1, 9), (9, 10), (10, 7), (7, 3), (3, 8)]}, padri: [27], figli: [10], mosse: [(5, 5, 2, 8)]
29 -> costo: 68417.7, rotte: {4: [(1, 4), (4, 7)], 5: [(1, 6), (6, 8), (8, 2)], 3: [(1, 5), (5, 8)], 2: [(1, 9), (9, 10), (10, 7), (7, 3), (3, 8)]}, padri: [8, 18, 24, 27], figli: [10], mosse: [(5, 5, 6, 8, 9)]
30 -> costo: 68417.7, rotte: {4: [(1, 4), (4, 7)], 5: [(1, 6), (6, 8), (8, 2)], 3: [(1, 5), (5, 8)], 2: [(1, 9), (9, 10), (10, 7), (7, 3), (3, 8)]}, padri: [8, 18, 24, 27], figli: [10], mosse: [(5, 5, 8, 2, 3)]
31 -> costo: 69350.59999999999, rotte: {4: [(1, 4), (4, 7)], 5: [(1, 8), (8, 2), (2, 6)], 3: [(1, 5), (5, 8)], 2: [(1, 9), (9, 10), (10, 3), (3, 8), (8, 7)]}, padri: [12], figli: [16, 7, 11, 25, 32, 33, 16, 16], mosse: [(5, 5, 8, 2, 3)]
32 -> costo: 68888.09999999999, rotte: {4: [(1, 4), (4, 7)], 5: [(1, 8), (8, 2), (2, 6)], 3: [(1, 5), (5, 8)], 2: [(1, 9), (9, 10), (10, 7), (7, 3), (3, 8)]}, padri: [24, 24, 24, 31], figli: [11, 33], mosse: [(2, 2, 10, 7, 4)]
33 -> costo: 68417.7, rotte: {4: [(1, 4), (4, 7)], 5: [(1, 6), (6, 8), (8, 2)], 3: [(1, 5), (5, 8)], 2: [(1, 9), (9, 10), (10, 7), (7, 3), (3, 8)]}, padri: [8, 22, 31, 32], figli: [10], mosse: [(5, 5, 1, 6, 13)]
34 -> costo: 69923.2, rotte: {4: [(1, 4), (4, 7)], 5: [(1, 2), (2, 8), (8, 6)], 3: [(1, 5), (5, 8)], 2: [(1, 7), (7, 3), (3, 9), (9, 10), (10, 8)]}, padri: [3], figli: [35], mosse: [(2, 2, 1, 7, 4)]
35 -> costo: 65370.899999999994, rotte: {4: [(1, 4), (4, 7)], 5: [(1, 2), (2, 8), (8, 6)], 3: [(1, 5), (5, 8)], 2: [(1, 7), (7, 3), (3, 8), (8, 9), (9, 10)]}, padri: [34], figli: [36, 40], mosse: [(2, 2, 3, 8, 1)]
36 -> costo: 65135.899999999994, rotte: {4: [(1, 4), (4, 7)], 5: [(1, 2), (2, 8), (8, 6)], 3: [(1, 5), (5, 8)], 2: [(1, 7), (7, 3), (3, 8), (8, 10), (10, 9)]}, padri: [35], figli: [37, 39, 41], mosse: [(2, 2, 9, 10)]
37 -> costo: 64705.99999999999, rotte: {4: [(1, 4), (4, 7)], 5: [(1, 6), (6, 2), (2, 8)], 3: [(1, 5), (5, 8)], 2: [(1, 7), (7, 3), (3, 8), (8, 10), (10, 9)]}, padri: [36, 40, 40], figli: [38, 38, 38], mosse: [(5, 5, 1, 6, 13), (2, 2, 9, 10), (2, 2, 8, 10, 2)]
38 -> costo: 64602.9, rotte: {4: [(1, 4), (4, 7)], 5: [(1, 6), (6, 8), (8, 2)], 3: [(1, 5), (5, 8)], 2: [(1, 7), (7, 3), (3, 8), (8, 10), (10, 9)]}, padri: [37, 37, 37, 39, 41], figli: [], mosse: [(5, 5, 2, 8), (5, 5, 6, 8, 9), (5, 5, 8, 2, 3), (5, 5, 1, 6, 13), (2, 2, 8, 10, 2)]
39 -> costo: 65073.299999999996, rotte: {4: [(1, 4), (4, 7)], 5: [(1, 8), (8, 2), (2, 6)], 3: [(1, 5), (5, 8)], 2: [(1, 7), (7, 3), (3, 8), (8, 10), (10, 9)]}, padri: [36], figli: [38], mosse: [(5, 5, 8, 2, 3)]
40 -> costo: 64940.99999999999, rotte: {4: [(1, 4), (4, 7)], 5: [(1, 6), (6, 2), (2, 8)], 3: [(1, 5), (5, 8)], 2: [(1, 7), (7, 3), (3, 8), (8, 9), (9, 10)]}, padri: [35], figli: [37, 37, 41, 41], mosse: [(5, 5, 1, 6, 13)]
41 -> costo: 64837.9, rotte: {4: [(1, 4), (4, 7)], 5: [(1, 6), (6, 8), (8, 2)], 3: [(1, 5), (5, 8)], 2: [(1, 7), (7, 3), (3, 8), (8, 9), (9, 10)]}, padri: [40], figli: [38], mosse: [(5, 5, 2, 8)]
bestSolutionIndice: 38
38 -> costo: 64602.9, rotte: {4: [(1, 4), (4, 7)], 5: [(1, 6), (6, 8), (8, 2)], 3: [(1, 5), (5, 8)], 2: [(1, 7), (7, 3), (3, 8), (8, 10), (10, 9)]}, padri: [37, 37, 37, 39, 41], figli: [], mosse: [(5, 5, 2, 8), (5, 5, 6, 8, 9), (5, 5, 8, 2, 3), (5, 5, 1, 6, 13), (2, 2, 8, 10, 2)]
trasportoPalletDiGamma: {4: [(4, 8), (7, 11)], 5: [(6, 13), (8, 9), (2, 3)], 3: [(5, 11), (8, 9)], 2: [(7, 4), (3, 6), (8, 1), (10, 2), (9, 1)]}
itMosseLS: 108, itMosseTS: 100
time elapsed: 257.60s.


##########################################################################################
s: 1
dictSolutions[1]:
0 -> costo: 70332.8, rotte: {2: [(1, 8)], 4: [(1, 7), (7, 3)], 3: [(1, 5), (5, 2), (2, 6)], 5: [(1, 4), (4, 9), (9, 10), (10, 8), (8, 3), (3, 6)]}, padri: [-1], figli: [1, 6, 16, 20, 28], mosse: [-1]
1 -> costo: 68365.6, rotte: {2: [(1, 8)], 4: [(1, 7), (7, 3)], 3: [(1, 5), (5, 2), (2, 6)], 5: [(1, 9), (9, 10), (10, 8), (8, 3), (3, 4), (4, 6)]}, padri: [0, 16, 16, 16, 27], figli: [2, 2, 2, 3, 3, 3, 4, 5, 7, 7, 7, 8, 8, 8, 18, 21], mosse: [(5, 5, 3, 4, 8), (5, 5, 6, 4), (5, 5, 3, 4, 8), (5, 5, 4, 6, 7), (5, 5, 8, 3, 1)]
2 -> costo: 67525.7, rotte: {2: [(1, 8)], 4: [(1, 7), (7, 3)], 3: [(1, 5), (5, 6), (6, 2)], 5: [(1, 9), (9, 10), (10, 8), (8, 3), (3, 4), (4, 6)]}, padri: [1, 1, 1, 3, 5, 6, 7, 7, 7, 9, 10, 11], figli: [], mosse: [(3, 3, 2, 6), (3, 3, 5, 6, 6), (3, 3, 6, 2, 3), (3, 3, 5, 6, 6), (3, 3, 6, 2, 3), (5, 5, 3, 4, 8), (5, 5, 6, 4), (5, 5, 3, 4, 8), (5, 5, 4, 6, 7), (5, 5, 8, 3, 1), (5, 5, 3, 4, 8), (5, 5, 3, 4, 8)]
3 -> costo: 67783.7, rotte: {2: [(1, 8)], 4: [(1, 7), (7, 3)], 3: [(1, 6), (6, 5), (5, 2)], 5: [(1, 9), (9, 10), (10, 8), (8, 3), (3, 4), (4, 6)]}, padri: [1, 4, 17, 17, 17, 19], figli: [2, 7, 8], mosse: [(3, 3, 1, 6, 6), (3, 3, 5, 2, 3), (5, 5, 6, 4), (5, 5, 3, 4, 8), (5, 5, 4, 6, 7), (5, 5, 8, 3, 1)]
4 -> costo: 68272.2, rotte: {2: [(1, 8)], 4: [(1, 7), (7, 3)], 3: [(1, 2), (2, 6), (6, 5)], 5: [(1, 9), (9, 10), (10, 8), (8, 3), (3, 4), (4, 6)]}, padri: [1, 5, 5, 5, 20, 20, 20, 22], figli: [3, 18], mosse: [(3, 3, 6, 5, 11), (3, 3, 5, 6), (3, 3, 2, 6, 6), (3, 3, 6, 5, 11), (5, 5, 6, 4), (5, 5, 3, 4, 8), (5, 5, 4, 6, 7), (5, 5, 8, 3, 1)]
5 -> costo: 68316.7, rotte: {2: [(1, 8)], 4: [(1, 7), (7, 3)], 3: [(1, 2), (2, 5), (5, 6)], 5: [(1, 9), (9, 10), (10, 8), (8, 3), (3, 4), (4, 6)]}, padri: [1, 23, 23, 23, 25], figli: [4, 2, 4, 4, 7, 8, 21, 21, 21], mosse: [(3, 3, 2, 5, 11), (5, 5, 6, 4), (5, 5, 3, 4, 8), (5, 5, 4, 6, 7), (5, 5, 8, 3, 1)]
6 -> costo: 69492.9, rotte: {2: [(1, 8)], 4: [(1, 7), (7, 3)], 3: [(1, 5), (5, 6), (6, 2)], 5: [(1, 4), (4, 9), (9, 10), (10, 8), (8, 3), (3, 6)]}, padri: [0], figli: [2, 7, 8, 10, 11, 12, 14, 15, 17], mosse: [(3, 3, 2, 6)]
7 -> costo: 67693.9, rotte: {2: [(1, 8)], 4: [(1, 7), (7, 3)], 3: [(1, 5), (5, 6), (6, 2)], 5: [(1, 9), (9, 10), (10, 8), (8, 3), (3, 6), (6, 4)]}, padri: [6, 10, 11, 16, 16, 16, 17, 23], figli: [2, 2, 2, 8, 8, 8, 19, 25], mosse: [(5, 5, 6, 4, 8), (5, 5, 6, 4, 8), (5, 5, 6, 4, 8), (3, 3, 2, 6), (3, 3, 5, 6, 6), (3, 3, 6, 2, 3), (3, 3, 5, 6, 6), (3, 3, 6, 2, 3)]
8 -> costo: 67680.9, rotte: {2: [(1, 8)], 4: [(1, 7), (7, 3)], 3: [(1, 5), (5, 6), (6, 2)], 5: [(1, 9), (9, 10), (10, 8), (8, 6), (6, 4), (4, 3)]}, padri: [7, 10, 18, 24, 26, 26, 26], figli: [9], mosse: [(5, 5, 4, 3, 1), (5, 5, 8, 6, 7), (3, 3, 5, 6, 6), (3, 3, 6, 2, 3), (3, 3, 2, 6), (3, 3, 5, 6, 6), (3, 3, 6, 2, 3)]
9 -> costo: 67591.2, rotte: {2: [(1, 8)], 4: [(1, 7), (7, 3)], 3: [(1, 5), (5, 6), (6, 2)], 5: [(1, 9), (9, 10), (10, 8), (8, 4), (4, 6), (6, 3)]}, padri: [8, 10, 10, 10, 19, 25, 27, 27, 27], figli: [2], mosse: [(5, 5, 4, 6, 7), (5, 5, 3, 6), (5, 5, 4, 6, 7), (5, 5, 6, 3, 1), (3, 3, 5, 6, 6), (3, 3, 6, 2, 3), (3, 3, 2, 6), (3, 3, 5, 6, 6), (3, 3, 6, 2, 3)]
10 -> costo: 68184.09999999999, rotte: {2: [(1, 8)], 4: [(1, 7), (7, 3)], 3: [(1, 5), (5, 6), (6, 2)], 5: [(1, 9), (9, 10), (10, 8), (8, 4), (4, 3), (3, 6)]}, padri: [6, 11, 28, 28], figli: [9, 2, 9, 9, 8, 7, 17, 19, 25], mosse: [(5, 5, 8, 4, 8), (5, 5, 8, 4, 8), (3, 3, 2, 6), (3, 3, 5, 6, 6)]
11 -> costo: 68829.59999999999, rotte: {2: [(1, 8)], 4: [(1, 7), (7, 3)], 3: [(1, 5), (5, 6), (6, 2)], 5: [(1, 9), (9, 10), (10, 4), (4, 8), (8, 3), (3, 6)]}, padri: [6], figli: [2, 7, 10, 12, 13, 17], mosse: [(5, 5, 10, 4, 8)]
12 -> costo: 68326.4, rotte: {2: [(1, 8)], 4: [(1, 7), (7, 3)], 3: [(1, 5), (5, 6), (6, 2)], 5: [(1, 9), (9, 10), (10, 4), (4, 6), (6, 8), (8, 3)]}, padri: [11], figli: [], mosse: [(5, 5, 4, 6, 7)]
13 -> costo: 68326.4, rotte: {2: [(1, 8)], 4: [(1, 7), (7, 3)], 3: [(1, 5), (5, 6), (6, 2)], 5: [(1, 9), (9, 10), (10, 6), (6, 4), (4, 8), (8, 3)]}, padri: [11], figli: [], mosse: [(5, 5, 10, 6, 7)]
14 -> costo: 68989.7, rotte: {2: [(1, 8)], 4: [(1, 7), (7, 3)], 3: [(1, 5), (5, 6), (6, 2)], 5: [(1, 6), (6, 4), (4, 9), (9, 10), (10, 8), (8, 3)]}, padri: [6], figli: [], mosse: [(5, 5, 1, 6, 7)]
15 -> costo: 68989.7, rotte: {2: [(1, 8)], 4: [(1, 7), (7, 3)], 3: [(1, 5), (5, 6), (6, 2)], 5: [(1, 4), (4, 6), (6, 9), (9, 10), (10, 8), (8, 3)]}, padri: [6], figli: [], mosse: [(5, 5, 4, 6, 7)]
16 -> costo: 68533.8, rotte: {2: [(1, 8)], 4: [(1, 7), (7, 3)], 3: [(1, 5), (5, 2), (2, 6)], 5: [(1, 9), (9, 10), (10, 8), (8, 3), (3, 6), (6, 4)]}, padri: [0], figli: [7, 7, 1, 7, 17, 17, 17, 1, 1, 20, 20, 20, 23, 24, 26], mosse: [(5, 5, 6, 4, 8)]
17 -> costo: 67951.9, rotte: {2: [(1, 8)], 4: [(1, 7), (7, 3)], 3: [(1, 6), (6, 5), (5, 2)], 5: [(1, 9), (9, 10), (10, 8), (8, 3), (3, 6), (6, 4)]}, padri: [16, 20], figli: [3, 7, 3, 3, 18, 18, 18, 22], mosse: [(3, 3, 1, 6, 6), (3, 3, 5, 2, 3)]
18 -> costo: 67938.9, rotte: {2: [(1, 8)], 4: [(1, 7), (7, 3)], 3: [(1, 6), (6, 5), (5, 2)], 5: [(1, 9), (9, 10), (10, 8), (8, 6), (6, 4), (4, 3)]}, padri: [17, 21, 26], figli: [8, 19, 25], mosse: [(5, 5, 4, 3, 1), (3, 3, 5, 2, 3), (3, 3, 1, 6, 6)]
19 -> costo: 67849.2, rotte: {2: [(1, 8)], 4: [(1, 7), (7, 3)], 3: [(1, 6), (6, 5), (5, 2)], 5: [(1, 9), (9, 10), (10, 8), (8, 4), (4, 6), (6, 3)]}, padri: [18, 22, 27], figli: [9, 3], mosse: [(5, 5, 4, 6, 7), (3, 3, 5, 2, 3), (3, 3, 1, 6, 6)]
20 -> costo: 68440.4, rotte: {2: [(1, 8)], 4: [(1, 7), (7, 3)], 3: [(1, 2), (2, 6), (6, 5)], 5: [(1, 9), (9, 10), (10, 8), (8, 3), (3, 6), (6, 4)]}, padri: [16, 23, 23, 23], figli: [4, 17, 4, 4, 21, 21, 21, 27], mosse: [(3, 3, 6, 5, 11), (3, 3, 5, 6), (3, 3, 2, 6, 6), (3, 3, 6, 5, 11)]
21 -> costo: 68427.4, rotte: {2: [(1, 8)], 4: [(1, 7), (7, 3)], 3: [(1, 2), (2, 6), (6, 5)], 5: [(1, 9), (9, 10), (10, 8), (8, 6), (6, 4), (4, 3)]}, padri: [20, 24, 24, 24, 26], figli: [18, 22], mosse: [(5, 5, 4, 3, 1), (3, 3, 5, 6), (3, 3, 2, 6, 6), (3, 3, 6, 5, 11), (3, 3, 6, 5, 11)]
22 -> costo: 68337.7, rotte: {2: [(1, 8)], 4: [(1, 7), (7, 3)], 3: [(1, 2), (2, 6), (6, 5)], 5: [(1, 9), (9, 10), (10, 8), (8, 4), (4, 6), (6, 3)]}, padri: [21, 25, 25, 25, 27], figli: [19, 4], mosse: [(5, 5, 4, 6, 7), (3, 3, 5, 6), (3, 3, 2, 6, 6), (3, 3, 6, 5, 11), (3, 3, 6, 5, 11)]
23 -> costo: 68484.9, rotte: {2: [(1, 8)], 4: [(1, 7), (7, 3)], 3: [(1, 2), (2, 5), (5, 6)], 5: [(1, 9), (9, 10), (10, 8), (8, 3), (3, 6), (6, 4)]}, padri: [16], figli: [5, 7, 20, 5, 5, 20, 20, 24, 24, 24], mosse: [(3, 3, 2, 5, 11)]
24 -> costo: 68471.9, rotte: {2: [(1, 8)], 4: [(1, 7), (7, 3)], 3: [(1, 2), (2, 5), (5, 6)], 5: [(1, 9), (9, 10), (10, 8), (8, 6), (6, 4), (4, 3)]}, padri: [23, 26], figli: [21, 8, 25, 21, 21, 27, 27, 27], mosse: [(5, 5, 4, 3, 1), (3, 3, 2, 5, 11)]
25 -> costo: 68382.2, rotte: {2: [(1, 8)], 4: [(1, 7), (7, 3)], 3: [(1, 2), (2, 5), (5, 6)], 5: [(1, 9), (9, 10), (10, 8), (8, 4), (4, 6), (6, 3)]}, padri: [24, 27], figli: [22, 9, 5, 22, 22], mosse: [(5, 5, 4, 6, 7), (3, 3, 2, 5, 11)]
26 -> costo: 68520.8, rotte: {2: [(1, 8)], 4: [(1, 7), (7, 3)], 3: [(1, 5), (5, 2), (2, 6)], 5: [(1, 9), (9, 10), (10, 8), (8, 6), (6, 4), (4, 3)]}, padri: [16], figli: [8, 8, 8, 18, 21, 27, 24], mosse: [(5, 5, 4, 3, 1)]
27 -> costo: 68431.09999999999, rotte: {2: [(1, 8)], 4: [(1, 7), (7, 3)], 3: [(1, 5), (5, 2), (2, 6)], 5: [(1, 9), (9, 10), (10, 8), (8, 4), (4, 6), (6, 3)]}, padri: [26, 28], figli: [9, 9, 9, 19, 22, 1, 25], mosse: [(5, 5, 4, 6, 7), (5, 5, 3, 6)]
28 -> costo: 69024.0, rotte: {2: [(1, 8)], 4: [(1, 7), (7, 3)], 3: [(1, 5), (5, 2), (2, 6)], 5: [(1, 9), (9, 10), (10, 8), (8, 4), (4, 3), (3, 6)]}, padri: [0], figli: [10, 10, 27], mosse: [(5, 5, 8, 4, 8)]
bestSolutionIndice: 2
2 -> costo: 67525.7, rotte: {2: [(1, 8)], 4: [(1, 7), (7, 3)], 3: [(1, 5), (5, 6), (6, 2)], 5: [(1, 9), (9, 10), (10, 8), (8, 3), (3, 4), (4, 6)]}, padri: [1, 1, 1, 3, 5, 6, 7, 7, 7, 9, 10, 11], figli: [], mosse: [(3, 3, 2, 6), (3, 3, 5, 6, 6), (3, 3, 6, 2, 3), (3, 3, 5, 6, 6), (3, 3, 6, 2, 3), (5, 5, 3, 4, 8), (5, 5, 6, 4), (5, 5, 3, 4, 8), (5, 5, 4, 6, 7), (5, 5, 8, 3, 1), (5, 5, 3, 4, 8), (5, 5, 3, 4, 8)]
trasportoPalletDiGamma: {2: [(8, 15)], 4: [(7, 15), (3, 5)], 3: [(5, 11), (6, 6), (2, 3)], 5: [(9, 1), (10, 2), (8, 4), (3, 1), (4, 8), (6, 7)]}
itMosseLS: 102, itMosseTS: 100
time elapsed: 287.12s.


