itNSIMax: 5, itMosseTSMax: 75.
##########################################################################################
s: 1
dictSolutions[1]:
0 -> costo: 84728.49999999999, rotte: {5: [(1, 6), (6, 3)], 7: [(1, 2)], 2: [(1, 8)], 6: [(1, 11), (11, 8)], 4: [(1, 7), (7, 3)], 3: [(1, 5), (5, 10)], 8: [(1, 4), (4, 10)], 9: [(1, 9), (9, 10)]}, padri: [-1], figli: [1, 14, 18, 18, 18, 26, 26, 26], mosse: [-1]
1 -> costo: 82742.7, rotte: {5: [(1, 3)], 7: [(1, 2)], 2: [(1, 8)], 6: [(1, 11), (11, 8)], 4: [(1, 7), (7, 3)], 3: [(1, 5), (5, 10)], 8: [(1, 4), (4, 10)], 9: [(1, 6), (6, 9), (9, 10)]}, padri: [0], figli: [2, 2, 2, 7, 7, 7, 8, 9, 9, 10, 10, 9], mosse: [(9, 5, 1, 6, 4)]
2 -> costo: 81803.4, rotte: {5: [(1, 3)], 7: [(1, 2)], 2: [(1, 8)], 6: [(1, 8), (8, 11)], 4: [(1, 7), (7, 3)], 3: [(1, 5), (5, 10)], 8: [(1, 4), (4, 10)], 9: [(1, 6), (6, 9), (9, 10)]}, padri: [1, 1, 1, 18], figli: [3, 5, 5, 6, 6, 5, 20], mosse: [(6, 6, 1, 8, 8), (6, 6, 8, 11, 6), (6, 6, 11, 8), (9, 5, 1, 6, 4)]
3 -> costo: 81058.8, rotte: {5: [(1, 3)], 7: [(1, 2)], 2: [(1, 8)], 6: [(1, 8), (8, 7), (7, 11)], 4: [(1, 3)], 3: [(1, 5), (5, 10)], 8: [(1, 4), (4, 10)], 9: [(1, 6), (6, 9), (9, 10)]}, padri: [2, 7, 19], figli: [4], mosse: [(6, 4, 8, 7, 1), (6, 6, 1, 8, 8), (9, 5, 1, 6, 4)]
4 -> costo: 80658.40000000001, rotte: {5: [(1, 3)], 7: [(1, 2)], 2: [(1, 8)], 6: [(1, 7), (7, 8), (8, 11)], 4: [(1, 3)], 3: [(1, 5), (5, 10)], 8: [(1, 4), (4, 10)], 9: [(1, 6), (6, 9), (9, 10)]}, padri: [3, 8, 22], figli: [], mosse: [(6, 6, 7, 8, 8), (6, 6, 8, 11, 6), (9, 5, 1, 6, 4)]
5 -> costo: 81473.8, rotte: {5: [(1, 3)], 7: [(1, 2)], 2: [(1, 8)], 6: [(1, 8), (8, 11)], 4: [(1, 3), (3, 7)], 3: [(1, 5), (5, 10)], 8: [(1, 4), (4, 10)], 9: [(1, 6), (6, 9), (9, 10)]}, padri: [2, 2, 2, 9, 9, 9, 25], figli: [], mosse: [(4, 4, 1, 3, 7), (4, 4, 3, 7, 1), (4, 4, 7, 3), (6, 6, 1, 8, 8), (6, 6, 8, 11, 6), (6, 6, 11, 8), (9, 5, 1, 6, 4)]
6 -> costo: 81473.8, rotte: {5: [(1, 3), (3, 7)], 7: [(1, 2)], 2: [(1, 8)], 6: [(1, 8), (8, 11)], 4: [(1, 3)], 3: [(1, 5), (5, 10)], 8: [(1, 4), (4, 10)], 9: [(1, 6), (6, 9), (9, 10)]}, padri: [2, 2], figli: [], mosse: [(5, 4, 3, 7, 1)]
7 -> costo: 81915.4, rotte: {5: [(1, 3)], 7: [(1, 2)], 2: [(1, 8)], 6: [(1, 7), (7, 11), (11, 8)], 4: [(1, 3)], 3: [(1, 5), (5, 10)], 8: [(1, 4), (4, 10)], 9: [(1, 6), (6, 9), (9, 10)]}, padri: [1, 8, 26], figli: [3, 20], mosse: [(6, 4, 1, 7, 1), (6, 6, 7, 11, 6), (9, 5, 1, 6, 4)]
8 -> costo: 81995.7, rotte: {5: [(1, 3)], 7: [(1, 2)], 2: [(1, 8)], 6: [(1, 11), (11, 7), (7, 8)], 4: [(1, 3)], 3: [(1, 5), (5, 10)], 8: [(1, 4), (4, 10)], 9: [(1, 6), (6, 9), (9, 10)]}, padri: [1], figli: [4, 7], mosse: [(6, 4, 11, 7, 1)]
9 -> costo: 82413.09999999999, rotte: {5: [(1, 3)], 7: [(1, 2)], 2: [(1, 8)], 6: [(1, 11), (11, 8)], 4: [(1, 3), (3, 7)], 3: [(1, 5), (5, 10)], 8: [(1, 4), (4, 10)], 9: [(1, 6), (6, 9), (9, 10)]}, padri: [1, 1, 1], figli: [5, 5, 5], mosse: [(4, 4, 1, 3, 7), (4, 4, 3, 7, 1), (4, 4, 7, 3)]
10 -> costo: 82413.09999999999, rotte: {5: [(1, 3), (3, 7)], 7: [(1, 2)], 2: [(1, 8)], 6: [(1, 11), (11, 8)], 4: [(1, 3)], 3: [(1, 5), (5, 10)], 8: [(1, 4), (4, 10)], 9: [(1, 6), (6, 9), (9, 10)]}, padri: [1, 1], figli: [11, 12, 13], mosse: [(5, 4, 3, 7, 1)]
11 -> costo: 81473.8, rotte: {5: [(1, 3), (3, 7)], 7: [(1, 2)], 2: [(1, 8)], 6: [(1, 8), (8, 11)], 4: [(1, 3)], 3: [(1, 5), (5, 10)], 8: [(1, 4), (4, 10)], 9: [(1, 6), (6, 9), (9, 10)]}, padri: [10], figli: [], mosse: [(6, 6, 1, 8, 8)]
12 -> costo: 81473.8, rotte: {5: [(1, 3), (3, 7)], 7: [(1, 2)], 2: [(1, 8)], 6: [(1, 8), (8, 11)], 4: [(1, 3)], 3: [(1, 5), (5, 10)], 8: [(1, 4), (4, 10)], 9: [(1, 6), (6, 9), (9, 10)]}, padri: [10], figli: [], mosse: [(6, 6, 8, 11, 6)]
13 -> costo: 81473.8, rotte: {5: [(1, 3), (3, 7)], 7: [(1, 2)], 2: [(1, 8)], 6: [(1, 8), (8, 11)], 4: [(1, 3)], 3: [(1, 5), (5, 10)], 8: [(1, 4), (4, 10)], 9: [(1, 6), (6, 9), (9, 10)]}, padri: [10], figli: [], mosse: [(6, 6, 11, 8)]
14 -> costo: 83541.19999999998, rotte: {5: [(1, 6), (6, 3)], 7: [(1, 2)], 2: [(1, 8)], 6: [(1, 11), (11, 8)], 4: [(1, 3)], 3: [(1, 5), (5, 10)], 8: [(1, 4), (4, 10)], 9: [(1, 7), (7, 9), (9, 10)]}, padri: [0], figli: [15, 15, 15, 17, 17, 17, 17, 17, 19, 19, 19], mosse: [(9, 4, 1, 7, 1)]
15 -> costo: 82601.9, rotte: {5: [(1, 6), (6, 3)], 7: [(1, 2)], 2: [(1, 8)], 6: [(1, 8), (8, 11)], 4: [(1, 3)], 3: [(1, 5), (5, 10)], 8: [(1, 4), (4, 10)], 9: [(1, 7), (7, 9), (9, 10)]}, padri: [14, 14, 14, 18, 22], figli: [16, 16, 16], mosse: [(6, 6, 1, 8, 8), (6, 6, 8, 11, 6), (6, 6, 11, 8), (9, 4, 1, 7, 1), (9, 6, 1, 7, 1)]
16 -> costo: 82011.99999999999, rotte: {5: [(1, 3), (3, 6)], 7: [(1, 2)], 2: [(1, 8)], 6: [(1, 8), (8, 11)], 4: [(1, 3)], 3: [(1, 5), (5, 10)], 8: [(1, 4), (4, 10)], 9: [(1, 7), (7, 9), (9, 10)]}, padri: [15, 15, 15, 17, 17, 17, 21, 23], figli: [], mosse: [(5, 5, 1, 3, 11), (5, 5, 3, 6, 4), (5, 5, 6, 3), (6, 6, 1, 8, 8), (6, 6, 8, 11, 6), (6, 6, 11, 8), (9, 6, 1, 7, 1), (9, 4, 1, 7, 1)]
17 -> costo: 82951.29999999999, rotte: {5: [(1, 3), (3, 6)], 7: [(1, 2)], 2: [(1, 8)], 6: [(1, 11), (11, 8)], 4: [(1, 3)], 3: [(1, 5), (5, 10)], 8: [(1, 4), (4, 10)], 9: [(1, 7), (7, 9), (9, 10)]}, padri: [14, 14, 14, 27], figli: [16, 16, 16], mosse: [(5, 5, 1, 3, 11), (5, 5, 3, 6, 4), (5, 5, 6, 3), (9, 6, 1, 7, 1)]
18 -> costo: 83789.19999999998, rotte: {5: [(1, 6), (6, 3)], 7: [(1, 2)], 2: [(1, 8)], 6: [(1, 8), (8, 11)], 4: [(1, 7), (7, 3)], 3: [(1, 5), (5, 10)], 8: [(1, 4), (4, 10)], 9: [(1, 9), (9, 10)]}, padri: [0, 0, 0], figli: [2, 15, 19, 23, 23, 23, 25, 25, 25, 25, 25, 27], mosse: [(6, 6, 1, 8, 8), (6, 6, 8, 11, 6), (6, 6, 11, 8)]
19 -> costo: 83044.59999999999, rotte: {5: [(1, 6), (6, 3)], 7: [(1, 2)], 2: [(1, 8)], 6: [(1, 8), (8, 7), (7, 11)], 4: [(1, 3)], 3: [(1, 5), (5, 10)], 8: [(1, 4), (4, 10)], 9: [(1, 9), (9, 10)]}, padri: [18, 26], figli: [3, 20, 20, 20, 22, 22, 22, 24, 24, 24], mosse: [(6, 4, 8, 7, 1), (6, 6, 1, 8, 8)]
20 -> costo: 82454.7, rotte: {5: [(1, 3), (3, 6)], 7: [(1, 2)], 2: [(1, 8)], 6: [(1, 8), (8, 7), (7, 11)], 4: [(1, 3)], 3: [(1, 5), (5, 10)], 8: [(1, 4), (4, 10)], 9: [(1, 9), (9, 10)]}, padri: [19, 19, 19, 23, 27], figli: [21], mosse: [(5, 5, 1, 3, 11), (5, 5, 3, 6, 4), (5, 5, 6, 3), (6, 4, 8, 7, 1), (6, 6, 1, 8, 8)]
21 -> costo: 82054.29999999999, rotte: {5: [(1, 3), (3, 6)], 7: [(1, 2)], 2: [(1, 8)], 6: [(1, 7), (7, 8), (8, 11)], 4: [(1, 3)], 3: [(1, 5), (5, 10)], 8: [(1, 4), (4, 10)], 9: [(1, 9), (9, 10)]}, padri: [20, 22, 22, 22], figli: [16], mosse: [(6, 6, 7, 8, 8), (5, 5, 1, 3, 11), (5, 5, 3, 6, 4), (5, 5, 6, 3)]
22 -> costo: 82644.19999999998, rotte: {5: [(1, 6), (6, 3)], 7: [(1, 2)], 2: [(1, 8)], 6: [(1, 7), (7, 8), (8, 11)], 4: [(1, 3)], 3: [(1, 5), (5, 10)], 8: [(1, 4), (4, 10)], 9: [(1, 9), (9, 10)]}, padri: [19], figli: [4, 21, 21, 21, 15], mosse: [(6, 6, 7, 8, 8)]
23 -> costo: 83199.29999999999, rotte: {5: [(1, 3), (3, 6)], 7: [(1, 2)], 2: [(1, 8)], 6: [(1, 8), (8, 11)], 4: [(1, 7), (7, 3)], 3: [(1, 5), (5, 10)], 8: [(1, 4), (4, 10)], 9: [(1, 9), (9, 10)]}, padri: [18, 18, 18], figli: [16, 20, 24, 24, 24], mosse: [(5, 5, 1, 3, 11), (5, 5, 3, 6, 4), (5, 5, 6, 3)]
24 -> costo: 82869.69999999998, rotte: {5: [(1, 3), (3, 6)], 7: [(1, 2)], 2: [(1, 8)], 6: [(1, 8), (8, 11)], 4: [(1, 3), (3, 7)], 3: [(1, 5), (5, 10)], 8: [(1, 4), (4, 10)], 9: [(1, 9), (9, 10)]}, padri: [23, 23, 23, 25, 25, 25], figli: [], mosse: [(4, 4, 1, 3, 7), (4, 4, 3, 7, 1), (4, 4, 7, 3), (5, 5, 1, 3, 11), (5, 5, 3, 6, 4), (5, 5, 6, 3)]
25 -> costo: 83459.59999999999, rotte: {5: [(1, 6), (6, 3)], 7: [(1, 2)], 2: [(1, 8)], 6: [(1, 8), (8, 11)], 4: [(1, 3), (3, 7)], 3: [(1, 5), (5, 10)], 8: [(1, 4), (4, 10)], 9: [(1, 9), (9, 10)]}, padri: [18, 18, 18], figli: [5, 24, 24, 24], mosse: [(4, 4, 1, 3, 7), (4, 4, 3, 7, 1), (4, 4, 7, 3)]
26 -> costo: 83901.19999999998, rotte: {5: [(1, 6), (6, 3)], 7: [(1, 2)], 2: [(1, 8)], 6: [(1, 7), (7, 11), (11, 8)], 4: [(1, 3)], 3: [(1, 5), (5, 10)], 8: [(1, 4), (4, 10)], 9: [(1, 9), (9, 10)]}, padri: [0], figli: [7, 19, 27], mosse: [(6, 4, 1, 7, 1)]
27 -> costo: 83311.29999999999, rotte: {5: [(1, 3), (3, 6)], 7: [(1, 2)], 2: [(1, 8)], 6: [(1, 7), (7, 11), (11, 8)], 4: [(1, 3)], 3: [(1, 5), (5, 10)], 8: [(1, 4), (4, 10)], 9: [(1, 9), (9, 10)]}, padri: [26], figli: [20, 17], mosse: [(5, 5, 1, 3, 11)]
bestSolutionIndice: 4
4 -> costo: 80658.40000000001, rotte: {5: [(1, 3)], 7: [(1, 2)], 2: [(1, 8)], 6: [(1, 7), (7, 8), (8, 11)], 4: [(1, 3)], 3: [(1, 5), (5, 10)], 8: [(1, 4), (4, 10)], 9: [(1, 6), (6, 9), (9, 10)]}, padri: [3, 8, 22], figli: [], mosse: [(6, 6, 7, 8, 8), (6, 6, 8, 11, 6), (9, 5, 1, 6, 4)]
trasportoPalletDiGamma: {5: [(3, 11)], 7: [(2, 20)], 2: [(8, 10)], 6: [(7, 1), (8, 8), (11, 6)], 4: [(3, 7)], 3: [(5, 8), (10, 2)], 8: [(4, 15), (10, 5)], 9: [(6, 4), (9, 14), (10, 2)]}
itMosseLS: 77, itMosseTS: 75
time elapsed: 2447.66s.


##########################################################################################
s: 1
dictSolutions[1]:
0 -> costo: 87331.3, rotte: {9: [(1, 9), (9, 3)], 2: [(1, 7), (7, 11)], 7: [(1, 4), (4, 2)], 6: [(1, 10), (10, 3)], 8: [(1, 8), (8, 2)], 3: [(1, 6), (6, 3)], 4: [(1, 2)], 5: [(1, 5), (5, 2)]}, padri: [-1], figli: [1], mosse: [-1]
1 -> costo: 84647.1, rotte: {9: [(1, 9), (9, 3)], 2: [(1, 7), (7, 11)], 7: [(1, 4), (4, 2)], 6: [(1, 3), (3, 10)], 8: [(1, 8), (8, 2)], 3: [(1, 6), (6, 3)], 4: [(1, 2)], 5: [(1, 5), (5, 2)]}, padri: [0], figli: [2], mosse: [(6, 6, 1, 3, 6)]
2 -> costo: 82165.1, rotte: {9: [(1, 3), (3, 9)], 2: [(1, 7), (7, 11)], 7: [(1, 4), (4, 2)], 6: [(1, 3), (3, 10)], 8: [(1, 8), (8, 2)], 3: [(1, 6), (6, 3)], 4: [(1, 2)], 5: [(1, 5), (5, 2)]}, padri: [1], figli: [3, 21], mosse: [(9, 9, 1, 3, 6)]
3 -> costo: 80794.70000000001, rotte: {9: [(1, 3), (3, 9)], 2: [(1, 7), (7, 11)], 7: [(1, 4), (4, 2)], 6: [(1, 3), (3, 10)], 8: [(1, 8), (8, 2)], 3: [(1, 3)], 4: [(1, 2)], 5: [(1, 5), (5, 6), (6, 2)]}, padri: [2], figli: [4, 17, 17, 17], mosse: [(5, 3, 5, 6, 4)]
4 -> costo: 79720.90000000001, rotte: {9: [(1, 3), (3, 9)], 2: [(1, 7), (7, 11)], 7: [(1, 4), (4, 2)], 6: [(1, 3), (3, 10)], 8: [(1, 8), (8, 2)], 3: [(1, 3)], 4: [(1, 2)], 5: [(1, 2), (2, 5), (5, 6)]}, padri: [3], figli: [5, 8, 9, 12, 12, 12], mosse: [(5, 5, 1, 2, 3)]
5 -> costo: 78939.0, rotte: {9: [(1, 3), (3, 9)], 2: [(1, 7), (7, 11)], 7: [(1, 4), (4, 2)], 6: [(1, 3), (3, 10)], 8: [(1, 8), (8, 2)], 3: [(1, 3), (3, 2)], 4: [(1, 2)], 5: [(1, 5), (5, 6)]}, padri: [4, 8, 23], figli: [6, 6, 6], mosse: [(3, 5, 3, 2, 3), (3, 2, 3, 2, 3), (5, 5, 1, 5, 8)]
6 -> costo: 78827.3, rotte: {9: [(1, 3), (3, 9)], 2: [(1, 7), (7, 11)], 7: [(1, 2), (2, 4)], 6: [(1, 3), (3, 10)], 8: [(1, 8), (8, 2)], 3: [(1, 3), (3, 2)], 4: [(1, 2)], 5: [(1, 5), (5, 6)]}, padri: [5, 5, 5, 9, 12], figli: [7, 7, 7, 11, 11, 11, 14, 14, 14], mosse: [(7, 7, 1, 2, 5), (7, 7, 2, 4, 15), (7, 7, 4, 2), (3, 2, 3, 2, 3), (3, 5, 3, 2, 3)]
7 -> costo: 77396.1, rotte: {9: [(1, 3), (3, 9)], 2: [(1, 7), (7, 11)], 7: [(1, 2), (2, 4)], 6: [(1, 3), (3, 10)], 8: [(1, 2), (2, 8)], 3: [(1, 3), (3, 2)], 4: [(1, 2)], 5: [(1, 5), (5, 6)]}, padri: [6, 6, 6, 10, 13], figli: [], mosse: [(8, 8, 1, 2, 2), (8, 8, 2, 8, 18), (8, 8, 8, 2), (3, 2, 3, 2, 3), (3, 5, 3, 2, 3)]
8 -> costo: 79511.5, rotte: {9: [(1, 3), (3, 9)], 2: [(1, 2), (2, 7), (7, 11)], 7: [(1, 4), (4, 2)], 6: [(1, 3), (3, 10)], 8: [(1, 8), (8, 2)], 3: [(1, 3)], 4: [(1, 2)], 5: [(1, 5), (5, 6)]}, padri: [4], figli: [5, 9, 9, 9], mosse: [(2, 5, 1, 2, 3)]
9 -> costo: 79399.8, rotte: {9: [(1, 3), (3, 9)], 2: [(1, 2), (2, 7), (7, 11)], 7: [(1, 2), (2, 4)], 6: [(1, 3), (3, 10)], 8: [(1, 8), (8, 2)], 3: [(1, 3)], 4: [(1, 2)], 5: [(1, 5), (5, 6)]}, padri: [8, 8, 8, 12], figli: [10, 10, 10, 6], mosse: [(7, 7, 1, 2, 5), (7, 7, 2, 4, 15), (7, 7, 4, 2), (2, 5, 1, 2, 3)]
10 -> costo: 77968.6, rotte: {9: [(1, 3), (3, 9)], 2: [(1, 2), (2, 7), (7, 11)], 7: [(1, 2), (2, 4)], 6: [(1, 3), (3, 10)], 8: [(1, 2), (2, 8)], 3: [(1, 3)], 4: [(1, 2)], 5: [(1, 5), (5, 6)]}, padri: [9, 9, 9, 13], figli: [7, 11, 14], mosse: [(8, 8, 1, 2, 2), (8, 8, 2, 8, 18), (8, 8, 8, 2), (2, 5, 1, 2, 3)]
11 -> costo: 77579.7, rotte: {9: [(1, 3), (3, 9)], 2: [(1, 2), (2, 7), (7, 11)], 7: [(1, 2), (2, 4)], 6: [(1, 3), (3, 10)], 8: [(1, 8)], 3: [(1, 3), (3, 2)], 4: [(1, 2)], 5: [(1, 5), (5, 6)]}, padri: [10, 14], figli: [], mosse: [(3, 8, 3, 2, 2), (2, 5, 1, 2, 3)]
12 -> costo: 79609.20000000001, rotte: {9: [(1, 3), (3, 9)], 2: [(1, 7), (7, 11)], 7: [(1, 2), (2, 4)], 6: [(1, 3), (3, 10)], 8: [(1, 8), (8, 2)], 3: [(1, 3)], 4: [(1, 2)], 5: [(1, 2), (2, 5), (5, 6)]}, padri: [4, 4, 4, 17], figli: [13, 13, 13, 6, 9, 19, 19, 19], mosse: [(7, 7, 1, 2, 5), (7, 7, 2, 4, 15), (7, 7, 4, 2), (5, 5, 1, 2, 3)]
13 -> costo: 78178.00000000001, rotte: {9: [(1, 3), (3, 9)], 2: [(1, 7), (7, 11)], 7: [(1, 2), (2, 4)], 6: [(1, 3), (3, 10)], 8: [(1, 2), (2, 8)], 3: [(1, 3)], 4: [(1, 2)], 5: [(1, 2), (2, 5), (5, 6)]}, padri: [12, 12, 12, 18], figli: [7, 14, 10, 20], mosse: [(8, 8, 1, 2, 2), (8, 8, 2, 8, 18), (8, 8, 8, 2), (5, 5, 1, 2, 3)]
14 -> costo: 77789.1, rotte: {9: [(1, 3), (3, 9)], 2: [(1, 7), (7, 11)], 7: [(1, 2), (2, 4)], 6: [(1, 3), (3, 10)], 8: [(1, 8)], 3: [(1, 3), (3, 2)], 4: [(1, 2)], 5: [(1, 2), (2, 5), (5, 6)]}, padri: [13, 19], figli: [15, 11], mosse: [(3, 8, 3, 2, 2), (5, 5, 1, 2, 3)]
15 -> costo: 77471.40000000001, rotte: {9: [(1, 3), (3, 9)], 2: [(1, 11)], 7: [(1, 2), (2, 4)], 6: [(1, 3), (3, 10)], 8: [(1, 7), (7, 8)], 3: [(1, 3), (3, 2)], 4: [(1, 2)], 5: [(1, 2), (2, 5), (5, 6)]}, padri: [14, 20], figli: [16], mosse: [(8, 2, 1, 7, 1), (5, 5, 1, 2, 3)]
16 -> costo: 76282.1, rotte: {9: [(1, 3), (3, 9)], 2: [(1, 2), (2, 11)], 7: [(1, 2), (2, 4)], 6: [(1, 3), (3, 10)], 8: [(1, 7), (7, 8)], 3: [(1, 3), (3, 2)], 4: [(1, 2)], 5: [(1, 5), (5, 6)]}, padri: [15], figli: [], mosse: [(2, 5, 1, 2, 3)]
17 -> costo: 80683.00000000001, rotte: {9: [(1, 3), (3, 9)], 2: [(1, 7), (7, 11)], 7: [(1, 2), (2, 4)], 6: [(1, 3), (3, 10)], 8: [(1, 8), (8, 2)], 3: [(1, 3)], 4: [(1, 2)], 5: [(1, 5), (5, 6), (6, 2)]}, padri: [3, 3, 3], figli: [18, 18, 18, 12], mosse: [(7, 7, 1, 2, 5), (7, 7, 2, 4, 15), (7, 7, 4, 2)]
18 -> costo: 79251.80000000002, rotte: {9: [(1, 3), (3, 9)], 2: [(1, 7), (7, 11)], 7: [(1, 2), (2, 4)], 6: [(1, 3), (3, 10)], 8: [(1, 2), (2, 8)], 3: [(1, 3)], 4: [(1, 2)], 5: [(1, 5), (5, 6), (6, 2)]}, padri: [17, 17, 17], figli: [13, 19], mosse: [(8, 8, 1, 2, 2), (8, 8, 2, 8, 18), (8, 8, 8, 2)]
19 -> costo: 78862.90000000001, rotte: {9: [(1, 3), (3, 9)], 2: [(1, 7), (7, 11)], 7: [(1, 2), (2, 4)], 6: [(1, 3), (3, 10)], 8: [(1, 8)], 3: [(1, 3), (3, 2)], 4: [(1, 2)], 5: [(1, 5), (5, 6), (6, 2)]}, padri: [18], figli: [14, 20], mosse: [(3, 8, 3, 2, 2)]
20 -> costo: 78545.20000000001, rotte: {9: [(1, 3), (3, 9)], 2: [(1, 11)], 7: [(1, 2), (2, 4)], 6: [(1, 3), (3, 10)], 8: [(1, 7), (7, 8)], 3: [(1, 3), (3, 2)], 4: [(1, 2)], 5: [(1, 5), (5, 6), (6, 2)]}, padri: [19], figli: [15], mosse: [(8, 2, 1, 7, 1)]
21 -> costo: 80796.3, rotte: {9: [(1, 3), (3, 9)], 2: [(1, 7), (7, 11)], 7: [(1, 4), (4, 2)], 6: [(1, 3), (3, 10)], 8: [(1, 8), (8, 2)], 3: [(1, 3)], 4: [(1, 2)], 5: [(1, 6), (6, 5), (5, 2)]}, padri: [2], figli: [22], mosse: [(5, 3, 1, 6, 4)]
22 -> costo: 80023.20000000001, rotte: {9: [(1, 3), (3, 9)], 2: [(1, 7), (7, 11)], 7: [(1, 4), (4, 2)], 6: [(1, 3), (3, 10)], 8: [(1, 8), (8, 2)], 3: [(1, 3)], 4: [(1, 2)], 5: [(1, 2), (2, 6), (6, 5)]}, padri: [21], figli: [23], mosse: [(5, 5, 1, 2, 3)]
23 -> costo: 79241.3, rotte: {9: [(1, 3), (3, 9)], 2: [(1, 7), (7, 11)], 7: [(1, 4), (4, 2)], 6: [(1, 3), (3, 10)], 8: [(1, 8), (8, 2)], 3: [(1, 3), (3, 2)], 4: [(1, 2)], 5: [(1, 6), (6, 5)]}, padri: [22], figli: [5], mosse: [(3, 5, 3, 2, 3)]
bestSolutionIndice: 16
16 -> costo: 76282.1, rotte: {9: [(1, 3), (3, 9)], 2: [(1, 2), (2, 11)], 7: [(1, 2), (2, 4)], 6: [(1, 3), (3, 10)], 8: [(1, 7), (7, 8)], 3: [(1, 3), (3, 2)], 4: [(1, 2)], 5: [(1, 5), (5, 6)]}, padri: [15], figli: [], mosse: [(2, 5, 1, 2, 3)]
trasportoPalletDiGamma: {9: [(3, 6), (9, 14)], 2: [(2, 3), (11, 6)], 7: [(2, 5), (4, 15)], 6: [(3, 6), (10, 9)], 8: [(7, 1), (8, 18)], 3: [(3, 6), (2, 2)], 4: [(2, 10)], 5: [(5, 8), (6, 4)]}
itMosseLS: 52, itMosseTS: 46
time elapsed: 1158.08s.


##########################################################################################
##########################################################################################
##########################################################################################
