itNSIMax: 50, itMosseTSMax: 5.
##########################################################################################
s: 1, itNSI: 1.
soluzione iniziale: 0
0 -> 
costo: 104304.50000000001, 
rotte: {3: [(1, 2), (2, 3), (3, 4), (4, 13), (13, 14), (14, 12), (12, 5), (5, 8)], 2: [(1, 15), (15, 9), (9, 16), (16, 10), (10, 11), (11, 6), (6, 7)]}
trasportoPalletDiGamma: {3: [(2, 12), (3, 1), (4, 2), (13, 11), (14, 12), (12, 10), (5, 3), (8, 6)], 2: [(15, 13), (9, 7), (16, 14), (10, 8), (11, 9), (6, 4), (7, 5)]}
bestSolutionIndice: 12
12 -> 
costo: 67525.90000000001, 
rotte: {3: [(1, 5), (5, 2), (2, 4), (4, 3), (3, 13), (13, 14), (14, 8), (8, 12)], 2: [(1, 15), (15, 16), (16, 9), (9, 7), (7, 6), (6, 10), (10, 11)]}
trasportoPalletDiGamma: {3: [(5, 3), (2, 12), (4, 2), (3, 1), (13, 11), (14, 12), (8, 6), (12, 10)], 2: [(15, 13), (16, 14), (9, 7), (7, 5), (6, 4), (10, 8), (11, 9)]}
itMosseLS: 13, itMosseTS: 5
numero di soluzioni totali trovati: 13.
time elapsed: 27.93s.


##########################################################################################
s: 1, itNSI: 2.
soluzione iniziale: 0
0 -> 
costo: 108197.6, 
rotte: {2: [(1, 15), (15, 6), (6, 10), (10, 13), (13, 2), (2, 3), (3, 12), (12, 11)], 3: [(1, 14), (14, 7), (7, 9), (9, 16), (16, 4), (4, 5), (5, 8), (8, 11)]}
trasportoPalletDiGamma: {2: [(15, 13), (6, 4), (10, 8), (13, 11), (2, 12), (3, 1), (12, 10), (11, 1)], 3: [(14, 12), (7, 5), (9, 7), (16, 14), (4, 2), (5, 3), (8, 6), (11, 8)]}
bestSolutionIndice: 7
7 -> 
costo: 71680.1, 
rotte: {2: [(1, 13), (13, 10), (10, 3), (3, 2), (2, 6), (6, 12), (12, 15)], 3: [(1, 7), (7, 9), (9, 16), (16, 5), (5, 4), (4, 8), (8, 14), (14, 11)]}
trasportoPalletDiGamma: {2: [(13, 11), (10, 8), (3, 1), (2, 12), (6, 4), (12, 10), (15, 13)], 3: [(7, 5), (9, 7), (16, 14), (5, 3), (4, 2), (8, 6), (14, 12), (11, 9)]}
itMosseLS: 11, itMosseTS: 5
numero di soluzioni totali trovati: 10.
time elapsed: 47.28s.


##########################################################################################
s: 1, itNSI: 3.
soluzione iniziale: 0
0 -> 
costo: 112002.40000000001, 
rotte: {3: [(1, 2), (2, 11), (11, 6), (6, 14), (14, 16), (16, 13)], 2: [(1, 12), (12, 10), (10, 7), (7, 15), (15, 3), (3, 5), (5, 4), (4, 8), (8, 9), (9, 13)]}
trasportoPalletDiGamma: {3: [(2, 12), (11, 9), (6, 4), (14, 12), (16, 14), (13, 9)], 2: [(12, 10), (10, 8), (7, 5), (15, 13), (3, 1), (5, 3), (4, 2), (8, 6), (9, 7), (13, 2)]}
bestSolutionIndice: 10
10 -> 
costo: 67129.59999999999, 
rotte: {3: [(1, 2), (2, 16), (16, 6), (6, 14), (14, 13), (13, 11)], 2: [(1, 13), (13, 10), (10, 3), (3, 5), (5, 4), (4, 7), (7, 9), (9, 8), (8, 12), (12, 15)]}
trasportoPalletDiGamma: {3: [(2, 12), (16, 14), (6, 4), (14, 12), (13, 9), (11, 9)], 2: [(13, 2), (10, 8), (3, 1), (5, 3), (4, 2), (7, 5), (9, 7), (8, 6), (12, 10), (15, 13)]}
itMosseLS: 14, itMosseTS: 5
numero di soluzioni totali trovati: 13.
time elapsed: 58.54s.


##########################################################################################
s: 1, itNSI: 4.
soluzione iniziale: 0
0 -> 
costo: 110181.20000000001, 
rotte: {2: [(1, 3), (3, 11), (11, 4), (4, 6), (6, 7), (7, 14), (14, 2), (2, 16)], 3: [(1, 8), (8, 10), (10, 9), (9, 13), (13, 12), (12, 5), (5, 15)]}
trasportoPalletDiGamma: {2: [(3, 1), (11, 9), (4, 2), (6, 4), (7, 5), (14, 12), (2, 12), (16, 14)], 3: [(8, 6), (10, 8), (9, 7), (13, 11), (12, 10), (5, 3), (15, 13)]}
bestSolutionIndice: 14
14 -> 
costo: 65765.59999999999, 
rotte: {2: [(1, 4), (4, 2), (2, 16), (16, 7), (7, 6), (6, 14), (14, 11)], 3: [(1, 13), (13, 10), (10, 3), (3, 5), (5, 9), (9, 8), (8, 12), (12, 15)]}
trasportoPalletDiGamma: {2: [(4, 2), (2, 12), (16, 14), (7, 5), (6, 4), (14, 12), (11, 9)], 3: [(13, 11), (10, 8), (3, 1), (5, 3), (9, 7), (8, 6), (12, 10), (15, 13)]}
itMosseLS: 15, itMosseTS: 5
numero di soluzioni totali trovati: 15.
time elapsed: 49.86s.


##########################################################################################
s: 1, itNSI: 5.
soluzione iniziale: 0
0 -> 
costo: 111700.8, 
rotte: {3: [(1, 2), (2, 13), (13, 4), (4, 3), (3, 10), (10, 7), (7, 15), (15, 12)], 2: [(1, 9), (9, 11), (11, 16), (16, 14), (14, 8), (8, 5), (5, 6), (6, 12)]}
trasportoPalletDiGamma: {3: [(2, 12), (13, 11), (4, 2), (3, 1), (10, 8), (7, 5), (15, 13), (12, 8)], 2: [(9, 7), (11, 9), (16, 14), (14, 12), (8, 6), (5, 3), (6, 4), (12, 2)]}
bestSolutionIndice: 8
8 -> 
costo: 69683.3, 
rotte: {3: [(1, 4), (4, 2), (2, 3), (3, 10), (10, 13), (13, 7), (7, 12), (12, 15)], 2: [(1, 16), (16, 9), (9, 8), (8, 12), (12, 5), (5, 6), (6, 14), (14, 11)]}
trasportoPalletDiGamma: {3: [(4, 2), (2, 12), (3, 1), (10, 8), (13, 11), (7, 5), (12, 8), (15, 13)], 2: [(16, 14), (9, 7), (8, 6), (12, 2), (5, 3), (6, 4), (14, 12), (11, 9)]}
itMosseLS: 13, itMosseTS: 5
numero di soluzioni totali trovati: 12.
time elapsed: 65.74s.


##########################################################################################
s: 1, itNSI: 6.
soluzione iniziale: 0
0 -> 
costo: 110042.8, 
rotte: {3: [(1, 6), (6, 3), (3, 7), (7, 8), (8, 13), (13, 2), (2, 11), (11, 5), (5, 12)], 2: [(1, 4), (4, 9), (9, 10), (10, 14), (14, 16), (16, 15), (15, 12)]}
trasportoPalletDiGamma: {3: [(6, 4), (3, 1), (7, 5), (8, 6), (13, 11), (2, 12), (11, 9), (5, 3), (12, 6)], 2: [(4, 2), (9, 7), (10, 8), (14, 12), (16, 14), (15, 13), (12, 4)]}
bestSolutionIndice: 10
10 -> 
costo: 64114.5, 
rotte: {3: [(1, 4), (4, 2), (2, 5), (5, 3), (3, 7), (7, 8), (8, 12), (12, 6), (6, 13), (13, 11)], 2: [(1, 10), (10, 14), (14, 9), (9, 12), (12, 15), (15, 16)]}
trasportoPalletDiGamma: {3: [(4, 2), (2, 12), (5, 3), (3, 1), (7, 5), (8, 6), (12, 6), (6, 4), (13, 11), (11, 9)], 2: [(10, 8), (14, 12), (9, 7), (12, 4), (15, 13), (16, 14)]}
itMosseLS: 14, itMosseTS: 5
numero di soluzioni totali trovati: 13.
time elapsed: 46.38s.


##########################################################################################
s: 1, itNSI: 7.
soluzione iniziale: 0
0 -> 
costo: 109144.99999999999, 
rotte: {2: [(1, 7), (7, 11), (11, 12), (12, 8), (8, 5), (5, 16), (16, 4), (4, 13)], 3: [(1, 2), (2, 6), (6, 10), (10, 15), (15, 14), (14, 9), (9, 3)]}
trasportoPalletDiGamma: {2: [(7, 5), (11, 9), (12, 10), (8, 6), (5, 3), (16, 14), (4, 2), (13, 11)], 3: [(2, 12), (6, 4), (10, 8), (15, 13), (14, 12), (9, 7), (3, 1)]}
bestSolutionIndice: 7
7 -> 
costo: 70410.2, 
rotte: {2: [(1, 7), (7, 12), (12, 8), (8, 16), (16, 5), (5, 4), (4, 13), (13, 11)], 3: [(1, 2), (2, 3), (3, 6), (6, 9), (9, 15), (15, 14), (14, 10)]}
trasportoPalletDiGamma: {2: [(7, 5), (12, 10), (8, 6), (16, 14), (5, 3), (4, 2), (13, 11), (11, 9)], 3: [(2, 12), (3, 1), (6, 4), (9, 7), (15, 13), (14, 12), (10, 8)]}
itMosseLS: 9, itMosseTS: 5
numero di soluzioni totali trovati: 9.
time elapsed: 39.37s.


##########################################################################################
s: 1, itNSI: 8.
soluzione iniziale: 0
0 -> 
costo: 84212.39999999998, 
rotte: {3: [(1, 8), (8, 16), (16, 3), (3, 9), (9, 14), (14, 7), (7, 5), (5, 11)], 2: [(1, 2), (2, 15), (15, 13), (13, 6), (6, 10), (10, 4), (4, 12)]}
trasportoPalletDiGamma: {3: [(8, 6), (16, 14), (3, 1), (9, 7), (14, 12), (7, 5), (5, 3), (11, 9)], 2: [(2, 12), (15, 13), (13, 11), (6, 4), (10, 8), (4, 2), (12, 10)]}
bestSolutionIndice: 6
6 -> 
costo: 70453.59999999999, 
rotte: {3: [(1, 16), (16, 9), (9, 8), (8, 7), (7, 5), (5, 3), (3, 14), (14, 11)], 2: [(1, 13), (13, 10), (10, 4), (4, 2), (2, 6), (6, 12), (12, 15)]}
trasportoPalletDiGamma: {3: [(16, 14), (9, 7), (8, 6), (7, 5), (5, 3), (3, 1), (14, 12), (11, 9)], 2: [(13, 11), (10, 8), (4, 2), (2, 12), (6, 4), (12, 10), (15, 13)]}
itMosseLS: 10, itMosseTS: 5
numero di soluzioni totali trovati: 9.
time elapsed: 43.05s.


##########################################################################################
s: 1, itNSI: 9.
soluzione iniziale: 0
0 -> 
costo: 108664.69999999998, 
rotte: {3: [(1, 8), (8, 15), (15, 12), (12, 7), (7, 4), (4, 16), (16, 6), (6, 3), (3, 11)], 2: [(1, 5), (5, 13), (13, 9), (9, 2), (2, 10), (10, 14), (14, 11)]}
trasportoPalletDiGamma: {3: [(8, 6), (15, 13), (12, 10), (7, 5), (4, 2), (16, 14), (6, 4), (3, 1), (11, 2)], 2: [(5, 3), (13, 11), (9, 7), (2, 12), (10, 8), (14, 12), (11, 7)]}
bestSolutionIndice: 9
9 -> 
costo: 99504.69999999998, 
rotte: {3: [(1, 8), (8, 12), (12, 15), (15, 16), (16, 7), (7, 6), (6, 3), (3, 4), (4, 11)], 2: [(1, 2), (2, 5), (5, 9), (9, 13), (13, 10), (10, 14), (14, 11)]}
trasportoPalletDiGamma: {3: [(8, 6), (12, 10), (15, 13), (16, 14), (7, 5), (6, 4), (3, 1), (4, 2), (11, 2)], 2: [(2, 12), (5, 3), (9, 7), (13, 11), (10, 8), (14, 12), (11, 7)]}
itMosseLS: 13, itMosseTS: 5
numero di soluzioni totali trovati: 12.
time elapsed: 104.91s.


##########################################################################################
s: 1, itNSI: 10.
soluzione iniziale: 0
0 -> 
costo: 110508.80000000002, 
rotte: {2: [(1, 6), (6, 10), (10, 15), (15, 8), (8, 13), (13, 16), (16, 3), (3, 12)], 3: [(1, 14), (14, 7), (7, 11), (11, 4), (4, 2), (2, 5), (5, 9), (9, 12)]}
trasportoPalletDiGamma: {2: [(6, 4), (10, 8), (15, 13), (8, 6), (13, 11), (16, 14), (3, 1), (12, 3)], 3: [(14, 12), (7, 5), (11, 9), (4, 2), (2, 12), (5, 3), (9, 7), (12, 7)]}
bestSolutionIndice: 12
12 -> 
costo: 63995.399999999994, 
rotte: {2: [(1, 3), (3, 10), (10, 13), (13, 6), (6, 8), (8, 15), (15, 16)], 3: [(1, 4), (4, 2), (2, 5), (5, 7), (7, 9), (9, 12), (12, 14), (14, 11)]}
trasportoPalletDiGamma: {2: [(3, 1), (10, 8), (13, 11), (6, 4), (8, 6), (15, 13), (16, 14)], 3: [(4, 2), (2, 12), (5, 3), (7, 5), (9, 7), (12, 10), (14, 12), (11, 9)]}
itMosseLS: 19, itMosseTS: 5
numero di soluzioni totali trovati: 17.
time elapsed: 51.27s.


##########################################################################################
s: 1, itNSI: 11.
soluzione iniziale: 0
0 -> 
costo: 108347.90000000001, 
rotte: {3: [(1, 15), (15, 7), (7, 5), (5, 14), (14, 3), (3, 10), (10, 13), (13, 16)], 2: [(1, 4), (4, 11), (11, 6), (6, 8), (8, 2), (2, 12), (12, 9), (9, 16)]}
trasportoPalletDiGamma: {3: [(15, 13), (7, 5), (5, 3), (14, 12), (3, 1), (10, 8), (13, 11), (16, 7)], 2: [(4, 2), (11, 9), (6, 4), (8, 6), (2, 12), (12, 10), (9, 7), (16, 7)]}
bestSolutionIndice: 6
6 -> 
costo: 73296.30000000002, 
rotte: {3: [(1, 3), (3, 10), (10, 13), (13, 14), (14, 7), (7, 15), (15, 16)], 2: [(1, 4), (4, 6), (6, 8), (8, 12), (12, 9), (9, 16), (16, 5), (5, 2), (2, 11)]}
trasportoPalletDiGamma: {3: [(3, 1), (10, 8), (13, 11), (14, 12), (7, 5), (15, 13), (16, 7)], 2: [(4, 2), (6, 4), (8, 6), (12, 10), (9, 7), (16, 7), (5, 3), (2, 12), (11, 9)]}
itMosseLS: 11, itMosseTS: 5
numero di soluzioni totali trovati: 9.
time elapsed: 72.56s.


##########################################################################################
s: 1, itNSI: 12.
soluzione iniziale: 0
0 -> 
costo: 82961.79999999999, 
rotte: {3: [(1, 13), (13, 3), (3, 14), (14, 9), (9, 7), (7, 15), (15, 4), (4, 11)], 2: [(1, 10), (10, 12), (12, 2), (2, 8), (8, 16), (16, 5), (5, 6)]}
trasportoPalletDiGamma: {3: [(13, 11), (3, 1), (14, 12), (9, 7), (7, 5), (15, 13), (4, 2), (11, 9)], 2: [(10, 8), (12, 10), (2, 12), (8, 6), (16, 14), (5, 3), (6, 4)]}
bestSolutionIndice: 9
9 -> 
costo: 70814.4, 
rotte: {3: [(1, 14), (14, 15), (15, 9), (9, 7), (7, 3), (3, 4), (4, 13), (13, 11)], 2: [(1, 10), (10, 12), (12, 8), (8, 5), (5, 2), (2, 6), (6, 16)]}
trasportoPalletDiGamma: {3: [(14, 12), (15, 13), (9, 7), (7, 5), (3, 1), (4, 2), (13, 11), (11, 9)], 2: [(10, 8), (12, 10), (8, 6), (5, 3), (2, 12), (6, 4), (16, 14)]}
itMosseLS: 12, itMosseTS: 5
numero di soluzioni totali trovati: 11.
time elapsed: 50.95s.


##########################################################################################
s: 1, itNSI: 13.
soluzione iniziale: 0
0 -> 
costo: 112575.5, 
rotte: {2: [(1, 2), (2, 16), (16, 3), (3, 9), (9, 10), (10, 7), (7, 12), (12, 5)], 3: [(1, 14), (14, 4), (4, 11), (11, 6), (6, 8), (8, 13), (13, 15)]}
trasportoPalletDiGamma: {2: [(2, 12), (16, 14), (3, 1), (9, 7), (10, 8), (7, 5), (12, 10), (5, 3)], 3: [(14, 12), (4, 2), (11, 9), (6, 4), (8, 6), (13, 11), (15, 13)]}
bestSolutionIndice: 9
9 -> 
costo: 64068.9, 
rotte: {2: [(1, 10), (10, 3), (3, 5), (5, 2), (2, 7), (7, 12), (12, 9), (9, 16)], 3: [(1, 4), (4, 6), (6, 8), (8, 15), (15, 14), (14, 13), (13, 11)]}
trasportoPalletDiGamma: {2: [(10, 8), (3, 1), (5, 3), (2, 12), (7, 5), (12, 10), (9, 7), (16, 14)], 3: [(4, 2), (6, 4), (8, 6), (15, 13), (14, 12), (13, 11), (11, 9)]}
itMosseLS: 15, itMosseTS: 5
numero di soluzioni totali trovati: 15.
time elapsed: 44.66s.


##########################################################################################
s: 1, itNSI: 14.
soluzione iniziale: 0
0 -> 
costo: 111240.49999999999, 
rotte: {2: [(1, 5), (5, 6), (6, 2), (2, 11), (11, 7), (7, 12), (12, 3), (3, 8), (8, 10)], 3: [(1, 13), (13, 15), (15, 16), (16, 4), (4, 9), (9, 14), (14, 10)]}
trasportoPalletDiGamma: {2: [(5, 3), (6, 4), (2, 12), (11, 9), (7, 5), (12, 10), (3, 1), (8, 6), (10, 7)], 3: [(13, 11), (15, 13), (16, 14), (4, 2), (9, 7), (14, 12), (10, 1)]}
bestSolutionIndice: 10
10 -> 
costo: 63028.9, 
rotte: {2: [(1, 4), (4, 5), (5, 2), (2, 7), (7, 12), (12, 8), (8, 6), (6, 3), (3, 10), (10, 11)], 3: [(1, 13), (13, 14), (14, 15), (15, 9), (9, 16)]}
trasportoPalletDiGamma: {2: [(4, 2), (5, 3), (2, 12), (7, 5), (12, 10), (8, 6), (6, 4), (3, 1), (10, 8), (11, 9)], 3: [(13, 11), (14, 12), (15, 13), (9, 7), (16, 14)]}
itMosseLS: 15, itMosseTS: 5
numero di soluzioni totali trovati: 14.
time elapsed: 31.43s.


##########################################################################################
s: 1, itNSI: 15.
soluzione iniziale: 0
0 -> 
costo: 110666.80000000002, 
rotte: {3: [(1, 8), (8, 2), (2, 9), (9, 14), (14, 13), (13, 10), (10, 7)], 2: [(1, 11), (11, 6), (6, 16), (16, 15), (15, 3), (3, 12), (12, 5), (5, 4), (4, 7)]}
trasportoPalletDiGamma: {3: [(8, 6), (2, 12), (9, 7), (14, 12), (13, 11), (10, 8), (7, 4)], 2: [(11, 9), (6, 4), (16, 14), (15, 13), (3, 1), (12, 10), (5, 3), (4, 2), (7, 1)]}
bestSolutionIndice: 7
7 -> 
costo: 72874.2, 
rotte: {3: [(1, 2), (2, 7), (7, 9), (9, 8), (8, 14), (14, 13), (13, 10)], 2: [(1, 16), (16, 15), (15, 12), (12, 5), (5, 4), (4, 3), (3, 7), (7, 6), (6, 11)]}
trasportoPalletDiGamma: {3: [(2, 12), (7, 4), (9, 7), (8, 6), (14, 12), (13, 11), (10, 8)], 2: [(16, 14), (15, 13), (12, 10), (5, 3), (4, 2), (3, 1), (7, 1), (6, 4), (11, 9)]}
itMosseLS: 11, itMosseTS: 5
numero di soluzioni totali trovati: 10.
time elapsed: 61.55s.


##########################################################################################
s: 1, itNSI: 16.
soluzione iniziale: 0
0 -> 
costo: 111961.29999999997, 
rotte: {3: [(1, 12), (12, 15), (15, 5), (5, 11), (11, 14), (14, 6), (6, 3), (3, 7)], 2: [(1, 4), (4, 16), (16, 10), (10, 8), (8, 2), (2, 9), (9, 13)]}
trasportoPalletDiGamma: {3: [(12, 10), (15, 13), (5, 3), (11, 9), (14, 12), (6, 4), (3, 1), (7, 5)], 2: [(4, 2), (16, 14), (10, 8), (8, 6), (2, 12), (9, 7), (13, 11)]}
bestSolutionIndice: 10
10 -> 
costo: 68151.70000000001, 
rotte: {3: [(1, 15), (15, 12), (12, 5), (5, 3), (3, 7), (7, 6), (6, 14), (14, 11)], 2: [(1, 4), (4, 2), (2, 10), (10, 13), (13, 8), (8, 9), (9, 16)]}
trasportoPalletDiGamma: {3: [(15, 13), (12, 10), (5, 3), (3, 1), (7, 5), (6, 4), (14, 12), (11, 9)], 2: [(4, 2), (2, 12), (10, 8), (13, 11), (8, 6), (9, 7), (16, 14)]}
itMosseLS: 12, itMosseTS: 5
numero di soluzioni totali trovati: 12.
time elapsed: 43.21s.


##########################################################################################
s: 1, itNSI: 17.
soluzione iniziale: 0
0 -> 
costo: 79780.8, 
rotte: {2: [(1, 5), (5, 14), (14, 13), (13, 12), (12, 6), (6, 8), (8, 16)], 3: [(1, 9), (9, 2), (2, 10), (10, 7), (7, 3), (3, 4), (4, 15), (15, 11)]}
trasportoPalletDiGamma: {2: [(5, 3), (14, 12), (13, 11), (12, 10), (6, 4), (8, 6), (16, 14)], 3: [(9, 7), (2, 12), (10, 8), (7, 5), (3, 1), (4, 2), (15, 13), (11, 9)]}
bestSolutionIndice: 7
7 -> 
costo: 64325.5, 
rotte: {2: [(1, 13), (13, 14), (14, 6), (6, 12), (12, 8), (8, 16)], 3: [(1, 2), (2, 5), (5, 4), (4, 3), (3, 7), (7, 9), (9, 15), (15, 10), (10, 11)]}
trasportoPalletDiGamma: {2: [(13, 11), (14, 12), (6, 4), (12, 10), (8, 6), (16, 14)], 3: [(2, 12), (5, 3), (4, 2), (3, 1), (7, 5), (9, 7), (15, 13), (10, 8), (11, 9)]}
itMosseLS: 13, itMosseTS: 5
numero di soluzioni totali trovati: 12.
time elapsed: 39.94s.


##########################################################################################
s: 1, itNSI: 18.
soluzione iniziale: 0
0 -> 
costo: 118452.1, 
rotte: {2: [(1, 8), (8, 10), (10, 2), (2, 16), (16, 14), (14, 3), (3, 12)], 3: [(1, 7), (7, 13), (13, 11), (11, 9), (9, 4), (4, 15), (15, 5), (5, 6), (6, 12)]}
trasportoPalletDiGamma: {2: [(8, 6), (10, 8), (2, 12), (16, 14), (14, 12), (3, 1), (12, 7)], 3: [(7, 5), (13, 11), (11, 9), (9, 7), (4, 2), (15, 13), (5, 3), (6, 4), (12, 3)]}
bestSolutionIndice: 10
10 -> 
costo: 65123.5, 
rotte: {2: [(1, 2), (2, 3), (3, 10), (10, 14), (14, 8), (8, 12), (12, 16)], 3: [(1, 4), (4, 5), (5, 6), (6, 7), (7, 9), (9, 12), (12, 15), (15, 13), (13, 11)]}
trasportoPalletDiGamma: {2: [(2, 12), (3, 1), (10, 8), (14, 12), (8, 6), (12, 7), (16, 14)], 3: [(4, 2), (5, 3), (6, 4), (7, 5), (9, 7), (12, 3), (15, 13), (13, 11), (11, 9)]}
itMosseLS: 15, itMosseTS: 5
numero di soluzioni totali trovati: 14.
time elapsed: 58.68s.


##########################################################################################
s: 1, itNSI: 19.
soluzione iniziale: 0
0 -> 
costo: 109865.7, 
rotte: {3: [(1, 13), (13, 6), (6, 2), (2, 9), (9, 7), (7, 10), (10, 5), (5, 3), (3, 8)], 2: [(1, 15), (15, 11), (11, 4), (4, 12), (12, 16), (16, 14)]}
trasportoPalletDiGamma: {3: [(13, 11), (6, 4), (2, 12), (9, 7), (7, 5), (10, 8), (5, 3), (3, 1), (8, 6)], 2: [(15, 13), (11, 9), (4, 2), (12, 10), (16, 14), (14, 12)]}
bestSolutionIndice: 8
8 -> 
costo: 68781.1, 
rotte: {3: [(1, 10), (10, 13), (13, 6), (6, 8), (8, 9), (9, 7), (7, 5), (5, 2), (2, 3)], 2: [(1, 4), (4, 16), (16, 12), (12, 15), (15, 14), (14, 11)]}
trasportoPalletDiGamma: {3: [(10, 8), (13, 11), (6, 4), (8, 6), (9, 7), (7, 5), (5, 3), (2, 12), (3, 1)], 2: [(4, 2), (16, 14), (12, 10), (15, 13), (14, 12), (11, 9)]}
itMosseLS: 13, itMosseTS: 5
numero di soluzioni totali trovati: 12.
time elapsed: 37.58s.


##########################################################################################
s: 1, itNSI: 20.
soluzione iniziale: 0
0 -> 
costo: 79176.29999999999, 
rotte: {3: [(1, 16), (16, 5), (5, 4), (4, 2), (2, 6), (6, 7), (7, 15), (15, 9)], 2: [(1, 3), (3, 13), (13, 8), (8, 10), (10, 14), (14, 12), (12, 11)]}
trasportoPalletDiGamma: {3: [(16, 14), (5, 3), (4, 2), (2, 12), (6, 4), (7, 5), (15, 13), (9, 7)], 2: [(3, 1), (13, 11), (8, 6), (10, 8), (14, 12), (12, 10), (11, 9)]}
bestSolutionIndice: 6
6 -> 
costo: 64148.69999999999, 
rotte: {3: [(1, 4), (4, 5), (5, 2), (2, 7), (7, 6), (6, 15), (15, 9), (9, 16)], 2: [(1, 13), (13, 10), (10, 3), (3, 8), (8, 12), (12, 14), (14, 11)]}
trasportoPalletDiGamma: {3: [(4, 2), (5, 3), (2, 12), (7, 5), (6, 4), (15, 13), (9, 7), (16, 14)], 2: [(13, 11), (10, 8), (3, 1), (8, 6), (12, 10), (14, 12), (11, 9)]}
itMosseLS: 11, itMosseTS: 5
numero di soluzioni totali trovati: 10.
time elapsed: 31.76s.


##########################################################################################
s: 1, itNSI: 21.
soluzione iniziale: 0
0 -> 
costo: 111218.20000000003, 
rotte: {3: [(1, 8), (8, 3), (3, 13), (13, 14), (14, 16), (16, 5), (5, 11), (11, 15)], 2: [(1, 6), (6, 9), (9, 12), (12, 7), (7, 10), (10, 4), (4, 2), (2, 15)]}
trasportoPalletDiGamma: {3: [(8, 6), (3, 1), (13, 11), (14, 12), (16, 14), (5, 3), (11, 9), (15, 4)], 2: [(6, 4), (9, 7), (12, 10), (7, 5), (10, 8), (4, 2), (2, 12), (15, 9)]}
bestSolutionIndice: 9
9 -> 
costo: 71657.50000000001, 
rotte: {3: [(1, 14), (14, 15), (15, 8), (8, 16), (16, 5), (5, 3), (3, 13), (13, 11)], 2: [(1, 4), (4, 2), (2, 10), (10, 6), (6, 7), (7, 9), (9, 12), (12, 15)]}
trasportoPalletDiGamma: {3: [(14, 12), (15, 4), (8, 6), (16, 14), (5, 3), (3, 1), (13, 11), (11, 9)], 2: [(4, 2), (2, 12), (10, 8), (6, 4), (7, 5), (9, 7), (12, 10), (15, 9)]}
itMosseLS: 13, itMosseTS: 5
numero di soluzioni totali trovati: 12.
time elapsed: 77.10s.


##########################################################################################
s: 1, itNSI: 22.
soluzione iniziale: 0
0 -> 
costo: 110636.60000000002, 
rotte: {2: [(1, 5), (5, 3), (3, 13), (13, 12), (12, 10), (10, 8), (8, 7), (7, 14), (14, 16)], 3: [(1, 11), (11, 9), (9, 2), (2, 4), (4, 15), (15, 6), (6, 16)]}
trasportoPalletDiGamma: {2: [(5, 3), (3, 1), (13, 11), (12, 10), (10, 8), (8, 6), (7, 5), (14, 12), (16, 1)], 3: [(11, 9), (9, 7), (2, 12), (4, 2), (15, 13), (6, 4), (16, 13)]}
bestSolutionIndice: 14
14 -> 
costo: 66858.9, 
rotte: {2: [(1, 4), (4, 5), (5, 3), (3, 10), (10, 13), (13, 14), (14, 7), (7, 8), (8, 12)], 3: [(1, 2), (2, 15), (15, 16), (16, 9), (9, 6), (6, 11)]}
trasportoPalletDiGamma: {2: [(4, 2), (5, 3), (3, 1), (10, 8), (13, 11), (14, 12), (7, 5), (8, 6), (12, 10)], 3: [(2, 12), (15, 13), (16, 14), (9, 7), (6, 4), (11, 9)]}
itMosseLS: 18, itMosseTS: 5
numero di soluzioni totali trovati: 16.
time elapsed: 70.26s.


##########################################################################################
s: 1, itNSI: 23.
soluzione iniziale: 0
0 -> 
costo: 110539.90000000001, 
rotte: {3: [(1, 9), (9, 7), (7, 14), (14, 16), (16, 5), (5, 13), (13, 12)], 2: [(1, 10), (10, 3), (3, 15), (15, 2), (2, 4), (4, 6), (6, 11), (11, 8), (8, 12)]}
trasportoPalletDiGamma: {3: [(9, 7), (7, 5), (14, 12), (16, 14), (5, 3), (13, 11), (12, 8)], 2: [(10, 8), (3, 1), (15, 13), (2, 12), (4, 2), (6, 4), (11, 9), (8, 6), (12, 2)]}
bestSolutionIndice: 10
10 -> 
costo: 64479.600000000006, 
rotte: {3: [(1, 13), (13, 14), (14, 7), (7, 12), (12, 9), (9, 16)], 2: [(1, 5), (5, 2), (2, 4), (4, 3), (3, 6), (6, 8), (8, 15), (15, 10), (10, 11)]}
trasportoPalletDiGamma: {3: [(13, 11), (14, 12), (7, 5), (12, 10), (9, 7), (16, 14)], 2: [(5, 3), (2, 12), (4, 2), (3, 1), (6, 4), (8, 6), (15, 13), (10, 8), (11, 9)]}
itMosseLS: 15, itMosseTS: 5
numero di soluzioni totali trovati: 11.
time elapsed: 66.02s.


##########################################################################################
s: 1, itNSI: 24.
soluzione iniziale: 0
0 -> 
costo: 106114.7, 
rotte: {3: [(1, 16), (16, 12), (12, 10), (10, 3), (3, 6), (6, 9), (9, 8), (8, 15)], 2: [(1, 11), (11, 2), (2, 4), (4, 5), (5, 14), (14, 7), (7, 13), (13, 15)]}
trasportoPalletDiGamma: {3: [(16, 14), (12, 10), (10, 8), (3, 1), (6, 4), (9, 7), (8, 6), (15, 10)], 2: [(11, 9), (2, 12), (4, 2), (5, 3), (14, 12), (7, 5), (13, 11), (15, 3)]}
bestSolutionIndice: 8
8 -> 
costo: 65197.7, 
rotte: {3: [(1, 10), (10, 6), (6, 9), (9, 8), (8, 12), (12, 15), (15, 16)], 2: [(1, 4), (4, 2), (2, 5), (5, 3), (3, 7), (7, 15), (15, 14), (14, 13), (13, 11)]}
trasportoPalletDiGamma: {3: [(10, 8), (6, 4), (9, 7), (8, 6), (12, 10), (15, 10), (16, 14)], 2: [(4, 2), (2, 12), (5, 3), (3, 1), (7, 5), (15, 3), (14, 12), (13, 11), (11, 9)]}
itMosseLS: 11, itMosseTS: 5
numero di soluzioni totali trovati: 12.
time elapsed: 49.44s.


##########################################################################################
s: 1, itNSI: 25.
soluzione iniziale: 0
0 -> 
costo: 115473.0, 
rotte: {2: [(1, 9), (9, 3), (3, 8), (8, 10), (10, 5), (5, 16), (16, 2), (2, 12)], 3: [(1, 15), (15, 4), (4, 11), (11, 14), (14, 13), (13, 6), (6, 7), (7, 12)]}
trasportoPalletDiGamma: {2: [(9, 7), (3, 1), (8, 6), (10, 8), (5, 3), (16, 14), (2, 12), (12, 9)], 3: [(15, 13), (4, 2), (11, 9), (14, 12), (13, 11), (6, 4), (7, 5), (12, 1)]}
bestSolutionIndice: 16
16 -> 
costo: 63703.8, 
rotte: {2: [(1, 2), (2, 5), (5, 10), (10, 8), (8, 12), (12, 9), (9, 16)], 3: [(1, 4), (4, 3), (3, 7), (7, 6), (6, 15), (15, 14), (14, 13), (13, 11)]}
trasportoPalletDiGamma: {2: [(2, 12), (5, 3), (10, 8), (8, 6), (12, 10), (9, 7), (16, 14)], 3: [(4, 2), (3, 1), (7, 5), (6, 4), (15, 13), (14, 12), (13, 11), (11, 9)]}
itMosseLS: 18, itMosseTS: 5
numero di soluzioni totali trovati: 18.
time elapsed: 50.10s.


##########################################################################################
s: 1, itNSI: 26.
soluzione iniziale: 0
0 -> 
costo: 109461.1, 
rotte: {2: [(1, 12), (12, 16), (16, 5), (5, 10), (10, 3), (3, 15), (15, 9), (9, 4)], 3: [(1, 11), (11, 14), (14, 2), (2, 6), (6, 13), (13, 7), (7, 8)]}
trasportoPalletDiGamma: {2: [(12, 10), (16, 14), (5, 3), (10, 8), (3, 1), (15, 13), (9, 7), (4, 2)], 3: [(11, 9), (14, 12), (2, 12), (6, 4), (13, 11), (7, 5), (8, 6)]}
bestSolutionIndice: 14
14 -> 
costo: 63589.9, 
rotte: {2: [(1, 4), (4, 5), (5, 3), (3, 10), (10, 15), (15, 12), (12, 9), (9, 16)], 3: [(1, 2), (2, 7), (7, 8), (8, 6), (6, 14), (14, 13), (13, 11)]}
trasportoPalletDiGamma: {2: [(4, 2), (5, 3), (3, 1), (10, 8), (15, 13), (12, 10), (9, 7), (16, 14)], 3: [(2, 12), (7, 5), (8, 6), (6, 4), (14, 12), (13, 11), (11, 9)]}
itMosseLS: 15, itMosseTS: 5
numero di soluzioni totali trovati: 15.
time elapsed: 49.04s.


##########################################################################################
s: 1, itNSI: 27.
soluzione iniziale: 0
0 -> 
costo: 105823.40000000002, 
rotte: {2: [(1, 6), (6, 8), (8, 4), (4, 14), (14, 9), (9, 16), (16, 12), (12, 15)], 3: [(1, 11), (11, 5), (5, 2), (2, 7), (7, 10), (10, 13), (13, 3), (3, 15)]}
trasportoPalletDiGamma: {2: [(6, 4), (8, 6), (4, 2), (14, 12), (9, 7), (16, 14), (12, 10), (15, 5)], 3: [(11, 9), (5, 3), (2, 12), (7, 5), (10, 8), (13, 11), (3, 1), (15, 8)]}
bestSolutionIndice: 8
8 -> 
costo: 68214.7, 
rotte: {2: [(1, 14), (14, 6), (6, 9), (9, 8), (8, 12), (12, 15), (15, 16)], 3: [(1, 4), (4, 5), (5, 2), (2, 13), (13, 10), (10, 3), (3, 7), (7, 15), (15, 11)]}
trasportoPalletDiGamma: {2: [(14, 12), (6, 4), (9, 7), (8, 6), (12, 10), (15, 5), (16, 14)], 3: [(4, 2), (5, 3), (2, 12), (13, 11), (10, 8), (3, 1), (7, 5), (15, 8), (11, 9)]}
itMosseLS: 12, itMosseTS: 5
numero di soluzioni totali trovati: 11.
time elapsed: 62.53s.


##########################################################################################
s: 1, itNSI: 28.
soluzione iniziale: 0
0 -> 
costo: 101239.60000000002, 
rotte: {2: [(1, 7), (7, 9), (9, 5), (5, 11), (11, 4), (4, 14), (14, 8), (8, 15)], 3: [(1, 10), (10, 13), (13, 2), (2, 6), (6, 3), (3, 12), (12, 16)]}
trasportoPalletDiGamma: {2: [(7, 5), (9, 7), (5, 3), (11, 9), (4, 2), (14, 12), (8, 6), (15, 13)], 3: [(10, 8), (13, 11), (2, 12), (6, 4), (3, 1), (12, 10), (16, 14)]}
bestSolutionIndice: 8
8 -> 
costo: 64629.999999999985, 
rotte: {2: [(1, 4), (4, 5), (5, 7), (7, 9), (9, 8), (8, 15), (15, 14), (14, 11)], 3: [(1, 13), (13, 10), (10, 3), (3, 2), (2, 6), (6, 12), (12, 16)]}
trasportoPalletDiGamma: {2: [(4, 2), (5, 3), (7, 5), (9, 7), (8, 6), (15, 13), (14, 12), (11, 9)], 3: [(13, 11), (10, 8), (3, 1), (2, 12), (6, 4), (12, 10), (16, 14)]}
itMosseLS: 12, itMosseTS: 5
numero di soluzioni totali trovati: 11.
time elapsed: 34.54s.


##########################################################################################
s: 1, itNSI: 29.
soluzione iniziale: 0
0 -> 
costo: 117623.29999999999, 
rotte: {2: [(1, 16), (16, 5), (5, 3), (3, 14), (14, 4), (4, 13), (13, 8), (8, 7), (7, 2)], 3: [(1, 15), (15, 11), (11, 6), (6, 9), (9, 10), (10, 12), (12, 2)]}
trasportoPalletDiGamma: {2: [(16, 14), (5, 3), (3, 1), (14, 12), (4, 2), (13, 11), (8, 6), (7, 5), (2, 3)], 3: [(15, 13), (11, 9), (6, 4), (9, 7), (10, 8), (12, 10), (2, 9)]}
bestSolutionIndice: 13
13 -> 
costo: 67346.2, 
rotte: {2: [(1, 4), (4, 2), (2, 5), (5, 3), (3, 13), (13, 14), (14, 7), (7, 8), (8, 16)], 3: [(1, 9), (9, 12), (12, 15), (15, 6), (6, 2), (2, 10), (10, 11)]}
trasportoPalletDiGamma: {2: [(4, 2), (2, 3), (5, 3), (3, 1), (13, 11), (14, 12), (7, 5), (8, 6), (16, 14)], 3: [(9, 7), (12, 10), (15, 13), (6, 4), (2, 9), (10, 8), (11, 9)]}
itMosseLS: 15, itMosseTS: 5
numero di soluzioni totali trovati: 16.
time elapsed: 76.00s.


##########################################################################################
s: 1, itNSI: 30.
soluzione iniziale: 0
0 -> 
costo: 108529.40000000001, 
rotte: {3: [(1, 6), (6, 8), (8, 7), (7, 4), (4, 2), (2, 3), (3, 15), (15, 10), (10, 14)], 2: [(1, 13), (13, 12), (12, 11), (11, 5), (5, 16), (16, 9), (9, 14)]}
trasportoPalletDiGamma: {3: [(6, 4), (8, 6), (7, 5), (4, 2), (2, 12), (3, 1), (15, 13), (10, 8), (14, 6)], 2: [(13, 11), (12, 10), (11, 9), (5, 3), (16, 14), (9, 7), (14, 6)]}
bestSolutionIndice: 10
10 -> 
costo: 69934.5, 
rotte: {3: [(1, 10), (10, 14), (14, 6), (6, 5), (5, 2), (2, 4), (4, 3), (3, 7), (7, 8), (8, 15)], 2: [(1, 16), (16, 9), (9, 12), (12, 14), (14, 13), (13, 11)]}
trasportoPalletDiGamma: {3: [(10, 8), (14, 6), (6, 4), (5, 3), (2, 12), (4, 2), (3, 1), (7, 5), (8, 6), (15, 13)], 2: [(16, 14), (9, 7), (12, 10), (14, 6), (13, 11), (11, 9)]}
itMosseLS: 16, itMosseTS: 5
numero di soluzioni totali trovati: 16.
time elapsed: 67.13s.


##########################################################################################
s: 1, itNSI: 31.
soluzione iniziale: 0
0 -> 
costo: 105316.59999999999, 
rotte: {2: [(1, 14), (14, 10), (10, 6), (6, 8), (8, 7), (7, 16), (16, 15)], 3: [(1, 11), (11, 4), (4, 3), (3, 9), (9, 13), (13, 5), (5, 2), (2, 12), (12, 15)]}
trasportoPalletDiGamma: {2: [(14, 12), (10, 8), (6, 4), (8, 6), (7, 5), (16, 14), (15, 11)], 3: [(11, 9), (4, 2), (3, 1), (9, 7), (13, 11), (5, 3), (2, 12), (12, 10), (15, 2)]}
bestSolutionIndice: 9
9 -> 
costo: 66213.29999999999, 
rotte: {2: [(1, 10), (10, 14), (14, 6), (6, 7), (7, 8), (8, 15), (15, 16)], 3: [(1, 4), (4, 2), (2, 5), (5, 3), (3, 9), (9, 12), (12, 15), (15, 13), (13, 11)]}
trasportoPalletDiGamma: {2: [(10, 8), (14, 12), (6, 4), (7, 5), (8, 6), (15, 11), (16, 14)], 3: [(4, 2), (2, 12), (5, 3), (3, 1), (9, 7), (12, 10), (15, 2), (13, 11), (11, 9)]}
itMosseLS: 13, itMosseTS: 5
numero di soluzioni totali trovati: 12.
time elapsed: 59.66s.


##########################################################################################
s: 1, itNSI: 32.
soluzione iniziale: 0
0 -> 
costo: 102134.8, 
rotte: {3: [(1, 13), (13, 8), (8, 9), (9, 12), (12, 7), (7, 16), (16, 15)], 2: [(1, 6), (6, 2), (2, 3), (3, 11), (11, 5), (5, 4), (4, 10), (10, 14), (14, 15)]}
trasportoPalletDiGamma: {3: [(13, 11), (8, 6), (9, 7), (12, 10), (7, 5), (16, 14), (15, 7)], 2: [(6, 4), (2, 12), (3, 1), (11, 9), (5, 3), (4, 2), (10, 8), (14, 12), (15, 6)]}
bestSolutionIndice: 9
9 -> 
costo: 67968.69999999998, 
rotte: {3: [(1, 13), (13, 8), (8, 12), (12, 9), (9, 7), (7, 15), (15, 16)], 2: [(1, 2), (2, 5), (5, 4), (4, 3), (3, 6), (6, 15), (15, 14), (14, 10), (10, 11)]}
trasportoPalletDiGamma: {3: [(13, 11), (8, 6), (12, 10), (9, 7), (7, 5), (15, 7), (16, 14)], 2: [(2, 12), (5, 3), (4, 2), (3, 1), (6, 4), (15, 6), (14, 12), (10, 8), (11, 9)]}
itMosseLS: 12, itMosseTS: 5
numero di soluzioni totali trovati: 11.
time elapsed: 73.67s.


##########################################################################################
s: 1, itNSI: 33.
soluzione iniziale: 0
0 -> 
costo: 113416.6, 
rotte: {2: [(1, 9), (9, 14), (14, 11), (11, 7), (7, 3), (3, 4), (4, 8), (8, 2), (2, 16)], 3: [(1, 13), (13, 5), (5, 15), (15, 12), (12, 6), (6, 10), (10, 16)]}
trasportoPalletDiGamma: {2: [(9, 7), (14, 12), (11, 9), (7, 5), (3, 1), (4, 2), (8, 6), (2, 12), (16, 3)], 3: [(13, 11), (5, 3), (15, 13), (12, 10), (6, 4), (10, 8), (16, 11)]}
bestSolutionIndice: 14
14 -> 
costo: 63060.19999999999, 
rotte: {2: [(1, 4), (4, 5), (5, 2), (2, 3), (3, 7), (7, 9), (9, 8), (8, 14), (14, 11)], 3: [(1, 10), (10, 13), (13, 6), (6, 12), (12, 15), (15, 16)]}
trasportoPalletDiGamma: {2: [(4, 2), (5, 3), (2, 12), (3, 1), (7, 5), (9, 7), (8, 6), (14, 12), (11, 9)], 3: [(10, 8), (13, 11), (6, 4), (12, 10), (15, 13), (16, 14)]}
itMosseLS: 17, itMosseTS: 5
numero di soluzioni totali trovati: 16.
time elapsed: 66.28s.


##########################################################################################
s: 1, itNSI: 34.
soluzione iniziale: 0
0 -> 
costo: 110542.90000000001, 
rotte: {3: [(1, 9), (9, 2), (2, 12), (12, 13), (13, 10), (10, 5), (5, 14)], 2: [(1, 4), (4, 6), (6, 11), (11, 8), (8, 7), (7, 16), (16, 15), (15, 3), (3, 14)]}
trasportoPalletDiGamma: {3: [(9, 7), (2, 12), (12, 10), (13, 11), (10, 8), (5, 3), (14, 9)], 2: [(4, 2), (6, 4), (11, 9), (8, 6), (7, 5), (16, 14), (15, 13), (3, 1), (14, 3)]}
bestSolutionIndice: 6
6 -> 
costo: 73368.09999999999, 
rotte: {3: [(1, 9), (9, 12), (12, 14), (14, 13), (13, 10), (10, 2), (2, 5)], 2: [(1, 4), (4, 7), (7, 8), (8, 16), (16, 15), (15, 14), (14, 6), (6, 3), (3, 11)]}
trasportoPalletDiGamma: {3: [(9, 7), (12, 10), (14, 9), (13, 11), (10, 8), (2, 12), (5, 3)], 2: [(4, 2), (7, 5), (8, 6), (16, 14), (15, 13), (14, 3), (6, 4), (3, 1), (11, 9)]}
itMosseLS: 10, itMosseTS: 5
numero di soluzioni totali trovati: 9.
time elapsed: 63.85s.


##########################################################################################
s: 1, itNSI: 35.
soluzione iniziale: 0
0 -> 
costo: 80866.6, 
rotte: {2: [(1, 15), (15, 14), (14, 2), (2, 8), (8, 10), (10, 11)], 3: [(1, 7), (7, 3), (3, 12), (12, 9), (9, 6), (6, 16), (16, 5), (5, 4), (4, 13)]}
trasportoPalletDiGamma: {2: [(15, 13), (14, 12), (2, 12), (8, 6), (10, 8), (11, 9)], 3: [(7, 5), (3, 1), (12, 10), (9, 7), (6, 4), (16, 14), (5, 3), (4, 2), (13, 11)]}
bestSolutionIndice: 10
10 -> 
costo: 63690.7, 
rotte: {2: [(1, 2), (2, 8), (8, 15), (15, 14), (14, 10), (10, 11)], 3: [(1, 4), (4, 5), (5, 3), (3, 13), (13, 6), (6, 7), (7, 12), (12, 9), (9, 16)]}
trasportoPalletDiGamma: {2: [(2, 12), (8, 6), (15, 13), (14, 12), (10, 8), (11, 9)], 3: [(4, 2), (5, 3), (3, 1), (13, 11), (6, 4), (7, 5), (12, 10), (9, 7), (16, 14)]}
itMosseLS: 17, itMosseTS: 5
numero di soluzioni totali trovati: 15.
time elapsed: 58.51s.


##########################################################################################
s: 1, itNSI: 36.
soluzione iniziale: 0
0 -> 
costo: 112623.5, 
rotte: {2: [(1, 3), (3, 5), (5, 7), (7, 13), (13, 9), (9, 10), (10, 8), (8, 16), (16, 14)], 3: [(1, 2), (2, 15), (15, 6), (6, 12), (12, 11), (11, 4), (4, 14)]}
trasportoPalletDiGamma: {2: [(3, 1), (5, 3), (7, 5), (13, 11), (9, 7), (10, 8), (8, 6), (16, 14), (14, 2)], 3: [(2, 12), (15, 13), (6, 4), (12, 10), (11, 9), (4, 2), (14, 10)]}
bestSolutionIndice: 12
12 -> 
costo: 67669.5, 
rotte: {2: [(1, 5), (5, 3), (3, 10), (10, 13), (13, 14), (14, 7), (7, 8), (8, 9), (9, 16)], 3: [(1, 12), (12, 15), (15, 14), (14, 6), (6, 2), (2, 4), (4, 11)]}
trasportoPalletDiGamma: {2: [(5, 3), (3, 1), (10, 8), (13, 11), (14, 2), (7, 5), (8, 6), (9, 7), (16, 14)], 3: [(12, 10), (15, 13), (14, 10), (6, 4), (2, 12), (4, 2), (11, 9)]}
itMosseLS: 16, itMosseTS: 5
numero di soluzioni totali trovati: 15.
time elapsed: 72.15s.


##########################################################################################
s: 1, itNSI: 37.
soluzione iniziale: 0
0 -> 
costo: 115202.7, 
rotte: {2: [(1, 3), (3, 4), (4, 15), (15, 16), (16, 11), (11, 14), (14, 9), (9, 2)], 3: [(1, 7), (7, 13), (13, 12), (12, 5), (5, 6), (6, 8), (8, 10), (10, 2)]}
trasportoPalletDiGamma: {2: [(3, 1), (4, 2), (15, 13), (16, 14), (11, 9), (14, 12), (9, 7), (2, 2)], 3: [(7, 5), (13, 11), (12, 10), (5, 3), (6, 4), (8, 6), (10, 8), (2, 10)]}
bestSolutionIndice: 15
15 -> 
costo: 67916.4, 
rotte: {2: [(1, 4), (4, 9), (9, 16), (16, 15), (15, 14), (14, 11)], 3: [(1, 7), (7, 12), (12, 8), (8, 6), (6, 2), (2, 5), (5, 3), (3, 10), (10, 13)]}
trasportoPalletDiGamma: {2: [(4, 2), (9, 7), (16, 14), (15, 13), (14, 12), (11, 9)], 3: [(7, 5), (12, 10), (8, 6), (6, 4), (2, 12), (5, 3), (3, 1), (10, 8), (13, 11)]}
itMosseLS: 16, itMosseTS: 5
numero di soluzioni totali trovati: 16.
time elapsed: 35.07s.


##########################################################################################
s: 1, itNSI: 38.
soluzione iniziale: 0
0 -> 
costo: 117887.0, 
rotte: {3: [(1, 12), (12, 6), (6, 5), (5, 13), (13, 14), (14, 2), (2, 8), (8, 3)], 2: [(1, 7), (7, 4), (4, 15), (15, 10), (10, 16), (16, 11), (11, 9)]}
trasportoPalletDiGamma: {3: [(12, 10), (6, 4), (5, 3), (13, 11), (14, 12), (2, 12), (8, 6), (3, 1)], 2: [(7, 5), (4, 2), (15, 13), (10, 8), (16, 14), (11, 9), (9, 7)]}
bestSolutionIndice: 10
10 -> 
costo: 68904.20000000001, 
rotte: {3: [(1, 13), (13, 14), (14, 6), (6, 3), (3, 2), (2, 5), (5, 8), (8, 12)], 2: [(1, 4), (4, 15), (15, 16), (16, 9), (9, 7), (7, 10), (10, 11)]}
trasportoPalletDiGamma: {3: [(13, 11), (14, 12), (6, 4), (3, 1), (2, 12), (5, 3), (8, 6), (12, 10)], 2: [(4, 2), (15, 13), (16, 14), (9, 7), (7, 5), (10, 8), (11, 9)]}
itMosseLS: 13, itMosseTS: 5
numero di soluzioni totali trovati: 12.
time elapsed: 37.63s.


##########################################################################################
s: 1, itNSI: 39.
soluzione iniziale: 0
0 -> 
costo: 116391.09999999999, 
rotte: {2: [(1, 13), (13, 9), (9, 11), (11, 8), (8, 4), (4, 5), (5, 14), (14, 2)], 3: [(1, 7), (7, 15), (15, 10), (10, 12), (12, 16), (16, 3), (3, 6), (6, 2)]}
trasportoPalletDiGamma: {2: [(13, 11), (9, 7), (11, 9), (8, 6), (4, 2), (5, 3), (14, 12), (2, 10)], 3: [(7, 5), (15, 13), (10, 8), (12, 10), (16, 14), (3, 1), (6, 4), (2, 2)]}
bestSolutionIndice: 13
13 -> 
costo: 69853.90000000001, 
rotte: {2: [(1, 8), (8, 9), (9, 5), (5, 2), (2, 4), (4, 14), (14, 13), (13, 11)], 3: [(1, 2), (2, 3), (3, 10), (10, 6), (6, 15), (15, 12), (12, 7), (7, 16)]}
trasportoPalletDiGamma: {2: [(8, 6), (9, 7), (5, 3), (2, 10), (4, 2), (14, 12), (13, 11), (11, 9)], 3: [(2, 2), (3, 1), (10, 8), (6, 4), (15, 13), (12, 10), (7, 5), (16, 14)]}
itMosseLS: 17, itMosseTS: 5
numero di soluzioni totali trovati: 16.
time elapsed: 81.36s.


##########################################################################################
s: 1, itNSI: 40.
soluzione iniziale: 0
0 -> 
costo: 116643.8, 
rotte: {3: [(1, 6), (6, 3), (3, 15), (15, 5), (5, 8), (8, 7), (7, 11), (11, 12), (12, 2)], 2: [(1, 14), (14, 16), (16, 9), (9, 10), (10, 4), (4, 13), (13, 2)]}
trasportoPalletDiGamma: {3: [(6, 4), (3, 1), (15, 13), (5, 3), (8, 6), (7, 5), (11, 9), (12, 10), (2, 6)], 2: [(14, 12), (16, 14), (9, 7), (10, 8), (4, 2), (13, 11), (2, 6)]}
bestSolutionIndice: 10
10 -> 
costo: 65378.5, 
rotte: {3: [(1, 6), (6, 15), (15, 12), (12, 8), (8, 7), (7, 5), (5, 2), (2, 3), (3, 11)], 2: [(1, 4), (4, 2), (2, 10), (10, 13), (13, 14), (14, 9), (9, 16)]}
trasportoPalletDiGamma: {3: [(6, 4), (15, 13), (12, 10), (8, 6), (7, 5), (5, 3), (2, 6), (3, 1), (11, 9)], 2: [(4, 2), (2, 6), (10, 8), (13, 11), (14, 12), (9, 7), (16, 14)]}
itMosseLS: 16, itMosseTS: 5
numero di soluzioni totali trovati: 13.
time elapsed: 41.99s.


##########################################################################################
s: 1, itNSI: 41.
soluzione iniziale: 0
0 -> 
costo: 109007.30000000002, 
rotte: {2: [(1, 11), (11, 2), (2, 13), (13, 14), (14, 12), (12, 6), (6, 5)], 3: [(1, 7), (7, 3), (3, 15), (15, 8), (8, 16), (16, 9), (9, 4), (4, 10), (10, 5)]}
trasportoPalletDiGamma: {2: [(11, 9), (2, 12), (13, 11), (14, 12), (12, 10), (6, 4), (5, 2)], 3: [(7, 5), (3, 1), (15, 13), (8, 6), (16, 14), (9, 7), (4, 2), (10, 8), (5, 1)]}
bestSolutionIndice: 16
16 -> 
costo: 68274.8, 
rotte: {2: [(1, 2), (2, 12), (12, 6), (6, 14), (14, 13), (13, 11)], 3: [(1, 10), (10, 15), (15, 8), (8, 7), (7, 3), (3, 4), (4, 5), (5, 9), (9, 16)]}
trasportoPalletDiGamma: {2: [(2, 12), (12, 10), (6, 4), (14, 12), (13, 11), (11, 9)], 3: [(10, 8), (15, 13), (8, 6), (7, 5), (3, 1), (4, 2), (5, 3), (9, 7), (16, 14)]}
itMosseLS: 17, itMosseTS: 5
numero di soluzioni totali trovati: 17.
time elapsed: 67.86s.


##########################################################################################
s: 1, itNSI: 42.
soluzione iniziale: 0
0 -> 
costo: 105083.8, 
rotte: {3: [(1, 9), (9, 6), (6, 15), (15, 7), (7, 2), (2, 3), (3, 8), (8, 12)], 2: [(1, 10), (10, 11), (11, 5), (5, 16), (16, 14), (14, 4), (4, 13)]}
trasportoPalletDiGamma: {3: [(9, 7), (6, 4), (15, 13), (7, 5), (2, 12), (3, 1), (8, 6), (12, 10)], 2: [(10, 8), (11, 9), (5, 3), (16, 14), (14, 12), (4, 2), (13, 11)]}
bestSolutionIndice: 10
10 -> 
costo: 64447.2, 
rotte: {3: [(1, 2), (2, 3), (3, 6), (6, 7), (7, 9), (9, 8), (8, 12), (12, 15)], 2: [(1, 4), (4, 5), (5, 16), (16, 14), (14, 13), (13, 10), (10, 11)]}
trasportoPalletDiGamma: {3: [(2, 12), (3, 1), (6, 4), (7, 5), (9, 7), (8, 6), (12, 10), (15, 13)], 2: [(4, 2), (5, 3), (16, 14), (14, 12), (13, 11), (10, 8), (11, 9)]}
itMosseLS: 14, itMosseTS: 5
numero di soluzioni totali trovati: 13.
time elapsed: 47.82s.


##########################################################################################
s: 1, itNSI: 43.
soluzione iniziale: 0
0 -> 
costo: 108642.0, 
rotte: {3: [(1, 16), (16, 6), (6, 12), (12, 5), (5, 2), (2, 15), (15, 9)], 2: [(1, 3), (3, 4), (4, 14), (14, 10), (10, 13), (13, 8), (8, 11), (11, 7), (7, 9)]}
trasportoPalletDiGamma: {3: [(16, 14), (6, 4), (12, 10), (5, 3), (2, 12), (15, 13), (9, 4)], 2: [(3, 1), (4, 2), (14, 12), (10, 8), (13, 11), (8, 6), (11, 9), (7, 5), (9, 3)]}
bestSolutionIndice: 10
10 -> 
costo: 65393.29999999999, 
rotte: {3: [(1, 5), (5, 2), (2, 6), (6, 15), (15, 12), (12, 9), (9, 16)], 2: [(1, 4), (4, 13), (13, 10), (10, 3), (3, 7), (7, 9), (9, 8), (8, 14), (14, 11)]}
trasportoPalletDiGamma: {3: [(5, 3), (2, 12), (6, 4), (15, 13), (12, 10), (9, 4), (16, 14)], 2: [(4, 2), (13, 11), (10, 8), (3, 1), (7, 5), (9, 3), (8, 6), (14, 12), (11, 9)]}
itMosseLS: 13, itMosseTS: 5
numero di soluzioni totali trovati: 13.
time elapsed: 50.35s.


##########################################################################################
s: 1, itNSI: 44.
soluzione iniziale: 0
0 -> 
costo: 111846.09999999999, 
rotte: {3: [(1, 15), (15, 16), (16, 9), (9, 7), (7, 3), (3, 11), (11, 6), (6, 10)], 2: [(1, 8), (8, 14), (14, 4), (4, 12), (12, 5), (5, 13), (13, 2), (2, 10)]}
trasportoPalletDiGamma: {3: [(15, 13), (16, 14), (9, 7), (7, 5), (3, 1), (11, 9), (6, 4), (10, 7)], 2: [(8, 6), (14, 12), (4, 2), (12, 10), (5, 3), (13, 11), (2, 12), (10, 1)]}
bestSolutionIndice: 6
6 -> 
costo: 71556.0, 
rotte: {3: [(1, 15), (15, 16), (16, 9), (9, 7), (7, 6), (6, 3), (3, 10), (10, 11)], 2: [(1, 14), (14, 8), (8, 12), (12, 5), (5, 2), (2, 4), (4, 10), (10, 13)]}
trasportoPalletDiGamma: {3: [(15, 13), (16, 14), (9, 7), (7, 5), (6, 4), (3, 1), (10, 7), (11, 9)], 2: [(14, 12), (8, 6), (12, 10), (5, 3), (2, 12), (4, 2), (10, 1), (13, 11)]}
itMosseLS: 11, itMosseTS: 5
numero di soluzioni totali trovati: 11.
time elapsed: 40.35s.


##########################################################################################
s: 1, itNSI: 45.
soluzione iniziale: 0
0 -> 
costo: 107834.09999999998, 
rotte: {3: [(1, 15), (15, 13), (13, 4), (4, 11), (11, 7), (7, 8), (8, 9), (9, 14)], 2: [(1, 3), (3, 5), (5, 10), (10, 2), (2, 12), (12, 16), (16, 6), (6, 14)]}
trasportoPalletDiGamma: {3: [(15, 13), (13, 11), (4, 2), (11, 9), (7, 5), (8, 6), (9, 7), (14, 7)], 2: [(3, 1), (5, 3), (10, 8), (2, 12), (12, 10), (16, 14), (6, 4), (14, 5)]}
bestSolutionIndice: 11
11 -> 
costo: 64831.5, 
rotte: {3: [(1, 7), (7, 9), (9, 8), (8, 15), (15, 14), (14, 13), (13, 11)], 2: [(1, 4), (4, 5), (5, 2), (2, 3), (3, 10), (10, 14), (14, 6), (6, 12), (12, 16)]}
trasportoPalletDiGamma: {3: [(7, 5), (9, 7), (8, 6), (15, 13), (14, 7), (13, 11), (11, 9)], 2: [(4, 2), (5, 3), (2, 12), (3, 1), (10, 8), (14, 5), (6, 4), (12, 10), (16, 14)]}
itMosseLS: 16, itMosseTS: 5
numero di soluzioni totali trovati: 15.
time elapsed: 61.44s.


##########################################################################################
s: 1, itNSI: 46.
soluzione iniziale: 0
0 -> 
costo: 105322.19999999998, 
rotte: {3: [(1, 2), (2, 11), (11, 3), (3, 5), (5, 15), (15, 6), (6, 4), (4, 7), (7, 9), (9, 12)], 2: [(1, 16), (16, 14), (14, 13), (13, 10), (10, 8), (8, 12)]}
trasportoPalletDiGamma: {3: [(2, 12), (11, 9), (3, 1), (5, 3), (15, 13), (6, 4), (4, 2), (7, 5), (9, 7), (12, 1)], 2: [(16, 14), (14, 12), (13, 11), (10, 8), (8, 6), (12, 9)]}
bestSolutionIndice: 7
7 -> 
costo: 64814.899999999994, 
rotte: {3: [(1, 2), (2, 5), (5, 4), (4, 3), (3, 6), (6, 7), (7, 9), (9, 12), (12, 15), (15, 11)], 2: [(1, 10), (10, 13), (13, 14), (14, 8), (8, 12), (12, 16)]}
trasportoPalletDiGamma: {3: [(2, 12), (5, 3), (4, 2), (3, 1), (6, 4), (7, 5), (9, 7), (12, 1), (15, 13), (11, 9)], 2: [(10, 8), (13, 11), (14, 12), (8, 6), (12, 9), (16, 14)]}
itMosseLS: 11, itMosseTS: 5
numero di soluzioni totali trovati: 10.
time elapsed: 40.58s.


##########################################################################################
s: 1, itNSI: 47.
soluzione iniziale: 0
0 -> 
costo: 106628.6, 
rotte: {3: [(1, 9), (9, 3), (3, 2), (2, 14), (14, 13), (13, 4), (4, 7), (7, 10)], 2: [(1, 11), (11, 5), (5, 16), (16, 12), (12, 15), (15, 6), (6, 8)]}
trasportoPalletDiGamma: {3: [(9, 7), (3, 1), (2, 12), (14, 12), (13, 11), (4, 2), (7, 5), (10, 8)], 2: [(11, 9), (5, 3), (16, 14), (12, 10), (15, 13), (6, 4), (8, 6)]}
bestSolutionIndice: 9
9 -> 
costo: 68842.8, 
rotte: {3: [(1, 13), (13, 10), (10, 4), (4, 2), (2, 3), (3, 14), (14, 7), (7, 9)], 2: [(1, 5), (5, 16), (16, 15), (15, 12), (12, 8), (8, 6), (6, 11)]}
trasportoPalletDiGamma: {3: [(13, 11), (10, 8), (4, 2), (2, 12), (3, 1), (14, 12), (7, 5), (9, 7)], 2: [(5, 3), (16, 14), (15, 13), (12, 10), (8, 6), (6, 4), (11, 9)]}
itMosseLS: 17, itMosseTS: 5
numero di soluzioni totali trovati: 14.
time elapsed: 41.94s.


##########################################################################################
s: 1, itNSI: 48.
soluzione iniziale: 0
0 -> 
costo: 109938.19999999998, 
rotte: {3: [(1, 7), (7, 10), (10, 9), (9, 12), (12, 15), (15, 4), (4, 8), (8, 16)], 2: [(1, 5), (5, 6), (6, 14), (14, 11), (11, 2), (2, 13), (13, 3), (3, 16)]}
trasportoPalletDiGamma: {3: [(7, 5), (10, 8), (9, 7), (12, 10), (15, 13), (4, 2), (8, 6), (16, 9)], 2: [(5, 3), (6, 4), (14, 12), (11, 9), (2, 12), (13, 11), (3, 1), (16, 5)]}
bestSolutionIndice: 15
15 -> 
costo: 70600.0, 
rotte: {3: [(1, 10), (10, 15), (15, 12), (12, 8), (8, 7), (7, 9), (9, 16)], 2: [(1, 4), (4, 2), (2, 5), (5, 3), (3, 16), (16, 6), (6, 14), (14, 13), (13, 11)]}
trasportoPalletDiGamma: {3: [(10, 8), (15, 13), (12, 10), (8, 6), (7, 5), (9, 7), (16, 9)], 2: [(4, 2), (2, 12), (5, 3), (3, 1), (16, 5), (6, 4), (14, 12), (13, 11), (11, 9)]}
itMosseLS: 19, itMosseTS: 5
numero di soluzioni totali trovati: 18.
time elapsed: 112.05s.


##########################################################################################
s: 1, itNSI: 49.
soluzione iniziale: 0
0 -> 
costo: 106915.29999999999, 
rotte: {3: [(1, 13), (13, 12), (12, 8), (8, 3), (3, 9), (9, 6), (6, 2), (2, 5), (5, 4), (4, 11)], 2: [(1, 16), (16, 10), (10, 7), (7, 15), (15, 14), (14, 11)]}
trasportoPalletDiGamma: {3: [(13, 11), (12, 10), (8, 6), (3, 1), (9, 7), (6, 4), (2, 12), (5, 3), (4, 2), (11, 1)], 2: [(16, 14), (10, 8), (7, 5), (15, 13), (14, 12), (11, 8)]}
bestSolutionIndice: 4
4 -> 
costo: 96384.59999999999, 
rotte: {3: [(1, 12), (12, 8), (8, 9), (9, 6), (6, 3), (3, 2), (2, 5), (5, 4), (4, 13), (13, 11)], 2: [(1, 7), (7, 16), (16, 15), (15, 14), (14, 10), (10, 11)]}
trasportoPalletDiGamma: {3: [(12, 10), (8, 6), (9, 7), (6, 4), (3, 1), (2, 12), (5, 3), (4, 2), (13, 11), (11, 1)], 2: [(7, 5), (16, 14), (15, 13), (14, 12), (10, 8), (11, 8)]}
itMosseLS: 9, itMosseTS: 5
numero di soluzioni totali trovati: 9.
time elapsed: 68.02s.


##########################################################################################
s: 1, itNSI: 50.
soluzione iniziale: 0
0 -> 
costo: 116050.3, 
rotte: {3: [(1, 13), (13, 4), (4, 7), (7, 10), (10, 8), (8, 11), (11, 15), (15, 9)], 2: [(1, 12), (12, 3), (3, 14), (14, 2), (2, 6), (6, 16), (16, 5), (5, 9)]}
trasportoPalletDiGamma: {3: [(13, 11), (4, 2), (7, 5), (10, 8), (8, 6), (11, 9), (15, 13), (9, 6)], 2: [(12, 10), (3, 1), (14, 12), (2, 12), (6, 4), (16, 14), (5, 3), (9, 1)]}
bestSolutionIndice: 12
12 -> 
costo: 66848.49999999999, 
rotte: {3: [(1, 4), (4, 7), (7, 9), (9, 8), (8, 15), (15, 13), (13, 10), (10, 11)], 2: [(1, 3), (3, 6), (6, 14), (14, 5), (5, 2), (2, 12), (12, 9), (9, 16)]}
trasportoPalletDiGamma: {3: [(4, 2), (7, 5), (9, 6), (8, 6), (15, 13), (13, 11), (10, 8), (11, 9)], 2: [(3, 1), (6, 4), (14, 12), (5, 3), (2, 12), (12, 10), (9, 1), (16, 14)]}
itMosseLS: 18, itMosseTS: 5
numero di soluzioni totali trovati: 18.
time elapsed: 68.93s.


##########################################################################################
##########################################################################################
##########################################################################################
Soluzione migliore in assoluto trovata:

s: 1
itNSI: 14, 
costo: 63028.9, 
rotte: {2: [(1, 4), (4, 5), (5, 2), (2, 7), (7, 12), (12, 8), (8, 6), (6, 3), (3, 10), (10, 11)], 3: [(1, 13), (13, 14), (14, 15), (15, 9), (9, 16)]}
trasportoPalletDiGamma: {2: [(4, 2), (5, 3), (2, 12), (7, 5), (12, 10), (8, 6), (6, 4), (3, 1), (10, 8), (11, 9)], 3: [(13, 11), (14, 12), (15, 13), (9, 7), (16, 14)]}

Total time elapsed: 2800.20s.