itNSIMax: 3, itMosseTSMax: 200.
##########################################################################################
s: 1
dictSolutions[1]:
0 -> costo: 114710.2, rotte: {2: [(1, 9), (9, 13), (13, 8), (8, 14), (14, 11), (11, 6), (6, 3), (3, 15)], 3: [(1, 12), (12, 2), (2, 10), (10, 5), (5, 4), (4, 16), (16, 7), (7, 15)]}, padri: [-1], figli: [1], mosse: [-1]
1 -> costo: 89257.90000000001, rotte: {2: [(1, 9), (9, 13), (13, 8), (8, 14), (14, 6), (6, 3), (3, 15), (15, 11)], 3: [(1, 12), (12, 2), (2, 10), (10, 5), (5, 4), (4, 16), (16, 7), (7, 15)]}, padri: [0], figli: [2], mosse: [(2, 2, 15, 11, 9)]
2 -> costo: 83872.8, rotte: {2: [(1, 9), (9, 13), (13, 8), (8, 14), (14, 6), (6, 3), (3, 15), (15, 11)], 3: [(1, 2), (2, 10), (10, 5), (5, 4), (4, 16), (16, 7), (7, 12), (12, 15)]}, padri: [1], figli: [3], mosse: [(3, 3, 7, 12, 10)]
3 -> costo: 78786.6, rotte: {2: [(1, 9), (9, 8), (8, 14), (14, 6), (6, 3), (3, 15), (15, 13), (13, 11)], 3: [(1, 2), (2, 10), (10, 5), (5, 4), (4, 16), (16, 7), (7, 12), (12, 15)]}, padri: [2], figli: [4], mosse: [(2, 2, 15, 13, 11)]
4 -> costo: 75458.59999999999, rotte: {2: [(1, 9), (9, 8), (8, 14), (14, 6), (6, 3), (3, 15), (15, 13), (13, 11)], 3: [(1, 2), (2, 10), (10, 5), (5, 4), (4, 7), (7, 12), (12, 15), (15, 16)]}, padri: [3], figli: [5], mosse: [(3, 3, 15, 16, 14)]
5 -> costo: 73248.99999999999, rotte: {2: [(1, 9), (9, 8), (8, 14), (14, 6), (6, 3), (3, 15), (15, 13), (13, 11)], 3: [(1, 2), (2, 5), (5, 4), (4, 10), (10, 7), (7, 12), (12, 15), (15, 16)]}, padri: [4], figli: [6], mosse: [(3, 3, 4, 10, 8)]
6 -> costo: 72115.49999999999, rotte: {2: [(1, 9), (9, 8), (8, 6), (6, 3), (3, 15), (15, 14), (14, 13), (13, 11)], 3: [(1, 2), (2, 5), (5, 4), (4, 10), (10, 7), (7, 12), (12, 15), (15, 16)]}, padri: [5], figli: [7, 21, 22, 74, 83], mosse: [(2, 2, 15, 14, 12)]
7 -> costo: 71612.79999999999, rotte: {2: [(1, 9), (9, 8), (8, 6), (6, 15), (15, 14), (14, 3), (3, 13), (13, 11)], 3: [(1, 2), (2, 5), (5, 4), (4, 10), (10, 7), (7, 12), (12, 15), (15, 16)]}, padri: [6, 21, 70], figli: [8, 9, 10, 11, 13, 14, 71, 72], mosse: [(2, 2, 14, 3, 1), (2, 2, 14, 3, 1), (2, 2, 8, 6, 4)]
8 -> costo: 69638.7, rotte: {2: [(1, 9), (9, 8), (8, 15), (15, 14), (14, 6), (6, 3), (3, 13), (13, 11)], 3: [(1, 2), (2, 5), (5, 4), (4, 10), (10, 7), (7, 12), (12, 15), (15, 16)]}, padri: [7, 9, 10, 11, 20, 70, 71, 73], figli: [], mosse: [(2, 2, 14, 6, 4), (2, 2, 14, 6, 4), (2, 2, 6, 3, 1), (2, 2, 3, 13, 11), (2, 2, 15, 14, 12), (2, 2, 14, 6, 4), (2, 2, 14, 6, 4), (2, 2, 9, 8, 6)]
9 -> costo: 70754.9, rotte: {2: [(1, 9), (9, 8), (8, 15), (15, 6), (6, 14), (14, 3), (3, 13), (13, 11)], 3: [(1, 2), (2, 5), (5, 4), (4, 10), (10, 7), (7, 12), (12, 15), (15, 16)]}, padri: [7, 12, 13, 20, 70], figli: [8, 11, 71], mosse: [(2, 2, 15, 6, 4), (2, 2, 14, 3, 1), (2, 2, 3, 13, 11), (2, 2, 6, 14, 12), (2, 2, 15, 6, 4)]
10 -> costo: 71314.7, rotte: {2: [(1, 9), (9, 8), (8, 15), (15, 14), (14, 3), (3, 6), (6, 13), (13, 11)], 3: [(1, 2), (2, 5), (5, 4), (4, 10), (10, 7), (7, 12), (12, 15), (15, 16)]}, padri: [7, 70], figli: [8, 11, 12, 71], mosse: [(2, 2, 3, 6, 4), (2, 2, 3, 6, 4)]
11 -> costo: 71118.7, rotte: {2: [(1, 9), (9, 8), (8, 15), (15, 14), (14, 6), (6, 13), (13, 3), (3, 11)], 3: [(1, 2), (2, 5), (5, 4), (4, 10), (10, 7), (7, 12), (12, 15), (15, 16)]}, padri: [10, 13], figli: [8, 71], mosse: [(2, 2, 13, 3, 1), (2, 2, 14, 6, 4)]
12 -> costo: 71254.59999999999, rotte: {2: [(1, 9), (9, 8), (8, 15), (15, 3), (3, 6), (6, 14), (14, 13), (13, 11)], 3: [(1, 2), (2, 5), (5, 4), (4, 10), (10, 7), (7, 12), (12, 15), (15, 16)]}, padri: [10], figli: [9, 13, 72], mosse: [(2, 2, 6, 14, 12)]
13 -> costo: 71223.39999999998, rotte: {2: [(1, 9), (9, 8), (8, 15), (15, 6), (6, 14), (14, 13), (13, 3), (3, 11)], 3: [(1, 2), (2, 5), (5, 4), (4, 10), (10, 7), (7, 12), (12, 15), (15, 16)]}, padri: [12], figli: [9, 11, 72], mosse: [(2, 2, 13, 3, 1)]
14 -> costo: 71453.4, rotte: {2: [(1, 9), (9, 8), (8, 6), (6, 14), (14, 15), (15, 3), (3, 13), (13, 11)], 3: [(1, 2), (2, 5), (5, 4), (4, 10), (10, 7), (7, 12), (12, 15), (15, 16)]}, padri: [7], figli: [15, 20], mosse: [(2, 2, 14, 15, 10)]
15 -> costo: 71273.49999999999, rotte: {2: [(1, 9), (9, 6), (6, 14), (14, 15), (15, 8), (8, 3), (3, 13), (13, 11)], 3: [(1, 2), (2, 5), (5, 4), (4, 10), (10, 7), (7, 12), (12, 15), (15, 16)]}, padri: [14], figli: [16, 17, 18, 77, 81], mosse: [(2, 2, 15, 8, 6)]
16 -> costo: 69645.4, rotte: {2: [(1, 6), (6, 14), (14, 15), (15, 8), (8, 9), (9, 3), (3, 13), (13, 11)], 3: [(1, 2), (2, 5), (5, 4), (4, 10), (10, 7), (7, 12), (12, 15), (15, 16)]}, padri: [15, 17, 76, 80, 82], figli: [], mosse: [(2, 2, 8, 9, 7), (2, 2, 8, 9, 7), (2, 2, 14, 15, 10), (2, 2, 15, 8, 6), (2, 2, 6, 14, 12)]
17 -> costo: 70581.09999999999, rotte: {2: [(1, 6), (6, 14), (14, 15), (15, 9), (9, 8), (8, 3), (3, 13), (13, 11)], 3: [(1, 2), (2, 5), (5, 4), (4, 10), (10, 7), (7, 12), (12, 15), (15, 16)]}, padri: [15, 80], figli: [16, 18, 77], mosse: [(2, 2, 15, 9, 7), (2, 2, 9, 8, 6)]
18 -> costo: 70509.2, rotte: {2: [(1, 14), (14, 15), (15, 9), (9, 8), (8, 6), (6, 3), (3, 13), (13, 11)], 3: [(1, 2), (2, 5), (5, 4), (4, 10), (10, 7), (7, 12), (12, 15), (15, 16)]}, padri: [17], figli: [19], mosse: [(2, 2, 8, 6, 4)]
19 -> costo: 69733.7, rotte: {2: [(1, 14), (14, 15), (15, 8), (8, 9), (9, 6), (6, 3), (3, 13), (13, 11)], 3: [(1, 2), (2, 5), (5, 4), (4, 10), (10, 7), (7, 12), (12, 15), (15, 16)]}, padri: [18, 82], figli: [], mosse: [(2, 2, 8, 9, 7), (2, 2, 9, 6, 4)]
20 -> costo: 71355.3, rotte: {2: [(1, 9), (9, 8), (8, 14), (14, 15), (15, 6), (6, 3), (3, 13), (13, 11)], 3: [(1, 2), (2, 5), (5, 4), (4, 10), (10, 7), (7, 12), (12, 15), (15, 16)]}, padri: [14], figli: [8, 9, 71, 72], mosse: [(2, 2, 15, 6, 4)]
21 -> costo: 71858.7, rotte: {2: [(1, 9), (9, 8), (8, 3), (3, 6), (6, 15), (15, 14), (14, 13), (13, 11)], 3: [(1, 2), (2, 5), (5, 4), (4, 10), (10, 7), (7, 12), (12, 15), (15, 16)]}, padri: [6], figli: [7, 22, 74], mosse: [(2, 2, 3, 6, 4)]
22 -> costo: 71814.9, rotte: {2: [(1, 9), (9, 3), (3, 6), (6, 8), (8, 15), (15, 14), (14, 13), (13, 11)], 3: [(1, 2), (2, 5), (5, 4), (4, 10), (10, 7), (7, 12), (12, 15), (15, 16)]}, padri: [21], figli: [23, 24, 25, 26, 28, 29, 30, 31, 37, 38, 64, 66, 70], mosse: [(2, 2, 6, 8, 6)]
23 -> costo: 67873.0, rotte: {2: [(1, 3), (3, 6), (6, 9), (9, 8), (8, 15), (15, 14), (14, 13), (13, 11)], 3: [(1, 2), (2, 5), (5, 4), (4, 10), (10, 7), (7, 12), (12, 15), (15, 16)]}, padri: [22, 24, 25, 36, 50, 51, 52, 53, 55, 58, 64, 84], figli: [], mosse: [(2, 2, 6, 9, 7), (2, 2, 9, 8, 6), (2, 2, 6, 9, 7), (2, 2, 8, 15, 10), (2, 2, 15, 14, 12), (2, 2, 8, 15, 10), (2, 2, 8, 15, 10), (2, 2, 15, 14, 12), (2, 2, 15, 14, 12), (2, 2, 15, 14, 12), (2, 2, 15, 14, 12), (2, 2, 3, 6, 4)]
24 -> costo: 68708.0, rotte: {2: [(1, 3), (3, 6), (6, 8), (8, 9), (9, 15), (15, 14), (14, 13), (13, 11)], 3: [(1, 2), (2, 5), (5, 4), (4, 10), (10, 7), (7, 12), (12, 15), (15, 16)]}, padri: [22, 25, 29, 30, 63, 85], figli: [23, 26], mosse: [(2, 2, 8, 9, 7), (2, 2, 8, 9, 7), (2, 2, 9, 15, 10), (2, 2, 9, 15, 10), (2, 2, 15, 14, 12), (2, 2, 3, 6, 4)]
25 -> costo: 69386.6, rotte: {2: [(1, 3), (3, 9), (9, 6), (6, 8), (8, 15), (15, 14), (14, 13), (13, 11)], 3: [(1, 2), (2, 5), (5, 4), (4, 10), (10, 7), (7, 12), (12, 15), (15, 16)]}, padri: [22, 84, 86], figli: [23, 26, 27, 24, 28, 30, 31, 34, 42, 64], mosse: [(2, 2, 3, 9, 7), (2, 2, 9, 6, 4), (2, 2, 6, 8, 6)]
26 -> costo: 68307.59999999999, rotte: {2: [(1, 3), (3, 9), (9, 8), (8, 15), (15, 14), (14, 6), (6, 13), (13, 11)], 3: [(1, 2), (2, 5), (5, 4), (4, 10), (10, 7), (7, 12), (12, 15), (15, 16)]}, padri: [25, 27, 28, 34, 41, 44, 45, 61, 84], figli: [], mosse: [(2, 2, 14, 6, 4), (2, 2, 14, 6, 4), (2, 2, 14, 6, 4), (2, 2, 9, 8, 6), (2, 2, 8, 15, 10), (2, 2, 8, 15, 10), (2, 2, 15, 14, 12), (2, 2, 15, 14, 12), (2, 2, 14, 6, 4)]
27 -> costo: 68412.3, rotte: {2: [(1, 3), (3, 9), (9, 8), (8, 15), (15, 6), (6, 14), (14, 13), (13, 11)], 3: [(1, 2), (2, 5), (5, 4), (4, 10), (10, 7), (7, 12), (12, 15), (15, 16)]}, padri: [25, 28, 33, 35, 42, 45, 61, 84], figli: [26, 42], mosse: [(2, 2, 15, 6, 4), (2, 2, 15, 6, 4), (2, 2, 9, 8, 6), (2, 2, 8, 15, 10), (2, 2, 8, 15, 10), (2, 2, 6, 14, 12), (2, 2, 6, 14, 12), (2, 2, 15, 6, 4)]
28 -> costo: 69270.2, rotte: {2: [(1, 3), (3, 9), (9, 8), (8, 6), (6, 15), (15, 14), (14, 13), (13, 11)], 3: [(1, 2), (2, 5), (5, 4), (4, 10), (10, 7), (7, 12), (12, 15), (15, 16)]}, padri: [25, 35, 42, 43, 84, 86], figli: [26, 27, 34, 42], mosse: [(2, 2, 8, 6, 4), (2, 2, 6, 15, 10), (2, 2, 6, 15, 10), (2, 2, 15, 14, 12), (2, 2, 8, 6, 4), (2, 2, 9, 8, 6)]
29 -> costo: 69884.29999999999, rotte: {2: [(1, 3), (3, 6), (6, 8), (8, 15), (15, 9), (9, 14), (14, 13), (13, 11)], 3: [(1, 2), (2, 5), (5, 4), (4, 10), (10, 7), (7, 12), (12, 15), (15, 16)]}, padri: [22, 37, 65], figli: [24, 30, 31, 32, 36, 39, 40, 52, 56, 63, 64], mosse: [(2, 2, 15, 9, 7), (2, 2, 9, 14, 12), (2, 2, 9, 14, 12)]
30 -> costo: 68992.4, rotte: {2: [(1, 3), (3, 6), (6, 15), (15, 8), (8, 9), (9, 14), (14, 13), (13, 11)], 3: [(1, 2), (2, 5), (5, 4), (4, 10), (10, 7), (7, 12), (12, 15), (15, 16)]}, padri: [29, 36, 52, 62], figli: [24, 31, 33, 47, 64], mosse: [(2, 2, 15, 8, 6), (2, 2, 8, 9, 7), (2, 2, 8, 9, 7), (2, 2, 9, 14, 12)]
31 -> costo: 68830.59999999999, rotte: {2: [(1, 3), (3, 15), (15, 8), (8, 9), (9, 6), (6, 14), (14, 13), (13, 11)], 3: [(1, 2), (2, 5), (5, 4), (4, 10), (10, 7), (7, 12), (12, 15), (15, 16)]}, padri: [30, 32, 35, 40, 42, 46, 47], figli: [], mosse: [(2, 2, 9, 6, 4), (2, 2, 15, 8, 6), (2, 2, 8, 9, 7), (2, 2, 6, 14, 12), (2, 2, 8, 9, 7), (2, 2, 6, 14, 12), (2, 2, 6, 14, 12)]
32 -> costo: 69423.7, rotte: {2: [(1, 3), (3, 8), (8, 15), (15, 9), (9, 6), (6, 14), (14, 13), (13, 11)], 3: [(1, 2), (2, 5), (5, 4), (4, 10), (10, 7), (7, 12), (12, 15), (15, 16)]}, padri: [29, 38, 39, 66], figli: [31, 33, 47, 86], mosse: [(2, 2, 9, 6, 4), (2, 2, 6, 14, 12), (2, 2, 6, 14, 12), (2, 2, 6, 14, 12)]
33 -> costo: 69363.6, rotte: {2: [(1, 3), (3, 8), (8, 9), (9, 15), (15, 6), (6, 14), (14, 13), (13, 11)], 3: [(1, 2), (2, 5), (5, 4), (4, 10), (10, 7), (7, 12), (12, 15), (15, 16)]}, padri: [32, 67, 68, 85, 86], figli: [27, 34, 35, 43], mosse: [(2, 2, 9, 15, 10), (2, 2, 6, 14, 12), (2, 2, 6, 14, 12), (2, 2, 15, 6, 4), (2, 2, 15, 6, 4)]
34 -> costo: 69258.9, rotte: {2: [(1, 3), (3, 8), (8, 9), (9, 15), (15, 14), (14, 6), (6, 13), (13, 11)], 3: [(1, 2), (2, 5), (5, 4), (4, 10), (10, 7), (7, 12), (12, 15), (15, 16)]}, padri: [33, 39, 40, 67, 68, 85, 86], figli: [26, 42], mosse: [(2, 2, 14, 6, 4), (2, 2, 9, 15, 10), (2, 2, 9, 15, 10), (2, 2, 15, 14, 12), (2, 2, 15, 14, 12), (2, 2, 14, 6, 4), (2, 2, 14, 6, 4)]
35 -> costo: 69275.5, rotte: {2: [(1, 3), (3, 9), (9, 15), (15, 8), (8, 6), (6, 14), (14, 13), (13, 11)], 3: [(1, 2), (2, 5), (5, 4), (4, 10), (10, 7), (7, 12), (12, 15), (15, 16)]}, padri: [33, 42, 44, 52, 69], figli: [27, 31, 28, 47], mosse: [(2, 2, 15, 8, 6), (2, 2, 9, 15, 10), (2, 2, 6, 14, 12), (2, 2, 8, 6, 4), (2, 2, 6, 14, 12)]
36 -> costo: 69505.0, rotte: {2: [(1, 3), (3, 6), (6, 15), (15, 9), (9, 8), (8, 14), (14, 13), (13, 11)], 3: [(1, 2), (2, 5), (5, 4), (4, 10), (10, 7), (7, 12), (12, 15), (15, 16)]}, padri: [29, 51, 52, 54, 56], figli: [23, 30, 63], mosse: [(2, 2, 9, 8, 6), (2, 2, 6, 15, 10), (2, 2, 15, 9, 7), (2, 2, 8, 14, 12), (2, 2, 8, 14, 12)]
37 -> costo: 71060.49999999999, rotte: {2: [(1, 3), (3, 6), (6, 8), (8, 15), (15, 14), (14, 9), (9, 13), (13, 11)], 3: [(1, 2), (2, 5), (5, 4), (4, 10), (10, 7), (7, 12), (12, 15), (15, 16)]}, padri: [22], figli: [29, 38, 48, 49, 54, 62, 65, 66, 67], mosse: [(2, 2, 14, 9, 7)]
38 -> costo: 70514.4, rotte: {2: [(1, 3), (3, 8), (8, 15), (15, 14), (14, 9), (9, 6), (6, 13), (13, 11)], 3: [(1, 2), (2, 5), (5, 4), (4, 10), (10, 7), (7, 12), (12, 15), (15, 16)]}, padri: [37, 48, 66], figli: [32, 39, 40, 46], mosse: [(2, 2, 9, 6, 4), (2, 2, 9, 6, 4), (2, 2, 15, 14, 12)]
39 -> costo: 70435.2, rotte: {2: [(1, 3), (3, 8), (8, 15), (15, 9), (9, 14), (14, 6), (6, 13), (13, 11)], 3: [(1, 2), (2, 5), (5, 4), (4, 10), (10, 7), (7, 12), (12, 15), (15, 16)]}, padri: [38, 66], figli: [34, 32, 40, 41, 44], mosse: [(2, 2, 9, 14, 12), (2, 2, 9, 14, 12)]
40 -> costo: 69842.09999999999, rotte: {2: [(1, 3), (3, 15), (15, 8), (8, 9), (9, 14), (14, 6), (6, 13), (13, 11)], 3: [(1, 2), (2, 5), (5, 4), (4, 10), (10, 7), (7, 12), (12, 15), (15, 16)]}, padri: [39, 41, 44, 46], figli: [31, 34, 47], mosse: [(2, 2, 15, 8, 6), (2, 2, 8, 9, 7), (2, 2, 8, 9, 7), (2, 2, 9, 14, 12)]
41 -> costo: 70354.7, rotte: {2: [(1, 3), (3, 15), (15, 9), (9, 8), (8, 14), (14, 6), (6, 13), (13, 11)], 3: [(1, 2), (2, 5), (5, 4), (4, 10), (10, 7), (7, 12), (12, 15), (15, 16)]}, padri: [39, 51, 59], figli: [26, 42, 40, 44, 45, 53, 60, 69], mosse: [(2, 2, 9, 8, 6), (2, 2, 14, 6, 4), (2, 2, 8, 14, 12)]
42 -> costo: 69606.09999999999, rotte: {2: [(1, 3), (3, 15), (15, 9), (9, 8), (8, 6), (6, 14), (14, 13), (13, 11)], 3: [(1, 2), (2, 5), (5, 4), (4, 10), (10, 7), (7, 12), (12, 15), (15, 16)]}, padri: [41, 51, 59, 60], figli: [27, 31, 28, 35, 43, 47], mosse: [(2, 2, 6, 14, 12), (2, 2, 8, 6, 4), (2, 2, 6, 14, 12), (2, 2, 6, 14, 12)]
43 -> costo: 69555.79999999999, rotte: {2: [(1, 3), (3, 9), (9, 8), (8, 6), (6, 14), (14, 15), (15, 13), (13, 11)], 3: [(1, 2), (2, 5), (5, 4), (4, 10), (10, 7), (7, 12), (12, 15), (15, 16)]}, padri: [42, 53], figli: [28], mosse: [(2, 2, 14, 15, 10), (2, 2, 8, 6, 4)]
44 -> costo: 70024.09999999999, rotte: {2: [(1, 3), (3, 9), (9, 15), (15, 8), (8, 14), (14, 6), (6, 13), (13, 11)], 3: [(1, 2), (2, 5), (5, 4), (4, 10), (10, 7), (7, 12), (12, 15), (15, 16)]}, padri: [41, 69], figli: [26, 35, 40], mosse: [(2, 2, 9, 15, 10), (2, 2, 8, 14, 12)]
45 -> costo: 70024.2, rotte: {2: [(1, 3), (3, 9), (9, 8), (8, 14), (14, 15), (15, 6), (6, 13), (13, 11)], 3: [(1, 2), (2, 5), (5, 4), (4, 10), (10, 7), (7, 12), (12, 15), (15, 16)]}, padri: [41, 68], figli: [26, 27], mosse: [(2, 2, 14, 15, 10), (2, 2, 9, 8, 6)]
46 -> costo: 70476.3, rotte: {2: [(1, 3), (3, 15), (15, 14), (14, 8), (8, 9), (9, 6), (6, 13), (13, 11)], 3: [(1, 2), (2, 5), (5, 4), (4, 10), (10, 7), (7, 12), (12, 15), (15, 16)]}, padri: [38, 59, 62], figli: [31, 47, 40], mosse: [(2, 2, 14, 8, 6), (2, 2, 8, 9, 7), (2, 2, 9, 6, 4)]
47 -> costo: 68893.09999999999, rotte: {2: [(1, 3), (3, 14), (14, 15), (15, 8), (8, 9), (9, 6), (6, 13), (13, 11)], 3: [(1, 2), (2, 5), (5, 4), (4, 10), (10, 7), (7, 12), (12, 15), (15, 16)]}, padri: [46, 57, 60, 66, 69], figli: [31], mosse: [(2, 2, 14, 15, 10), (2, 2, 9, 6, 4), (2, 2, 8, 9, 7), (2, 2, 15, 8, 6), (2, 2, 8, 9, 7)]
48 -> costo: 70599.9, rotte: {2: [(1, 3), (3, 8), (8, 15), (15, 14), (14, 6), (6, 9), (9, 13), (13, 11)], 3: [(1, 2), (2, 5), (5, 4), (4, 10), (10, 7), (7, 12), (12, 15), (15, 16)]}, padri: [37], figli: [38, 49, 59, 67], mosse: [(2, 2, 14, 6, 4)]
49 -> costo: 70548.0, rotte: {2: [(1, 3), (3, 15), (15, 14), (14, 6), (6, 9), (9, 8), (8, 13), (13, 11)], 3: [(1, 2), (2, 5), (5, 4), (4, 10), (10, 7), (7, 12), (12, 15), (15, 16)]}, padri: [48, 54], figli: [50, 51], mosse: [(2, 2, 9, 8, 6), (2, 2, 14, 6, 4)]
50 -> costo: 69269.4, rotte: {2: [(1, 3), (3, 14), (14, 6), (6, 9), (9, 8), (8, 15), (15, 13), (13, 11)], 3: [(1, 2), (2, 5), (5, 4), (4, 10), (10, 7), (7, 12), (12, 15), (15, 16)]}, padri: [49], figli: [23], mosse: [(2, 2, 8, 15, 10)]
51 -> costo: 70538.59999999999, rotte: {2: [(1, 3), (3, 15), (15, 6), (6, 9), (9, 8), (8, 14), (14, 13), (13, 11)], 3: [(1, 2), (2, 5), (5, 4), (4, 10), (10, 7), (7, 12), (12, 15), (15, 16)]}, padri: [49], figli: [23, 36, 52, 42, 53, 41, 56, 60], mosse: [(2, 2, 8, 14, 12)]
52 -> costo: 69589.5, rotte: {2: [(1, 3), (3, 6), (6, 9), (9, 15), (15, 8), (8, 14), (14, 13), (13, 11)], 3: [(1, 2), (2, 5), (5, 4), (4, 10), (10, 7), (7, 12), (12, 15), (15, 16)]}, padri: [51], figli: [23, 30, 35, 36, 56, 63], mosse: [(2, 2, 9, 15, 10)]
53 -> costo: 69869.8, rotte: {2: [(1, 3), (3, 6), (6, 9), (9, 8), (8, 14), (14, 15), (15, 13), (13, 11)], 3: [(1, 2), (2, 5), (5, 4), (4, 10), (10, 7), (7, 12), (12, 15), (15, 16)]}, padri: [51], figli: [23, 43], mosse: [(2, 2, 14, 15, 10)]
54 -> costo: 70709.79999999999, rotte: {2: [(1, 3), (3, 6), (6, 15), (15, 14), (14, 9), (9, 8), (8, 13), (13, 11)], 3: [(1, 2), (2, 5), (5, 4), (4, 10), (10, 7), (7, 12), (12, 15), (15, 16)]}, padri: [37, 62], figli: [55, 36, 56, 49, 59], mosse: [(2, 2, 9, 8, 6), (2, 2, 9, 8, 6)]
55 -> costo: 69269.4, rotte: {2: [(1, 3), (3, 6), (6, 14), (14, 9), (9, 8), (8, 15), (15, 13), (13, 11)], 3: [(1, 2), (2, 5), (5, 4), (4, 10), (10, 7), (7, 12), (12, 15), (15, 16)]}, padri: [54], figli: [23], mosse: [(2, 2, 8, 15, 10)]
56 -> costo: 69519.8, rotte: {2: [(1, 3), (3, 6), (6, 14), (14, 15), (15, 9), (9, 8), (8, 13), (13, 11)], 3: [(1, 2), (2, 5), (5, 4), (4, 10), (10, 7), (7, 12), (12, 15), (15, 16)]}, padri: [54, 65], figli: [57, 58, 36], mosse: [(2, 2, 14, 15, 10), (2, 2, 9, 8, 6)]
57 -> costo: 68978.6, rotte: {2: [(1, 3), (3, 6), (6, 14), (14, 15), (15, 8), (8, 9), (9, 13), (13, 11)], 3: [(1, 2), (2, 5), (5, 4), (4, 10), (10, 7), (7, 12), (12, 15), (15, 16)]}, padri: [56, 62, 65], figli: [47], mosse: [(2, 2, 8, 9, 7), (2, 2, 14, 15, 10), (2, 2, 15, 8, 6)]
58 -> costo: 69269.4, rotte: {2: [(1, 3), (3, 6), (6, 14), (14, 9), (9, 8), (8, 15), (15, 13), (13, 11)], 3: [(1, 2), (2, 5), (5, 4), (4, 10), (10, 7), (7, 12), (12, 15), (15, 16)]}, padri: [56], figli: [23], mosse: [(2, 2, 8, 15, 10)]
59 -> costo: 70696.79999999999, rotte: {2: [(1, 3), (3, 15), (15, 14), (14, 9), (9, 8), (8, 6), (6, 13), (13, 11)], 3: [(1, 2), (2, 5), (5, 4), (4, 10), (10, 7), (7, 12), (12, 15), (15, 16)]}, padri: [54], figli: [42, 60, 61, 41, 46, 68], mosse: [(2, 2, 8, 6, 4)]
60 -> costo: 69668.59999999999, rotte: {2: [(1, 3), (3, 14), (14, 15), (15, 9), (9, 8), (8, 6), (6, 13), (13, 11)], 3: [(1, 2), (2, 5), (5, 4), (4, 10), (10, 7), (7, 12), (12, 15), (15, 16)]}, padri: [59, 66, 69], figli: [47, 42], mosse: [(2, 2, 14, 15, 10), (2, 2, 9, 8, 6), (2, 2, 15, 9, 7)]
61 -> costo: 70000.7, rotte: {2: [(1, 3), (3, 14), (14, 9), (9, 8), (8, 15), (15, 6), (6, 13), (13, 11)], 3: [(1, 2), (2, 5), (5, 4), (4, 10), (10, 7), (7, 12), (12, 15), (15, 16)]}, padri: [59, 67], figli: [26, 27], mosse: [(2, 2, 8, 15, 10), (2, 2, 9, 8, 6)]
62 -> costo: 70723.59999999999, rotte: {2: [(1, 3), (3, 6), (6, 15), (15, 14), (14, 8), (8, 9), (9, 13), (13, 11)], 3: [(1, 2), (2, 5), (5, 4), (4, 10), (10, 7), (7, 12), (12, 15), (15, 16)]}, padri: [37], figli: [57, 30, 63, 46, 54, 65], mosse: [(2, 2, 14, 8, 6)]
63 -> costo: 69838.2, rotte: {2: [(1, 3), (3, 6), (6, 14), (14, 8), (8, 9), (9, 15), (15, 13), (13, 11)], 3: [(1, 2), (2, 5), (5, 4), (4, 10), (10, 7), (7, 12), (12, 15), (15, 16)]}, padri: [62, 65], figli: [24, 64], mosse: [(2, 2, 9, 15, 10), (2, 2, 9, 15, 10)]
64 -> costo: 69269.4, rotte: {2: [(1, 3), (3, 6), (6, 14), (14, 9), (9, 8), (8, 15), (15, 13), (13, 11)], 3: [(1, 2), (2, 5), (5, 4), (4, 10), (10, 7), (7, 12), (12, 15), (15, 16)]}, padri: [22, 25, 29, 30, 63], figli: [23], mosse: [(2, 2, 9, 8, 6)]
65 -> costo: 70715.1, rotte: {2: [(1, 3), (3, 6), (6, 14), (14, 8), (8, 15), (15, 9), (9, 13), (13, 11)], 3: [(1, 2), (2, 5), (5, 4), (4, 10), (10, 7), (7, 12), (12, 15), (15, 16)]}, padri: [62], figli: [57, 56, 63, 29, 66], mosse: [(2, 2, 8, 15, 10)]
66 -> costo: 70629.6, rotte: {2: [(1, 3), (3, 14), (14, 8), (8, 15), (15, 9), (9, 6), (6, 13), (13, 11)], 3: [(1, 2), (2, 5), (5, 4), (4, 10), (10, 7), (7, 12), (12, 15), (15, 16)]}, padri: [65], figli: [47, 32, 60, 39, 38, 67], mosse: [(2, 2, 9, 6, 4)]
67 -> costo: 70569.5, rotte: {2: [(1, 3), (3, 14), (14, 8), (8, 9), (9, 15), (15, 6), (6, 13), (13, 11)], 3: [(1, 2), (2, 5), (5, 4), (4, 10), (10, 7), (7, 12), (12, 15), (15, 16)]}, padri: [66], figli: [34, 33, 61, 68, 86], mosse: [(2, 2, 9, 15, 10)]
68 -> costo: 70449.1, rotte: {2: [(1, 3), (3, 8), (8, 9), (9, 14), (14, 15), (15, 6), (6, 13), (13, 11)], 3: [(1, 2), (2, 5), (5, 4), (4, 10), (10, 7), (7, 12), (12, 15), (15, 16)]}, padri: [67], figli: [34, 33, 45, 69, 86], mosse: [(2, 2, 9, 14, 12)]
69 -> costo: 70361.0, rotte: {2: [(1, 3), (3, 9), (9, 14), (14, 15), (15, 8), (8, 6), (6, 13), (13, 11)], 3: [(1, 2), (2, 5), (5, 4), (4, 10), (10, 7), (7, 12), (12, 15), (15, 16)]}, padri: [68], figli: [47, 35, 60, 44], mosse: [(2, 2, 15, 8, 6)]
70 -> costo: 71729.2, rotte: {2: [(1, 9), (9, 6), (6, 8), (8, 15), (15, 14), (14, 3), (3, 13), (13, 11)], 3: [(1, 2), (2, 5), (5, 4), (4, 10), (10, 7), (7, 12), (12, 15), (15, 16)]}, padri: [22], figli: [8, 71, 9, 72, 73, 10, 7, 74, 78], mosse: [(2, 2, 14, 3, 1)]
71 -> costo: 70215.59999999999, rotte: {2: [(1, 6), (6, 9), (9, 8), (8, 15), (15, 14), (14, 3), (3, 13), (13, 11)], 3: [(1, 2), (2, 5), (5, 4), (4, 10), (10, 7), (7, 12), (12, 15), (15, 16)]}, padri: [70, 72, 84], figli: [8], mosse: [(2, 2, 6, 9, 7), (2, 2, 9, 8, 6), (2, 2, 14, 3, 1)]
72 -> costo: 71050.59999999999, rotte: {2: [(1, 6), (6, 8), (8, 9), (9, 15), (15, 14), (14, 3), (3, 13), (13, 11)], 3: [(1, 2), (2, 5), (5, 4), (4, 10), (10, 7), (7, 12), (12, 15), (15, 16)]}, padri: [70, 77], figli: [71, 73], mosse: [(2, 2, 8, 9, 7), (2, 2, 9, 15, 10)]
73 -> costo: 70590.0, rotte: {2: [(1, 8), (8, 9), (9, 15), (15, 14), (14, 6), (6, 3), (3, 13), (13, 11)], 3: [(1, 2), (2, 5), (5, 4), (4, 10), (10, 7), (7, 12), (12, 15), (15, 16)]}, padri: [72, 78], figli: [8], mosse: [(2, 2, 14, 6, 4), (2, 2, 9, 15, 10)]
74 -> costo: 71727.3, rotte: {2: [(1, 6), (6, 8), (8, 15), (15, 14), (14, 9), (9, 3), (3, 13), (13, 11)], 3: [(1, 2), (2, 5), (5, 4), (4, 10), (10, 7), (7, 12), (12, 15), (15, 16)]}, padri: [70], figli: [75, 76], mosse: [(2, 2, 14, 9, 7)]
75 -> costo: 71266.7, rotte: {2: [(1, 8), (8, 15), (15, 14), (14, 6), (6, 9), (9, 3), (3, 13), (13, 11)], 3: [(1, 2), (2, 5), (5, 4), (4, 10), (10, 7), (7, 12), (12, 15), (15, 16)]}, padri: [74], figli: [], mosse: [(2, 2, 14, 6, 4)]
76 -> costo: 71390.4, rotte: {2: [(1, 6), (6, 15), (15, 14), (14, 8), (8, 9), (9, 3), (3, 13), (13, 11)], 3: [(1, 2), (2, 5), (5, 4), (4, 10), (10, 7), (7, 12), (12, 15), (15, 16)]}, padri: [74], figli: [16, 77, 80], mosse: [(2, 2, 14, 8, 6)]
77 -> costo: 71334.99999999999, rotte: {2: [(1, 6), (6, 15), (15, 8), (8, 9), (9, 14), (14, 3), (3, 13), (13, 11)], 3: [(1, 2), (2, 5), (5, 4), (4, 10), (10, 7), (7, 12), (12, 15), (15, 16)]}, padri: [76], figli: [72, 78, 79], mosse: [(2, 2, 9, 14, 12)]
78 -> costo: 71130.0, rotte: {2: [(1, 15), (15, 8), (8, 9), (9, 14), (14, 6), (6, 3), (3, 13), (13, 11)], 3: [(1, 2), (2, 5), (5, 4), (4, 10), (10, 7), (7, 12), (12, 15), (15, 16)]}, padri: [77], figli: [73], mosse: [(2, 2, 14, 6, 4)]
79 -> costo: 71129.99999999999, rotte: {2: [(1, 15), (15, 8), (8, 9), (9, 6), (6, 14), (14, 3), (3, 13), (13, 11)], 3: [(1, 2), (2, 5), (5, 4), (4, 10), (10, 7), (7, 12), (12, 15), (15, 16)]}, padri: [77], figli: [], mosse: [(2, 2, 9, 6, 4)]
80 -> costo: 71381.90000000001, rotte: {2: [(1, 6), (6, 14), (14, 8), (8, 15), (15, 9), (9, 3), (3, 13), (13, 11)], 3: [(1, 2), (2, 5), (5, 4), (4, 10), (10, 7), (7, 12), (12, 15), (15, 16)]}, padri: [76], figli: [16, 17, 81], mosse: [(2, 2, 8, 15, 10)]
81 -> costo: 71157.59999999999, rotte: {2: [(1, 14), (14, 6), (6, 8), (8, 15), (15, 9), (9, 3), (3, 13), (13, 11)], 3: [(1, 2), (2, 5), (5, 4), (4, 10), (10, 7), (7, 12), (12, 15), (15, 16)]}, padri: [80], figli: [82], mosse: [(2, 2, 14, 6, 4)]
82 -> costo: 70265.7, rotte: {2: [(1, 14), (14, 6), (6, 15), (15, 8), (8, 9), (9, 3), (3, 13), (13, 11)], 3: [(1, 2), (2, 5), (5, 4), (4, 10), (10, 7), (7, 12), (12, 15), (15, 16)]}, padri: [81], figli: [16, 19], mosse: [(2, 2, 15, 8, 6)]
83 -> costo: 71933.09999999999, rotte: {2: [(1, 9), (9, 6), (6, 3), (3, 8), (8, 15), (15, 14), (14, 13), (13, 11)], 3: [(1, 2), (2, 5), (5, 4), (4, 10), (10, 7), (7, 12), (12, 15), (15, 16)]}, padri: [6], figli: [84, 85], mosse: [(2, 2, 3, 8, 6)]
84 -> costo: 70303.2, rotte: {2: [(1, 6), (6, 3), (3, 9), (9, 8), (8, 15), (15, 14), (14, 13), (13, 11)], 3: [(1, 2), (2, 5), (5, 4), (4, 10), (10, 7), (7, 12), (12, 15), (15, 16)]}, padri: [83], figli: [23, 26, 27, 28, 25, 71], mosse: [(2, 2, 3, 9, 7)]
85 -> costo: 71254.49999999999, rotte: {2: [(1, 6), (6, 3), (3, 8), (8, 9), (9, 15), (15, 14), (14, 13), (13, 11)], 3: [(1, 2), (2, 5), (5, 4), (4, 10), (10, 7), (7, 12), (12, 15), (15, 16)]}, padri: [83], figli: [24, 34, 33, 86], mosse: [(2, 2, 8, 9, 7)]
86 -> costo: 69432.2, rotte: {2: [(1, 3), (3, 8), (8, 9), (9, 6), (6, 15), (15, 14), (14, 13), (13, 11)], 3: [(1, 2), (2, 5), (5, 4), (4, 10), (10, 7), (7, 12), (12, 15), (15, 16)]}, padri: [85], figli: [34, 28, 33, 25], mosse: [(2, 2, 9, 6, 4)]
bestSolutionIndice: 23
23 -> costo: 67873.0, rotte: {2: [(1, 3), (3, 6), (6, 9), (9, 8), (8, 15), (15, 14), (14, 13), (13, 11)], 3: [(1, 2), (2, 5), (5, 4), (4, 10), (10, 7), (7, 12), (12, 15), (15, 16)]}, padri: [22, 24, 25, 36, 50, 51, 52, 53, 55, 58, 64, 84], figli: [], mosse: [(2, 2, 6, 9, 7), (2, 2, 9, 8, 6), (2, 2, 6, 9, 7), (2, 2, 8, 15, 10), (2, 2, 15, 14, 12), (2, 2, 8, 15, 10), (2, 2, 8, 15, 10), (2, 2, 15, 14, 12), (2, 2, 15, 14, 12), (2, 2, 15, 14, 12), (2, 2, 15, 14, 12), (2, 2, 3, 6, 4)]
trasportoPalletDiGamma: {2: [(3, 1), (6, 4), (9, 7), (8, 6), (15, 10), (14, 12), (13, 11), (11, 9)], 3: [(2, 12), (5, 3), (4, 2), (10, 8), (7, 5), (12, 10), (15, 3), (16, 14)]}
itMosseLS: 210, itMosseTS: 200
time elapsed: 2137.12s.


##########################################################################################
s: 1
dictSolutions[1]:
0 -> costo: 107590.9, rotte: {2: [(1, 5), (5, 16), (16, 15), (15, 6), (6, 3), (3, 2), (2, 9), (9, 13)], 3: [(1, 8), (8, 12), (12, 14), (14, 10), (10, 4), (4, 11), (11, 7), (7, 13)]}, padri: [-1], figli: [1], mosse: [-1]
1 -> costo: 79058.39999999998, rotte: {2: [(1, 5), (5, 16), (16, 15), (15, 6), (6, 3), (3, 2), (2, 9), (9, 13)], 3: [(1, 8), (8, 12), (12, 14), (14, 10), (10, 4), (4, 7), (7, 13), (13, 11)]}, padri: [0], figli: [2], mosse: [(3, 3, 13, 11, 9)]
2 -> costo: 77319.69999999998, rotte: {2: [(1, 5), (5, 16), (16, 15), (15, 6), (6, 13), (13, 3), (3, 2), (2, 9)], 3: [(1, 8), (8, 12), (12, 14), (14, 10), (10, 4), (4, 7), (7, 13), (13, 11)]}, padri: [1], figli: [3], mosse: [(2, 2, 6, 13, 6)]
3 -> costo: 74265.89999999998, rotte: {2: [(1, 5), (5, 15), (15, 6), (6, 13), (13, 3), (3, 2), (2, 9), (9, 16)], 3: [(1, 8), (8, 12), (12, 14), (14, 10), (10, 4), (4, 7), (7, 13), (13, 11)]}, padri: [2], figli: [4], mosse: [(2, 2, 9, 16, 14)]
4 -> costo: 73696.39999999998, rotte: {2: [(1, 5), (5, 6), (6, 15), (15, 13), (13, 3), (3, 2), (2, 9), (9, 16)], 3: [(1, 8), (8, 12), (12, 14), (14, 10), (10, 4), (4, 7), (7, 13), (13, 11)]}, padri: [3], figli: [5, 31], mosse: [(2, 2, 6, 15, 13)]
5 -> costo: 73411.69999999998, rotte: {2: [(1, 6), (6, 15), (15, 13), (13, 3), (3, 2), (2, 5), (5, 9), (9, 16)], 3: [(1, 8), (8, 12), (12, 14), (14, 10), (10, 4), (4, 7), (7, 13), (13, 11)]}, padri: [4], figli: [6, 18], mosse: [(2, 2, 2, 5, 3)]
6 -> costo: 73210.29999999999, rotte: {2: [(1, 6), (6, 15), (15, 13), (13, 3), (3, 2), (2, 5), (5, 9), (9, 16)], 3: [(1, 8), (8, 12), (12, 14), (14, 4), (4, 7), (7, 13), (13, 10), (10, 11)]}, padri: [5, 18, 32], figli: [7, 11, 15, 17, 26, 29, 30, 36, 42, 52], mosse: [(3, 3, 13, 10, 8), (3, 3, 13, 10, 8), (2, 2, 2, 5, 3)]
7 -> costo: 71185.79999999999, rotte: {2: [(1, 6), (6, 15), (15, 13), (13, 3), (3, 2), (2, 5), (5, 9), (9, 16)], 3: [(1, 8), (8, 12), (12, 14), (14, 7), (7, 4), (4, 13), (13, 10), (10, 11)]}, padri: [6, 17, 25, 29, 33, 51], figli: [8, 10, 12, 19, 35], mosse: [(3, 3, 7, 4, 2), (3, 3, 4, 13, 5), (3, 3, 13, 10, 8), (3, 3, 13, 10, 8), (2, 2, 2, 5, 3), (3, 3, 13, 10, 8)]
8 -> costo: 71062.4, rotte: {2: [(1, 6), (6, 15), (15, 13), (13, 3), (3, 2), (2, 5), (5, 9), (9, 16)], 3: [(1, 8), (8, 12), (12, 7), (7, 14), (14, 4), (4, 13), (13, 10), (10, 11)]}, padri: [7, 11, 13, 14, 20, 22, 24, 26, 30, 34, 47, 52], figli: [9, 20, 21, 24], mosse: [(3, 3, 7, 14, 12), (3, 3, 14, 4, 2), (3, 3, 4, 13, 5), (3, 3, 14, 4, 2), (3, 3, 13, 10, 8), (3, 3, 13, 10, 8), (3, 3, 13, 10, 8), (3, 3, 13, 10, 8), (3, 3, 13, 10, 8), (2, 2, 2, 5, 3), (3, 3, 13, 10, 8), (3, 3, 13, 10, 8)]
9 -> costo: 71047.4, rotte: {2: [(1, 6), (6, 15), (15, 13), (13, 3), (3, 2), (2, 5), (5, 9), (9, 16)], 3: [(1, 8), (8, 12), (12, 7), (7, 14), (14, 4), (4, 10), (10, 13), (13, 11)]}, padri: [8, 10, 13, 19, 20, 22, 23, 24, 26, 30, 35, 47, 52], figli: [], mosse: [(3, 3, 10, 13, 5), (3, 3, 7, 14, 12), (3, 3, 10, 13, 5), (3, 3, 14, 4, 2), (3, 3, 4, 10, 8), (3, 3, 4, 10, 8), (3, 3, 14, 4, 2), (3, 3, 4, 10, 8), (3, 3, 4, 10, 8), (3, 3, 4, 10, 8), (2, 2, 2, 5, 3), (3, 3, 4, 10, 8), (3, 3, 4, 10, 8)]
10 -> costo: 71170.8, rotte: {2: [(1, 6), (6, 15), (15, 13), (13, 3), (3, 2), (2, 5), (5, 9), (9, 16)], 3: [(1, 8), (8, 12), (12, 14), (14, 7), (7, 4), (4, 10), (10, 13), (13, 11)]}, padri: [7, 17, 18, 25, 29, 36, 51], figli: [9, 20, 21, 24], mosse: [(3, 3, 10, 13, 5), (3, 3, 10, 13, 5), (3, 3, 7, 4, 2), (3, 3, 4, 10, 8), (3, 3, 4, 10, 8), (2, 2, 2, 5, 3), (3, 3, 4, 10, 8)]
11 -> costo: 71957.59999999998, rotte: {2: [(1, 6), (6, 15), (15, 13), (13, 3), (3, 2), (2, 5), (5, 9), (9, 16)], 3: [(1, 8), (8, 12), (12, 4), (4, 7), (7, 14), (14, 13), (13, 10), (10, 11)]}, padri: [6, 19, 37], figli: [8, 12, 13, 14, 16, 22, 35], mosse: [(3, 3, 7, 14, 12), (3, 3, 13, 10, 8), (2, 2, 2, 5, 3)]
12 -> costo: 71259.99999999999, rotte: {2: [(1, 6), (6, 15), (15, 13), (13, 3), (3, 2), (2, 5), (5, 9), (9, 16)], 3: [(1, 8), (8, 12), (12, 7), (7, 14), (14, 13), (13, 10), (10, 4), (4, 11)]}, padri: [11, 13, 14, 15, 38], figli: [], mosse: [(3, 3, 10, 4, 2), (3, 3, 10, 4, 2), (3, 3, 10, 4, 2), (3, 3, 7, 14, 12), (2, 2, 2, 5, 3)]
13 -> costo: 71263.79999999999, rotte: {2: [(1, 6), (6, 15), (15, 13), (13, 3), (3, 2), (2, 5), (5, 9), (9, 16)], 3: [(1, 8), (8, 12), (12, 7), (7, 14), (14, 13), (13, 4), (4, 10), (10, 11)]}, padri: [11, 14, 17, 21, 39], figli: [9, 8, 12, 16, 20, 21, 24, 35], mosse: [(3, 3, 13, 4, 2), (3, 3, 13, 4, 2), (3, 3, 7, 14, 12), (3, 3, 4, 10, 8), (2, 2, 2, 5, 3)]
14 -> costo: 71360.59999999999, rotte: {2: [(1, 6), (6, 15), (15, 13), (13, 3), (3, 2), (2, 5), (5, 9), (9, 16)], 3: [(1, 8), (8, 12), (12, 7), (7, 4), (4, 14), (14, 13), (13, 10), (10, 11)]}, padri: [11, 23, 40], figli: [8, 12, 13, 16, 22, 35], mosse: [(3, 3, 7, 4, 2), (3, 3, 13, 10, 8), (2, 2, 2, 5, 3)]
15 -> costo: 73107.8, rotte: {2: [(1, 6), (6, 15), (15, 13), (13, 3), (3, 2), (2, 5), (5, 9), (9, 16)], 3: [(1, 8), (8, 12), (12, 14), (14, 7), (7, 13), (13, 10), (10, 4), (4, 11)]}, padri: [6, 17, 27, 41], figli: [12, 16], mosse: [(3, 3, 10, 4, 2), (3, 3, 10, 4, 2), (3, 3, 13, 10, 8), (2, 2, 2, 5, 3)]
16 -> costo: 73087.9, rotte: {2: [(1, 6), (6, 15), (15, 13), (13, 3), (3, 2), (2, 5), (5, 9), (9, 16)], 3: [(1, 8), (8, 12), (12, 7), (7, 13), (13, 10), (10, 4), (4, 14), (14, 11)]}, padri: [15, 28, 42], figli: [], mosse: [(3, 3, 4, 14, 12), (3, 3, 13, 10, 8), (2, 2, 2, 5, 3)]
17 -> costo: 73111.59999999999, rotte: {2: [(1, 6), (6, 15), (15, 13), (13, 3), (3, 2), (2, 5), (5, 9), (9, 16)], 3: [(1, 8), (8, 12), (12, 14), (14, 7), (7, 13), (13, 4), (4, 10), (10, 11)]}, padri: [6, 27, 43], figli: [10, 7, 13, 15, 19, 22, 26, 30, 36, 42, 52], mosse: [(3, 3, 13, 4, 2), (3, 3, 4, 10, 8), (2, 2, 2, 5, 3)]
18 -> costo: 73211.29999999999, rotte: {2: [(1, 6), (6, 15), (15, 13), (13, 3), (3, 2), (2, 5), (5, 9), (9, 16)], 3: [(1, 8), (8, 12), (12, 14), (14, 4), (4, 7), (7, 10), (10, 13), (13, 11)]}, padri: [5], figli: [10, 19, 25, 27, 6], mosse: [(3, 3, 7, 10, 8)]
19 -> costo: 71958.59999999999, rotte: {2: [(1, 6), (6, 15), (15, 13), (13, 3), (3, 2), (2, 5), (5, 9), (9, 16)], 3: [(1, 8), (8, 12), (12, 4), (4, 7), (7, 14), (14, 10), (10, 13), (13, 11)]}, padri: [18, 45], figli: [9, 20, 21, 23, 24, 11, 28], mosse: [(3, 3, 7, 14, 12), (2, 2, 2, 5, 3)]
20 -> costo: 71263.79999999999, rotte: {2: [(1, 6), (6, 15), (15, 13), (13, 3), (3, 2), (2, 5), (5, 9), (9, 16)], 3: [(1, 8), (8, 12), (12, 7), (7, 14), (14, 10), (10, 4), (4, 13), (13, 11)]}, padri: [8, 10, 13, 19], figli: [9, 8, 24, 35], mosse: [(3, 3, 10, 4, 2)]
21 -> costo: 71277.0, rotte: {2: [(1, 6), (6, 15), (15, 13), (13, 3), (3, 2), (2, 5), (5, 9), (9, 16)], 3: [(1, 8), (8, 12), (12, 7), (7, 14), (14, 10), (10, 13), (13, 4), (4, 11)]}, padri: [19, 23, 27, 48], figli: [13, 22], mosse: [(3, 3, 13, 4, 2), (3, 3, 13, 4, 2), (3, 3, 7, 14, 12), (2, 2, 2, 5, 3)]
22 -> costo: 71263.79999999999, rotte: {2: [(1, 6), (6, 15), (15, 13), (13, 3), (3, 2), (2, 5), (5, 9), (9, 16)], 3: [(1, 8), (8, 12), (12, 7), (7, 14), (14, 10), (10, 4), (4, 13), (13, 11)]}, padri: [11, 14, 17, 21], figli: [9, 8, 24, 35], mosse: [(3, 3, 4, 13, 5)]
23 -> costo: 71361.59999999999, rotte: {2: [(1, 6), (6, 15), (15, 13), (13, 3), (3, 2), (2, 5), (5, 9), (9, 16)], 3: [(1, 8), (8, 12), (12, 7), (7, 4), (4, 14), (14, 10), (10, 13), (13, 11)]}, padri: [19, 49], figli: [9, 24, 21, 14, 28], mosse: [(3, 3, 7, 4, 2), (2, 2, 2, 5, 3)]
24 -> costo: 71263.79999999999, rotte: {2: [(1, 6), (6, 15), (15, 13), (13, 3), (3, 2), (2, 5), (5, 9), (9, 16)], 3: [(1, 8), (8, 12), (12, 7), (7, 14), (14, 10), (10, 4), (4, 13), (13, 11)]}, padri: [8, 10, 13, 19, 20, 22, 23], figli: [9, 8, 35], mosse: [(3, 3, 10, 4, 2)]
25 -> costo: 73111.59999999999, rotte: {2: [(1, 6), (6, 15), (15, 13), (13, 3), (3, 2), (2, 5), (5, 9), (9, 16)], 3: [(1, 8), (8, 12), (12, 14), (14, 7), (7, 10), (10, 4), (4, 13), (13, 11)]}, padri: [18], figli: [10, 7, 26, 30, 36, 52], mosse: [(3, 3, 10, 4, 2)]
26 -> costo: 71263.79999999999, rotte: {2: [(1, 6), (6, 15), (15, 13), (13, 3), (3, 2), (2, 5), (5, 9), (9, 16)], 3: [(1, 8), (8, 12), (12, 7), (7, 14), (14, 10), (10, 4), (4, 13), (13, 11)]}, padri: [6, 17, 25], figli: [9, 8, 35], mosse: [(3, 3, 7, 14, 12)]
27 -> costo: 73124.8, rotte: {2: [(1, 6), (6, 15), (15, 13), (13, 3), (3, 2), (2, 5), (5, 9), (9, 16)], 3: [(1, 8), (8, 12), (12, 14), (14, 7), (7, 10), (10, 13), (13, 4), (4, 11)]}, padri: [18], figli: [21, 28, 15, 17, 29, 42], mosse: [(3, 3, 13, 4, 2)]
28 -> costo: 73104.9, rotte: {2: [(1, 6), (6, 15), (15, 13), (13, 3), (3, 2), (2, 5), (5, 9), (9, 16)], 3: [(1, 8), (8, 12), (12, 7), (7, 10), (10, 13), (13, 4), (4, 14), (14, 11)]}, padri: [27], figli: [16], mosse: [(3, 3, 4, 14, 12)]
29 -> costo: 73111.59999999999, rotte: {2: [(1, 6), (6, 15), (15, 13), (13, 3), (3, 2), (2, 5), (5, 9), (9, 16)], 3: [(1, 8), (8, 12), (12, 14), (14, 7), (7, 10), (10, 4), (4, 13), (13, 11)]}, padri: [6, 27], figli: [10, 7, 30, 36, 52], mosse: [(3, 3, 4, 13, 5)]
30 -> costo: 71263.79999999999, rotte: {2: [(1, 6), (6, 15), (15, 13), (13, 3), (3, 2), (2, 5), (5, 9), (9, 16)], 3: [(1, 8), (8, 12), (12, 7), (7, 14), (14, 10), (10, 4), (4, 13), (13, 11)]}, padri: [6, 17, 25, 29], figli: [9, 8, 35], mosse: [(3, 3, 7, 14, 12)]
31 -> costo: 73490.89999999998, rotte: {2: [(1, 6), (6, 15), (15, 13), (13, 3), (3, 5), (5, 2), (2, 9), (9, 16)], 3: [(1, 8), (8, 12), (12, 14), (14, 10), (10, 4), (4, 7), (7, 13), (13, 11)]}, padri: [4], figli: [32, 44], mosse: [(2, 2, 3, 5, 3)]
32 -> costo: 73289.5, rotte: {2: [(1, 6), (6, 15), (15, 13), (13, 3), (3, 5), (5, 2), (2, 9), (9, 16)], 3: [(1, 8), (8, 12), (12, 14), (14, 4), (4, 7), (7, 13), (13, 10), (10, 11)]}, padri: [31], figli: [33, 37, 41, 43, 6], mosse: [(3, 3, 13, 10, 8)]
33 -> costo: 71265.0, rotte: {2: [(1, 6), (6, 15), (15, 13), (13, 3), (3, 5), (5, 2), (2, 9), (9, 16)], 3: [(1, 8), (8, 12), (12, 14), (14, 7), (7, 4), (4, 13), (13, 10), (10, 11)]}, padri: [32, 43, 50], figli: [34, 7, 36, 38, 45, 47, 52], mosse: [(3, 3, 7, 4, 2), (3, 3, 4, 13, 5), (3, 3, 13, 10, 8)]
34 -> costo: 71141.6, rotte: {2: [(1, 6), (6, 15), (15, 13), (13, 3), (3, 5), (5, 2), (2, 9), (9, 16)], 3: [(1, 8), (8, 12), (12, 7), (7, 14), (14, 4), (4, 13), (13, 10), (10, 11)]}, padri: [33, 37, 39, 40, 46], figli: [8, 35, 46], mosse: [(3, 3, 7, 14, 12), (3, 3, 14, 4, 2), (3, 3, 4, 13, 5), (3, 3, 14, 4, 2), (3, 3, 13, 10, 8)]
35 -> costo: 71126.6, rotte: {2: [(1, 6), (6, 15), (15, 13), (13, 3), (3, 5), (5, 2), (2, 9), (9, 16)], 3: [(1, 8), (8, 12), (12, 7), (7, 14), (14, 4), (4, 10), (10, 13), (13, 11)]}, padri: [34, 36, 39, 45, 46, 49], figli: [9], mosse: [(3, 3, 10, 13, 5), (3, 3, 7, 14, 12), (3, 3, 10, 13, 5), (3, 3, 14, 4, 2), (3, 3, 4, 10, 8), (3, 3, 14, 4, 2)]
36 -> costo: 71250.0, rotte: {2: [(1, 6), (6, 15), (15, 13), (13, 3), (3, 5), (5, 2), (2, 9), (9, 16)], 3: [(1, 8), (8, 12), (12, 14), (14, 7), (7, 4), (4, 10), (10, 13), (13, 11)]}, padri: [33, 43, 44, 50], figli: [35, 10, 46], mosse: [(3, 3, 10, 13, 5), (3, 3, 10, 13, 5), (3, 3, 7, 4, 2), (3, 3, 4, 10, 8)]
37 -> costo: 72036.79999999999, rotte: {2: [(1, 6), (6, 15), (15, 13), (13, 3), (3, 5), (5, 2), (2, 9), (9, 16)], 3: [(1, 8), (8, 12), (12, 4), (4, 7), (7, 14), (14, 13), (13, 10), (10, 11)]}, padri: [32, 45], figli: [34, 38, 39, 40, 11, 47], mosse: [(3, 3, 7, 14, 12), (3, 3, 13, 10, 8)]
38 -> costo: 71339.2, rotte: {2: [(1, 6), (6, 15), (15, 13), (13, 3), (3, 5), (5, 2), (2, 9), (9, 16)], 3: [(1, 8), (8, 12), (12, 7), (7, 14), (14, 13), (13, 10), (10, 4), (4, 11)]}, padri: [37, 39, 40, 41], figli: [12], mosse: [(3, 3, 10, 4, 2), (3, 3, 10, 4, 2), (3, 3, 10, 4, 2), (3, 3, 7, 14, 12)]
39 -> costo: 71343.0, rotte: {2: [(1, 6), (6, 15), (15, 13), (13, 3), (3, 5), (5, 2), (2, 9), (9, 16)], 3: [(1, 8), (8, 12), (12, 7), (7, 14), (14, 13), (13, 4), (4, 10), (10, 11)]}, padri: [37, 40, 43, 48], figli: [35, 34, 13, 38, 46, 47], mosse: [(3, 3, 13, 4, 2), (3, 3, 13, 4, 2), (3, 3, 7, 14, 12), (3, 3, 4, 10, 8)]
40 -> costo: 71439.79999999999, rotte: {2: [(1, 6), (6, 15), (15, 13), (13, 3), (3, 5), (5, 2), (2, 9), (9, 16)], 3: [(1, 8), (8, 12), (12, 7), (7, 4), (4, 14), (14, 13), (13, 10), (10, 11)]}, padri: [37, 49], figli: [34, 38, 39, 14, 47], mosse: [(3, 3, 7, 4, 2), (3, 3, 13, 10, 8)]
41 -> costo: 73187.0, rotte: {2: [(1, 6), (6, 15), (15, 13), (13, 3), (3, 5), (5, 2), (2, 9), (9, 16)], 3: [(1, 8), (8, 12), (12, 14), (14, 7), (7, 13), (13, 10), (10, 4), (4, 11)]}, padri: [32, 43], figli: [38, 15, 42], mosse: [(3, 3, 10, 4, 2), (3, 3, 10, 4, 2)]
42 -> costo: 73167.09999999999, rotte: {2: [(1, 6), (6, 15), (15, 13), (13, 3), (3, 5), (5, 2), (2, 9), (9, 16)], 3: [(1, 8), (8, 12), (12, 7), (7, 13), (13, 10), (10, 4), (4, 14), (14, 11)]}, padri: [41], figli: [16], mosse: [(3, 3, 4, 14, 12)]
43 -> costo: 73190.8, rotte: {2: [(1, 6), (6, 15), (15, 13), (13, 3), (3, 5), (5, 2), (2, 9), (9, 16)], 3: [(1, 8), (8, 12), (12, 14), (14, 7), (7, 13), (13, 4), (4, 10), (10, 11)]}, padri: [32], figli: [36, 33, 39, 17, 41, 45], mosse: [(3, 3, 13, 4, 2)]
44 -> costo: 73290.5, rotte: {2: [(1, 6), (6, 15), (15, 13), (13, 3), (3, 5), (5, 2), (2, 9), (9, 16)], 3: [(1, 8), (8, 12), (12, 14), (14, 4), (4, 7), (7, 10), (10, 13), (13, 11)]}, padri: [31], figli: [36, 45, 50], mosse: [(3, 3, 7, 10, 8)]
45 -> costo: 72037.8, rotte: {2: [(1, 6), (6, 15), (15, 13), (13, 3), (3, 5), (5, 2), (2, 9), (9, 16)], 3: [(1, 8), (8, 12), (12, 4), (4, 7), (7, 14), (14, 10), (10, 13), (13, 11)]}, padri: [44], figli: [35, 46, 48, 49, 19, 37, 51], mosse: [(3, 3, 7, 14, 12)]
46 -> costo: 71342.99999999999, rotte: {2: [(1, 6), (6, 15), (15, 13), (13, 3), (3, 5), (5, 2), (2, 9), (9, 16)], 3: [(1, 8), (8, 12), (12, 7), (7, 14), (14, 10), (10, 4), (4, 13), (13, 11)]}, padri: [45, 48, 49, 50], figli: [35, 34, 47], mosse: [(3, 3, 10, 4, 2), (3, 3, 4, 13, 5), (3, 3, 10, 4, 2), (3, 3, 7, 14, 12)]
47 -> costo: 71263.79999999999, rotte: {2: [(1, 6), (6, 15), (15, 13), (13, 3), (3, 2), (2, 5), (5, 9), (9, 16)], 3: [(1, 8), (8, 12), (12, 7), (7, 14), (14, 10), (10, 4), (4, 13), (13, 11)]}, padri: [33, 37, 39, 40, 46], figli: [9, 8], mosse: [(2, 2, 2, 5, 3)]
48 -> costo: 71356.20000000001, rotte: {2: [(1, 6), (6, 15), (15, 13), (13, 3), (3, 5), (5, 2), (2, 9), (9, 16)], 3: [(1, 8), (8, 12), (12, 7), (7, 14), (14, 10), (10, 13), (13, 4), (4, 11)]}, padri: [45, 49], figli: [21, 39, 46, 51], mosse: [(3, 3, 13, 4, 2), (3, 3, 13, 4, 2)]
49 -> costo: 71440.8, rotte: {2: [(1, 6), (6, 15), (15, 13), (13, 3), (3, 5), (5, 2), (2, 9), (9, 16)], 3: [(1, 8), (8, 12), (12, 7), (7, 4), (4, 14), (14, 10), (10, 13), (13, 11)]}, padri: [45], figli: [35, 46, 48, 23, 40, 51], mosse: [(3, 3, 7, 4, 2)]
50 -> costo: 73190.8, rotte: {2: [(1, 6), (6, 15), (15, 13), (13, 3), (3, 5), (5, 2), (2, 9), (9, 16)], 3: [(1, 8), (8, 12), (12, 14), (14, 7), (7, 10), (10, 4), (4, 13), (13, 11)]}, padri: [44], figli: [36, 33, 46, 51], mosse: [(3, 3, 10, 4, 2)]
51 -> costo: 73111.59999999999, rotte: {2: [(1, 6), (6, 15), (15, 13), (13, 3), (3, 2), (2, 5), (5, 9), (9, 16)], 3: [(1, 8), (8, 12), (12, 14), (14, 7), (7, 10), (10, 4), (4, 13), (13, 11)]}, padri: [45, 48, 49, 50], figli: [10, 7, 52], mosse: [(2, 2, 2, 5, 3)]
52 -> costo: 71263.79999999999, rotte: {2: [(1, 6), (6, 15), (15, 13), (13, 3), (3, 2), (2, 5), (5, 9), (9, 16)], 3: [(1, 8), (8, 12), (12, 7), (7, 14), (14, 10), (10, 4), (4, 13), (13, 11)]}, padri: [6, 17, 25, 29, 33, 51], figli: [9, 8], mosse: [(3, 3, 7, 14, 12)]
bestSolutionIndice: 9
9 -> costo: 71047.4, rotte: {2: [(1, 6), (6, 15), (15, 13), (13, 3), (3, 2), (2, 5), (5, 9), (9, 16)], 3: [(1, 8), (8, 12), (12, 7), (7, 14), (14, 4), (4, 10), (10, 13), (13, 11)]}, padri: [8, 10, 13, 19, 20, 22, 23, 24, 26, 30, 35, 47, 52], figli: [], mosse: [(3, 3, 10, 13, 5), (3, 3, 7, 14, 12), (3, 3, 10, 13, 5), (3, 3, 14, 4, 2), (3, 3, 4, 10, 8), (3, 3, 4, 10, 8), (3, 3, 14, 4, 2), (3, 3, 4, 10, 8), (3, 3, 4, 10, 8), (3, 3, 4, 10, 8), (2, 2, 2, 5, 3), (3, 3, 4, 10, 8), (3, 3, 4, 10, 8)]
trasportoPalletDiGamma: {2: [(6, 4), (15, 13), (13, 6), (3, 1), (2, 12), (5, 3), (9, 7), (16, 14)], 3: [(8, 6), (12, 10), (7, 5), (14, 12), (4, 2), (10, 8), (13, 5), (11, 9)]}
itMosseLS: 139, itMosseTS: 129
time elapsed: 1464.76s.


##########################################################################################
