itNSIMax: 5, itMosseTSMax: 75.
##########################################################################################
s: 1
dictSolutions[1]:
0 -> costo: 112865.4, rotte: {3: [(1, 7), (7, 6), (6, 2), (2, 12), (12, 11), (11, 5), (5, 15), (15, 14)], 2: [(1, 8), (8, 10), (10, 4), (4, 3), (3, 13), (13, 9), (9, 16), (16, 14)]}, padri: [-1], figli: [1], mosse: [-1]
1 -> costo: 85308.2, rotte: {3: [(1, 7), (7, 6), (6, 2), (2, 12), (12, 5), (5, 15), (15, 14), (14, 11)], 2: [(1, 8), (8, 10), (10, 4), (4, 3), (3, 13), (13, 9), (9, 16), (16, 14)]}, padri: [0], figli: [2], mosse: [(3, 3, 14, 11, 9)]
2 -> costo: 79997.29999999999, rotte: {3: [(1, 7), (7, 6), (6, 2), (2, 12), (12, 5), (5, 15), (15, 14), (14, 11)], 2: [(1, 8), (8, 14), (14, 10), (10, 4), (4, 3), (3, 13), (13, 9), (9, 16)]}, padri: [1], figli: [3], mosse: [(2, 2, 8, 14, 8)]
3 -> costo: 74736.49999999999, rotte: {3: [(1, 7), (7, 6), (6, 2), (2, 5), (5, 12), (12, 15), (15, 14), (14, 11)], 2: [(1, 8), (8, 14), (14, 10), (10, 4), (4, 3), (3, 13), (13, 9), (9, 16)]}, padri: [2], figli: [4], mosse: [(3, 3, 5, 12, 10)]
4 -> costo: 72715.99999999999, rotte: {3: [(1, 7), (7, 6), (6, 2), (2, 5), (5, 12), (12, 15), (15, 14), (14, 11)], 2: [(1, 14), (14, 10), (10, 4), (4, 3), (3, 13), (13, 8), (8, 9), (9, 16)]}, padri: [3], figli: [5], mosse: [(2, 2, 13, 8, 6)]
5 -> costo: 70435.70000000001, rotte: {3: [(1, 7), (7, 6), (6, 2), (2, 5), (5, 12), (12, 15), (15, 14), (14, 11)], 2: [(1, 10), (10, 4), (4, 3), (3, 13), (13, 14), (14, 8), (8, 9), (9, 16)]}, padri: [4], figli: [6], mosse: [(2, 2, 13, 14, 8)]
6 -> costo: 67452.0, rotte: {3: [(1, 7), (7, 6), (6, 2), (2, 5), (5, 12), (12, 15), (15, 14), (14, 11)], 2: [(1, 4), (4, 3), (3, 10), (10, 13), (13, 14), (14, 8), (8, 9), (9, 16)]}, padri: [5], figli: [7, 17], mosse: [(2, 2, 3, 10, 8)]
7 -> costo: 66855.0, rotte: {3: [(1, 6), (6, 2), (2, 5), (5, 7), (7, 12), (12, 15), (15, 14), (14, 11)], 2: [(1, 4), (4, 3), (3, 10), (10, 13), (13, 14), (14, 8), (8, 9), (9, 16)]}, padri: [6], figli: [8, 9, 10, 11, 12, 13, 14, 15, 18, 22], mosse: [(3, 3, 5, 7, 5)]
8 -> costo: 64133.1, rotte: {3: [(1, 2), (2, 5), (5, 6), (6, 7), (7, 12), (12, 15), (15, 14), (14, 11)], 2: [(1, 4), (4, 3), (3, 10), (10, 13), (13, 14), (14, 8), (8, 9), (9, 16)]}, padri: [7, 10, 17, 21, 22], figli: [], mosse: [(3, 3, 5, 6, 4), (3, 3, 6, 7, 5), (3, 3, 6, 7, 5), (3, 3, 7, 12, 10), (3, 3, 12, 15, 13)]
9 -> costo: 64519.1, rotte: {3: [(1, 2), (2, 5), (5, 7), (7, 12), (12, 15), (15, 14), (14, 6), (6, 11)], 2: [(1, 4), (4, 3), (3, 10), (10, 13), (13, 14), (14, 8), (8, 9), (9, 16)]}, padri: [7, 10, 11, 12], figli: [], mosse: [(3, 3, 14, 6, 4), (3, 3, 14, 6, 4), (3, 3, 14, 6, 4), (3, 3, 14, 6, 4)]
10 -> costo: 64565.2, rotte: {3: [(1, 2), (2, 5), (5, 7), (7, 6), (6, 12), (12, 15), (15, 14), (14, 11)], 2: [(1, 4), (4, 3), (3, 10), (10, 13), (13, 14), (14, 8), (8, 9), (9, 16)]}, padri: [7, 12, 13, 17, 23], figli: [8, 9, 22], mosse: [(3, 3, 7, 6, 4), (3, 3, 6, 12, 10), (3, 3, 12, 15, 13), (3, 3, 5, 7, 5), (3, 3, 6, 12, 10)]
11 -> costo: 64623.799999999996, rotte: {3: [(1, 2), (2, 5), (5, 7), (7, 12), (12, 15), (15, 6), (6, 14), (14, 11)], 2: [(1, 4), (4, 3), (3, 10), (10, 13), (13, 14), (14, 8), (8, 9), (9, 16)]}, padri: [7, 12, 14], figli: [9], mosse: [(3, 3, 15, 6, 4), (3, 3, 15, 6, 4), (3, 3, 12, 15, 13)]
12 -> costo: 65803.79999999999, rotte: {3: [(1, 2), (2, 5), (5, 7), (7, 12), (12, 6), (6, 15), (15, 14), (14, 11)], 2: [(1, 4), (4, 3), (3, 10), (10, 13), (13, 14), (14, 8), (8, 9), (9, 16)]}, padri: [7, 23], figli: [9, 10, 11, 13, 14, 15, 18], mosse: [(3, 3, 12, 6, 4), (3, 3, 7, 12, 10)]
13 -> costo: 65375.99999999999, rotte: {3: [(1, 2), (2, 5), (5, 7), (7, 6), (6, 15), (15, 12), (12, 14), (14, 11)], 2: [(1, 4), (4, 3), (3, 10), (10, 13), (13, 14), (14, 8), (8, 9), (9, 16)]}, padri: [12, 22, 23], figli: [10, 14, 16, 18, 19], mosse: [(3, 3, 15, 12, 10), (3, 3, 7, 6, 4), (3, 3, 15, 12, 10)]
14 -> costo: 65202.0, rotte: {3: [(1, 2), (2, 5), (5, 7), (7, 15), (15, 12), (12, 6), (6, 14), (14, 11)], 2: [(1, 4), (4, 3), (3, 10), (10, 13), (13, 14), (14, 8), (8, 9), (9, 16)]}, padri: [13, 22], figli: [11, 15], mosse: [(3, 3, 12, 6, 4), (3, 3, 12, 6, 4)]
15 -> costo: 65088.9, rotte: {3: [(1, 2), (2, 5), (5, 15), (15, 12), (12, 7), (7, 6), (6, 14), (14, 11)], 2: [(1, 4), (4, 3), (3, 10), (10, 13), (13, 14), (14, 8), (8, 9), (9, 16)]}, padri: [14, 16, 19], figli: [], mosse: [(3, 3, 12, 7, 5), (3, 3, 7, 6, 4), (3, 3, 15, 12, 10)]
16 -> costo: 65250.7, rotte: {3: [(1, 2), (2, 5), (5, 6), (6, 15), (15, 12), (12, 7), (7, 14), (14, 11)], 2: [(1, 4), (4, 3), (3, 10), (10, 13), (13, 14), (14, 8), (8, 9), (9, 16)]}, padri: [13, 18, 22], figli: [15], mosse: [(3, 3, 12, 7, 5), (3, 3, 15, 12, 10), (3, 3, 12, 7, 5)]
17 -> costo: 67285.2, rotte: {3: [(1, 7), (7, 2), (2, 5), (5, 6), (6, 12), (12, 15), (15, 14), (14, 11)], 2: [(1, 4), (4, 3), (3, 10), (10, 13), (13, 14), (14, 8), (8, 9), (9, 16)]}, padri: [6], figli: [8, 10, 18, 21, 22, 23, 24, 27], mosse: [(3, 3, 5, 6, 4)]
18 -> costo: 65868.9, rotte: {3: [(1, 2), (2, 5), (5, 6), (6, 12), (12, 15), (15, 7), (7, 14), (14, 11)], 2: [(1, 4), (4, 3), (3, 10), (10, 13), (13, 14), (14, 8), (8, 9), (9, 16)]}, padri: [17, 21, 24], figli: [16, 19, 20], mosse: [(3, 3, 15, 7, 5), (3, 3, 15, 7, 5), (3, 3, 7, 14, 4)]
19 -> costo: 65408.299999999996, rotte: {3: [(1, 2), (2, 5), (5, 12), (12, 15), (15, 7), (7, 6), (6, 14), (14, 11)], 2: [(1, 4), (4, 3), (3, 10), (10, 13), (13, 14), (14, 8), (8, 9), (9, 16)]}, padri: [18, 20, 25], figli: [15], mosse: [(3, 3, 7, 6, 4), (3, 3, 7, 6, 4), (3, 3, 6, 14, 4)]
20 -> costo: 65846.29999999999, rotte: {3: [(1, 2), (2, 5), (5, 12), (12, 15), (15, 6), (6, 7), (7, 14), (14, 11)], 2: [(1, 4), (4, 3), (3, 10), (10, 13), (13, 14), (14, 8), (8, 9), (9, 16)]}, padri: [18], figli: [19], mosse: [(3, 3, 15, 6, 4)]
21 -> costo: 66036.29999999999, rotte: {3: [(1, 2), (2, 5), (5, 6), (6, 12), (12, 7), (7, 15), (15, 14), (14, 11)], 2: [(1, 4), (4, 3), (3, 10), (10, 13), (13, 14), (14, 8), (8, 9), (9, 16)]}, padri: [17], figli: [8, 22, 18, 23], mosse: [(3, 3, 12, 7, 5)]
22 -> costo: 65564.59999999999, rotte: {3: [(1, 2), (2, 5), (5, 6), (6, 7), (7, 15), (15, 12), (12, 14), (14, 11)], 2: [(1, 4), (4, 3), (3, 10), (10, 13), (13, 14), (14, 8), (8, 9), (9, 16)]}, padri: [21], figli: [8, 14, 16, 13], mosse: [(3, 3, 15, 12, 10)]
23 -> costo: 66012.59999999999, rotte: {3: [(1, 2), (2, 5), (5, 12), (12, 7), (7, 6), (6, 15), (15, 14), (14, 11)], 2: [(1, 4), (4, 3), (3, 10), (10, 13), (13, 14), (14, 8), (8, 9), (9, 16)]}, padri: [21], figli: [10, 13, 12], mosse: [(3, 3, 7, 6, 4)]
24 -> costo: 66287.7, rotte: {3: [(1, 2), (2, 5), (5, 6), (6, 12), (12, 15), (15, 14), (14, 7), (7, 11)], 2: [(1, 4), (4, 3), (3, 10), (10, 13), (13, 14), (14, 8), (8, 9), (9, 16)]}, padri: [17], figli: [25, 26, 18], mosse: [(3, 3, 14, 7, 5)]
25 -> costo: 65741.59999999999, rotte: {3: [(1, 2), (2, 5), (5, 12), (12, 15), (15, 14), (14, 7), (7, 6), (6, 11)], 2: [(1, 4), (4, 3), (3, 10), (10, 13), (13, 14), (14, 8), (8, 9), (9, 16)]}, padri: [24, 26], figli: [19], mosse: [(3, 3, 7, 6, 4), (3, 3, 7, 6, 4)]
26 -> costo: 65827.09999999999, rotte: {3: [(1, 2), (2, 5), (5, 12), (12, 15), (15, 14), (14, 6), (6, 7), (7, 11)], 2: [(1, 4), (4, 3), (3, 10), (10, 13), (13, 14), (14, 8), (8, 9), (9, 16)]}, padri: [24], figli: [25], mosse: [(3, 3, 14, 6, 4)]
27 -> costo: 67277.29999999999, rotte: {3: [(1, 7), (7, 5), (5, 2), (2, 6), (6, 12), (12, 15), (15, 14), (14, 11)], 2: [(1, 4), (4, 3), (3, 10), (10, 13), (13, 14), (14, 8), (8, 9), (9, 16)]}, padri: [17], figli: [28, 29, 32, 40], mosse: [(3, 3, 5, 2, 12)]
28 -> costo: 64133.1, rotte: {3: [(1, 5), (5, 2), (2, 6), (6, 7), (7, 12), (12, 15), (15, 14), (14, 11)], 2: [(1, 4), (4, 3), (3, 10), (10, 13), (13, 14), (14, 8), (8, 9), (9, 16)]}, padri: [27], figli: [], mosse: [(3, 3, 6, 7, 5)]
29 -> costo: 64565.2, rotte: {3: [(1, 5), (5, 2), (2, 7), (7, 6), (6, 12), (12, 15), (15, 14), (14, 11)], 2: [(1, 4), (4, 3), (3, 10), (10, 13), (13, 14), (14, 8), (8, 9), (9, 16)]}, padri: [27], figli: [30, 31], mosse: [(3, 3, 2, 7, 5)]
30 -> costo: 64133.1, rotte: {3: [(1, 5), (5, 2), (2, 6), (6, 7), (7, 12), (12, 15), (15, 14), (14, 11)], 2: [(1, 4), (4, 3), (3, 10), (10, 13), (13, 14), (14, 8), (8, 9), (9, 16)]}, padri: [29], figli: [], mosse: [(3, 3, 6, 7, 5)]
31 -> costo: 64519.1, rotte: {3: [(1, 5), (5, 2), (2, 7), (7, 12), (12, 15), (15, 14), (14, 6), (6, 11)], 2: [(1, 4), (4, 3), (3, 10), (10, 13), (13, 14), (14, 8), (8, 9), (9, 16)]}, padri: [29], figli: [], mosse: [(3, 3, 14, 6, 4)]
32 -> costo: 65868.9, rotte: {3: [(1, 5), (5, 2), (2, 6), (6, 12), (12, 15), (15, 7), (7, 14), (14, 11)], 2: [(1, 4), (4, 3), (3, 10), (10, 13), (13, 14), (14, 8), (8, 9), (9, 16)]}, padri: [27], figli: [33, 35, 37], mosse: [(3, 3, 15, 7, 5)]
33 -> costo: 65250.7, rotte: {3: [(1, 5), (5, 2), (2, 6), (6, 15), (15, 12), (12, 7), (7, 14), (14, 11)], 2: [(1, 4), (4, 3), (3, 10), (10, 13), (13, 14), (14, 8), (8, 9), (9, 16)]}, padri: [32], figli: [34], mosse: [(3, 3, 15, 12, 10)]
34 -> costo: 65088.9, rotte: {3: [(1, 5), (5, 2), (2, 15), (15, 12), (12, 7), (7, 6), (6, 14), (14, 11)], 2: [(1, 4), (4, 3), (3, 10), (10, 13), (13, 14), (14, 8), (8, 9), (9, 16)]}, padri: [33], figli: [], mosse: [(3, 3, 7, 6, 4)]
35 -> costo: 65408.299999999996, rotte: {3: [(1, 5), (5, 2), (2, 12), (12, 15), (15, 7), (7, 6), (6, 14), (14, 11)], 2: [(1, 4), (4, 3), (3, 10), (10, 13), (13, 14), (14, 8), (8, 9), (9, 16)]}, padri: [32], figli: [36], mosse: [(3, 3, 7, 6, 4)]
36 -> costo: 65088.9, rotte: {3: [(1, 5), (5, 2), (2, 15), (15, 12), (12, 7), (7, 6), (6, 14), (14, 11)], 2: [(1, 4), (4, 3), (3, 10), (10, 13), (13, 14), (14, 8), (8, 9), (9, 16)]}, padri: [35], figli: [], mosse: [(3, 3, 15, 12, 10)]
37 -> costo: 65846.29999999999, rotte: {3: [(1, 5), (5, 2), (2, 12), (12, 15), (15, 6), (6, 7), (7, 14), (14, 11)], 2: [(1, 4), (4, 3), (3, 10), (10, 13), (13, 14), (14, 8), (8, 9), (9, 16)]}, padri: [32], figli: [38], mosse: [(3, 3, 15, 6, 4)]
38 -> costo: 65408.299999999996, rotte: {3: [(1, 5), (5, 2), (2, 12), (12, 15), (15, 7), (7, 6), (6, 14), (14, 11)], 2: [(1, 4), (4, 3), (3, 10), (10, 13), (13, 14), (14, 8), (8, 9), (9, 16)]}, padri: [37], figli: [39], mosse: [(3, 3, 7, 6, 4)]
39 -> costo: 65088.9, rotte: {3: [(1, 5), (5, 2), (2, 15), (15, 12), (12, 7), (7, 6), (6, 14), (14, 11)], 2: [(1, 4), (4, 3), (3, 10), (10, 13), (13, 14), (14, 8), (8, 9), (9, 16)]}, padri: [38], figli: [], mosse: [(3, 3, 15, 12, 10)]
40 -> costo: 66036.29999999999, rotte: {3: [(1, 5), (5, 2), (2, 6), (6, 12), (12, 7), (7, 15), (15, 14), (14, 11)], 2: [(1, 4), (4, 3), (3, 10), (10, 13), (13, 14), (14, 8), (8, 9), (9, 16)]}, padri: [27], figli: [41, 42], mosse: [(3, 3, 12, 7, 5)]
41 -> costo: 64133.1, rotte: {3: [(1, 5), (5, 2), (2, 6), (6, 7), (7, 12), (12, 15), (15, 14), (14, 11)], 2: [(1, 4), (4, 3), (3, 10), (10, 13), (13, 14), (14, 8), (8, 9), (9, 16)]}, padri: [40], figli: [], mosse: [(3, 3, 7, 12, 10)]
42 -> costo: 65564.59999999999, rotte: {3: [(1, 5), (5, 2), (2, 6), (6, 7), (7, 15), (15, 12), (12, 14), (14, 11)], 2: [(1, 4), (4, 3), (3, 10), (10, 13), (13, 14), (14, 8), (8, 9), (9, 16)]}, padri: [40], figli: [43, 44, 48, 50], mosse: [(3, 3, 15, 12, 10)]
43 -> costo: 64133.1, rotte: {3: [(1, 5), (5, 2), (2, 6), (6, 7), (7, 12), (12, 15), (15, 14), (14, 11)], 2: [(1, 4), (4, 3), (3, 10), (10, 13), (13, 14), (14, 8), (8, 9), (9, 16)]}, padri: [42], figli: [], mosse: [(3, 3, 12, 15, 13)]
44 -> costo: 65202.0, rotte: {3: [(1, 5), (5, 2), (2, 7), (7, 15), (15, 12), (12, 6), (6, 14), (14, 11)], 2: [(1, 4), (4, 3), (3, 10), (10, 13), (13, 14), (14, 8), (8, 9), (9, 16)]}, padri: [42], figli: [45, 47], mosse: [(3, 3, 12, 6, 4)]
45 -> costo: 64623.799999999996, rotte: {3: [(1, 5), (5, 2), (2, 7), (7, 12), (12, 15), (15, 6), (6, 14), (14, 11)], 2: [(1, 4), (4, 3), (3, 10), (10, 13), (13, 14), (14, 8), (8, 9), (9, 16)]}, padri: [44], figli: [46], mosse: [(3, 3, 12, 15, 13)]
46 -> costo: 64519.1, rotte: {3: [(1, 5), (5, 2), (2, 7), (7, 12), (12, 15), (15, 14), (14, 6), (6, 11)], 2: [(1, 4), (4, 3), (3, 10), (10, 13), (13, 14), (14, 8), (8, 9), (9, 16)]}, padri: [45], figli: [], mosse: [(3, 3, 14, 6, 4)]
47 -> costo: 65088.9, rotte: {3: [(1, 5), (5, 2), (2, 15), (15, 12), (12, 7), (7, 6), (6, 14), (14, 11)], 2: [(1, 4), (4, 3), (3, 10), (10, 13), (13, 14), (14, 8), (8, 9), (9, 16)]}, padri: [44], figli: [], mosse: [(3, 3, 12, 7, 5)]
48 -> costo: 65250.7, rotte: {3: [(1, 5), (5, 2), (2, 6), (6, 15), (15, 12), (12, 7), (7, 14), (14, 11)], 2: [(1, 4), (4, 3), (3, 10), (10, 13), (13, 14), (14, 8), (8, 9), (9, 16)]}, padri: [42], figli: [49], mosse: [(3, 3, 12, 7, 5)]
49 -> costo: 65088.9, rotte: {3: [(1, 5), (5, 2), (2, 15), (15, 12), (12, 7), (7, 6), (6, 14), (14, 11)], 2: [(1, 4), (4, 3), (3, 10), (10, 13), (13, 14), (14, 8), (8, 9), (9, 16)]}, padri: [48], figli: [], mosse: [(3, 3, 7, 6, 4)]
50 -> costo: 65375.99999999999, rotte: {3: [(1, 5), (5, 2), (2, 7), (7, 6), (6, 15), (15, 12), (12, 14), (14, 11)], 2: [(1, 4), (4, 3), (3, 10), (10, 13), (13, 14), (14, 8), (8, 9), (9, 16)]}, padri: [42], figli: [51, 54, 58], mosse: [(3, 3, 7, 6, 4)]
51 -> costo: 64565.2, rotte: {3: [(1, 5), (5, 2), (2, 7), (7, 6), (6, 12), (12, 15), (15, 14), (14, 11)], 2: [(1, 4), (4, 3), (3, 10), (10, 13), (13, 14), (14, 8), (8, 9), (9, 16)]}, padri: [50], figli: [52, 53], mosse: [(3, 3, 12, 15, 13)]
52 -> costo: 64133.1, rotte: {3: [(1, 5), (5, 2), (2, 6), (6, 7), (7, 12), (12, 15), (15, 14), (14, 11)], 2: [(1, 4), (4, 3), (3, 10), (10, 13), (13, 14), (14, 8), (8, 9), (9, 16)]}, padri: [51], figli: [], mosse: [(3, 3, 6, 7, 5)]
53 -> costo: 64519.1, rotte: {3: [(1, 5), (5, 2), (2, 7), (7, 12), (12, 15), (15, 14), (14, 6), (6, 11)], 2: [(1, 4), (4, 3), (3, 10), (10, 13), (13, 14), (14, 8), (8, 9), (9, 16)]}, padri: [51], figli: [], mosse: [(3, 3, 14, 6, 4)]
54 -> costo: 65202.0, rotte: {3: [(1, 5), (5, 2), (2, 7), (7, 15), (15, 12), (12, 6), (6, 14), (14, 11)], 2: [(1, 4), (4, 3), (3, 10), (10, 13), (13, 14), (14, 8), (8, 9), (9, 16)]}, padri: [50], figli: [55, 57], mosse: [(3, 3, 12, 6, 4)]
55 -> costo: 64623.799999999996, rotte: {3: [(1, 5), (5, 2), (2, 7), (7, 12), (12, 15), (15, 6), (6, 14), (14, 11)], 2: [(1, 4), (4, 3), (3, 10), (10, 13), (13, 14), (14, 8), (8, 9), (9, 16)]}, padri: [54], figli: [56], mosse: [(3, 3, 12, 15, 13)]
56 -> costo: 64519.1, rotte: {3: [(1, 5), (5, 2), (2, 7), (7, 12), (12, 15), (15, 14), (14, 6), (6, 11)], 2: [(1, 4), (4, 3), (3, 10), (10, 13), (13, 14), (14, 8), (8, 9), (9, 16)]}, padri: [55], figli: [], mosse: [(3, 3, 14, 6, 4)]
57 -> costo: 65088.9, rotte: {3: [(1, 5), (5, 2), (2, 15), (15, 12), (12, 7), (7, 6), (6, 14), (14, 11)], 2: [(1, 4), (4, 3), (3, 10), (10, 13), (13, 14), (14, 8), (8, 9), (9, 16)]}, padri: [54], figli: [], mosse: [(3, 3, 12, 7, 5)]
58 -> costo: 65250.7, rotte: {3: [(1, 5), (5, 2), (2, 6), (6, 15), (15, 12), (12, 7), (7, 14), (14, 11)], 2: [(1, 4), (4, 3), (3, 10), (10, 13), (13, 14), (14, 8), (8, 9), (9, 16)]}, padri: [50], figli: [59], mosse: [(3, 3, 12, 7, 5)]
59 -> costo: 65088.9, rotte: {3: [(1, 5), (5, 2), (2, 15), (15, 12), (12, 7), (7, 6), (6, 14), (14, 11)], 2: [(1, 4), (4, 3), (3, 10), (10, 13), (13, 14), (14, 8), (8, 9), (9, 16)]}, padri: [58], figli: [], mosse: [(3, 3, 7, 6, 4)]
bestSolutionIndice: 8
8 -> costo: 64133.1, rotte: {3: [(1, 2), (2, 5), (5, 6), (6, 7), (7, 12), (12, 15), (15, 14), (14, 11)], 2: [(1, 4), (4, 3), (3, 10), (10, 13), (13, 14), (14, 8), (8, 9), (9, 16)]}, padri: [7, 10, 17, 21, 22], figli: [], mosse: [(3, 3, 5, 6, 4), (3, 3, 6, 7, 5), (3, 3, 6, 7, 5), (3, 3, 7, 12, 10), (3, 3, 12, 15, 13)]
trasportoPalletDiGamma: {3: [(2, 12), (5, 3), (6, 4), (7, 5), (12, 10), (15, 13), (14, 4), (11, 9)], 2: [(4, 2), (3, 1), (10, 8), (13, 11), (14, 8), (8, 6), (9, 7), (16, 14)]}
itMosseLS: 85, itMosseTS: 75
time elapsed: 626.46s.


##########################################################################################
s: 1
dictSolutions[1]:
0 -> costo: 110330.20000000001, rotte: {2: [(1, 15), (15, 14), (14, 3), (3, 13), (13, 8), (8, 12), (12, 16)], 3: [(1, 10), (10, 9), (9, 5), (5, 6), (6, 7), (7, 2), (2, 11), (11, 4), (4, 16)]}, padri: [-1], figli: [1], mosse: [-1]
1 -> costo: 107193.0, rotte: {2: [(1, 15), (15, 14), (14, 3), (3, 13), (13, 8), (8, 12), (12, 16)], 3: [(1, 10), (10, 5), (5, 6), (6, 7), (7, 2), (2, 11), (11, 4), (4, 9), (9, 16)]}, padri: [0], figli: [2], mosse: [(3, 3, 4, 9, 7)]
2 -> costo: 104614.7, rotte: {2: [(1, 15), (15, 14), (14, 3), (3, 13), (13, 8), (8, 12), (12, 16)], 3: [(1, 5), (5, 6), (6, 7), (7, 2), (2, 11), (11, 10), (10, 4), (4, 9), (9, 16)]}, padri: [1], figli: [3], mosse: [(3, 3, 11, 10, 8)]
3 -> costo: 102818.5, rotte: {2: [(1, 15), (15, 14), (14, 3), (3, 13), (13, 8), (8, 12), (12, 16)], 3: [(1, 5), (5, 6), (6, 7), (7, 11), (11, 10), (10, 4), (4, 2), (2, 9), (9, 16)]}, padri: [2], figli: [4], mosse: [(3, 3, 4, 2, 12)]
4 -> costo: 101051.5, rotte: {2: [(1, 14), (14, 3), (3, 13), (13, 8), (8, 12), (12, 15), (15, 16)], 3: [(1, 5), (5, 6), (6, 7), (7, 11), (11, 10), (10, 4), (4, 2), (2, 9), (9, 16)]}, padri: [3], figli: [5], mosse: [(2, 2, 12, 15, 13)]
5 -> costo: 97434.90000000001, rotte: {2: [(1, 3), (3, 13), (13, 14), (14, 8), (8, 12), (12, 15), (15, 16)], 3: [(1, 5), (5, 6), (6, 7), (7, 11), (11, 10), (10, 4), (4, 2), (2, 9), (9, 16)]}, padri: [4], figli: [6], mosse: [(2, 2, 13, 14, 12)]
6 -> costo: 96177.7, rotte: {2: [(1, 3), (3, 13), (13, 14), (14, 8), (8, 12), (12, 15), (15, 16)], 3: [(1, 5), (5, 6), (6, 11), (11, 10), (10, 4), (4, 2), (2, 7), (7, 9), (9, 16)]}, padri: [5], figli: [7], mosse: [(3, 3, 2, 7, 5)]
7 -> costo: 76093.70000000001, rotte: {2: [(1, 3), (3, 13), (13, 14), (14, 8), (8, 12), (12, 15), (15, 16)], 3: [(1, 5), (5, 6), (6, 10), (10, 4), (4, 2), (2, 7), (7, 9), (9, 16), (16, 11)]}, padri: [6], figli: [8], mosse: [(3, 3, 16, 11, 9)]
8 -> costo: 74753.7, rotte: {2: [(1, 3), (3, 13), (13, 14), (14, 8), (8, 12), (12, 15), (15, 16)], 3: [(1, 5), (5, 10), (10, 4), (4, 2), (2, 7), (7, 9), (9, 16), (16, 6), (6, 11)]}, padri: [7], figli: [9], mosse: [(3, 3, 16, 6, 4)]
9 -> costo: 71464.5, rotte: {2: [(1, 3), (3, 13), (13, 14), (14, 8), (8, 12), (12, 15), (15, 16)], 3: [(1, 5), (5, 4), (4, 2), (2, 7), (7, 9), (9, 16), (16, 6), (6, 10), (10, 11)]}, padri: [8], figli: [10, 18, 27, 47, 48], mosse: [(3, 3, 6, 10, 8)]
10 -> costo: 70350.2, rotte: {2: [(1, 3), (3, 13), (13, 14), (14, 8), (8, 12), (12, 15), (15, 16)], 3: [(1, 4), (4, 2), (2, 5), (5, 7), (7, 9), (9, 16), (16, 6), (6, 10), (10, 11)]}, padri: [9], figli: [11, 13, 17, 29], mosse: [(3, 3, 2, 5, 3)]
11 -> costo: 69737.09999999999, rotte: {2: [(1, 13), (13, 14), (14, 8), (8, 12), (12, 15), (15, 16)], 3: [(1, 4), (4, 2), (2, 5), (5, 3), (3, 7), (7, 9), (9, 16), (16, 6), (6, 10), (10, 11)]}, padri: [10, 27, 28, 33], figli: [12], mosse: [(3, 2, 5, 3, 1), (3, 3, 2, 5, 3), (3, 3, 5, 3, 1), (3, 3, 5, 3, 1)]
12 -> costo: 69733.7, rotte: {2: [(1, 13), (13, 14), (14, 8), (8, 12), (12, 15), (15, 16)], 3: [(1, 4), (4, 2), (2, 5), (5, 3), (3, 7), (7, 16), (16, 9), (9, 6), (6, 10), (10, 11)]}, padri: [11, 17, 34, 42, 46], figli: [], mosse: [(3, 3, 16, 9, 7), (3, 2, 5, 3, 1), (3, 3, 5, 3, 1), (3, 3, 5, 3, 1), (3, 3, 2, 5, 3)]
13 -> costo: 70268.8, rotte: {2: [(1, 3), (3, 13), (13, 14), (14, 8), (8, 12), (12, 15), (15, 16)], 3: [(1, 4), (4, 2), (2, 5), (5, 9), (9, 16), (16, 7), (7, 6), (6, 10), (10, 11)]}, padri: [10, 24], figli: [14, 16, 30], mosse: [(3, 3, 16, 7, 5), (3, 3, 2, 5, 3)]
14 -> costo: 69785.7, rotte: {2: [(1, 13), (13, 14), (14, 8), (8, 12), (12, 15), (15, 16)], 3: [(1, 4), (4, 2), (2, 5), (5, 3), (3, 9), (9, 16), (16, 7), (7, 6), (6, 10), (10, 11)]}, padri: [13, 29, 32], figli: [15, 31], mosse: [(3, 2, 5, 3, 1), (3, 3, 5, 3, 1), (3, 3, 5, 3, 1)]
15 -> costo: 69782.3, rotte: {2: [(1, 13), (13, 14), (14, 8), (8, 12), (12, 15), (15, 16)], 3: [(1, 4), (4, 2), (2, 5), (5, 3), (3, 16), (16, 9), (9, 7), (7, 6), (6, 10), (10, 11)]}, padri: [14, 16, 30, 31, 52], figli: [], mosse: [(3, 3, 16, 9, 7), (3, 2, 5, 3, 1), (3, 3, 5, 3, 1), (3, 3, 5, 3, 1), (3, 3, 5, 3, 1)]
16 -> costo: 69860.7, rotte: {2: [(1, 3), (3, 13), (13, 14), (14, 8), (8, 12), (12, 15), (15, 16)], 3: [(1, 4), (4, 2), (2, 5), (5, 16), (16, 9), (9, 7), (7, 6), (6, 10), (10, 11)]}, padri: [13, 17, 22, 52], figli: [15, 31], mosse: [(3, 3, 16, 9, 7), (3, 3, 9, 7, 5), (3, 3, 2, 5, 3), (2, 3, 1, 3, 1)]
17 -> costo: 70346.8, rotte: {2: [(1, 3), (3, 13), (13, 14), (14, 8), (8, 12), (12, 15), (15, 16)], 3: [(1, 4), (4, 2), (2, 5), (5, 7), (7, 16), (16, 9), (9, 6), (6, 10), (10, 11)]}, padri: [10], figli: [12, 16], mosse: [(3, 3, 16, 9, 7)]
18 -> costo: 70350.2, rotte: {2: [(1, 3), (3, 13), (13, 14), (14, 8), (8, 12), (12, 15), (15, 16)], 3: [(1, 4), (4, 5), (5, 2), (2, 7), (7, 9), (9, 16), (16, 6), (6, 10), (10, 11)]}, padri: [9], figli: [19, 21, 24, 28, 36, 39], mosse: [(3, 3, 4, 5, 3)]
19 -> costo: 69737.1, rotte: {2: [(1, 13), (13, 14), (14, 8), (8, 12), (12, 15), (15, 16)], 3: [(1, 4), (4, 5), (5, 2), (2, 3), (3, 7), (7, 9), (9, 16), (16, 6), (6, 10), (10, 11)]}, padri: [18, 27, 35], figli: [20, 22, 37], mosse: [(3, 2, 2, 3, 1), (3, 3, 4, 5, 3), (3, 3, 2, 3, 1)]
20 -> costo: 69733.70000000001, rotte: {2: [(1, 13), (13, 14), (14, 8), (8, 12), (12, 15), (15, 16)], 3: [(1, 4), (4, 5), (5, 2), (2, 3), (3, 7), (7, 16), (16, 9), (9, 6), (6, 10), (10, 11)]}, padri: [19, 21, 36, 43, 46], figli: [], mosse: [(3, 3, 16, 9, 7), (3, 2, 2, 3, 1), (3, 3, 2, 3, 1), (3, 3, 2, 3, 1), (3, 3, 4, 5, 3)]
21 -> costo: 70346.8, rotte: {2: [(1, 3), (3, 13), (13, 14), (14, 8), (8, 12), (12, 15), (15, 16)], 3: [(1, 4), (4, 5), (5, 2), (2, 7), (7, 16), (16, 9), (9, 6), (6, 10), (10, 11)]}, padri: [18], figli: [20, 22, 37], mosse: [(3, 3, 16, 9, 7)]
22 -> costo: 69939.90000000001, rotte: {2: [(1, 3), (3, 13), (13, 14), (14, 8), (8, 12), (12, 15), (15, 16)], 3: [(1, 4), (4, 5), (5, 2), (2, 16), (16, 9), (9, 7), (7, 6), (6, 10), (10, 11)]}, padri: [21, 24], figli: [23, 16], mosse: [(3, 3, 9, 7, 5), (3, 3, 16, 9, 7)]
23 -> costo: 69782.3, rotte: {2: [(1, 13), (13, 14), (14, 8), (8, 12), (12, 15), (15, 16)], 3: [(1, 4), (4, 5), (5, 2), (2, 3), (3, 16), (16, 9), (9, 7), (7, 6), (6, 10), (10, 11)]}, padri: [22], figli: [], mosse: [(3, 2, 2, 3, 1)]
24 -> costo: 70348.0, rotte: {2: [(1, 3), (3, 13), (13, 14), (14, 8), (8, 12), (12, 15), (15, 16)], 3: [(1, 4), (4, 5), (5, 2), (2, 9), (9, 16), (16, 7), (7, 6), (6, 10), (10, 11)]}, padri: [18], figli: [25, 22, 13], mosse: [(3, 3, 16, 7, 5)]
25 -> costo: 69785.7, rotte: {2: [(1, 13), (13, 14), (14, 8), (8, 12), (12, 15), (15, 16)], 3: [(1, 4), (4, 5), (5, 2), (2, 3), (3, 9), (9, 16), (16, 7), (7, 6), (6, 10), (10, 11)]}, padri: [24], figli: [26], mosse: [(3, 2, 2, 3, 1)]
26 -> costo: 69782.3, rotte: {2: [(1, 13), (13, 14), (14, 8), (8, 12), (12, 15), (15, 16)], 3: [(1, 4), (4, 5), (5, 2), (2, 3), (3, 16), (16, 9), (9, 7), (7, 6), (6, 10), (10, 11)]}, padri: [25], figli: [], mosse: [(3, 3, 16, 9, 7)]
27 -> costo: 70851.4, rotte: {2: [(1, 13), (13, 14), (14, 8), (8, 12), (12, 15), (15, 16)], 3: [(1, 5), (5, 4), (4, 2), (2, 3), (3, 7), (7, 9), (9, 16), (16, 6), (6, 10), (10, 11)]}, padri: [9, 47], figli: [11, 19, 28, 29, 36, 39, 44, 46, 49], mosse: [(3, 2, 2, 3, 1), (3, 3, 2, 3, 1)]
28 -> costo: 70655.8, rotte: {2: [(1, 13), (13, 14), (14, 8), (8, 12), (12, 15), (15, 16)], 3: [(1, 4), (4, 2), (2, 3), (3, 5), (5, 7), (7, 9), (9, 16), (16, 6), (6, 10), (10, 11)]}, padri: [27], figli: [11, 29, 33, 35, 42], mosse: [(3, 3, 3, 5, 3)]
29 -> costo: 70574.4, rotte: {2: [(1, 13), (13, 14), (14, 8), (8, 12), (12, 15), (15, 16)], 3: [(1, 4), (4, 2), (2, 3), (3, 5), (5, 9), (9, 16), (16, 7), (7, 6), (6, 10), (10, 11)]}, padri: [28], figli: [14, 30, 32, 34], mosse: [(3, 3, 16, 7, 5)]
30 -> costo: 70166.3, rotte: {2: [(1, 13), (13, 14), (14, 8), (8, 12), (12, 15), (15, 16)], 3: [(1, 4), (4, 2), (2, 3), (3, 5), (5, 16), (16, 9), (9, 7), (7, 6), (6, 10), (10, 11)]}, padri: [29, 42, 52], figli: [15, 31], mosse: [(3, 3, 16, 9, 7), (3, 3, 9, 7, 5), (3, 3, 2, 3, 1)]
31 -> costo: 70136.7, rotte: {2: [(1, 13), (13, 14), (14, 8), (8, 12), (12, 15), (15, 16)], 3: [(1, 4), (4, 3), (3, 2), (2, 5), (5, 16), (16, 9), (9, 7), (7, 6), (6, 10), (10, 11)]}, padri: [30, 32, 34, 37, 52], figli: [15], mosse: [(3, 3, 3, 2, 12), (3, 3, 16, 9, 7), (3, 3, 9, 7, 5), (3, 3, 2, 5, 3), (3, 3, 4, 3, 1)]
32 -> costo: 70544.8, rotte: {2: [(1, 13), (13, 14), (14, 8), (8, 12), (12, 15), (15, 16)], 3: [(1, 4), (4, 3), (3, 2), (2, 5), (5, 9), (9, 16), (16, 7), (7, 6), (6, 10), (10, 11)]}, padri: [29, 33, 39], figli: [14, 31], mosse: [(3, 3, 3, 2, 12), (3, 3, 16, 7, 5), (3, 3, 2, 5, 3)]
33 -> costo: 70626.2, rotte: {2: [(1, 13), (13, 14), (14, 8), (8, 12), (12, 15), (15, 16)], 3: [(1, 4), (4, 3), (3, 2), (2, 5), (5, 7), (7, 9), (9, 16), (16, 6), (6, 10), (10, 11)]}, padri: [28], figli: [11, 32, 34, 43], mosse: [(3, 3, 3, 2, 12)]
34 -> costo: 70622.8, rotte: {2: [(1, 13), (13, 14), (14, 8), (8, 12), (12, 15), (15, 16)], 3: [(1, 4), (4, 3), (3, 2), (2, 5), (5, 7), (7, 16), (16, 9), (9, 6), (6, 10), (10, 11)]}, padri: [33, 42], figli: [12, 31], mosse: [(3, 3, 16, 9, 7), (3, 3, 3, 2, 12)]
35 -> costo: 70626.2, rotte: {2: [(1, 13), (13, 14), (14, 8), (8, 12), (12, 15), (15, 16)], 3: [(1, 4), (4, 3), (3, 5), (5, 2), (2, 7), (7, 9), (9, 16), (16, 6), (6, 10), (10, 11)]}, padri: [28], figli: [19, 36, 39], mosse: [(3, 3, 5, 2, 12)]
36 -> costo: 70622.8, rotte: {2: [(1, 13), (13, 14), (14, 8), (8, 12), (12, 15), (15, 16)], 3: [(1, 4), (4, 3), (3, 5), (5, 2), (2, 7), (7, 16), (16, 9), (9, 6), (6, 10), (10, 11)]}, padri: [18, 27, 35], figli: [20, 37], mosse: [(3, 3, 16, 9, 7)]
37 -> costo: 70215.9, rotte: {2: [(1, 13), (13, 14), (14, 8), (8, 12), (12, 15), (15, 16)], 3: [(1, 4), (4, 3), (3, 5), (5, 2), (2, 16), (16, 9), (9, 7), (7, 6), (6, 10), (10, 11)]}, padri: [36, 39, 43], figli: [38, 31], mosse: [(3, 3, 9, 7, 5), (3, 3, 16, 9, 7), (3, 3, 9, 7, 5)]
38 -> costo: 69782.3, rotte: {2: [(1, 13), (13, 14), (14, 8), (8, 12), (12, 15), (15, 16)], 3: [(1, 4), (4, 5), (5, 2), (2, 3), (3, 16), (16, 9), (9, 7), (7, 6), (6, 10), (10, 11)]}, padri: [37], figli: [], mosse: [(3, 3, 2, 3, 1)]
39 -> costo: 70624.0, rotte: {2: [(1, 13), (13, 14), (14, 8), (8, 12), (12, 15), (15, 16)], 3: [(1, 4), (4, 3), (3, 5), (5, 2), (2, 9), (9, 16), (16, 7), (7, 6), (6, 10), (10, 11)]}, padri: [35], figli: [40, 37, 32], mosse: [(3, 3, 16, 7, 5)]
40 -> costo: 69785.7, rotte: {2: [(1, 13), (13, 14), (14, 8), (8, 12), (12, 15), (15, 16)], 3: [(1, 4), (4, 5), (5, 2), (2, 3), (3, 9), (9, 16), (16, 7), (7, 6), (6, 10), (10, 11)]}, padri: [39], figli: [41], mosse: [(3, 3, 2, 3, 1)]
41 -> costo: 69782.3, rotte: {2: [(1, 13), (13, 14), (14, 8), (8, 12), (12, 15), (15, 16)], 3: [(1, 4), (4, 5), (5, 2), (2, 3), (3, 16), (16, 9), (9, 7), (7, 6), (6, 10), (10, 11)]}, padri: [40], figli: [], mosse: [(3, 3, 16, 9, 7)]
42 -> costo: 70652.40000000001, rotte: {2: [(1, 13), (13, 14), (14, 8), (8, 12), (12, 15), (15, 16)], 3: [(1, 4), (4, 2), (2, 3), (3, 5), (5, 7), (7, 16), (16, 9), (9, 6), (6, 10), (10, 11)]}, padri: [28, 46], figli: [12, 30, 34, 43], mosse: [(3, 3, 16, 9, 7), (3, 3, 3, 5, 3)]
43 -> costo: 70622.8, rotte: {2: [(1, 13), (13, 14), (14, 8), (8, 12), (12, 15), (15, 16)], 3: [(1, 4), (4, 3), (3, 5), (5, 2), (2, 7), (7, 16), (16, 9), (9, 6), (6, 10), (10, 11)]}, padri: [33, 42], figli: [20, 37], mosse: [(3, 3, 5, 2, 12)]
44 -> costo: 70821.8, rotte: {2: [(1, 13), (13, 14), (14, 8), (8, 12), (12, 15), (15, 16)], 3: [(1, 5), (5, 2), (2, 4), (4, 3), (3, 7), (7, 9), (9, 16), (16, 6), (6, 10), (10, 11)]}, padri: [27, 48], figli: [45], mosse: [(3, 3, 2, 4, 2), (3, 3, 4, 3, 1)]
45 -> costo: 70818.40000000001, rotte: {2: [(1, 13), (13, 14), (14, 8), (8, 12), (12, 15), (15, 16)], 3: [(1, 5), (5, 2), (2, 4), (4, 3), (3, 7), (7, 16), (16, 9), (9, 6), (6, 10), (10, 11)]}, padri: [44, 46], figli: [], mosse: [(3, 3, 16, 9, 7), (3, 3, 2, 4, 2)]
46 -> costo: 70848.0, rotte: {2: [(1, 13), (13, 14), (14, 8), (8, 12), (12, 15), (15, 16)], 3: [(1, 5), (5, 4), (4, 2), (2, 3), (3, 7), (7, 16), (16, 9), (9, 6), (6, 10), (10, 11)]}, padri: [27], figli: [12, 20, 42, 45], mosse: [(3, 3, 16, 9, 7)]
47 -> costo: 71187.4, rotte: {2: [(1, 13), (13, 14), (14, 8), (8, 12), (12, 15), (15, 16)], 3: [(1, 3), (3, 5), (5, 4), (4, 2), (2, 7), (7, 9), (9, 16), (16, 6), (6, 10), (10, 11)]}, padri: [9], figli: [27, 48], mosse: [(3, 2, 1, 3, 1)]
48 -> costo: 71157.8, rotte: {2: [(1, 13), (13, 14), (14, 8), (8, 12), (12, 15), (15, 16)], 3: [(1, 3), (3, 5), (5, 2), (2, 4), (4, 7), (7, 9), (9, 16), (16, 6), (6, 10), (10, 11)]}, padri: [47], figli: [44, 49], mosse: [(3, 3, 2, 4, 2)]
49 -> costo: 71154.40000000001, rotte: {2: [(1, 13), (13, 14), (14, 8), (8, 12), (12, 15), (15, 16)], 3: [(1, 3), (3, 5), (5, 2), (2, 4), (4, 7), (7, 16), (16, 9), (9, 6), (6, 10), (10, 11)]}, padri: [48], figli: [50], mosse: [(3, 3, 16, 9, 7)]
50 -> costo: 70777.1, rotte: {2: [(1, 13), (13, 14), (14, 8), (8, 12), (12, 15), (15, 16)], 3: [(1, 3), (3, 5), (5, 2), (2, 4), (4, 16), (16, 9), (9, 7), (7, 6), (6, 10), (10, 11)]}, padri: [49], figli: [51], mosse: [(3, 3, 9, 7, 5)]
51 -> costo: 70697.90000000001, rotte: {2: [(1, 13), (13, 14), (14, 8), (8, 12), (12, 15), (15, 16)], 3: [(1, 3), (3, 2), (2, 4), (4, 5), (5, 16), (16, 9), (9, 7), (7, 6), (6, 10), (10, 11)]}, padri: [50], figli: [52], mosse: [(3, 3, 4, 5, 3)]
52 -> costo: 70674.3, rotte: {2: [(1, 13), (13, 14), (14, 8), (8, 12), (12, 15), (15, 16)], 3: [(1, 3), (3, 4), (4, 2), (2, 5), (5, 16), (16, 9), (9, 7), (7, 6), (6, 10), (10, 11)]}, padri: [51], figli: [15, 16, 31, 30], mosse: [(3, 3, 4, 2, 12)]
bestSolutionIndice: 12
12 -> costo: 69733.7, rotte: {2: [(1, 13), (13, 14), (14, 8), (8, 12), (12, 15), (15, 16)], 3: [(1, 4), (4, 2), (2, 5), (5, 3), (3, 7), (7, 16), (16, 9), (9, 6), (6, 10), (10, 11)]}, padri: [11, 17, 34, 42, 46], figli: [], mosse: [(3, 3, 16, 9, 7), (3, 2, 5, 3, 1), (3, 3, 5, 3, 1), (3, 3, 5, 3, 1), (3, 3, 2, 5, 3)]
trasportoPalletDiGamma: {2: [(13, 11), (14, 12), (8, 6), (12, 10), (15, 13), (16, 7)], 3: [(4, 2), (2, 12), (5, 3), (3, 1), (7, 5), (16, 7), (9, 7), (6, 4), (10, 8), (11, 9)]}
itMosseLS: 91, itMosseTS: 75
time elapsed: 813.48s.


##########################################################################################
s: 1
dictSolutions[1]:
0 -> costo: 114705.19999999998, rotte: {3: [(1, 9), (9, 3), (3, 6), (6, 12), (12, 13), (13, 11), (11, 8), (8, 5), (5, 16)], 2: [(1, 14), (14, 7), (7, 15), (15, 4), (4, 2), (2, 10), (10, 16)]}, padri: [-1], figli: [1], mosse: [-1]
1 -> costo: 94624.5, rotte: {3: [(1, 9), (9, 3), (3, 6), (6, 12), (12, 13), (13, 8), (8, 5), (5, 16), (16, 11)], 2: [(1, 14), (14, 7), (7, 15), (15, 4), (4, 2), (2, 10), (10, 16)]}, padri: [0], figli: [2], mosse: [(3, 3, 16, 11, 9)]
2 -> costo: 88740.7, rotte: {3: [(1, 9), (9, 3), (3, 6), (6, 12), (12, 8), (8, 5), (5, 16), (16, 13), (13, 11)], 2: [(1, 14), (14, 7), (7, 15), (15, 4), (4, 2), (2, 10), (10, 16)]}, padri: [1], figli: [3], mosse: [(3, 3, 16, 13, 11)]
3 -> costo: 83965.1, rotte: {3: [(1, 3), (3, 6), (6, 12), (12, 8), (8, 5), (5, 16), (16, 9), (9, 13), (13, 11)], 2: [(1, 14), (14, 7), (7, 15), (15, 4), (4, 2), (2, 10), (10, 16)]}, padri: [2], figli: [4], mosse: [(3, 3, 16, 9, 7)]
4 -> costo: 80836.09999999999, rotte: {3: [(1, 3), (3, 6), (6, 12), (12, 8), (8, 5), (5, 16), (16, 9), (9, 13), (13, 11)], 2: [(1, 14), (14, 7), (7, 4), (4, 2), (2, 10), (10, 15), (15, 16)]}, padri: [3], figli: [5], mosse: [(2, 2, 10, 15, 13)]
5 -> costo: 78210.09999999999, rotte: {3: [(1, 3), (3, 6), (6, 12), (12, 8), (8, 16), (16, 9), (9, 5), (5, 13), (13, 11)], 2: [(1, 14), (14, 7), (7, 4), (4, 2), (2, 10), (10, 15), (15, 16)]}, padri: [4], figli: [6], mosse: [(3, 3, 9, 5, 3)]
6 -> costo: 76678.8, rotte: {3: [(1, 3), (3, 6), (6, 12), (12, 8), (8, 16), (16, 9), (9, 5), (5, 13), (13, 11)], 2: [(1, 7), (7, 4), (4, 2), (2, 10), (10, 14), (14, 15), (15, 16)]}, padri: [5], figli: [7, 11, 15, 18, 19, 24, 27, 28, 31], mosse: [(2, 2, 10, 14, 12)]
7 -> costo: 74167.5, rotte: {3: [(1, 3), (3, 6), (6, 12), (12, 8), (8, 16), (16, 9), (9, 5), (5, 13), (13, 11)], 2: [(1, 4), (4, 2), (2, 10), (10, 14), (14, 7), (7, 15), (15, 16)]}, padri: [6, 11, 15, 19, 27], figli: [8, 10, 17], mosse: [(2, 2, 14, 7, 5), (2, 2, 14, 7, 5), (2, 2, 7, 15, 13), (2, 2, 14, 7, 5), (2, 2, 14, 7, 5)]
8 -> costo: 73766.2, rotte: {3: [(1, 3), (3, 6), (6, 12), (12, 8), (8, 9), (9, 16), (16, 5), (5, 13), (13, 11)], 2: [(1, 4), (4, 2), (2, 10), (10, 14), (14, 7), (7, 15), (15, 16)]}, padri: [7, 12, 16, 20, 28, 31], figli: [9], mosse: [(3, 3, 9, 16, 6), (2, 2, 14, 7, 5), (2, 2, 7, 15, 13), (2, 2, 14, 7, 5), (2, 2, 14, 7, 5), (2, 2, 14, 7, 5)]
9 -> costo: 73705.9, rotte: {3: [(1, 6), (6, 12), (12, 8), (8, 9), (9, 16), (16, 5), (5, 3), (3, 13), (13, 11)], 2: [(1, 4), (4, 2), (2, 10), (10, 14), (14, 7), (7, 15), (15, 16)]}, padri: [8, 10, 13, 17, 21, 29], figli: [], mosse: [(3, 3, 5, 3, 1), (3, 3, 9, 16, 6), (2, 2, 14, 7, 5), (2, 2, 7, 15, 13), (2, 2, 14, 7, 5), (2, 2, 14, 7, 5)]
10 -> costo: 74107.2, rotte: {3: [(1, 6), (6, 12), (12, 8), (8, 16), (16, 9), (9, 5), (5, 3), (3, 13), (13, 11)], 2: [(1, 4), (4, 2), (2, 10), (10, 14), (14, 7), (7, 15), (15, 16)]}, padri: [7, 14, 18, 24, 30], figli: [9], mosse: [(3, 3, 5, 3, 1), (2, 2, 14, 7, 5), (2, 2, 7, 15, 13), (2, 2, 14, 7, 5), (2, 2, 14, 7, 5)]
11 -> costo: 74208.09999999999, rotte: {3: [(1, 3), (3, 6), (6, 12), (12, 8), (8, 16), (16, 9), (9, 5), (5, 13), (13, 11)], 2: [(1, 4), (4, 2), (2, 7), (7, 10), (10, 14), (14, 15), (15, 16)]}, padri: [6, 19, 26, 27], figli: [12, 14, 7, 18], mosse: [(2, 2, 2, 7, 5), (2, 2, 7, 10, 8), (2, 2, 10, 14, 12), (2, 2, 2, 7, 5)]
12 -> costo: 73806.8, rotte: {3: [(1, 3), (3, 6), (6, 12), (12, 8), (8, 9), (9, 16), (16, 5), (5, 13), (13, 11)], 2: [(1, 4), (4, 2), (2, 7), (7, 10), (10, 14), (14, 15), (15, 16)]}, padri: [11, 20, 23, 28, 31], figli: [13, 8, 17], mosse: [(3, 3, 9, 16, 6), (2, 2, 7, 10, 8), (2, 2, 10, 14, 12), (2, 2, 2, 7, 5), (2, 2, 2, 7, 5)]
13 -> costo: 73746.5, rotte: {3: [(1, 6), (6, 12), (12, 8), (8, 9), (9, 16), (16, 5), (5, 3), (3, 13), (13, 11)], 2: [(1, 4), (4, 2), (2, 7), (7, 10), (10, 14), (14, 15), (15, 16)]}, padri: [12, 14, 21, 22, 29], figli: [9], mosse: [(3, 3, 5, 3, 1), (3, 3, 9, 16, 6), (2, 2, 7, 10, 8), (2, 2, 10, 14, 12), (2, 2, 2, 7, 5)]
14 -> costo: 74147.8, rotte: {3: [(1, 6), (6, 12), (12, 8), (8, 16), (16, 9), (9, 5), (5, 3), (3, 13), (13, 11)], 2: [(1, 4), (4, 2), (2, 7), (7, 10), (10, 14), (14, 15), (15, 16)]}, padri: [11, 24, 25, 30], figli: [13, 10], mosse: [(3, 3, 5, 3, 1), (2, 2, 7, 10, 8), (2, 2, 10, 14, 12), (2, 2, 2, 7, 5)]
15 -> costo: 74228.0, rotte: {3: [(1, 3), (3, 6), (6, 12), (12, 8), (8, 16), (16, 9), (9, 5), (5, 13), (13, 11)], 2: [(1, 4), (4, 2), (2, 10), (10, 14), (14, 15), (15, 7), (7, 16)]}, padri: [6, 19, 27], figli: [16, 7, 18, 21, 25], mosse: [(2, 2, 15, 7, 5), (2, 2, 15, 7, 5), (2, 2, 15, 7, 5)]
16 -> costo: 73826.7, rotte: {3: [(1, 3), (3, 6), (6, 12), (12, 8), (8, 9), (9, 16), (16, 5), (5, 13), (13, 11)], 2: [(1, 4), (4, 2), (2, 10), (10, 14), (14, 15), (15, 7), (7, 16)]}, padri: [15, 20, 28, 31], figli: [8, 17, 22], mosse: [(3, 3, 9, 16, 6), (2, 2, 15, 7, 5), (2, 2, 15, 7, 5), (2, 2, 15, 7, 5)]
17 -> costo: 73766.4, rotte: {3: [(1, 6), (6, 12), (12, 8), (8, 9), (9, 16), (16, 5), (5, 3), (3, 13), (13, 11)], 2: [(1, 4), (4, 2), (2, 10), (10, 14), (14, 15), (15, 7), (7, 16)]}, padri: [16, 18, 21, 29], figli: [9], mosse: [(3, 3, 5, 3, 1), (3, 3, 9, 16, 6), (2, 2, 15, 7, 5), (2, 2, 15, 7, 5)]
18 -> costo: 74167.7, rotte: {3: [(1, 6), (6, 12), (12, 8), (8, 16), (16, 9), (9, 5), (5, 3), (3, 13), (13, 11)], 2: [(1, 4), (4, 2), (2, 10), (10, 14), (14, 15), (15, 7), (7, 16)]}, padri: [15, 24, 30], figli: [17, 10, 22], mosse: [(3, 3, 5, 3, 1), (2, 2, 15, 7, 5), (2, 2, 15, 7, 5)]
19 -> costo: 74536.09999999999, rotte: {3: [(1, 3), (3, 6), (6, 12), (12, 8), (8, 16), (16, 9), (9, 5), (5, 13), (13, 11)], 2: [(1, 4), (4, 2), (2, 10), (10, 7), (7, 14), (14, 15), (15, 16)]}, padri: [6, 27], figli: [20, 7, 11, 15, 24, 26, 29], mosse: [(2, 2, 10, 7, 5), (2, 2, 10, 7, 5)]
20 -> costo: 74134.8, rotte: {3: [(1, 3), (3, 6), (6, 12), (12, 8), (8, 9), (9, 16), (16, 5), (5, 13), (13, 11)], 2: [(1, 4), (4, 2), (2, 10), (10, 7), (7, 14), (14, 15), (15, 16)]}, padri: [19, 28], figli: [8, 12, 16, 21, 23], mosse: [(3, 3, 9, 16, 6), (2, 2, 10, 7, 5)]
21 -> costo: 74074.5, rotte: {3: [(1, 6), (6, 12), (12, 8), (8, 9), (9, 16), (16, 5), (5, 3), (3, 13), (13, 11)], 2: [(1, 4), (4, 2), (2, 10), (10, 7), (7, 14), (14, 15), (15, 16)]}, padri: [20, 24, 29], figli: [9, 13, 17, 22], mosse: [(3, 3, 5, 3, 1), (3, 3, 9, 16, 6), (2, 2, 10, 7, 5)]
22 -> costo: 74045.79999999999, rotte: {3: [(1, 6), (6, 12), (12, 8), (8, 9), (9, 16), (16, 5), (5, 3), (3, 13), (13, 11)], 2: [(1, 4), (4, 2), (2, 7), (7, 14), (14, 10), (10, 15), (15, 16)]}, padri: [21, 23, 25], figli: [13], mosse: [(2, 2, 14, 10, 8), (3, 3, 5, 3, 1), (3, 3, 9, 16, 6)]
23 -> costo: 74106.09999999999, rotte: {3: [(1, 3), (3, 6), (6, 12), (12, 8), (8, 9), (9, 16), (16, 5), (5, 13), (13, 11)], 2: [(1, 4), (4, 2), (2, 7), (7, 14), (14, 10), (10, 15), (15, 16)]}, padri: [20, 26], figli: [12, 22], mosse: [(2, 2, 14, 10, 8), (3, 3, 9, 16, 6)]
24 -> costo: 74475.8, rotte: {3: [(1, 6), (6, 12), (12, 8), (8, 16), (16, 9), (9, 5), (5, 3), (3, 13), (13, 11)], 2: [(1, 4), (4, 2), (2, 10), (10, 7), (7, 14), (14, 15), (15, 16)]}, padri: [19, 30], figli: [21, 10, 14, 18, 25], mosse: [(3, 3, 5, 3, 1), (2, 2, 10, 7, 5)]
25 -> costo: 74447.09999999999, rotte: {3: [(1, 6), (6, 12), (12, 8), (8, 16), (16, 9), (9, 5), (5, 3), (3, 13), (13, 11)], 2: [(1, 4), (4, 2), (2, 7), (7, 14), (14, 10), (10, 15), (15, 16)]}, padri: [24, 26], figli: [22, 14], mosse: [(2, 2, 14, 10, 8), (3, 3, 5, 3, 1)]
26 -> costo: 74507.4, rotte: {3: [(1, 3), (3, 6), (6, 12), (12, 8), (8, 16), (16, 9), (9, 5), (5, 13), (13, 11)], 2: [(1, 4), (4, 2), (2, 7), (7, 14), (14, 10), (10, 15), (15, 16)]}, padri: [19], figli: [23, 11, 25], mosse: [(2, 2, 14, 10, 8)]
27 -> costo: 75764.0, rotte: {3: [(1, 3), (3, 6), (6, 12), (12, 8), (8, 16), (16, 9), (9, 5), (5, 13), (13, 11)], 2: [(1, 4), (4, 7), (7, 2), (2, 10), (10, 14), (14, 15), (15, 16)]}, padri: [6], figli: [7, 11, 15, 19, 28, 30], mosse: [(2, 2, 4, 7, 5)]
28 -> costo: 75362.7, rotte: {3: [(1, 3), (3, 6), (6, 12), (12, 8), (8, 9), (9, 16), (16, 5), (5, 13), (13, 11)], 2: [(1, 4), (4, 7), (7, 2), (2, 10), (10, 14), (14, 15), (15, 16)]}, padri: [27], figli: [8, 12, 16, 20, 29], mosse: [(3, 3, 9, 16, 6)]
29 -> costo: 75302.4, rotte: {3: [(1, 6), (6, 12), (12, 8), (8, 9), (9, 16), (16, 5), (5, 3), (3, 13), (13, 11)], 2: [(1, 4), (4, 7), (7, 2), (2, 10), (10, 14), (14, 15), (15, 16)]}, padri: [28, 30], figli: [9, 13, 17, 21], mosse: [(3, 3, 5, 3, 1), (3, 3, 9, 16, 6)]
30 -> costo: 75703.7, rotte: {3: [(1, 6), (6, 12), (12, 8), (8, 16), (16, 9), (9, 5), (5, 3), (3, 13), (13, 11)], 2: [(1, 4), (4, 7), (7, 2), (2, 10), (10, 14), (14, 15), (15, 16)]}, padri: [27], figli: [10, 14, 18, 24, 29], mosse: [(3, 3, 5, 3, 1)]
31 -> costo: 76277.5, rotte: {3: [(1, 3), (3, 6), (6, 12), (12, 8), (8, 9), (9, 16), (16, 5), (5, 13), (13, 11)], 2: [(1, 7), (7, 4), (4, 2), (2, 10), (10, 14), (14, 15), (15, 16)]}, padri: [6], figli: [8, 12, 16], mosse: [(3, 3, 9, 16, 6)]
bestSolutionIndice: 9
9 -> costo: 73705.9, rotte: {3: [(1, 6), (6, 12), (12, 8), (8, 9), (9, 16), (16, 5), (5, 3), (3, 13), (13, 11)], 2: [(1, 4), (4, 2), (2, 10), (10, 14), (14, 7), (7, 15), (15, 16)]}, padri: [8, 10, 13, 17, 21, 29], figli: [], mosse: [(3, 3, 5, 3, 1), (3, 3, 9, 16, 6), (2, 2, 14, 7, 5), (2, 2, 7, 15, 13), (2, 2, 14, 7, 5), (2, 2, 14, 7, 5)]
trasportoPalletDiGamma: {3: [(6, 4), (12, 10), (8, 6), (9, 7), (16, 6), (5, 3), (3, 1), (13, 11), (11, 9)], 2: [(4, 2), (2, 12), (10, 8), (14, 12), (7, 5), (15, 13), (16, 8)]}
itMosseLS: 83, itMosseTS: 75
time elapsed: 908.66s.


##########################################################################################
s: 1
dictSolutions[1]:
0 -> costo: 107590.4, rotte: {3: [(1, 7), (7, 11), (11, 3), (3, 14), (14, 8), (8, 5), (5, 2), (2, 13)], 2: [(1, 16), (16, 12), (12, 15), (15, 9), (9, 4), (4, 10), (10, 6)]}, padri: [-1], figli: [1], mosse: [-1]
1 -> costo: 78863.7, rotte: {3: [(1, 7), (7, 3), (3, 14), (14, 8), (8, 5), (5, 2), (2, 13), (13, 11)], 2: [(1, 16), (16, 12), (12, 15), (15, 9), (9, 4), (4, 10), (10, 6)]}, padri: [0], figli: [2], mosse: [(3, 3, 13, 11, 9)]
2 -> costo: 75887.0, rotte: {3: [(1, 3), (3, 14), (14, 8), (8, 7), (7, 5), (5, 2), (2, 13), (13, 11)], 2: [(1, 16), (16, 12), (12, 15), (15, 9), (9, 4), (4, 10), (10, 6)]}, padri: [1], figli: [3], mosse: [(3, 3, 8, 7, 5)]
3 -> costo: 73579.5, rotte: {3: [(1, 3), (3, 14), (14, 8), (8, 7), (7, 5), (5, 2), (2, 13), (13, 11)], 2: [(1, 12), (12, 15), (15, 9), (9, 4), (4, 10), (10, 6), (6, 16)]}, padri: [2], figli: [4, 19], mosse: [(2, 2, 6, 16, 14)]
4 -> costo: 72381.8, rotte: {3: [(1, 3), (3, 14), (14, 8), (8, 7), (7, 5), (5, 2), (2, 13), (13, 11)], 2: [(1, 12), (12, 15), (15, 4), (4, 10), (10, 6), (6, 9), (9, 16)]}, padri: [3], figli: [5, 10, 12, 13, 15, 16, 17], mosse: [(2, 2, 6, 9, 7)]
5 -> costo: 71749.40000000001, rotte: {3: [(1, 3), (3, 14), (14, 8), (8, 7), (7, 5), (5, 2), (2, 13), (13, 11)], 2: [(1, 12), (12, 15), (15, 10), (10, 4), (4, 6), (6, 9), (9, 16)]}, padri: [4], figli: [6, 7, 8, 9, 11], mosse: [(2, 2, 10, 4, 2)]
6 -> costo: 71198.6, rotte: {3: [(1, 14), (14, 8), (8, 7), (7, 5), (5, 2), (2, 3), (3, 13), (13, 11)], 2: [(1, 12), (12, 15), (15, 10), (10, 4), (4, 6), (6, 9), (9, 16)]}, padri: [5, 7, 9, 10], figli: [], mosse: [(3, 3, 2, 3, 1), (3, 2, 2, 3, 1), (3, 3, 2, 3, 1), (2, 2, 10, 4, 2)]
7 -> costo: 71258.90000000001, rotte: {3: [(1, 14), (14, 8), (8, 7), (7, 5), (5, 2), (2, 13), (13, 11)], 2: [(1, 3), (3, 12), (12, 15), (15, 10), (10, 4), (4, 6), (6, 9), (9, 16)]}, padri: [5, 12], figli: [6, 11], mosse: [(2, 3, 1, 3, 1), (2, 2, 10, 4, 2)]
8 -> costo: 71636.09999999999, rotte: {3: [(1, 14), (14, 8), (8, 7), (7, 5), (5, 2), (2, 13), (13, 11)], 2: [(1, 12), (12, 15), (15, 10), (10, 4), (4, 3), (3, 6), (6, 9), (9, 16)]}, padri: [5], figli: [], mosse: [(2, 3, 4, 3, 1)]
9 -> costo: 71639.70000000001, rotte: {3: [(1, 14), (14, 8), (8, 7), (7, 3), (3, 5), (5, 2), (2, 13), (13, 11)], 2: [(1, 12), (12, 15), (15, 10), (10, 4), (4, 6), (6, 9), (9, 16)]}, padri: [5, 15], figli: [6, 11], mosse: [(3, 3, 7, 3, 1), (2, 2, 10, 4, 2)]
10 -> costo: 71831.0, rotte: {3: [(1, 14), (14, 8), (8, 7), (7, 5), (5, 2), (2, 3), (3, 13), (13, 11)], 2: [(1, 12), (12, 15), (15, 4), (4, 10), (10, 6), (6, 9), (9, 16)]}, padri: [4, 12, 15], figli: [6, 11, 18], mosse: [(3, 3, 2, 3, 1), (3, 2, 2, 3, 1), (3, 3, 2, 3, 1)]
11 -> costo: 71790.3, rotte: {3: [(1, 14), (14, 8), (8, 7), (7, 5), (5, 2), (2, 3), (3, 13), (13, 11)], 2: [(1, 15), (15, 12), (12, 4), (4, 10), (10, 6), (6, 9), (9, 16)]}, padri: [10, 16, 17, 18], figli: [], mosse: [(2, 2, 15, 12, 10), (3, 3, 2, 3, 1), (3, 3, 2, 3, 1), (3, 2, 2, 3, 1)]
12 -> costo: 71891.3, rotte: {3: [(1, 14), (14, 8), (8, 7), (7, 5), (5, 2), (2, 13), (13, 11)], 2: [(1, 3), (3, 12), (12, 15), (15, 4), (4, 10), (10, 6), (6, 9), (9, 16)]}, padri: [4, 18], figli: [7, 10, 16], mosse: [(2, 3, 1, 3, 1), (2, 2, 12, 15, 13)]
13 -> costo: 72264.2, rotte: {3: [(1, 14), (14, 8), (8, 7), (7, 5), (5, 2), (2, 13), (13, 11)], 2: [(1, 12), (12, 15), (15, 3), (3, 4), (4, 10), (10, 6), (6, 9), (9, 16)]}, padri: [4], figli: [14], mosse: [(2, 3, 15, 3, 1)]
14 -> costo: 72223.5, rotte: {3: [(1, 14), (14, 8), (8, 7), (7, 5), (5, 2), (2, 13), (13, 11)], 2: [(1, 15), (15, 12), (12, 3), (3, 4), (4, 10), (10, 6), (6, 9), (9, 16)]}, padri: [13, 17], figli: [], mosse: [(2, 2, 15, 12, 10), (2, 3, 12, 3, 1)]
15 -> costo: 72272.1, rotte: {3: [(1, 14), (14, 8), (8, 7), (7, 3), (3, 5), (5, 2), (2, 13), (13, 11)], 2: [(1, 12), (12, 15), (15, 4), (4, 10), (10, 6), (6, 9), (9, 16)]}, padri: [4], figli: [9, 10, 16], mosse: [(3, 3, 7, 3, 1)]
16 -> costo: 72231.40000000001, rotte: {3: [(1, 14), (14, 8), (8, 7), (7, 3), (3, 5), (5, 2), (2, 13), (13, 11)], 2: [(1, 15), (15, 12), (12, 4), (4, 10), (10, 6), (6, 9), (9, 16)]}, padri: [15, 17], figli: [11, 18], mosse: [(2, 2, 15, 12, 10), (3, 3, 7, 3, 1)]
17 -> costo: 72341.1, rotte: {3: [(1, 3), (3, 14), (14, 8), (8, 7), (7, 5), (5, 2), (2, 13), (13, 11)], 2: [(1, 15), (15, 12), (12, 4), (4, 10), (10, 6), (6, 9), (9, 16)]}, padri: [4], figli: [11, 18, 14, 16], mosse: [(2, 2, 15, 12, 10)]
18 -> costo: 71893.8, rotte: {3: [(1, 14), (14, 8), (8, 7), (7, 5), (5, 2), (2, 13), (13, 11)], 2: [(1, 3), (3, 15), (15, 12), (12, 4), (4, 10), (10, 6), (6, 9), (9, 16)]}, padri: [17], figli: [11, 12], mosse: [(2, 3, 1, 3, 1)]
19 -> costo: 72680.00000000001, rotte: {3: [(1, 3), (3, 14), (14, 8), (8, 7), (7, 5), (5, 2), (2, 13), (13, 11)], 2: [(1, 12), (12, 9), (9, 4), (4, 10), (10, 6), (6, 15), (15, 16)]}, padri: [3], figli: [20], mosse: [(2, 2, 6, 15, 13)]
20 -> costo: 72129.2, rotte: {3: [(1, 14), (14, 8), (8, 7), (7, 5), (5, 2), (2, 3), (3, 13), (13, 11)], 2: [(1, 12), (12, 9), (9, 4), (4, 10), (10, 6), (6, 15), (15, 16)]}, padri: [19], figli: [21], mosse: [(3, 3, 2, 3, 1)]
21 -> costo: 71761.5, rotte: {3: [(1, 14), (14, 8), (8, 7), (7, 5), (5, 2), (2, 3), (3, 13), (13, 11)], 2: [(1, 9), (9, 4), (4, 10), (10, 6), (6, 12), (12, 15), (15, 16)]}, padri: [20], figli: [22, 23, 25, 26, 27, 28, 29, 32, 41], mosse: [(2, 2, 6, 12, 10)]
22 -> costo: 66502.3, rotte: {3: [(1, 14), (14, 8), (8, 7), (7, 5), (5, 2), (2, 3), (3, 13), (13, 11)], 2: [(1, 4), (4, 10), (10, 6), (6, 9), (9, 12), (12, 15), (15, 16)]}, padri: [21, 25, 26, 27, 28, 30, 40, 41], figli: [], mosse: [(2, 2, 6, 9, 7), (2, 2, 9, 12, 10), (2, 2, 6, 9, 7), (2, 2, 6, 9, 7), (2, 2, 6, 9, 7), (2, 2, 10, 6, 4), (2, 2, 12, 15, 13), (2, 2, 12, 15, 13)]
23 -> costo: 66822.9, rotte: {3: [(1, 14), (14, 8), (8, 7), (7, 5), (5, 2), (2, 3), (3, 13), (13, 11)], 2: [(1, 4), (4, 10), (10, 6), (6, 12), (12, 15), (15, 9), (9, 16)]}, padri: [21, 25, 26, 27, 27, 27, 28, 31, 35], figli: [24], mosse: [(2, 2, 15, 9, 7), (2, 2, 15, 9, 7), (2, 2, 15, 9, 7), (2, 2, 16, 9), (2, 2, 15, 9, 7), (2, 2, 9, 16, 14), (2, 2, 15, 9, 7), (2, 2, 10, 6, 4), (2, 2, 12, 15, 13)]
24 -> costo: 65931.0, rotte: {3: [(1, 14), (14, 8), (8, 7), (7, 5), (5, 2), (2, 3), (3, 13), (13, 11)], 2: [(1, 4), (4, 10), (10, 6), (6, 15), (15, 12), (12, 9), (9, 16)]}, padri: [23, 32, 35, 40, 41], figli: [], mosse: [(2, 2, 15, 12, 10), (2, 2, 10, 6, 4), (2, 2, 6, 15, 13), (2, 2, 12, 9, 7), (2, 2, 12, 9, 7)]
25 -> costo: 67659.4, rotte: {3: [(1, 14), (14, 8), (8, 7), (7, 5), (5, 2), (2, 3), (3, 13), (13, 11)], 2: [(1, 4), (4, 10), (10, 6), (6, 12), (12, 9), (9, 15), (15, 16)]}, padri: [21, 26, 27, 28, 36], figli: [22, 23, 32, 41], mosse: [(2, 2, 12, 9, 7), (2, 2, 12, 9, 7), (2, 2, 12, 9, 7), (2, 2, 12, 9, 7), (2, 2, 10, 6, 4)]
26 -> costo: 68678.3, rotte: {3: [(1, 14), (14, 8), (8, 7), (7, 5), (5, 2), (2, 3), (3, 13), (13, 11)], 2: [(1, 4), (4, 10), (10, 9), (9, 6), (6, 12), (12, 15), (15, 16)]}, padri: [21, 27, 28, 37], figli: [22, 23, 25, 32, 41], mosse: [(2, 2, 10, 9, 7), (2, 2, 10, 9, 7), (2, 2, 10, 9, 7), (2, 2, 6, 12, 10)]
27 -> costo: 69094.4, rotte: {3: [(1, 14), (14, 8), (8, 7), (7, 5), (5, 2), (2, 3), (3, 13), (13, 11)], 2: [(1, 4), (4, 10), (10, 6), (6, 12), (12, 15), (15, 16), (16, 9)]}, padri: [21, 28], figli: [22, 23, 23, 23, 25, 26, 32, 32, 32, 41], mosse: [(2, 2, 16, 9, 7), (2, 2, 16, 9, 7)]
28 -> costo: 70033.3, rotte: {3: [(1, 14), (14, 8), (8, 7), (7, 5), (5, 2), (2, 3), (3, 13), (13, 11)], 2: [(1, 4), (4, 9), (9, 10), (10, 6), (6, 12), (12, 15), (15, 16)]}, padri: [21], figli: [22, 23, 25, 26, 27, 29, 32, 41], mosse: [(2, 2, 4, 9, 7)]
29 -> costo: 69824.6, rotte: {3: [(1, 14), (14, 8), (8, 7), (7, 5), (5, 2), (2, 3), (3, 13), (13, 11)], 2: [(1, 4), (4, 9), (9, 6), (6, 10), (10, 12), (12, 15), (15, 16)]}, padri: [28], figli: [30, 31, 36, 37, 38], mosse: [(2, 2, 6, 10, 8)]
30 -> costo: 68540.9, rotte: {3: [(1, 14), (14, 8), (8, 7), (7, 5), (5, 2), (2, 3), (3, 13), (13, 11)], 2: [(1, 4), (4, 6), (6, 10), (10, 9), (9, 12), (12, 15), (15, 16)]}, padri: [29, 36], figli: [22, 41], mosse: [(2, 2, 10, 9, 7), (2, 2, 9, 12, 10)]
31 -> costo: 68652.8, rotte: {3: [(1, 14), (14, 8), (8, 7), (7, 5), (5, 2), (2, 3), (3, 13), (13, 11)], 2: [(1, 4), (4, 6), (6, 10), (10, 12), (12, 15), (15, 9), (9, 16)]}, padri: [29, 36], figli: [23, 32, 33, 39, 40], mosse: [(2, 2, 15, 9, 7), (2, 2, 15, 9, 7)]
32 -> costo: 67212.6, rotte: {3: [(1, 14), (14, 8), (8, 7), (7, 5), (5, 2), (2, 3), (3, 13), (13, 11)], 2: [(1, 4), (4, 6), (6, 10), (10, 15), (15, 12), (12, 9), (9, 16)]}, padri: [31, 38, 39], figli: [24], mosse: [(2, 2, 15, 12, 10), (2, 2, 12, 9, 7), (2, 2, 12, 9, 7)]
33 -> costo: 67895.1, rotte: {3: [(1, 14), (14, 8), (8, 7), (7, 5), (5, 2), (2, 3), (3, 13), (13, 11)], 2: [(1, 4), (4, 10), (10, 12), (12, 15), (15, 6), (6, 9), (9, 16)]}, padri: [31], figli: [34, 35], mosse: [(2, 2, 15, 6, 4)]
34 -> costo: 67304.3, rotte: {3: [(1, 14), (14, 8), (8, 7), (7, 5), (5, 2), (2, 3), (3, 13), (13, 11)], 2: [(1, 4), (4, 10), (10, 15), (15, 12), (12, 6), (6, 9), (9, 16)]}, padri: [33, 35], figli: [], mosse: [(2, 2, 15, 12, 10), (2, 2, 12, 6, 4)]
35 -> costo: 67598.2, rotte: {3: [(1, 14), (14, 8), (8, 7), (7, 5), (5, 2), (2, 3), (3, 13), (13, 11)], 2: [(1, 4), (4, 10), (10, 15), (15, 6), (6, 12), (12, 9), (9, 16)]}, padri: [33], figli: [24, 23, 34], mosse: [(2, 2, 6, 12, 10)]
36 -> costo: 69489.3, rotte: {3: [(1, 14), (14, 8), (8, 7), (7, 5), (5, 2), (2, 3), (3, 13), (13, 11)], 2: [(1, 4), (4, 6), (6, 10), (10, 12), (12, 9), (9, 15), (15, 16)]}, padri: [29], figli: [25, 30, 31, 37], mosse: [(2, 2, 12, 9, 7)]
37 -> costo: 68721.0, rotte: {3: [(1, 14), (14, 8), (8, 7), (7, 5), (5, 2), (2, 3), (3, 13), (13, 11)], 2: [(1, 4), (4, 10), (10, 12), (12, 9), (9, 6), (6, 15), (15, 16)]}, padri: [36], figli: [26], mosse: [(2, 2, 9, 6, 4)]
38 -> costo: 69535.3, rotte: {3: [(1, 14), (14, 8), (8, 7), (7, 5), (5, 2), (2, 3), (3, 13), (13, 11)], 2: [(1, 4), (4, 9), (9, 6), (6, 10), (10, 15), (15, 12), (12, 16)]}, padri: [29], figli: [32, 39, 40], mosse: [(2, 2, 15, 12, 10)]
39 -> costo: 69186.2, rotte: {3: [(1, 14), (14, 8), (8, 7), (7, 5), (5, 2), (2, 3), (3, 13), (13, 11)], 2: [(1, 4), (4, 6), (6, 10), (10, 15), (15, 9), (9, 12), (12, 16)]}, padri: [38], figli: [32, 40], mosse: [(2, 2, 15, 9, 7)]
40 -> costo: 67904.6, rotte: {3: [(1, 14), (14, 8), (8, 7), (7, 5), (5, 2), (2, 3), (3, 13), (13, 11)], 2: [(1, 4), (4, 10), (10, 6), (6, 15), (15, 9), (9, 12), (12, 16)]}, padri: [39], figli: [24, 22, 41], mosse: [(2, 2, 10, 6, 4)]
41 -> costo: 67667.0, rotte: {3: [(1, 14), (14, 8), (8, 7), (7, 5), (5, 2), (2, 3), (3, 13), (13, 11)], 2: [(1, 4), (4, 10), (10, 6), (6, 9), (9, 15), (15, 12), (12, 16)]}, padri: [40], figli: [24, 22], mosse: [(2, 2, 9, 15, 13)]
bestSolutionIndice: 24
24 -> costo: 65931.0, rotte: {3: [(1, 14), (14, 8), (8, 7), (7, 5), (5, 2), (2, 3), (3, 13), (13, 11)], 2: [(1, 4), (4, 10), (10, 6), (6, 15), (15, 12), (12, 9), (9, 16)]}, padri: [23, 32, 35, 40, 41], figli: [], mosse: [(2, 2, 15, 12, 10), (2, 2, 10, 6, 4), (2, 2, 6, 15, 13), (2, 2, 12, 9, 7), (2, 2, 12, 9, 7)]
trasportoPalletDiGamma: {3: [(14, 12), (8, 6), (7, 5), (5, 3), (2, 12), (3, 1), (13, 11), (11, 9)], 2: [(4, 2), (10, 8), (6, 4), (15, 13), (12, 10), (9, 7), (16, 14)]}
itMosseLS: 86, itMosseTS: 75
time elapsed: 497.83s.


##########################################################################################
s: 1
dictSolutions[1]:
0 -> costo: 114261.49999999999, rotte: {3: [(1, 12), (12, 14), (14, 4), (4, 13), (13, 16), (16, 3), (3, 15)], 2: [(1, 11), (11, 10), (10, 8), (8, 6), (6, 2), (2, 7), (7, 5), (5, 9), (9, 15)]}, padri: [-1], figli: [1], mosse: [-1]
1 -> costo: 90613.9, rotte: {3: [(1, 12), (12, 14), (14, 4), (4, 13), (13, 16), (16, 3), (3, 15)], 2: [(1, 10), (10, 8), (8, 6), (6, 2), (2, 7), (7, 5), (5, 9), (9, 15), (15, 11)]}, padri: [0], figli: [2], mosse: [(2, 2, 15, 11, 9)]
2 -> costo: 84497.0, rotte: {3: [(1, 12), (12, 14), (14, 4), (4, 13), (13, 3), (3, 15), (15, 16)], 2: [(1, 10), (10, 8), (8, 6), (6, 2), (2, 7), (7, 5), (5, 9), (9, 15), (15, 11)]}, padri: [1], figli: [3], mosse: [(3, 3, 15, 16, 14)]
3 -> costo: 81112.40000000001, rotte: {3: [(1, 12), (12, 14), (14, 4), (4, 13), (13, 3), (3, 15), (15, 16)], 2: [(1, 10), (10, 8), (8, 6), (6, 2), (2, 5), (5, 7), (7, 9), (9, 15), (15, 11)]}, padri: [2], figli: [4], mosse: [(2, 2, 5, 7, 5)]
4 -> costo: 78355.8, rotte: {3: [(1, 12), (12, 14), (14, 4), (4, 13), (13, 3), (3, 15), (15, 16)], 2: [(1, 10), (10, 6), (6, 2), (2, 5), (5, 7), (7, 9), (9, 8), (8, 15), (15, 11)]}, padri: [3], figli: [5], mosse: [(2, 2, 9, 8, 6)]
5 -> costo: 75993.8, rotte: {3: [(1, 14), (14, 4), (4, 13), (13, 3), (3, 12), (12, 15), (15, 16)], 2: [(1, 10), (10, 6), (6, 2), (2, 5), (5, 7), (7, 9), (9, 8), (8, 15), (15, 11)]}, padri: [4], figli: [6], mosse: [(3, 3, 3, 12, 10)]
6 -> costo: 72240.6, rotte: {3: [(1, 4), (4, 13), (13, 3), (3, 14), (14, 12), (12, 15), (15, 16)], 2: [(1, 10), (10, 6), (6, 2), (2, 5), (5, 7), (7, 9), (9, 8), (8, 15), (15, 11)]}, padri: [5], figli: [7], mosse: [(3, 3, 3, 14, 12)]
7 -> costo: 70662.9, rotte: {3: [(1, 4), (4, 3), (3, 13), (13, 14), (14, 12), (12, 15), (15, 16)], 2: [(1, 10), (10, 6), (6, 2), (2, 5), (5, 7), (7, 9), (9, 8), (8, 15), (15, 11)]}, padri: [6], figli: [8], mosse: [(3, 3, 3, 13, 11)]
8 -> costo: 69957.5, rotte: {3: [(1, 4), (4, 3), (3, 13), (13, 14), (14, 12), (12, 15), (15, 16)], 2: [(1, 10), (10, 2), (2, 5), (5, 6), (6, 7), (7, 9), (9, 8), (8, 15), (15, 11)]}, padri: [7], figli: [9, 32, 33], mosse: [(2, 2, 5, 6, 4)]
9 -> costo: 67589.90000000001, rotte: {3: [(1, 4), (4, 3), (3, 13), (13, 14), (14, 12), (12, 15), (15, 16)], 2: [(1, 2), (2, 5), (5, 6), (6, 7), (7, 9), (9, 8), (8, 15), (15, 10), (10, 11)]}, padri: [8, 32], figli: [10, 28, 34], mosse: [(2, 2, 15, 10, 8), (2, 2, 15, 10, 8)]
10 -> costo: 67004.3, rotte: {3: [(1, 4), (4, 3), (3, 13), (13, 14), (14, 15), (15, 12), (12, 16)], 2: [(1, 2), (2, 5), (5, 6), (6, 7), (7, 9), (9, 8), (8, 15), (15, 10), (10, 11)]}, padri: [9, 33], figli: [11, 15, 35], mosse: [(3, 3, 15, 12, 10), (2, 2, 15, 10, 8)]
11 -> costo: 66451.2, rotte: {3: [(1, 3), (3, 13), (13, 14), (14, 15), (15, 12), (12, 16)], 2: [(1, 4), (4, 2), (2, 5), (5, 6), (6, 7), (7, 9), (9, 8), (8, 15), (15, 10), (10, 11)]}, padri: [10, 28, 34], figli: [12], mosse: [(2, 3, 1, 4, 2), (3, 3, 15, 12, 10), (2, 2, 15, 10, 8)]
12 -> costo: 65838.09999999999, rotte: {3: [(1, 13), (13, 14), (14, 15), (15, 12), (12, 16)], 2: [(1, 4), (4, 2), (2, 5), (5, 3), (3, 6), (6, 7), (7, 9), (9, 8), (8, 15), (15, 10), (10, 11)]}, padri: [11, 29, 35], figli: [13, 13, 13, 13, 13, 31, 31, 31, 31, 31], mosse: [(2, 3, 5, 3, 1), (3, 3, 15, 12, 10), (2, 2, 15, 10, 8)]
13 -> costo: 63216.0, rotte: {3: [(1, 13), (13, 14), (14, 15), (15, 12), (12, 16)], 2: [(1, 4), (4, 2), (2, 5), (5, 3), (3, 6), (6, 7), (7, 9), (9, 8), (8, 10), (10, 11)]}, padri: [12, 12, 12, 12, 12, 30, 36], figli: [14], mosse: [(3, 2, 1, 15, 3), (3, 2, 13, 15, 3), (3, 2, 14, 15, 3), (3, 2, 12, 15, 3), (3, 2, 16, 15, 3), (3, 3, 15, 12, 10), (2, 2, 8, 10, 8)]
14 -> costo: 62739.3, rotte: {3: [(1, 13), (13, 14), (14, 15), (15, 12), (12, 16)], 2: [(1, 4), (4, 2), (2, 5), (5, 3), (3, 7), (7, 9), (9, 8), (8, 6), (6, 10), (10, 11)]}, padri: [13, 31], figli: [], mosse: [(2, 2, 8, 6, 4), (3, 3, 15, 12, 10)]
15 -> costo: 67004.29999999999, rotte: {3: [(1, 4), (4, 3), (3, 13), (13, 14), (14, 15), (15, 12), (12, 16)], 2: [(1, 5), (5, 2), (2, 6), (6, 7), (7, 9), (9, 8), (8, 15), (15, 10), (10, 11)]}, padri: [10], figli: [16], mosse: [(2, 2, 5, 2, 12)]
16 -> costo: 66451.2, rotte: {3: [(1, 3), (3, 13), (13, 14), (14, 15), (15, 12), (12, 16)], 2: [(1, 4), (4, 5), (5, 2), (2, 6), (6, 7), (7, 9), (9, 8), (8, 15), (15, 10), (10, 11)]}, padri: [15], figli: [17], mosse: [(2, 3, 1, 4, 2)]
17 -> costo: 65838.1, rotte: {3: [(1, 13), (13, 14), (14, 15), (15, 12), (12, 16)], 2: [(1, 4), (4, 5), (5, 2), (2, 3), (3, 6), (6, 7), (7, 9), (9, 8), (8, 15), (15, 10), (10, 11)]}, padri: [16], figli: [18, 20, 22, 24, 26], mosse: [(2, 3, 2, 3, 1)]
18 -> costo: 63216.0, rotte: {3: [(1, 13), (13, 14), (14, 15), (15, 12), (12, 16)], 2: [(1, 4), (4, 5), (5, 2), (2, 3), (3, 6), (6, 7), (7, 9), (9, 8), (8, 10), (10, 11)]}, padri: [17], figli: [19], mosse: [(3, 2, 1, 15, 3)]
19 -> costo: 62739.3, rotte: {3: [(1, 13), (13, 14), (14, 15), (15, 12), (12, 16)], 2: [(1, 4), (4, 5), (5, 2), (2, 3), (3, 7), (7, 9), (9, 8), (8, 6), (6, 10), (10, 11)]}, padri: [18], figli: [], mosse: [(2, 2, 8, 6, 4)]
20 -> costo: 63216.0, rotte: {3: [(1, 13), (13, 14), (14, 15), (15, 12), (12, 16)], 2: [(1, 4), (4, 5), (5, 2), (2, 3), (3, 6), (6, 7), (7, 9), (9, 8), (8, 10), (10, 11)]}, padri: [17], figli: [21], mosse: [(3, 2, 13, 15, 3)]
21 -> costo: 62739.3, rotte: {3: [(1, 13), (13, 14), (14, 15), (15, 12), (12, 16)], 2: [(1, 4), (4, 5), (5, 2), (2, 3), (3, 7), (7, 9), (9, 8), (8, 6), (6, 10), (10, 11)]}, padri: [20], figli: [], mosse: [(2, 2, 8, 6, 4)]
22 -> costo: 63216.0, rotte: {3: [(1, 13), (13, 14), (14, 15), (15, 12), (12, 16)], 2: [(1, 4), (4, 5), (5, 2), (2, 3), (3, 6), (6, 7), (7, 9), (9, 8), (8, 10), (10, 11)]}, padri: [17], figli: [23], mosse: [(3, 2, 14, 15, 3)]
23 -> costo: 62739.3, rotte: {3: [(1, 13), (13, 14), (14, 15), (15, 12), (12, 16)], 2: [(1, 4), (4, 5), (5, 2), (2, 3), (3, 7), (7, 9), (9, 8), (8, 6), (6, 10), (10, 11)]}, padri: [22], figli: [], mosse: [(2, 2, 8, 6, 4)]
24 -> costo: 63216.0, rotte: {3: [(1, 13), (13, 14), (14, 15), (15, 12), (12, 16)], 2: [(1, 4), (4, 5), (5, 2), (2, 3), (3, 6), (6, 7), (7, 9), (9, 8), (8, 10), (10, 11)]}, padri: [17], figli: [25], mosse: [(3, 2, 12, 15, 3)]
25 -> costo: 62739.3, rotte: {3: [(1, 13), (13, 14), (14, 15), (15, 12), (12, 16)], 2: [(1, 4), (4, 5), (5, 2), (2, 3), (3, 7), (7, 9), (9, 8), (8, 6), (6, 10), (10, 11)]}, padri: [24], figli: [], mosse: [(2, 2, 8, 6, 4)]
26 -> costo: 63216.0, rotte: {3: [(1, 13), (13, 14), (14, 15), (15, 12), (12, 16)], 2: [(1, 4), (4, 5), (5, 2), (2, 3), (3, 6), (6, 7), (7, 9), (9, 8), (8, 10), (10, 11)]}, padri: [17], figli: [27], mosse: [(3, 2, 16, 15, 3)]
27 -> costo: 62739.3, rotte: {3: [(1, 13), (13, 14), (14, 15), (15, 12), (12, 16)], 2: [(1, 4), (4, 5), (5, 2), (2, 3), (3, 7), (7, 9), (9, 8), (8, 6), (6, 10), (10, 11)]}, padri: [26], figli: [], mosse: [(2, 2, 8, 6, 4)]
28 -> costo: 67036.8, rotte: {3: [(1, 3), (3, 13), (13, 14), (14, 12), (12, 15), (15, 16)], 2: [(1, 4), (4, 2), (2, 5), (5, 6), (6, 7), (7, 9), (9, 8), (8, 15), (15, 10), (10, 11)]}, padri: [9], figli: [29, 11, 35], mosse: [(2, 3, 1, 4, 2)]
29 -> costo: 66423.7, rotte: {3: [(1, 13), (13, 14), (14, 12), (12, 15), (15, 16)], 2: [(1, 4), (4, 2), (2, 5), (5, 3), (3, 6), (6, 7), (7, 9), (9, 8), (8, 15), (15, 10), (10, 11)]}, padri: [28], figli: [30, 30, 30, 30, 30, 12], mosse: [(2, 3, 5, 3, 1)]
30 -> costo: 63801.600000000006, rotte: {3: [(1, 13), (13, 14), (14, 12), (12, 15), (15, 16)], 2: [(1, 4), (4, 2), (2, 5), (5, 3), (3, 6), (6, 7), (7, 9), (9, 8), (8, 10), (10, 11)]}, padri: [29, 29, 29, 29, 29], figli: [13, 31], mosse: [(3, 2, 1, 15, 3), (3, 2, 13, 15, 3), (3, 2, 14, 15, 3), (3, 2, 12, 15, 3), (3, 2, 16, 15, 3)]
31 -> costo: 63324.899999999994, rotte: {3: [(1, 13), (13, 14), (14, 12), (12, 15), (15, 16)], 2: [(1, 4), (4, 2), (2, 5), (5, 3), (3, 7), (7, 9), (9, 8), (8, 6), (6, 10), (10, 11)]}, padri: [30], figli: [14], mosse: [(2, 2, 8, 6, 4)]
32 -> costo: 69368.8, rotte: {3: [(1, 4), (4, 3), (3, 13), (13, 14), (14, 12), (12, 15), (15, 16)], 2: [(1, 2), (2, 5), (5, 10), (10, 6), (6, 7), (7, 9), (9, 8), (8, 15), (15, 11)]}, padri: [8], figli: [9, 33], mosse: [(2, 2, 5, 10, 8)]
33 -> costo: 68783.2, rotte: {3: [(1, 4), (4, 3), (3, 13), (13, 14), (14, 15), (15, 12), (12, 16)], 2: [(1, 2), (2, 5), (5, 10), (10, 6), (6, 7), (7, 9), (9, 8), (8, 15), (15, 11)]}, padri: [32], figli: [10, 34, 37], mosse: [(3, 3, 15, 12, 10)]
34 -> costo: 68230.1, rotte: {3: [(1, 3), (3, 13), (13, 14), (14, 15), (15, 12), (12, 16)], 2: [(1, 4), (4, 2), (2, 5), (5, 10), (10, 6), (6, 7), (7, 9), (9, 8), (8, 15), (15, 11)]}, padri: [33], figli: [11, 35], mosse: [(2, 3, 1, 4, 2)]
35 -> costo: 67179.5, rotte: {3: [(1, 13), (13, 14), (14, 15), (15, 12), (12, 16)], 2: [(1, 4), (4, 2), (2, 5), (5, 3), (3, 10), (10, 6), (6, 7), (7, 9), (9, 8), (8, 15), (15, 11)]}, padri: [34], figli: [36, 36, 36, 36, 36, 12], mosse: [(2, 3, 5, 3, 1)]
36 -> costo: 64557.399999999994, rotte: {3: [(1, 13), (13, 14), (14, 15), (15, 12), (12, 16)], 2: [(1, 4), (4, 2), (2, 5), (5, 3), (3, 10), (10, 6), (6, 7), (7, 9), (9, 8), (8, 11)]}, padri: [35, 35, 35, 35, 35], figli: [13], mosse: [(3, 2, 1, 15, 3), (3, 2, 13, 15, 3), (3, 2, 14, 15, 3), (3, 2, 12, 15, 3), (3, 2, 16, 15, 3)]
37 -> costo: 68616.2, rotte: {3: [(1, 3), (3, 13), (13, 14), (14, 15), (15, 12), (12, 16)], 2: [(1, 2), (2, 5), (5, 4), (4, 10), (10, 6), (6, 7), (7, 9), (9, 8), (8, 15), (15, 11)]}, padri: [33], figli: [38, 45, 47], mosse: [(2, 3, 5, 4, 2)]
38 -> costo: 67535.90000000001, rotte: {3: [(1, 3), (3, 13), (13, 14), (14, 15), (15, 12), (12, 16)], 2: [(1, 2), (2, 5), (5, 4), (4, 6), (6, 7), (7, 9), (9, 8), (8, 15), (15, 10), (10, 11)]}, padri: [37], figli: [39, 42], mosse: [(2, 2, 15, 10, 8)]
39 -> costo: 66922.8, rotte: {3: [(1, 13), (13, 14), (14, 15), (15, 12), (12, 16)], 2: [(1, 2), (2, 5), (5, 4), (4, 3), (3, 6), (6, 7), (7, 9), (9, 8), (8, 15), (15, 10), (10, 11)]}, padri: [38, 42, 45], figli: [40, 40, 40, 40, 40], mosse: [(2, 3, 4, 3, 1), (2, 2, 4, 3, 1), (2, 2, 15, 10, 8)]
40 -> costo: 64300.7, rotte: {3: [(1, 13), (13, 14), (14, 15), (15, 12), (12, 16)], 2: [(1, 2), (2, 5), (5, 4), (4, 3), (3, 6), (6, 7), (7, 9), (9, 8), (8, 10), (10, 11)]}, padri: [39, 39, 39, 39, 39, 43, 46], figli: [41], mosse: [(3, 2, 1, 15, 3), (3, 2, 13, 15, 3), (3, 2, 14, 15, 3), (3, 2, 12, 15, 3), (3, 2, 16, 15, 3), (2, 2, 4, 3, 1), (2, 2, 8, 10, 8)]
41 -> costo: 63824.0, rotte: {3: [(1, 13), (13, 14), (14, 15), (15, 12), (12, 16)], 2: [(1, 2), (2, 5), (5, 4), (4, 3), (3, 7), (7, 9), (9, 8), (8, 6), (6, 10), (10, 11)]}, padri: [40, 44], figli: [], mosse: [(2, 2, 8, 6, 4), (2, 2, 4, 3, 1)]
42 -> costo: 67258.8, rotte: {3: [(1, 13), (13, 14), (14, 15), (15, 12), (12, 16)], 2: [(1, 3), (3, 2), (2, 5), (5, 4), (4, 6), (6, 7), (7, 9), (9, 8), (8, 15), (15, 10), (10, 11)]}, padri: [38], figli: [43, 43, 43, 43, 43, 39], mosse: [(2, 3, 1, 3, 1)]
43 -> costo: 64636.7, rotte: {3: [(1, 13), (13, 14), (14, 15), (15, 12), (12, 16)], 2: [(1, 3), (3, 2), (2, 5), (5, 4), (4, 6), (6, 7), (7, 9), (9, 8), (8, 10), (10, 11)]}, padri: [42, 42, 42, 42, 42, 48], figli: [44, 40], mosse: [(3, 2, 1, 15, 3), (3, 2, 13, 15, 3), (3, 2, 14, 15, 3), (3, 2, 12, 15, 3), (3, 2, 16, 15, 3), (2, 2, 8, 10, 8)]
44 -> costo: 64160.0, rotte: {3: [(1, 13), (13, 14), (14, 15), (15, 12), (12, 16)], 2: [(1, 3), (3, 2), (2, 5), (5, 4), (4, 7), (7, 9), (9, 8), (8, 6), (6, 10), (10, 11)]}, padri: [43], figli: [41], mosse: [(2, 2, 8, 6, 4)]
45 -> costo: 68264.2, rotte: {3: [(1, 13), (13, 14), (14, 15), (15, 12), (12, 16)], 2: [(1, 2), (2, 5), (5, 4), (4, 3), (3, 10), (10, 6), (6, 7), (7, 9), (9, 8), (8, 15), (15, 11)]}, padri: [37], figli: [46, 46, 46, 46, 46, 39], mosse: [(2, 3, 4, 3, 1)]
46 -> costo: 65642.09999999999, rotte: {3: [(1, 13), (13, 14), (14, 15), (15, 12), (12, 16)], 2: [(1, 2), (2, 5), (5, 4), (4, 3), (3, 10), (10, 6), (6, 7), (7, 9), (9, 8), (8, 11)]}, padri: [45, 45, 45, 45, 45, 48], figli: [40], mosse: [(3, 2, 1, 15, 3), (3, 2, 13, 15, 3), (3, 2, 14, 15, 3), (3, 2, 12, 15, 3), (3, 2, 16, 15, 3), (2, 2, 4, 3, 1)]
47 -> costo: 68339.09999999999, rotte: {3: [(1, 13), (13, 14), (14, 15), (15, 12), (12, 16)], 2: [(1, 3), (3, 2), (2, 5), (5, 4), (4, 10), (10, 6), (6, 7), (7, 9), (9, 8), (8, 15), (15, 11)]}, padri: [37], figli: [48], mosse: [(2, 3, 1, 3, 1)]
48 -> costo: 65717.0, rotte: {3: [(1, 13), (13, 14), (14, 15), (15, 12), (12, 16)], 2: [(1, 3), (3, 2), (2, 5), (5, 4), (4, 10), (10, 6), (6, 7), (7, 9), (9, 8), (8, 11)]}, padri: [47], figli: [43, 46], mosse: [(3, 2, 1, 15, 3)]
bestSolutionIndice: 14
14 -> costo: 62739.3, rotte: {3: [(1, 13), (13, 14), (14, 15), (15, 12), (12, 16)], 2: [(1, 4), (4, 2), (2, 5), (5, 3), (3, 7), (7, 9), (9, 8), (8, 6), (6, 10), (10, 11)]}, padri: [13, 31], figli: [], mosse: [(2, 2, 8, 6, 4), (3, 3, 15, 12, 10)]
trasportoPalletDiGamma: {3: [(13, 11), (14, 12), (15, 13), (12, 10), (16, 14)], 2: [(4, 2), (2, 12), (5, 3), (3, 1), (7, 5), (9, 7), (8, 6), (6, 4), (10, 8), (11, 9)]}
itMosseLS: 88, itMosseTS: 75
time elapsed: 442.77s.


