itNSIMax: 10, itMosseTSMax: 20.
##########################################################################################
s: 1
dictSolutions[1]:
0 -> costo: 111683.9, rotte: {2: [(1, 5), (5, 7), (7, 14), (14, 2), (2, 16), (16, 4), (4, 13), (13, 10)], 3: [(1, 12), (12, 3), (3, 6), (6, 9), (9, 15), (15, 11), (11, 8), (8, 10)]}, padri: [-1], figli: [1], mosse: [-1]
1 -> costo: 80963.1, rotte: {2: [(1, 5), (5, 7), (7, 14), (14, 2), (2, 16), (16, 4), (4, 13), (13, 10)], 3: [(1, 12), (12, 3), (3, 6), (6, 9), (9, 15), (15, 8), (8, 10), (10, 11)]}, padri: [0], figli: [2], mosse: [(3, 3, 10, 11, 9)]
2 -> costo: 75390.70000000001, rotte: {2: [(1, 5), (5, 7), (7, 14), (14, 2), (2, 16), (16, 4), (4, 13), (13, 10)], 3: [(1, 3), (3, 6), (6, 9), (9, 15), (15, 12), (12, 8), (8, 10), (10, 11)]}, padri: [1], figli: [3], mosse: [(3, 3, 15, 12, 10)]
3 -> costo: 70750.8, rotte: {2: [(1, 5), (5, 7), (7, 14), (14, 2), (2, 4), (4, 13), (13, 10), (10, 16)], 3: [(1, 3), (3, 6), (6, 9), (9, 15), (15, 12), (12, 8), (8, 10), (10, 11)]}, padri: [2], figli: [4], mosse: [(2, 2, 10, 16, 14)]
4 -> costo: 69080.90000000001, rotte: {2: [(1, 5), (5, 7), (7, 2), (2, 4), (4, 13), (13, 10), (10, 14), (14, 16)], 3: [(1, 3), (3, 6), (6, 9), (9, 15), (15, 12), (12, 8), (8, 10), (10, 11)]}, padri: [3], figli: [5], mosse: [(2, 2, 10, 14, 12)]
5 -> costo: 65607.0, rotte: {2: [(1, 5), (5, 2), (2, 4), (4, 13), (13, 10), (10, 14), (14, 7), (7, 16)], 3: [(1, 3), (3, 6), (6, 9), (9, 15), (15, 12), (12, 8), (8, 10), (10, 11)]}, padri: [4], figli: [6], mosse: [(2, 2, 14, 7, 5)]
6 -> costo: 64483.40000000001, rotte: {2: [(1, 5), (5, 2), (2, 4), (4, 13), (13, 10), (10, 14), (14, 7), (7, 16)], 3: [(1, 3), (3, 6), (6, 9), (9, 12), (12, 8), (8, 15), (15, 10), (10, 11)]}, padri: [5], figli: [7, 10, 10], mosse: [(3, 3, 8, 15, 13)]
7 -> costo: 64161.3, rotte: {2: [(1, 5), (5, 2), (2, 4), (4, 13), (13, 10), (10, 14), (14, 7), (7, 16)], 3: [(1, 3), (3, 6), (6, 9), (9, 8), (8, 12), (12, 15), (15, 10), (10, 11)]}, padri: [6], figli: [8, 8, 8, 8, 8, 8, 8, 8, 9, 9, 9, 9, 9, 9, 9, 9], mosse: [(3, 3, 8, 12, 10)]
8 -> costo: 64145.9, rotte: {2: [(1, 5), (5, 2), (2, 4), (4, 13), (13, 14), (14, 7), (7, 16)], 3: [(1, 3), (3, 6), (6, 9), (9, 8), (8, 12), (12, 15), (15, 10), (10, 11)]}, padri: [7, 7, 7, 7, 7, 7, 7, 7, 9, 9, 9, 9, 9, 9, 9, 9, 10], figli: [], mosse: [(3, 2, 1, 10, 1), (3, 2, 3, 10, 1), (3, 2, 6, 10, 1), (3, 2, 9, 10, 1), (3, 2, 8, 10, 1), (3, 2, 12, 10, 1), (3, 2, 15, 10, 1), (3, 2, 11, 10, 1), (3, 2, 1, 10, 1), (3, 2, 3, 10, 1), (3, 2, 6, 10, 1), (3, 2, 9, 10, 1), (3, 2, 8, 10, 1), (3, 2, 12, 10, 1), (3, 2, 15, 10, 1), (3, 2, 11, 10, 1), (3, 3, 8, 12, 10)]
9 -> costo: 64146.3, rotte: {2: [(1, 5), (5, 2), (2, 4), (4, 10), (10, 13), (13, 14), (14, 7), (7, 16)], 3: [(1, 3), (3, 6), (6, 9), (9, 8), (8, 12), (12, 15), (15, 10), (10, 11)]}, padri: [7], figli: [8, 8, 8, 8, 8, 8, 8, 8], mosse: [(2, 2, 10, 13, 11)]
10 -> costo: 64468.0, rotte: {2: [(1, 5), (5, 2), (2, 4), (4, 13), (13, 14), (14, 7), (7, 16)], 3: [(1, 3), (3, 6), (6, 9), (9, 12), (12, 8), (8, 15), (15, 10), (10, 11)]}, padri: [6, 6], figli: [8], mosse: [(3, 2, 1, 10, 1), (3, 2, 3, 10, 1)]
bestSolutionIndice: 8
8 -> costo: 64145.9, rotte: {2: [(1, 5), (5, 2), (2, 4), (4, 13), (13, 14), (14, 7), (7, 16)], 3: [(1, 3), (3, 6), (6, 9), (9, 8), (8, 12), (12, 15), (15, 10), (10, 11)]}, padri: [7, 7, 7, 7, 7, 7, 7, 7, 9, 9, 9, 9, 9, 9, 9, 9, 10], figli: [], mosse: [(3, 2, 1, 10, 1), (3, 2, 3, 10, 1), (3, 2, 6, 10, 1), (3, 2, 9, 10, 1), (3, 2, 8, 10, 1), (3, 2, 12, 10, 1), (3, 2, 15, 10, 1), (3, 2, 11, 10, 1), (3, 2, 1, 10, 1), (3, 2, 3, 10, 1), (3, 2, 6, 10, 1), (3, 2, 9, 10, 1), (3, 2, 8, 10, 1), (3, 2, 12, 10, 1), (3, 2, 15, 10, 1), (3, 2, 11, 10, 1), (3, 3, 8, 12, 10)]
trasportoPalletDiGamma: {2: [(5, 3), (2, 12), (4, 2), (13, 11), (14, 12), (7, 5), (16, 14)], 3: [(3, 1), (6, 4), (9, 7), (8, 6), (12, 10), (15, 13), (10, 8), (11, 9)]}
itMosseLS: 27, itMosseTS: 20
time elapsed: 163.36s.


##########################################################################################
s: 1
dictSolutions[1]:
0 -> costo: 114342.8, rotte: {2: [(1, 16), (16, 2), (2, 15), (15, 6), (6, 10), (10, 14)], 3: [(1, 8), (8, 5), (5, 3), (3, 4), (4, 12), (12, 13), (13, 7), (7, 9), (9, 11), (11, 14)]}, padri: [-1], figli: [1], mosse: [-1]
1 -> costo: 86789.29999999999, rotte: {2: [(1, 16), (16, 2), (2, 15), (15, 6), (6, 10), (10, 14)], 3: [(1, 8), (8, 5), (5, 3), (3, 4), (4, 12), (12, 14), (14, 13), (13, 7), (7, 9), (9, 11)]}, padri: [0], figli: [2], mosse: [(3, 3, 12, 14, 3)]
2 -> costo: 81206.59999999998, rotte: {2: [(1, 16), (16, 2), (2, 15), (15, 6), (6, 10), (10, 14)], 3: [(1, 5), (5, 3), (3, 4), (4, 8), (8, 12), (12, 14), (14, 13), (13, 7), (7, 9), (9, 11)]}, padri: [1], figli: [3], mosse: [(3, 3, 4, 8, 6)]
3 -> costo: 75756.59999999999, rotte: {2: [(1, 2), (2, 15), (15, 6), (6, 10), (10, 14), (14, 16)], 3: [(1, 5), (5, 3), (3, 4), (4, 8), (8, 12), (12, 14), (14, 13), (13, 7), (7, 9), (9, 11)]}, padri: [2], figli: [4], mosse: [(2, 2, 14, 16, 14)]
4 -> costo: 72461.29999999999, rotte: {2: [(1, 2), (2, 6), (6, 10), (10, 14), (14, 15), (15, 16)], 3: [(1, 5), (5, 3), (3, 4), (4, 8), (8, 12), (12, 14), (14, 13), (13, 7), (7, 9), (9, 11)]}, padri: [3], figli: [5], mosse: [(2, 2, 14, 15, 13)]
5 -> costo: 70353.90000000001, rotte: {2: [(1, 2), (2, 6), (6, 10), (10, 14), (14, 15), (15, 16)], 3: [(1, 5), (5, 3), (3, 4), (4, 8), (8, 12), (12, 14), (14, 7), (7, 9), (9, 13), (13, 11)]}, padri: [4], figli: [6], mosse: [(3, 3, 9, 13, 11)]
6 -> costo: 68506.09999999999, rotte: {2: [(1, 2), (2, 6), (6, 10), (10, 14), (14, 15), (15, 16)], 3: [(1, 5), (5, 3), (3, 4), (4, 8), (8, 12), (12, 7), (7, 9), (9, 14), (14, 13), (13, 11)]}, padri: [5], figli: [7], mosse: [(3, 3, 9, 14, 3)]
7 -> costo: 67475.0, rotte: {2: [(1, 2), (2, 6), (6, 10), (10, 14), (14, 15), (15, 16)], 3: [(1, 5), (5, 3), (3, 4), (4, 8), (8, 12), (12, 9), (9, 7), (7, 14), (14, 13), (13, 11)]}, padri: [6], figli: [8, 17, 18], mosse: [(3, 3, 9, 7, 5)]
8 -> costo: 66579.9, rotte: {2: [(1, 2), (2, 6), (6, 10), (10, 14), (14, 15), (15, 16)], 3: [(1, 5), (5, 4), (4, 3), (3, 8), (8, 12), (12, 9), (9, 7), (7, 14), (14, 13), (13, 11)]}, padri: [7, 17], figli: [9, 12, 14, 16], mosse: [(3, 3, 4, 3, 1), (3, 3, 4, 3, 1)]
9 -> costo: 65495.200000000004, rotte: {2: [(1, 2), (2, 6), (6, 10), (10, 14), (14, 15), (15, 16)], 3: [(1, 4), (4, 5), (5, 3), (3, 8), (8, 12), (12, 9), (9, 7), (7, 14), (14, 13), (13, 11)]}, padri: [8, 14], figli: [10, 11, 13], mosse: [(3, 3, 4, 5, 3), (3, 3, 5, 3, 1)]
10 -> costo: 65197.700000000004, rotte: {2: [(1, 2), (2, 10), (10, 6), (6, 14), (14, 15), (15, 16)], 3: [(1, 4), (4, 5), (5, 3), (3, 8), (8, 12), (12, 9), (9, 7), (7, 14), (14, 13), (13, 11)]}, padri: [9, 11, 12, 13], figli: [], mosse: [(2, 2, 10, 6, 4), (2, 2, 6, 14, 9), (3, 3, 4, 5, 3), (3, 3, 5, 3, 1)]
11 -> costo: 65351.5, rotte: {2: [(1, 2), (2, 10), (10, 14), (14, 6), (6, 15), (15, 16)], 3: [(1, 4), (4, 5), (5, 3), (3, 8), (8, 12), (12, 9), (9, 7), (7, 14), (14, 13), (13, 11)]}, padri: [9, 15, 16], figli: [10, 13], mosse: [(2, 2, 14, 6, 4), (3, 3, 5, 3, 1), (3, 3, 4, 5, 3)]
12 -> costo: 66282.4, rotte: {2: [(1, 2), (2, 10), (10, 6), (6, 14), (14, 15), (15, 16)], 3: [(1, 5), (5, 4), (4, 3), (3, 8), (8, 12), (12, 9), (9, 7), (7, 14), (14, 13), (13, 11)]}, padri: [8, 16, 18], figli: [10, 13, 15], mosse: [(2, 2, 10, 6, 4), (2, 2, 6, 14, 9), (3, 3, 4, 3, 1)]
13 -> costo: 66086.8, rotte: {2: [(1, 2), (2, 10), (10, 6), (6, 14), (14, 15), (15, 16)], 3: [(1, 4), (4, 3), (3, 5), (5, 8), (8, 12), (12, 9), (9, 7), (7, 14), (14, 13), (13, 11)]}, padri: [12, 14, 15], figli: [10], mosse: [(3, 3, 3, 5, 3), (2, 2, 10, 6, 4), (2, 2, 6, 14, 9)]
14 -> costo: 66384.3, rotte: {2: [(1, 2), (2, 6), (6, 10), (10, 14), (14, 15), (15, 16)], 3: [(1, 4), (4, 3), (3, 5), (5, 8), (8, 12), (12, 9), (9, 7), (7, 14), (14, 13), (13, 11)]}, padri: [8], figli: [9, 13, 15], mosse: [(3, 3, 3, 5, 3)]
15 -> costo: 66240.59999999999, rotte: {2: [(1, 2), (2, 10), (10, 14), (14, 6), (6, 15), (15, 16)], 3: [(1, 4), (4, 3), (3, 5), (5, 8), (8, 12), (12, 9), (9, 7), (7, 14), (14, 13), (13, 11)]}, padri: [14, 16], figli: [11, 13], mosse: [(2, 2, 14, 6, 4), (3, 3, 3, 5, 3)]
16 -> costo: 66436.2, rotte: {2: [(1, 2), (2, 10), (10, 14), (14, 6), (6, 15), (15, 16)], 3: [(1, 5), (5, 4), (4, 3), (3, 8), (8, 12), (12, 9), (9, 7), (7, 14), (14, 13), (13, 11)]}, padri: [8], figli: [11, 15, 12], mosse: [(2, 2, 14, 6, 4)]
17 -> costo: 66915.9, rotte: {2: [(1, 2), (2, 6), (6, 10), (10, 14), (14, 15), (15, 16)], 3: [(1, 3), (3, 5), (5, 4), (4, 8), (8, 12), (12, 9), (9, 7), (7, 14), (14, 13), (13, 11)]}, padri: [7], figli: [8, 18], mosse: [(3, 3, 3, 5, 3)]
18 -> costo: 66618.4, rotte: {2: [(1, 2), (2, 10), (10, 6), (6, 14), (14, 15), (15, 16)], 3: [(1, 3), (3, 5), (5, 4), (4, 8), (8, 12), (12, 9), (9, 7), (7, 14), (14, 13), (13, 11)]}, padri: [17], figli: [12], mosse: [(2, 2, 10, 6, 4)]
bestSolutionIndice: 10
10 -> costo: 65197.700000000004, rotte: {2: [(1, 2), (2, 10), (10, 6), (6, 14), (14, 15), (15, 16)], 3: [(1, 4), (4, 5), (5, 3), (3, 8), (8, 12), (12, 9), (9, 7), (7, 14), (14, 13), (13, 11)]}, padri: [9, 11, 12, 13], figli: [], mosse: [(2, 2, 10, 6, 4), (2, 2, 6, 14, 9), (3, 3, 4, 5, 3), (3, 3, 5, 3, 1)]
trasportoPalletDiGamma: {2: [(2, 12), (10, 8), (6, 4), (14, 9), (15, 13), (16, 14)], 3: [(4, 2), (5, 3), (3, 1), (8, 6), (12, 10), (9, 7), (7, 5), (14, 3), (13, 11), (11, 9)]}
itMosseLS: 30, itMosseTS: 20
time elapsed: 266.05s.


##########################################################################################
s: 1
dictSolutions[1]:
0 -> costo: 109756.3, rotte: {2: [(1, 16), (16, 14), (14, 8), (8, 7), (7, 9), (9, 15), (15, 4), (4, 11)], 3: [(1, 3), (3, 12), (12, 13), (13, 5), (5, 2), (2, 10), (10, 6), (6, 11)]}, padri: [-1], figli: [1], mosse: [-1]
1 -> costo: 81321.7, rotte: {2: [(1, 16), (16, 14), (14, 8), (8, 7), (7, 9), (9, 15), (15, 4)], 3: [(1, 3), (3, 12), (12, 13), (13, 5), (5, 2), (2, 10), (10, 6), (6, 11)]}, padri: [0], figli: [2], mosse: [(3, 2, 1, 11, 1)]
2 -> costo: 76639.0, rotte: {2: [(1, 4), (4, 16), (16, 14), (14, 8), (8, 7), (7, 9), (9, 15)], 3: [(1, 3), (3, 12), (12, 13), (13, 5), (5, 2), (2, 10), (10, 6), (6, 11)]}, padri: [1], figli: [3], mosse: [(2, 2, 1, 4, 2)]
3 -> costo: 72762.59999999999, rotte: {2: [(1, 4), (4, 14), (14, 8), (8, 7), (7, 9), (9, 15), (15, 16)], 3: [(1, 3), (3, 12), (12, 13), (13, 5), (5, 2), (2, 10), (10, 6), (6, 11)]}, padri: [2], figli: [4], mosse: [(2, 2, 15, 16, 14)]
4 -> costo: 70568.9, rotte: {2: [(1, 4), (4, 14), (14, 8), (8, 7), (7, 9), (9, 15), (15, 16)], 3: [(1, 3), (3, 12), (12, 5), (5, 2), (2, 10), (10, 13), (13, 6), (6, 11)]}, padri: [3], figli: [5], mosse: [(3, 3, 10, 13, 11)]
5 -> costo: 68673.0, rotte: {2: [(1, 4), (4, 14), (14, 8), (8, 7), (7, 9), (9, 15), (15, 16)], 3: [(1, 3), (3, 5), (5, 2), (2, 10), (10, 13), (13, 6), (6, 12), (12, 11)]}, padri: [4], figli: [6], mosse: [(3, 3, 6, 12, 10)]
6 -> costo: 67073.1, rotte: {2: [(1, 4), (4, 14), (14, 7), (7, 9), (9, 8), (8, 15), (15, 16)], 3: [(1, 3), (3, 5), (5, 2), (2, 10), (10, 13), (13, 6), (6, 12), (12, 11)]}, padri: [5], figli: [7, 11, 19, 21], mosse: [(2, 2, 9, 8, 6)]
7 -> costo: 66299.6, rotte: {2: [(1, 4), (4, 14), (14, 7), (7, 9), (9, 8), (8, 15), (15, 16)], 3: [(1, 5), (5, 2), (2, 3), (3, 10), (10, 13), (13, 6), (6, 12), (12, 11)]}, padri: [6], figli: [8, 9, 13], mosse: [(3, 3, 2, 3, 1)]
8 -> costo: 65633.2, rotte: {2: [(1, 14), (14, 7), (7, 9), (9, 8), (8, 15), (15, 16)], 3: [(1, 4), (4, 5), (5, 2), (2, 3), (3, 10), (10, 13), (13, 6), (6, 12), (12, 11)]}, padri: [7, 12, 21], figli: [], mosse: [(3, 2, 1, 4, 2), (3, 2, 2, 3, 1), (3, 3, 2, 3, 1)]
9 -> costo: 66274.5, rotte: {2: [(1, 4), (4, 7), (7, 9), (9, 8), (8, 14), (14, 15), (15, 16)], 3: [(1, 5), (5, 2), (2, 3), (3, 10), (10, 13), (13, 6), (6, 12), (12, 11)]}, padri: [7], figli: [10, 14], mosse: [(2, 2, 8, 14, 12)]
10 -> costo: 66098.6, rotte: {2: [(1, 7), (7, 9), (9, 8), (8, 14), (14, 15), (15, 16)], 3: [(1, 4), (4, 5), (5, 2), (2, 3), (3, 10), (10, 13), (13, 6), (6, 12), (12, 11)]}, padri: [9, 13], figli: [], mosse: [(3, 2, 1, 4, 2), (3, 2, 2, 3, 1)]
11 -> costo: 66737.1, rotte: {2: [(1, 4), (4, 3), (3, 14), (14, 7), (7, 9), (9, 8), (8, 15), (15, 16)], 3: [(1, 5), (5, 2), (2, 10), (10, 13), (13, 6), (6, 12), (12, 11)]}, padri: [6], figli: [12, 16, 18, 20], mosse: [(2, 3, 4, 3, 1)]
12 -> costo: 66184.0, rotte: {2: [(1, 3), (3, 14), (14, 7), (7, 9), (9, 8), (8, 15), (15, 16)], 3: [(1, 4), (4, 5), (5, 2), (2, 10), (10, 13), (13, 6), (6, 12), (12, 11)]}, padri: [11], figli: [8, 13], mosse: [(3, 2, 1, 4, 2)]
13 -> costo: 66158.90000000001, rotte: {2: [(1, 3), (3, 7), (7, 9), (9, 8), (8, 14), (14, 15), (15, 16)], 3: [(1, 4), (4, 5), (5, 2), (2, 10), (10, 13), (13, 6), (6, 12), (12, 11)]}, padri: [12, 18], figli: [10, 14], mosse: [(2, 2, 8, 14, 12), (3, 2, 1, 4, 2)]
14 -> costo: 66158.9, rotte: {2: [(1, 3), (3, 7), (7, 9), (9, 8), (8, 14), (14, 15), (15, 16)], 3: [(1, 4), (4, 2), (2, 5), (5, 10), (10, 13), (13, 6), (6, 12), (12, 11)]}, padri: [13], figli: [15], mosse: [(3, 3, 2, 5, 3)]
15 -> costo: 66098.6, rotte: {2: [(1, 7), (7, 9), (9, 8), (8, 14), (14, 15), (15, 16)], 3: [(1, 4), (4, 2), (2, 5), (5, 3), (3, 10), (10, 13), (13, 6), (6, 12), (12, 11)]}, padri: [14], figli: [], mosse: [(3, 2, 5, 3, 1)]
16 -> costo: 66570.1, rotte: {2: [(1, 3), (3, 14), (14, 7), (7, 9), (9, 8), (8, 15), (15, 16)], 3: [(1, 5), (5, 2), (2, 4), (4, 10), (10, 13), (13, 6), (6, 12), (12, 11)]}, padri: [11, 19], figli: [17], mosse: [(3, 2, 2, 4, 2), (2, 3, 1, 3, 1)]
17 -> costo: 66545.0, rotte: {2: [(1, 3), (3, 7), (7, 9), (9, 8), (8, 14), (14, 15), (15, 16)], 3: [(1, 5), (5, 2), (2, 4), (4, 10), (10, 13), (13, 6), (6, 12), (12, 11)]}, padri: [16, 18], figli: [], mosse: [(2, 2, 8, 14, 12), (3, 2, 2, 4, 2)]
18 -> costo: 66712.0, rotte: {2: [(1, 4), (4, 3), (3, 7), (7, 9), (9, 8), (8, 14), (14, 15), (15, 16)], 3: [(1, 5), (5, 2), (2, 10), (10, 13), (13, 6), (6, 12), (12, 11)]}, padri: [11], figli: [13, 17], mosse: [(2, 2, 8, 14, 12)]
19 -> costo: 66792.8, rotte: {2: [(1, 14), (14, 7), (7, 9), (9, 8), (8, 15), (15, 16)], 3: [(1, 3), (3, 5), (5, 2), (2, 4), (4, 10), (10, 13), (13, 6), (6, 12), (12, 11)]}, padri: [6, 21], figli: [16, 20], mosse: [(3, 2, 2, 4, 2), (3, 3, 2, 4, 2)]
20 -> costo: 66717.9, rotte: {2: [(1, 14), (14, 7), (7, 9), (9, 8), (8, 15), (15, 16)], 3: [(1, 5), (5, 2), (2, 4), (4, 3), (3, 10), (10, 13), (13, 6), (6, 12), (12, 11)]}, padri: [19], figli: [], mosse: [(3, 3, 4, 3, 1)]
21 -> costo: 66959.8, rotte: {2: [(1, 14), (14, 7), (7, 9), (9, 8), (8, 15), (15, 16)], 3: [(1, 4), (4, 3), (3, 5), (5, 2), (2, 10), (10, 13), (13, 6), (6, 12), (12, 11)]}, padri: [6], figli: [8, 19], mosse: [(3, 2, 1, 4, 2)]
bestSolutionIndice: 8
8 -> costo: 65633.2, rotte: {2: [(1, 14), (14, 7), (7, 9), (9, 8), (8, 15), (15, 16)], 3: [(1, 4), (4, 5), (5, 2), (2, 3), (3, 10), (10, 13), (13, 6), (6, 12), (12, 11)]}, padri: [7, 12, 21], figli: [], mosse: [(3, 2, 1, 4, 2), (3, 2, 2, 3, 1), (3, 3, 2, 3, 1)]
trasportoPalletDiGamma: {2: [(14, 12), (7, 5), (9, 7), (8, 6), (15, 13), (16, 14)], 3: [(4, 2), (5, 3), (2, 12), (3, 1), (10, 8), (13, 11), (6, 4), (12, 10), (11, 9)]}
itMosseLS: 28, itMosseTS: 20
time elapsed: 146.62s.


##########################################################################################
s: 1
dictSolutions[1]:
0 -> costo: 107649.6, rotte: {3: [(1, 7), (7, 14), (14, 8), (8, 9), (9, 12), (12, 10), (10, 3), (3, 15)], 2: [(1, 13), (13, 11), (11, 6), (6, 4), (4, 16), (16, 5), (5, 2), (2, 15)]}, padri: [-1], figli: [1], mosse: [-1]
1 -> costo: 84219.2, rotte: {3: [(1, 7), (7, 14), (14, 8), (8, 9), (9, 12), (12, 10), (10, 3), (3, 15)], 2: [(1, 13), (13, 6), (6, 4), (4, 16), (16, 5), (5, 2), (2, 15), (15, 11)]}, padri: [0], figli: [2], mosse: [(2, 2, 15, 11, 9)]
2 -> costo: 79685.1, rotte: {3: [(1, 7), (7, 14), (14, 8), (8, 9), (9, 12), (12, 10), (10, 3), (3, 15)], 2: [(1, 13), (13, 6), (6, 4), (4, 5), (5, 2), (2, 16), (16, 15), (15, 11)]}, padri: [1], figli: [3], mosse: [(2, 2, 2, 16, 14)]
3 -> costo: 77768.1, rotte: {3: [(1, 7), (7, 8), (8, 9), (9, 12), (12, 14), (14, 10), (10, 3), (3, 15)], 2: [(1, 13), (13, 6), (6, 4), (4, 5), (5, 2), (2, 16), (16, 15), (15, 11)]}, padri: [2], figli: [4], mosse: [(3, 3, 12, 14, 12)]
4 -> costo: 76009.50000000001, rotte: {3: [(1, 7), (7, 8), (8, 9), (9, 12), (12, 15), (15, 14), (14, 10), (10, 3)], 2: [(1, 13), (13, 6), (6, 4), (4, 5), (5, 2), (2, 16), (16, 15), (15, 11)]}, padri: [3], figli: [5], mosse: [(3, 3, 12, 15, 11)]
5 -> costo: 74330.20000000001, rotte: {3: [(1, 3), (3, 7), (7, 8), (8, 9), (9, 12), (12, 15), (15, 14), (14, 10)], 2: [(1, 13), (13, 6), (6, 4), (4, 5), (5, 2), (2, 16), (16, 15), (15, 11)]}, padri: [4], figli: [6], mosse: [(3, 3, 1, 3, 1)]
6 -> costo: 73058.5, rotte: {3: [(1, 3), (3, 7), (7, 8), (8, 9), (9, 12), (12, 15), (15, 14), (14, 10)], 2: [(1, 13), (13, 4), (4, 5), (5, 2), (2, 16), (16, 15), (15, 6), (6, 11)]}, padri: [5], figli: [7, 13, 17], mosse: [(2, 2, 15, 6, 4)]
7 -> costo: 70256.3, rotte: {3: [(1, 3), (3, 7), (7, 8), (8, 9), (9, 12), (12, 15), (15, 14), (14, 10)], 2: [(1, 4), (4, 5), (5, 2), (2, 16), (16, 15), (15, 6), (6, 13), (13, 11)]}, padri: [6], figli: [8, 10, 11, 12, 14, 15, 18], mosse: [(2, 2, 6, 13, 11)]
8 -> costo: 69062.40000000001, rotte: {3: [(1, 3), (3, 7), (7, 9), (9, 8), (8, 12), (12, 15), (15, 14), (14, 10)], 2: [(1, 4), (4, 5), (5, 2), (2, 16), (16, 15), (15, 6), (6, 13), (13, 11)]}, padri: [7, 10, 13, 14], figli: [9], mosse: [(3, 3, 9, 8, 6), (3, 3, 8, 12, 10), (2, 2, 6, 13, 11), (2, 2, 6, 13, 11)]
9 -> costo: 68983.2, rotte: {3: [(1, 3), (3, 7), (7, 9), (9, 8), (8, 12), (12, 15), (15, 14), (14, 10)], 2: [(1, 4), (4, 2), (2, 5), (5, 16), (16, 15), (15, 6), (6, 13), (13, 11)]}, padri: [8, 11, 12, 15, 16], figli: [], mosse: [(2, 2, 2, 5, 3), (3, 3, 8, 12, 10), (3, 3, 9, 8, 6), (2, 2, 6, 13, 11), (2, 2, 6, 13, 11)]
10 -> costo: 69384.5, rotte: {3: [(1, 3), (3, 7), (7, 9), (9, 12), (12, 8), (8, 15), (15, 14), (14, 10)], 2: [(1, 4), (4, 5), (5, 2), (2, 16), (16, 15), (15, 6), (6, 13), (13, 11)]}, padri: [7, 17, 18], figli: [8, 11, 14, 15], mosse: [(3, 3, 12, 8, 6), (2, 2, 6, 13, 11), (2, 2, 6, 13, 11)]
11 -> costo: 69305.3, rotte: {3: [(1, 3), (3, 7), (7, 9), (9, 12), (12, 8), (8, 15), (15, 14), (14, 10)], 2: [(1, 4), (4, 2), (2, 5), (5, 16), (16, 15), (15, 6), (6, 13), (13, 11)]}, padri: [10, 12], figli: [9], mosse: [(2, 2, 2, 5, 3), (3, 3, 12, 8, 6)]
12 -> costo: 70177.1, rotte: {3: [(1, 3), (3, 7), (7, 8), (8, 9), (9, 12), (12, 15), (15, 14), (14, 10)], 2: [(1, 4), (4, 2), (2, 5), (5, 16), (16, 15), (15, 6), (6, 13), (13, 11)]}, padri: [7], figli: [9, 11], mosse: [(2, 2, 2, 5, 3)]
13 -> costo: 71864.6, rotte: {3: [(1, 3), (3, 7), (7, 9), (9, 8), (8, 12), (12, 15), (15, 14), (14, 10)], 2: [(1, 13), (13, 4), (4, 5), (5, 2), (2, 16), (16, 15), (15, 6), (6, 11)]}, padri: [6], figli: [8, 14, 15, 16], mosse: [(3, 3, 9, 8, 6)]
14 -> costo: 71364.5, rotte: {3: [(1, 3), (3, 7), (7, 9), (9, 8), (8, 12), (12, 15), (15, 14), (14, 10)], 2: [(1, 4), (4, 5), (5, 2), (2, 16), (16, 15), (15, 13), (13, 6), (6, 11)]}, padri: [13], figli: [8, 15], mosse: [(2, 2, 15, 13, 11)]
15 -> costo: 71285.3, rotte: {3: [(1, 3), (3, 7), (7, 9), (9, 8), (8, 12), (12, 15), (15, 14), (14, 10)], 2: [(1, 4), (4, 2), (2, 5), (5, 16), (16, 15), (15, 13), (13, 6), (6, 11)]}, padri: [14, 16], figli: [9], mosse: [(2, 2, 2, 5, 3), (2, 2, 15, 13, 11)]
16 -> costo: 71785.40000000001, rotte: {3: [(1, 3), (3, 7), (7, 9), (9, 8), (8, 12), (12, 15), (15, 14), (14, 10)], 2: [(1, 13), (13, 4), (4, 2), (2, 5), (5, 16), (16, 15), (15, 6), (6, 11)]}, padri: [13], figli: [9, 15], mosse: [(2, 2, 2, 5, 3)]
17 -> costo: 72186.7, rotte: {3: [(1, 3), (3, 7), (7, 9), (9, 12), (12, 8), (8, 15), (15, 14), (14, 10)], 2: [(1, 13), (13, 4), (4, 5), (5, 2), (2, 16), (16, 15), (15, 6), (6, 11)]}, padri: [6], figli: [10, 18], mosse: [(3, 3, 12, 8, 6)]
18 -> costo: 71686.6, rotte: {3: [(1, 3), (3, 7), (7, 9), (9, 12), (12, 8), (8, 15), (15, 14), (14, 10)], 2: [(1, 4), (4, 5), (5, 2), (2, 16), (16, 15), (15, 13), (13, 6), (6, 11)]}, padri: [17], figli: [10], mosse: [(2, 2, 15, 13, 11)]
bestSolutionIndice: 9
9 -> costo: 68983.2, rotte: {3: [(1, 3), (3, 7), (7, 9), (9, 8), (8, 12), (12, 15), (15, 14), (14, 10)], 2: [(1, 4), (4, 2), (2, 5), (5, 16), (16, 15), (15, 6), (6, 13), (13, 11)]}, padri: [8, 11, 12, 15, 16], figli: [], mosse: [(2, 2, 2, 5, 3), (3, 3, 8, 12, 10), (3, 3, 9, 8, 6), (2, 2, 6, 13, 11), (2, 2, 6, 13, 11)]
trasportoPalletDiGamma: {3: [(3, 1), (7, 5), (9, 7), (8, 6), (12, 10), (15, 11), (14, 12), (10, 8)], 2: [(4, 2), (2, 12), (5, 3), (16, 14), (15, 2), (6, 4), (13, 11), (11, 9)]}
itMosseLS: 29, itMosseTS: 20
time elapsed: 209.37s.


##########################################################################################
s: 1
dictSolutions[1]:
0 -> costo: 112622.59999999999, rotte: {2: [(1, 3), (3, 8), (8, 11), (11, 16), (16, 15), (15, 10), (10, 12)], 3: [(1, 6), (6, 7), (7, 5), (5, 9), (9, 13), (13, 4), (4, 2), (2, 14), (14, 12)]}, padri: [-1], figli: [1], mosse: [-1]
1 -> costo: 83927.29999999999, rotte: {2: [(1, 3), (3, 8), (8, 16), (16, 15), (15, 10), (10, 12), (12, 11)], 3: [(1, 6), (6, 7), (7, 5), (5, 9), (9, 13), (13, 4), (4, 2), (2, 14), (14, 12)]}, padri: [0], figli: [2], mosse: [(2, 2, 12, 11, 9)]
2 -> costo: 79409.69999999998, rotte: {2: [(1, 3), (3, 8), (8, 16), (16, 15), (15, 12), (12, 10), (10, 11)], 3: [(1, 6), (6, 7), (7, 5), (5, 9), (9, 13), (13, 4), (4, 2), (2, 14), (14, 12)]}, padri: [1], figli: [3], mosse: [(2, 2, 12, 10, 8)]
3 -> costo: 76025.1, rotte: {2: [(1, 3), (3, 8), (8, 16), (16, 15), (15, 12), (12, 10), (10, 11)], 3: [(1, 6), (6, 7), (7, 9), (9, 13), (13, 4), (4, 2), (2, 5), (5, 14), (14, 12)]}, padri: [2], figli: [4], mosse: [(3, 3, 2, 5, 3)]
4 -> costo: 74786.40000000002, rotte: {2: [(1, 3), (3, 8), (8, 16), (16, 15), (15, 12), (12, 10), (10, 11)], 3: [(1, 6), (6, 7), (7, 9), (9, 12), (12, 13), (13, 4), (4, 2), (2, 5), (5, 14)]}, padri: [3], figli: [5], mosse: [(3, 3, 9, 12, 1)]
5 -> costo: 73313.0, rotte: {2: [(1, 3), (3, 8), (8, 16), (16, 15), (15, 12), (12, 10), (10, 11)], 3: [(1, 6), (6, 7), (7, 9), (9, 12), (12, 14), (14, 13), (13, 4), (4, 2), (2, 5)]}, padri: [4], figli: [6], mosse: [(3, 3, 12, 14, 12)]
6 -> costo: 72119.09999999999, rotte: {2: [(1, 3), (3, 16), (16, 15), (15, 12), (12, 8), (8, 10), (10, 11)], 3: [(1, 6), (6, 7), (7, 9), (9, 12), (12, 14), (14, 13), (13, 4), (4, 2), (2, 5)]}, padri: [5], figli: [7], mosse: [(2, 2, 12, 8, 6)]
7 -> costo: 71734.09999999999, rotte: {2: [(1, 16), (16, 15), (15, 12), (12, 8), (8, 10), (10, 11)], 3: [(1, 3), (3, 6), (6, 7), (7, 9), (9, 12), (12, 14), (14, 13), (13, 4), (4, 2), (2, 5)]}, padri: [6], figli: [8, 8, 8, 8, 8, 8, 14, 14, 14, 14, 14, 14], mosse: [(3, 2, 1, 3, 1)]
8 -> costo: 70542.0, rotte: {2: [(1, 16), (16, 15), (15, 12), (12, 8), (8, 10), (10, 11)], 3: [(1, 3), (3, 6), (6, 7), (7, 9), (9, 14), (14, 13), (13, 4), (4, 2), (2, 5)]}, padri: [7, 7, 7, 7, 7, 7], figli: [9, 12, 15], mosse: [(2, 3, 1, 12, 1), (2, 3, 16, 12, 1), (2, 3, 15, 12, 1), (2, 3, 8, 12, 1), (2, 3, 10, 12, 1), (2, 3, 11, 12, 1)]
9 -> costo: 69916.49999999999, rotte: {2: [(1, 16), (16, 15), (15, 12), (12, 8), (8, 10), (10, 11)], 3: [(1, 3), (3, 7), (7, 9), (9, 6), (6, 14), (14, 13), (13, 4), (4, 2), (2, 5)]}, padri: [8, 14, 14, 14, 14, 14, 14], figli: [10, 13], mosse: [(3, 3, 9, 6, 4), (2, 3, 1, 12, 1), (2, 3, 16, 12, 1), (2, 3, 15, 12, 1), (2, 3, 8, 12, 1), (2, 3, 10, 12, 1), (2, 3, 11, 12, 1)]
10 -> costo: 69662.49999999999, rotte: {2: [(1, 16), (16, 15), (15, 12), (12, 8), (8, 10), (10, 11)], 3: [(1, 3), (3, 7), (7, 9), (9, 6), (6, 14), (14, 13), (13, 2), (2, 5), (5, 4)]}, padri: [9, 12, 15, 15], figli: [11], mosse: [(3, 3, 5, 4, 2), (3, 3, 9, 6, 4), (2, 3, 1, 12, 1), (2, 3, 16, 12, 1)]
11 -> costo: 69602.2, rotte: {2: [(1, 16), (16, 15), (15, 12), (12, 8), (8, 10), (10, 11)], 3: [(1, 7), (7, 9), (9, 6), (6, 14), (14, 13), (13, 3), (3, 2), (2, 5), (5, 4)]}, padri: [10, 13], figli: [], mosse: [(3, 3, 13, 3, 1), (3, 3, 9, 6, 4)]
12 -> costo: 70287.99999999999, rotte: {2: [(1, 16), (16, 15), (15, 12), (12, 8), (8, 10), (10, 11)], 3: [(1, 3), (3, 6), (6, 7), (7, 9), (9, 14), (14, 13), (13, 2), (2, 5), (5, 4)]}, padri: [8], figli: [10, 13], mosse: [(3, 3, 5, 4, 2)]
13 -> costo: 70227.7, rotte: {2: [(1, 16), (16, 15), (15, 12), (12, 8), (8, 10), (10, 11)], 3: [(1, 6), (6, 7), (7, 9), (9, 14), (14, 13), (13, 3), (3, 2), (2, 5), (5, 4)]}, padri: [12], figli: [11], mosse: [(3, 3, 13, 3, 1)]
14 -> costo: 71371.49999999999, rotte: {2: [(1, 16), (16, 15), (15, 12), (12, 8), (8, 10), (10, 11)], 3: [(1, 3), (3, 7), (7, 9), (9, 12), (12, 6), (6, 14), (14, 13), (13, 4), (4, 2), (2, 5)]}, padri: [7], figli: [9, 9, 9, 9, 9, 9, 15, 15, 15, 15, 15, 15], mosse: [(3, 3, 12, 6, 4)]
15 -> costo: 71117.49999999999, rotte: {2: [(1, 16), (16, 15), (15, 12), (12, 8), (8, 10), (10, 11)], 3: [(1, 3), (3, 7), (7, 9), (9, 12), (12, 6), (6, 14), (14, 13), (13, 2), (2, 5), (5, 4)]}, padri: [14], figli: [10, 10], mosse: [(3, 3, 5, 4, 2)]
bestSolutionIndice: 11
11 -> costo: 69602.2, rotte: {2: [(1, 16), (16, 15), (15, 12), (12, 8), (8, 10), (10, 11)], 3: [(1, 7), (7, 9), (9, 6), (6, 14), (14, 13), (13, 3), (3, 2), (2, 5), (5, 4)]}, padri: [10, 13], figli: [], mosse: [(3, 3, 13, 3, 1), (3, 3, 9, 6, 4)]
trasportoPalletDiGamma: {2: [(16, 14), (15, 13), (12, 10), (8, 6), (10, 8), (11, 9)], 3: [(7, 5), (9, 7), (6, 4), (14, 12), (13, 11), (3, 1), (2, 12), (5, 3), (4, 2)]}
itMosseLS: 30, itMosseTS: 20
time elapsed: 143.55s.


##########################################################################################
s: 1
dictSolutions[1]:
0 -> costo: 112217.3, rotte: {3: [(1, 16), (16, 3), (3, 8), (8, 11), (11, 5), (5, 6), (6, 15), (15, 12)], 2: [(1, 14), (14, 9), (9, 4), (4, 13), (13, 2), (2, 7), (7, 10)]}, padri: [-1], figli: [1], mosse: [-1]
1 -> costo: 86342.7, rotte: {3: [(1, 16), (16, 3), (3, 8), (8, 5), (5, 6), (6, 15), (15, 12), (12, 11)], 2: [(1, 14), (14, 9), (9, 4), (4, 13), (13, 2), (2, 7), (7, 10)]}, padri: [0], figli: [2], mosse: [(3, 3, 12, 11, 9)]
2 -> costo: 81473.2, rotte: {3: [(1, 16), (16, 3), (3, 5), (5, 6), (6, 15), (15, 12), (12, 8), (8, 11)], 2: [(1, 14), (14, 9), (9, 4), (4, 13), (13, 2), (2, 7), (7, 10)]}, padri: [1], figli: [3], mosse: [(3, 3, 12, 8, 6)]
3 -> costo: 77680.9, rotte: {3: [(1, 3), (3, 5), (5, 6), (6, 16), (16, 15), (15, 12), (12, 8), (8, 11)], 2: [(1, 14), (14, 9), (9, 4), (4, 13), (13, 2), (2, 7), (7, 10)]}, padri: [2], figli: [4], mosse: [(3, 3, 6, 16, 14)]
4 -> costo: 74177.70000000001, rotte: {3: [(1, 3), (3, 5), (5, 6), (6, 16), (16, 15), (15, 12), (12, 8), (8, 11)], 2: [(1, 14), (14, 9), (9, 4), (4, 2), (2, 7), (7, 13), (13, 10)]}, padri: [3], figli: [5], mosse: [(2, 2, 7, 13, 11)]
5 -> costo: 72994.29999999999, rotte: {3: [(1, 3), (3, 5), (5, 6), (6, 16), (16, 15), (15, 12), (12, 8), (8, 11)], 2: [(1, 9), (9, 4), (4, 2), (2, 7), (7, 14), (14, 13), (13, 10)]}, padri: [4], figli: [6, 18], mosse: [(2, 2, 7, 14, 12)]
6 -> costo: 68649.49999999999, rotte: {3: [(1, 3), (3, 5), (5, 6), (6, 16), (16, 15), (15, 12), (12, 8), (8, 11)], 2: [(1, 4), (4, 2), (2, 9), (9, 7), (7, 14), (14, 13), (13, 10)]}, padri: [5], figli: [7, 10, 16], mosse: [(2, 2, 2, 9, 7)]
7 -> costo: 67686.7, rotte: {3: [(1, 3), (3, 5), (5, 16), (16, 15), (15, 12), (12, 8), (8, 6), (6, 11)], 2: [(1, 4), (4, 2), (2, 9), (9, 7), (7, 14), (14, 13), (13, 10)]}, padri: [6, 15, 19], figli: [8, 17], mosse: [(3, 3, 8, 6, 4), (3, 3, 3, 5, 3), (2, 2, 9, 7, 5)]
8 -> costo: 67401.5, rotte: {3: [(1, 5), (5, 16), (16, 15), (15, 12), (12, 8), (8, 6), (6, 11)], 2: [(1, 4), (4, 2), (2, 3), (3, 9), (9, 7), (7, 14), (14, 13), (13, 10)]}, padri: [7, 16], figli: [9], mosse: [(2, 3, 2, 3, 1), (3, 3, 8, 6, 4)]
9 -> costo: 67352.9, rotte: {3: [(1, 5), (5, 16), (16, 15), (15, 12), (12, 8), (8, 6), (6, 11)], 2: [(1, 4), (4, 2), (2, 3), (3, 7), (7, 9), (9, 14), (14, 13), (13, 10)]}, padri: [8, 17, 19], figli: [], mosse: [(2, 2, 7, 9, 7), (3, 3, 8, 6, 4), (2, 3, 2, 3, 1)]
10 -> costo: 68313.49999999999, rotte: {3: [(1, 5), (5, 3), (3, 6), (6, 16), (16, 15), (15, 12), (12, 8), (8, 11)], 2: [(1, 4), (4, 2), (2, 9), (9, 7), (7, 14), (14, 13), (13, 10)]}, padri: [6], figli: [11, 13, 15], mosse: [(3, 3, 5, 3, 1)]
11 -> costo: 67651.59999999999, rotte: {3: [(1, 3), (3, 6), (6, 16), (16, 15), (15, 12), (12, 8), (8, 11)], 2: [(1, 4), (4, 2), (2, 5), (5, 9), (9, 7), (7, 14), (14, 13), (13, 10)]}, padri: [10, 13], figli: [12], mosse: [(2, 3, 2, 5, 3), (2, 2, 2, 5, 3)]
12 -> costo: 67223.49999999999, rotte: {3: [(1, 3), (3, 16), (16, 15), (15, 12), (12, 8), (8, 6), (6, 11)], 2: [(1, 4), (4, 2), (2, 5), (5, 9), (9, 7), (7, 14), (14, 13), (13, 10)]}, padri: [11, 14, 15], figli: [], mosse: [(3, 3, 8, 6, 4), (2, 2, 2, 5, 3), (2, 3, 2, 5, 3)]
13 -> costo: 67730.79999999999, rotte: {3: [(1, 3), (3, 6), (6, 16), (16, 15), (15, 12), (12, 8), (8, 11)], 2: [(1, 4), (4, 5), (5, 2), (2, 9), (9, 7), (7, 14), (14, 13), (13, 10)]}, padri: [10], figli: [14, 11], mosse: [(2, 3, 4, 5, 3)]
14 -> costo: 67302.69999999998, rotte: {3: [(1, 3), (3, 16), (16, 15), (15, 12), (12, 8), (8, 6), (6, 11)], 2: [(1, 4), (4, 5), (5, 2), (2, 9), (9, 7), (7, 14), (14, 13), (13, 10)]}, padri: [13, 15], figli: [12], mosse: [(3, 3, 8, 6, 4), (2, 3, 4, 5, 3)]
15 -> costo: 67885.4, rotte: {3: [(1, 5), (5, 3), (3, 16), (16, 15), (15, 12), (12, 8), (8, 6), (6, 11)], 2: [(1, 4), (4, 2), (2, 9), (9, 7), (7, 14), (14, 13), (13, 10)]}, padri: [10], figli: [12, 14, 7], mosse: [(3, 3, 8, 6, 4)]
16 -> costo: 68364.29999999999, rotte: {3: [(1, 5), (5, 6), (6, 16), (16, 15), (15, 12), (12, 8), (8, 11)], 2: [(1, 4), (4, 2), (2, 3), (3, 9), (9, 7), (7, 14), (14, 13), (13, 10)]}, padri: [6], figli: [8, 17], mosse: [(2, 3, 2, 3, 1)]
17 -> costo: 68315.7, rotte: {3: [(1, 5), (5, 6), (6, 16), (16, 15), (15, 12), (12, 8), (8, 11)], 2: [(1, 4), (4, 2), (2, 3), (3, 7), (7, 9), (9, 14), (14, 13), (13, 10)]}, padri: [16], figli: [9], mosse: [(2, 2, 7, 9, 7)]
18 -> costo: 68651.7, rotte: {3: [(1, 3), (3, 5), (5, 6), (6, 16), (16, 15), (15, 12), (12, 8), (8, 11)], 2: [(1, 4), (4, 2), (2, 7), (7, 9), (9, 14), (14, 13), (13, 10)]}, padri: [5], figli: [19], mosse: [(2, 2, 7, 9, 7)]
19 -> costo: 67688.9, rotte: {3: [(1, 3), (3, 5), (5, 16), (16, 15), (15, 12), (12, 8), (8, 6), (6, 11)], 2: [(1, 4), (4, 2), (2, 7), (7, 9), (9, 14), (14, 13), (13, 10)]}, padri: [18], figli: [9, 7], mosse: [(3, 3, 8, 6, 4)]
bestSolutionIndice: 12
12 -> costo: 67223.49999999999, rotte: {3: [(1, 3), (3, 16), (16, 15), (15, 12), (12, 8), (8, 6), (6, 11)], 2: [(1, 4), (4, 2), (2, 5), (5, 9), (9, 7), (7, 14), (14, 13), (13, 10)]}, padri: [11, 14, 15], figli: [], mosse: [(3, 3, 8, 6, 4), (2, 2, 2, 5, 3), (2, 3, 2, 5, 3)]
trasportoPalletDiGamma: {3: [(3, 1), (16, 14), (15, 13), (12, 10), (8, 6), (6, 4), (11, 9)], 2: [(4, 2), (2, 12), (5, 3), (9, 7), (7, 5), (14, 12), (13, 11), (10, 8)]}
itMosseLS: 28, itMosseTS: 20
time elapsed: 110.87s.


##########################################################################################
s: 1
dictSolutions[1]:
0 -> costo: 110842.7, rotte: {3: [(1, 5), (5, 15), (15, 8), (8, 2), (2, 10), (10, 4), (4, 16), (16, 3)], 2: [(1, 9), (9, 13), (13, 6), (6, 11), (11, 14), (14, 12), (12, 7)]}, padri: [-1], figli: [1], mosse: [-1]
1 -> costo: 84183.99999999999, rotte: {3: [(1, 5), (5, 15), (15, 8), (8, 2), (2, 10), (10, 4), (4, 16), (16, 3)], 2: [(1, 9), (9, 13), (13, 6), (6, 14), (14, 12), (12, 7), (7, 11)]}, padri: [0], figli: [2], mosse: [(2, 2, 7, 11, 9)]
2 -> costo: 77950.49999999999, rotte: {3: [(1, 5), (5, 15), (15, 8), (8, 2), (2, 3), (3, 10), (10, 4), (4, 16)], 2: [(1, 9), (9, 13), (13, 6), (6, 14), (14, 12), (12, 7), (7, 11)]}, padri: [1], figli: [3], mosse: [(3, 3, 2, 3, 1)]
3 -> costo: 73570.59999999999, rotte: {3: [(1, 5), (5, 15), (15, 8), (8, 2), (2, 3), (3, 10), (10, 4), (4, 16)], 2: [(1, 13), (13, 6), (6, 14), (14, 12), (12, 9), (9, 7), (7, 11)]}, padri: [2], figli: [4], mosse: [(2, 2, 12, 9, 7)]
4 -> costo: 72528.09999999999, rotte: {3: [(1, 5), (5, 15), (15, 8), (8, 2), (2, 3), (3, 10), (10, 4), (4, 16)], 2: [(1, 13), (13, 14), (14, 12), (12, 9), (9, 7), (7, 6), (6, 11)]}, padri: [3], figli: [5], mosse: [(2, 2, 7, 6, 4)]
5 -> costo: 71605.09999999999, rotte: {3: [(1, 5), (5, 15), (15, 8), (8, 3), (3, 10), (10, 4), (4, 2), (2, 16)], 2: [(1, 13), (13, 14), (14, 12), (12, 9), (9, 7), (7, 6), (6, 11)]}, padri: [4], figli: [6], mosse: [(3, 3, 4, 2, 12)]
6 -> costo: 71187.59999999999, rotte: {3: [(1, 5), (5, 15), (15, 8), (8, 10), (10, 3), (3, 4), (4, 2), (2, 16)], 2: [(1, 13), (13, 14), (14, 12), (12, 9), (9, 7), (7, 6), (6, 11)]}, padri: [5], figli: [7, 11, 12, 13], mosse: [(3, 3, 10, 3, 1)]
7 -> costo: 70348.8, rotte: {3: [(1, 5), (5, 8), (8, 15), (15, 10), (10, 3), (3, 4), (4, 2), (2, 16)], 2: [(1, 13), (13, 14), (14, 12), (12, 9), (9, 7), (7, 6), (6, 11)]}, padri: [6], figli: [8, 9, 10], mosse: [(3, 3, 8, 15, 13)]
8 -> costo: 70064.09999999999, rotte: {3: [(1, 8), (8, 15), (15, 10), (10, 3), (3, 4), (4, 2), (2, 5), (5, 16)], 2: [(1, 13), (13, 14), (14, 12), (12, 9), (9, 7), (7, 6), (6, 11)]}, padri: [7, 9, 10, 11], figli: [], mosse: [(3, 3, 2, 5, 3), (3, 3, 2, 5, 3), (3, 3, 2, 5, 3), (3, 3, 8, 15, 13)]
9 -> costo: 70143.3, rotte: {3: [(1, 8), (8, 15), (15, 10), (10, 3), (3, 4), (4, 5), (5, 2), (2, 16)], 2: [(1, 13), (13, 14), (14, 12), (12, 9), (9, 7), (7, 6), (6, 11)]}, padri: [7, 10, 12], figli: [8], mosse: [(3, 3, 4, 5, 3), (3, 3, 4, 5, 3), (3, 3, 8, 15, 13)]
10 -> costo: 70166.9, rotte: {3: [(1, 8), (8, 15), (15, 10), (10, 3), (3, 5), (5, 4), (4, 2), (2, 16)], 2: [(1, 13), (13, 14), (14, 12), (12, 9), (9, 7), (7, 6), (6, 11)]}, padri: [7], figli: [8, 9], mosse: [(3, 3, 3, 5, 3)]
11 -> costo: 70859.7, rotte: {3: [(1, 15), (15, 8), (8, 10), (10, 3), (3, 4), (4, 2), (2, 5), (5, 16)], 2: [(1, 13), (13, 14), (14, 12), (12, 9), (9, 7), (7, 6), (6, 11)]}, padri: [6, 12], figli: [8], mosse: [(3, 3, 2, 5, 3), (3, 3, 2, 5, 3)]
12 -> costo: 70938.9, rotte: {3: [(1, 15), (15, 8), (8, 10), (10, 3), (3, 4), (4, 5), (5, 2), (2, 16)], 2: [(1, 13), (13, 14), (14, 12), (12, 9), (9, 7), (7, 6), (6, 11)]}, padri: [6], figli: [9, 11, 13], mosse: [(3, 3, 4, 5, 3)]
13 -> costo: 70900.0, rotte: {3: [(1, 15), (15, 10), (10, 3), (3, 4), (4, 5), (5, 2), (2, 8), (8, 16)], 2: [(1, 13), (13, 14), (14, 12), (12, 9), (9, 7), (7, 6), (6, 11)]}, padri: [12], figli: [14], mosse: [(3, 3, 2, 8, 6)]
14 -> costo: 66878.4, rotte: {3: [(1, 10), (10, 3), (3, 4), (4, 5), (5, 2), (2, 8), (8, 15), (15, 16)], 2: [(1, 13), (13, 14), (14, 12), (12, 9), (9, 7), (7, 6), (6, 11)]}, padri: [13], figli: [15, 19], mosse: [(3, 3, 8, 15, 13)]
15 -> costo: 66627.79999999999, rotte: {3: [(1, 10), (10, 4), (4, 5), (5, 2), (2, 3), (3, 8), (8, 15), (15, 16)], 2: [(1, 13), (13, 14), (14, 12), (12, 9), (9, 7), (7, 6), (6, 11)]}, padri: [14], figli: [16, 18], mosse: [(3, 3, 2, 3, 1)]
16 -> costo: 65536.4, rotte: {3: [(1, 4), (4, 5), (5, 2), (2, 3), (3, 10), (10, 8), (8, 15), (15, 16)], 2: [(1, 13), (13, 14), (14, 12), (12, 9), (9, 7), (7, 6), (6, 11)]}, padri: [15, 18], figli: [17], mosse: [(3, 3, 3, 10, 8), (3, 3, 3, 10, 8)]
17 -> costo: 65247.1, rotte: {3: [(1, 4), (4, 5), (5, 2), (2, 3), (3, 10), (10, 15), (15, 8), (8, 16)], 2: [(1, 13), (13, 14), (14, 12), (12, 9), (9, 7), (7, 6), (6, 11)]}, padri: [16], figli: [], mosse: [(3, 3, 15, 8, 6)]
18 -> costo: 66502.29999999999, rotte: {3: [(1, 4), (4, 5), (5, 2), (2, 10), (10, 3), (3, 8), (8, 15), (15, 16)], 2: [(1, 13), (13, 14), (14, 12), (12, 9), (9, 7), (7, 6), (6, 11)]}, padri: [15], figli: [16], mosse: [(3, 3, 2, 10, 8)]
19 -> costo: 66872.4, rotte: {3: [(1, 10), (10, 3), (3, 5), (5, 2), (2, 4), (4, 8), (8, 15), (15, 16)], 2: [(1, 13), (13, 14), (14, 12), (12, 9), (9, 7), (7, 6), (6, 11)]}, padri: [14], figli: [20], mosse: [(3, 3, 2, 4, 2)]
20 -> costo: 66695.99999999999, rotte: {3: [(1, 3), (3, 5), (5, 2), (2, 4), (4, 10), (10, 8), (8, 15), (15, 16)], 2: [(1, 13), (13, 14), (14, 12), (12, 9), (9, 7), (7, 6), (6, 11)]}, padri: [19], figli: [21, 23], mosse: [(3, 3, 4, 10, 8)]
21 -> costo: 66406.7, rotte: {3: [(1, 3), (3, 5), (5, 2), (2, 4), (4, 10), (10, 15), (15, 8), (8, 16)], 2: [(1, 13), (13, 14), (14, 12), (12, 9), (9, 7), (7, 6), (6, 11)]}, padri: [20], figli: [22], mosse: [(3, 3, 15, 8, 6)]
22 -> costo: 66331.79999999999, rotte: {3: [(1, 5), (5, 2), (2, 4), (4, 3), (3, 10), (10, 15), (15, 8), (8, 16)], 2: [(1, 13), (13, 14), (14, 12), (12, 9), (9, 7), (7, 6), (6, 11)]}, padri: [21, 23], figli: [], mosse: [(3, 3, 4, 3, 1), (3, 3, 15, 8, 6)]
23 -> costo: 66621.09999999999, rotte: {3: [(1, 5), (5, 2), (2, 4), (4, 3), (3, 10), (10, 8), (8, 15), (15, 16)], 2: [(1, 13), (13, 14), (14, 12), (12, 9), (9, 7), (7, 6), (6, 11)]}, padri: [20], figli: [22], mosse: [(3, 3, 4, 3, 1)]
bestSolutionIndice: 17
17 -> costo: 65247.1, rotte: {3: [(1, 4), (4, 5), (5, 2), (2, 3), (3, 10), (10, 15), (15, 8), (8, 16)], 2: [(1, 13), (13, 14), (14, 12), (12, 9), (9, 7), (7, 6), (6, 11)]}, padri: [16], figli: [], mosse: [(3, 3, 15, 8, 6)]
trasportoPalletDiGamma: {3: [(4, 2), (5, 3), (2, 12), (3, 1), (10, 8), (15, 13), (8, 6), (16, 14)], 2: [(13, 11), (14, 12), (12, 10), (9, 7), (7, 5), (6, 4), (11, 9)]}
itMosseLS: 31, itMosseTS: 20
time elapsed: 160.50s.


##########################################################################################
s: 1
dictSolutions[1]:
0 -> costo: 108190.7, rotte: {2: [(1, 15), (15, 5), (5, 7), (7, 12), (12, 11), (11, 4), (4, 6), (6, 14)], 3: [(1, 2), (2, 10), (10, 13), (13, 16), (16, 9), (9, 3), (3, 8)]}, padri: [-1], figli: [1], mosse: [-1]
1 -> costo: 81329.50000000001, rotte: {2: [(1, 15), (15, 5), (5, 7), (7, 12), (12, 4), (4, 6), (6, 14), (14, 11)], 3: [(1, 2), (2, 10), (10, 13), (13, 16), (16, 9), (9, 3), (3, 8)]}, padri: [0], figli: [2], mosse: [(2, 2, 14, 11, 9)]
2 -> costo: 76317.4, rotte: {2: [(1, 5), (5, 7), (7, 12), (12, 15), (15, 4), (4, 6), (6, 14), (14, 11)], 3: [(1, 2), (2, 10), (10, 13), (13, 16), (16, 9), (9, 3), (3, 8)]}, padri: [1], figli: [3], mosse: [(2, 2, 12, 15, 13)]
3 -> costo: 73589.9, rotte: {2: [(1, 5), (5, 7), (7, 12), (12, 15), (15, 4), (4, 6), (6, 14), (14, 11)], 3: [(1, 2), (2, 10), (10, 13), (13, 9), (9, 3), (3, 8), (8, 16)]}, padri: [2], figli: [4], mosse: [(3, 3, 8, 16, 14)]
4 -> costo: 69414.3, rotte: {2: [(1, 5), (5, 7), (7, 12), (12, 15), (15, 4), (4, 6), (6, 14), (14, 11)], 3: [(1, 2), (2, 10), (10, 13), (13, 3), (3, 8), (8, 9), (9, 16)]}, padri: [3], figli: [5], mosse: [(3, 3, 8, 9, 7)]
5 -> costo: 68699.7, rotte: {2: [(1, 5), (5, 7), (7, 12), (12, 15), (15, 4), (4, 6), (6, 14), (14, 11)], 3: [(1, 10), (10, 13), (13, 3), (3, 2), (2, 8), (8, 9), (9, 16)]}, padri: [4], figli: [6, 14, 16, 17, 18], mosse: [(3, 3, 3, 2, 12)]
6 -> costo: 68133.59999999999, rotte: {2: [(1, 5), (5, 7), (7, 12), (12, 15), (15, 6), (6, 14), (14, 4), (4, 11)], 3: [(1, 10), (10, 13), (13, 3), (3, 2), (2, 8), (8, 9), (9, 16)]}, padri: [5], figli: [7, 11, 13], mosse: [(2, 2, 14, 4, 2)]
7 -> costo: 67017.4, rotte: {2: [(1, 5), (5, 7), (7, 12), (12, 15), (15, 14), (14, 6), (6, 4), (4, 11)], 3: [(1, 10), (10, 13), (13, 3), (3, 2), (2, 8), (8, 9), (9, 16)]}, padri: [6], figli: [8, 10, 12], mosse: [(2, 2, 14, 6, 4)]
8 -> costo: 66835.5, rotte: {2: [(1, 7), (7, 12), (12, 15), (15, 14), (14, 6), (6, 5), (5, 4), (4, 11)], 3: [(1, 10), (10, 13), (13, 3), (3, 2), (2, 8), (8, 9), (9, 16)]}, padri: [7, 11], figli: [9], mosse: [(2, 2, 6, 5, 3), (2, 2, 14, 6, 4)]
9 -> costo: 66834.5, rotte: {2: [(1, 7), (7, 12), (12, 15), (15, 14), (14, 6), (6, 5), (5, 4), (4, 11)], 3: [(1, 13), (13, 10), (10, 3), (3, 2), (2, 8), (8, 9), (9, 16)]}, padri: [8, 10, 12], figli: [], mosse: [(3, 3, 13, 10, 8), (2, 2, 6, 5, 3), (2, 2, 14, 6, 4)]
10 -> costo: 67016.4, rotte: {2: [(1, 5), (5, 7), (7, 12), (12, 15), (15, 14), (14, 6), (6, 4), (4, 11)], 3: [(1, 13), (13, 10), (10, 3), (3, 2), (2, 8), (8, 9), (9, 16)]}, padri: [7, 13], figli: [9], mosse: [(3, 3, 13, 10, 8), (2, 2, 14, 6, 4)]
11 -> costo: 67951.7, rotte: {2: [(1, 7), (7, 12), (12, 15), (15, 6), (6, 14), (14, 5), (5, 4), (4, 11)], 3: [(1, 10), (10, 13), (13, 3), (3, 2), (2, 8), (8, 9), (9, 16)]}, padri: [6], figli: [8, 12], mosse: [(2, 2, 14, 5, 3)]
12 -> costo: 67950.7, rotte: {2: [(1, 7), (7, 12), (12, 15), (15, 6), (6, 14), (14, 5), (5, 4), (4, 11)], 3: [(1, 13), (13, 10), (10, 3), (3, 2), (2, 8), (8, 9), (9, 16)]}, padri: [11, 13], figli: [9], mosse: [(3, 3, 13, 10, 8), (2, 2, 14, 5, 3)]
13 -> costo: 68132.59999999999, rotte: {2: [(1, 5), (5, 7), (7, 12), (12, 15), (15, 6), (6, 14), (14, 4), (4, 11)], 3: [(1, 13), (13, 10), (10, 3), (3, 2), (2, 8), (8, 9), (9, 16)]}, padri: [6, 18], figli: [10, 12], mosse: [(3, 3, 13, 10, 8), (2, 2, 14, 4, 2)]
14 -> costo: 68509.90000000001, rotte: {2: [(1, 7), (7, 12), (12, 15), (15, 5), (5, 4), (4, 6), (6, 14), (14, 11)], 3: [(1, 10), (10, 13), (13, 3), (3, 2), (2, 8), (8, 9), (9, 16)]}, padri: [5, 16], figli: [15], mosse: [(2, 2, 15, 5, 3), (2, 2, 5, 4, 2)]
15 -> costo: 68508.9, rotte: {2: [(1, 7), (7, 12), (12, 15), (15, 5), (5, 4), (4, 6), (6, 14), (14, 11)], 3: [(1, 13), (13, 10), (10, 3), (3, 2), (2, 8), (8, 9), (9, 16)]}, padri: [14, 17, 18], figli: [], mosse: [(3, 3, 13, 10, 8), (2, 2, 5, 4, 2), (2, 2, 15, 5, 3)]
16 -> costo: 68523.8, rotte: {2: [(1, 7), (7, 12), (12, 15), (15, 4), (4, 5), (5, 6), (6, 14), (14, 11)], 3: [(1, 10), (10, 13), (13, 3), (3, 2), (2, 8), (8, 9), (9, 16)]}, padri: [5], figli: [14, 17], mosse: [(2, 2, 4, 5, 3)]
17 -> costo: 68522.79999999999, rotte: {2: [(1, 7), (7, 12), (12, 15), (15, 4), (4, 5), (5, 6), (6, 14), (14, 11)], 3: [(1, 13), (13, 10), (10, 3), (3, 2), (2, 8), (8, 9), (9, 16)]}, padri: [16], figli: [15], mosse: [(3, 3, 13, 10, 8)]
18 -> costo: 68698.7, rotte: {2: [(1, 5), (5, 7), (7, 12), (12, 15), (15, 4), (4, 6), (6, 14), (14, 11)], 3: [(1, 13), (13, 10), (10, 3), (3, 2), (2, 8), (8, 9), (9, 16)]}, padri: [5], figli: [13, 15], mosse: [(3, 3, 13, 10, 8)]
bestSolutionIndice: 9
9 -> costo: 66834.5, rotte: {2: [(1, 7), (7, 12), (12, 15), (15, 14), (14, 6), (6, 5), (5, 4), (4, 11)], 3: [(1, 13), (13, 10), (10, 3), (3, 2), (2, 8), (8, 9), (9, 16)]}, padri: [8, 10, 12], figli: [], mosse: [(3, 3, 13, 10, 8), (2, 2, 6, 5, 3), (2, 2, 14, 6, 4)]
trasportoPalletDiGamma: {2: [(7, 5), (12, 10), (15, 13), (14, 12), (6, 4), (5, 3), (4, 2), (11, 9)], 3: [(13, 11), (10, 8), (3, 1), (2, 12), (8, 6), (9, 7), (16, 14)]}
itMosseLS: 27, itMosseTS: 20
time elapsed: 183.74s.


##########################################################################################
s: 1
dictSolutions[1]:
0 -> costo: 108858.8, rotte: {2: [(1, 15), (15, 16), (16, 4), (4, 2), (2, 9), (9, 3), (3, 11), (11, 12)], 3: [(1, 13), (13, 6), (6, 7), (7, 5), (5, 14), (14, 10), (10, 8), (8, 12)]}, padri: [-1], figli: [1], mosse: [-1]
1 -> costo: 78871.5, rotte: {2: [(1, 15), (15, 16), (16, 4), (4, 2), (2, 9), (9, 3), (3, 11)], 3: [(1, 13), (13, 6), (6, 7), (7, 5), (5, 14), (14, 10), (10, 8), (8, 12)]}, padri: [0], figli: [2], mosse: [(3, 2, 1, 12, 2)]
2 -> costo: 77528.50000000001, rotte: {2: [(1, 15), (15, 16), (16, 4), (4, 2), (2, 9), (9, 3), (3, 11)], 3: [(1, 13), (13, 6), (6, 7), (7, 5), (5, 10), (10, 14), (14, 8), (8, 12)]}, padri: [1], figli: [3], mosse: [(3, 3, 10, 14, 12)]
3 -> costo: 76963.90000000002, rotte: {2: [(1, 15), (15, 16), (16, 4), (4, 2), (2, 9), (9, 3), (3, 11)], 3: [(1, 6), (6, 7), (7, 5), (5, 10), (10, 13), (13, 14), (14, 8), (8, 12)]}, padri: [2], figli: [4], mosse: [(3, 3, 10, 13, 11)]
4 -> costo: 76530.40000000001, rotte: {2: [(1, 15), (15, 16), (16, 4), (4, 2), (2, 3), (3, 9), (9, 11)], 3: [(1, 6), (6, 7), (7, 5), (5, 10), (10, 13), (13, 14), (14, 8), (8, 12)]}, padri: [3], figli: [5], mosse: [(2, 2, 3, 9, 7)]
5 -> costo: 76118.20000000003, rotte: {2: [(1, 16), (16, 4), (4, 2), (2, 3), (3, 9), (9, 15), (15, 11)], 3: [(1, 6), (6, 7), (7, 5), (5, 10), (10, 13), (13, 14), (14, 8), (8, 12)]}, padri: [4], figli: [6], mosse: [(2, 2, 9, 15, 13)]
6 -> costo: 69660.20000000001, rotte: {2: [(1, 4), (4, 2), (2, 3), (3, 9), (9, 16), (16, 15), (15, 11)], 3: [(1, 6), (6, 7), (7, 5), (5, 10), (10, 13), (13, 14), (14, 8), (8, 12)]}, padri: [5], figli: [7], mosse: [(2, 2, 9, 16, 14)]
7 -> costo: 69300.90000000001, rotte: {2: [(1, 4), (4, 2), (2, 3), (3, 9), (9, 16), (16, 15), (15, 11)], 3: [(1, 7), (7, 5), (5, 10), (10, 13), (13, 14), (14, 6), (6, 8), (8, 12)]}, padri: [6], figli: [8, 9, 10, 11, 12, 16], mosse: [(3, 3, 14, 6, 4)]
8 -> costo: 66156.7, rotte: {2: [(1, 4), (4, 2), (2, 3), (3, 9), (9, 16), (16, 15), (15, 11)], 3: [(1, 5), (5, 10), (10, 13), (13, 14), (14, 6), (6, 7), (7, 8), (8, 12)]}, padri: [7, 9, 10, 11, 13, 16], figli: [], mosse: [(3, 3, 6, 7, 5), (3, 3, 6, 7, 5), (3, 3, 6, 7, 5), (3, 3, 6, 7, 5), (3, 3, 10, 13, 11), (3, 3, 6, 7, 5)]
9 -> costo: 67214.3, rotte: {2: [(1, 4), (4, 2), (2, 3), (3, 9), (9, 16), (16, 15), (15, 11)], 3: [(1, 5), (5, 10), (10, 13), (13, 14), (14, 7), (7, 6), (6, 8), (8, 12)]}, padri: [7, 10, 11, 14], figli: [8], mosse: [(3, 3, 14, 7, 5), (3, 3, 14, 7, 5), (3, 3, 14, 7, 5), (3, 3, 10, 13, 11)]
10 -> costo: 67336.79999999999, rotte: {2: [(1, 4), (4, 2), (2, 3), (3, 9), (9, 16), (16, 15), (15, 11)], 3: [(1, 5), (5, 10), (10, 13), (13, 14), (14, 6), (6, 8), (8, 12), (12, 7)]}, padri: [7, 11, 15], figli: [8, 9], mosse: [(3, 3, 12, 7, 5), (3, 3, 12, 7, 5), (3, 3, 10, 13, 11)]
11 -> costo: 67928.79999999999, rotte: {2: [(1, 4), (4, 2), (2, 3), (3, 9), (9, 16), (16, 15), (15, 11)], 3: [(1, 5), (5, 7), (7, 10), (10, 13), (13, 14), (14, 6), (6, 8), (8, 12)]}, padri: [7], figli: [8, 9, 10, 12], mosse: [(3, 3, 5, 7, 5)]
12 -> costo: 67927.79999999999, rotte: {2: [(1, 4), (4, 2), (2, 3), (3, 9), (9, 16), (16, 15), (15, 11)], 3: [(1, 5), (5, 7), (7, 13), (13, 10), (10, 14), (14, 6), (6, 8), (8, 12)]}, padri: [11], figli: [13, 14, 15], mosse: [(3, 3, 13, 10, 8)]
13 -> costo: 66171.7, rotte: {2: [(1, 4), (4, 2), (2, 3), (3, 9), (9, 16), (16, 15), (15, 11)], 3: [(1, 5), (5, 13), (13, 10), (10, 14), (14, 6), (6, 7), (7, 8), (8, 12)]}, padri: [12, 14, 15], figli: [8], mosse: [(3, 3, 6, 7, 5), (3, 3, 6, 7, 5), (3, 3, 6, 7, 5)]
14 -> costo: 67229.29999999999, rotte: {2: [(1, 4), (4, 2), (2, 3), (3, 9), (9, 16), (16, 15), (15, 11)], 3: [(1, 5), (5, 13), (13, 10), (10, 14), (14, 7), (7, 6), (6, 8), (8, 12)]}, padri: [12, 15], figli: [13, 9], mosse: [(3, 3, 14, 7, 5), (3, 3, 14, 7, 5)]
15 -> costo: 67351.79999999999, rotte: {2: [(1, 4), (4, 2), (2, 3), (3, 9), (9, 16), (16, 15), (15, 11)], 3: [(1, 5), (5, 13), (13, 10), (10, 14), (14, 6), (6, 8), (8, 12), (12, 7)]}, padri: [12], figli: [13, 14, 10], mosse: [(3, 3, 12, 7, 5)]
16 -> costo: 68256.79999999999, rotte: {2: [(1, 4), (4, 2), (2, 3), (3, 9), (9, 16), (16, 15), (15, 11)], 3: [(1, 5), (5, 10), (10, 13), (13, 7), (7, 14), (14, 6), (6, 8), (8, 12)]}, padri: [7], figli: [8], mosse: [(3, 3, 13, 7, 5)]
bestSolutionIndice: 8
8 -> costo: 66156.7, rotte: {2: [(1, 4), (4, 2), (2, 3), (3, 9), (9, 16), (16, 15), (15, 11)], 3: [(1, 5), (5, 10), (10, 13), (13, 14), (14, 6), (6, 7), (7, 8), (8, 12)]}, padri: [7, 9, 10, 11, 13, 16], figli: [], mosse: [(3, 3, 6, 7, 5), (3, 3, 6, 7, 5), (3, 3, 6, 7, 5), (3, 3, 6, 7, 5), (3, 3, 10, 13, 11), (3, 3, 6, 7, 5)]
trasportoPalletDiGamma: {2: [(4, 2), (2, 12), (3, 1), (9, 7), (16, 14), (15, 13), (11, 9)], 3: [(5, 3), (10, 8), (13, 11), (14, 12), (6, 4), (7, 5), (8, 6), (12, 10)]}
itMosseLS: 29, itMosseTS: 20
time elapsed: 123.25s.


##########################################################################################
s: 1
dictSolutions[1]:
0 -> costo: 109100.59999999999, rotte: {3: [(1, 16), (16, 11), (11, 12), (12, 9), (9, 7), (7, 15), (15, 13)], 2: [(1, 10), (10, 6), (6, 2), (2, 5), (5, 8), (8, 14), (14, 3), (3, 4), (4, 13)]}, padri: [-1], figli: [1], mosse: [-1]
1 -> costo: 77483.89999999998, rotte: {3: [(1, 16), (16, 12), (12, 9), (9, 7), (7, 15), (15, 13), (13, 11)], 2: [(1, 10), (10, 6), (6, 2), (2, 5), (5, 8), (8, 14), (14, 3), (3, 4), (4, 13)]}, padri: [0], figli: [2], mosse: [(3, 3, 13, 11, 9)]
2 -> costo: 75760.59999999999, rotte: {3: [(1, 16), (16, 12), (12, 9), (9, 7), (7, 15), (15, 13), (13, 11)], 2: [(1, 10), (10, 13), (13, 6), (6, 2), (2, 5), (5, 8), (8, 14), (14, 3), (3, 4)]}, padri: [1], figli: [3], mosse: [(2, 2, 10, 13, 9)]
3 -> costo: 74054.79999999999, rotte: {3: [(1, 16), (16, 9), (9, 7), (7, 12), (12, 15), (15, 13), (13, 11)], 2: [(1, 10), (10, 13), (13, 6), (6, 2), (2, 5), (5, 8), (8, 14), (14, 3), (3, 4)]}, padri: [2], figli: [4], mosse: [(3, 3, 7, 12, 10)]
4 -> costo: 72739.89999999998, rotte: {3: [(1, 16), (16, 9), (9, 7), (7, 12), (12, 15), (15, 13), (13, 11)], 2: [(1, 10), (10, 13), (13, 2), (2, 5), (5, 8), (8, 14), (14, 6), (6, 3), (3, 4)]}, padri: [3], figli: [5], mosse: [(2, 2, 14, 6, 4)]
5 -> costo: 72023.29999999999, rotte: {3: [(1, 16), (16, 9), (9, 7), (7, 12), (12, 15), (15, 13), (13, 11)], 2: [(1, 10), (10, 13), (13, 4), (4, 2), (2, 5), (5, 8), (8, 14), (14, 6), (6, 3)]}, padri: [4], figli: [6], mosse: [(2, 2, 13, 4, 2)]
6 -> costo: 70530.7, rotte: {3: [(1, 16), (16, 9), (9, 7), (7, 12), (12, 15), (15, 13), (13, 11)], 2: [(1, 10), (10, 13), (13, 4), (4, 2), (2, 5), (5, 3), (3, 8), (8, 14), (14, 6)]}, padri: [5], figli: [7], mosse: [(2, 2, 5, 3, 1)]
7 -> costo: 69961.79999999999, rotte: {3: [(1, 16), (16, 9), (9, 7), (7, 12), (12, 15), (15, 13), (13, 11)], 2: [(1, 10), (10, 13), (13, 4), (4, 2), (2, 5), (5, 3), (3, 14), (14, 6), (6, 8)]}, padri: [6], figli: [8], mosse: [(2, 2, 6, 8, 6)]
8 -> costo: 69695.59999999999, rotte: {3: [(1, 16), (16, 9), (9, 7), (7, 12), (12, 15), (15, 13), (13, 11)], 2: [(1, 10), (10, 13), (13, 4), (4, 2), (2, 5), (5, 3), (3, 6), (6, 14), (14, 8)]}, padri: [7], figli: [9, 9, 9, 9, 9, 9, 9, 9, 9, 11, 11, 11, 11, 11, 11, 11, 11, 11], mosse: [(2, 2, 6, 14, 12)]
9 -> costo: 69497.7, rotte: {3: [(1, 16), (16, 9), (9, 7), (7, 12), (12, 15), (15, 11)], 2: [(1, 10), (10, 13), (13, 4), (4, 2), (2, 5), (5, 3), (3, 6), (6, 14), (14, 8)]}, padri: [8, 8, 8, 8, 8, 8, 8, 8, 8], figli: [10], mosse: [(2, 3, 1, 13, 2), (2, 3, 10, 13, 2), (2, 3, 4, 13, 2), (2, 3, 2, 13, 2), (2, 3, 5, 13, 2), (2, 3, 3, 13, 2), (2, 3, 6, 13, 2), (2, 3, 14, 13, 2), (2, 3, 8, 13, 2)]
10 -> costo: 69496.69999999998, rotte: {3: [(1, 16), (16, 9), (9, 7), (7, 12), (12, 15), (15, 11)], 2: [(1, 13), (13, 10), (10, 4), (4, 2), (2, 5), (5, 3), (3, 6), (6, 14), (14, 8)]}, padri: [9, 11, 11, 11, 11, 11, 11, 11, 11, 11], figli: [], mosse: [(2, 2, 13, 10, 8), (2, 3, 1, 13, 2), (2, 3, 10, 13, 2), (2, 3, 4, 13, 2), (2, 3, 2, 13, 2), (2, 3, 5, 13, 2), (2, 3, 3, 13, 2), (2, 3, 6, 13, 2), (2, 3, 14, 13, 2), (2, 3, 8, 13, 2)]
11 -> costo: 69694.59999999999, rotte: {3: [(1, 16), (16, 9), (9, 7), (7, 12), (12, 15), (15, 13), (13, 11)], 2: [(1, 13), (13, 10), (10, 4), (4, 2), (2, 5), (5, 3), (3, 6), (6, 14), (14, 8)]}, padri: [8], figli: [10, 10, 10, 10, 10, 10, 10, 10, 10], mosse: [(2, 2, 13, 10, 8)]
bestSolutionIndice: 10
10 -> costo: 69496.69999999998, rotte: {3: [(1, 16), (16, 9), (9, 7), (7, 12), (12, 15), (15, 11)], 2: [(1, 13), (13, 10), (10, 4), (4, 2), (2, 5), (5, 3), (3, 6), (6, 14), (14, 8)]}, padri: [9, 11, 11, 11, 11, 11, 11, 11, 11, 11], figli: [], mosse: [(2, 2, 13, 10, 8), (2, 3, 1, 13, 2), (2, 3, 10, 13, 2), (2, 3, 4, 13, 2), (2, 3, 2, 13, 2), (2, 3, 5, 13, 2), (2, 3, 3, 13, 2), (2, 3, 6, 13, 2), (2, 3, 14, 13, 2), (2, 3, 8, 13, 2)]
trasportoPalletDiGamma: {3: [(16, 14), (9, 7), (7, 5), (12, 10), (15, 13), (11, 9)], 2: [(13, 11), (10, 8), (4, 2), (2, 12), (5, 3), (3, 1), (6, 4), (14, 12), (8, 6)]}
itMosseLS: 28, itMosseTS: 20
time elapsed: 155.86s.


