itNSIMax: 5, itMosseTSMax: 75.
##########################################################################################
s: 1, itNSI: 1.
soluzione iniziale: 0
0 -> 
costo: 112865.4, 
rotte: {3: [(1, 7), (7, 6), (6, 2), (2, 12), (12, 11), (11, 5), (5, 15), (15, 14)], 2: [(1, 8), (8, 10), (10, 4), (4, 3), (3, 13), (13, 9), (9, 16), (16, 14)]}
trasportoPalletDiGamma: {3: [(7, 5), (6, 4), (2, 12), (12, 10), (11, 9), (5, 3), (15, 13), (14, 4)], 2: [(8, 6), (10, 8), (4, 2), (3, 1), (13, 11), (9, 7), (16, 14), (14, 8)]}
bestSolutionIndice: 8
8 -> 
costo: 64133.1, 
rotte: {3: [(1, 2), (2, 5), (5, 6), (6, 7), (7, 12), (12, 15), (15, 14), (14, 11)], 2: [(1, 4), (4, 3), (3, 10), (10, 13), (13, 14), (14, 8), (8, 9), (9, 16)]}
trasportoPalletDiGamma: {3: [(2, 12), (5, 3), (6, 4), (7, 5), (12, 10), (15, 13), (14, 4), (11, 9)], 2: [(4, 2), (3, 1), (10, 8), (13, 11), (14, 8), (8, 6), (9, 7), (16, 14)]}
itMosseLS: 85, itMosseTS: 75
numero di soluzioni totali trovati: 60.
time elapsed: 626.46s.


##########################################################################################
s: 1, itNSI: 2.
soluzione iniziale: 0
0 -> 
costo: 110330.20000000001, 
rotte: {2: [(1, 15), (15, 14), (14, 3), (3, 13), (13, 8), (8, 12), (12, 16)], 3: [(1, 10), (10, 9), (9, 5), (5, 6), (6, 7), (7, 2), (2, 11), (11, 4), (4, 16)]}
trasportoPalletDiGamma: {2: [(15, 13), (14, 12), (3, 1), (13, 11), (8, 6), (12, 10), (16, 7)], 3: [(10, 8), (9, 7), (5, 3), (6, 4), (7, 5), (2, 12), (11, 9), (4, 2), (16, 7)]}
bestSolutionIndice: 12
12 -> 
costo: 69733.7, 
rotte: {2: [(1, 13), (13, 14), (14, 8), (8, 12), (12, 15), (15, 16)], 3: [(1, 4), (4, 2), (2, 5), (5, 3), (3, 7), (7, 16), (16, 9), (9, 6), (6, 10), (10, 11)]}
trasportoPalletDiGamma: {2: [(13, 11), (14, 12), (8, 6), (12, 10), (15, 13), (16, 7)], 3: [(4, 2), (2, 12), (5, 3), (3, 1), (7, 5), (16, 7), (9, 7), (6, 4), (10, 8), (11, 9)]}
itMosseLS: 91, itMosseTS: 75
numero di soluzioni totali trovati: 53.
time elapsed: 813.48s.


##########################################################################################
s: 1, itNSI: 3.
soluzione iniziale: 0
0 -> 
costo: 114705.19999999998, 
rotte: {3: [(1, 9), (9, 3), (3, 6), (6, 12), (12, 13), (13, 11), (11, 8), (8, 5), (5, 16)], 2: [(1, 14), (14, 7), (7, 15), (15, 4), (4, 2), (2, 10), (10, 16)]}
trasportoPalletDiGamma: {3: [(9, 7), (3, 1), (6, 4), (12, 10), (13, 11), (11, 9), (8, 6), (5, 3), (16, 6)], 2: [(14, 12), (7, 5), (15, 13), (4, 2), (2, 12), (10, 8), (16, 8)]}
bestSolutionIndice: 9
9 -> 
costo: 73705.9, 
rotte: {3: [(1, 6), (6, 12), (12, 8), (8, 9), (9, 16), (16, 5), (5, 3), (3, 13), (13, 11)], 2: [(1, 4), (4, 2), (2, 10), (10, 14), (14, 7), (7, 15), (15, 16)]}
trasportoPalletDiGamma: {3: [(6, 4), (12, 10), (8, 6), (9, 7), (16, 6), (5, 3), (3, 1), (13, 11), (11, 9)], 2: [(4, 2), (2, 12), (10, 8), (14, 12), (7, 5), (15, 13), (16, 8)]}
itMosseLS: 83, itMosseTS: 75
numero di soluzioni totali trovati: 32.
time elapsed: 908.66s.


##########################################################################################
s: 1, itNSI: 4.
soluzione iniziale: 0
0 -> 
costo: 107590.4, 
rotte: {3: [(1, 7), (7, 11), (11, 3), (3, 14), (14, 8), (8, 5), (5, 2), (2, 13)], 2: [(1, 16), (16, 12), (12, 15), (15, 9), (9, 4), (4, 10), (10, 6)]}
trasportoPalletDiGamma: {3: [(7, 5), (11, 9), (3, 1), (14, 12), (8, 6), (5, 3), (2, 12), (13, 11)], 2: [(16, 14), (12, 10), (15, 13), (9, 7), (4, 2), (10, 8), (6, 4)]}
bestSolutionIndice: 24
24 -> 
costo: 65931.0, 
rotte: {3: [(1, 14), (14, 8), (8, 7), (7, 5), (5, 2), (2, 3), (3, 13), (13, 11)], 2: [(1, 4), (4, 10), (10, 6), (6, 15), (15, 12), (12, 9), (9, 16)]}
trasportoPalletDiGamma: {3: [(14, 12), (8, 6), (7, 5), (5, 3), (2, 12), (3, 1), (13, 11), (11, 9)], 2: [(4, 2), (10, 8), (6, 4), (15, 13), (12, 10), (9, 7), (16, 14)]}
itMosseLS: 86, itMosseTS: 75
numero di soluzioni totali trovati: 42.
time elapsed: 497.83s.


##########################################################################################
s: 1, itNSI: 5.
soluzione iniziale: 0
0 -> 
costo: 114261.49999999999, 
rotte: {3: [(1, 12), (12, 14), (14, 4), (4, 13), (13, 16), (16, 3), (3, 15)], 2: [(1, 11), (11, 10), (10, 8), (8, 6), (6, 2), (2, 7), (7, 5), (5, 9), (9, 15)]}
trasportoPalletDiGamma: {3: [(12, 10), (14, 12), (4, 2), (13, 11), (16, 14), (3, 1), (15, 10)], 2: [(11, 9), (10, 8), (8, 6), (6, 4), (2, 12), (7, 5), (5, 3), (9, 7), (15, 3)]}
bestSolutionIndice: 14
14 -> 
costo: 62739.3, 
rotte: {3: [(1, 13), (13, 14), (14, 15), (15, 12), (12, 16)], 2: [(1, 4), (4, 2), (2, 5), (5, 3), (3, 7), (7, 9), (9, 8), (8, 6), (6, 10), (10, 11)]}
trasportoPalletDiGamma: {3: [(13, 11), (14, 12), (15, 13), (12, 10), (16, 14)], 2: [(4, 2), (2, 12), (5, 3), (3, 1), (7, 5), (9, 7), (8, 6), (6, 4), (10, 8), (11, 9)]}
itMosseLS: 88, itMosseTS: 75
numero di soluzioni totali trovati: 49.
time elapsed: 442.77s.


##########################################################################################
##########################################################################################
##########################################################################################
Soluzione migliore in assoluto trovata:

s: 1
itNSI: 5, 
costo: 62739.3, 
rotte: {3: [(1, 13), (13, 14), (14, 15), (15, 12), (12, 16)], 2: [(1, 4), (4, 2), (2, 5), (5, 3), (3, 7), (7, 9), (9, 8), (8, 6), (6, 10), (10, 11)]}
trasportoPalletDiGamma: {3: [(13, 11), (14, 12), (15, 13), (12, 10), (16, 14)], 2: [(4, 2), (2, 12), (5, 3), (3, 1), (7, 5), (9, 7), (8, 6), (6, 4), (10, 8), (11, 9)]}

Total time elapsed: 3289.33s.