itNSIMax: 50, itMosseTSMax: 5.
##########################################################################################
s: 1, itNSI: 1.
soluzione iniziale: 0
0 -> 
costo: 155504.9, 
rotte: {3: [(1, 10), (10, 8), (8, 14), (14, 9), (9, 15), (15, 12)], 2: [(1, 17), (17, 2), (2, 13), (13, 3), (3, 5), (5, 7)], 4: [(1, 6), (6, 16), (16, 11), (11, 4), (4, 7)]}
trasportoPalletDiGamma: {3: [(10, 19), (8, 17), (14, 3), (9, 18), (15, 4), (12, 1)], 2: [(17, 6), (2, 11), (13, 2), (3, 12), (5, 14), (7, 4)], 4: [(6, 15), (16, 5), (11, 20), (4, 13), (7, 12)]}
bestSolutionIndice: 8
8 -> 
costo: 99388.99999999999, 
rotte: {3: [(1, 10), (10, 8), (8, 9), (9, 14), (14, 12), (12, 15)], 2: [(1, 16), (16, 17), (17, 13), (13, 2), (2, 3), (3, 7), (7, 5)], 4: [(1, 4), (4, 7), (7, 6), (6, 11)]}
trasportoPalletDiGamma: {3: [(10, 19), (8, 17), (9, 18), (14, 3), (12, 1), (15, 4)], 2: [(16, 5), (17, 6), (13, 2), (2, 11), (3, 12), (7, 4), (5, 14)], 4: [(4, 13), (7, 12), (6, 15), (11, 20)]}
itMosseLS: 14, itMosseTS: 5
numero di soluzioni totali trovati: 13.
time elapsed: 92.49s.


##########################################################################################
s: 1, itNSI: 2.
soluzione iniziale: 0
0 -> 
costo: 139933.39999999997, 
rotte: {3: [(1, 13), (13, 14), (14, 8), (8, 15), (15, 5), (5, 17)], 2: [(1, 7), (7, 6), (6, 10), (10, 4), (4, 2)], 4: [(1, 9), (9, 3), (3, 16), (16, 11), (11, 12), (12, 2)]}
trasportoPalletDiGamma: {3: [(13, 2), (14, 3), (8, 17), (15, 4), (5, 14), (17, 6)], 2: [(7, 16), (6, 15), (10, 19), (4, 13), (2, 2)], 4: [(9, 18), (3, 12), (16, 5), (11, 20), (12, 1), (2, 9)]}
bestSolutionIndice: 8
8 -> 
costo: 90593.40000000001, 
rotte: {3: [(1, 9), (9, 8), (8, 5), (5, 17), (17, 15)], 2: [(1, 7), (7, 6), (6, 4), (4, 10)], 4: [(1, 14), (14, 11), (11, 12), (12, 13), (13, 3), (3, 2), (2, 16)]}
trasportoPalletDiGamma: {3: [(9, 18), (8, 17), (5, 14), (17, 6), (15, 4)], 2: [(7, 16), (6, 15), (4, 13), (10, 19)], 4: [(14, 3), (11, 20), (12, 1), (13, 2), (3, 12), (2, 11), (16, 5)]}
itMosseLS: 13, itMosseTS: 5
numero di soluzioni totali trovati: 9.
time elapsed: 155.31s.


##########################################################################################
s: 1, itNSI: 3.
soluzione iniziale: 0
0 -> 
costo: 154781.3, 
rotte: {3: [(1, 9), (9, 8), (8, 12), (12, 6), (6, 10)], 2: [(1, 17), (17, 14), (14, 3), (3, 11), (11, 16), (16, 7)], 4: [(1, 2), (2, 4), (4, 13), (13, 15), (15, 5), (5, 10)]}
trasportoPalletDiGamma: {3: [(9, 18), (8, 17), (12, 1), (6, 15), (10, 14)], 2: [(17, 6), (14, 3), (3, 12), (11, 20), (16, 5), (7, 16)], 4: [(2, 11), (4, 13), (13, 2), (15, 4), (5, 14), (10, 5)]}
bestSolutionIndice: 11
11 -> 
costo: 94310.4, 
rotte: {3: [(1, 9), (9, 8), (8, 6), (6, 10), (10, 12)], 2: [(1, 3), (3, 14), (14, 11), (11, 17), (17, 16)], 4: [(1, 2), (2, 4), (4, 7), (7, 5), (5, 10), (10, 13), (13, 15)]}
trasportoPalletDiGamma: {3: [(9, 18), (8, 17), (6, 15), (10, 14), (12, 1)], 2: [(3, 12), (14, 3), (11, 20), (17, 6), (16, 5)], 4: [(2, 11), (4, 13), (7, 16), (5, 14), (10, 5), (13, 2), (15, 4)]}
itMosseLS: 16, itMosseTS: 5
numero di soluzioni totali trovati: 16.
time elapsed: 187.14s.


##########################################################################################
s: 1, itNSI: 4.
soluzione iniziale: 0
0 -> 
costo: 162365.8, 
rotte: {3: [(1, 4), (4, 15), (15, 7), (7, 12), (12, 10), (10, 16)], 4: [(1, 3), (3, 11), (11, 14), (14, 5), (5, 9)], 2: [(1, 6), (6, 13), (13, 2), (2, 8), (8, 17), (17, 9)]}
trasportoPalletDiGamma: {3: [(4, 13), (15, 4), (7, 16), (12, 1), (10, 19), (16, 5)], 4: [(3, 12), (11, 20), (14, 3), (5, 14), (9, 16)], 2: [(6, 15), (13, 2), (2, 11), (8, 17), (17, 6), (9, 2)]}
bestSolutionIndice: 10
10 -> 
costo: 100518.29999999997, 
rotte: {3: [(1, 4), (4, 7), (7, 10), (10, 12), (12, 16), (16, 15)], 4: [(1, 11), (11, 14), (14, 5), (5, 9)], 2: [(1, 2), (2, 3), (3, 6), (6, 8), (8, 13), (13, 17)]}
trasportoPalletDiGamma: {3: [(4, 13), (7, 16), (10, 19), (12, 1), (16, 5), (15, 4)], 4: [(11, 20), (14, 3), (5, 14), (9, 18)], 2: [(2, 11), (3, 12), (6, 15), (8, 17), (13, 2), (17, 6)]}
itMosseLS: 12, itMosseTS: 5
numero di soluzioni totali trovati: 11.
time elapsed: 193.25s.


##########################################################################################
s: 1, itNSI: 5.
soluzione iniziale: 0
0 -> 
costo: 176314.20000000004, 
rotte: {3: [(1, 9), (9, 2), (2, 16), (16, 14), (14, 6), (6, 8)], 4: [(1, 12), (12, 15), (15, 10), (10, 13), (13, 4), (4, 17), (17, 8)], 2: [(1, 3), (3, 5), (5, 7), (7, 11), (11, 17)]}
trasportoPalletDiGamma: {3: [(9, 18), (2, 11), (16, 5), (14, 3), (6, 15), (8, 13)], 4: [(12, 1), (15, 4), (10, 19), (13, 2), (4, 13), (17, 3), (8, 4)], 2: [(3, 12), (5, 14), (7, 16), (11, 20), (17, 3)]}
bestSolutionIndice: 11
11 -> 
costo: 77695.6, 
rotte: {3: [(1, 6), (6, 8), (8, 9)], 4: [(1, 12), (12, 13), (13, 10), (10, 4), (4, 2), (2, 16), (16, 17), (17, 15)], 2: [(1, 5), (5, 7), (7, 3), (3, 11), (11, 14)]}
trasportoPalletDiGamma: {3: [(6, 15), (8, 17), (9, 18)], 4: [(12, 1), (13, 2), (10, 19), (4, 13), (2, 11), (16, 5), (17, 6), (15, 4)], 2: [(5, 14), (7, 16), (3, 12), (11, 20), (14, 3)]}
itMosseLS: 16, itMosseTS: 5
numero di soluzioni totali trovati: 14.
time elapsed: 80.50s.


##########################################################################################
s: 1, itNSI: 6.
soluzione iniziale: 0
0 -> 
costo: 166038.80000000002, 
rotte: {2: [(1, 4), (4, 11), (11, 10), (10, 14), (14, 15), (15, 2)], 3: [(1, 13), (13, 8), (8, 17), (17, 12), (12, 3), (3, 5), (5, 2)], 4: [(1, 6), (6, 16), (16, 9), (9, 7), (7, 5)]}
trasportoPalletDiGamma: {2: [(4, 13), (11, 20), (10, 19), (14, 3), (15, 4), (2, 6)], 3: [(13, 2), (8, 17), (17, 6), (12, 1), (3, 12), (5, 3), (2, 5)], 4: [(6, 15), (16, 5), (9, 18), (7, 16), (5, 11)]}
bestSolutionIndice: 12
12 -> 
costo: 107775.70000000001, 
rotte: {2: [(1, 10), (10, 9), (9, 14), (14, 11), (11, 15)], 3: [(1, 13), (13, 12), (12, 8), (8, 4), (4, 3), (3, 2), (2, 17)], 4: [(1, 6), (6, 7), (7, 5), (5, 16)]}
trasportoPalletDiGamma: {2: [(10, 19), (9, 18), (14, 3), (11, 20), (15, 4)], 3: [(13, 2), (12, 1), (8, 17), (4, 13), (3, 12), (2, 11), (17, 6)], 4: [(6, 15), (7, 16), (5, 14), (16, 5)]}
itMosseLS: 17, itMosseTS: 5
numero di soluzioni totali trovati: 14.
time elapsed: 162.53s.


##########################################################################################
s: 1, itNSI: 7.
soluzione iniziale: 0
0 -> 
costo: 167564.9, 
rotte: {3: [(1, 12), (12, 17), (17, 14), (14, 5), (5, 3), (3, 2)], 4: [(1, 11), (11, 9), (9, 15), (15, 4), (4, 13), (13, 6)], 2: [(1, 8), (8, 7), (7, 10), (10, 16), (16, 6)]}
trasportoPalletDiGamma: {3: [(12, 1), (17, 6), (14, 3), (5, 14), (3, 12), (2, 11)], 4: [(11, 20), (9, 18), (15, 4), (4, 13), (13, 2), (6, 7)], 2: [(8, 17), (7, 16), (10, 19), (16, 5), (6, 8)]}
bestSolutionIndice: 8
8 -> 
costo: 108581.29999999997, 
rotte: {3: [(1, 12), (12, 14), (14, 8), (8, 5), (5, 3), (3, 2), (2, 17)], 4: [(1, 4), (4, 6), (6, 9), (9, 13), (13, 11), (11, 15)], 2: [(1, 4), (4, 7), (7, 6), (6, 10), (10, 16)]}
trasportoPalletDiGamma: {3: [(12, 1), (14, 3), (8, 17), (5, 14), (3, 12), (2, 11), (17, 6)], 4: [(4, 0), (6, 0), (9, 18), (13, 2), (11, 20), (15, 4)], 2: [(4, 13), (7, 16), (6, 8), (10, 19), (16, 5)]}
itMosseLS: 13, itMosseTS: 5
numero di soluzioni totali trovati: 9.
time elapsed: 183.18s.


##########################################################################################
s: 1, itNSI: 8.
soluzione iniziale: 0
0 -> 
costo: 148672.3, 
rotte: {3: [(1, 15), (15, 6), (6, 14), (14, 4), (4, 11), (11, 7)], 2: [(1, 16), (16, 2), (2, 10), (10, 5), (5, 9)], 4: [(1, 17), (17, 12), (12, 13), (13, 3), (3, 8), (8, 9), (9, 7)]}
trasportoPalletDiGamma: {3: [(15, 4), (6, 15), (14, 3), (4, 13), (11, 20), (7, 10)], 2: [(16, 5), (2, 11), (10, 19), (5, 14), (9, 16)], 4: [(17, 6), (12, 1), (13, 2), (3, 12), (8, 17), (9, 2), (7, 6)]}
bestSolutionIndice: 9
9 -> 
costo: 84482.0, 
rotte: {3: [(1, 4), (4, 7), (7, 6), (6, 11), (11, 14)], 2: [(1, 2), (2, 5), (5, 10), (10, 9)], 4: [(1, 16), (16, 17), (17, 15), (15, 12), (12, 13), (13, 3), (3, 7), (7, 8)]}
trasportoPalletDiGamma: {3: [(4, 13), (7, 10), (6, 15), (11, 20), (14, 3)], 2: [(2, 11), (5, 14), (10, 19), (9, 18)], 4: [(16, 5), (17, 6), (15, 4), (12, 1), (13, 2), (3, 12), (7, 6), (8, 17)]}
itMosseLS: 14, itMosseTS: 5
numero di soluzioni totali trovati: 11.
time elapsed: 79.61s.


##########################################################################################
s: 1, itNSI: 9.
soluzione iniziale: 0
0 -> 
costo: 149644.90000000002, 
rotte: {2: [(1, 5), (5, 15), (15, 10), (10, 14), (14, 4), (4, 7)], 3: [(1, 12), (12, 11), (11, 9), (9, 2), (2, 6)], 4: [(1, 17), (17, 13), (13, 16), (16, 8), (8, 3), (3, 7)]}
trasportoPalletDiGamma: {2: [(5, 14), (15, 4), (10, 19), (14, 3), (4, 13), (7, 12)], 3: [(12, 1), (11, 20), (9, 18), (2, 11), (6, 15)], 4: [(17, 6), (13, 2), (16, 5), (8, 17), (3, 12), (7, 4)]}
bestSolutionIndice: 11
11 -> 
costo: 100313.9, 
rotte: {2: [(1, 4), (4, 7), (7, 5), (5, 10), (10, 14), (14, 15)], 3: [(1, 2), (2, 6), (6, 11)], 4: [(1, 17), (17, 16), (16, 12), (12, 13), (13, 9), (9, 8), (8, 7), (7, 3)]}
trasportoPalletDiGamma: {2: [(4, 13), (7, 12), (5, 14), (10, 19), (14, 3), (15, 4)], 3: [(2, 11), (6, 15), (11, 20)], 4: [(17, 6), (16, 5), (12, 1), (13, 2), (9, 18), (8, 17), (7, 4), (3, 12)]}
itMosseLS: 17, itMosseTS: 5
numero di soluzioni totali trovati: 17.
time elapsed: 136.71s.


##########################################################################################
s: 1, itNSI: 10.
soluzione iniziale: 0
0 -> 
costo: 143737.59999999998, 
rotte: {2: [(1, 11), (11, 17), (17, 12), (12, 3), (3, 7), (7, 13)], 3: [(1, 4), (4, 10), (10, 9), (9, 2), (2, 15)], 4: [(1, 8), (8, 14), (14, 16), (16, 5), (5, 6)]}
trasportoPalletDiGamma: {2: [(11, 20), (17, 6), (12, 1), (3, 12), (7, 16), (13, 2)], 3: [(4, 13), (10, 19), (9, 18), (2, 11), (15, 4)], 4: [(8, 17), (14, 3), (16, 5), (5, 14), (6, 15)]}
bestSolutionIndice: 9
9 -> 
costo: 106561.59999999999, 
rotte: {2: [(1, 3), (3, 7), (7, 13), (13, 11), (11, 12), (12, 17)], 3: [(1, 10), (10, 9), (9, 4), (4, 2), (2, 15)], 4: [(1, 5), (5, 6), (6, 8), (8, 14), (14, 16)]}
trasportoPalletDiGamma: {2: [(3, 12), (7, 16), (13, 2), (11, 20), (12, 1), (17, 6)], 3: [(10, 19), (9, 18), (4, 13), (2, 11), (15, 4)], 4: [(5, 14), (6, 15), (8, 17), (14, 3), (16, 5)]}
itMosseLS: 16, itMosseTS: 5
numero di soluzioni totali trovati: 14.
time elapsed: 253.21s.


##########################################################################################
s: 1, itNSI: 11.
soluzione iniziale: 0
0 -> 
costo: 162599.30000000002, 
rotte: {2: [(1, 4), (4, 6), (6, 17), (17, 2), (2, 14), (14, 11)], 4: [(1, 5), (5, 16), (16, 9), (9, 3), (3, 7)], 3: [(1, 12), (12, 10), (10, 13), (13, 15), (15, 8), (8, 11)]}
trasportoPalletDiGamma: {2: [(4, 13), (6, 15), (17, 6), (2, 11), (14, 3), (11, 17)], 4: [(5, 14), (16, 5), (9, 18), (3, 12), (7, 16)], 3: [(12, 1), (10, 19), (13, 2), (15, 4), (8, 17), (11, 3)]}
bestSolutionIndice: 12
12 -> 
costo: 109808.79999999999, 
rotte: {2: [(1, 2), (2, 4), (4, 6), (6, 14), (14, 17)], 4: [(1, 3), (3, 7), (7, 5), (5, 9), (9, 16)], 3: [(1, 13), (13, 12), (12, 11), (11, 8), (8, 10), (10, 15)]}
trasportoPalletDiGamma: {2: [(2, 11), (4, 13), (6, 15), (14, 3), (17, 6)], 4: [(3, 12), (7, 16), (5, 14), (9, 18), (16, 5)], 3: [(13, 2), (12, 1), (11, 20), (8, 17), (10, 19), (15, 4)]}
itMosseLS: 17, itMosseTS: 5
numero di soluzioni totali trovati: 13.
time elapsed: 201.66s.


##########################################################################################
s: 1, itNSI: 12.
soluzione iniziale: 0
0 -> 
costo: 157993.8, 
rotte: {2: [(1, 16), (16, 9), (9, 13), (13, 5), (5, 2), (2, 15), (15, 7)], 4: [(1, 4), (4, 6), (6, 12), (12, 17), (17, 14), (14, 8)], 3: [(1, 11), (11, 10), (10, 3), (3, 7)]}
trasportoPalletDiGamma: {2: [(16, 5), (9, 18), (13, 2), (5, 14), (2, 11), (15, 4), (7, 2)], 4: [(4, 13), (6, 15), (12, 1), (17, 6), (14, 3), (8, 17)], 3: [(11, 20), (10, 19), (3, 12), (7, 14)]}
bestSolutionIndice: 12
12 -> 
costo: 105222.99999999999, 
rotte: {2: [(1, 2), (2, 5), (5, 7), (7, 9), (9, 13), (13, 15)], 4: [(1, 6), (6, 8), (8, 17), (17, 16), (16, 12), (12, 14)], 3: [(1, 4), (4, 3), (3, 10), (10, 11)]}
trasportoPalletDiGamma: {2: [(2, 11), (5, 14), (7, 16), (9, 18), (13, 2), (15, 4)], 4: [(6, 15), (8, 17), (17, 6), (16, 5), (12, 1), (14, 3)], 3: [(4, 13), (3, 12), (10, 19), (11, 20)]}
itMosseLS: 17, itMosseTS: 5
numero di soluzioni totali trovati: 17.
time elapsed: 192.39s.


##########################################################################################
s: 1, itNSI: 13.
soluzione iniziale: 0
0 -> 
costo: 148504.90000000002, 
rotte: {4: [(1, 4), (4, 2), (2, 3), (3, 17), (17, 14), (14, 7)], 2: [(1, 6), (6, 8), (8, 13), (13, 9), (9, 12)], 3: [(1, 10), (10, 15), (15, 11), (11, 5), (5, 16)]}
trasportoPalletDiGamma: {4: [(4, 13), (2, 11), (3, 12), (17, 6), (14, 3), (7, 16)], 2: [(6, 15), (8, 17), (13, 2), (9, 18), (12, 1)], 3: [(10, 19), (15, 4), (11, 20), (5, 14), (16, 5)]}
bestSolutionIndice: 11
11 -> 
costo: 93825.20000000001, 
rotte: {4: [(1, 2), (2, 4), (4, 7), (7, 3), (3, 14), (14, 17)], 2: [(1, 6), (6, 8), (8, 9), (9, 13), (13, 12)], 3: [(1, 5), (5, 10), (10, 11), (11, 16), (16, 15)]}
trasportoPalletDiGamma: {4: [(2, 11), (4, 13), (7, 16), (3, 12), (14, 3), (17, 6)], 2: [(6, 15), (8, 17), (9, 18), (13, 2), (12, 1)], 3: [(5, 14), (10, 19), (11, 20), (16, 5), (15, 4)]}
itMosseLS: 15, itMosseTS: 5
numero di soluzioni totali trovati: 13.
time elapsed: 129.77s.


##########################################################################################
s: 1, itNSI: 14.
soluzione iniziale: 0
0 -> 
costo: 171411.09999999998, 
rotte: {4: [(1, 6), (6, 8), (8, 17), (17, 9), (9, 2)], 2: [(1, 15), (15, 7), (7, 5), (5, 14), (14, 4), (4, 13)], 3: [(1, 12), (12, 3), (3, 11), (11, 10), (10, 16), (16, 2)]}
trasportoPalletDiGamma: {4: [(6, 15), (8, 17), (17, 6), (9, 18), (2, 9)], 2: [(15, 4), (7, 16), (5, 14), (14, 3), (4, 13), (13, 2)], 3: [(12, 1), (3, 12), (11, 20), (10, 19), (16, 5), (2, 2)]}
bestSolutionIndice: 9
9 -> 
costo: 94273.80000000002, 
rotte: {4: [(1, 6), (6, 8), (8, 9), (9, 2), (2, 17)], 2: [(1, 4), (4, 7), (7, 5), (5, 13), (13, 14)], 3: [(1, 11), (11, 12), (12, 10), (10, 3), (3, 2), (2, 16), (16, 15)]}
trasportoPalletDiGamma: {4: [(6, 15), (8, 17), (9, 18), (2, 9), (17, 6)], 2: [(4, 13), (7, 16), (5, 14), (13, 2), (14, 3)], 3: [(11, 20), (12, 1), (10, 19), (3, 12), (2, 2), (16, 5), (15, 4)]}
itMosseLS: 12, itMosseTS: 5
numero di soluzioni totali trovati: 11.
time elapsed: 81.11s.


##########################################################################################
s: 1, itNSI: 15.
soluzione iniziale: 0
0 -> 
costo: 151730.5, 
rotte: {2: [(1, 12), (12, 5), (5, 11), (11, 16), (16, 13), (13, 15)], 3: [(1, 9), (9, 6), (6, 2), (2, 8), (8, 7)], 4: [(1, 3), (3, 10), (10, 14), (14, 4), (4, 17), (17, 7)]}
trasportoPalletDiGamma: {2: [(12, 1), (5, 14), (11, 20), (16, 5), (13, 2), (15, 4)], 3: [(9, 18), (6, 15), (2, 11), (8, 17), (7, 4)], 4: [(3, 12), (10, 19), (14, 3), (4, 13), (17, 6), (7, 12)]}
bestSolutionIndice: 11
11 -> 
costo: 86309.70000000001, 
rotte: {2: [(1, 2), (2, 5), (5, 13), (13, 11), (11, 12), (12, 16), (16, 15)], 3: [(1, 6), (6, 7), (7, 8), (8, 9)], 4: [(1, 4), (4, 7), (7, 3), (3, 10), (10, 14), (14, 17)]}
trasportoPalletDiGamma: {2: [(2, 11), (5, 14), (13, 2), (11, 20), (12, 1), (16, 5), (15, 4)], 3: [(6, 15), (7, 4), (8, 17), (9, 18)], 4: [(4, 13), (7, 12), (3, 12), (10, 19), (14, 3), (17, 6)]}
itMosseLS: 15, itMosseTS: 5
numero di soluzioni totali trovati: 14.
time elapsed: 107.09s.


##########################################################################################
s: 1, itNSI: 16.
soluzione iniziale: 0
0 -> 
costo: 145759.99999999997, 
rotte: {4: [(1, 12), (12, 15), (15, 6), (6, 4), (4, 7), (7, 10)], 3: [(1, 16), (16, 11), (11, 13), (13, 14), (14, 2), (2, 9), (9, 10)], 2: [(1, 8), (8, 17), (17, 3), (3, 5), (5, 9)]}
trasportoPalletDiGamma: {4: [(12, 1), (15, 4), (6, 15), (4, 13), (7, 16), (10, 16)], 3: [(16, 5), (11, 20), (13, 2), (14, 3), (2, 11), (9, 2), (10, 3)], 2: [(8, 17), (17, 6), (3, 12), (5, 14), (9, 16)]}
bestSolutionIndice: 11
11 -> 
costo: 75458.19999999998, 
rotte: {4: [(1, 4), (4, 7), (7, 6), (6, 10)], 3: [(1, 15), (15, 17), (17, 16), (16, 12), (12, 11), (11, 14), (14, 13), (13, 2)], 2: [(1, 3), (3, 5), (5, 8), (8, 9)]}
trasportoPalletDiGamma: {4: [(4, 13), (7, 16), (6, 15), (10, 19)], 3: [(15, 4), (17, 6), (16, 5), (12, 1), (11, 20), (14, 3), (13, 2), (2, 11)], 2: [(3, 12), (5, 14), (8, 17), (9, 18)]}
itMosseLS: 16, itMosseTS: 5
numero di soluzioni totali trovati: 15.
time elapsed: 102.17s.


##########################################################################################
s: 1, itNSI: 17.
soluzione iniziale: 0
0 -> 
costo: 159853.0, 
rotte: {4: [(1, 9), (9, 14), (14, 10), (10, 5), (5, 6)], 2: [(1, 11), (11, 16), (16, 3), (3, 15), (15, 4), (4, 12)], 3: [(1, 17), (17, 2), (2, 13), (13, 8), (8, 7), (7, 6)]}
trasportoPalletDiGamma: {4: [(9, 18), (14, 3), (10, 19), (5, 14), (6, 11)], 2: [(11, 20), (16, 5), (3, 12), (15, 4), (4, 13), (12, 1)], 3: [(17, 6), (2, 11), (13, 2), (8, 17), (7, 16), (6, 4)]}
bestSolutionIndice: 18
18 -> 
costo: 85398.2, 
rotte: {4: [(1, 2), (2, 10), (10, 9)], 2: [(1, 17), (17, 16), (16, 15), (15, 3), (3, 4), (4, 12), (12, 11), (11, 14)], 3: [(1, 5), (5, 7), (7, 6), (6, 8), (8, 13)]}
trasportoPalletDiGamma: {4: [(2, 11), (10, 19), (9, 18)], 2: [(17, 6), (16, 5), (15, 4), (3, 12), (4, 13), (12, 1), (11, 20), (14, 3)], 3: [(5, 14), (7, 16), (6, 15), (8, 17), (13, 2)]}
itMosseLS: 20, itMosseTS: 5
numero di soluzioni totali trovati: 19.
time elapsed: 116.83s.


##########################################################################################
s: 1, itNSI: 18.
soluzione iniziale: 0
0 -> 
costo: 161195.1, 
rotte: {2: [(1, 9), (9, 4), (4, 10), (10, 2), (2, 3)], 3: [(1, 11), (11, 8), (8, 17), (17, 5), (5, 13), (13, 14)], 4: [(1, 7), (7, 16), (16, 6), (6, 12), (12, 15), (15, 3)]}
trasportoPalletDiGamma: {2: [(9, 18), (4, 13), (10, 19), (2, 11), (3, 4)], 3: [(11, 20), (8, 17), (17, 6), (5, 14), (13, 2), (14, 3)], 4: [(7, 16), (16, 5), (6, 15), (12, 1), (15, 4), (3, 8)]}
bestSolutionIndice: 11
11 -> 
costo: 90061.5, 
rotte: {2: [(1, 3), (3, 4), (4, 2), (2, 10), (10, 9)], 3: [(1, 8), (8, 14), (14, 11), (11, 13), (13, 17)], 4: [(1, 3), (3, 5), (5, 7), (7, 6), (6, 12), (12, 16), (16, 15)]}
trasportoPalletDiGamma: {2: [(3, 4), (4, 13), (2, 11), (10, 19), (9, 18)], 3: [(8, 17), (14, 3), (11, 20), (13, 2), (17, 6)], 4: [(3, 8), (5, 14), (7, 16), (6, 15), (12, 1), (16, 5), (15, 4)]}
itMosseLS: 16, itMosseTS: 5
numero di soluzioni totali trovati: 16.
time elapsed: 135.53s.


##########################################################################################
s: 1, itNSI: 19.
soluzione iniziale: 0
0 -> 
costo: 146406.9, 
rotte: {3: [(1, 17), (17, 8), (8, 5), (5, 13), (13, 6), (6, 4)], 4: [(1, 11), (11, 10), (10, 14), (14, 2), (2, 9)], 2: [(1, 15), (15, 16), (16, 3), (3, 7), (7, 12), (12, 9), (9, 4)]}
trasportoPalletDiGamma: {3: [(17, 6), (8, 17), (5, 14), (13, 2), (6, 15), (4, 11)], 4: [(11, 20), (10, 19), (14, 3), (2, 11), (9, 12)], 2: [(15, 4), (16, 5), (3, 12), (7, 16), (12, 1), (9, 6), (4, 2)]}
bestSolutionIndice: 11
11 -> 
costo: 94187.5, 
rotte: {3: [(1, 4), (4, 5), (5, 6), (6, 8), (8, 13)], 4: [(1, 11), (11, 14), (14, 10), (10, 2)], 2: [(1, 15), (15, 17), (17, 16), (16, 12), (12, 3), (3, 7), (7, 9)]}
trasportoPalletDiGamma: {3: [(4, 13), (5, 14), (6, 15), (8, 17), (13, 2)], 4: [(11, 20), (14, 3), (10, 19), (2, 11)], 2: [(15, 4), (17, 6), (16, 5), (12, 1), (3, 12), (7, 16), (9, 18)]}
itMosseLS: 17, itMosseTS: 5
numero di soluzioni totali trovati: 13.
time elapsed: 188.49s.


##########################################################################################
s: 1, itNSI: 20.
soluzione iniziale: 0
0 -> 
costo: 131557.8, 
rotte: {3: [(1, 17), (17, 2), (2, 7), (7, 14), (14, 8), (8, 12)], 2: [(1, 6), (6, 9), (9, 3), (3, 5), (5, 16)], 4: [(1, 13), (13, 11), (11, 4), (4, 10), (10, 15)]}
trasportoPalletDiGamma: {3: [(17, 6), (2, 11), (7, 16), (14, 3), (8, 17), (12, 1)], 2: [(6, 15), (9, 18), (3, 12), (5, 14), (16, 5)], 4: [(13, 2), (11, 20), (4, 13), (10, 19), (15, 4)]}
bestSolutionIndice: 16
16 -> 
costo: 93405.6, 
rotte: {3: [(1, 2), (2, 6), (6, 7), (7, 8), (8, 13), (13, 12), (12, 14)], 2: [(1, 3), (3, 4), (4, 5), (5, 9), (9, 16)], 4: [(1, 10), (10, 11), (11, 17), (17, 15)]}
trasportoPalletDiGamma: {3: [(2, 11), (6, 15), (7, 16), (8, 17), (13, 2), (12, 1), (14, 3)], 2: [(3, 12), (4, 13), (5, 14), (9, 18), (16, 5)], 4: [(10, 19), (11, 20), (17, 6), (15, 4)]}
itMosseLS: 16, itMosseTS: 5
numero di soluzioni totali trovati: 17.
time elapsed: 159.59s.


##########################################################################################
s: 1, itNSI: 21.
soluzione iniziale: 0
0 -> 
costo: 156627.4, 
rotte: {3: [(1, 14), (14, 6), (6, 9), (9, 2), (2, 13), (13, 15)], 2: [(1, 17), (17, 10), (10, 11), (11, 8), (8, 3)], 4: [(1, 4), (4, 16), (16, 7), (7, 12), (12, 5), (5, 3)]}
trasportoPalletDiGamma: {3: [(14, 3), (6, 15), (9, 18), (2, 11), (13, 2), (15, 4)], 2: [(17, 6), (10, 19), (11, 20), (8, 17), (3, 3)], 4: [(4, 13), (16, 5), (7, 16), (12, 1), (5, 14), (3, 9)]}
bestSolutionIndice: 16
16 -> 
costo: 106002.7, 
rotte: {3: [(1, 2), (2, 6), (6, 9), (9, 13), (13, 15)], 2: [(1, 11), (11, 14), (14, 10), (10, 3), (3, 8)], 4: [(1, 17), (17, 16), (16, 12), (12, 3), (3, 7), (7, 4), (4, 5)]}
trasportoPalletDiGamma: {3: [(2, 11), (6, 15), (9, 18), (13, 2), (15, 4)], 2: [(11, 20), (14, 3), (10, 19), (3, 3), (8, 17)], 4: [(17, 6), (16, 5), (12, 1), (3, 9), (7, 16), (4, 13), (5, 14)]}
itMosseLS: 19, itMosseTS: 5
numero di soluzioni totali trovati: 17.
time elapsed: 187.24s.


##########################################################################################
s: 1, itNSI: 22.
soluzione iniziale: 0
0 -> 
costo: 150542.2, 
rotte: {2: [(1, 8), (8, 2), (2, 4), (4, 5), (5, 7)], 4: [(1, 12), (12, 16), (16, 3), (3, 13), (13, 11), (11, 6)], 3: [(1, 15), (15, 14), (14, 10), (10, 17), (17, 9), (9, 7)]}
trasportoPalletDiGamma: {2: [(8, 17), (2, 11), (4, 13), (5, 14), (7, 10)], 4: [(12, 1), (16, 5), (3, 12), (13, 2), (11, 20), (6, 15)], 3: [(15, 4), (14, 3), (10, 19), (17, 6), (9, 18), (7, 6)]}
bestSolutionIndice: 13
13 -> 
costo: 77270.4, 
rotte: {2: [(1, 2), (2, 4), (4, 7), (7, 5), (5, 8)], 4: [(1, 12), (12, 11), (11, 14), (14, 13), (13, 3), (3, 7), (7, 6)], 3: [(1, 9), (9, 10), (10, 16), (16, 17), (17, 15)]}
trasportoPalletDiGamma: {2: [(2, 11), (4, 13), (7, 10), (5, 14), (8, 17)], 4: [(12, 1), (11, 20), (14, 3), (13, 2), (3, 12), (7, 6), (6, 15)], 3: [(9, 18), (10, 19), (16, 5), (17, 6), (15, 4)]}
itMosseLS: 18, itMosseTS: 5
numero di soluzioni totali trovati: 16.
time elapsed: 124.85s.


##########################################################################################
s: 1, itNSI: 23.
soluzione iniziale: 0
0 -> 
costo: 161698.99999999997, 
rotte: {4: [(1, 5), (5, 15), (15, 2), (2, 17), (17, 7), (7, 10)], 3: [(1, 4), (4, 11), (11, 3), (3, 16), (16, 14), (14, 10)], 2: [(1, 6), (6, 8), (8, 12), (12, 13), (13, 9)]}
trasportoPalletDiGamma: {4: [(5, 14), (15, 4), (2, 11), (17, 6), (7, 16), (10, 14)], 3: [(4, 13), (11, 20), (3, 12), (16, 5), (14, 3), (10, 5)], 2: [(6, 15), (8, 17), (12, 1), (13, 2), (9, 18)]}
bestSolutionIndice: 12
12 -> 
costo: 87827.5, 
rotte: {4: [(1, 10), (10, 2), (2, 5), (5, 7)], 3: [(1, 4), (4, 3), (3, 14), (14, 11), (11, 16), (16, 15)], 2: [(1, 6), (6, 8), (8, 9), (9, 13), (13, 12), (12, 17)]}
trasportoPalletDiGamma: {4: [(10, 19), (2, 11), (5, 14), (7, 16)], 3: [(4, 13), (3, 12), (14, 3), (11, 20), (16, 5), (15, 4)], 2: [(6, 15), (8, 17), (9, 18), (13, 2), (12, 1), (17, 6)]}
itMosseLS: 15, itMosseTS: 5
numero di soluzioni totali trovati: 13.
time elapsed: 83.72s.


##########################################################################################
s: 1, itNSI: 24.
soluzione iniziale: 0
0 -> 
costo: 177048.9, 
rotte: {2: [(1, 7), (7, 13), (13, 2), (2, 3), (3, 6), (6, 9)], 4: [(1, 11), (11, 8), (8, 16), (16, 4), (4, 14), (14, 9)], 3: [(1, 5), (5, 17), (17, 12), (12, 10), (10, 15), (15, 9)]}
trasportoPalletDiGamma: {2: [(7, 16), (13, 2), (2, 11), (3, 12), (6, 15), (9, 9)], 4: [(11, 20), (8, 17), (16, 5), (4, 13), (14, 3), (9, 7)], 3: [(5, 14), (17, 6), (12, 1), (10, 19), (15, 4), (9, 2)]}
bestSolutionIndice: 13
13 -> 
costo: 90948.20000000001, 
rotte: {2: [(1, 2), (2, 3), (3, 7), (7, 6)], 4: [(1, 9), (9, 8), (8, 14), (14, 11), (11, 16)], 3: [(1, 13), (13, 12), (12, 10), (10, 4), (4, 5), (5, 17), (17, 15)]}
trasportoPalletDiGamma: {2: [(2, 11), (3, 12), (7, 16), (6, 15)], 4: [(9, 18), (8, 17), (14, 3), (11, 20), (16, 5)], 3: [(13, 2), (12, 1), (10, 19), (4, 13), (5, 14), (17, 6), (15, 4)]}
itMosseLS: 17, itMosseTS: 5
numero di soluzioni totali trovati: 14.
time elapsed: 118.64s.


##########################################################################################
s: 1, itNSI: 25.
soluzione iniziale: 0
0 -> 
costo: 147002.9, 
rotte: {3: [(1, 7), (7, 10), (10, 12), (12, 11), (11, 13), (13, 9)], 4: [(1, 3), (3, 17), (17, 5), (5, 16), (16, 4), (4, 9)], 2: [(1, 6), (6, 14), (14, 8), (8, 2), (2, 15)]}
trasportoPalletDiGamma: {3: [(7, 16), (10, 19), (12, 1), (11, 20), (13, 2), (9, 7)], 4: [(3, 12), (17, 6), (5, 14), (16, 5), (4, 13), (9, 11)], 2: [(6, 15), (14, 3), (8, 17), (2, 11), (15, 4)]}
bestSolutionIndice: 7
7 -> 
costo: 104434.19999999998, 
rotte: {3: [(1, 7), (7, 9), (9, 10), (10, 13), (13, 12), (12, 11)], 4: [(1, 17), (17, 16), (16, 3), (3, 4), (4, 5), (5, 9)], 2: [(1, 2), (2, 6), (6, 8), (8, 14), (14, 15)]}
trasportoPalletDiGamma: {3: [(7, 16), (9, 7), (10, 19), (13, 2), (12, 1), (11, 20)], 4: [(17, 6), (16, 5), (3, 12), (4, 13), (5, 14), (9, 11)], 2: [(2, 11), (6, 15), (8, 17), (14, 3), (15, 4)]}
itMosseLS: 10, itMosseTS: 1
numero di soluzioni totali trovati: 10.
time elapsed: 146.15s.


##########################################################################################
##########################################################################################
##########################################################################################
##########################################################################################
##########################################################################################
##########################################################################################
##########################################################################################
##########################################################################################
##########################################################################################
##########################################################################################
##########################################################################################
##########################################################################################
##########################################################################################
##########################################################################################
##########################################################################################
##########################################################################################
##########################################################################################
##########################################################################################
##########################################################################################
##########################################################################################
##########################################################################################
##########################################################################################
##########################################################################################
##########################################################################################
##########################################################################################
##########################################################################################
##########################################################################################
##########################################################################################
Soluzione migliore in assoluto trovata:

s: 1
itNSI: 16, 
costo: 75458.19999999998, 
rotte: {4: [(1, 4), (4, 7), (7, 6), (6, 10)], 3: [(1, 15), (15, 17), (17, 16), (16, 12), (12, 11), (11, 14), (14, 13), (13, 2)], 2: [(1, 3), (3, 5), (5, 8), (8, 9)]}
trasportoPalletDiGamma: {4: [(4, 13), (7, 16), (6, 15), (10, 19)], 3: [(15, 4), (17, 6), (16, 5), (12, 1), (11, 20), (14, 3), (13, 2), (2, 11)], 2: [(3, 12), (5, 14), (8, 17), (9, 18)]}

Total time elapsed: 3605.53s.