itNSIMax: 50, itMosseTSMax: 5.
##########################################################################################
s: 1
dictSolutions[1]:
0 -> costo: 139650.90000000002, rotte: {2: [(1, 13), (13, 17), (17, 15), (15, 6), (6, 11), (11, 3)], 4: [(1, 10), (10, 4), (4, 5), (5, 7), (7, 2)], 3: [(1, 12), (12, 16), (16, 9), (9, 14), (14, 8), (8, 2)]}, padri: [-1], figli: [1], mosse: [-1]
1 -> costo: 129990.10000000002, rotte: {2: [(1, 13), (13, 17), (17, 15), (15, 6), (6, 11), (11, 3)], 4: [(1, 10), (10, 4), (4, 5), (5, 7), (7, 2)], 3: [(1, 12), (12, 16), (16, 14), (14, 9), (9, 8), (8, 2)]}, padri: [0], figli: [2], mosse: [(3, 3, 14, 9, 18)]
2 -> costo: 117857.70000000001, rotte: {2: [(1, 13), (13, 17), (17, 15), (15, 6), (6, 11), (11, 3)], 4: [(1, 10), (10, 4), (4, 5), (5, 7), (7, 2)], 3: [(1, 12), (12, 14), (14, 9), (9, 8), (8, 2), (2, 16)]}, padri: [1], figli: [3], mosse: [(3, 3, 2, 16, 5)]
3 -> costo: 108556.7, rotte: {2: [(1, 17), (17, 15), (15, 6), (6, 11), (11, 3)], 4: [(1, 10), (10, 4), (4, 5), (5, 7), (7, 2)], 3: [(1, 13), (13, 12), (12, 14), (14, 9), (9, 8), (8, 2), (2, 16)]}, padri: [2], figli: [4], mosse: [(3, 2, 1, 13, 2)]
4 -> costo: 102007.6, rotte: {2: [(1, 17), (17, 15), (15, 11), (11, 3), (3, 6)], 4: [(1, 10), (10, 4), (4, 5), (5, 7), (7, 2)], 3: [(1, 13), (13, 12), (12, 14), (14, 9), (9, 8), (8, 2), (2, 16)]}, padri: [3], figli: [5], mosse: [(2, 2, 3, 6, 15)]
5 -> costo: 100408.5, rotte: {2: [(1, 17), (17, 15), (15, 11), (11, 3), (3, 6)], 4: [(1, 10), (10, 4), (4, 5), (5, 7)], 3: [(1, 13), (13, 12), (12, 14), (14, 9), (9, 8), (8, 2), (2, 16)]}, padri: [4], figli: [6], mosse: [(3, 4, 1, 2, 3)]
6 -> costo: 99667.5, rotte: {2: [(1, 15), (15, 11), (11, 3), (3, 6)], 4: [(1, 10), (10, 4), (4, 5), (5, 7)], 3: [(1, 13), (13, 12), (12, 14), (14, 9), (9, 8), (8, 2), (2, 17), (17, 16)]}, padri: [5], figli: [7], mosse: [(3, 2, 2, 17, 6)]
7 -> costo: 97100.2, rotte: {2: [(1, 11), (11, 3), (3, 6), (6, 15)], 4: [(1, 10), (10, 4), (4, 5), (5, 7)], 3: [(1, 13), (13, 12), (12, 14), (14, 9), (9, 8), (8, 2), (2, 17), (17, 16)]}, padri: [6], figli: [8, 10], mosse: [(2, 2, 6, 15, 4)]
8 -> costo: 92622.9, rotte: {2: [(1, 3), (3, 6), (6, 11), (11, 15)], 4: [(1, 10), (10, 4), (4, 5), (5, 7)], 3: [(1, 13), (13, 12), (12, 14), (14, 9), (9, 8), (8, 2), (2, 17), (17, 16)]}, padri: [7], figli: [9, 9, 9, 11, 11, 11], mosse: [(2, 2, 6, 11, 20)]
9 -> costo: 92176.9, rotte: {2: [(1, 3), (3, 6), (6, 11), (11, 15)], 4: [(1, 10), (10, 4), (4, 7), (7, 5)], 3: [(1, 13), (13, 12), (12, 14), (14, 9), (9, 8), (8, 2), (2, 17), (17, 16)]}, padri: [8, 8, 8, 10, 12], figli: [], mosse: [(4, 4, 4, 7, 16), (4, 4, 7, 5, 14), (4, 4, 5, 7), (2, 2, 6, 11, 20), (2, 2, 3, 6, 15)]
10 -> costo: 96654.2, rotte: {2: [(1, 11), (11, 3), (3, 6), (6, 15)], 4: [(1, 10), (10, 4), (4, 7), (7, 5)], 3: [(1, 13), (13, 12), (12, 14), (14, 9), (9, 8), (8, 2), (2, 17), (17, 16)]}, padri: [7], figli: [9, 11], mosse: [(4, 4, 4, 7, 16)]
11 -> costo: 96498.9, rotte: {2: [(1, 11), (11, 6), (6, 3), (3, 15)], 4: [(1, 10), (10, 4), (4, 7), (7, 5)], 3: [(1, 13), (13, 12), (12, 14), (14, 9), (9, 8), (8, 2), (2, 17), (17, 16)]}, padri: [10], figli: [12], mosse: [(2, 2, 6, 3, 12)]
12 -> costo: 92438.5, rotte: {2: [(1, 6), (6, 3), (3, 11), (11, 15)], 4: [(1, 10), (10, 4), (4, 7), (7, 5)], 3: [(1, 13), (13, 12), (12, 14), (14, 9), (9, 8), (8, 2), (2, 17), (17, 16)]}, padri: [11], figli: [9], mosse: [(2, 2, 3, 11, 20)]
bestSolutionIndice: 9
9 -> costo: 92176.9, rotte: {2: [(1, 3), (3, 6), (6, 11), (11, 15)], 4: [(1, 10), (10, 4), (4, 7), (7, 5)], 3: [(1, 13), (13, 12), (12, 14), (14, 9), (9, 8), (8, 2), (2, 17), (17, 16)]}, padri: [8, 8, 8, 10, 12], figli: [], mosse: [(4, 4, 4, 7, 16), (4, 4, 7, 5, 14), (4, 4, 5, 7), (2, 2, 6, 11, 20), (2, 2, 3, 6, 15)]
trasportoPalletDiGamma: {2: [(3, 12), (6, 15), (11, 20), (15, 4)], 4: [(10, 19), (4, 13), (7, 16), (5, 14)], 3: [(13, 2), (12, 1), (14, 3), (9, 18), (8, 17), (2, 11), (17, 6), (16, 5)]}
itMosseLS: 16, itMosseTS: 5
time elapsed: 145.38s.


##########################################################################################
s: 1
dictSolutions[1]:
0 -> costo: 132495.99999999997, rotte: {2: [(1, 7), (7, 4), (4, 6), (6, 9), (9, 12), (12, 8)], 4: [(1, 16), (16, 11), (11, 14), (14, 13), (13, 5), (5, 8)], 3: [(1, 2), (2, 3), (3, 17), (17, 10), (10, 15)]}, padri: [-1], figli: [1], mosse: [-1]
1 -> costo: 107324.49999999999, rotte: {2: [(1, 7), (7, 4), (4, 6), (6, 9), (9, 12), (12, 8)], 4: [(1, 16), (16, 11), (11, 14), (14, 13), (13, 5), (5, 8)], 3: [(1, 2), (2, 3), (3, 10), (10, 17), (17, 15)]}, padri: [0], figli: [2], mosse: [(3, 3, 10, 17, 6)]
2 -> costo: 91296.39999999998, rotte: {2: [(1, 7), (7, 4), (4, 6), (6, 9), (9, 12), (12, 8)], 4: [(1, 11), (11, 14), (14, 13), (13, 5), (5, 8)], 3: [(1, 2), (2, 3), (3, 10), (10, 16), (16, 17), (17, 15)]}, padri: [1], figli: [3], mosse: [(3, 4, 10, 16, 5)]
3 -> costo: 84956.79999999999, rotte: {2: [(1, 7), (7, 4), (4, 6), (6, 8), (8, 9), (9, 12)], 4: [(1, 11), (11, 14), (14, 13), (13, 5), (5, 8)], 3: [(1, 2), (2, 3), (3, 10), (10, 16), (16, 17), (17, 15)]}, padri: [2], figli: [4, 5], mosse: [(2, 2, 6, 8, 2)]
4 -> costo: 83924.19999999998, rotte: {2: [(1, 4), (4, 6), (6, 7), (7, 8), (8, 9), (9, 12)], 4: [(1, 11), (11, 14), (14, 13), (13, 5), (5, 8)], 3: [(1, 2), (2, 3), (3, 10), (10, 16), (16, 17), (17, 15)]}, padri: [3], figli: [5, 7], mosse: [(2, 2, 6, 7, 16)]
5 -> costo: 82840.9, rotte: {2: [(1, 4), (4, 7), (7, 6), (6, 8), (8, 9), (9, 12)], 4: [(1, 11), (11, 14), (14, 13), (13, 5), (5, 8)], 3: [(1, 2), (2, 3), (3, 10), (10, 16), (16, 17), (17, 15)]}, padri: [4, 3], figli: [6], mosse: [(2, 2, 7, 6, 15), (2, 2, 7, 4)]
6 -> costo: 82665.59999999999, rotte: {2: [(1, 4), (4, 7), (7, 6), (6, 8), (8, 9), (9, 12)], 4: [(1, 14), (14, 11), (11, 13), (13, 5), (5, 8)], 3: [(1, 2), (2, 3), (3, 10), (10, 16), (16, 17), (17, 15)]}, padri: [5, 7], figli: [], mosse: [(4, 4, 14, 11, 20), (2, 2, 7, 6, 15)]
7 -> costo: 83748.9, rotte: {2: [(1, 4), (4, 6), (6, 7), (7, 8), (8, 9), (9, 12)], 4: [(1, 14), (14, 11), (11, 13), (13, 5), (5, 8)], 3: [(1, 2), (2, 3), (3, 10), (10, 16), (16, 17), (17, 15)]}, padri: [4], figli: [6], mosse: [(4, 4, 14, 11, 20)]
bestSolutionIndice: 6
6 -> costo: 82665.59999999999, rotte: {2: [(1, 4), (4, 7), (7, 6), (6, 8), (8, 9), (9, 12)], 4: [(1, 14), (14, 11), (11, 13), (13, 5), (5, 8)], 3: [(1, 2), (2, 3), (3, 10), (10, 16), (16, 17), (17, 15)]}, padri: [5, 7], figli: [], mosse: [(4, 4, 14, 11, 20), (2, 2, 7, 6, 15)]
trasportoPalletDiGamma: {2: [(4, 13), (7, 16), (6, 15), (8, 2), (9, 18), (12, 1)], 4: [(14, 3), (11, 20), (13, 2), (5, 14), (8, 15)], 3: [(2, 11), (3, 12), (10, 19), (16, 5), (17, 6), (15, 4)]}
itMosseLS: 9, itMosseTS: 5
time elapsed: 142.54s.


##########################################################################################
s: 1
dictSolutions[1]:
0 -> costo: 152775.50000000003, rotte: {2: [(1, 5), (5, 3), (3, 10), (10, 11)], 4: [(1, 4), (4, 16), (16, 14), (14, 6), (6, 7), (7, 8)], 3: [(1, 17), (17, 9), (9, 13), (13, 12), (12, 2), (2, 15), (15, 8)]}, padri: [-1], figli: [1], mosse: [-1]
1 -> costo: 133261.1, rotte: {2: [(1, 5), (5, 3), (3, 10), (10, 11)], 4: [(1, 4), (4, 16), (16, 14), (14, 6), (6, 7), (7, 8)], 3: [(1, 9), (9, 13), (13, 12), (12, 2), (2, 17), (17, 15), (15, 8)]}, padri: [0], figli: [2], mosse: [(3, 3, 2, 17, 6)]
2 -> costo: 116831.0, rotte: {2: [(1, 5), (5, 3), (3, 10), (10, 11)], 4: [(1, 4), (4, 16), (16, 14), (14, 6), (6, 7), (7, 8)], 3: [(1, 8), (8, 9), (9, 13), (13, 12), (12, 2), (2, 17), (17, 15)]}, padri: [1], figli: [3], mosse: [(3, 3, 1, 8, 4)]
3 -> costo: 110664.3, rotte: {2: [(1, 5), (5, 3), (3, 10), (10, 11)], 4: [(1, 16), (16, 14), (14, 6), (6, 7), (7, 8)], 3: [(1, 8), (8, 9), (9, 13), (13, 12), (12, 4), (4, 2), (2, 17), (17, 15)]}, padri: [2], figli: [4], mosse: [(3, 4, 12, 4, 13)]
4 -> costo: 94319.60000000002, rotte: {2: [(1, 5), (5, 3), (3, 10), (10, 11)], 4: [(1, 14), (14, 6), (6, 7), (7, 8)], 3: [(1, 8), (8, 9), (9, 13), (13, 12), (12, 4), (4, 2), (2, 16), (16, 17), (17, 15)]}, padri: [3], figli: [5], mosse: [(3, 4, 2, 16, 5)]
5 -> costo: 91465.80000000002, rotte: {2: [(1, 5), (5, 3), (3, 10), (10, 11)], 4: [(1, 6), (6, 7), (7, 8), (8, 14)], 3: [(1, 8), (8, 9), (9, 13), (13, 12), (12, 4), (4, 2), (2, 16), (16, 17), (17, 15)]}, padri: [4], figli: [6, 7, 9], mosse: [(4, 4, 8, 14, 3)]
6 -> costo: 90932.90000000002, rotte: {2: [(1, 3), (3, 10), (10, 11)], 4: [(1, 6), (6, 7), (7, 5), (5, 8), (8, 14)], 3: [(1, 8), (8, 9), (9, 13), (13, 12), (12, 4), (4, 2), (2, 16), (16, 17), (17, 15)]}, padri: [5, 7, 9], figli: [], mosse: [(4, 2, 7, 5, 14), (4, 4, 7, 5, 14), (4, 4, 7, 5, 14)]
7 -> costo: 91153.30000000002, rotte: {2: [(1, 3), (3, 10), (10, 11)], 4: [(1, 5), (5, 6), (6, 7), (7, 8), (8, 14)], 3: [(1, 8), (8, 9), (9, 13), (13, 12), (12, 4), (4, 2), (2, 16), (16, 17), (17, 15)]}, padri: [5], figli: [8, 6], mosse: [(4, 2, 1, 5, 14)]
8 -> costo: 90186.60000000002, rotte: {2: [(1, 3), (3, 10), (10, 11)], 4: [(1, 5), (5, 7), (7, 6), (6, 8), (8, 14)], 3: [(1, 8), (8, 9), (9, 13), (13, 12), (12, 4), (4, 2), (2, 16), (16, 17), (17, 15)]}, padri: [7, 9], figli: [], mosse: [(4, 4, 7, 6, 15), (4, 4, 7, 6, 15)]
9 -> costo: 91239.10000000002, rotte: {2: [(1, 3), (3, 10), (10, 11)], 4: [(1, 6), (6, 5), (5, 7), (7, 8), (8, 14)], 3: [(1, 8), (8, 9), (9, 13), (13, 12), (12, 4), (4, 2), (2, 16), (16, 17), (17, 15)]}, padri: [5], figli: [8, 6], mosse: [(4, 2, 6, 5, 14)]
bestSolutionIndice: 8
8 -> costo: 90186.60000000002, rotte: {2: [(1, 3), (3, 10), (10, 11)], 4: [(1, 5), (5, 7), (7, 6), (6, 8), (8, 14)], 3: [(1, 8), (8, 9), (9, 13), (13, 12), (12, 4), (4, 2), (2, 16), (16, 17), (17, 15)]}, padri: [7, 9], figli: [], mosse: [(4, 4, 7, 6, 15), (4, 4, 7, 6, 15)]
trasportoPalletDiGamma: {2: [(3, 12), (10, 19), (11, 20)], 4: [(5, 14), (7, 16), (6, 15), (8, 13), (14, 3)], 3: [(8, 4), (9, 18), (13, 2), (12, 1), (4, 13), (2, 11), (16, 5), (17, 6), (15, 4)]}
itMosseLS: 12, itMosseTS: 5
time elapsed: 132.47s.


##########################################################################################
s: 1
dictSolutions[1]:
0 -> costo: 145815.50000000003, rotte: {4: [(1, 17), (17, 10), (10, 4), (4, 12), (12, 8), (8, 16)], 3: [(1, 5), (5, 6), (6, 15), (15, 13), (13, 14), (14, 9)], 2: [(1, 3), (3, 7), (7, 11), (11, 2), (2, 9)]}, padri: [-1], figli: [1], mosse: [-1]
1 -> costo: 125746.4, rotte: {4: [(1, 10), (10, 4), (4, 12), (12, 8), (8, 17), (17, 16)], 3: [(1, 5), (5, 6), (6, 15), (15, 13), (13, 14), (14, 9)], 2: [(1, 3), (3, 7), (7, 11), (11, 2), (2, 9)]}, padri: [0], figli: [2], mosse: [(4, 4, 8, 17, 6)]
2 -> costo: 119213.2, rotte: {4: [(1, 10), (10, 4), (4, 8), (8, 12), (12, 17), (17, 16)], 3: [(1, 5), (5, 6), (6, 15), (15, 13), (13, 14), (14, 9)], 2: [(1, 3), (3, 7), (7, 11), (11, 2), (2, 9)]}, padri: [1], figli: [3], mosse: [(4, 4, 8, 12, 1)]
3 -> costo: 114907.79999999999, rotte: {4: [(1, 10), (10, 4), (4, 8), (8, 12), (12, 17), (17, 16)], 3: [(1, 5), (5, 6), (6, 13), (13, 14), (14, 9), (9, 15)], 2: [(1, 3), (3, 7), (7, 11), (11, 2), (2, 9)]}, padri: [2], figli: [4], mosse: [(3, 3, 9, 15, 4)]
4 -> costo: 110652.2, rotte: {4: [(1, 10), (10, 4), (4, 8), (8, 12), (12, 17), (17, 16)], 3: [(1, 5), (5, 6), (6, 13), (13, 14), (14, 9), (9, 15)], 2: [(1, 3), (3, 7), (7, 2), (2, 9), (9, 11)]}, padri: [3], figli: [5], mosse: [(2, 2, 9, 11, 20)]
5 -> costo: 106101.2, rotte: {4: [(1, 10), (10, 4), (4, 8), (8, 12), (12, 17), (17, 16)], 3: [(1, 5), (5, 6), (6, 13), (13, 14), (14, 9), (9, 15)], 2: [(1, 3), (3, 7), (7, 2), (2, 11)]}, padri: [4], figli: [6], mosse: [(3, 2, 1, 9, 6)]
6 -> costo: 105310.8, rotte: {4: [(1, 4), (4, 10), (10, 8), (8, 12), (12, 17), (17, 16)], 3: [(1, 5), (5, 6), (6, 13), (13, 14), (14, 9), (9, 15)], 2: [(1, 3), (3, 7), (7, 2), (2, 11)]}, padri: [5], figli: [7], mosse: [(4, 4, 4, 10, 19)]
7 -> costo: 105166.2, rotte: {4: [(1, 4), (4, 10), (10, 8), (8, 12), (12, 17), (17, 16)], 3: [(1, 5), (5, 6), (6, 13), (13, 14), (14, 9), (9, 15)], 2: [(1, 7), (7, 3), (3, 2), (2, 11)]}, padri: [6], figli: [8], mosse: [(2, 2, 7, 3, 12)]
8 -> costo: 105044.90000000001, rotte: {4: [(1, 4), (4, 10), (10, 8), (8, 12), (12, 17), (17, 16)], 3: [(1, 5), (5, 13), (13, 14), (14, 9), (9, 6), (6, 15)], 2: [(1, 7), (7, 3), (3, 2), (2, 11)]}, padri: [7], figli: [9], mosse: [(3, 3, 9, 6, 15)]
9 -> costo: 102477.79999999999, rotte: {4: [(1, 4), (4, 10), (10, 8), (8, 12), (12, 17), (17, 16)], 3: [(1, 13), (13, 14), (14, 9), (9, 6), (6, 5), (5, 15)], 2: [(1, 7), (7, 3), (3, 2), (2, 11)]}, padri: [8], figli: [10], mosse: [(3, 3, 6, 5, 14)]
10 -> costo: 102253.4, rotte: {4: [(1, 4), (4, 10), (10, 8), (8, 13), (13, 12), (12, 17), (17, 16)], 3: [(1, 14), (14, 9), (9, 6), (6, 5), (5, 15)], 2: [(1, 7), (7, 3), (3, 2), (2, 11)]}, padri: [9], figli: [11, 14], mosse: [(4, 3, 8, 13, 2)]
11 -> costo: 94426.29999999999, rotte: {4: [(1, 4), (4, 10), (10, 8), (8, 13), (13, 12), (12, 17), (17, 16)], 3: [(1, 9), (9, 6), (6, 5), (5, 15)], 2: [(1, 7), (7, 3), (3, 2), (2, 11), (11, 14)]}, padri: [10], figli: [12, 13], mosse: [(2, 3, 11, 14, 3)]
12 -> costo: 93943.40000000001, rotte: {4: [(1, 10), (10, 8), (8, 13), (13, 12), (12, 17), (17, 16)], 3: [(1, 9), (9, 6), (6, 5), (5, 4), (4, 15)], 2: [(1, 7), (7, 3), (3, 2), (2, 11), (11, 14)]}, padri: [11, 13, 15, 15], figli: [], mosse: [(3, 4, 5, 4, 13), (3, 3, 5, 4, 13), (2, 2, 2, 11, 20), (2, 2, 11, 14, 3)]
13 -> costo: 94359.2, rotte: {4: [(1, 10), (10, 8), (8, 13), (13, 12), (12, 17), (17, 16)], 3: [(1, 4), (4, 9), (9, 6), (6, 5), (5, 15)], 2: [(1, 7), (7, 3), (3, 2), (2, 11), (11, 14)]}, padri: [11], figli: [12], mosse: [(3, 4, 1, 4, 13)]
14 -> costo: 94819.99999999999, rotte: {4: [(1, 4), (4, 10), (10, 8), (8, 13), (13, 12), (12, 17), (17, 16)], 3: [(1, 9), (9, 6), (6, 5), (5, 15)], 2: [(1, 7), (7, 3), (3, 2), (2, 14), (14, 11)]}, padri: [10], figli: [15], mosse: [(2, 3, 2, 14, 3)]
15 -> costo: 94337.1, rotte: {4: [(1, 10), (10, 8), (8, 13), (13, 12), (12, 17), (17, 16)], 3: [(1, 9), (9, 6), (6, 5), (5, 4), (4, 15)], 2: [(1, 7), (7, 3), (3, 2), (2, 14), (14, 11)]}, padri: [14], figli: [12, 12], mosse: [(3, 4, 5, 4, 13)]
bestSolutionIndice: 12
12 -> costo: 93943.40000000001, rotte: {4: [(1, 10), (10, 8), (8, 13), (13, 12), (12, 17), (17, 16)], 3: [(1, 9), (9, 6), (6, 5), (5, 4), (4, 15)], 2: [(1, 7), (7, 3), (3, 2), (2, 11), (11, 14)]}, padri: [11, 13, 15, 15], figli: [], mosse: [(3, 4, 5, 4, 13), (3, 3, 5, 4, 13), (2, 2, 2, 11, 20), (2, 2, 11, 14, 3)]
trasportoPalletDiGamma: {4: [(10, 19), (8, 17), (13, 2), (12, 1), (17, 6), (16, 5)], 3: [(9, 18), (6, 15), (5, 14), (4, 13), (15, 4)], 2: [(7, 16), (3, 12), (2, 11), (11, 20), (14, 3)]}
itMosseLS: 18, itMosseTS: 5
time elapsed: 300.51s.


##########################################################################################
s: 1
dictSolutions[1]:
0 -> costo: 145946.5, rotte: {3: [(1, 13), (13, 6), (6, 5), (5, 16), (16, 17), (17, 2), (2, 3)], 4: [(1, 10), (10, 7), (7, 11), (11, 3)], 2: [(1, 12), (12, 15), (15, 9), (9, 14), (14, 4), (4, 8)]}, padri: [-1], figli: [1], mosse: [-1]
1 -> costo: 135947.1, rotte: {3: [(1, 13), (13, 6), (6, 5), (5, 16), (16, 17), (17, 2), (2, 3)], 4: [(1, 10), (10, 7), (7, 11), (11, 3)], 2: [(1, 12), (12, 15), (15, 14), (14, 4), (4, 8), (8, 9)]}, padri: [0], figli: [2], mosse: [(2, 2, 8, 9, 18)]
2 -> costo: 126513.39999999998, rotte: {3: [(1, 13), (13, 6), (6, 5), (5, 16), (16, 17), (17, 2), (2, 3)], 4: [(1, 10), (10, 7), (7, 11), (11, 3)], 2: [(1, 15), (15, 12), (12, 14), (14, 4), (4, 8), (8, 9)]}, padri: [1], figli: [3], mosse: [(2, 2, 15, 12, 1)]
3 -> costo: 111569.79999999999, rotte: {3: [(1, 13), (13, 6), (6, 5), (5, 15), (15, 16), (16, 17), (17, 2), (2, 3)], 4: [(1, 10), (10, 7), (7, 11), (11, 3)], 2: [(1, 12), (12, 14), (14, 4), (4, 8), (8, 9)]}, padri: [2], figli: [4], mosse: [(3, 2, 5, 15, 4)]
4 -> costo: 102239.4, rotte: {3: [(1, 6), (6, 5), (5, 15), (15, 16), (16, 17), (17, 2), (2, 3)], 4: [(1, 10), (10, 7), (7, 11), (11, 3)], 2: [(1, 13), (13, 12), (12, 14), (14, 4), (4, 8), (8, 9)]}, padri: [3], figli: [5], mosse: [(2, 3, 1, 13, 2)]
5 -> costo: 95538.4, rotte: {3: [(1, 6), (6, 5), (5, 15), (15, 16), (16, 17), (17, 2), (2, 3)], 4: [(1, 10), (10, 3), (3, 7), (7, 11)], 2: [(1, 13), (13, 12), (12, 14), (14, 4), (4, 8), (8, 9)]}, padri: [4], figli: [6], mosse: [(4, 4, 10, 3, 10)]
6 -> costo: 94289.59999999999, rotte: {3: [(1, 6), (6, 5), (5, 15), (15, 16), (16, 17), (17, 2), (2, 3)], 4: [(1, 3), (3, 7), (7, 10), (10, 11)], 2: [(1, 13), (13, 12), (12, 14), (14, 4), (4, 8), (8, 9)]}, padri: [5], figli: [7], mosse: [(4, 4, 7, 10, 19)]
7 -> costo: 94045.7, rotte: {3: [(1, 6), (6, 15), (15, 16), (16, 17), (17, 2), (2, 3), (3, 5)], 4: [(1, 3), (3, 7), (7, 10), (10, 11)], 2: [(1, 13), (13, 12), (12, 14), (14, 4), (4, 8), (8, 9)]}, padri: [6], figli: [8, 9, 10], mosse: [(3, 3, 3, 5, 14)]
8 -> costo: 87502.9, rotte: {3: [(1, 15), (15, 16), (16, 17), (17, 2), (2, 3), (3, 5), (5, 6)], 4: [(1, 3), (3, 7), (7, 10), (10, 11)], 2: [(1, 13), (13, 12), (12, 14), (14, 4), (4, 8), (8, 9)]}, padri: [7, 9, 9, 9, 10], figli: [], mosse: [(3, 3, 5, 6, 15), (3, 3, 6, 5), (3, 3, 3, 5, 14), (3, 3, 5, 6, 15), (3, 3, 5, 6, 15)]
9 -> costo: 87896.5, rotte: {3: [(1, 15), (15, 16), (16, 17), (17, 2), (2, 3), (3, 6), (6, 5)], 4: [(1, 3), (3, 7), (7, 10), (10, 11)], 2: [(1, 13), (13, 12), (12, 14), (14, 4), (4, 8), (8, 9)]}, padri: [7], figli: [8, 8, 8], mosse: [(3, 3, 3, 6, 15)]
10 -> costo: 88382.7, rotte: {3: [(1, 15), (15, 16), (16, 17), (17, 6), (6, 2), (2, 3), (3, 5)], 4: [(1, 3), (3, 7), (7, 10), (10, 11)], 2: [(1, 13), (13, 12), (12, 14), (14, 4), (4, 8), (8, 9)]}, padri: [7], figli: [8], mosse: [(3, 3, 17, 6, 15)]
bestSolutionIndice: 8
8 -> costo: 87502.9, rotte: {3: [(1, 15), (15, 16), (16, 17), (17, 2), (2, 3), (3, 5), (5, 6)], 4: [(1, 3), (3, 7), (7, 10), (10, 11)], 2: [(1, 13), (13, 12), (12, 14), (14, 4), (4, 8), (8, 9)]}, padri: [7, 9, 9, 9, 10], figli: [], mosse: [(3, 3, 5, 6, 15), (3, 3, 6, 5), (3, 3, 3, 5, 14), (3, 3, 5, 6, 15), (3, 3, 5, 6, 15)]
trasportoPalletDiGamma: {3: [(15, 4), (16, 5), (17, 6), (2, 11), (3, 2), (5, 14), (6, 15)], 4: [(3, 10), (7, 16), (10, 19), (11, 20)], 2: [(13, 2), (12, 1), (14, 3), (4, 13), (8, 17), (9, 18)]}
itMosseLS: 14, itMosseTS: 5
time elapsed: 248.71s.


##########################################################################################
s: 1
dictSolutions[1]:
0 -> costo: 152867.9, rotte: {3: [(1, 15), (15, 13), (13, 9), (9, 16), (16, 14), (14, 6)], 2: [(1, 4), (4, 17), (17, 8), (8, 10), (10, 2)], 4: [(1, 3), (3, 5), (5, 7), (7, 11), (11, 12), (12, 2)]}, padri: [-1], figli: [1], mosse: [-1]
1 -> costo: 137469.39999999997, rotte: {3: [(1, 13), (13, 9), (9, 15), (15, 16), (16, 14), (14, 6)], 2: [(1, 4), (4, 17), (17, 8), (8, 10), (10, 2)], 4: [(1, 3), (3, 5), (5, 7), (7, 11), (11, 12), (12, 2)]}, padri: [0], figli: [2], mosse: [(3, 3, 9, 15, 4)]
2 -> costo: 124368.79999999999, rotte: {3: [(1, 13), (13, 9), (9, 15), (15, 16), (16, 14), (14, 6)], 2: [(1, 4), (4, 8), (8, 10), (10, 2), (2, 17)], 4: [(1, 3), (3, 5), (5, 7), (7, 11), (11, 12), (12, 2)]}, padri: [1], figli: [3], mosse: [(2, 2, 2, 17, 6)]
3 -> costo: 116912.19999999998, rotte: {3: [(1, 13), (13, 15), (15, 16), (16, 14), (14, 6), (6, 9)], 2: [(1, 4), (4, 8), (8, 10), (10, 2), (2, 17)], 4: [(1, 3), (3, 5), (5, 7), (7, 11), (11, 12), (12, 2)]}, padri: [2], figli: [4], mosse: [(3, 3, 6, 9, 18)]
4 -> costo: 107630.4, rotte: {3: [(1, 15), (15, 16), (16, 13), (13, 14), (14, 6), (6, 9)], 2: [(1, 4), (4, 8), (8, 10), (10, 2), (2, 17)], 4: [(1, 3), (3, 5), (5, 7), (7, 11), (11, 12), (12, 2)]}, padri: [3], figli: [5], mosse: [(3, 3, 16, 13, 2)]
5 -> costo: 102012.4, rotte: {3: [(1, 15), (15, 16), (16, 13), (13, 14), (14, 6), (6, 9)], 2: [(1, 4), (4, 8), (8, 10), (10, 2), (2, 17)], 4: [(1, 2), (2, 3), (3, 5), (5, 7), (7, 11), (11, 12)]}, padri: [4], figli: [6], mosse: [(4, 4, 1, 2, 1)]
6 -> costo: 100833.3, rotte: {3: [(1, 15), (15, 16), (16, 13), (13, 14), (14, 6), (6, 9)], 2: [(1, 4), (4, 8), (8, 10), (10, 2), (2, 17)], 4: [(1, 2), (2, 5), (5, 7), (7, 3), (3, 11), (11, 12)]}, padri: [5], figli: [7], mosse: [(4, 4, 7, 3, 12)]
7 -> costo: 100577.09999999999, rotte: {3: [(1, 15), (15, 16), (16, 13), (13, 14), (14, 6), (6, 9)], 2: [(1, 8), (8, 10), (10, 4), (4, 2), (2, 17)], 4: [(1, 2), (2, 5), (5, 7), (7, 3), (3, 11), (11, 12)]}, padri: [6], figli: [8], mosse: [(2, 2, 10, 4, 13)]
8 -> costo: 95410.09999999999, rotte: {3: [(1, 15), (15, 16), (16, 13), (13, 14), (14, 6), (6, 8), (8, 9)], 2: [(1, 10), (10, 4), (4, 2), (2, 17)], 4: [(1, 2), (2, 5), (5, 7), (7, 3), (3, 11), (11, 12)]}, padri: [7], figli: [9], mosse: [(3, 2, 6, 8, 17)]
9 -> costo: 95221.69999999998, rotte: {3: [(1, 16), (16, 13), (13, 14), (14, 6), (6, 8), (8, 9)], 2: [(1, 10), (10, 4), (4, 2), (2, 17), (17, 15)], 4: [(1, 2), (2, 5), (5, 7), (7, 3), (3, 11), (11, 12)]}, padri: [8], figli: [10, 13], mosse: [(2, 3, 17, 15, 4)]
10 -> costo: 79082.2, rotte: {3: [(1, 13), (13, 14), (14, 6), (6, 8), (8, 9)], 2: [(1, 10), (10, 4), (4, 2), (2, 16), (16, 17), (17, 15)], 4: [(1, 2), (2, 5), (5, 7), (7, 3), (3, 11), (11, 12)]}, padri: [9], figli: [11], mosse: [(2, 3, 2, 16, 5)]
11 -> costo: 78987.8, rotte: {3: [(1, 13), (13, 14), (14, 6), (6, 8), (8, 9)], 2: [(1, 4), (4, 2), (2, 10), (10, 16), (16, 17), (17, 15)], 4: [(1, 2), (2, 5), (5, 7), (7, 3), (3, 11), (11, 12)]}, padri: [10], figli: [12], mosse: [(2, 2, 2, 10, 19)]
12 -> costo: 78776.0, rotte: {3: [(1, 13), (13, 14), (14, 6), (6, 8), (8, 9)], 2: [(1, 2), (2, 4), (4, 10), (10, 16), (16, 17), (17, 15)], 4: [(1, 2), (2, 5), (5, 7), (7, 3), (3, 11), (11, 12)]}, padri: [11], figli: [], mosse: [(2, 2, 2, 4, 13)]
13 -> costo: 79082.2, rotte: {3: [(1, 13), (13, 14), (14, 6), (6, 8), (8, 9)], 2: [(1, 10), (10, 4), (4, 2), (2, 17), (17, 16), (16, 15)], 4: [(1, 2), (2, 5), (5, 7), (7, 3), (3, 11), (11, 12)]}, padri: [9], figli: [14], mosse: [(2, 3, 17, 16, 5)]
14 -> costo: 78987.79999999999, rotte: {3: [(1, 13), (13, 14), (14, 6), (6, 8), (8, 9)], 2: [(1, 4), (4, 2), (2, 10), (10, 17), (17, 16), (16, 15)], 4: [(1, 2), (2, 5), (5, 7), (7, 3), (3, 11), (11, 12)]}, padri: [13], figli: [15], mosse: [(2, 2, 2, 10, 19)]
15 -> costo: 78776.0, rotte: {3: [(1, 13), (13, 14), (14, 6), (6, 8), (8, 9)], 2: [(1, 2), (2, 4), (4, 10), (10, 17), (17, 16), (16, 15)], 4: [(1, 2), (2, 5), (5, 7), (7, 3), (3, 11), (11, 12)]}, padri: [14], figli: [], mosse: [(2, 2, 2, 4, 13)]
bestSolutionIndice: 12
12 -> costo: 78776.0, rotte: {3: [(1, 13), (13, 14), (14, 6), (6, 8), (8, 9)], 2: [(1, 2), (2, 4), (4, 10), (10, 16), (16, 17), (17, 15)], 4: [(1, 2), (2, 5), (5, 7), (7, 3), (3, 11), (11, 12)]}, padri: [11], figli: [], mosse: [(2, 2, 2, 4, 13)]
trasportoPalletDiGamma: {3: [(13, 2), (14, 3), (6, 15), (8, 17), (9, 18)], 2: [(2, 10), (4, 13), (10, 19), (16, 5), (17, 6), (15, 4)], 4: [(2, 1), (5, 14), (7, 16), (3, 12), (11, 20), (12, 1)]}
itMosseLS: 15, itMosseTS: 5
time elapsed: 97.43s.


##########################################################################################
s: 1
dictSolutions[1]:
0 -> costo: 139180.5, rotte: {4: [(1, 3), (3, 15), (15, 17), (17, 8), (8, 5), (5, 4)], 2: [(1, 14), (14, 2), (2, 6), (6, 13), (13, 11), (11, 4)], 3: [(1, 7), (7, 9), (9, 16), (16, 12), (12, 10)]}, padri: [-1], figli: [1], mosse: [-1]
1 -> costo: 129332.29999999999, rotte: {4: [(1, 3), (3, 15), (15, 17), (17, 8), (8, 5), (5, 4)], 2: [(1, 2), (2, 6), (6, 13), (13, 11), (11, 14), (14, 4)], 3: [(1, 7), (7, 9), (9, 16), (16, 12), (12, 10)]}, padri: [0], figli: [2], mosse: [(2, 2, 11, 14, 3)]
2 -> costo: 120931.09999999999, rotte: {4: [(1, 3), (3, 15), (15, 17), (17, 8), (8, 5), (5, 4)], 2: [(1, 2), (2, 6), (6, 13), (13, 11), (11, 14), (14, 4)], 3: [(1, 7), (7, 9), (9, 12), (12, 10), (10, 16)]}, padri: [1], figli: [3], mosse: [(3, 3, 10, 16, 5)]
3 -> costo: 114626.4, rotte: {4: [(1, 15), (15, 17), (17, 8), (8, 5), (5, 4)], 2: [(1, 2), (2, 6), (6, 13), (13, 11), (11, 14), (14, 3), (3, 4)], 3: [(1, 7), (7, 9), (9, 12), (12, 10), (10, 16)]}, padri: [2], figli: [4], mosse: [(2, 4, 14, 3, 12)]
4 -> costo: 109659.79999999999, rotte: {4: [(1, 15), (15, 17), (17, 8), (8, 5), (5, 4)], 2: [(1, 2), (2, 6), (6, 13), (13, 11), (11, 14), (14, 3), (3, 4)], 3: [(1, 7), (7, 9), (9, 10), (10, 12), (12, 16)]}, padri: [3], figli: [5], mosse: [(3, 3, 10, 12, 1)]
5 -> costo: 107564.39999999998, rotte: {4: [(1, 15), (15, 17), (17, 5), (5, 4), (4, 8)], 2: [(1, 2), (2, 6), (6, 13), (13, 11), (11, 14), (14, 3), (3, 4)], 3: [(1, 7), (7, 9), (9, 10), (10, 12), (12, 16)]}, padri: [4], figli: [6], mosse: [(4, 4, 4, 8, 17)]
6 -> costo: 107171.99999999999, rotte: {4: [(1, 15), (15, 17), (17, 5), (5, 4), (4, 8)], 2: [(1, 2), (2, 13), (13, 11), (11, 14), (14, 3), (3, 4), (4, 6)], 3: [(1, 7), (7, 9), (9, 10), (10, 12), (12, 16)]}, padri: [5], figli: [7], mosse: [(2, 2, 4, 6, 15)]
7 -> costo: 104914.49999999999, rotte: {4: [(1, 15), (15, 17), (17, 2), (2, 5), (5, 4), (4, 8)], 2: [(1, 13), (13, 11), (11, 14), (14, 3), (3, 4), (4, 6)], 3: [(1, 7), (7, 9), (9, 10), (10, 12), (12, 16)]}, padri: [6], figli: [8], mosse: [(4, 2, 17, 2, 11)]
8 -> costo: 104432.09999999999, rotte: {4: [(1, 15), (15, 17), (17, 2), (2, 5), (5, 8)], 2: [(1, 13), (13, 11), (11, 14), (14, 3), (3, 4), (4, 6)], 3: [(1, 7), (7, 9), (9, 10), (10, 12), (12, 16)]}, padri: [7], figli: [9], mosse: [(2, 4, 1, 4, 12)]
9 -> costo: 104323.09999999999, rotte: {4: [(1, 17), (17, 2), (2, 5), (5, 8)], 2: [(1, 13), (13, 11), (11, 14), (14, 3), (3, 4), (4, 6)], 3: [(1, 7), (7, 9), (9, 10), (10, 12), (12, 16), (16, 15)]}, padri: [8], figli: [10], mosse: [(3, 4, 16, 15, 4)]
10 -> costo: 99702.09999999999, rotte: {4: [(1, 2), (2, 5), (5, 8), (8, 17)], 2: [(1, 13), (13, 11), (11, 14), (14, 3), (3, 4), (4, 6)], 3: [(1, 7), (7, 9), (9, 10), (10, 12), (12, 16), (16, 15)]}, padri: [9], figli: [11, 15], mosse: [(4, 4, 8, 17, 6)]
11 -> costo: 97939.8, rotte: {4: [(1, 2), (2, 5), (5, 7), (7, 8), (8, 17)], 2: [(1, 13), (13, 11), (11, 14), (14, 3), (3, 4), (4, 6)], 3: [(1, 9), (9, 10), (10, 12), (12, 16), (16, 15)]}, padri: [10], figli: [12, 14], mosse: [(4, 3, 5, 7, 16)]
12 -> costo: 97035.90000000001, rotte: {4: [(1, 2), (2, 5), (5, 7), (7, 8), (8, 17)], 2: [(1, 13), (13, 11), (11, 14), (14, 3), (3, 4), (4, 6)], 3: [(1, 10), (10, 9), (9, 12), (12, 16), (16, 15)]}, padri: [11], figli: [13], mosse: [(3, 3, 10, 9, 18)]
13 -> costo: 96987.5, rotte: {4: [(1, 2), (2, 5), (5, 7), (7, 8), (8, 17)], 2: [(1, 11), (11, 14), (14, 3), (3, 4), (4, 6)], 3: [(1, 10), (10, 9), (9, 13), (13, 12), (12, 16), (16, 15)]}, padri: [12, 14], figli: [], mosse: [(3, 2, 9, 13, 2), (3, 3, 10, 9, 18)]
14 -> costo: 97891.40000000001, rotte: {4: [(1, 2), (2, 5), (5, 7), (7, 8), (8, 17)], 2: [(1, 11), (11, 14), (14, 3), (3, 4), (4, 6)], 3: [(1, 9), (9, 10), (10, 13), (13, 12), (12, 16), (16, 15)]}, padri: [11], figli: [13], mosse: [(3, 2, 10, 13, 2)]
15 -> costo: 97939.8, rotte: {4: [(1, 2), (2, 5), (5, 7), (7, 8), (8, 17)], 2: [(1, 13), (13, 11), (11, 14), (14, 3), (3, 4), (4, 6)], 3: [(1, 7), (7, 9), (9, 10), (10, 12), (12, 16), (16, 15)]}, padri: [10], figli: [], mosse: [(4, 3, 5, 7, 1)]
bestSolutionIndice: 13
13 -> costo: 96987.5, rotte: {4: [(1, 2), (2, 5), (5, 7), (7, 8), (8, 17)], 2: [(1, 11), (11, 14), (14, 3), (3, 4), (4, 6)], 3: [(1, 10), (10, 9), (9, 13), (13, 12), (12, 16), (16, 15)]}, padri: [12, 14], figli: [], mosse: [(3, 2, 9, 13, 2), (3, 3, 10, 9, 18)]
trasportoPalletDiGamma: {4: [(2, 11), (5, 14), (7, 16), (8, 17), (17, 6)], 2: [(11, 20), (14, 3), (3, 12), (4, 13), (6, 15)], 3: [(10, 19), (9, 18), (13, 2), (12, 1), (16, 5), (15, 4)]}
itMosseLS: 16, itMosseTS: 5
time elapsed: 260.63s.


##########################################################################################
s: 1
dictSolutions[1]:
0 -> costo: 142051.9, rotte: {4: [(1, 9), (9, 17), (17, 8), (8, 13), (13, 7), (7, 14)], 2: [(1, 6), (6, 11), (11, 12), (12, 5), (5, 2)], 3: [(1, 10), (10, 15), (15, 16), (16, 3), (3, 4)]}, padri: [-1], figli: [1], mosse: [-1]
1 -> costo: 122841.9, rotte: {4: [(1, 9), (9, 8), (8, 13), (13, 7), (7, 14), (14, 17)], 2: [(1, 6), (6, 11), (11, 12), (12, 5), (5, 2)], 3: [(1, 10), (10, 15), (15, 16), (16, 3), (3, 4)]}, padri: [0], figli: [2], mosse: [(4, 4, 14, 17, 6)]
2 -> costo: 112031.59999999999, rotte: {4: [(1, 9), (9, 8), (8, 7), (7, 14), (14, 13), (13, 17)], 2: [(1, 6), (6, 11), (11, 12), (12, 5), (5, 2)], 3: [(1, 10), (10, 15), (15, 16), (16, 3), (3, 4)]}, padri: [1], figli: [3], mosse: [(4, 4, 14, 13, 2)]
3 -> costo: 106131.59999999998, rotte: {4: [(1, 9), (9, 8), (8, 7), (7, 14), (14, 13), (13, 17)], 2: [(1, 6), (6, 11), (11, 12), (12, 5), (5, 2)], 3: [(1, 15), (15, 16), (16, 3), (3, 4), (4, 10)]}, padri: [2], figli: [4, 5, 7], mosse: [(3, 3, 4, 10, 19)]
4 -> costo: 103472.99999999997, rotte: {4: [(1, 9), (9, 8), (8, 7), (7, 14), (14, 13), (13, 17)], 2: [(1, 11), (11, 12), (12, 6), (6, 5), (5, 2)], 3: [(1, 15), (15, 16), (16, 3), (3, 4), (4, 10)]}, padri: [3, 5], figli: [], mosse: [(2, 2, 12, 6, 15), (2, 2, 12, 6, 15)]
5 -> costo: 103965.4, rotte: {4: [(1, 9), (9, 8), (8, 7), (7, 14), (14, 13), (13, 17)], 2: [(1, 11), (11, 12), (12, 5), (5, 2), (2, 6)], 3: [(1, 15), (15, 16), (16, 3), (3, 4), (4, 10)]}, padri: [3], figli: [6, 4, 7], mosse: [(2, 2, 2, 6, 15)]
6 -> costo: 103256.19999999998, rotte: {4: [(1, 9), (9, 8), (8, 7), (7, 14), (14, 13), (13, 17)], 2: [(1, 11), (11, 12), (12, 2), (2, 5), (5, 6)], 3: [(1, 15), (15, 16), (16, 3), (3, 4), (4, 10)]}, padri: [5, 7, 7, 7], figli: [], mosse: [(2, 2, 2, 5, 14), (2, 2, 2, 5, 14), (2, 2, 5, 6, 15), (2, 2, 6, 5)]
7 -> costo: 103643.49999999997, rotte: {4: [(1, 9), (9, 8), (8, 7), (7, 14), (14, 13), (13, 17)], 2: [(1, 11), (11, 12), (12, 2), (2, 6), (6, 5)], 3: [(1, 15), (15, 16), (16, 3), (3, 4), (4, 10)]}, padri: [5], figli: [6, 6, 6], mosse: [(2, 2, 6, 5, 14)]
bestSolutionIndice: 6
6 -> costo: 103256.19999999998, rotte: {4: [(1, 9), (9, 8), (8, 7), (7, 14), (14, 13), (13, 17)], 2: [(1, 11), (11, 12), (12, 2), (2, 5), (5, 6)], 3: [(1, 15), (15, 16), (16, 3), (3, 4), (4, 10)]}, padri: [5, 7, 7, 7], figli: [], mosse: [(2, 2, 2, 5, 14), (2, 2, 2, 5, 14), (2, 2, 5, 6, 15), (2, 2, 6, 5)]
trasportoPalletDiGamma: {4: [(9, 18), (8, 17), (7, 16), (14, 3), (13, 2), (17, 6)], 2: [(11, 20), (12, 1), (2, 11), (5, 14), (6, 15)], 3: [(15, 4), (16, 5), (3, 12), (4, 13), (10, 19)]}
itMosseLS: 11, itMosseTS: 5
time elapsed: 256.47s.


##########################################################################################
s: 1
dictSolutions[1]:
0 -> costo: 153224.50000000003, rotte: {2: [(1, 12), (12, 13), (13, 5), (5, 14), (14, 15), (15, 6), (6, 7), (7, 10)], 4: [(1, 11), (11, 16), (16, 3), (3, 9), (9, 7)], 3: [(1, 17), (17, 8), (8, 4), (4, 2), (2, 10)]}, padri: [-1], figli: [1], mosse: [-1]
1 -> costo: 133710.1, rotte: {2: [(1, 12), (12, 13), (13, 5), (5, 14), (14, 17), (17, 15), (15, 6), (6, 7), (7, 10)], 4: [(1, 11), (11, 16), (16, 3), (3, 9), (9, 7)], 3: [(1, 8), (8, 4), (4, 2), (2, 10)]}, padri: [0], figli: [2], mosse: [(2, 3, 14, 17, 6)]
2 -> costo: 120406.09999999999, rotte: {2: [(1, 12), (12, 13), (13, 14), (14, 17), (17, 15), (15, 6), (6, 7), (7, 5), (5, 10)], 4: [(1, 11), (11, 16), (16, 3), (3, 9), (9, 7)], 3: [(1, 8), (8, 4), (4, 2), (2, 10)]}, padri: [1], figli: [3], mosse: [(2, 2, 7, 5, 14)]
3 -> costo: 114811.19999999998, rotte: {2: [(1, 12), (12, 13), (13, 14), (14, 17), (17, 15), (15, 6), (6, 7), (7, 5), (5, 10)], 4: [(1, 11), (11, 3), (3, 9), (9, 7), (7, 16)], 3: [(1, 8), (8, 4), (4, 2), (2, 10)]}, padri: [2], figli: [4], mosse: [(4, 4, 7, 16, 5)]
4 -> costo: 110340.19999999998, rotte: {2: [(1, 12), (12, 13), (13, 14), (14, 17), (17, 15), (15, 6), (6, 7), (7, 5), (5, 10)], 4: [(1, 3), (3, 9), (9, 7), (7, 11), (11, 16)], 3: [(1, 8), (8, 4), (4, 2), (2, 10)]}, padri: [3], figli: [5], mosse: [(4, 4, 7, 11, 20)]
5 -> costo: 106625.59999999999, rotte: {2: [(1, 12), (12, 13), (13, 14), (14, 17), (17, 15), (15, 6), (6, 7), (7, 5), (5, 10)], 4: [(1, 3), (3, 7), (7, 9), (9, 11), (11, 16)], 3: [(1, 8), (8, 4), (4, 2), (2, 10)]}, padri: [4], figli: [6], mosse: [(4, 4, 7, 9, 18)]
6 -> costo: 105213.4, rotte: {2: [(1, 12), (12, 13), (13, 14), (14, 17), (17, 15), (15, 6), (6, 7), (7, 5)], 4: [(1, 3), (3, 7), (7, 9), (9, 11), (11, 16)], 3: [(1, 8), (8, 4), (4, 2), (2, 10)]}, padri: [5], figli: [7], mosse: [(3, 2, 1, 10, 1)]
7 -> costo: 102174.0, rotte: {2: [(1, 12), (12, 13), (13, 14), (14, 17), (17, 15), (15, 6), (6, 7), (7, 5)], 4: [(1, 3), (3, 7), (7, 9), (9, 11), (11, 16)], 3: [(1, 4), (4, 2), (2, 10), (10, 8)]}, padri: [6], figli: [8], mosse: [(3, 3, 10, 8, 17)]
8 -> costo: 101585.7, rotte: {2: [(1, 13), (13, 14), (14, 12), (12, 17), (17, 15), (15, 6), (6, 7), (7, 5)], 4: [(1, 3), (3, 7), (7, 9), (9, 11), (11, 16)], 3: [(1, 4), (4, 2), (2, 10), (10, 8)]}, padri: [7], figli: [9, 11, 13], mosse: [(2, 2, 14, 12, 1)]
9 -> costo: 101373.9, rotte: {2: [(1, 13), (13, 14), (14, 12), (12, 17), (17, 15), (15, 6), (6, 7), (7, 5)], 4: [(1, 3), (3, 7), (7, 9), (9, 11), (11, 16)], 3: [(1, 2), (2, 4), (4, 10), (10, 8)]}, padri: [8], figli: [10, 12], mosse: [(3, 3, 2, 4, 13)]
10 -> costo: 101301.4, rotte: {2: [(1, 14), (14, 13), (13, 12), (12, 17), (17, 15), (15, 6), (6, 7), (7, 5)], 4: [(1, 3), (3, 7), (7, 9), (9, 11), (11, 16)], 3: [(1, 2), (2, 4), (4, 10), (10, 8)]}, padri: [9, 11], figli: [], mosse: [(2, 2, 14, 13, 2), (3, 3, 2, 4, 13)]
11 -> costo: 101513.2, rotte: {2: [(1, 14), (14, 13), (13, 12), (12, 17), (17, 15), (15, 6), (6, 7), (7, 5)], 4: [(1, 3), (3, 7), (7, 9), (9, 11), (11, 16)], 3: [(1, 4), (4, 2), (2, 10), (10, 8)]}, padri: [8], figli: [10, 12], mosse: [(2, 2, 14, 13, 2)]
12 -> costo: 101494.5, rotte: {2: [(1, 14), (14, 13), (13, 12), (12, 17), (17, 15), (15, 6), (6, 7), (7, 4), (4, 5)], 4: [(1, 3), (3, 7), (7, 9), (9, 11), (11, 16)], 3: [(1, 2), (2, 10), (10, 8)]}, padri: [11, 13], figli: [], mosse: [(2, 3, 7, 4, 13), (2, 2, 14, 13, 2)]
13 -> costo: 101567.0, rotte: {2: [(1, 13), (13, 14), (14, 12), (12, 17), (17, 15), (15, 6), (6, 7), (7, 4), (4, 5)], 4: [(1, 3), (3, 7), (7, 9), (9, 11), (11, 16)], 3: [(1, 2), (2, 10), (10, 8)]}, padri: [8], figli: [12], mosse: [(2, 3, 7, 4, 13)]
bestSolutionIndice: 10
10 -> costo: 101301.4, rotte: {2: [(1, 14), (14, 13), (13, 12), (12, 17), (17, 15), (15, 6), (6, 7), (7, 5)], 4: [(1, 3), (3, 7), (7, 9), (9, 11), (11, 16)], 3: [(1, 2), (2, 4), (4, 10), (10, 8)]}, padri: [9, 11], figli: [], mosse: [(2, 2, 14, 13, 2), (3, 3, 2, 4, 13)]
trasportoPalletDiGamma: {2: [(14, 3), (13, 2), (12, 1), (17, 6), (15, 4), (6, 15), (7, 6), (5, 14)], 4: [(3, 12), (7, 10), (9, 18), (11, 20), (16, 5)], 3: [(2, 11), (4, 13), (10, 19), (8, 17)]}
itMosseLS: 15, itMosseTS: 5
time elapsed: 140.44s.


##########################################################################################
s: 1
dictSolutions[1]:
0 -> costo: 140083.3, rotte: {4: [(1, 8), (8, 5), (5, 13), (13, 14), (14, 3), (3, 6)], 2: [(1, 15), (15, 2), (2, 7), (7, 10), (10, 4)], 3: [(1, 12), (12, 17), (17, 11), (11, 9), (9, 16)]}, padri: [-1], figli: [1], mosse: [-1]
1 -> costo: 114965.0, rotte: {4: [(1, 8), (8, 5), (5, 13), (13, 14), (14, 3), (3, 6)], 2: [(1, 15), (15, 2), (2, 7), (7, 10), (10, 4)], 3: [(1, 12), (12, 11), (11, 9), (9, 17), (17, 16)]}, padri: [0], figli: [2], mosse: [(3, 3, 9, 17, 6)]
2 -> costo: 95214.3, rotte: {4: [(1, 8), (8, 5), (5, 13), (13, 14), (14, 3), (3, 6)], 2: [(1, 2), (2, 7), (7, 10), (10, 4)], 3: [(1, 12), (12, 11), (11, 9), (9, 17), (17, 16), (16, 15)]}, padri: [1], figli: [3], mosse: [(3, 2, 16, 15, 4)]
3 -> costo: 92386.40000000001, rotte: {4: [(1, 5), (5, 13), (13, 14), (14, 3), (3, 6), (6, 8)], 2: [(1, 2), (2, 7), (7, 10), (10, 4)], 3: [(1, 12), (12, 11), (11, 9), (9, 17), (17, 16), (16, 15)]}, padri: [2], figli: [4], mosse: [(4, 4, 6, 8, 17)]
4 -> costo: 89411.80000000002, rotte: {4: [(1, 13), (13, 14), (14, 3), (3, 5), (5, 6), (6, 8)], 2: [(1, 2), (2, 7), (7, 10), (10, 4)], 3: [(1, 12), (12, 11), (11, 9), (9, 17), (17, 16), (16, 15)]}, padri: [3], figli: [5], mosse: [(4, 4, 3, 5, 14)]
5 -> costo: 86705.5, rotte: {4: [(1, 13), (13, 14), (14, 3), (3, 5), (5, 6), (6, 8)], 2: [(1, 2), (2, 10), (10, 4), (4, 7)], 3: [(1, 12), (12, 11), (11, 9), (9, 17), (17, 16), (16, 15)]}, padri: [4], figli: [6], mosse: [(2, 2, 4, 7, 16)]
6 -> costo: 86481.1, rotte: {4: [(1, 14), (14, 3), (3, 5), (5, 6), (6, 8)], 2: [(1, 2), (2, 10), (10, 4), (4, 7)], 3: [(1, 13), (13, 12), (12, 11), (11, 9), (9, 17), (17, 16), (16, 15)]}, padri: [5], figli: [7, 9, 10], mosse: [(3, 4, 1, 13, 2)]
7 -> costo: 76814.90000000001, rotte: {4: [(1, 3), (3, 5), (5, 6), (6, 8)], 2: [(1, 2), (2, 10), (10, 4), (4, 7)], 3: [(1, 13), (13, 12), (12, 11), (11, 14), (14, 9), (9, 17), (17, 16), (16, 15)]}, padri: [6, 9], figli: [8, 11], mosse: [(3, 4, 11, 14, 3), (3, 3, 11, 14, 3)]
8 -> costo: 76703.40000000001, rotte: {4: [(1, 3), (3, 5), (5, 6), (6, 8)], 2: [(1, 10), (10, 2), (2, 4), (4, 7)], 3: [(1, 13), (13, 12), (12, 11), (11, 14), (14, 9), (9, 17), (17, 16), (16, 15)]}, padri: [7, 10], figli: [], mosse: [(2, 2, 10, 2, 11), (3, 3, 11, 14, 3)]
9 -> costo: 77120.1, rotte: {4: [(1, 3), (3, 5), (5, 6), (6, 8)], 2: [(1, 2), (2, 10), (10, 4), (4, 7)], 3: [(1, 14), (14, 13), (13, 12), (12, 11), (11, 9), (9, 17), (17, 16), (16, 15)]}, padri: [6], figli: [7, 10], mosse: [(3, 4, 1, 14, 3)]
10 -> costo: 77008.6, rotte: {4: [(1, 3), (3, 5), (5, 6), (6, 8)], 2: [(1, 10), (10, 2), (2, 4), (4, 7)], 3: [(1, 14), (14, 13), (13, 12), (12, 11), (11, 9), (9, 17), (17, 16), (16, 15)]}, padri: [9], figli: [8, 11], mosse: [(2, 2, 10, 2, 11)]
11 -> costo: 76902.1, rotte: {4: [(1, 3), (3, 5), (5, 6), (6, 8)], 2: [(1, 10), (10, 2), (2, 4), (4, 7)], 3: [(1, 14), (14, 12), (12, 11), (11, 13), (13, 9), (9, 17), (17, 16), (16, 15)]}, padri: [10], figli: [12], mosse: [(3, 3, 11, 13, 2)]
12 -> costo: 76733.9, rotte: {4: [(1, 3), (3, 5), (5, 6), (6, 8)], 2: [(1, 10), (10, 2), (2, 4), (4, 7)], 3: [(1, 14), (14, 11), (11, 12), (12, 13), (13, 9), (9, 17), (17, 16), (16, 15)]}, padri: [11], figli: [], mosse: [(3, 3, 11, 12, 1)]
bestSolutionIndice: 8
8 -> costo: 76703.40000000001, rotte: {4: [(1, 3), (3, 5), (5, 6), (6, 8)], 2: [(1, 10), (10, 2), (2, 4), (4, 7)], 3: [(1, 13), (13, 12), (12, 11), (11, 14), (14, 9), (9, 17), (17, 16), (16, 15)]}, padri: [7, 10], figli: [], mosse: [(2, 2, 10, 2, 11), (3, 3, 11, 14, 3)]
trasportoPalletDiGamma: {4: [(3, 12), (5, 14), (6, 15), (8, 17)], 2: [(10, 19), (2, 11), (4, 13), (7, 16)], 3: [(13, 2), (12, 1), (11, 20), (14, 3), (9, 18), (17, 6), (16, 5), (15, 4)]}
itMosseLS: 14, itMosseTS: 5
time elapsed: 174.73s.


##########################################################################################
s: 1
dictSolutions[1]:
0 -> costo: 141927.49999999997, rotte: {2: [(1, 3), (3, 11), (11, 12), (12, 17), (17, 4), (4, 16)], 4: [(1, 13), (13, 15), (15, 6), (6, 5), (5, 8), (8, 7)], 3: [(1, 14), (14, 9), (9, 10), (10, 2), (2, 7)]}, padri: [-1], figli: [1], mosse: [-1]
1 -> costo: 122284.80000000002, rotte: {2: [(1, 3), (3, 11), (11, 12), (12, 4), (4, 17), (17, 16)], 4: [(1, 13), (13, 15), (15, 6), (6, 5), (5, 8), (8, 7)], 3: [(1, 14), (14, 9), (9, 10), (10, 2), (2, 7)]}, padri: [0], figli: [2], mosse: [(2, 2, 4, 17, 6)]
2 -> costo: 112983.80000000002, rotte: {2: [(1, 3), (3, 11), (11, 12), (12, 13), (13, 4), (4, 17), (17, 16)], 4: [(1, 15), (15, 6), (6, 5), (5, 8), (8, 7)], 3: [(1, 14), (14, 9), (9, 10), (10, 2), (2, 7)]}, padri: [1], figli: [3], mosse: [(2, 4, 12, 13, 2)]
3 -> costo: 93340.0, rotte: {2: [(1, 3), (3, 11), (11, 12), (12, 13), (13, 4), (4, 17), (17, 16), (16, 15)], 4: [(1, 6), (6, 5), (5, 8), (8, 7)], 3: [(1, 14), (14, 9), (9, 10), (10, 2), (2, 7)]}, padri: [2], figli: [4], mosse: [(2, 4, 16, 15, 4)]
4 -> costo: 89900.4, rotte: {2: [(1, 3), (3, 11), (11, 12), (12, 13), (13, 4), (4, 17), (17, 16), (16, 15)], 4: [(1, 6), (6, 7), (7, 5), (5, 8)], 3: [(1, 14), (14, 9), (9, 10), (10, 2), (2, 7)]}, padri: [3], figli: [5], mosse: [(4, 4, 6, 7, 2)]
5 -> costo: 87511.6, rotte: {2: [(1, 11), (11, 12), (12, 13), (13, 3), (3, 4), (4, 17), (17, 16), (16, 15)], 4: [(1, 6), (6, 7), (7, 5), (5, 8)], 3: [(1, 14), (14, 9), (9, 10), (10, 2), (2, 7)]}, padri: [4], figli: [6], mosse: [(2, 2, 13, 3, 12)]
6 -> costo: 85859.70000000001, rotte: {2: [(1, 11), (11, 12), (12, 13), (13, 3), (3, 4), (4, 17), (17, 16), (16, 15)], 4: [(1, 6), (6, 7), (7, 5), (5, 8)], 3: [(1, 14), (14, 9), (9, 10), (10, 2)]}, padri: [5], figli: [7], mosse: [(4, 3, 1, 7, 14)]
7 -> costo: 84547.6, rotte: {2: [(1, 11), (11, 12), (12, 13), (13, 3), (3, 4), (4, 17), (17, 16), (16, 15)], 4: [(1, 6), (6, 7), (7, 5), (5, 8)], 3: [(1, 9), (9, 10), (10, 2), (2, 14)]}, padri: [6], figli: [8, 11], mosse: [(3, 3, 2, 14, 3)]
8 -> costo: 83182.3, rotte: {2: [(1, 11), (11, 12), (12, 13), (13, 3), (3, 4), (4, 17), (17, 16), (16, 15)], 4: [(1, 6), (6, 7), (7, 5), (5, 8)], 3: [(1, 10), (10, 2), (2, 9), (9, 14)]}, padri: [7], figli: [9, 10], mosse: [(3, 3, 2, 9, 18)]
9 -> costo: 82133.89999999998, rotte: {2: [(1, 11), (11, 12), (12, 13), (13, 3), (3, 4), (4, 17), (17, 16), (16, 15)], 4: [(1, 6), (6, 7), (7, 5), (5, 8)], 3: [(1, 2), (2, 10), (10, 9), (9, 14)]}, padri: [8, 10, 11], figli: [], mosse: [(3, 3, 2, 10, 19), (3, 3, 10, 9, 18), (3, 3, 10, 9, 18)]
10 -> costo: 83046.7, rotte: {2: [(1, 11), (11, 12), (12, 13), (13, 3), (3, 4), (4, 17), (17, 16), (16, 15)], 4: [(1, 6), (6, 7), (7, 5), (5, 8)], 3: [(1, 2), (2, 9), (9, 10), (10, 14)]}, padri: [8, 11], figli: [9], mosse: [(3, 3, 9, 10, 19), (3, 3, 2, 9, 18)]
11 -> costo: 84116.0, rotte: {2: [(1, 11), (11, 12), (12, 13), (13, 3), (3, 4), (4, 17), (17, 16), (16, 15)], 4: [(1, 6), (6, 7), (7, 5), (5, 8)], 3: [(1, 9), (9, 2), (2, 10), (10, 14)]}, padri: [7], figli: [9, 10], mosse: [(3, 3, 2, 10, 19)]
bestSolutionIndice: 9
9 -> costo: 82133.89999999998, rotte: {2: [(1, 11), (11, 12), (12, 13), (13, 3), (3, 4), (4, 17), (17, 16), (16, 15)], 4: [(1, 6), (6, 7), (7, 5), (5, 8)], 3: [(1, 2), (2, 10), (10, 9), (9, 14)]}, padri: [8, 10, 11], figli: [], mosse: [(3, 3, 2, 10, 19), (3, 3, 10, 9, 18), (3, 3, 10, 9, 18)]
trasportoPalletDiGamma: {2: [(11, 20), (12, 1), (13, 2), (3, 12), (4, 13), (17, 6), (16, 5), (15, 4)], 4: [(6, 15), (7, 16), (5, 14), (8, 17)], 3: [(2, 11), (10, 19), (9, 18), (14, 3)]}
itMosseLS: 14, itMosseTS: 5
time elapsed: 115.38s.


##########################################################################################
s: 1
dictSolutions[1]:
0 -> costo: 168561.6, rotte: {4: [(1, 13), (13, 14), (14, 4), (4, 11), (11, 5), (5, 12)], 2: [(1, 3), (3, 10), (10, 16), (16, 8), (8, 2)], 3: [(1, 9), (9, 17), (17, 6), (6, 15), (15, 7)]}, padri: [-1], figli: [1], mosse: [-1]
1 -> costo: 141738.2, rotte: {4: [(1, 13), (13, 14), (14, 4), (4, 11), (11, 5), (5, 12)], 2: [(1, 3), (3, 10), (10, 16), (16, 8), (8, 2)], 3: [(1, 9), (9, 17), (17, 15), (15, 7), (7, 6)]}, padri: [0], figli: [2], mosse: [(3, 3, 7, 6, 15)]
2 -> costo: 128074.0, rotte: {4: [(1, 13), (13, 14), (14, 4), (4, 11), (11, 5), (5, 12)], 2: [(1, 3), (3, 10), (10, 8), (8, 2), (2, 16)], 3: [(1, 9), (9, 17), (17, 15), (15, 7), (7, 6)]}, padri: [1], figli: [3], mosse: [(2, 2, 2, 16, 5)]
3 -> costo: 115806.0, rotte: {4: [(1, 13), (13, 14), (14, 4), (4, 5), (5, 11), (11, 12)], 2: [(1, 3), (3, 10), (10, 8), (8, 2), (2, 16)], 3: [(1, 9), (9, 17), (17, 15), (15, 7), (7, 6)]}, padri: [2], figli: [4], mosse: [(4, 4, 5, 11, 20)]
4 -> costo: 106464.3, rotte: {4: [(1, 13), (13, 14), (14, 4), (4, 5), (5, 11), (11, 12)], 2: [(1, 3), (3, 10), (10, 8), (8, 2), (2, 16)], 3: [(1, 17), (17, 15), (15, 7), (7, 6), (6, 9)]}, padri: [3], figli: [5], mosse: [(3, 3, 6, 9, 18)]
5 -> costo: 105873.40000000001, rotte: {4: [(1, 13), (13, 14), (14, 4), (4, 5), (5, 11), (11, 12)], 2: [(1, 3), (3, 10), (10, 8), (8, 2), (2, 16)], 3: [(1, 17), (17, 15), (15, 6), (6, 7), (7, 9)]}, padri: [4], figli: [6], mosse: [(3, 3, 6, 7, 16)]
6 -> costo: 105371.00000000001, rotte: {4: [(1, 13), (13, 4), (4, 5), (5, 11), (11, 12), (12, 14)], 2: [(1, 3), (3, 10), (10, 8), (8, 2), (2, 16)], 3: [(1, 17), (17, 15), (15, 6), (6, 7), (7, 9)]}, padri: [5], figli: [7], mosse: [(4, 4, 12, 14, 3)]
7 -> costo: 95834.0, rotte: {4: [(1, 4), (4, 5), (5, 13), (13, 11), (11, 12), (12, 14)], 2: [(1, 3), (3, 10), (10, 8), (8, 2), (2, 16)], 3: [(1, 17), (17, 15), (15, 6), (6, 7), (7, 9)]}, padri: [6], figli: [8], mosse: [(4, 4, 5, 13, 2)]
8 -> costo: 95372.7, rotte: {4: [(1, 3), (3, 4), (4, 5), (5, 13), (13, 11), (11, 12), (12, 14)], 2: [(1, 10), (10, 8), (8, 2), (2, 16)], 3: [(1, 17), (17, 15), (15, 6), (6, 7), (7, 9)]}, padri: [7], figli: [9], mosse: [(4, 2, 1, 3, 12)]
9 -> costo: 94631.7, rotte: {4: [(1, 3), (3, 4), (4, 5), (5, 13), (13, 11), (11, 12), (12, 14)], 2: [(1, 10), (10, 8), (8, 2), (2, 17), (17, 16)], 3: [(1, 15), (15, 6), (6, 7), (7, 9)]}, padri: [8], figli: [10, 12], mosse: [(2, 3, 2, 17, 6)]
10 -> costo: 74987.9, rotte: {4: [(1, 3), (3, 4), (4, 5), (5, 13), (13, 11), (11, 12), (12, 14)], 2: [(1, 10), (10, 8), (8, 2), (2, 17), (17, 16), (16, 15)], 3: [(1, 6), (6, 7), (7, 9)]}, padri: [9, 12], figli: [11], mosse: [(2, 3, 16, 15, 4), (2, 2, 16, 15, 4)]
11 -> costo: 74819.7, rotte: {4: [(1, 3), (3, 4), (4, 5), (5, 13), (13, 12), (12, 11), (11, 14)], 2: [(1, 10), (10, 8), (8, 2), (2, 17), (17, 16), (16, 15)], 3: [(1, 6), (6, 7), (7, 9)]}, padri: [10, 13], figli: [], mosse: [(4, 4, 12, 11, 20), (2, 2, 16, 15, 4)]
12 -> costo: 75096.9, rotte: {4: [(1, 3), (3, 4), (4, 5), (5, 13), (13, 11), (11, 12), (12, 14)], 2: [(1, 10), (10, 8), (8, 2), (2, 15), (15, 17), (17, 16)], 3: [(1, 6), (6, 7), (7, 9)]}, padri: [9], figli: [13, 10], mosse: [(2, 3, 2, 15, 4)]
13 -> costo: 74928.7, rotte: {4: [(1, 3), (3, 4), (4, 5), (5, 13), (13, 12), (12, 11), (11, 14)], 2: [(1, 10), (10, 8), (8, 2), (2, 15), (15, 17), (17, 16)], 3: [(1, 6), (6, 7), (7, 9)]}, padri: [12], figli: [11], mosse: [(4, 4, 12, 11, 20)]
bestSolutionIndice: 11
11 -> costo: 74819.7, rotte: {4: [(1, 3), (3, 4), (4, 5), (5, 13), (13, 12), (12, 11), (11, 14)], 2: [(1, 10), (10, 8), (8, 2), (2, 17), (17, 16), (16, 15)], 3: [(1, 6), (6, 7), (7, 9)]}, padri: [10, 13], figli: [], mosse: [(4, 4, 12, 11, 20), (2, 2, 16, 15, 4)]
trasportoPalletDiGamma: {4: [(3, 12), (4, 13), (5, 14), (13, 2), (12, 1), (11, 20), (14, 3)], 2: [(10, 19), (8, 17), (2, 11), (17, 6), (16, 5), (15, 4)], 3: [(6, 15), (7, 16), (9, 18)]}
itMosseLS: 15, itMosseTS: 5
time elapsed: 133.84s.


##########################################################################################
s: 1
dictSolutions[1]:
0 -> costo: 134854.59999999998, rotte: {2: [(1, 12), (12, 2), (2, 17), (17, 10), (10, 4), (4, 8)], 3: [(1, 14), (14, 11), (11, 15), (15, 16), (16, 5), (5, 8)], 4: [(1, 6), (6, 13), (13, 3), (3, 7), (7, 9)]}, padri: [-1], figli: [1], mosse: [-1]
1 -> costo: 124469.1, rotte: {2: [(1, 2), (2, 17), (17, 10), (10, 4), (4, 8)], 3: [(1, 14), (14, 11), (11, 12), (12, 15), (15, 16), (16, 5), (5, 8)], 4: [(1, 6), (6, 13), (13, 3), (3, 7), (7, 9)]}, padri: [0], figli: [2], mosse: [(3, 2, 11, 12, 1)]
2 -> costo: 114530.1, rotte: {2: [(1, 2), (2, 10), (10, 4), (4, 8), (8, 17)], 3: [(1, 14), (14, 11), (11, 12), (12, 15), (15, 16), (16, 5), (5, 8)], 4: [(1, 6), (6, 13), (13, 3), (3, 7), (7, 9)]}, padri: [1], figli: [3], mosse: [(2, 2, 8, 17, 6)]
3 -> costo: 108692.6, rotte: {2: [(1, 2), (2, 10), (10, 4), (4, 17)], 3: [(1, 14), (14, 11), (11, 12), (12, 15), (15, 16), (16, 5), (5, 8)], 4: [(1, 6), (6, 13), (13, 3), (3, 7), (7, 9)]}, padri: [2], figli: [4], mosse: [(3, 2, 1, 8, 15)]
4 -> costo: 104778.1, rotte: {2: [(1, 2), (2, 10), (10, 4), (4, 17)], 3: [(1, 14), (14, 11), (11, 12), (12, 15), (15, 16), (16, 5), (5, 8)], 4: [(1, 6), (6, 3), (3, 7), (7, 9), (9, 13)]}, padri: [3], figli: [5], mosse: [(4, 4, 9, 13, 2)]
5 -> costo: 103105.3, rotte: {2: [(1, 2), (2, 10), (10, 4), (4, 17)], 3: [(1, 14), (14, 11), (11, 12), (12, 15), (15, 16), (16, 5), (5, 8)], 4: [(1, 3), (3, 7), (7, 6), (6, 9), (9, 13)]}, padri: [4], figli: [6, 7, 9], mosse: [(4, 4, 7, 6, 15)]
6 -> costo: 102475.8, rotte: {2: [(1, 2), (2, 4), (4, 10), (10, 17)], 3: [(1, 14), (14, 11), (11, 12), (12, 15), (15, 16), (16, 5), (5, 8)], 4: [(1, 3), (3, 7), (7, 6), (6, 9), (9, 13)]}, padri: [5, 8, 9], figli: [], mosse: [(2, 2, 4, 10, 19), (2, 2, 2, 4, 13), (2, 2, 4, 10, 19)]
7 -> costo: 102782.0, rotte: {2: [(1, 10), (10, 4), (4, 2), (2, 17)], 3: [(1, 14), (14, 11), (11, 12), (12, 15), (15, 16), (16, 5), (5, 8)], 4: [(1, 3), (3, 7), (7, 6), (6, 9), (9, 13)]}, padri: [5, 9], figli: [8], mosse: [(2, 2, 4, 2, 11), (2, 2, 4, 2, 11)]
8 -> costo: 102687.6, rotte: {2: [(1, 4), (4, 2), (2, 10), (10, 17)], 3: [(1, 14), (14, 11), (11, 12), (12, 15), (15, 16), (16, 5), (5, 8)], 4: [(1, 3), (3, 7), (7, 6), (6, 9), (9, 13)]}, padri: [7], figli: [6], mosse: [(2, 2, 2, 10, 19)]
9 -> costo: 102993.8, rotte: {2: [(1, 10), (10, 2), (2, 4), (4, 17)], 3: [(1, 14), (14, 11), (11, 12), (12, 15), (15, 16), (16, 5), (5, 8)], 4: [(1, 3), (3, 7), (7, 6), (6, 9), (9, 13)]}, padri: [5], figli: [6, 7], mosse: [(2, 2, 10, 2, 11)]
bestSolutionIndice: 6
6 -> costo: 102475.8, rotte: {2: [(1, 2), (2, 4), (4, 10), (10, 17)], 3: [(1, 14), (14, 11), (11, 12), (12, 15), (15, 16), (16, 5), (5, 8)], 4: [(1, 3), (3, 7), (7, 6), (6, 9), (9, 13)]}, padri: [5, 8, 9], figli: [], mosse: [(2, 2, 4, 10, 19), (2, 2, 2, 4, 13), (2, 2, 4, 10, 19)]
trasportoPalletDiGamma: {2: [(2, 11), (4, 13), (10, 19), (17, 6)], 3: [(14, 3), (11, 20), (12, 1), (15, 4), (16, 5), (5, 14), (8, 17)], 4: [(3, 12), (7, 16), (6, 15), (9, 18), (13, 2)]}
itMosseLS: 12, itMosseTS: 5
time elapsed: 171.46s.


##########################################################################################
s: 1
dictSolutions[1]:
0 -> costo: 119213.89999999997, rotte: {2: [(1, 3), (3, 10), (10, 17), (17, 16), (16, 12), (12, 13), (13, 9)], 3: [(1, 15), (15, 7), (7, 6), (6, 8), (8, 4)], 4: [(1, 11), (11, 14), (14, 2), (2, 5), (5, 9)]}, padri: [-1], figli: [1], mosse: [-1]
1 -> costo: 99626.69999999998, rotte: {2: [(1, 3), (3, 10), (10, 15), (15, 17), (17, 16), (16, 12), (12, 13), (13, 9)], 3: [(1, 7), (7, 6), (6, 8), (8, 4)], 4: [(1, 11), (11, 14), (14, 2), (2, 5), (5, 9)]}, padri: [0], figli: [2, 5, 7], mosse: [(2, 3, 10, 15, 4)]
2 -> costo: 95252.29999999999, rotte: {2: [(1, 3), (3, 10), (10, 15), (15, 17), (17, 16), (16, 12), (12, 13), (13, 9)], 3: [(1, 4), (4, 7), (7, 6), (6, 8)], 4: [(1, 11), (11, 14), (14, 2), (2, 5), (5, 9)]}, padri: [1, 6], figli: [3, 4], mosse: [(3, 3, 1, 4, 13), (3, 3, 7, 6, 15)]
3 -> costo: 94632.4, rotte: {2: [(1, 3), (3, 9), (9, 10), (10, 15), (15, 17), (17, 16), (16, 12), (12, 13)], 3: [(1, 4), (4, 7), (7, 6), (6, 8)], 4: [(1, 11), (11, 14), (14, 2), (2, 5), (5, 9)]}, padri: [2, 4, 7], figli: [], mosse: [(2, 2, 3, 9, 1), (2, 2, 9, 10, 19), (3, 3, 7, 6, 15)]
4 -> costo: 94839.59999999998, rotte: {2: [(1, 3), (3, 10), (10, 9), (9, 15), (15, 17), (17, 16), (16, 12), (12, 13)], 3: [(1, 4), (4, 7), (7, 6), (6, 8)], 4: [(1, 11), (11, 14), (14, 2), (2, 5), (5, 9)]}, padri: [2], figli: [3], mosse: [(2, 2, 10, 9, 1)]
5 -> costo: 97368.19999999998, rotte: {2: [(1, 3), (3, 10), (10, 15), (15, 17), (17, 16), (16, 12), (12, 13), (13, 9)], 3: [(1, 7), (7, 4), (4, 6), (6, 8)], 4: [(1, 11), (11, 14), (14, 2), (2, 5), (5, 9)]}, padri: [1], figli: [6], mosse: [(3, 3, 7, 4, 13)]
6 -> costo: 96335.59999999998, rotte: {2: [(1, 3), (3, 10), (10, 15), (15, 17), (17, 16), (16, 12), (12, 13), (13, 9)], 3: [(1, 4), (4, 6), (6, 7), (7, 8)], 4: [(1, 11), (11, 14), (14, 2), (2, 5), (5, 9)]}, padri: [5], figli: [2, 7], mosse: [(3, 3, 6, 7, 16)]
7 -> costo: 95715.69999999998, rotte: {2: [(1, 3), (3, 9), (9, 10), (10, 15), (15, 17), (17, 16), (16, 12), (12, 13)], 3: [(1, 4), (4, 6), (6, 7), (7, 8)], 4: [(1, 11), (11, 14), (14, 2), (2, 5), (5, 9)]}, padri: [6], figli: [3], mosse: [(2, 2, 3, 9, 1)]
bestSolutionIndice: 3
3 -> costo: 94632.4, rotte: {2: [(1, 3), (3, 9), (9, 10), (10, 15), (15, 17), (17, 16), (16, 12), (12, 13)], 3: [(1, 4), (4, 7), (7, 6), (6, 8)], 4: [(1, 11), (11, 14), (14, 2), (2, 5), (5, 9)]}, padri: [2, 4, 7], figli: [], mosse: [(2, 2, 3, 9, 1), (2, 2, 9, 10, 19), (3, 3, 7, 6, 15)]
trasportoPalletDiGamma: {2: [(3, 12), (9, 1), (10, 19), (15, 4), (17, 6), (16, 5), (12, 1), (13, 2)], 3: [(4, 13), (7, 16), (6, 15), (8, 17)], 4: [(11, 20), (14, 3), (2, 11), (5, 14), (9, 17)]}
itMosseLS: 10, itMosseTS: 5
time elapsed: 153.45s.


##########################################################################################
s: 1
dictSolutions[1]:
0 -> costo: 167524.9, rotte: {3: [(1, 10), (10, 3), (3, 6), (6, 13), (13, 9)], 4: [(1, 7), (7, 5), (5, 16), (16, 11), (11, 4)], 2: [(1, 12), (12, 17), (17, 8), (8, 2), (2, 14), (14, 15), (15, 9), (9, 4)]}, padri: [-1], figli: [1], mosse: [-1]
1 -> costo: 146581.0, rotte: {3: [(1, 10), (10, 3), (3, 6), (6, 13), (13, 9)], 4: [(1, 7), (7, 5), (5, 16), (16, 11), (11, 4)], 2: [(1, 12), (12, 8), (8, 2), (2, 14), (14, 15), (15, 17), (17, 9), (9, 4)]}, padri: [0], figli: [2], mosse: [(2, 2, 15, 17, 6)]
2 -> costo: 138576.8, rotte: {3: [(1, 10), (10, 3), (3, 6), (6, 13), (13, 9)], 4: [(1, 7), (7, 5), (5, 16), (16, 11), (11, 4)], 2: [(1, 8), (8, 2), (2, 14), (14, 12), (12, 15), (15, 17), (17, 9), (9, 4)]}, padri: [1], figli: [3], mosse: [(2, 2, 14, 12, 1)]
3 -> costo: 131695.4, rotte: {3: [(1, 10), (10, 3), (3, 6), (6, 13), (13, 9)], 4: [(1, 4), (4, 7), (7, 5), (5, 16), (16, 11)], 2: [(1, 8), (8, 2), (2, 14), (14, 12), (12, 15), (15, 17), (17, 9), (9, 4)]}, padri: [2], figli: [4], mosse: [(4, 4, 1, 4, 10)]
4 -> costo: 123781.1, rotte: {3: [(1, 10), (10, 3), (3, 6), (6, 13), (13, 9)], 4: [(1, 4), (4, 7), (7, 5), (5, 11), (11, 16)], 2: [(1, 8), (8, 2), (2, 14), (14, 12), (12, 15), (15, 17), (17, 9), (9, 4)]}, padri: [3], figli: [5], mosse: [(4, 4, 16, 11)]
5 -> costo: 117295.6, rotte: {3: [(1, 10), (10, 3), (3, 6), (6, 13)], 4: [(1, 4), (4, 7), (7, 5), (5, 11), (11, 16)], 2: [(1, 8), (8, 2), (2, 14), (14, 12), (12, 15), (15, 17), (17, 9), (9, 4)]}, padri: [4], figli: [6], mosse: [(2, 3, 1, 9, 17)]
6 -> costo: 111080.20000000001, rotte: {3: [(1, 10), (10, 3), (3, 6), (6, 13)], 4: [(1, 4), (4, 7), (7, 5), (5, 11), (11, 16)], 2: [(1, 2), (2, 14), (14, 12), (12, 15), (15, 17), (17, 9), (9, 8), (8, 4)]}, padri: [5], figli: [7], mosse: [(2, 2, 9, 8, 17)]
7 -> costo: 108212.20000000001, rotte: {3: [(1, 10), (10, 3), (3, 6), (6, 13)], 4: [(1, 4), (4, 7), (7, 5), (5, 11), (11, 16)], 2: [(1, 2), (2, 4), (4, 14), (14, 12), (12, 15), (15, 17), (17, 9), (9, 8)]}, padri: [6], figli: [8, 10], mosse: [(2, 2, 2, 4, 3)]
8 -> costo: 106889.80000000002, rotte: {3: [(1, 3), (3, 6), (6, 10), (10, 13)], 4: [(1, 4), (4, 7), (7, 5), (5, 11), (11, 16)], 2: [(1, 2), (2, 4), (4, 14), (14, 12), (12, 15), (15, 17), (17, 9), (9, 8)]}, padri: [7], figli: [9, 9, 9, 11, 11, 11], mosse: [(3, 3, 6, 10, 19)]
9 -> costo: 106551.2, rotte: {3: [(1, 3), (3, 6), (6, 10), (10, 13)], 4: [(1, 4), (4, 7), (7, 5), (5, 11), (11, 16)], 2: [(1, 2), (2, 4), (4, 14), (14, 12), (12, 15), (15, 17), (17, 8), (8, 9)]}, padri: [8, 8, 8, 10, 11], figli: [], mosse: [(2, 2, 17, 8, 17), (2, 2, 8, 9, 18), (2, 2, 9, 8), (3, 3, 6, 10, 19), (3, 3, 6, 10, 19)]
10 -> costo: 107873.59999999999, rotte: {3: [(1, 10), (10, 3), (3, 6), (6, 13)], 4: [(1, 4), (4, 7), (7, 5), (5, 11), (11, 16)], 2: [(1, 2), (2, 4), (4, 14), (14, 12), (12, 15), (15, 17), (17, 8), (8, 9)]}, padri: [7], figli: [9, 11], mosse: [(2, 2, 17, 8, 17)]
11 -> costo: 107655.29999999999, rotte: {3: [(1, 3), (3, 10), (10, 6), (6, 13)], 4: [(1, 4), (4, 7), (7, 5), (5, 11), (11, 16)], 2: [(1, 2), (2, 4), (4, 14), (14, 12), (12, 15), (15, 17), (17, 8), (8, 9)]}, padri: [10], figli: [9], mosse: [(3, 3, 3, 10, 19)]
bestSolutionIndice: 9
9 -> costo: 106551.2, rotte: {3: [(1, 3), (3, 6), (6, 10), (10, 13)], 4: [(1, 4), (4, 7), (7, 5), (5, 11), (11, 16)], 2: [(1, 2), (2, 4), (4, 14), (14, 12), (12, 15), (15, 17), (17, 8), (8, 9)]}, padri: [8, 8, 8, 10, 11], figli: [], mosse: [(2, 2, 17, 8, 17), (2, 2, 8, 9, 18), (2, 2, 9, 8), (3, 3, 6, 10, 19), (3, 3, 6, 10, 19)]
trasportoPalletDiGamma: {3: [(3, 12), (6, 15), (10, 19), (13, 2)], 4: [(4, 10), (7, 16), (5, 14), (11, 20), (16, 5)], 2: [(2, 11), (4, 3), (14, 3), (12, 1), (15, 4), (17, 6), (8, 17), (9, 18)]}
itMosseLS: 15, itMosseTS: 5
time elapsed: 185.67s.


##########################################################################################
s: 1
dictSolutions[1]:
0 -> costo: 120794.5, rotte: {3: [(1, 10), (10, 8), (8, 15), (15, 6), (6, 3)], 4: [(1, 14), (14, 11), (11, 2), (2, 9), (9, 13), (13, 12)], 2: [(1, 17), (17, 16), (16, 7), (7, 5), (5, 4), (4, 3)]}, padri: [-1], figli: [1], mosse: [-1]
1 -> costo: 106670.8, rotte: {3: [(1, 10), (10, 8), (8, 6), (6, 3), (3, 15)], 4: [(1, 14), (14, 11), (11, 2), (2, 9), (9, 13), (13, 12)], 2: [(1, 17), (17, 16), (16, 7), (7, 5), (5, 4), (4, 3)]}, padri: [0], figli: [2], mosse: [(3, 3, 3, 15, 4)]
2 -> costo: 105356.90000000001, rotte: {3: [(1, 10), (10, 8), (8, 6), (6, 3), (3, 15)], 4: [(1, 14), (14, 11), (11, 2), (2, 9), (9, 13), (13, 12)], 2: [(1, 17), (17, 16), (16, 3), (3, 7), (7, 5), (5, 4)]}, padri: [1], figli: [3], mosse: [(2, 2, 16, 3, 2)]
3 -> costo: 104921.8, rotte: {3: [(1, 10), (10, 8), (8, 6), (6, 3), (3, 15)], 4: [(1, 14), (14, 11), (11, 2), (2, 9), (9, 13), (13, 12)], 2: [(1, 17), (17, 16), (16, 3), (3, 4), (4, 7), (7, 5)]}, padri: [2], figli: [4], mosse: [(2, 2, 3, 4, 13)]
4 -> costo: 104691.1, rotte: {3: [(1, 10), (10, 8), (8, 6), (6, 3), (3, 15)], 4: [(1, 11), (11, 2), (2, 9), (9, 13), (13, 12), (12, 14)], 2: [(1, 17), (17, 16), (16, 3), (3, 4), (4, 7), (7, 5)]}, padri: [3], figli: [5, 6, 7, 8], mosse: [(4, 4, 12, 14, 3)]
5 -> costo: 94526.3, rotte: {3: [(1, 10), (10, 8), (8, 6), (6, 3), (3, 15)], 4: [(1, 2), (2, 9), (9, 13), (13, 12), (12, 11), (11, 14)], 2: [(1, 17), (17, 16), (16, 3), (3, 4), (4, 7), (7, 5)]}, padri: [4, 6, 7], figli: [], mosse: [(4, 4, 12, 11, 20), (4, 4, 12, 11, 20), (4, 4, 12, 11, 20)]
6 -> costo: 94694.5, rotte: {3: [(1, 10), (10, 8), (8, 6), (6, 3), (3, 15)], 4: [(1, 2), (2, 9), (9, 13), (13, 11), (11, 12), (12, 14)], 2: [(1, 17), (17, 16), (16, 3), (3, 4), (4, 7), (7, 5)]}, padri: [4, 7], figli: [5], mosse: [(4, 4, 13, 11, 20), (4, 4, 13, 11, 20)]
7 -> costo: 94939.29999999999, rotte: {3: [(1, 10), (10, 8), (8, 6), (6, 3), (3, 15)], 4: [(1, 2), (2, 9), (9, 11), (11, 13), (13, 12), (12, 14)], 2: [(1, 17), (17, 16), (16, 3), (3, 4), (4, 7), (7, 5)]}, padri: [4], figli: [5, 6, 8], mosse: [(4, 4, 9, 11, 20)]
8 -> costo: 94798.7, rotte: {3: [(1, 10), (10, 8), (8, 6), (6, 3), (3, 15)], 4: [(1, 2), (2, 9), (9, 11), (11, 12), (12, 13), (13, 14)], 2: [(1, 17), (17, 16), (16, 3), (3, 4), (4, 7), (7, 5)]}, padri: [7], figli: [], mosse: [(4, 4, 12, 13, 2)]
bestSolutionIndice: 5
5 -> costo: 94526.3, rotte: {3: [(1, 10), (10, 8), (8, 6), (6, 3), (3, 15)], 4: [(1, 2), (2, 9), (9, 13), (13, 12), (12, 11), (11, 14)], 2: [(1, 17), (17, 16), (16, 3), (3, 4), (4, 7), (7, 5)]}, padri: [4, 6, 7], figli: [], mosse: [(4, 4, 12, 11, 20), (4, 4, 12, 11, 20), (4, 4, 12, 11, 20)]
trasportoPalletDiGamma: {3: [(10, 19), (8, 17), (6, 15), (3, 10), (15, 4)], 4: [(2, 11), (9, 18), (13, 2), (12, 1), (11, 20), (14, 3)], 2: [(17, 6), (16, 5), (3, 2), (4, 13), (7, 16), (5, 14)]}
itMosseLS: 11, itMosseTS: 5
time elapsed: 129.02s.


##########################################################################################
s: 1
dictSolutions[1]:
0 -> costo: 155877.1, rotte: {3: [(1, 3), (3, 8), (8, 10), (10, 16), (16, 4)], 4: [(1, 13), (13, 17), (17, 15), (15, 7), (7, 12), (12, 6), (6, 4), (4, 11)], 2: [(1, 9), (9, 2), (2, 14), (14, 5), (5, 11)]}, padri: [-1], figli: [1], mosse: [-1]
1 -> costo: 142223.1, rotte: {3: [(1, 3), (3, 8), (8, 10), (10, 16), (16, 4)], 4: [(1, 13), (13, 17), (17, 15), (15, 7), (7, 6), (6, 4), (4, 11), (11, 12)], 2: [(1, 9), (9, 2), (2, 14), (14, 5), (5, 11)]}, padri: [0], figli: [2], mosse: [(4, 4, 11, 12, 1)]
2 -> costo: 128615.70000000001, rotte: {3: [(1, 3), (3, 8), (8, 10), (10, 16)], 4: [(1, 13), (13, 17), (17, 15), (15, 7), (7, 6), (6, 4), (4, 11), (11, 12)], 2: [(1, 9), (9, 2), (2, 14), (14, 5), (5, 11)]}, padri: [1], figli: [3], mosse: [(4, 3, 1, 4, 12)]
3 -> costo: 116307.40000000001, rotte: {3: [(1, 3), (3, 8), (8, 10), (10, 16)], 4: [(1, 13), (13, 17), (17, 15), (15, 7), (7, 6), (6, 4), (4, 11), (11, 12)], 2: [(1, 9), (9, 2), (2, 5), (5, 11), (11, 14)]}, padri: [2], figli: [4], mosse: [(2, 2, 11, 14, 3)]
4 -> costo: 107054.8, rotte: {3: [(1, 3), (3, 8), (8, 10), (10, 16)], 4: [(1, 17), (17, 15), (15, 7), (7, 6), (6, 4), (4, 13), (13, 11), (11, 12)], 2: [(1, 9), (9, 2), (2, 5), (5, 11), (11, 14)]}, padri: [3], figli: [5], mosse: [(4, 4, 4, 13, 2)]
5 -> costo: 104209.59999999999, rotte: {3: [(1, 3), (3, 8), (8, 10), (10, 16)], 4: [(1, 17), (17, 15), (15, 7), (7, 6), (6, 4), (4, 13), (13, 11), (11, 12)], 2: [(1, 2), (2, 5), (5, 9), (9, 11), (11, 14)]}, padri: [4], figli: [6], mosse: [(2, 2, 5, 9, 18)]
6 -> costo: 103468.59999999999, rotte: {3: [(1, 3), (3, 8), (8, 10), (10, 17), (17, 16)], 4: [(1, 15), (15, 7), (7, 6), (6, 4), (4, 13), (13, 11), (11, 12)], 2: [(1, 2), (2, 5), (5, 9), (9, 11), (11, 14)]}, padri: [5], figli: [7], mosse: [(3, 4, 10, 17, 6)]
7 -> costo: 83772.4, rotte: {3: [(1, 3), (3, 8), (8, 10), (10, 17), (17, 16), (16, 15)], 4: [(1, 7), (7, 6), (6, 4), (4, 13), (13, 11), (11, 12)], 2: [(1, 2), (2, 5), (5, 9), (9, 11), (11, 14)]}, padri: [6], figli: [8, 10], mosse: [(3, 4, 16, 15, 4)]
8 -> costo: 82031.49999999999, rotte: {3: [(1, 8), (8, 10), (10, 17), (17, 16), (16, 15)], 4: [(1, 3), (3, 7), (7, 6), (6, 4), (4, 13), (13, 11), (11, 12)], 2: [(1, 2), (2, 5), (5, 9), (9, 11), (11, 14)]}, padri: [7], figli: [9, 9, 9], mosse: [(4, 3, 1, 3, 12)]
9 -> costo: 82026.29999999999, rotte: {3: [(1, 8), (8, 10), (10, 17), (17, 16), (16, 15)], 4: [(1, 3), (3, 7), (7, 6), (6, 4), (4, 13), (13, 12), (12, 11)], 2: [(1, 2), (2, 5), (5, 9), (9, 11), (11, 14)]}, padri: [8, 8, 8], figli: [], mosse: [(4, 4, 11, 12), (4, 4, 13, 12, 1), (4, 4, 12, 11, 1)]
10 -> costo: 82031.49999999999, rotte: {3: [(1, 3), (3, 8), (8, 10), (10, 17), (17, 16), (16, 15)], 4: [(1, 3), (3, 7), (7, 6), (6, 4), (4, 13), (13, 11), (11, 12)], 2: [(1, 2), (2, 5), (5, 9), (9, 11), (11, 14)]}, padri: [7], figli: [11, 12], mosse: [(4, 3, 1, 3, 1)]
11 -> costo: 82026.29999999999, rotte: {3: [(1, 3), (3, 8), (8, 10), (10, 17), (17, 16), (16, 15)], 4: [(1, 3), (3, 7), (7, 6), (6, 4), (4, 13), (13, 12), (12, 11)], 2: [(1, 2), (2, 5), (5, 9), (9, 11), (11, 14)]}, padri: [10], figli: [], mosse: [(4, 4, 11, 12)]
12 -> costo: 82026.29999999999, rotte: {3: [(1, 3), (3, 8), (8, 10), (10, 17), (17, 16), (16, 15)], 4: [(1, 3), (3, 7), (7, 6), (6, 4), (4, 13), (13, 12), (12, 11)], 2: [(1, 2), (2, 5), (5, 9), (9, 11), (11, 14)]}, padri: [10], figli: [], mosse: [(4, 4, 13, 12, 1)]
bestSolutionIndice: 9
9 -> costo: 82026.29999999999, rotte: {3: [(1, 8), (8, 10), (10, 17), (17, 16), (16, 15)], 4: [(1, 3), (3, 7), (7, 6), (6, 4), (4, 13), (13, 12), (12, 11)], 2: [(1, 2), (2, 5), (5, 9), (9, 11), (11, 14)]}, padri: [8, 8, 8], figli: [], mosse: [(4, 4, 11, 12), (4, 4, 13, 12, 1), (4, 4, 12, 11, 1)]
trasportoPalletDiGamma: {3: [(8, 17), (10, 19), (17, 6), (16, 5), (15, 4)], 4: [(3, 12), (7, 16), (6, 15), (4, 13), (13, 2), (12, 1), (11, 1)], 2: [(2, 11), (5, 14), (9, 18), (11, 19), (14, 3)]}
itMosseLS: 14, itMosseTS: 5
time elapsed: 159.14s.


##########################################################################################
s: 1
dictSolutions[1]:
0 -> costo: 137822.59999999998, rotte: {3: [(1, 5), (5, 12), (12, 2), (2, 16), (16, 3), (3, 13), (13, 11)], 4: [(1, 9), (9, 10), (10, 4), (4, 11)], 2: [(1, 8), (8, 6), (6, 7), (7, 17), (17, 15), (15, 14)]}, padri: [-1], figli: [1], mosse: [-1]
1 -> costo: 123494.9, rotte: {3: [(1, 5), (5, 12), (12, 2), (2, 3), (3, 13), (13, 11), (11, 16)], 4: [(1, 9), (9, 10), (10, 4), (4, 11)], 2: [(1, 8), (8, 6), (6, 7), (7, 17), (17, 15), (15, 14)]}, padri: [0], figli: [2], mosse: [(3, 3, 11, 16, 5)]
2 -> costo: 111037.70000000001, rotte: {3: [(1, 5), (5, 2), (2, 3), (3, 13), (13, 11), (11, 12), (12, 16)], 4: [(1, 9), (9, 10), (10, 4), (4, 11)], 2: [(1, 8), (8, 6), (6, 7), (7, 17), (17, 15), (15, 14)]}, padri: [1], figli: [3], mosse: [(3, 3, 11, 12, 1)]
3 -> costo: 103226.50000000001, rotte: {3: [(1, 5), (5, 2), (2, 3), (3, 13), (13, 11), (11, 12), (12, 16)], 4: [(1, 9), (9, 10), (10, 4), (4, 11)], 2: [(1, 8), (8, 6), (6, 7), (7, 14), (14, 17), (17, 15)]}, padri: [2], figli: [4], mosse: [(2, 2, 7, 14, 3)]
4 -> costo: 96356.1, rotte: {3: [(1, 5), (5, 2), (2, 3), (3, 13), (13, 11), (11, 12), (12, 16)], 4: [(1, 9), (9, 10), (10, 4)], 2: [(1, 8), (8, 6), (6, 7), (7, 14), (14, 17), (17, 15)]}, padri: [3], figli: [5], mosse: [(3, 4, 1, 11, 15)]
5 -> costo: 93807.40000000002, rotte: {3: [(1, 5), (5, 2), (2, 3), (3, 13), (13, 11), (11, 12), (12, 16)], 4: [(1, 9), (9, 10), (10, 4)], 2: [(1, 6), (6, 7), (7, 8), (8, 14), (14, 17), (17, 15)]}, padri: [4], figli: [6], mosse: [(2, 2, 7, 8, 17)]
6 -> costo: 91651.90000000001, rotte: {3: [(1, 5), (5, 2), (2, 3), (3, 13), (13, 11), (11, 12), (12, 16)], 4: [(1, 10), (10, 4), (4, 9)], 2: [(1, 6), (6, 7), (7, 8), (8, 14), (14, 17), (17, 15)]}, padri: [5], figli: [7], mosse: [(4, 4, 4, 9, 18)]
7 -> costo: 90861.50000000001, rotte: {3: [(1, 5), (5, 2), (2, 3), (3, 13), (13, 11), (11, 12), (12, 16)], 4: [(1, 4), (4, 10), (10, 9)], 2: [(1, 6), (6, 7), (7, 8), (8, 14), (14, 17), (17, 15)]}, padri: [6], figli: [8, 9, 10, 11, 12], mosse: [(4, 4, 4, 10, 19)]
8 -> costo: 90496.80000000002, rotte: {3: [(1, 2), (2, 3), (3, 13), (13, 11), (11, 12), (12, 16)], 4: [(1, 5), (5, 4), (4, 10), (10, 9)], 2: [(1, 6), (6, 7), (7, 8), (8, 14), (14, 17), (17, 15)]}, padri: [7, 9], figli: [], mosse: [(4, 3, 1, 5, 14), (4, 4, 5, 4, 13)]
9 -> costo: 90517.8, rotte: {3: [(1, 2), (2, 3), (3, 13), (13, 11), (11, 12), (12, 16)], 4: [(1, 4), (4, 5), (5, 10), (10, 9)], 2: [(1, 6), (6, 7), (7, 8), (8, 14), (14, 17), (17, 15)]}, padri: [7], figli: [8], mosse: [(4, 3, 4, 5, 14)]
10 -> costo: 90566.00000000001, rotte: {3: [(1, 2), (2, 5), (5, 3), (3, 13), (13, 11), (11, 12), (12, 16)], 4: [(1, 4), (4, 10), (10, 9)], 2: [(1, 6), (6, 7), (7, 8), (8, 14), (14, 17), (17, 15)]}, padri: [7, 11, 13], figli: [], mosse: [(3, 3, 2, 5, 14), (3, 3, 5, 3, 12), (3, 4, 1, 2, 11)]
11 -> costo: 90604.90000000001, rotte: {3: [(1, 2), (2, 3), (3, 5), (5, 13), (13, 11), (11, 12), (12, 16)], 4: [(1, 4), (4, 10), (10, 9)], 2: [(1, 6), (6, 7), (7, 8), (8, 14), (14, 17), (17, 15)]}, padri: [7], figli: [10, 12], mosse: [(3, 3, 3, 5, 14)]
12 -> costo: 90598.70000000001, rotte: {3: [(1, 3), (3, 5), (5, 13), (13, 11), (11, 12), (12, 16)], 4: [(1, 2), (2, 4), (4, 10), (10, 9)], 2: [(1, 6), (6, 7), (7, 8), (8, 14), (14, 17), (17, 15)]}, padri: [11], figli: [13], mosse: [(4, 3, 1, 2, 11)]
13 -> costo: 90572.70000000001, rotte: {3: [(1, 5), (5, 3), (3, 13), (13, 11), (11, 12), (12, 16)], 4: [(1, 2), (2, 4), (4, 10), (10, 9)], 2: [(1, 6), (6, 7), (7, 8), (8, 14), (14, 17), (17, 15)]}, padri: [12], figli: [10], mosse: [(3, 3, 5, 3, 12)]
bestSolutionIndice: 8
8 -> costo: 90496.80000000002, rotte: {3: [(1, 2), (2, 3), (3, 13), (13, 11), (11, 12), (12, 16)], 4: [(1, 5), (5, 4), (4, 10), (10, 9)], 2: [(1, 6), (6, 7), (7, 8), (8, 14), (14, 17), (17, 15)]}, padri: [7, 9], figli: [], mosse: [(4, 3, 1, 5, 14), (4, 4, 5, 4, 13)]
trasportoPalletDiGamma: {3: [(2, 11), (3, 12), (13, 2), (11, 20), (12, 1), (16, 5)], 4: [(5, 14), (4, 13), (10, 19), (9, 18)], 2: [(6, 15), (7, 16), (8, 17), (14, 3), (17, 6), (15, 4)]}
itMosseLS: 16, itMosseTS: 5
time elapsed: 155.51s.


##########################################################################################
s: 1
dictSolutions[1]:
0 -> costo: 154849.49999999997, rotte: {2: [(1, 16), (16, 9), (9, 13), (13, 17), (17, 2), (2, 3)], 4: [(1, 7), (7, 15), (15, 11), (11, 6), (6, 12), (12, 14)], 3: [(1, 10), (10, 4), (4, 5), (5, 8), (8, 14)]}, padri: [-1], figli: [1], mosse: [-1]
1 -> costo: 134594.1, rotte: {2: [(1, 9), (9, 13), (13, 16), (16, 17), (17, 2), (2, 3)], 4: [(1, 7), (7, 15), (15, 11), (11, 6), (6, 12), (12, 14)], 3: [(1, 10), (10, 4), (4, 5), (5, 8), (8, 14)]}, padri: [0], figli: [2], mosse: [(2, 2, 13, 16, 5)]
2 -> costo: 126543.1, rotte: {2: [(1, 9), (9, 13), (13, 16), (16, 17), (17, 2), (2, 3)], 4: [(1, 15), (15, 11), (11, 7), (7, 6), (6, 12), (12, 14)], 3: [(1, 10), (10, 4), (4, 5), (5, 8), (8, 14)]}, padri: [1], figli: [3], mosse: [(4, 4, 11, 7, 16)]
3 -> costo: 111256.00000000001, rotte: {2: [(1, 9), (9, 13), (13, 16), (16, 17), (17, 15), (15, 2), (2, 3)], 4: [(1, 11), (11, 7), (7, 6), (6, 12), (12, 14)], 3: [(1, 10), (10, 4), (4, 5), (5, 8), (8, 14)]}, padri: [2], figli: [4], mosse: [(2, 4, 17, 15, 4)]
4 -> costo: 101501.90000000002, rotte: {2: [(1, 9), (9, 13), (13, 16), (16, 17), (17, 15), (15, 2), (2, 3)], 4: [(1, 7), (7, 6), (6, 12), (12, 11), (11, 14)], 3: [(1, 10), (10, 4), (4, 5), (5, 8), (8, 14)]}, padri: [3], figli: [5], mosse: [(4, 4, 12, 11, 20)]
5 -> costo: 93543.60000000002, rotte: {2: [(1, 9), (9, 13), (13, 16), (16, 17), (17, 15), (15, 2), (2, 3)], 4: [(1, 7), (7, 6), (6, 12), (12, 11), (11, 14)], 3: [(1, 10), (10, 4), (4, 5), (5, 8)]}, padri: [4], figli: [6], mosse: [(4, 3, 1, 14, 2)]
6 -> costo: 90753.50000000001, rotte: {2: [(1, 13), (13, 16), (16, 17), (17, 15), (15, 2), (2, 3), (3, 9)], 4: [(1, 7), (7, 6), (6, 12), (12, 11), (11, 14)], 3: [(1, 10), (10, 4), (4, 5), (5, 8)]}, padri: [5], figli: [7, 10], mosse: [(2, 2, 3, 9, 18)]
7 -> costo: 81452.5, rotte: {2: [(1, 16), (16, 17), (17, 15), (15, 2), (2, 3), (3, 9)], 4: [(1, 7), (7, 6), (6, 13), (13, 12), (12, 11), (11, 14)], 3: [(1, 10), (10, 4), (4, 5), (5, 8)]}, padri: [6], figli: [8, 12, 13], mosse: [(4, 2, 6, 13, 2)]
8 -> costo: 81072.2, rotte: {2: [(1, 16), (16, 17), (17, 15), (15, 2), (2, 3), (3, 9)], 4: [(1, 7), (7, 6), (6, 13), (13, 12), (12, 11), (11, 14)], 3: [(1, 4), (4, 5), (5, 10), (10, 8)]}, padri: [7, 11, 12], figli: [9], mosse: [(3, 3, 5, 10, 19), (4, 4, 13, 12, 1), (4, 4, 12, 11, 20)]
9 -> costo: 81051.2, rotte: {2: [(1, 16), (16, 17), (17, 15), (15, 2), (2, 3), (3, 9)], 4: [(1, 7), (7, 6), (6, 13), (13, 12), (12, 11), (11, 14)], 3: [(1, 5), (5, 4), (4, 10), (10, 8)]}, padri: [8, 13], figli: [], mosse: [(3, 3, 5, 4, 13), (4, 4, 12, 11, 20)]
10 -> costo: 81745.70000000001, rotte: {2: [(1, 16), (16, 17), (17, 15), (15, 2), (2, 3), (3, 9)], 4: [(1, 7), (7, 6), (6, 12), (12, 13), (13, 11), (11, 14)], 3: [(1, 10), (10, 4), (4, 5), (5, 8)]}, padri: [6], figli: [11], mosse: [(4, 2, 12, 13, 2)]
11 -> costo: 81365.4, rotte: {2: [(1, 16), (16, 17), (17, 15), (15, 2), (2, 3), (3, 9)], 4: [(1, 7), (7, 6), (6, 12), (12, 13), (13, 11), (11, 14)], 3: [(1, 4), (4, 5), (5, 10), (10, 8)]}, padri: [10], figli: [8, 12, 13], mosse: [(3, 3, 5, 10, 19)]
12 -> costo: 81240.4, rotte: {2: [(1, 16), (16, 17), (17, 15), (15, 2), (2, 3), (3, 9)], 4: [(1, 7), (7, 6), (6, 13), (13, 11), (11, 12), (12, 14)], 3: [(1, 4), (4, 5), (5, 10), (10, 8)]}, padri: [11], figli: [8, 13], mosse: [(4, 4, 11, 12, 1)]
13 -> costo: 81219.40000000001, rotte: {2: [(1, 16), (16, 17), (17, 15), (15, 2), (2, 3), (3, 9)], 4: [(1, 7), (7, 6), (6, 13), (13, 11), (11, 12), (12, 14)], 3: [(1, 5), (5, 4), (4, 10), (10, 8)]}, padri: [12], figli: [9], mosse: [(3, 3, 5, 4, 13)]
bestSolutionIndice: 9
9 -> costo: 81051.2, rotte: {2: [(1, 16), (16, 17), (17, 15), (15, 2), (2, 3), (3, 9)], 4: [(1, 7), (7, 6), (6, 13), (13, 12), (12, 11), (11, 14)], 3: [(1, 5), (5, 4), (4, 10), (10, 8)]}, padri: [8, 13], figli: [], mosse: [(3, 3, 5, 4, 13), (4, 4, 12, 11, 20)]
trasportoPalletDiGamma: {2: [(16, 5), (17, 6), (15, 4), (2, 11), (3, 12), (9, 18)], 4: [(7, 16), (6, 15), (13, 2), (12, 1), (11, 20), (14, 3)], 3: [(5, 14), (4, 13), (10, 19), (8, 17)]}
itMosseLS: 16, itMosseTS: 5
time elapsed: 226.67s.


##########################################################################################
s: 1
dictSolutions[1]:
0 -> costo: 157111.50000000003, rotte: {2: [(1, 16), (16, 13), (13, 8), (8, 3), (3, 11), (11, 10)], 4: [(1, 14), (14, 9), (9, 5), (5, 2), (2, 6), (6, 10)], 3: [(1, 17), (17, 12), (12, 4), (4, 15), (15, 7), (7, 10)]}, padri: [-1], figli: [1], mosse: [-1]
1 -> costo: 140972.0, rotte: {2: [(1, 13), (13, 8), (8, 3), (3, 11), (11, 10)], 4: [(1, 14), (14, 9), (9, 5), (5, 2), (2, 6), (6, 10)], 3: [(1, 16), (16, 17), (17, 12), (12, 4), (4, 15), (15, 7), (7, 10)]}, padri: [0], figli: [2], mosse: [(3, 2, 1, 16, 5)]
2 -> costo: 132613.4, rotte: {2: [(1, 13), (13, 8), (8, 3), (3, 11), (11, 10)], 4: [(1, 14), (14, 9), (9, 5), (5, 2), (2, 6), (6, 10)], 3: [(1, 16), (16, 17), (17, 12), (12, 15), (15, 4), (4, 7), (7, 10)]}, padri: [1], figli: [3], mosse: [(3, 3, 15, 4, 13)]
3 -> costo: 113711.7, rotte: {2: [(1, 13), (13, 8), (8, 3), (3, 11), (11, 10)], 4: [(1, 14), (14, 9), (9, 5), (5, 2), (2, 6), (6, 10)], 3: [(1, 16), (16, 17), (17, 15), (15, 12), (12, 4), (4, 7), (7, 10)]}, padri: [2], figli: [4], mosse: [(3, 3, 15, 12, 1)]
4 -> costo: 106274.60000000002, rotte: {2: [(1, 13), (13, 8), (8, 3), (3, 11), (11, 14), (14, 10)], 4: [(1, 9), (9, 5), (5, 2), (2, 6), (6, 10)], 3: [(1, 16), (16, 17), (17, 15), (15, 12), (12, 4), (4, 7), (7, 10)]}, padri: [3], figli: [5], mosse: [(2, 4, 11, 14, 3)]
5 -> costo: 98858.7, rotte: {2: [(1, 8), (8, 3), (3, 11), (11, 14), (14, 10)], 4: [(1, 9), (9, 5), (5, 2), (2, 6), (6, 10)], 3: [(1, 16), (16, 17), (17, 15), (15, 12), (12, 13), (13, 4), (4, 7), (7, 10)]}, padri: [4], figli: [6], mosse: [(3, 2, 12, 13, 2)]
6 -> costo: 93775.8, rotte: {2: [(1, 8), (8, 3), (3, 10), (10, 11), (11, 14)], 4: [(1, 9), (9, 5), (5, 2), (2, 6), (6, 10)], 3: [(1, 16), (16, 17), (17, 15), (15, 12), (12, 13), (13, 4), (4, 7), (7, 10)]}, padri: [5], figli: [7], mosse: [(2, 2, 3, 10, 9)]
7 -> costo: 90786.90000000001, rotte: {2: [(1, 8), (8, 3), (3, 10), (10, 11), (11, 14)], 4: [(1, 5), (5, 2), (2, 6), (6, 10), (10, 9)], 3: [(1, 16), (16, 17), (17, 15), (15, 12), (12, 13), (13, 4), (4, 7), (7, 10)]}, padri: [6], figli: [8], mosse: [(4, 4, 10, 9, 18)]
8 -> costo: 88828.3, rotte: {2: [(1, 8), (8, 3), (3, 10), (10, 11), (11, 14)], 4: [(1, 5), (5, 2), (2, 6), (6, 10), (10, 9)], 3: [(1, 16), (16, 17), (17, 15), (15, 12), (12, 13), (13, 10), (10, 4), (4, 7)]}, padri: [7], figli: [9], mosse: [(3, 3, 13, 10, 6)]
9 -> costo: 87087.8, rotte: {2: [(1, 3), (3, 10), (10, 8), (8, 11), (11, 14)], 4: [(1, 5), (5, 2), (2, 6), (6, 10), (10, 9)], 3: [(1, 16), (16, 17), (17, 15), (15, 12), (12, 13), (13, 10), (10, 4), (4, 7)]}, padri: [8], figli: [10], mosse: [(2, 2, 10, 8, 17)]
10 -> costo: 85749.00000000001, rotte: {2: [(1, 3), (3, 10), (10, 8), (8, 11), (11, 14)], 4: [(1, 5), (5, 2), (2, 6), (6, 9)], 3: [(1, 16), (16, 17), (17, 15), (15, 12), (12, 13), (13, 10), (10, 4), (4, 7)]}, padri: [9], figli: [11], mosse: [(2, 4, 1, 10, 4)]
11 -> costo: 84852.40000000001, rotte: {2: [(1, 3), (3, 10), (10, 8), (8, 11), (11, 14)], 4: [(1, 2), (2, 5), (5, 6), (6, 9)], 3: [(1, 16), (16, 17), (17, 15), (15, 12), (12, 13), (13, 10), (10, 4), (4, 7)]}, padri: [10], figli: [12], mosse: [(4, 4, 2, 5, 14)]
12 -> costo: 84391.1, rotte: {2: [(1, 10), (10, 8), (8, 11), (11, 14)], 4: [(1, 2), (2, 5), (5, 6), (6, 9)], 3: [(1, 16), (16, 17), (17, 15), (15, 12), (12, 13), (13, 10), (10, 3), (3, 4), (4, 7)]}, padri: [11], figli: [13, 13, 13], mosse: [(3, 2, 10, 3, 12)]
13 -> costo: 84290.1, rotte: {2: [(1, 10), (10, 8), (8, 11), (11, 14)], 4: [(1, 2), (2, 5), (5, 6), (6, 9)], 3: [(1, 16), (16, 17), (17, 15), (15, 12), (12, 13), (13, 3), (3, 4), (4, 7)]}, padri: [12, 12, 12], figli: [14, 14, 14], mosse: [(2, 3, 1, 10, 6), (2, 3, 8, 10, 6), (2, 3, 11, 10, 6)]
14 -> costo: 84243.1, rotte: {2: [(1, 10), (10, 8), (8, 11), (11, 14)], 4: [(1, 2), (2, 5), (5, 6), (6, 9)], 3: [(1, 16), (16, 17), (17, 15), (15, 12), (12, 13), (13, 3), (3, 7), (7, 4)]}, padri: [13, 13, 13], figli: [], mosse: [(3, 3, 3, 7, 16), (3, 3, 7, 4, 13), (3, 3, 4, 7)]
bestSolutionIndice: 14
14 -> costo: 84243.1, rotte: {2: [(1, 10), (10, 8), (8, 11), (11, 14)], 4: [(1, 2), (2, 5), (5, 6), (6, 9)], 3: [(1, 16), (16, 17), (17, 15), (15, 12), (12, 13), (13, 3), (3, 7), (7, 4)]}, padri: [13, 13, 13], figli: [], mosse: [(3, 3, 3, 7, 16), (3, 3, 7, 4, 13), (3, 3, 4, 7)]
trasportoPalletDiGamma: {2: [(10, 19), (8, 17), (11, 20), (14, 3)], 4: [(2, 11), (5, 14), (6, 15), (9, 18)], 3: [(16, 5), (17, 6), (15, 4), (12, 1), (13, 2), (3, 12), (7, 16), (4, 13)]}
itMosseLS: 18, itMosseTS: 5
time elapsed: 106.96s.


##########################################################################################
s: 1
dictSolutions[1]:
0 -> costo: 154456.4, rotte: {4: [(1, 17), (17, 10), (10, 4), (4, 16), (16, 7), (7, 5)], 3: [(1, 2), (2, 14), (14, 12), (12, 15), (15, 13), (13, 6), (6, 9), (9, 5)], 2: [(1, 11), (11, 8), (8, 3), (3, 9)]}, padri: [-1], figli: [1], mosse: [-1]
1 -> costo: 134387.30000000002, rotte: {4: [(1, 10), (10, 4), (4, 16), (16, 17), (17, 7), (7, 5)], 3: [(1, 2), (2, 14), (14, 12), (12, 15), (15, 13), (13, 6), (6, 9), (9, 5)], 2: [(1, 11), (11, 8), (8, 3), (3, 9)]}, padri: [0], figli: [2], mosse: [(4, 4, 16, 17, 6)]
2 -> costo: 122877.10000000002, rotte: {4: [(1, 10), (10, 4), (4, 16), (16, 17), (17, 7), (7, 5)], 3: [(1, 2), (2, 14), (14, 12), (12, 13), (13, 6), (6, 9), (9, 5), (5, 15)], 2: [(1, 11), (11, 8), (8, 3), (3, 9)]}, padri: [1], figli: [3], mosse: [(3, 3, 5, 15, 4)]
3 -> costo: 119167.80000000002, rotte: {4: [(1, 10), (10, 4), (4, 16), (16, 17), (17, 7), (7, 5)], 3: [(1, 2), (2, 14), (14, 12), (12, 13), (13, 6), (6, 9), (9, 5), (5, 15)], 2: [(1, 11), (11, 8), (8, 3)]}, padri: [2], figli: [4], mosse: [(3, 2, 1, 9, 16)]
4 -> costo: 116910.30000000002, rotte: {4: [(1, 10), (10, 4), (4, 16), (16, 17), (17, 7), (7, 5)], 3: [(1, 14), (14, 12), (12, 13), (13, 6), (6, 9), (9, 5), (5, 2), (2, 15)], 2: [(1, 11), (11, 8), (8, 3)]}, padri: [3], figli: [5], mosse: [(3, 3, 5, 2, 11)]
5 -> costo: 114738.70000000001, rotte: {4: [(1, 10), (10, 4), (4, 16), (16, 17), (17, 7), (7, 5)], 3: [(1, 14), (14, 12), (12, 13), (13, 9), (9, 6), (6, 5), (5, 2), (2, 15)], 2: [(1, 11), (11, 8), (8, 3)]}, padri: [4], figli: [6], mosse: [(3, 3, 9, 6, 15)]
6 -> costo: 112657.30000000002, rotte: {4: [(1, 10), (10, 16), (16, 17), (17, 4), (4, 7), (7, 5)], 3: [(1, 14), (14, 12), (12, 13), (13, 9), (9, 6), (6, 5), (5, 2), (2, 15)], 2: [(1, 11), (11, 8), (8, 3)]}, padri: [5], figli: [7], mosse: [(4, 4, 17, 4, 13)]
7 -> costo: 106806.5, rotte: {4: [(1, 16), (16, 17), (17, 10), (10, 4), (4, 7), (7, 5)], 3: [(1, 14), (14, 12), (12, 13), (13, 9), (9, 6), (6, 5), (5, 2), (2, 15)], 2: [(1, 11), (11, 8), (8, 3)]}, padri: [6], figli: [8], mosse: [(4, 4, 17, 10, 19)]
8 -> costo: 105783.90000000001, rotte: {4: [(1, 16), (16, 17), (17, 10), (10, 4), (4, 7), (7, 5)], 3: [(1, 14), (14, 12), (12, 13), (13, 9), (9, 6), (6, 5), (5, 2), (2, 15)], 2: [(1, 8), (8, 3), (3, 11)]}, padri: [7], figli: [9], mosse: [(2, 2, 3, 11, 20)]
9 -> costo: 103611.8, rotte: {4: [(1, 16), (16, 17), (17, 10), (10, 4), (4, 7), (7, 5)], 3: [(1, 14), (14, 12), (12, 13), (13, 9), (9, 6), (6, 5), (5, 2), (2, 15)], 2: [(1, 3), (3, 8), (8, 11)]}, padri: [8], figli: [10], mosse: [(2, 2, 3, 8, 17)]
10 -> costo: 103098.29999999999, rotte: {4: [(1, 16), (16, 17), (17, 10), (10, 4), (4, 7), (7, 5)], 3: [(1, 12), (12, 13), (13, 9), (9, 6), (6, 5), (5, 2), (2, 15)], 2: [(1, 3), (3, 8), (8, 11), (11, 14)]}, padri: [9], figli: [11], mosse: [(2, 3, 11, 14, 3)]
11 -> costo: 102853.5, rotte: {4: [(1, 16), (16, 17), (17, 10), (10, 4), (4, 7), (7, 5)], 3: [(1, 13), (13, 9), (9, 6), (6, 5), (5, 2), (2, 15)], 2: [(1, 3), (3, 8), (8, 12), (12, 11), (11, 14)]}, padri: [10], figli: [12, 13, 14, 15], mosse: [(2, 3, 8, 12, 1)]
12 -> costo: 95437.59999999999, rotte: {4: [(1, 16), (16, 17), (17, 10), (10, 4), (4, 7), (7, 5)], 3: [(1, 9), (9, 6), (6, 5), (5, 2), (2, 15)], 2: [(1, 3), (3, 8), (8, 13), (13, 12), (12, 11), (11, 14)]}, padri: [11, 13, 14], figli: [], mosse: [(2, 3, 8, 13, 2), (2, 2, 13, 12, 1), (2, 2, 12, 11, 20)]
13 -> costo: 95730.79999999999, rotte: {4: [(1, 16), (16, 17), (17, 10), (10, 4), (4, 7), (7, 5)], 3: [(1, 9), (9, 6), (6, 5), (5, 2), (2, 15)], 2: [(1, 3), (3, 8), (8, 12), (12, 13), (13, 11), (11, 14)]}, padri: [11], figli: [12, 14], mosse: [(2, 3, 12, 13, 2)]
14 -> costo: 95605.79999999999, rotte: {4: [(1, 16), (16, 17), (17, 10), (10, 4), (4, 7), (7, 5)], 3: [(1, 9), (9, 6), (6, 5), (5, 2), (2, 15)], 2: [(1, 3), (3, 8), (8, 13), (13, 11), (11, 12), (12, 14)]}, padri: [13], figli: [12], mosse: [(2, 2, 11, 12, 1)]
15 -> costo: 95758.4, rotte: {4: [(1, 16), (16, 17), (17, 10), (10, 4), (4, 7), (7, 5)], 3: [(1, 9), (9, 6), (6, 5), (5, 2), (2, 15)], 2: [(1, 3), (3, 8), (8, 12), (12, 11), (11, 13), (13, 14)]}, padri: [11], figli: [16], mosse: [(2, 3, 11, 13, 2)]
16 -> costo: 95710.0, rotte: {4: [(1, 16), (16, 17), (17, 10), (10, 4), (4, 7), (7, 5)], 3: [(1, 9), (9, 6), (6, 5), (5, 2), (2, 15)], 2: [(1, 3), (3, 8), (8, 11), (11, 12), (12, 13), (13, 14)]}, padri: [15], figli: [], mosse: [(2, 2, 11, 12, 1)]
bestSolutionIndice: 12
12 -> costo: 95437.59999999999, rotte: {4: [(1, 16), (16, 17), (17, 10), (10, 4), (4, 7), (7, 5)], 3: [(1, 9), (9, 6), (6, 5), (5, 2), (2, 15)], 2: [(1, 3), (3, 8), (8, 13), (13, 12), (12, 11), (11, 14)]}, padri: [11, 13, 14], figli: [], mosse: [(2, 3, 8, 13, 2), (2, 2, 13, 12, 1), (2, 2, 12, 11, 20)]
trasportoPalletDiGamma: {4: [(16, 5), (17, 6), (10, 19), (4, 13), (7, 16), (5, 6)], 3: [(9, 18), (6, 15), (5, 8), (2, 11), (15, 4)], 2: [(3, 12), (8, 17), (13, 2), (12, 1), (11, 20), (14, 3)]}
itMosseLS: 18, itMosseTS: 5
time elapsed: 166.55s.


##########################################################################################
##########################################################################################
##########################################################################################
##########################################################################################
##########################################################################################
##########################################################################################
##########################################################################################
##########################################################################################
##########################################################################################
##########################################################################################
##########################################################################################
##########################################################################################
##########################################################################################
##########################################################################################
##########################################################################################
##########################################################################################
##########################################################################################
##########################################################################################
##########################################################################################
##########################################################################################
##########################################################################################
##########################################################################################
##########################################################################################
##########################################################################################
##########################################################################################
##########################################################################################
##########################################################################################
##########################################################################################
##########################################################################################
