itNSIMax: 20, itMosseTSMax: 10.
##########################################################################################
s: 1
dictSolutions[1]:
0 -> costo: 138841.0, rotte: {2: [(1, 6), (6, 12), (12, 14), (14, 7), (7, 3), (3, 8)], 4: [(1, 5), (5, 17), (17, 9), (9, 4), (4, 15)], 3: [(1, 10), (10, 11), (11, 2), (2, 13), (13, 16)]}, padri: [-1], figli: [1], mosse: [-1]
1 -> costo: 113027.0, rotte: {2: [(1, 6), (6, 12), (12, 14), (14, 7), (7, 3), (3, 8)], 4: [(1, 5), (5, 9), (9, 4), (4, 17), (17, 15)], 3: [(1, 10), (10, 11), (11, 2), (2, 13), (13, 16)]}, padri: [0], figli: [2], mosse: [(4, 4, 4, 17, 6)]
2 -> costo: 102715.60000000002, rotte: {2: [(1, 6), (6, 12), (12, 14), (14, 7), (7, 3), (3, 8)], 4: [(1, 5), (5, 9), (9, 4), (4, 17), (17, 15)], 3: [(1, 10), (10, 2), (2, 13), (13, 11), (11, 16)]}, padri: [1], figli: [3], mosse: [(3, 3, 13, 11, 20)]
3 -> costo: 98689.30000000002, rotte: {2: [(1, 12), (12, 14), (14, 6), (6, 7), (7, 3), (3, 8)], 4: [(1, 5), (5, 9), (9, 4), (4, 17), (17, 15)], 3: [(1, 10), (10, 2), (2, 13), (13, 11), (11, 16)]}, padri: [2], figli: [4], mosse: [(2, 2, 14, 6, 15)]
4 -> costo: 97209.30000000002, rotte: {2: [(1, 12), (12, 14), (14, 6), (6, 7), (7, 3), (3, 8)], 4: [(1, 5), (5, 9), (9, 4), (4, 17), (17, 15)], 3: [(1, 2), (2, 10), (10, 13), (13, 11), (11, 16)]}, padri: [3], figli: [5], mosse: [(3, 3, 2, 10, 19)]
5 -> costo: 96549.20000000001, rotte: {2: [(1, 14), (14, 6), (6, 7), (7, 3), (3, 8)], 4: [(1, 5), (5, 9), (9, 4), (4, 17), (17, 15)], 3: [(1, 2), (2, 10), (10, 13), (13, 11), (11, 12), (12, 16)]}, padri: [4], figli: [6, 11], mosse: [(3, 2, 11, 12, 1)]
6 -> costo: 87347.5, rotte: {2: [(1, 6), (6, 7), (7, 3), (3, 8)], 4: [(1, 5), (5, 9), (9, 4), (4, 17), (17, 15)], 3: [(1, 2), (2, 10), (10, 13), (13, 14), (14, 11), (11, 12), (12, 16)]}, padri: [5], figli: [7, 8, 10, 13], mosse: [(3, 2, 13, 14, 3)]
7 -> costo: 86931.7, rotte: {2: [(1, 6), (6, 7), (7, 3), (3, 8)], 4: [(1, 9), (9, 5), (5, 4), (4, 17), (17, 15)], 3: [(1, 2), (2, 10), (10, 13), (13, 14), (14, 11), (11, 12), (12, 16)]}, padri: [6, 10, 12], figli: [], mosse: [(4, 4, 9, 5, 14), (4, 4, 5, 4, 13), (3, 3, 13, 14, 3)]
8 -> costo: 87196.40000000001, rotte: {2: [(1, 6), (6, 7), (7, 3), (3, 8)], 4: [(1, 5), (5, 4), (4, 9), (9, 17), (17, 15)], 3: [(1, 2), (2, 10), (10, 13), (13, 14), (14, 11), (11, 12), (12, 16)]}, padri: [6], figli: [9], mosse: [(4, 4, 4, 9, 18)]
9 -> costo: 86807.3, rotte: {2: [(1, 6), (6, 7), (7, 3), (3, 8)], 4: [(1, 4), (4, 5), (5, 9), (9, 17), (17, 15)], 3: [(1, 2), (2, 10), (10, 13), (13, 14), (14, 11), (11, 12), (12, 16)]}, padri: [8, 10, 15], figli: [], mosse: [(4, 4, 4, 5, 14), (4, 4, 5, 9, 18), (3, 3, 13, 14, 3)]
10 -> costo: 87320.8, rotte: {2: [(1, 6), (6, 7), (7, 3), (3, 8)], 4: [(1, 9), (9, 4), (4, 5), (5, 17), (17, 15)], 3: [(1, 2), (2, 10), (10, 13), (13, 14), (14, 11), (11, 12), (12, 16)]}, padri: [6], figli: [9, 7, 13], mosse: [(4, 4, 4, 5, 14)]
11 -> costo: 87443.2, rotte: {2: [(1, 6), (6, 7), (7, 3), (3, 8)], 4: [(1, 5), (5, 9), (9, 4), (4, 17), (17, 15)], 3: [(1, 2), (2, 10), (10, 14), (14, 13), (13, 11), (11, 12), (12, 16)]}, padri: [5], figli: [12, 14], mosse: [(3, 2, 10, 14, 3)]
12 -> costo: 87027.4, rotte: {2: [(1, 6), (6, 7), (7, 3), (3, 8)], 4: [(1, 9), (9, 5), (5, 4), (4, 17), (17, 15)], 3: [(1, 2), (2, 10), (10, 14), (14, 13), (13, 11), (11, 12), (12, 16)]}, padri: [11], figli: [7, 13], mosse: [(4, 4, 9, 5, 14)]
13 -> costo: 87000.49999999999, rotte: {2: [(1, 6), (6, 7), (7, 3), (3, 8)], 4: [(1, 9), (9, 5), (5, 4), (4, 17), (17, 15)], 3: [(1, 2), (2, 10), (10, 14), (14, 11), (11, 13), (13, 12), (12, 16)]}, padri: [12], figli: [], mosse: [(3, 3, 11, 13, 2)]
14 -> costo: 87292.1, rotte: {2: [(1, 6), (6, 7), (7, 3), (3, 8)], 4: [(1, 5), (5, 4), (4, 9), (9, 17), (17, 15)], 3: [(1, 2), (2, 10), (10, 14), (14, 13), (13, 11), (11, 12), (12, 16)]}, padri: [11], figli: [15], mosse: [(4, 4, 4, 9, 18)]
15 -> costo: 86903.0, rotte: {2: [(1, 6), (6, 7), (7, 3), (3, 8)], 4: [(1, 4), (4, 5), (5, 9), (9, 17), (17, 15)], 3: [(1, 2), (2, 10), (10, 14), (14, 13), (13, 11), (11, 12), (12, 16)]}, padri: [14], figli: [9], mosse: [(4, 4, 4, 5, 14)]
bestSolutionIndice: 9
9 -> costo: 86807.3, rotte: {2: [(1, 6), (6, 7), (7, 3), (3, 8)], 4: [(1, 4), (4, 5), (5, 9), (9, 17), (17, 15)], 3: [(1, 2), (2, 10), (10, 13), (13, 14), (14, 11), (11, 12), (12, 16)]}, padri: [8, 10, 15], figli: [], mosse: [(4, 4, 4, 5, 14), (4, 4, 5, 9, 18), (3, 3, 13, 14, 3)]
trasportoPalletDiGamma: {2: [(6, 15), (7, 16), (3, 12), (8, 17)], 4: [(4, 13), (5, 14), (9, 18), (17, 6), (15, 4)], 3: [(2, 11), (10, 19), (13, 2), (14, 3), (11, 20), (12, 1), (16, 5)]}
itMosseLS: 19, itMosseTS: 10
time elapsed: 234.38s.


##########################################################################################
s: 1
dictSolutions[1]:
0 -> costo: 161977.40000000002, rotte: {3: [(1, 12), (12, 2), (2, 9), (9, 11), (11, 16), (16, 5)], 4: [(1, 15), (15, 3), (3, 13), (13, 14), (14, 7), (7, 10), (10, 5)], 2: [(1, 4), (4, 8), (8, 17), (17, 6), (6, 10)]}, padri: [-1], figli: [1], mosse: [-1]
1 -> costo: 148017.30000000002, rotte: {3: [(1, 12), (12, 2), (2, 9), (9, 11), (11, 16)], 4: [(1, 15), (15, 3), (3, 13), (13, 14), (14, 7), (7, 10), (10, 5)], 2: [(1, 4), (4, 8), (8, 17), (17, 6), (6, 10)]}, padri: [0], figli: [2], mosse: [(4, 3, 1, 5, 10)]
2 -> costo: 146053.90000000002, rotte: {3: [(1, 12), (12, 2), (2, 9), (9, 11), (11, 16)], 4: [(1, 15), (15, 3), (3, 13), (13, 14), (14, 7), (7, 5), (5, 10)], 2: [(1, 4), (4, 8), (8, 17), (17, 6), (6, 10)]}, padri: [1], figli: [3], mosse: [(4, 4, 10, 5)]
3 -> costo: 126303.2, rotte: {3: [(1, 12), (12, 2), (2, 9), (9, 11), (11, 16), (16, 15)], 4: [(1, 3), (3, 13), (13, 14), (14, 7), (7, 5), (5, 10)], 2: [(1, 4), (4, 8), (8, 17), (17, 6), (6, 10)]}, padri: [2], figli: [4], mosse: [(3, 4, 16, 15, 4)]
4 -> costo: 125989.20000000001, rotte: {3: [(1, 12), (12, 2), (2, 9), (9, 11), (11, 16), (16, 15)], 4: [(1, 3), (3, 13), (13, 14), (14, 7), (7, 5), (5, 10)], 2: [(1, 4), (4, 8), (8, 17), (17, 10), (10, 6)]}, padri: [3], figli: [5], mosse: [(2, 2, 6, 10)]
5 -> costo: 112988.3, rotte: {3: [(1, 12), (12, 2), (2, 9), (9, 11), (11, 16), (16, 15)], 4: [(1, 3), (3, 13), (13, 14), (14, 7), (7, 5), (5, 10)], 2: [(1, 4), (4, 8), (8, 10), (10, 6), (6, 17)]}, padri: [4], figli: [6], mosse: [(2, 2, 6, 17, 6)]
6 -> costo: 102602.79999999999, rotte: {3: [(1, 2), (2, 9), (9, 11), (11, 12), (12, 16), (16, 15)], 4: [(1, 3), (3, 13), (13, 14), (14, 7), (7, 5), (5, 10)], 2: [(1, 4), (4, 8), (8, 10), (10, 6), (6, 17)]}, padri: [5], figli: [7], mosse: [(3, 3, 11, 12, 1)]
7 -> costo: 99112.4, rotte: {3: [(1, 2), (2, 9), (9, 11), (11, 12), (12, 16), (16, 15)], 4: [(1, 13), (13, 14), (14, 3), (3, 7), (7, 5), (5, 10)], 2: [(1, 4), (4, 8), (8, 10), (10, 6), (6, 17)]}, padri: [6], figli: [8], mosse: [(4, 4, 14, 3, 12)]
8 -> costo: 97801.2, rotte: {3: [(1, 2), (2, 9), (9, 11), (11, 12), (12, 16), (16, 15)], 4: [(1, 13), (13, 14), (14, 10), (10, 3), (3, 7), (7, 5)], 2: [(1, 4), (4, 8), (8, 10), (10, 6), (6, 17)]}, padri: [7], figli: [9], mosse: [(4, 4, 14, 10, 5)]
9 -> costo: 97037.19999999998, rotte: {3: [(1, 2), (2, 9), (9, 11), (11, 12), (12, 16), (16, 15)], 4: [(1, 13), (13, 14), (14, 10), (10, 3), (3, 7), (7, 5)], 2: [(1, 4), (4, 10), (10, 8), (8, 6), (6, 17)]}, padri: [8], figli: [10], mosse: [(2, 2, 10, 8, 17)]
10 -> costo: 96507.99999999999, rotte: {3: [(1, 2), (2, 9), (9, 11), (11, 12), (12, 16), (16, 15)], 4: [(1, 13), (13, 14), (14, 10), (10, 3), (3, 4), (4, 7), (7, 5)], 2: [(1, 10), (10, 8), (8, 6), (6, 17)]}, padri: [9], figli: [11], mosse: [(4, 2, 3, 4, 13)]
11 -> costo: 96332.0, rotte: {3: [(1, 2), (2, 9), (9, 13), (13, 11), (11, 12), (12, 16), (16, 15)], 4: [(1, 14), (14, 10), (10, 3), (3, 4), (4, 7), (7, 5)], 2: [(1, 10), (10, 8), (8, 6), (6, 17)]}, padri: [10], figli: [12, 14], mosse: [(3, 4, 9, 13, 2)]
12 -> costo: 88139.5, rotte: {3: [(1, 2), (2, 9), (9, 13), (13, 14), (14, 11), (11, 12), (12, 16), (16, 15)], 4: [(1, 10), (10, 3), (3, 4), (4, 7), (7, 5)], 2: [(1, 10), (10, 8), (8, 6), (6, 17)]}, padri: [11], figli: [13, 13, 13, 13, 16, 16, 16, 16], mosse: [(3, 4, 13, 14, 3)]
13 -> costo: 86774.3, rotte: {3: [(1, 2), (2, 9), (9, 13), (13, 14), (14, 11), (11, 12), (12, 16), (16, 15)], 4: [(1, 3), (3, 4), (4, 7), (7, 5)], 2: [(1, 10), (10, 8), (8, 6), (6, 17)]}, padri: [12, 12, 12, 12, 15], figli: [], mosse: [(2, 4, 1, 10, 5), (2, 4, 8, 10, 5), (2, 4, 6, 10, 5), (2, 4, 17, 10, 5), (3, 3, 13, 14, 3)]
14 -> costo: 88205.4, rotte: {3: [(1, 2), (2, 9), (9, 14), (14, 13), (13, 11), (11, 12), (12, 16), (16, 15)], 4: [(1, 10), (10, 3), (3, 4), (4, 7), (7, 5)], 2: [(1, 10), (10, 8), (8, 6), (6, 17)]}, padri: [11], figli: [15, 15, 15, 15], mosse: [(3, 4, 9, 14, 3)]
15 -> costo: 86840.2, rotte: {3: [(1, 2), (2, 9), (9, 14), (14, 13), (13, 11), (11, 12), (12, 16), (16, 15)], 4: [(1, 3), (3, 4), (4, 7), (7, 5)], 2: [(1, 10), (10, 8), (8, 6), (6, 17)]}, padri: [14, 14, 14, 14], figli: [13, 16], mosse: [(2, 4, 1, 10, 5), (2, 4, 8, 10, 5), (2, 4, 6, 10, 5), (2, 4, 17, 10, 5)]
16 -> costo: 86813.3, rotte: {3: [(1, 2), (2, 9), (9, 14), (14, 11), (11, 13), (13, 12), (12, 16), (16, 15)], 4: [(1, 3), (3, 4), (4, 7), (7, 5)], 2: [(1, 10), (10, 8), (8, 6), (6, 17)]}, padri: [15], figli: [], mosse: [(3, 3, 11, 13, 2)]
bestSolutionIndice: 13
13 -> costo: 86774.3, rotte: {3: [(1, 2), (2, 9), (9, 13), (13, 14), (14, 11), (11, 12), (12, 16), (16, 15)], 4: [(1, 3), (3, 4), (4, 7), (7, 5)], 2: [(1, 10), (10, 8), (8, 6), (6, 17)]}, padri: [12, 12, 12, 12, 15], figli: [], mosse: [(2, 4, 1, 10, 5), (2, 4, 8, 10, 5), (2, 4, 6, 10, 5), (2, 4, 17, 10, 5), (3, 3, 13, 14, 3)]
trasportoPalletDiGamma: {3: [(2, 11), (9, 18), (13, 2), (14, 3), (11, 20), (12, 1), (16, 5), (15, 4)], 4: [(3, 12), (4, 13), (7, 16), (5, 14)], 2: [(10, 19), (8, 17), (6, 15), (17, 6)]}
itMosseLS: 23, itMosseTS: 10
time elapsed: 156.25s.


##########################################################################################
s: 1
dictSolutions[1]:
0 -> costo: 161660.9, rotte: {3: [(1, 10), (10, 7), (7, 4), (4, 13), (13, 17), (17, 5)], 4: [(1, 3), (3, 8), (8, 9), (9, 15), (15, 14), (14, 5)], 2: [(1, 12), (12, 6), (6, 16), (16, 2), (2, 11)]}, padri: [-1], figli: [1], mosse: [-1]
1 -> costo: 147084.1, rotte: {3: [(1, 10), (10, 5), (5, 7), (7, 4), (4, 13), (13, 17)], 4: [(1, 3), (3, 8), (8, 9), (9, 15), (15, 14), (14, 5)], 2: [(1, 12), (12, 6), (6, 16), (16, 2), (2, 11)]}, padri: [0], figli: [2], mosse: [(3, 3, 10, 5, 9)]
2 -> costo: 146062.7, rotte: {3: [(1, 10), (10, 5), (5, 7), (7, 4), (4, 13), (13, 17)], 4: [(1, 3), (3, 8), (8, 9), (9, 15), (15, 14), (14, 5)], 2: [(1, 12), (12, 6), (6, 16), (16, 11), (11, 2)]}, padri: [1], figli: [3], mosse: [(2, 2, 2, 11)]
3 -> costo: 136144.0, rotte: {3: [(1, 10), (10, 5), (5, 7), (7, 4), (4, 13), (13, 17)], 4: [(1, 3), (3, 8), (8, 9), (9, 15), (15, 12), (12, 14), (14, 5)], 2: [(1, 6), (6, 16), (16, 11), (11, 2)]}, padri: [2], figli: [4], mosse: [(4, 2, 15, 12, 1)]
4 -> costo: 127966.0, rotte: {3: [(1, 10), (10, 5), (5, 7), (7, 4), (4, 13), (13, 17)], 4: [(1, 3), (3, 8), (8, 9), (9, 12), (12, 14), (14, 5), (5, 15)], 2: [(1, 6), (6, 16), (16, 11), (11, 2)]}, padri: [3], figli: [5], mosse: [(4, 4, 5, 15, 4)]
5 -> costo: 120846.0, rotte: {3: [(1, 10), (10, 5), (5, 7), (7, 4), (4, 13), (13, 17)], 4: [(1, 3), (3, 8), (8, 9), (9, 12), (12, 14), (14, 5), (5, 15)], 2: [(1, 6), (6, 11), (11, 2), (2, 16)]}, padri: [4], figli: [6], mosse: [(2, 2, 2, 16, 5)]
6 -> costo: 115052.3, rotte: {3: [(1, 10), (10, 5), (5, 7), (7, 4), (4, 13), (13, 17)], 4: [(1, 3), (3, 8), (8, 9), (9, 12), (12, 14), (14, 5), (5, 15)], 2: [(1, 6), (6, 2), (2, 11), (11, 16)]}, padri: [5], figli: [7], mosse: [(2, 2, 2, 11, 20)]
7 -> costo: 113759.8, rotte: {3: [(1, 5), (5, 7), (7, 4), (4, 10), (10, 13), (13, 17)], 4: [(1, 3), (3, 8), (8, 9), (9, 12), (12, 14), (14, 5), (5, 15)], 2: [(1, 6), (6, 2), (2, 11), (11, 16)]}, padri: [6], figli: [8], mosse: [(3, 3, 4, 10, 19)]
8 -> costo: 113282.1, rotte: {3: [(1, 5), (5, 7), (7, 4), (4, 10), (10, 13), (13, 17)], 4: [(1, 3), (3, 8), (8, 9), (9, 12), (12, 14), (14, 5), (5, 15)], 2: [(1, 2), (2, 6), (6, 11), (11, 16)]}, padri: [7], figli: [9, 11, 13, 15], mosse: [(2, 2, 2, 6, 15)]
9 -> costo: 112877.79999999999, rotte: {3: [(1, 5), (5, 7), (7, 4), (4, 10), (10, 13), (13, 17)], 4: [(1, 8), (8, 9), (9, 12), (12, 14), (14, 3), (3, 5), (5, 15)], 2: [(1, 2), (2, 6), (6, 11), (11, 16)]}, padri: [8, 11, 15], figli: [10], mosse: [(4, 4, 14, 3, 12), (4, 4, 3, 5, 5), (4, 2, 14, 3, 12)]
10 -> costo: 112848.70000000001, rotte: {3: [(1, 5), (5, 7), (7, 4), (4, 10), (10, 13), (13, 17)], 4: [(1, 8), (8, 9), (9, 14), (14, 12), (12, 3), (3, 5), (5, 15)], 2: [(1, 2), (2, 6), (6, 11), (11, 16)]}, padri: [9, 12], figli: [], mosse: [(4, 4, 14, 12, 1), (4, 4, 3, 5, 5)]
11 -> costo: 112902.2, rotte: {3: [(1, 5), (5, 7), (7, 4), (4, 10), (10, 13), (13, 17)], 4: [(1, 8), (8, 9), (9, 12), (12, 14), (14, 5), (5, 3), (3, 15)], 2: [(1, 2), (2, 6), (6, 11), (11, 16)]}, padri: [8, 15], figli: [12, 9], mosse: [(4, 4, 5, 3, 12), (4, 2, 5, 3, 12)]
12 -> costo: 112873.1, rotte: {3: [(1, 5), (5, 7), (7, 4), (4, 10), (10, 13), (13, 17)], 4: [(1, 8), (8, 9), (9, 14), (14, 12), (12, 5), (5, 3), (3, 15)], 2: [(1, 2), (2, 6), (6, 11), (11, 16)]}, padri: [11], figli: [10], mosse: [(4, 4, 14, 12, 1)]
13 -> costo: 112921.39999999998, rotte: {3: [(1, 5), (5, 7), (7, 4), (4, 10), (10, 13), (13, 17)], 4: [(1, 8), (8, 9), (9, 12), (12, 14), (14, 5), (5, 15)], 2: [(1, 2), (2, 3), (3, 6), (6, 11), (11, 16)]}, padri: [8, 15], figli: [14], mosse: [(2, 4, 2, 3, 12), (2, 2, 2, 3, 12)]
14 -> costo: 112892.29999999999, rotte: {3: [(1, 5), (5, 7), (7, 4), (4, 10), (10, 13), (13, 17)], 4: [(1, 8), (8, 9), (9, 14), (14, 12), (12, 5), (5, 15)], 2: [(1, 2), (2, 3), (3, 6), (6, 11), (11, 16)]}, padri: [13], figli: [], mosse: [(4, 4, 14, 12, 1)]
15 -> costo: 113197.7, rotte: {3: [(1, 5), (5, 7), (7, 4), (4, 10), (10, 13), (13, 17)], 4: [(1, 8), (8, 9), (9, 12), (12, 14), (14, 5), (5, 15)], 2: [(1, 3), (3, 2), (2, 6), (6, 11), (11, 16)]}, padri: [8], figli: [9, 11, 13], mosse: [(2, 4, 1, 3, 12)]
bestSolutionIndice: 10
10 -> costo: 112848.70000000001, rotte: {3: [(1, 5), (5, 7), (7, 4), (4, 10), (10, 13), (13, 17)], 4: [(1, 8), (8, 9), (9, 14), (14, 12), (12, 3), (3, 5), (5, 15)], 2: [(1, 2), (2, 6), (6, 11), (11, 16)]}, padri: [9, 12], figli: [], mosse: [(4, 4, 14, 12, 1), (4, 4, 3, 5, 5)]
trasportoPalletDiGamma: {3: [(5, 9), (7, 16), (4, 13), (10, 19), (13, 2), (17, 6)], 4: [(8, 17), (9, 18), (14, 3), (12, 1), (3, 12), (5, 5), (15, 4)], 2: [(2, 11), (6, 15), (11, 20), (16, 5)]}
itMosseLS: 20, itMosseTS: 10
time elapsed: 375.73s.


##########################################################################################
s: 1
dictSolutions[1]:
0 -> costo: 127714.09999999999, rotte: {3: [(1, 2), (2, 13), (13, 11), (11, 5), (5, 10)], 2: [(1, 6), (6, 8), (8, 7), (7, 3), (3, 9)], 4: [(1, 16), (16, 17), (17, 14), (14, 4), (4, 15), (15, 12), (12, 10), (10, 9)]}, padri: [-1], figli: [1], mosse: [-1]
1 -> costo: 122219.8, rotte: {3: [(1, 2), (2, 13), (13, 11), (11, 5), (5, 10)], 2: [(1, 6), (6, 7), (7, 3), (3, 8), (8, 9)], 4: [(1, 16), (16, 17), (17, 14), (14, 4), (4, 15), (15, 12), (12, 10), (10, 9)]}, padri: [0], figli: [2], mosse: [(2, 2, 3, 8, 17)]
2 -> costo: 120908.49999999999, rotte: {3: [(1, 2), (2, 13), (13, 11), (11, 10), (10, 5)], 2: [(1, 6), (6, 7), (7, 3), (3, 8), (8, 9)], 4: [(1, 16), (16, 17), (17, 14), (14, 4), (4, 15), (15, 12), (12, 10), (10, 9)]}, padri: [1], figli: [3], mosse: [(3, 3, 5, 10)]
3 -> costo: 115432.89999999998, rotte: {3: [(1, 2), (2, 13), (13, 11), (11, 10), (10, 5)], 2: [(1, 6), (6, 7), (7, 3), (3, 8), (8, 9)], 4: [(1, 16), (16, 17), (17, 4), (4, 15), (15, 12), (12, 14), (14, 10), (10, 9)]}, padri: [2], figli: [4], mosse: [(4, 4, 12, 14, 3)]
4 -> costo: 90738.19999999998, rotte: {3: [(1, 2), (2, 13), (13, 11), (11, 10), (10, 5)], 2: [(1, 6), (6, 7), (7, 3), (3, 8), (8, 9)], 4: [(1, 16), (16, 17), (17, 15), (15, 12), (12, 14), (14, 10), (10, 4), (4, 9)]}, padri: [3], figli: [5], mosse: [(4, 4, 10, 4, 13)]
5 -> costo: 88668.19999999998, rotte: {3: [(1, 13), (13, 11), (11, 10), (10, 2), (2, 5)], 2: [(1, 6), (6, 7), (7, 3), (3, 8), (8, 9)], 4: [(1, 16), (16, 17), (17, 15), (15, 12), (12, 14), (14, 10), (10, 4), (4, 9)]}, padri: [4], figli: [6, 6, 6, 6, 6, 6, 6, 6, 8, 8, 8, 8, 8, 8, 8, 8], mosse: [(3, 3, 10, 2, 11)]
6 -> costo: 88287.29999999999, rotte: {3: [(1, 13), (13, 11), (11, 10), (10, 2), (2, 5)], 2: [(1, 6), (6, 7), (7, 3), (3, 8)], 4: [(1, 16), (16, 17), (17, 15), (15, 12), (12, 14), (14, 10), (10, 4), (4, 9)]}, padri: [5, 5, 5, 5, 5, 5, 5, 5], figli: [7], mosse: [(4, 2, 1, 9, 5), (4, 2, 16, 9, 5), (4, 2, 17, 9, 5), (4, 2, 15, 9, 5), (4, 2, 12, 9, 5), (4, 2, 14, 9, 5), (4, 2, 10, 9, 5), (4, 2, 4, 9, 5)]
7 -> costo: 88284.29999999999, rotte: {3: [(1, 11), (11, 13), (13, 10), (10, 2), (2, 5)], 2: [(1, 6), (6, 7), (7, 3), (3, 8)], 4: [(1, 16), (16, 17), (17, 15), (15, 12), (12, 14), (14, 10), (10, 4), (4, 9)]}, padri: [6, 8, 8], figli: [], mosse: [(3, 3, 11, 13, 2), (4, 2, 1, 9, 5), (4, 2, 16, 9, 5)]
8 -> costo: 88665.2, rotte: {3: [(1, 11), (11, 13), (13, 10), (10, 2), (2, 5)], 2: [(1, 6), (6, 7), (7, 3), (3, 8), (8, 9)], 4: [(1, 16), (16, 17), (17, 15), (15, 12), (12, 14), (14, 10), (10, 4), (4, 9)]}, padri: [5], figli: [7, 7], mosse: [(3, 3, 11, 13, 2)]
bestSolutionIndice: 7
7 -> costo: 88284.29999999999, rotte: {3: [(1, 11), (11, 13), (13, 10), (10, 2), (2, 5)], 2: [(1, 6), (6, 7), (7, 3), (3, 8)], 4: [(1, 16), (16, 17), (17, 15), (15, 12), (12, 14), (14, 10), (10, 4), (4, 9)]}, padri: [6, 8, 8], figli: [], mosse: [(3, 3, 11, 13, 2), (4, 2, 1, 9, 5), (4, 2, 16, 9, 5)]
trasportoPalletDiGamma: {3: [(11, 20), (13, 2), (10, 18), (2, 11), (5, 14)], 2: [(6, 15), (7, 16), (3, 12), (8, 17)], 4: [(16, 5), (17, 6), (15, 4), (12, 1), (14, 3), (10, 1), (4, 13), (9, 18)]}
itMosseLS: 17, itMosseTS: 10
time elapsed: 242.68s.


##########################################################################################
s: 1
dictSolutions[1]:
0 -> costo: 150326.20000000004, rotte: {2: [(1, 17), (17, 4), (4, 7), (7, 16), (16, 6), (6, 13)], 4: [(1, 10), (10, 2), (2, 11), (11, 15), (15, 8)], 3: [(1, 5), (5, 3), (3, 12), (12, 14), (14, 9), (9, 8)]}, padri: [-1], figli: [1], mosse: [-1]
1 -> costo: 129943.5, rotte: {2: [(1, 4), (4, 7), (7, 17), (17, 16), (16, 6), (6, 13)], 4: [(1, 10), (10, 2), (2, 11), (11, 15), (15, 8)], 3: [(1, 5), (5, 3), (3, 12), (12, 14), (14, 9), (9, 8)]}, padri: [0], figli: [2], mosse: [(2, 2, 7, 17, 6)]
2 -> costo: 123491.4, rotte: {2: [(1, 4), (4, 7), (7, 17), (17, 16), (16, 6), (6, 13)], 4: [(1, 10), (10, 2), (2, 11), (11, 8), (8, 15)], 3: [(1, 5), (5, 3), (3, 12), (12, 14), (14, 9), (9, 8)]}, padri: [1], figli: [3], mosse: [(4, 4, 15, 8)]
3 -> costo: 113513.4, rotte: {2: [(1, 4), (4, 7), (7, 17), (17, 16), (16, 6), (6, 13)], 4: [(1, 10), (10, 2), (2, 11), (11, 15)], 3: [(1, 5), (5, 3), (3, 12), (12, 14), (14, 9), (9, 8)]}, padri: [2], figli: [4], mosse: [(3, 4, 1, 8, 11)]
4 -> costo: 111838.5, rotte: {2: [(1, 4), (4, 7), (7, 17), (17, 16), (16, 13), (13, 6)], 4: [(1, 10), (10, 2), (2, 11), (11, 15)], 3: [(1, 5), (5, 3), (3, 12), (12, 14), (14, 9), (9, 8)]}, padri: [3], figli: [5], mosse: [(2, 2, 6, 13)]
5 -> costo: 105347.8, rotte: {2: [(1, 4), (4, 7), (7, 6), (6, 17), (17, 16), (16, 13)], 4: [(1, 10), (10, 2), (2, 11), (11, 15)], 3: [(1, 5), (5, 3), (3, 12), (12, 14), (14, 9), (9, 8)]}, padri: [4], figli: [6], mosse: [(2, 2, 7, 6, 15)]
6 -> costo: 105009.2, rotte: {2: [(1, 4), (4, 7), (7, 6), (6, 17), (17, 16), (16, 13)], 4: [(1, 10), (10, 2), (2, 11), (11, 15)], 3: [(1, 5), (5, 3), (3, 12), (12, 14), (14, 8), (8, 9)]}, padri: [5], figli: [7, 9, 14], mosse: [(3, 3, 9, 8)]
7 -> costo: 96715.9, rotte: {2: [(1, 4), (4, 7), (7, 6), (6, 13), (13, 17), (17, 16)], 4: [(1, 10), (10, 2), (2, 11), (11, 15)], 3: [(1, 5), (5, 3), (3, 12), (12, 14), (14, 8), (8, 9)]}, padri: [6, 9], figli: [8], mosse: [(2, 2, 6, 13, 2), (2, 2, 6, 13, 2)]
8 -> costo: 95235.9, rotte: {2: [(1, 4), (4, 7), (7, 6), (6, 13), (13, 17), (17, 16)], 4: [(1, 2), (2, 10), (10, 11), (11, 15)], 3: [(1, 5), (5, 3), (3, 12), (12, 14), (14, 8), (8, 9)]}, padri: [7], figli: [], mosse: [(4, 4, 2, 10, 19)]
9 -> costo: 101078.09999999999, rotte: {2: [(1, 13), (13, 4), (4, 7), (7, 6), (6, 17), (17, 16)], 4: [(1, 10), (10, 2), (2, 11), (11, 15)], 3: [(1, 5), (5, 3), (3, 12), (12, 14), (14, 8), (8, 9)]}, padri: [6], figli: [10, 12, 7, 14], mosse: [(2, 2, 1, 13, 2)]
10 -> costo: 91541.1, rotte: {2: [(1, 4), (4, 7), (7, 6), (6, 17), (17, 16)], 4: [(1, 10), (10, 2), (2, 13), (13, 11), (11, 15)], 3: [(1, 5), (5, 3), (3, 12), (12, 14), (14, 8), (8, 9)]}, padri: [9, 12], figli: [11], mosse: [(4, 2, 2, 13, 2), (4, 4, 13, 11, 20)]
11 -> costo: 90061.09999999999, rotte: {2: [(1, 4), (4, 7), (7, 6), (6, 17), (17, 16)], 4: [(1, 2), (2, 10), (10, 13), (13, 11), (11, 15)], 3: [(1, 5), (5, 3), (3, 12), (12, 14), (14, 8), (8, 9)]}, padri: [10, 13, 14], figli: [], mosse: [(4, 4, 2, 10, 19), (4, 4, 13, 11, 20), (4, 2, 10, 13, 2)]
12 -> costo: 91653.2, rotte: {2: [(1, 4), (4, 7), (7, 6), (6, 17), (17, 16)], 4: [(1, 10), (10, 2), (2, 11), (11, 13), (13, 15)], 3: [(1, 5), (5, 3), (3, 12), (12, 14), (14, 8), (8, 9)]}, padri: [9], figli: [13, 10], mosse: [(4, 2, 11, 13, 2)]
13 -> costo: 90173.19999999998, rotte: {2: [(1, 4), (4, 7), (7, 6), (6, 17), (17, 16)], 4: [(1, 2), (2, 10), (10, 11), (11, 13), (13, 15)], 3: [(1, 5), (5, 3), (3, 12), (12, 14), (14, 8), (8, 9)]}, padri: [12, 14], figli: [11], mosse: [(4, 4, 2, 10, 19), (4, 2, 11, 13, 2)]
14 -> costo: 99598.09999999999, rotte: {2: [(1, 13), (13, 4), (4, 7), (7, 6), (6, 17), (17, 16)], 4: [(1, 2), (2, 10), (10, 11), (11, 15)], 3: [(1, 5), (5, 3), (3, 12), (12, 14), (14, 8), (8, 9)]}, padri: [9], figli: [11, 13], mosse: [(4, 4, 2, 10, 19)]
bestSolutionIndice: 11
11 -> costo: 90061.09999999999, rotte: {2: [(1, 4), (4, 7), (7, 6), (6, 17), (17, 16)], 4: [(1, 2), (2, 10), (10, 13), (13, 11), (11, 15)], 3: [(1, 5), (5, 3), (3, 12), (12, 14), (14, 8), (8, 9)]}, padri: [10, 13, 14], figli: [], mosse: [(4, 4, 2, 10, 19), (4, 4, 13, 11, 20), (4, 2, 10, 13, 2)]
trasportoPalletDiGamma: {2: [(4, 13), (7, 16), (6, 15), (17, 6), (16, 5)], 4: [(2, 11), (10, 19), (13, 2), (11, 20), (15, 4)], 3: [(5, 14), (3, 12), (12, 1), (14, 3), (8, 17), (9, 18)]}
itMosseLS: 19, itMosseTS: 10
time elapsed: 172.80s.


##########################################################################################
s: 1
dictSolutions[1]:
0 -> costo: 110450.09999999999, rotte: {4: [(1, 9), (9, 3), (3, 6), (6, 5), (5, 8)], 3: [(1, 14), (14, 17), (17, 16), (16, 15), (15, 11), (11, 13), (13, 8)], 2: [(1, 2), (2, 7), (7, 10), (10, 12), (12, 4), (4, 8)]}, padri: [-1], figli: [1], mosse: [-1]
1 -> costo: 101071.89999999998, rotte: {4: [(1, 9), (9, 3), (3, 6), (6, 5), (5, 8)], 3: [(1, 17), (17, 16), (16, 15), (15, 11), (11, 14), (14, 13), (13, 8)], 2: [(1, 2), (2, 7), (7, 10), (10, 12), (12, 4), (4, 8)]}, padri: [0], figli: [2], mosse: [(3, 3, 11, 14, 3)]
2 -> costo: 94729.7, rotte: {4: [(1, 3), (3, 6), (6, 5), (5, 8), (8, 9)], 3: [(1, 17), (17, 16), (16, 15), (15, 11), (11, 14), (14, 13), (13, 8)], 2: [(1, 2), (2, 7), (7, 10), (10, 12), (12, 4), (4, 8)]}, padri: [1], figli: [3], mosse: [(4, 4, 8, 9, 18)]
3 -> costo: 91639.09999999999, rotte: {4: [(1, 3), (3, 6), (6, 5), (5, 8), (8, 9)], 3: [(1, 17), (17, 16), (16, 15), (15, 11), (11, 14), (14, 13), (13, 8)], 2: [(1, 2), (2, 10), (10, 12), (12, 4), (4, 7), (7, 8)]}, padri: [2], figli: [4], mosse: [(2, 2, 4, 7, 16)]
4 -> costo: 90640.59999999999, rotte: {4: [(1, 3), (3, 5), (5, 6), (6, 8), (8, 9)], 3: [(1, 17), (17, 16), (16, 15), (15, 11), (11, 14), (14, 13), (13, 8)], 2: [(1, 2), (2, 10), (10, 12), (12, 4), (4, 7), (7, 8)]}, padri: [3], figli: [5], mosse: [(4, 4, 5, 6, 15)]
5 -> costo: 90529.09999999998, rotte: {4: [(1, 3), (3, 5), (5, 6), (6, 8), (8, 9)], 3: [(1, 17), (17, 16), (16, 15), (15, 11), (11, 14), (14, 13), (13, 8)], 2: [(1, 10), (10, 12), (12, 2), (2, 4), (4, 7), (7, 8)]}, padri: [4], figli: [6], mosse: [(2, 2, 12, 2, 11)]
6 -> costo: 87140.59999999999, rotte: {4: [(1, 3), (3, 5), (5, 6), (6, 8), (8, 9)], 3: [(1, 17), (17, 16), (16, 15), (15, 11), (11, 14), (14, 13), (13, 8)], 2: [(1, 10), (10, 2), (2, 4), (4, 7), (7, 8), (8, 12)]}, padri: [5], figli: [7, 8], mosse: [(2, 2, 8, 12, 1)]
7 -> costo: 86975.19999999998, rotte: {4: [(1, 3), (3, 5), (5, 6), (6, 8), (8, 9)], 3: [(1, 17), (17, 16), (16, 15), (15, 11), (11, 14), (14, 13), (13, 8)], 2: [(1, 2), (2, 4), (4, 7), (7, 8), (8, 10), (10, 12)]}, padri: [6], figli: [], mosse: [(2, 2, 8, 10, 19)]
8 -> costo: 86976.59999999999, rotte: {4: [(1, 3), (3, 5), (5, 6), (6, 8), (8, 9)], 3: [(1, 17), (17, 16), (16, 15), (15, 11), (11, 14), (14, 13), (13, 10), (10, 8)], 2: [(1, 2), (2, 4), (4, 7), (7, 8), (8, 12)]}, padri: [6], figli: [9], mosse: [(3, 2, 13, 10, 19)]
9 -> costo: 86922.29999999999, rotte: {4: [(1, 5), (5, 6), (6, 8), (8, 9)], 3: [(1, 17), (17, 16), (16, 15), (15, 11), (11, 14), (14, 13), (13, 10), (10, 8)], 2: [(1, 2), (2, 3), (3, 4), (4, 7), (7, 8), (8, 12)]}, padri: [8], figli: [10, 10, 10, 10], mosse: [(2, 4, 2, 3, 12)]
10 -> costo: 83999.79999999999, rotte: {4: [(1, 5), (5, 6), (6, 8), (8, 9)], 3: [(1, 17), (17, 16), (16, 15), (15, 11), (11, 14), (14, 13), (13, 10)], 2: [(1, 2), (2, 3), (3, 4), (4, 7), (7, 8), (8, 12)]}, padri: [9, 9, 9, 9], figli: [11, 11, 11, 11], mosse: [(4, 3, 1, 8, 6), (4, 3, 5, 8, 6), (4, 3, 6, 8, 6), (4, 3, 9, 8, 6)]
11 -> costo: 81636.59999999999, rotte: {4: [(1, 5), (5, 6), (6, 8), (8, 9)], 3: [(1, 17), (17, 16), (16, 15), (15, 11), (11, 14), (14, 13), (13, 10)], 2: [(1, 2), (2, 3), (3, 4), (4, 7), (7, 12)]}, padri: [10, 10, 10, 10], figli: [12, 13], mosse: [(4, 2, 1, 8, 5), (4, 2, 5, 8, 5), (4, 2, 6, 8, 5), (4, 2, 9, 8, 5)]
12 -> costo: 80524.69999999998, rotte: {4: [(1, 5), (5, 6), (6, 8), (8, 9)], 3: [(1, 17), (17, 16), (16, 15), (15, 11), (11, 14), (14, 13), (13, 10)], 2: [(1, 2), (2, 4), (4, 7), (7, 3), (3, 12)]}, padri: [11], figli: [], mosse: [(2, 2, 7, 3, 12)]
13 -> costo: 80551.79999999999, rotte: {4: [(1, 5), (5, 6), (6, 8), (8, 9)], 3: [(1, 17), (17, 16), (16, 15), (15, 11), (11, 14), (14, 13), (13, 10)], 2: [(1, 2), (2, 3), (3, 7), (7, 4), (4, 12)]}, padri: [11], figli: [], mosse: [(2, 2, 7, 4, 13)]
bestSolutionIndice: 12
12 -> costo: 80524.69999999998, rotte: {4: [(1, 5), (5, 6), (6, 8), (8, 9)], 3: [(1, 17), (17, 16), (16, 15), (15, 11), (11, 14), (14, 13), (13, 10)], 2: [(1, 2), (2, 4), (4, 7), (7, 3), (3, 12)]}, padri: [11], figli: [], mosse: [(2, 2, 7, 3, 12)]
trasportoPalletDiGamma: {4: [(5, 14), (6, 15), (8, 17), (9, 18)], 3: [(17, 6), (16, 5), (15, 4), (11, 20), (14, 3), (13, 2), (10, 19)], 2: [(2, 11), (4, 13), (7, 16), (3, 12), (12, 1)]}
itMosseLS: 19, itMosseTS: 10
time elapsed: 271.36s.


##########################################################################################
s: 1
dictSolutions[1]:
0 -> costo: 118853.59999999996, rotte: {2: [(1, 3), (3, 5), (5, 15), (15, 17), (17, 16), (16, 4)], 3: [(1, 13), (13, 2), (2, 11), (11, 10), (10, 9)], 4: [(1, 8), (8, 6), (6, 14), (14, 12), (12, 7), (7, 9)]}, padri: [-1], figli: [1], mosse: [-1]
1 -> costo: 105278.99999999999, rotte: {2: [(1, 3), (3, 4), (4, 5), (5, 15), (15, 17), (17, 16)], 3: [(1, 13), (13, 2), (2, 11), (11, 10), (10, 9)], 4: [(1, 8), (8, 6), (6, 14), (14, 12), (12, 7), (7, 9)]}, padri: [0], figli: [2], mosse: [(2, 2, 3, 4, 13)]
2 -> costo: 95078.69999999998, rotte: {2: [(1, 3), (3, 4), (4, 5), (5, 15), (15, 17), (17, 16)], 3: [(1, 13), (13, 11), (11, 2), (2, 10), (10, 9)], 4: [(1, 8), (8, 6), (6, 14), (14, 12), (12, 7), (7, 9)]}, padri: [1], figli: [3], mosse: [(3, 3, 2, 11)]
3 -> costo: 90196.59999999999, rotte: {2: [(1, 3), (3, 4), (4, 5), (5, 15), (15, 17), (17, 16)], 3: [(1, 13), (13, 11), (11, 2), (2, 10), (10, 9)], 4: [(1, 6), (6, 14), (14, 12), (12, 7), (7, 8), (8, 9)]}, padri: [2], figli: [4], mosse: [(4, 4, 7, 8, 17)]
4 -> costo: 86170.29999999999, rotte: {2: [(1, 3), (3, 4), (4, 5), (5, 15), (15, 17), (17, 16)], 3: [(1, 13), (13, 11), (11, 2), (2, 10), (10, 9)], 4: [(1, 14), (14, 12), (12, 6), (6, 7), (7, 8), (8, 9)]}, padri: [3], figli: [5], mosse: [(4, 4, 12, 6, 15)]
5 -> costo: 85742.70000000001, rotte: {2: [(1, 3), (3, 4), (4, 5), (5, 15), (15, 17), (17, 16)], 3: [(1, 13), (13, 11), (11, 10), (10, 2), (2, 9)], 4: [(1, 14), (14, 12), (12, 6), (6, 7), (7, 8), (8, 9)]}, padri: [4], figli: [6], mosse: [(3, 3, 10, 2, 11)]
6 -> costo: 85633.70000000001, rotte: {2: [(1, 3), (3, 4), (4, 5), (5, 17), (17, 16), (16, 15)], 3: [(1, 13), (13, 11), (11, 10), (10, 2), (2, 9)], 4: [(1, 14), (14, 12), (12, 6), (6, 7), (7, 8), (8, 9)]}, padri: [5], figli: [7], mosse: [(2, 2, 16, 15, 4)]
7 -> costo: 85585.3, rotte: {2: [(1, 3), (3, 4), (4, 5), (5, 17), (17, 16), (16, 15)], 3: [(1, 11), (11, 10), (10, 2), (2, 9)], 4: [(1, 14), (14, 12), (12, 13), (13, 6), (6, 7), (7, 8), (8, 9)]}, padri: [6], figli: [8], mosse: [(4, 3, 12, 13, 2)]
8 -> costo: 84499.1, rotte: {2: [(1, 3), (3, 4), (4, 5), (5, 17), (17, 16), (16, 15)], 3: [(1, 10), (10, 2), (2, 9), (9, 11)], 4: [(1, 14), (14, 12), (12, 13), (13, 6), (6, 7), (7, 8), (8, 9)]}, padri: [7], figli: [9], mosse: [(3, 3, 9, 11, 20)]
9 -> costo: 83450.69999999998, rotte: {2: [(1, 3), (3, 4), (4, 5), (5, 17), (17, 16), (16, 15)], 3: [(1, 2), (2, 10), (10, 9), (9, 11)], 4: [(1, 14), (14, 12), (12, 13), (13, 6), (6, 7), (7, 8), (8, 9)]}, padri: [8], figli: [10], mosse: [(3, 3, 2, 10, 19)]
10 -> costo: 83120.7, rotte: {2: [(1, 3), (3, 4), (4, 5), (5, 2), (2, 17), (17, 16), (16, 15)], 3: [(1, 10), (10, 9), (9, 11)], 4: [(1, 14), (14, 12), (12, 13), (13, 6), (6, 7), (7, 8), (8, 9)]}, padri: [9], figli: [11], mosse: [(2, 3, 5, 2, 11)]
11 -> costo: 82607.19999999998, rotte: {2: [(1, 3), (3, 4), (4, 5), (5, 2), (2, 17), (17, 16), (16, 15)], 3: [(1, 10), (10, 9), (9, 11), (11, 14)], 4: [(1, 12), (12, 13), (13, 6), (6, 7), (7, 8), (8, 9)]}, padri: [10], figli: [12], mosse: [(3, 4, 11, 14, 3)]
12 -> costo: 82226.29999999999, rotte: {2: [(1, 3), (3, 4), (4, 5), (5, 2), (2, 17), (17, 16), (16, 15)], 3: [(1, 10), (10, 9), (9, 11), (11, 14)], 4: [(1, 12), (12, 13), (13, 6), (6, 7), (7, 8)]}, padri: [11], figli: [13], mosse: [(3, 4, 1, 9, 5)]
13 -> costo: 81981.5, rotte: {2: [(1, 3), (3, 4), (4, 5), (5, 2), (2, 17), (17, 16), (16, 15)], 3: [(1, 10), (10, 9), (9, 12), (12, 11), (11, 14)], 4: [(1, 13), (13, 6), (6, 7), (7, 8)]}, padri: [12], figli: [14, 16, 17, 18, 21], mosse: [(3, 4, 9, 12, 1)]
14 -> costo: 72651.1, rotte: {2: [(1, 3), (3, 4), (4, 5), (5, 2), (2, 17), (17, 16), (16, 15)], 3: [(1, 10), (10, 9), (9, 13), (13, 12), (12, 11), (11, 14)], 4: [(1, 6), (6, 7), (7, 8)]}, padri: [13, 16, 17], figli: [15], mosse: [(3, 4, 9, 13, 2), (3, 3, 13, 12, 1), (3, 3, 12, 11, 20)]
15 -> costo: 72651.09999999999, rotte: {2: [(1, 3), (3, 4), (4, 5), (5, 2), (2, 16), (16, 17), (17, 15)], 3: [(1, 10), (10, 9), (9, 13), (13, 12), (12, 11), (11, 14)], 4: [(1, 6), (6, 7), (7, 8)]}, padri: [14, 22], figli: [], mosse: [(2, 2, 16, 17, 6), (3, 3, 13, 12, 1)]
16 -> costo: 72944.3, rotte: {2: [(1, 3), (3, 4), (4, 5), (5, 2), (2, 17), (17, 16), (16, 15)], 3: [(1, 10), (10, 9), (9, 12), (12, 13), (13, 11), (11, 14)], 4: [(1, 6), (6, 7), (7, 8)]}, padri: [13, 18], figli: [14, 17], mosse: [(3, 4, 12, 13, 2), (3, 3, 13, 11, 20)]
17 -> costo: 72819.3, rotte: {2: [(1, 3), (3, 4), (4, 5), (5, 2), (2, 17), (17, 16), (16, 15)], 3: [(1, 10), (10, 9), (9, 13), (13, 11), (11, 12), (12, 14)], 4: [(1, 6), (6, 7), (7, 8)]}, padri: [16], figli: [14], mosse: [(3, 3, 11, 12, 1)]
18 -> costo: 72971.90000000001, rotte: {2: [(1, 3), (3, 4), (4, 5), (5, 2), (2, 17), (17, 16), (16, 15)], 3: [(1, 10), (10, 9), (9, 12), (12, 11), (11, 13), (13, 14)], 4: [(1, 6), (6, 7), (7, 8)]}, padri: [13], figli: [19, 16, 21], mosse: [(3, 4, 11, 13, 2)]
19 -> costo: 72923.50000000001, rotte: {2: [(1, 3), (3, 4), (4, 5), (5, 2), (2, 17), (17, 16), (16, 15)], 3: [(1, 10), (10, 9), (9, 11), (11, 12), (12, 13), (13, 14)], 4: [(1, 6), (6, 7), (7, 8)]}, padri: [18], figli: [20, 22], mosse: [(3, 3, 11, 12, 1)]
20 -> costo: 72923.5, rotte: {2: [(1, 3), (3, 4), (4, 5), (5, 2), (2, 16), (16, 17), (17, 15)], 3: [(1, 10), (10, 9), (9, 11), (11, 12), (12, 13), (13, 14)], 4: [(1, 6), (6, 7), (7, 8)]}, padri: [19, 21], figli: [], mosse: [(2, 2, 16, 17, 6), (3, 3, 11, 12, 1)]
21 -> costo: 72971.9, rotte: {2: [(1, 3), (3, 4), (4, 5), (5, 2), (2, 16), (16, 17), (17, 15)], 3: [(1, 10), (10, 9), (9, 12), (12, 11), (11, 13), (13, 14)], 4: [(1, 6), (6, 7), (7, 8)]}, padri: [18], figli: [20, 22], mosse: [(2, 2, 16, 17, 6)]
22 -> costo: 72944.3, rotte: {2: [(1, 3), (3, 4), (4, 5), (5, 2), (2, 16), (16, 17), (17, 15)], 3: [(1, 10), (10, 9), (9, 12), (12, 13), (13, 11), (11, 14)], 4: [(1, 6), (6, 7), (7, 8)]}, padri: [19, 21], figli: [15], mosse: [(3, 3, 13, 11, 20)]
bestSolutionIndice: 15
15 -> costo: 72651.09999999999, rotte: {2: [(1, 3), (3, 4), (4, 5), (5, 2), (2, 16), (16, 17), (17, 15)], 3: [(1, 10), (10, 9), (9, 13), (13, 12), (12, 11), (11, 14)], 4: [(1, 6), (6, 7), (7, 8)]}, padri: [14, 22], figli: [], mosse: [(2, 2, 16, 17, 6), (3, 3, 13, 12, 1)]
trasportoPalletDiGamma: {2: [(3, 12), (4, 13), (5, 14), (2, 11), (16, 5), (17, 6), (15, 4)], 3: [(10, 19), (9, 18), (13, 2), (12, 1), (11, 20), (14, 3)], 4: [(6, 15), (7, 16), (8, 17)]}
itMosseLS: 27, itMosseTS: 10
time elapsed: 244.78s.


##########################################################################################
s: 1
dictSolutions[1]:
0 -> costo: 130905.90000000001, rotte: {3: [(1, 4), (4, 5), (5, 9), (9, 17), (17, 16), (16, 14)], 4: [(1, 7), (7, 3), (3, 12), (12, 10), (10, 2)], 2: [(1, 13), (13, 11), (11, 8), (8, 15), (15, 6)]}, padri: [-1], figli: [1], mosse: [-1]
1 -> costo: 117225.0, rotte: {3: [(1, 4), (4, 5), (5, 9), (9, 17), (17, 16), (16, 14)], 4: [(1, 7), (7, 3), (3, 12), (12, 10), (10, 2)], 2: [(1, 13), (13, 11), (11, 8), (8, 6), (6, 15)]}, padri: [0], figli: [2], mosse: [(2, 2, 8, 6, 15)]
2 -> costo: 107596.4, rotte: {3: [(1, 4), (4, 5), (5, 9), (9, 14), (14, 17), (17, 16)], 4: [(1, 7), (7, 3), (3, 12), (12, 10), (10, 2)], 2: [(1, 13), (13, 11), (11, 8), (8, 6), (6, 15)]}, padri: [1], figli: [3], mosse: [(3, 3, 9, 14, 3)]
3 -> costo: 103771.5, rotte: {3: [(1, 4), (4, 5), (5, 9), (9, 14), (14, 17), (17, 16)], 4: [(1, 7), (7, 3), (3, 10), (10, 2), (2, 12)], 2: [(1, 13), (13, 11), (11, 8), (8, 6), (6, 15)]}, padri: [2], figli: [4, 12, 14], mosse: [(4, 4, 2, 12, 1)]
4 -> costo: 102186.2, rotte: {3: [(1, 4), (4, 5), (5, 9), (9, 14), (14, 17), (17, 16)], 4: [(1, 7), (7, 3), (3, 2), (2, 10), (10, 12)], 2: [(1, 13), (13, 11), (11, 8), (8, 6), (6, 15)]}, padri: [3, 13], figli: [5, 8, 11], mosse: [(4, 4, 2, 10, 19), (4, 4, 7, 3, 12)]
5 -> costo: 102137.79999999999, rotte: {3: [(1, 4), (4, 5), (5, 9), (9, 14), (14, 17), (17, 16)], 4: [(1, 7), (7, 3), (3, 2), (2, 10), (10, 13), (13, 12)], 2: [(1, 11), (11, 8), (8, 6), (6, 15)]}, padri: [4], figli: [6], mosse: [(4, 2, 10, 13, 2)]
6 -> costo: 99829.99999999999, rotte: {3: [(1, 4), (4, 5), (5, 9), (9, 14), (14, 17), (17, 16)], 4: [(1, 7), (7, 3), (3, 2), (2, 10), (10, 13), (13, 12)], 2: [(1, 8), (8, 6), (6, 11), (11, 15)]}, padri: [5], figli: [7], mosse: [(2, 2, 6, 11, 20)]
7 -> costo: 97915.0, rotte: {3: [(1, 4), (4, 5), (5, 9), (9, 14), (14, 17), (17, 16)], 4: [(1, 7), (7, 3), (3, 2), (2, 10), (10, 13), (13, 12)], 2: [(1, 6), (6, 8), (8, 11), (11, 15)]}, padri: [6, 16], figli: [], mosse: [(2, 2, 6, 8, 17), (4, 4, 7, 3, 12)]
8 -> costo: 102156.99999999999, rotte: {3: [(1, 4), (4, 5), (5, 9), (9, 14), (14, 13), (13, 17), (17, 16)], 4: [(1, 7), (7, 3), (3, 2), (2, 10), (10, 12)], 2: [(1, 11), (11, 8), (8, 6), (6, 15)]}, padri: [4], figli: [9], mosse: [(3, 2, 14, 13, 2)]
9 -> costo: 99849.19999999998, rotte: {3: [(1, 4), (4, 5), (5, 9), (9, 14), (14, 13), (13, 17), (17, 16)], 4: [(1, 7), (7, 3), (3, 2), (2, 10), (10, 12)], 2: [(1, 8), (8, 6), (6, 11), (11, 15)]}, padri: [8], figli: [10], mosse: [(2, 2, 6, 11, 20)]
10 -> costo: 97934.19999999998, rotte: {3: [(1, 4), (4, 5), (5, 9), (9, 14), (14, 13), (13, 17), (17, 16)], 4: [(1, 7), (7, 3), (3, 2), (2, 10), (10, 12)], 2: [(1, 6), (6, 8), (8, 11), (11, 15)]}, padri: [9], figli: [], mosse: [(2, 2, 6, 8, 17)]
11 -> costo: 102183.2, rotte: {3: [(1, 4), (4, 5), (5, 9), (9, 14), (14, 17), (17, 16)], 4: [(1, 7), (7, 3), (3, 2), (2, 10), (10, 12)], 2: [(1, 11), (11, 13), (13, 8), (8, 6), (6, 15)]}, padri: [4], figli: [], mosse: [(2, 2, 11, 13, 2)]
12 -> costo: 103596.09999999999, rotte: {3: [(1, 4), (4, 5), (5, 9), (9, 14), (14, 17), (17, 16)], 4: [(1, 3), (3, 7), (7, 10), (10, 2), (2, 12)], 2: [(1, 13), (13, 11), (11, 8), (8, 6), (6, 15)]}, padri: [3], figli: [13], mosse: [(4, 4, 3, 7, 16)]
13 -> costo: 102330.79999999999, rotte: {3: [(1, 4), (4, 5), (5, 9), (9, 14), (14, 17), (17, 16)], 4: [(1, 3), (3, 7), (7, 2), (2, 10), (10, 12)], 2: [(1, 13), (13, 11), (11, 8), (8, 6), (6, 15)]}, padri: [12], figli: [4, 14], mosse: [(4, 4, 2, 10, 19)]
14 -> costo: 102282.39999999998, rotte: {3: [(1, 4), (4, 5), (5, 9), (9, 14), (14, 17), (17, 16)], 4: [(1, 3), (3, 7), (7, 2), (2, 10), (10, 13), (13, 12)], 2: [(1, 11), (11, 8), (8, 6), (6, 15)]}, padri: [13], figli: [15], mosse: [(4, 2, 10, 13, 2)]
15 -> costo: 99974.59999999998, rotte: {3: [(1, 4), (4, 5), (5, 9), (9, 14), (14, 17), (17, 16)], 4: [(1, 3), (3, 7), (7, 2), (2, 10), (10, 13), (13, 12)], 2: [(1, 8), (8, 6), (6, 11), (11, 15)]}, padri: [14], figli: [16], mosse: [(2, 2, 6, 11, 20)]
16 -> costo: 98059.59999999999, rotte: {3: [(1, 4), (4, 5), (5, 9), (9, 14), (14, 17), (17, 16)], 4: [(1, 3), (3, 7), (7, 2), (2, 10), (10, 13), (13, 12)], 2: [(1, 6), (6, 8), (8, 11), (11, 15)]}, padri: [15], figli: [7], mosse: [(2, 2, 6, 8, 17)]
bestSolutionIndice: 7
7 -> costo: 97915.0, rotte: {3: [(1, 4), (4, 5), (5, 9), (9, 14), (14, 17), (17, 16)], 4: [(1, 7), (7, 3), (3, 2), (2, 10), (10, 13), (13, 12)], 2: [(1, 6), (6, 8), (8, 11), (11, 15)]}, padri: [6, 16], figli: [], mosse: [(2, 2, 6, 8, 17), (4, 4, 7, 3, 12)]
trasportoPalletDiGamma: {3: [(4, 13), (5, 14), (9, 18), (14, 3), (17, 6), (16, 5)], 4: [(7, 16), (3, 12), (2, 11), (10, 19), (13, 2), (12, 1)], 2: [(6, 15), (8, 17), (11, 20), (15, 4)]}
itMosseLS: 18, itMosseTS: 10
time elapsed: 371.78s.


##########################################################################################
s: 1
dictSolutions[1]:
0 -> costo: 139317.4, rotte: {4: [(1, 12), (12, 4), (4, 3), (3, 15), (15, 13), (13, 6), (6, 11)], 3: [(1, 9), (9, 8), (8, 10), (10, 11)], 2: [(1, 2), (2, 5), (5, 17), (17, 16), (16, 14), (14, 7)]}, padri: [-1], figli: [1], mosse: [-1]
1 -> costo: 129143.69999999998, rotte: {4: [(1, 4), (4, 3), (3, 15), (15, 13), (13, 6), (6, 11)], 3: [(1, 9), (9, 8), (8, 10), (10, 11)], 2: [(1, 2), (2, 5), (5, 17), (17, 16), (16, 12), (12, 14), (14, 7)]}, padri: [0], figli: [2], mosse: [(2, 4, 16, 12, 1)]
2 -> costo: 122517.9, rotte: {4: [(1, 4), (4, 3), (3, 15), (15, 13), (13, 11), (11, 6)], 3: [(1, 9), (9, 8), (8, 10), (10, 11)], 2: [(1, 2), (2, 5), (5, 17), (17, 16), (16, 12), (12, 14), (14, 7)]}, padri: [1], figli: [3], mosse: [(4, 4, 6, 11)]
3 -> costo: 115923.29999999997, rotte: {4: [(1, 4), (4, 3), (3, 13), (13, 11), (11, 6), (6, 15)], 3: [(1, 9), (9, 8), (8, 10), (10, 11)], 2: [(1, 2), (2, 5), (5, 17), (17, 16), (16, 12), (12, 14), (14, 7)]}, padri: [2], figli: [4, 6, 7, 10], mosse: [(4, 4, 6, 15, 4)]
4 -> costo: 109655.39999999997, rotte: {4: [(1, 4), (4, 3), (3, 13), (13, 11), (11, 6), (6, 15)], 3: [(1, 9), (9, 8), (8, 10), (10, 11)], 2: [(1, 2), (2, 5), (5, 7), (7, 17), (17, 16), (16, 12), (12, 14)]}, padri: [3, 6, 10], figli: [5], mosse: [(2, 2, 5, 7, 16), (2, 2, 5, 7, 16), (2, 2, 5, 7, 16)]
5 -> costo: 109652.39999999997, rotte: {4: [(1, 4), (4, 3), (3, 11), (11, 13), (13, 6), (6, 15)], 3: [(1, 9), (9, 8), (8, 10), (10, 11)], 2: [(1, 2), (2, 5), (5, 7), (7, 17), (17, 16), (16, 12), (12, 14)]}, padri: [4, 9], figli: [], mosse: [(4, 4, 11, 13, 2), (2, 2, 5, 7, 16)]
6 -> costo: 109900.99999999997, rotte: {4: [(1, 4), (4, 3), (3, 13), (13, 11), (11, 6), (6, 15)], 3: [(1, 9), (9, 8), (8, 10), (10, 11)], 2: [(1, 2), (2, 7), (7, 5), (5, 17), (17, 16), (16, 12), (12, 14)]}, padri: [3, 10], figli: [4, 7, 9], mosse: [(2, 2, 2, 7, 16), (2, 2, 7, 2)]
7 -> costo: 109751.59999999998, rotte: {4: [(1, 4), (4, 3), (3, 13), (13, 11), (11, 6), (6, 15)], 3: [(1, 9), (9, 8), (8, 10), (10, 11)], 2: [(1, 7), (7, 5), (5, 2), (2, 17), (17, 16), (16, 12), (12, 14)]}, padri: [6], figli: [8], mosse: [(2, 2, 5, 2, 11)]
8 -> costo: 109748.59999999998, rotte: {4: [(1, 4), (4, 3), (3, 11), (11, 13), (13, 6), (6, 15)], 3: [(1, 9), (9, 8), (8, 10), (10, 11)], 2: [(1, 7), (7, 5), (5, 2), (2, 17), (17, 16), (16, 12), (12, 14)]}, padri: [7, 9], figli: [], mosse: [(4, 4, 11, 13, 2), (2, 2, 5, 2, 11)]
9 -> costo: 109897.99999999997, rotte: {4: [(1, 4), (4, 3), (3, 11), (11, 13), (13, 6), (6, 15)], 3: [(1, 9), (9, 8), (8, 10), (10, 11)], 2: [(1, 2), (2, 7), (7, 5), (5, 17), (17, 16), (16, 12), (12, 14)]}, padri: [6], figli: [5, 8], mosse: [(4, 4, 11, 13, 2)]
10 -> costo: 111952.39999999998, rotte: {4: [(1, 4), (4, 3), (3, 13), (13, 11), (11, 6), (6, 15)], 3: [(1, 9), (9, 8), (8, 10), (10, 11)], 2: [(1, 7), (7, 2), (2, 5), (5, 17), (17, 16), (16, 12), (12, 14)]}, padri: [3], figli: [6, 4], mosse: [(2, 2, 1, 7, 16)]
bestSolutionIndice: 5
5 -> costo: 109652.39999999997, rotte: {4: [(1, 4), (4, 3), (3, 11), (11, 13), (13, 6), (6, 15)], 3: [(1, 9), (9, 8), (8, 10), (10, 11)], 2: [(1, 2), (2, 5), (5, 7), (7, 17), (17, 16), (16, 12), (12, 14)]}, padri: [4, 9], figli: [], mosse: [(4, 4, 11, 13, 2), (2, 2, 5, 7, 16)]
trasportoPalletDiGamma: {4: [(4, 13), (3, 12), (11, 9), (13, 2), (6, 15), (15, 4)], 3: [(9, 18), (8, 17), (10, 19), (11, 11)], 2: [(2, 11), (5, 14), (7, 16), (17, 6), (16, 5), (12, 1), (14, 3)]}
itMosseLS: 15, itMosseTS: 10
time elapsed: 334.59s.


##########################################################################################
s: 1
dictSolutions[1]:
0 -> costo: 159226.9, rotte: {3: [(1, 2), (2, 16), (16, 11), (11, 3), (3, 10)], 4: [(1, 13), (13, 8), (8, 17), (17, 12), (12, 5), (5, 7)], 2: [(1, 14), (14, 15), (15, 9), (9, 6), (6, 4), (4, 10)]}, padri: [-1], figli: [1], mosse: [-1]
1 -> costo: 149792.49999999997, rotte: {3: [(1, 2), (2, 16), (16, 11), (11, 3), (3, 10)], 4: [(1, 13), (13, 8), (8, 17), (17, 12), (12, 14), (14, 5), (5, 7)], 2: [(1, 15), (15, 9), (9, 6), (6, 4), (4, 10)]}, padri: [0], figli: [2], mosse: [(4, 2, 12, 14, 3)]
2 -> costo: 148958.99999999997, rotte: {3: [(1, 2), (2, 16), (16, 11), (11, 10), (10, 3)], 4: [(1, 13), (13, 8), (8, 17), (17, 12), (12, 14), (14, 5), (5, 7)], 2: [(1, 15), (15, 9), (9, 6), (6, 4), (4, 10)]}, padri: [1], figli: [3], mosse: [(3, 3, 3, 10)]
3 -> costo: 141695.7, rotte: {3: [(1, 2), (2, 16), (16, 11), (11, 10), (10, 3)], 4: [(1, 8), (8, 17), (17, 12), (12, 13), (13, 14), (14, 5), (5, 7)], 2: [(1, 15), (15, 9), (9, 6), (6, 4), (4, 10)]}, padri: [2], figli: [4], mosse: [(4, 4, 12, 13, 2)]
4 -> costo: 132913.5, rotte: {3: [(1, 2), (2, 16), (16, 11), (11, 10), (10, 3)], 4: [(1, 17), (17, 12), (12, 13), (13, 14), (14, 5), (5, 7), (7, 8)], 2: [(1, 15), (15, 9), (9, 6), (6, 4), (4, 10)]}, padri: [3], figli: [5], mosse: [(4, 4, 7, 8, 17)]
5 -> costo: 117969.9, rotte: {3: [(1, 2), (2, 16), (16, 11), (11, 10), (10, 3)], 4: [(1, 12), (12, 13), (13, 14), (14, 5), (5, 7), (7, 8)], 2: [(1, 17), (17, 15), (15, 9), (9, 6), (6, 4), (4, 10)]}, padri: [4], figli: [6], mosse: [(2, 4, 1, 17, 6)]
6 -> costo: 111364.7, rotte: {3: [(1, 2), (2, 11), (11, 10), (10, 3), (3, 16)], 4: [(1, 12), (12, 13), (13, 14), (14, 5), (5, 7), (7, 8)], 2: [(1, 17), (17, 15), (15, 9), (9, 6), (6, 4), (4, 10)]}, padri: [5], figli: [7], mosse: [(3, 3, 3, 16, 5)]
7 -> costo: 106386.0, rotte: {3: [(1, 2), (2, 10), (10, 3), (3, 11), (11, 16)], 4: [(1, 12), (12, 13), (13, 14), (14, 5), (5, 7), (7, 8)], 2: [(1, 17), (17, 15), (15, 9), (9, 6), (6, 4), (4, 10)]}, padri: [6], figli: [8], mosse: [(3, 3, 3, 11, 20)]
8 -> costo: 104108.2, rotte: {3: [(1, 2), (2, 10), (10, 3), (3, 11), (11, 16)], 4: [(1, 12), (12, 13), (13, 14), (14, 5), (5, 7), (7, 8)], 2: [(1, 17), (17, 15), (15, 6), (6, 4), (4, 10), (10, 9)]}, padri: [7], figli: [9], mosse: [(2, 2, 10, 9, 18)]
9 -> costo: 102522.9, rotte: {3: [(1, 2), (2, 3), (3, 10), (10, 11), (11, 16)], 4: [(1, 12), (12, 13), (13, 14), (14, 5), (5, 7), (7, 8)], 2: [(1, 17), (17, 15), (15, 6), (6, 4), (4, 10), (10, 9)]}, padri: [8], figli: [10, 14, 16], mosse: [(3, 3, 3, 10, 17)]
10 -> costo: 102237.0, rotte: {3: [(1, 2), (2, 3), (3, 10), (10, 11), (11, 16)], 4: [(1, 12), (12, 13), (13, 14), (14, 5), (5, 7), (7, 8)], 2: [(1, 17), (17, 15), (15, 4), (4, 10), (10, 6), (6, 9)]}, padri: [9, 14], figli: [11, 13], mosse: [(2, 2, 10, 6, 15), (2, 2, 10, 6, 15)]
11 -> costo: 102026.8, rotte: {3: [(1, 2), (2, 3), (3, 10), (10, 11), (11, 16)], 4: [(1, 12), (12, 13), (13, 14), (14, 5), (5, 7), (7, 8)], 2: [(1, 17), (17, 15), (15, 10), (10, 4), (4, 6), (6, 9)]}, padri: [10], figli: [12], mosse: [(2, 2, 10, 4, 13)]
12 -> costo: 101874.20000000001, rotte: {3: [(1, 2), (2, 3), (3, 10), (10, 11), (11, 16)], 4: [(1, 13), (13, 12), (12, 14), (14, 5), (5, 7), (7, 8)], 2: [(1, 17), (17, 15), (15, 10), (10, 4), (4, 6), (6, 9)]}, padri: [11, 13], figli: [], mosse: [(4, 4, 13, 12, 1), (2, 2, 10, 4, 13)]
13 -> costo: 102084.40000000001, rotte: {3: [(1, 2), (2, 3), (3, 10), (10, 11), (11, 16)], 4: [(1, 13), (13, 12), (12, 14), (14, 5), (5, 7), (7, 8)], 2: [(1, 17), (17, 15), (15, 4), (4, 10), (10, 6), (6, 9)]}, padri: [10, 15, 16], figli: [12], mosse: [(4, 4, 13, 12, 1), (2, 2, 10, 6, 15), (2, 2, 10, 6, 15)]
14 -> costo: 102313.99999999999, rotte: {3: [(1, 2), (2, 3), (3, 10), (10, 11), (11, 16)], 4: [(1, 12), (12, 13), (13, 14), (14, 5), (5, 7), (7, 8)], 2: [(1, 17), (17, 15), (15, 4), (4, 6), (6, 10), (10, 9)]}, padri: [9], figli: [15, 10], mosse: [(2, 2, 4, 6, 15)]
15 -> costo: 102161.4, rotte: {3: [(1, 2), (2, 3), (3, 10), (10, 11), (11, 16)], 4: [(1, 13), (13, 12), (12, 14), (14, 5), (5, 7), (7, 8)], 2: [(1, 17), (17, 15), (15, 4), (4, 6), (6, 10), (10, 9)]}, padri: [14, 16], figli: [13], mosse: [(4, 4, 13, 12, 1), (2, 2, 4, 6, 15)]
16 -> costo: 102370.3, rotte: {3: [(1, 2), (2, 3), (3, 10), (10, 11), (11, 16)], 4: [(1, 13), (13, 12), (12, 14), (14, 5), (5, 7), (7, 8)], 2: [(1, 17), (17, 15), (15, 6), (6, 4), (4, 10), (10, 9)]}, padri: [9], figli: [13, 15], mosse: [(4, 4, 13, 12, 1)]
bestSolutionIndice: 12
12 -> costo: 101874.20000000001, rotte: {3: [(1, 2), (2, 3), (3, 10), (10, 11), (11, 16)], 4: [(1, 13), (13, 12), (12, 14), (14, 5), (5, 7), (7, 8)], 2: [(1, 17), (17, 15), (15, 10), (10, 4), (4, 6), (6, 9)]}, padri: [11, 13], figli: [], mosse: [(4, 4, 13, 12, 1), (2, 2, 10, 4, 13)]
trasportoPalletDiGamma: {3: [(2, 11), (3, 12), (10, 17), (11, 20), (16, 5)], 4: [(13, 2), (12, 1), (14, 3), (5, 14), (7, 16), (8, 17)], 2: [(17, 6), (15, 4), (10, 2), (4, 13), (6, 15), (9, 18)]}
itMosseLS: 21, itMosseTS: 10
time elapsed: 315.04s.


##########################################################################################
s: 1
dictSolutions[1]:
0 -> costo: 154330.3, rotte: {2: [(1, 9), (9, 6), (6, 2), (2, 4), (4, 7)], 4: [(1, 8), (8, 15), (15, 3), (3, 17), (17, 10), (10, 13)], 3: [(1, 14), (14, 11), (11, 12), (12, 5), (5, 16), (16, 7)]}, padri: [-1], figli: [1], mosse: [-1]
1 -> costo: 128944.19999999998, rotte: {2: [(1, 9), (9, 6), (6, 2), (2, 4), (4, 7)], 4: [(1, 8), (8, 3), (3, 15), (15, 17), (17, 10), (10, 13)], 3: [(1, 14), (14, 11), (11, 12), (12, 5), (5, 16), (16, 7)]}, padri: [0], figli: [2], mosse: [(4, 4, 3, 15, 4)]
2 -> costo: 114942.39999999998, rotte: {2: [(1, 9), (9, 6), (6, 2), (2, 4), (4, 7)], 4: [(1, 8), (8, 3), (3, 15), (15, 17), (17, 10), (10, 13)], 3: [(1, 14), (14, 11), (11, 12), (12, 5), (5, 7), (7, 16)]}, padri: [1], figli: [3], mosse: [(3, 3, 16, 7)]
3 -> costo: 112687.49999999999, rotte: {2: [(1, 6), (6, 2), (2, 4), (4, 7), (7, 9)], 4: [(1, 8), (8, 3), (3, 15), (15, 17), (17, 10), (10, 13)], 3: [(1, 14), (14, 11), (11, 12), (12, 5), (5, 7), (7, 16)]}, padri: [2], figli: [4], mosse: [(2, 2, 7, 9, 18)]
4 -> costo: 111328.49999999999, rotte: {2: [(1, 6), (6, 2), (2, 4), (4, 7), (7, 9)], 4: [(1, 8), (8, 3), (3, 15), (15, 17), (17, 13), (13, 10)], 3: [(1, 14), (14, 11), (11, 12), (12, 5), (5, 7), (7, 16)]}, padri: [3], figli: [5], mosse: [(4, 4, 10, 13)]
5 -> costo: 107241.09999999999, rotte: {2: [(1, 6), (6, 2), (2, 4), (4, 7), (7, 9)], 4: [(1, 10), (10, 8), (8, 3), (3, 15), (15, 17), (17, 13)], 3: [(1, 14), (14, 11), (11, 12), (12, 5), (5, 7), (7, 16)]}, padri: [4], figli: [6], mosse: [(4, 4, 1, 10, 19)]
6 -> costo: 99189.09999999999, rotte: {2: [(1, 6), (6, 2), (2, 4), (4, 7), (7, 9)], 4: [(1, 10), (10, 8), (8, 3), (3, 13), (13, 15), (15, 17)], 3: [(1, 14), (14, 11), (11, 12), (12, 5), (5, 7), (7, 16)]}, padri: [5], figli: [7], mosse: [(4, 4, 3, 13, 2)]
7 -> costo: 99000.7, rotte: {2: [(1, 6), (6, 2), (2, 4), (4, 7), (7, 9)], 4: [(1, 10), (10, 8), (8, 3), (3, 13), (13, 17), (17, 15)], 3: [(1, 14), (14, 11), (11, 12), (12, 5), (5, 7), (7, 16)]}, padri: [6], figli: [8], mosse: [(4, 4, 15, 17)]
8 -> costo: 97047.29999999999, rotte: {2: [(1, 2), (2, 4), (4, 7), (7, 6), (6, 9)], 4: [(1, 10), (10, 8), (8, 3), (3, 13), (13, 17), (17, 15)], 3: [(1, 14), (14, 11), (11, 12), (12, 5), (5, 7), (7, 16)]}, padri: [7], figli: [9], mosse: [(2, 2, 7, 6, 15)]
9 -> costo: 95732.7, rotte: {2: [(1, 2), (2, 4), (4, 7), (7, 6), (6, 9)], 4: [(1, 10), (10, 3), (3, 8), (8, 13), (13, 17), (17, 15)], 3: [(1, 14), (14, 11), (11, 12), (12, 5), (5, 7), (7, 16)]}, padri: [8], figli: [10], mosse: [(4, 4, 3, 8, 17)]
10 -> costo: 94896.09999999999, rotte: {2: [(1, 2), (2, 4), (4, 7), (7, 6), (6, 9)], 4: [(1, 3), (3, 10), (10, 8), (8, 13), (13, 17), (17, 15)], 3: [(1, 14), (14, 11), (11, 12), (12, 5), (5, 7), (7, 16)]}, padri: [9], figli: [11, 12, 13, 14, 15, 16, 17, 18, 19, 20, 21], mosse: [(4, 4, 3, 10, 19)]
11 -> costo: 93173.49999999999, rotte: {2: [(1, 2), (2, 4), (4, 7), (7, 6), (6, 9)], 4: [(1, 10), (10, 8), (8, 13), (13, 17), (17, 15)], 3: [(1, 14), (14, 11), (11, 12), (12, 5), (5, 7), (7, 3), (3, 16)]}, padri: [10], figli: [], mosse: [(3, 4, 7, 3, 12)]
12 -> costo: 93173.49999999999, rotte: {2: [(1, 2), (2, 4), (4, 7), (7, 6), (6, 9)], 4: [(1, 3), (3, 10), (10, 8), (8, 13), (13, 17), (17, 15)], 3: [(1, 14), (14, 11), (11, 12), (12, 5), (5, 7), (7, 3), (3, 16)]}, padri: [10], figli: [], mosse: [(3, 4, 7, 3, 1)]
13 -> costo: 93173.49999999999, rotte: {2: [(1, 2), (2, 4), (4, 7), (7, 6), (6, 9)], 4: [(1, 3), (3, 10), (10, 8), (8, 13), (13, 17), (17, 15)], 3: [(1, 14), (14, 11), (11, 12), (12, 5), (5, 7), (7, 3), (3, 16)]}, padri: [10], figli: [], mosse: [(3, 4, 7, 3, 2)]
14 -> costo: 93173.49999999999, rotte: {2: [(1, 2), (2, 4), (4, 7), (7, 6), (6, 9)], 4: [(1, 3), (3, 10), (10, 8), (8, 13), (13, 17), (17, 15)], 3: [(1, 14), (14, 11), (11, 12), (12, 5), (5, 7), (7, 3), (3, 16)]}, padri: [10], figli: [], mosse: [(3, 4, 7, 3, 3)]
15 -> costo: 93173.49999999999, rotte: {2: [(1, 2), (2, 4), (4, 7), (7, 6), (6, 9)], 4: [(1, 3), (3, 10), (10, 8), (8, 13), (13, 17), (17, 15)], 3: [(1, 14), (14, 11), (11, 12), (12, 5), (5, 7), (7, 3), (3, 16)]}, padri: [10], figli: [], mosse: [(3, 4, 7, 3, 4)]
16 -> costo: 93173.49999999999, rotte: {2: [(1, 2), (2, 4), (4, 7), (7, 6), (6, 9)], 4: [(1, 3), (3, 10), (10, 8), (8, 13), (13, 17), (17, 15)], 3: [(1, 14), (14, 11), (11, 12), (12, 5), (5, 7), (7, 3), (3, 16)]}, padri: [10], figli: [], mosse: [(3, 4, 7, 3, 5)]
17 -> costo: 93173.49999999999, rotte: {2: [(1, 2), (2, 4), (4, 7), (7, 6), (6, 9)], 4: [(1, 3), (3, 10), (10, 8), (8, 13), (13, 17), (17, 15)], 3: [(1, 14), (14, 11), (11, 12), (12, 5), (5, 7), (7, 3), (3, 16)]}, padri: [10], figli: [], mosse: [(3, 4, 7, 3, 6)]
18 -> costo: 93173.49999999999, rotte: {2: [(1, 2), (2, 4), (4, 7), (7, 6), (6, 9)], 4: [(1, 3), (3, 10), (10, 8), (8, 13), (13, 17), (17, 15)], 3: [(1, 14), (14, 11), (11, 12), (12, 5), (5, 7), (7, 3), (3, 16)]}, padri: [10], figli: [], mosse: [(3, 4, 7, 3, 7)]
19 -> costo: 93173.49999999999, rotte: {2: [(1, 2), (2, 4), (4, 7), (7, 6), (6, 9)], 4: [(1, 3), (3, 10), (10, 8), (8, 13), (13, 17), (17, 15)], 3: [(1, 14), (14, 11), (11, 12), (12, 5), (5, 7), (7, 3), (3, 16)]}, padri: [10], figli: [], mosse: [(3, 4, 7, 3, 8)]
20 -> costo: 93173.49999999999, rotte: {2: [(1, 2), (2, 4), (4, 7), (7, 6), (6, 9)], 4: [(1, 3), (3, 10), (10, 8), (8, 13), (13, 17), (17, 15)], 3: [(1, 14), (14, 11), (11, 12), (12, 5), (5, 7), (7, 3), (3, 16)]}, padri: [10], figli: [], mosse: [(3, 4, 7, 3, 9)]
21 -> costo: 93173.49999999999, rotte: {2: [(1, 2), (2, 4), (4, 7), (7, 6), (6, 9)], 4: [(1, 3), (3, 10), (10, 8), (8, 13), (13, 17), (17, 15)], 3: [(1, 14), (14, 11), (11, 12), (12, 5), (5, 7), (7, 3), (3, 16)]}, padri: [10], figli: [], mosse: [(3, 4, 7, 3, 10)]
bestSolutionIndice: 11
11 -> costo: 93173.49999999999, rotte: {2: [(1, 2), (2, 4), (4, 7), (7, 6), (6, 9)], 4: [(1, 10), (10, 8), (8, 13), (13, 17), (17, 15)], 3: [(1, 14), (14, 11), (11, 12), (12, 5), (5, 7), (7, 3), (3, 16)]}, padri: [10], figli: [], mosse: [(3, 4, 7, 3, 12)]
trasportoPalletDiGamma: {2: [(2, 11), (4, 13), (7, 8), (6, 15), (9, 18)], 4: [(10, 19), (8, 17), (13, 2), (17, 6), (15, 4)], 3: [(14, 3), (11, 20), (12, 1), (5, 14), (7, 8), (3, 12), (16, 5)]}
itMosseLS: 21, itMosseTS: 10
time elapsed: 157.93s.


##########################################################################################
s: 1
dictSolutions[1]:
0 -> costo: 147468.99999999997, rotte: {4: [(1, 17), (17, 14), (14, 13), (13, 15), (15, 5), (5, 11)], 2: [(1, 2), (2, 10), (10, 16), (16, 9), (9, 12), (12, 8)], 3: [(1, 7), (7, 6), (6, 4), (4, 3), (3, 8)]}, padri: [-1], figli: [1], mosse: [-1]
1 -> costo: 131865.3, rotte: {4: [(1, 14), (14, 13), (13, 17), (17, 15), (15, 5), (5, 11)], 2: [(1, 2), (2, 10), (10, 16), (16, 9), (9, 12), (12, 8)], 3: [(1, 7), (7, 6), (6, 4), (4, 3), (3, 8)]}, padri: [0], figli: [2], mosse: [(4, 4, 13, 17, 6)]
2 -> costo: 125525.69999999997, rotte: {4: [(1, 14), (14, 13), (13, 17), (17, 15), (15, 5), (5, 11)], 2: [(1, 2), (2, 10), (10, 16), (16, 9), (9, 8), (8, 12)], 3: [(1, 7), (7, 6), (6, 4), (4, 3), (3, 8)]}, padri: [1], figli: [3], mosse: [(2, 2, 12, 8)]
3 -> costo: 110578.99999999997, rotte: {4: [(1, 14), (14, 13), (13, 17), (17, 15), (15, 5), (5, 11)], 2: [(1, 2), (2, 10), (10, 9), (9, 8), (8, 12), (12, 16)], 3: [(1, 7), (7, 6), (6, 4), (4, 3), (3, 8)]}, padri: [2], figli: [4], mosse: [(2, 2, 12, 16, 5)]
4 -> costo: 108958.19999999997, rotte: {4: [(1, 14), (14, 13), (13, 17), (17, 15), (15, 11), (11, 5)], 2: [(1, 2), (2, 10), (10, 9), (9, 8), (8, 12), (12, 16)], 3: [(1, 7), (7, 6), (6, 4), (4, 3), (3, 8)]}, padri: [3], figli: [5], mosse: [(4, 4, 5, 11)]
5 -> costo: 106224.39999999998, rotte: {4: [(1, 5), (5, 14), (14, 13), (13, 17), (17, 15), (15, 11)], 2: [(1, 2), (2, 10), (10, 9), (9, 8), (8, 12), (12, 16)], 3: [(1, 7), (7, 6), (6, 4), (4, 3), (3, 8)]}, padri: [4], figli: [6], mosse: [(4, 4, 1, 5, 14)]
6 -> costo: 92678.79999999997, rotte: {4: [(1, 5), (5, 14), (14, 11), (11, 13), (13, 17), (17, 15)], 2: [(1, 2), (2, 10), (10, 9), (9, 8), (8, 12), (12, 16)], 3: [(1, 7), (7, 6), (6, 4), (4, 3), (3, 8)]}, padri: [5], figli: [7], mosse: [(4, 4, 14, 11, 20)]
7 -> costo: 91556.79999999999, rotte: {4: [(1, 5), (5, 14), (14, 11), (11, 13), (13, 17), (17, 15)], 2: [(1, 2), (2, 10), (10, 9), (9, 8), (8, 12), (12, 16)], 3: [(1, 6), (6, 4), (4, 3), (3, 7), (7, 8)]}, padri: [6], figli: [8], mosse: [(3, 3, 3, 7, 16)]
8 -> costo: 89998.89999999998, rotte: {4: [(1, 5), (5, 14), (14, 11), (11, 13), (13, 17), (17, 15)], 2: [(1, 2), (2, 10), (10, 9), (9, 8), (8, 12), (12, 16)], 3: [(1, 4), (4, 3), (3, 7), (7, 6), (6, 8)]}, padri: [7], figli: [9], mosse: [(3, 3, 7, 6, 15)]
9 -> costo: 89930.99999999999, rotte: {4: [(1, 5), (5, 14), (14, 11), (11, 13), (13, 17), (17, 15)], 2: [(1, 2), (2, 10), (10, 9), (9, 8), (8, 12), (12, 16)], 3: [(1, 3), (3, 4), (4, 7), (7, 6), (6, 8)]}, padri: [8], figli: [10, 12], mosse: [(3, 3, 4, 3)]
10 -> costo: 89600.99999999999, rotte: {4: [(1, 2), (2, 5), (5, 14), (14, 11), (11, 13), (13, 17), (17, 15)], 2: [(1, 10), (10, 9), (9, 8), (8, 12), (12, 16)], 3: [(1, 3), (3, 4), (4, 7), (7, 6), (6, 8)]}, padri: [9], figli: [11, 11, 11, 11, 11], mosse: [(4, 2, 1, 2, 11)]
11 -> costo: 86856.09999999999, rotte: {4: [(1, 2), (2, 5), (5, 14), (14, 11), (11, 13), (13, 17), (17, 15)], 2: [(1, 10), (10, 9), (9, 8), (8, 12), (12, 16)], 3: [(1, 3), (3, 4), (4, 7), (7, 6)]}, padri: [10, 10, 10, 10, 10, 13], figli: [], mosse: [(2, 3, 1, 8, 9), (2, 3, 10, 8, 9), (2, 3, 9, 8, 9), (2, 3, 12, 8, 9), (2, 3, 16, 8, 9), (4, 4, 2, 5, 14)]
12 -> costo: 89786.79999999999, rotte: {4: [(1, 5), (5, 2), (2, 14), (14, 11), (11, 13), (13, 17), (17, 15)], 2: [(1, 10), (10, 9), (9, 8), (8, 12), (12, 16)], 3: [(1, 3), (3, 4), (4, 7), (7, 6), (6, 8)]}, padri: [9], figli: [13, 13, 13, 13], mosse: [(4, 2, 5, 2, 11)]
13 -> costo: 87041.9, rotte: {4: [(1, 5), (5, 2), (2, 14), (14, 11), (11, 13), (13, 17), (17, 15)], 2: [(1, 10), (10, 9), (9, 8), (8, 12), (12, 16)], 3: [(1, 3), (3, 4), (4, 7), (7, 6)]}, padri: [12, 12, 12, 12], figli: [11], mosse: [(2, 3, 1, 8, 9), (2, 3, 10, 8, 9), (2, 3, 9, 8, 9), (2, 3, 12, 8, 9)]
bestSolutionIndice: 11
11 -> costo: 86856.09999999999, rotte: {4: [(1, 2), (2, 5), (5, 14), (14, 11), (11, 13), (13, 17), (17, 15)], 2: [(1, 10), (10, 9), (9, 8), (8, 12), (12, 16)], 3: [(1, 3), (3, 4), (4, 7), (7, 6)]}, padri: [10, 10, 10, 10, 10, 13], figli: [], mosse: [(2, 3, 1, 8, 9), (2, 3, 10, 8, 9), (2, 3, 9, 8, 9), (2, 3, 12, 8, 9), (2, 3, 16, 8, 9), (4, 4, 2, 5, 14)]
trasportoPalletDiGamma: {4: [(2, 11), (5, 14), (14, 3), (11, 20), (13, 2), (17, 6), (15, 4)], 2: [(10, 19), (9, 18), (8, 17), (12, 1), (16, 5)], 3: [(3, 12), (4, 13), (7, 16), (6, 15)]}
itMosseLS: 21, itMosseTS: 10
time elapsed: 121.10s.


##########################################################################################
s: 1
dictSolutions[1]:
0 -> costo: 154599.49999999997, rotte: {4: [(1, 12), (12, 6), (6, 5), (5, 17), (17, 2), (2, 3)], 2: [(1, 8), (8, 10), (10, 16), (16, 14), (14, 4)], 3: [(1, 7), (7, 11), (11, 9), (9, 13), (13, 15)]}, padri: [-1], figli: [1], mosse: [-1]
1 -> costo: 141461.6, rotte: {4: [(1, 12), (12, 6), (6, 5), (5, 2), (2, 3), (3, 17)], 2: [(1, 8), (8, 10), (10, 16), (16, 14), (14, 4)], 3: [(1, 7), (7, 11), (11, 9), (9, 13), (13, 15)]}, padri: [0], figli: [2], mosse: [(4, 4, 3, 17, 6)]
2 -> costo: 130562.29999999999, rotte: {4: [(1, 12), (12, 6), (6, 5), (5, 2), (2, 3), (3, 17)], 2: [(1, 8), (8, 10), (10, 16), (16, 14), (14, 4)], 3: [(1, 7), (7, 9), (9, 13), (13, 11), (11, 15)]}, padri: [1], figli: [3], mosse: [(3, 3, 13, 11, 20)]
3 -> costo: 120643.59999999998, rotte: {4: [(1, 6), (6, 5), (5, 2), (2, 3), (3, 17)], 2: [(1, 8), (8, 10), (10, 16), (16, 12), (12, 14), (14, 4)], 3: [(1, 7), (7, 9), (9, 13), (13, 11), (11, 15)]}, padri: [2], figli: [4], mosse: [(2, 4, 16, 12, 1)]
4 -> costo: 113275.99999999997, rotte: {4: [(1, 6), (6, 5), (5, 2), (2, 3), (3, 17)], 2: [(1, 8), (8, 10), (10, 12), (12, 14), (14, 4), (4, 16)], 3: [(1, 7), (7, 9), (9, 13), (13, 11), (11, 15)]}, padri: [3], figli: [5], mosse: [(2, 2, 4, 16, 5)]
5 -> costo: 111871.59999999999, rotte: {4: [(1, 6), (6, 5), (5, 2), (2, 3), (3, 17)], 2: [(1, 10), (10, 12), (12, 14), (14, 8), (8, 4), (4, 16)], 3: [(1, 7), (7, 9), (9, 13), (13, 11), (11, 15)]}, padri: [4], figli: [6], mosse: [(2, 2, 14, 8, 17)]
6 -> costo: 110417.4, rotte: {4: [(1, 6), (6, 5), (5, 2), (2, 3), (3, 17)], 2: [(1, 12), (12, 14), (14, 8), (8, 10), (10, 4), (4, 16)], 3: [(1, 7), (7, 9), (9, 13), (13, 11), (11, 15)]}, padri: [5], figli: [7], mosse: [(2, 2, 8, 10, 19)]
7 -> costo: 109757.3, rotte: {4: [(1, 6), (6, 5), (5, 2), (2, 3), (3, 17)], 2: [(1, 14), (14, 8), (8, 10), (10, 4), (4, 16)], 3: [(1, 7), (7, 9), (9, 13), (13, 11), (11, 12), (12, 15)]}, padri: [6], figli: [8, 12], mosse: [(3, 2, 11, 12, 1)]
8 -> costo: 102499.9, rotte: {4: [(1, 6), (6, 5), (5, 2), (2, 3), (3, 17)], 2: [(1, 8), (8, 10), (10, 4), (4, 16)], 3: [(1, 7), (7, 9), (9, 13), (13, 14), (14, 11), (11, 12), (12, 15)]}, padri: [7], figli: [9, 11, 14], mosse: [(3, 2, 13, 14, 3)]
9 -> costo: 102217.3, rotte: {4: [(1, 6), (6, 5), (5, 3), (3, 2), (2, 17)], 2: [(1, 8), (8, 10), (10, 4), (4, 16)], 3: [(1, 7), (7, 9), (9, 13), (13, 14), (14, 11), (11, 12), (12, 15)]}, padri: [8, 13], figli: [10, 15], mosse: [(4, 4, 3, 2, 11), (3, 3, 13, 14, 3)]
10 -> costo: 102154.70000000001, rotte: {4: [(1, 6), (6, 5), (5, 3), (3, 2), (2, 17)], 2: [(1, 10), (10, 8), (8, 4), (4, 16)], 3: [(1, 7), (7, 9), (9, 13), (13, 14), (14, 11), (11, 12), (12, 15)]}, padri: [9, 11, 14], figli: [], mosse: [(2, 2, 10, 8, 17), (4, 4, 3, 2, 11), (3, 3, 13, 14, 3)]
11 -> costo: 102437.3, rotte: {4: [(1, 6), (6, 5), (5, 2), (2, 3), (3, 17)], 2: [(1, 10), (10, 8), (8, 4), (4, 16)], 3: [(1, 7), (7, 9), (9, 13), (13, 14), (14, 11), (11, 12), (12, 15)]}, padri: [8], figli: [10, 15], mosse: [(2, 2, 10, 8, 17)]
12 -> costo: 102565.79999999999, rotte: {4: [(1, 6), (6, 5), (5, 2), (2, 3), (3, 17)], 2: [(1, 8), (8, 10), (10, 4), (4, 16)], 3: [(1, 7), (7, 9), (9, 14), (14, 13), (13, 11), (11, 12), (12, 15)]}, padri: [7], figli: [13], mosse: [(3, 2, 9, 14, 3)]
13 -> costo: 102283.2, rotte: {4: [(1, 6), (6, 5), (5, 3), (3, 2), (2, 17)], 2: [(1, 8), (8, 10), (10, 4), (4, 16)], 3: [(1, 7), (7, 9), (9, 14), (14, 13), (13, 11), (11, 12), (12, 15)]}, padri: [12], figli: [9, 14, 16], mosse: [(4, 4, 3, 2, 11)]
14 -> costo: 102220.6, rotte: {4: [(1, 6), (6, 5), (5, 3), (3, 2), (2, 17)], 2: [(1, 10), (10, 8), (8, 4), (4, 16)], 3: [(1, 7), (7, 9), (9, 14), (14, 13), (13, 11), (11, 12), (12, 15)]}, padri: [13], figli: [10, 15], mosse: [(2, 2, 10, 8, 17)]
15 -> costo: 102193.7, rotte: {4: [(1, 6), (6, 5), (5, 3), (3, 2), (2, 17)], 2: [(1, 10), (10, 8), (8, 4), (4, 16)], 3: [(1, 7), (7, 9), (9, 14), (14, 11), (11, 13), (13, 12), (12, 15)]}, padri: [14, 16], figli: [], mosse: [(3, 3, 11, 13, 2), (2, 2, 10, 8, 17)]
16 -> costo: 102256.29999999999, rotte: {4: [(1, 6), (6, 5), (5, 3), (3, 2), (2, 17)], 2: [(1, 8), (8, 10), (10, 4), (4, 16)], 3: [(1, 7), (7, 9), (9, 14), (14, 11), (11, 13), (13, 12), (12, 15)]}, padri: [13], figli: [15], mosse: [(3, 3, 11, 13, 2)]
bestSolutionIndice: 10
10 -> costo: 102154.70000000001, rotte: {4: [(1, 6), (6, 5), (5, 3), (3, 2), (2, 17)], 2: [(1, 10), (10, 8), (8, 4), (4, 16)], 3: [(1, 7), (7, 9), (9, 13), (13, 14), (14, 11), (11, 12), (12, 15)]}, padri: [9, 11, 14], figli: [], mosse: [(2, 2, 10, 8, 17), (4, 4, 3, 2, 11), (3, 3, 13, 14, 3)]
trasportoPalletDiGamma: {4: [(6, 15), (5, 14), (3, 12), (2, 11), (17, 6)], 2: [(10, 19), (8, 17), (4, 13), (16, 5)], 3: [(7, 16), (9, 18), (13, 2), (14, 3), (11, 20), (12, 1), (15, 4)]}
itMosseLS: 20, itMosseTS: 10
time elapsed: 433.07s.


##########################################################################################
s: 1
dictSolutions[1]:
0 -> costo: 146645.5, rotte: {2: [(1, 9), (9, 3), (3, 2), (2, 7), (7, 8)], 3: [(1, 16), (16, 12), (12, 14), (14, 17), (17, 13), (13, 4), (4, 8), (8, 6)], 4: [(1, 5), (5, 11), (11, 15), (15, 10), (10, 6)]}, padri: [-1], figli: [1], mosse: [-1]
1 -> costo: 130960.9, rotte: {2: [(1, 9), (9, 3), (3, 2), (2, 7), (7, 8)], 3: [(1, 12), (12, 14), (14, 16), (16, 17), (17, 13), (13, 4), (4, 8), (8, 6)], 4: [(1, 5), (5, 11), (11, 15), (15, 10), (10, 6)]}, padri: [0], figli: [2], mosse: [(3, 3, 14, 16, 5)]
2 -> costo: 128682.90000000001, rotte: {2: [(1, 9), (9, 3), (3, 2), (2, 7), (7, 8)], 3: [(1, 12), (12, 14), (14, 16), (16, 17), (17, 13), (13, 4), (4, 6), (6, 8)], 4: [(1, 5), (5, 11), (11, 15), (15, 10), (10, 6)]}, padri: [1], figli: [3], mosse: [(3, 3, 8, 6)]
3 -> costo: 121209.90000000001, rotte: {2: [(1, 9), (9, 3), (3, 2), (2, 7), (7, 8)], 3: [(1, 12), (12, 14), (14, 16), (16, 17), (17, 13), (13, 4), (4, 6), (6, 8)], 4: [(1, 5), (5, 11), (11, 10), (10, 6), (6, 15)]}, padri: [2], figli: [4], mosse: [(4, 4, 6, 15, 4)]
4 -> costo: 114867.7, rotte: {2: [(1, 3), (3, 2), (2, 7), (7, 8), (8, 9)], 3: [(1, 12), (12, 14), (14, 16), (16, 17), (17, 13), (13, 4), (4, 6), (6, 8)], 4: [(1, 5), (5, 11), (11, 10), (10, 6), (6, 15)]}, padri: [3], figli: [5], mosse: [(2, 2, 8, 9, 18)]
5 -> costo: 109722.09999999999, rotte: {2: [(1, 3), (3, 2), (2, 7), (7, 8), (8, 9)], 3: [(1, 12), (12, 14), (14, 16), (16, 17), (17, 13), (13, 4), (4, 6), (6, 8)], 4: [(1, 5), (5, 10), (10, 6), (6, 11), (11, 15)]}, padri: [4], figli: [6], mosse: [(4, 4, 6, 11, 20)]
6 -> costo: 107481.9, rotte: {2: [(1, 3), (3, 2), (2, 7), (7, 8), (8, 9)], 3: [(1, 12), (12, 14), (14, 16), (16, 17), (17, 13), (13, 4), (4, 6), (6, 8)], 4: [(1, 5), (5, 10), (10, 11), (11, 15)]}, padri: [5], figli: [7], mosse: [(3, 4, 1, 6, 8)]
7 -> costo: 105688.9, rotte: {2: [(1, 2), (2, 3), (3, 7), (7, 8), (8, 9)], 3: [(1, 12), (12, 14), (14, 16), (16, 17), (17, 13), (13, 4), (4, 6), (6, 8)], 4: [(1, 5), (5, 10), (10, 11), (11, 15)]}, padri: [6], figli: [8], mosse: [(2, 2, 2, 3, 12)]
8 -> costo: 105028.79999999999, rotte: {2: [(1, 2), (2, 3), (3, 7), (7, 8), (8, 9)], 3: [(1, 14), (14, 12), (12, 16), (16, 17), (17, 13), (13, 4), (4, 6), (6, 8)], 4: [(1, 5), (5, 10), (10, 11), (11, 15)]}, padri: [7], figli: [9], mosse: [(3, 3, 14, 12, 1)]
9 -> costo: 104909.0, rotte: {2: [(1, 2), (2, 3), (3, 7), (7, 8), (8, 9)], 3: [(1, 12), (12, 16), (16, 17), (17, 13), (13, 4), (4, 6), (6, 8)], 4: [(1, 5), (5, 10), (10, 14), (14, 11), (11, 15)]}, padri: [8], figli: [10], mosse: [(4, 3, 10, 14, 3)]
10 -> costo: 95475.3, rotte: {2: [(1, 2), (2, 3), (3, 7), (7, 8), (8, 9)], 3: [(1, 16), (16, 17), (17, 13), (13, 4), (4, 6), (6, 8)], 4: [(1, 5), (5, 10), (10, 14), (14, 11), (11, 12), (12, 15)]}, padri: [9], figli: [11, 12, 13, 14], mosse: [(4, 3, 11, 12, 1)]
11 -> costo: 94466.0, rotte: {2: [(1, 2), (2, 3), (3, 7), (7, 8), (8, 9)], 3: [(1, 16), (16, 17), (17, 13), (13, 4), (4, 5), (5, 6), (6, 8)], 4: [(1, 10), (10, 14), (14, 11), (11, 12), (12, 15)]}, padri: [10, 12, 13], figli: [], mosse: [(3, 4, 4, 5, 14), (3, 3, 4, 5, 14), (3, 3, 5, 6, 15)]
12 -> costo: 94995.8, rotte: {2: [(1, 2), (2, 3), (3, 7), (7, 8), (8, 9)], 3: [(1, 16), (16, 17), (17, 13), (13, 5), (5, 4), (4, 6), (6, 8)], 4: [(1, 10), (10, 14), (14, 11), (11, 12), (12, 15)]}, padri: [10, 14], figli: [11, 14], mosse: [(3, 4, 13, 5, 14), (3, 3, 4, 6, 15)]
13 -> costo: 95431.7, rotte: {2: [(1, 2), (2, 3), (3, 7), (7, 8), (8, 9)], 3: [(1, 16), (16, 17), (17, 13), (13, 4), (4, 6), (6, 5), (5, 8)], 4: [(1, 10), (10, 14), (14, 11), (11, 12), (12, 15)]}, padri: [10], figli: [11, 14], mosse: [(3, 4, 6, 5, 14)]
14 -> costo: 95290.79999999999, rotte: {2: [(1, 2), (2, 3), (3, 7), (7, 8), (8, 9)], 3: [(1, 16), (16, 17), (17, 13), (13, 6), (6, 5), (5, 4), (4, 8)], 4: [(1, 10), (10, 14), (14, 11), (11, 12), (12, 15)]}, padri: [13], figli: [15, 12], mosse: [(3, 3, 5, 4, 13)]
15 -> costo: 94908.29999999999, rotte: {2: [(1, 2), (2, 3), (3, 7), (7, 8), (8, 9)], 3: [(1, 16), (16, 17), (17, 13), (13, 8), (8, 6), (6, 5), (5, 4)], 4: [(1, 10), (10, 14), (14, 11), (11, 12), (12, 15)]}, padri: [14], figli: [], mosse: [(3, 3, 13, 8, 9)]
bestSolutionIndice: 11
11 -> costo: 94466.0, rotte: {2: [(1, 2), (2, 3), (3, 7), (7, 8), (8, 9)], 3: [(1, 16), (16, 17), (17, 13), (13, 4), (4, 5), (5, 6), (6, 8)], 4: [(1, 10), (10, 14), (14, 11), (11, 12), (12, 15)]}, padri: [10, 12, 13], figli: [], mosse: [(3, 4, 4, 5, 14), (3, 3, 4, 5, 14), (3, 3, 5, 6, 15)]
trasportoPalletDiGamma: {2: [(2, 11), (3, 12), (7, 16), (8, 8), (9, 18)], 3: [(16, 5), (17, 6), (13, 2), (4, 13), (5, 14), (6, 15), (8, 9)], 4: [(10, 19), (14, 3), (11, 20), (12, 1), (15, 4)]}
itMosseLS: 18, itMosseTS: 7
time elapsed: 169.73s.


##########################################################################################
##########################################################################################
##########################################################################################
##########################################################################################
##########################################################################################
##########################################################################################
