itNSIMax: 5, itMosseTSMax: 75.
##########################################################################################
s: 1
dictSolutions[1]:
0 -> costo: 155656.19999999998, rotte: {2: [(1, 11), (11, 6), (6, 7), (7, 10)], 3: [(1, 5), (5, 16), (16, 12), (12, 2), (2, 15), (15, 4), (4, 10)], 4: [(1, 3), (3, 9), (9, 14), (14, 13), (13, 17), (17, 8)]}, padri: [-1], figli: [1], mosse: [-1]
1 -> costo: 136822.69999999998, rotte: {2: [(1, 11), (11, 6), (6, 7), (7, 10)], 3: [(1, 5), (5, 12), (12, 2), (2, 16), (16, 15), (15, 4), (4, 10)], 4: [(1, 3), (3, 9), (9, 14), (14, 13), (13, 17), (17, 8)]}, padri: [0], figli: [2], mosse: [(3, 3, 2, 16, 5)]
2 -> costo: 120580.99999999999, rotte: {2: [(1, 11), (11, 6), (6, 7), (7, 10)], 3: [(1, 5), (5, 12), (12, 2), (2, 16), (16, 15), (15, 4), (4, 10)], 4: [(1, 3), (3, 9), (9, 8), (8, 14), (14, 13), (13, 17)]}, padri: [1], figli: [3], mosse: [(4, 4, 9, 8, 17)]
3 -> costo: 113599.4, rotte: {2: [(1, 11), (11, 6), (6, 7), (7, 10)], 3: [(1, 5), (5, 2), (2, 16), (16, 15), (15, 12), (12, 4), (4, 10)], 4: [(1, 3), (3, 9), (9, 8), (8, 14), (14, 13), (13, 17)]}, padri: [2], figli: [4], mosse: [(3, 3, 15, 12, 1)]
4 -> costo: 109824.8, rotte: {2: [(1, 6), (6, 7), (7, 10), (10, 11)], 3: [(1, 5), (5, 2), (2, 16), (16, 15), (15, 12), (12, 4), (4, 10)], 4: [(1, 3), (3, 9), (9, 8), (8, 14), (14, 13), (13, 17)]}, padri: [3], figli: [5], mosse: [(2, 2, 10, 11, 20)]
5 -> costo: 108923.40000000001, rotte: {2: [(1, 6), (6, 7), (7, 10), (10, 11)], 3: [(1, 5), (5, 2), (2, 16), (16, 15), (15, 12), (12, 10), (10, 4)], 4: [(1, 3), (3, 9), (9, 8), (8, 14), (14, 13), (13, 17)]}, padri: [4], figli: [6], mosse: [(3, 3, 4, 10)]
6 -> costo: 108077.70000000001, rotte: {2: [(1, 6), (6, 7), (7, 10), (10, 11)], 3: [(1, 4), (4, 5), (5, 2), (2, 16), (16, 15), (15, 12), (12, 10)], 4: [(1, 3), (3, 9), (9, 8), (8, 14), (14, 13), (13, 17)]}, padri: [5], figli: [7], mosse: [(3, 3, 1, 4, 13)]
7 -> costo: 104518.40000000001, rotte: {2: [(1, 6), (6, 7), (7, 10), (10, 11)], 3: [(1, 4), (4, 5), (5, 2), (2, 10), (10, 16), (16, 15), (15, 12)], 4: [(1, 3), (3, 9), (9, 8), (8, 14), (14, 13), (13, 17)]}, padri: [6], figli: [8, 22], mosse: [(3, 3, 2, 10, 5)]
8 -> costo: 95550.3, rotte: {2: [(1, 6), (6, 7), (7, 10), (10, 11)], 3: [(1, 4), (4, 5), (5, 2), (2, 10), (10, 12), (12, 16), (16, 15)], 4: [(1, 3), (3, 9), (9, 8), (8, 14), (14, 13), (13, 17)]}, padri: [7], figli: [9, 11, 15, 18, 19, 21], mosse: [(3, 3, 10, 12, 1)]
9 -> costo: 95109.90000000001, rotte: {2: [(1, 6), (6, 7), (7, 10), (10, 11)], 3: [(1, 3), (3, 4), (4, 5), (5, 2), (2, 10), (10, 12), (12, 16), (16, 15)], 4: [(1, 9), (9, 8), (8, 14), (14, 13), (13, 17)]}, padri: [8, 15, 18], figli: [10, 17], mosse: [(3, 4, 1, 3, 12), (3, 3, 3, 4, 13), (3, 3, 4, 5, 14)]
10 -> costo: 94970.90000000001, rotte: {2: [(1, 7), (7, 6), (6, 10), (10, 11)], 3: [(1, 3), (3, 4), (4, 5), (5, 2), (2, 10), (10, 12), (12, 16), (16, 15)], 4: [(1, 9), (9, 8), (8, 14), (14, 13), (13, 17)]}, padri: [9, 16, 17, 21], figli: [], mosse: [(2, 2, 7, 6, 15), (3, 3, 3, 4, 13), (3, 3, 4, 5, 14), (3, 4, 1, 3, 12)]
11 -> costo: 95183.3, rotte: {2: [(1, 6), (6, 7), (7, 10), (10, 11)], 3: [(1, 4), (4, 5), (5, 3), (3, 2), (2, 10), (10, 12), (12, 16), (16, 15)], 4: [(1, 9), (9, 8), (8, 14), (14, 13), (13, 17)]}, padri: [8, 15, 19], figli: [12, 14], mosse: [(3, 4, 5, 3, 12), (3, 3, 5, 3, 12), (3, 3, 3, 2, 11)]
12 -> costo: 95044.3, rotte: {2: [(1, 7), (7, 6), (6, 10), (10, 11)], 3: [(1, 4), (4, 5), (5, 3), (3, 2), (2, 10), (10, 12), (12, 16), (16, 15)], 4: [(1, 9), (9, 8), (8, 14), (14, 13), (13, 17)]}, padri: [11, 16, 20, 21], figli: [13], mosse: [(2, 2, 7, 6, 15), (3, 3, 5, 3, 12), (3, 3, 3, 2, 11), (3, 4, 5, 3, 12)]
13 -> costo: 94983.8, rotte: {2: [(1, 7), (7, 6), (6, 10), (10, 11)], 3: [(1, 5), (5, 4), (4, 3), (3, 2), (2, 10), (10, 12), (12, 16), (16, 15)], 4: [(1, 9), (9, 8), (8, 14), (14, 13), (13, 17)]}, padri: [12, 14, 17], figli: [], mosse: [(3, 3, 5, 4, 13), (2, 2, 7, 6, 15), (3, 3, 4, 3, 12)]
14 -> costo: 95122.8, rotte: {2: [(1, 6), (6, 7), (7, 10), (10, 11)], 3: [(1, 5), (5, 4), (4, 3), (3, 2), (2, 10), (10, 12), (12, 16), (16, 15)], 4: [(1, 9), (9, 8), (8, 14), (14, 13), (13, 17)]}, padri: [11, 18], figli: [13], mosse: [(3, 3, 5, 4, 13), (3, 3, 4, 3, 12)]
15 -> costo: 95192.00000000001, rotte: {2: [(1, 6), (6, 7), (7, 10), (10, 11)], 3: [(1, 4), (4, 3), (3, 5), (5, 2), (2, 10), (10, 12), (12, 16), (16, 15)], 4: [(1, 9), (9, 8), (8, 14), (14, 13), (13, 17)]}, padri: [8], figli: [16, 9, 18, 11], mosse: [(3, 4, 4, 3, 12)]
16 -> costo: 95053.00000000001, rotte: {2: [(1, 7), (7, 6), (6, 10), (10, 11)], 3: [(1, 4), (4, 3), (3, 5), (5, 2), (2, 10), (10, 12), (12, 16), (16, 15)], 4: [(1, 9), (9, 8), (8, 14), (14, 13), (13, 17)]}, padri: [15, 21], figli: [10, 17, 12], mosse: [(2, 2, 7, 6, 15), (3, 4, 4, 3, 12)]
17 -> costo: 95038.1, rotte: {2: [(1, 7), (7, 6), (6, 10), (10, 11)], 3: [(1, 3), (3, 5), (5, 4), (4, 2), (2, 10), (10, 12), (12, 16), (16, 15)], 4: [(1, 9), (9, 8), (8, 14), (14, 13), (13, 17)]}, padri: [16, 18], figli: [10, 13], mosse: [(3, 3, 5, 4, 13), (2, 2, 7, 6, 15)]
18 -> costo: 95177.1, rotte: {2: [(1, 6), (6, 7), (7, 10), (10, 11)], 3: [(1, 3), (3, 5), (5, 4), (4, 2), (2, 10), (10, 12), (12, 16), (16, 15)], 4: [(1, 9), (9, 8), (8, 14), (14, 13), (13, 17)]}, padri: [15], figli: [17, 9, 14], mosse: [(3, 3, 5, 4, 13)]
19 -> costo: 95254.10000000002, rotte: {2: [(1, 6), (6, 7), (7, 10), (10, 11)], 3: [(1, 4), (4, 5), (5, 2), (2, 3), (3, 10), (10, 12), (12, 16), (16, 15)], 4: [(1, 9), (9, 8), (8, 14), (14, 13), (13, 17)]}, padri: [8], figli: [20, 11], mosse: [(3, 4, 2, 3, 12)]
20 -> costo: 95115.10000000002, rotte: {2: [(1, 7), (7, 6), (6, 10), (10, 11)], 3: [(1, 4), (4, 5), (5, 2), (2, 3), (3, 10), (10, 12), (12, 16), (16, 15)], 4: [(1, 9), (9, 8), (8, 14), (14, 13), (13, 17)]}, padri: [19, 21], figli: [12], mosse: [(2, 2, 7, 6, 15), (3, 4, 2, 3, 12)]
21 -> costo: 95411.3, rotte: {2: [(1, 7), (7, 6), (6, 10), (10, 11)], 3: [(1, 4), (4, 5), (5, 2), (2, 10), (10, 12), (12, 16), (16, 15)], 4: [(1, 3), (3, 9), (9, 8), (8, 14), (14, 13), (13, 17)]}, padri: [8], figli: [10, 12, 16, 20], mosse: [(2, 2, 7, 6, 15)]
22 -> costo: 101168.20000000001, rotte: {2: [(1, 6), (6, 7), (7, 10), (10, 11)], 3: [(1, 12), (12, 4), (4, 5), (5, 2), (2, 10), (10, 16), (16, 15)], 4: [(1, 3), (3, 9), (9, 8), (8, 14), (14, 13), (13, 17)]}, padri: [7], figli: [23, 37], mosse: [(3, 3, 1, 12, 1)]
23 -> costo: 91127.20000000001, rotte: {2: [(1, 6), (6, 7), (7, 10), (10, 11)], 3: [(1, 4), (4, 5), (5, 2), (2, 10), (10, 16), (16, 15)], 4: [(1, 3), (3, 9), (9, 8), (8, 14), (14, 13), (13, 12), (12, 17)]}, padri: [22], figli: [24, 26, 30, 33, 34, 36, 39, 41, 45], mosse: [(4, 3, 13, 12, 1)]
24 -> costo: 90686.8, rotte: {2: [(1, 6), (6, 7), (7, 10), (10, 11)], 3: [(1, 3), (3, 4), (4, 5), (5, 2), (2, 10), (10, 16), (16, 15)], 4: [(1, 9), (9, 8), (8, 14), (14, 13), (13, 12), (12, 17)]}, padri: [23, 30, 33, 38], figli: [25, 32], mosse: [(3, 4, 1, 3, 12), (3, 3, 3, 4, 13), (3, 3, 4, 5, 14), (4, 4, 13, 12, 1)]
25 -> costo: 90547.8, rotte: {2: [(1, 7), (7, 6), (6, 10), (10, 11)], 3: [(1, 3), (3, 4), (4, 5), (5, 2), (2, 10), (10, 16), (16, 15)], 4: [(1, 9), (9, 8), (8, 14), (14, 13), (13, 12), (12, 17)]}, padri: [24, 31, 32, 36, 39], figli: [], mosse: [(2, 2, 7, 6, 15), (3, 3, 3, 4, 13), (3, 3, 4, 5, 14), (3, 4, 1, 3, 12), (4, 4, 13, 12, 1)]
26 -> costo: 90760.2, rotte: {2: [(1, 6), (6, 7), (7, 10), (10, 11)], 3: [(1, 4), (4, 5), (5, 3), (3, 2), (2, 10), (10, 16), (16, 15)], 4: [(1, 9), (9, 8), (8, 14), (14, 13), (13, 12), (12, 17)]}, padri: [23, 30, 34, 40], figli: [27, 29, 42], mosse: [(3, 4, 5, 3, 12), (3, 3, 5, 3, 12), (3, 3, 3, 2, 11), (4, 4, 13, 12, 1)]
27 -> costo: 90621.2, rotte: {2: [(1, 7), (7, 6), (6, 10), (10, 11)], 3: [(1, 4), (4, 5), (5, 3), (3, 2), (2, 10), (10, 16), (16, 15)], 4: [(1, 9), (9, 8), (8, 14), (14, 13), (13, 12), (12, 17)]}, padri: [26, 31, 35, 36, 41], figli: [28], mosse: [(2, 2, 7, 6, 15), (3, 3, 5, 3, 12), (3, 3, 3, 2, 11), (3, 4, 5, 3, 12), (4, 4, 13, 12, 1)]
28 -> costo: 90560.7, rotte: {2: [(1, 7), (7, 6), (6, 10), (10, 11)], 3: [(1, 5), (5, 4), (4, 3), (3, 2), (2, 10), (10, 16), (16, 15)], 4: [(1, 9), (9, 8), (8, 14), (14, 13), (13, 12), (12, 17)]}, padri: [27, 29, 32, 42], figli: [], mosse: [(3, 3, 5, 4, 13), (2, 2, 7, 6, 15), (3, 3, 4, 3, 12), (4, 4, 13, 12, 1)]
29 -> costo: 90699.7, rotte: {2: [(1, 6), (6, 7), (7, 10), (10, 11)], 3: [(1, 5), (5, 4), (4, 3), (3, 2), (2, 10), (10, 16), (16, 15)], 4: [(1, 9), (9, 8), (8, 14), (14, 13), (13, 12), (12, 17)]}, padri: [26, 33, 43], figli: [28], mosse: [(3, 3, 5, 4, 13), (3, 3, 4, 3, 12), (4, 4, 13, 12, 1)]
30 -> costo: 90768.90000000001, rotte: {2: [(1, 6), (6, 7), (7, 10), (10, 11)], 3: [(1, 4), (4, 3), (3, 5), (5, 2), (2, 10), (10, 16), (16, 15)], 4: [(1, 9), (9, 8), (8, 14), (14, 13), (13, 12), (12, 17)]}, padri: [23, 44], figli: [31, 24, 33, 26, 39, 41], mosse: [(3, 4, 4, 3, 12), (4, 4, 13, 12, 1)]
31 -> costo: 90629.90000000001, rotte: {2: [(1, 7), (7, 6), (6, 10), (10, 11)], 3: [(1, 4), (4, 3), (3, 5), (5, 2), (2, 10), (10, 16), (16, 15)], 4: [(1, 9), (9, 8), (8, 14), (14, 13), (13, 12), (12, 17)]}, padri: [30, 36, 45], figli: [25, 32, 27, 42], mosse: [(2, 2, 7, 6, 15), (3, 4, 4, 3, 12), (4, 4, 13, 12, 1)]
32 -> costo: 90615.0, rotte: {2: [(1, 7), (7, 6), (6, 10), (10, 11)], 3: [(1, 3), (3, 5), (5, 4), (4, 2), (2, 10), (10, 16), (16, 15)], 4: [(1, 9), (9, 8), (8, 14), (14, 13), (13, 12), (12, 17)]}, padri: [31, 33], figli: [25, 28], mosse: [(3, 3, 5, 4, 13), (2, 2, 7, 6, 15)]
33 -> costo: 90754.0, rotte: {2: [(1, 6), (6, 7), (7, 10), (10, 11)], 3: [(1, 3), (3, 5), (5, 4), (4, 2), (2, 10), (10, 16), (16, 15)], 4: [(1, 9), (9, 8), (8, 14), (14, 13), (13, 12), (12, 17)]}, padri: [30], figli: [32, 24, 29, 39], mosse: [(3, 3, 5, 4, 13)]
34 -> costo: 90831.00000000001, rotte: {2: [(1, 6), (6, 7), (7, 10), (10, 11)], 3: [(1, 4), (4, 5), (5, 2), (2, 3), (3, 10), (10, 16), (16, 15)], 4: [(1, 9), (9, 8), (8, 14), (14, 13), (13, 12), (12, 17)]}, padri: [23], figli: [35, 26, 41], mosse: [(3, 4, 2, 3, 12)]
35 -> costo: 90692.00000000001, rotte: {2: [(1, 7), (7, 6), (6, 10), (10, 11)], 3: [(1, 4), (4, 5), (5, 2), (2, 3), (3, 10), (10, 16), (16, 15)], 4: [(1, 9), (9, 8), (8, 14), (14, 13), (13, 12), (12, 17)]}, padri: [34, 36], figli: [27, 42], mosse: [(2, 2, 7, 6, 15), (3, 4, 2, 3, 12)]
36 -> costo: 90988.20000000001, rotte: {2: [(1, 7), (7, 6), (6, 10), (10, 11)], 3: [(1, 4), (4, 5), (5, 2), (2, 10), (10, 16), (16, 15)], 4: [(1, 3), (3, 9), (9, 8), (8, 14), (14, 13), (13, 12), (12, 17)]}, padri: [23], figli: [25, 27, 31, 35, 42], mosse: [(2, 2, 7, 6, 15)]
37 -> costo: 91430.90000000002, rotte: {2: [(1, 6), (6, 7), (7, 10), (10, 11)], 3: [(1, 4), (4, 5), (5, 2), (2, 10), (10, 16), (16, 15)], 4: [(1, 3), (3, 9), (9, 8), (8, 14), (14, 12), (12, 13), (13, 17)]}, padri: [22], figli: [38, 40, 44], mosse: [(4, 3, 14, 12, 1)]
38 -> costo: 90990.50000000001, rotte: {2: [(1, 6), (6, 7), (7, 10), (10, 11)], 3: [(1, 3), (3, 4), (4, 5), (5, 2), (2, 10), (10, 16), (16, 15)], 4: [(1, 9), (9, 8), (8, 14), (14, 12), (12, 13), (13, 17)]}, padri: [37], figli: [24, 39], mosse: [(3, 4, 1, 3, 12)]
39 -> costo: 90851.50000000001, rotte: {2: [(1, 7), (7, 6), (6, 10), (10, 11)], 3: [(1, 3), (3, 4), (4, 5), (5, 2), (2, 10), (10, 16), (16, 15)], 4: [(1, 9), (9, 8), (8, 14), (14, 12), (12, 13), (13, 17)]}, padri: [38, 45], figli: [25], mosse: [(2, 2, 7, 6, 15), (3, 3, 3, 4, 13)]
40 -> costo: 91063.90000000001, rotte: {2: [(1, 6), (6, 7), (7, 10), (10, 11)], 3: [(1, 4), (4, 5), (5, 3), (3, 2), (2, 10), (10, 16), (16, 15)], 4: [(1, 9), (9, 8), (8, 14), (14, 12), (12, 13), (13, 17)]}, padri: [37], figli: [26, 41, 43], mosse: [(3, 4, 5, 3, 12)]
41 -> costo: 90924.90000000001, rotte: {2: [(1, 7), (7, 6), (6, 10), (10, 11)], 3: [(1, 4), (4, 5), (5, 3), (3, 2), (2, 10), (10, 16), (16, 15)], 4: [(1, 9), (9, 8), (8, 14), (14, 12), (12, 13), (13, 17)]}, padri: [40], figli: [27, 42], mosse: [(2, 2, 7, 6, 15)]
42 -> costo: 90864.40000000001, rotte: {2: [(1, 7), (7, 6), (6, 10), (10, 11)], 3: [(1, 5), (5, 4), (4, 3), (3, 2), (2, 10), (10, 16), (16, 15)], 4: [(1, 9), (9, 8), (8, 14), (14, 12), (12, 13), (13, 17)]}, padri: [41, 43], figli: [28], mosse: [(3, 3, 5, 4, 13), (2, 2, 7, 6, 15)]
43 -> costo: 91003.40000000001, rotte: {2: [(1, 6), (6, 7), (7, 10), (10, 11)], 3: [(1, 5), (5, 4), (4, 3), (3, 2), (2, 10), (10, 16), (16, 15)], 4: [(1, 9), (9, 8), (8, 14), (14, 12), (12, 13), (13, 17)]}, padri: [40], figli: [29, 42], mosse: [(3, 3, 5, 4, 13)]
44 -> costo: 91072.60000000002, rotte: {2: [(1, 6), (6, 7), (7, 10), (10, 11)], 3: [(1, 4), (4, 3), (3, 5), (5, 2), (2, 10), (10, 16), (16, 15)], 4: [(1, 9), (9, 8), (8, 14), (14, 12), (12, 13), (13, 17)]}, padri: [37], figli: [30, 45], mosse: [(3, 4, 4, 3, 12)]
45 -> costo: 90933.60000000002, rotte: {2: [(1, 7), (7, 6), (6, 10), (10, 11)], 3: [(1, 4), (4, 3), (3, 5), (5, 2), (2, 10), (10, 16), (16, 15)], 4: [(1, 9), (9, 8), (8, 14), (14, 12), (12, 13), (13, 17)]}, padri: [44], figli: [31, 39], mosse: [(2, 2, 7, 6, 15)]
bestSolutionIndice: 25
25 -> costo: 90547.8, rotte: {2: [(1, 7), (7, 6), (6, 10), (10, 11)], 3: [(1, 3), (3, 4), (4, 5), (5, 2), (2, 10), (10, 16), (16, 15)], 4: [(1, 9), (9, 8), (8, 14), (14, 13), (13, 12), (12, 17)]}, padri: [24, 31, 32, 36, 39], figli: [], mosse: [(2, 2, 7, 6, 15), (3, 3, 3, 4, 13), (3, 3, 4, 5, 14), (3, 4, 1, 3, 12), (4, 4, 13, 12, 1)]
trasportoPalletDiGamma: {2: [(7, 16), (6, 15), (10, 14), (11, 20)], 3: [(3, 12), (4, 13), (5, 14), (2, 11), (10, 5), (16, 5), (15, 4)], 4: [(9, 18), (8, 17), (14, 3), (13, 2), (12, 1), (17, 6)]}
itMosseLS: 87, itMosseTS: 75
time elapsed: 2913.44s.


##########################################################################################
s: 1
dictSolutions[1]:
0 -> costo: 167788.8, rotte: {2: [(1, 15), (15, 2), (2, 5), (5, 17), (17, 7), (7, 12)], 4: [(1, 8), (8, 10), (10, 13), (13, 3), (3, 16), (16, 11)], 3: [(1, 4), (4, 9), (9, 14), (14, 6), (6, 11)]}, padri: [-1], figli: [1], mosse: [-1]
1 -> costo: 148147.09999999998, rotte: {2: [(1, 2), (2, 5), (5, 15), (15, 17), (17, 7), (7, 12)], 4: [(1, 8), (8, 10), (10, 13), (13, 3), (3, 16), (16, 11)], 3: [(1, 4), (4, 9), (9, 14), (14, 6), (6, 11)]}, padri: [0], figli: [2], mosse: [(2, 2, 5, 15, 4)]
2 -> costo: 134982.19999999995, rotte: {2: [(1, 2), (2, 5), (5, 15), (15, 17), (17, 7), (7, 12)], 4: [(1, 8), (8, 10), (10, 11), (11, 13), (13, 3), (3, 16)], 3: [(1, 4), (4, 9), (9, 14), (14, 6), (6, 11)]}, padri: [1], figli: [3], mosse: [(4, 4, 10, 11, 4)]
3 -> costo: 124342.79999999997, rotte: {2: [(1, 2), (2, 5), (5, 15), (15, 17), (17, 7), (7, 12)], 4: [(1, 8), (8, 10), (10, 11), (11, 13), (13, 3), (3, 16)], 3: [(1, 4), (4, 9), (9, 6), (6, 11), (11, 14)]}, padri: [2], figli: [4], mosse: [(3, 3, 11, 14, 3)]
4 -> costo: 121626.89999999998, rotte: {2: [(1, 2), (2, 5), (5, 15), (15, 17), (17, 12), (12, 7)], 4: [(1, 8), (8, 10), (10, 11), (11, 13), (13, 3), (3, 16)], 3: [(1, 4), (4, 9), (9, 6), (6, 11), (11, 14)]}, padri: [3], figli: [5], mosse: [(2, 2, 7, 12)]
5 -> costo: 115708.79999999999, rotte: {2: [(1, 2), (2, 5), (5, 7), (7, 15), (15, 17), (17, 12)], 4: [(1, 8), (8, 10), (10, 11), (11, 13), (13, 3), (3, 16)], 3: [(1, 4), (4, 9), (9, 6), (6, 11), (11, 14)]}, padri: [4], figli: [6], mosse: [(2, 2, 5, 7, 16)]
6 -> costo: 107735.5, rotte: {2: [(1, 2), (2, 5), (5, 7), (7, 12), (12, 15), (15, 17)], 4: [(1, 8), (8, 10), (10, 11), (11, 13), (13, 3), (3, 16)], 3: [(1, 4), (4, 9), (9, 6), (6, 11), (11, 14)]}, padri: [5], figli: [7], mosse: [(2, 2, 7, 12, 1)]
7 -> costo: 105679.7, rotte: {2: [(1, 2), (2, 5), (5, 7), (7, 12), (12, 15), (15, 17)], 4: [(1, 8), (8, 10), (10, 11), (11, 13), (13, 3), (3, 16)], 3: [(1, 4), (4, 6), (6, 9), (9, 11), (11, 14)]}, padri: [6], figli: [8], mosse: [(3, 3, 6, 9, 18)]
8 -> costo: 104273.6, rotte: {2: [(1, 2), (2, 5), (5, 7), (7, 4), (4, 12), (12, 15), (15, 17)], 4: [(1, 8), (8, 10), (10, 11), (11, 13), (13, 3), (3, 16)], 3: [(1, 6), (6, 9), (9, 11), (11, 14)]}, padri: [7], figli: [9], mosse: [(2, 3, 7, 4, 13)]
9 -> costo: 102940.7, rotte: {2: [(1, 2), (2, 5), (5, 7), (7, 4), (4, 12), (12, 15), (15, 17)], 4: [(1, 10), (10, 11), (11, 13), (13, 8), (8, 3), (3, 16)], 3: [(1, 6), (6, 9), (9, 11), (11, 14)]}, padri: [8], figli: [10], mosse: [(4, 4, 13, 8, 17)]
10 -> costo: 101444.79999999999, rotte: {2: [(1, 2), (2, 5), (5, 7), (7, 4), (4, 12), (12, 15), (15, 17)], 4: [(1, 11), (11, 13), (13, 8), (8, 10), (10, 3), (3, 16)], 3: [(1, 6), (6, 9), (9, 11), (11, 14)]}, padri: [9], figli: [11], mosse: [(4, 4, 8, 10, 19)]
11 -> costo: 100990.20000000001, rotte: {2: [(1, 2), (2, 5), (5, 7), (7, 4), (4, 12), (12, 15), (15, 17)], 4: [(1, 13), (13, 8), (8, 10), (10, 3), (3, 16)], 3: [(1, 6), (6, 9), (9, 11), (11, 14)]}, padri: [10], figli: [12, 16, 17, 20, 21, 22], mosse: [(3, 4, 1, 11, 4)]
12 -> costo: 93622.70000000001, rotte: {2: [(1, 2), (2, 5), (5, 7), (7, 4), (4, 12), (12, 15), (15, 17)], 4: [(1, 8), (8, 10), (10, 3), (3, 16)], 3: [(1, 6), (6, 9), (9, 13), (13, 11), (11, 14)]}, padri: [11, 16, 20], figli: [13, 13, 13, 15, 15, 15, 18, 18, 18], mosse: [(3, 4, 9, 13, 2), (3, 3, 13, 11, 20), (3, 3, 9, 13, 2)]
13 -> costo: 93434.30000000002, rotte: {2: [(1, 2), (2, 5), (5, 7), (7, 4), (4, 12), (12, 17), (17, 15)], 4: [(1, 8), (8, 10), (10, 3), (3, 16)], 3: [(1, 6), (6, 9), (9, 13), (13, 11), (11, 14)]}, padri: [12, 12, 12, 17], figli: [14], mosse: [(2, 2, 15, 17), (2, 2, 12, 17, 6), (2, 2, 17, 15, 4), (3, 3, 13, 11, 20)]
14 -> costo: 93413.40000000001, rotte: {2: [(1, 2), (2, 5), (5, 7), (7, 4), (4, 12), (12, 17), (17, 15)], 4: [(1, 10), (10, 8), (8, 3), (3, 16)], 3: [(1, 6), (6, 9), (9, 13), (13, 11), (11, 14)]}, padri: [13, 15, 15, 15, 18], figli: [], mosse: [(4, 4, 10, 8, 17), (2, 2, 15, 17), (2, 2, 12, 17, 6), (2, 2, 17, 15, 4), (3, 3, 13, 11, 20)]
15 -> costo: 93601.8, rotte: {2: [(1, 2), (2, 5), (5, 7), (7, 4), (4, 12), (12, 15), (15, 17)], 4: [(1, 10), (10, 8), (8, 3), (3, 16)], 3: [(1, 6), (6, 9), (9, 13), (13, 11), (11, 14)]}, padri: [12, 19], figli: [14, 14, 14], mosse: [(4, 4, 10, 8, 17), (3, 3, 13, 11, 20)]
16 -> costo: 93895.1, rotte: {2: [(1, 2), (2, 5), (5, 7), (7, 4), (4, 12), (12, 15), (15, 17)], 4: [(1, 8), (8, 10), (10, 3), (3, 16)], 3: [(1, 6), (6, 9), (9, 11), (11, 13), (13, 14)]}, padri: [11, 20, 20, 20, 21], figli: [12, 17, 17, 17, 19, 19, 19, 23, 23, 23], mosse: [(3, 4, 11, 13, 2), (3, 3, 11, 13, 2), (3, 3, 13, 14, 3), (3, 3, 14, 13), (3, 3, 13, 14, 3)]
17 -> costo: 93706.70000000001, rotte: {2: [(1, 2), (2, 5), (5, 7), (7, 4), (4, 12), (12, 17), (17, 15)], 4: [(1, 8), (8, 10), (10, 3), (3, 16)], 3: [(1, 6), (6, 9), (9, 11), (11, 13), (13, 14)]}, padri: [16, 16, 16, 22], figli: [13, 18], mosse: [(2, 2, 15, 17), (2, 2, 12, 17, 6), (2, 2, 17, 15, 4), (3, 3, 13, 14, 3)]
18 -> costo: 93685.8, rotte: {2: [(1, 2), (2, 5), (5, 7), (7, 4), (4, 12), (12, 17), (17, 15)], 4: [(1, 10), (10, 8), (8, 3), (3, 16)], 3: [(1, 6), (6, 9), (9, 11), (11, 13), (13, 14)]}, padri: [17, 19, 19, 19, 23], figli: [14], mosse: [(4, 4, 10, 8, 17), (2, 2, 15, 17), (2, 2, 12, 17, 6), (2, 2, 17, 15, 4), (3, 3, 13, 14, 3)]
19 -> costo: 93874.2, rotte: {2: [(1, 2), (2, 5), (5, 7), (7, 4), (4, 12), (12, 15), (15, 17)], 4: [(1, 10), (10, 8), (8, 3), (3, 16)], 3: [(1, 6), (6, 9), (9, 11), (11, 13), (13, 14)]}, padri: [16], figli: [15, 18, 18, 18], mosse: [(4, 4, 10, 8, 17)]
20 -> costo: 94383.5, rotte: {2: [(1, 2), (2, 5), (5, 7), (7, 4), (4, 12), (12, 15), (15, 17)], 4: [(1, 8), (8, 10), (10, 3), (3, 16)], 3: [(1, 6), (6, 9), (9, 11), (11, 14), (14, 13)]}, padri: [11], figli: [12, 16, 16, 16, 21, 21, 21, 22, 22, 22], mosse: [(3, 4, 14, 13, 2)]
21 -> costo: 94178.4, rotte: {2: [(1, 2), (2, 5), (5, 7), (7, 4), (4, 12), (12, 15), (15, 17)], 4: [(1, 8), (8, 10), (10, 3), (3, 16)], 3: [(1, 6), (6, 9), (9, 14), (14, 11), (11, 13)]}, padri: [20], figli: [16, 22, 22], mosse: [(3, 3, 14, 11, 20)]
22 -> costo: 93990.0, rotte: {2: [(1, 2), (2, 5), (5, 7), (7, 4), (4, 12), (12, 17), (17, 15)], 4: [(1, 8), (8, 10), (10, 3), (3, 16)], 3: [(1, 6), (6, 9), (9, 14), (14, 11), (11, 13)]}, padri: [21, 21], figli: [17, 23], mosse: [(2, 2, 15, 17), (2, 2, 12, 17, 6)]
23 -> costo: 93969.09999999999, rotte: {2: [(1, 2), (2, 5), (5, 7), (7, 4), (4, 12), (12, 17), (17, 15)], 4: [(1, 10), (10, 8), (8, 3), (3, 16)], 3: [(1, 6), (6, 9), (9, 14), (14, 11), (11, 13)]}, padri: [22], figli: [18], mosse: [(4, 4, 10, 8, 17)]
bestSolutionIndice: 14
14 -> costo: 93413.40000000001, rotte: {2: [(1, 2), (2, 5), (5, 7), (7, 4), (4, 12), (12, 17), (17, 15)], 4: [(1, 10), (10, 8), (8, 3), (3, 16)], 3: [(1, 6), (6, 9), (9, 13), (13, 11), (11, 14)]}, padri: [13, 15, 15, 15, 18], figli: [], mosse: [(4, 4, 10, 8, 17), (2, 2, 15, 17), (2, 2, 12, 17, 6), (2, 2, 17, 15, 4), (3, 3, 13, 11, 20)]
trasportoPalletDiGamma: {2: [(2, 11), (5, 14), (7, 16), (4, 13), (12, 1), (17, 6), (15, 4)], 4: [(10, 19), (8, 17), (3, 12), (16, 5)], 3: [(6, 15), (9, 18), (13, 2), (11, 20), (14, 3)]}
itMosseLS: 45, itMosseTS: 31
time elapsed: 691.34s.


##########################################################################################
##########################################################################################
##########################################################################################
