itNSIMax: 10, itMosseTSMax: 20.
##########################################################################################
s: 1, itNSI: 1.
soluzione iniziale: 0
0 -> 
costo: 151490.69999999998, 
rotte: {2: [(1, 7), (7, 12), (12, 6), (6, 13), (13, 8), (8, 14), (14, 2), (2, 3), (3, 16)], 3: [(1, 4), (4, 10), (10, 9), (9, 17), (17, 18), (18, 15), (15, 11), (11, 5)]}
trasportoPalletDiGamma: {2: [(7, 16), (12, 1), (6, 15), (13, 2), (8, 17), (14, 3), (2, 11), (3, 12), (16, 5)], 3: [(4, 13), (10, 19), (9, 18), (17, 6), (18, 5), (15, 4), (11, 20), (5, 14)]}
bestSolutionIndice: 9
9 -> 
costo: 84684.10000000002, 
rotte: {2: [(1, 5), (5, 7), (7, 6), (6, 13), (13, 12), (12, 14), (14, 8), (8, 3), (3, 2), (2, 16)], 3: [(1, 4), (4, 10), (10, 18), (18, 9), (9, 11), (11, 17), (17, 15)]}
trasportoPalletDiGamma: {2: [(5, 14), (7, 16), (6, 15), (13, 2), (12, 1), (14, 3), (8, 17), (3, 12), (2, 11), (16, 5)], 3: [(4, 13), (10, 19), (18, 5), (9, 18), (11, 20), (17, 6), (15, 4)]}
itMosseLS: 30, itMosseTS: 20
numero di soluzioni totali trovati: 21.
time elapsed: 408.83s.


##########################################################################################
s: 1, itNSI: 2.
soluzione iniziale: 0
0 -> 
costo: 146652.30000000002, 
rotte: {3: [(1, 3), (3, 18), (18, 11), (11, 4), (4, 7), (7, 8), (8, 2), (2, 6)], 2: [(1, 12), (12, 15), (15, 10), (10, 9), (9, 16), (16, 5), (5, 14), (14, 13), (13, 17), (17, 6)]}
trasportoPalletDiGamma: {3: [(3, 12), (18, 5), (11, 20), (4, 13), (7, 16), (8, 17), (2, 11), (6, 6)], 2: [(12, 1), (15, 4), (10, 19), (9, 18), (16, 5), (5, 14), (14, 3), (13, 2), (17, 6), (6, 9)]}
bestSolutionIndice: 10
10 -> 
costo: 68672.6, 
rotte: {3: [(1, 3), (3, 4), (4, 7), (7, 8), (8, 18), (18, 2), (2, 11)], 2: [(1, 5), (5, 6), (6, 10), (10, 9), (9, 14), (14, 13), (13, 12), (12, 16), (16, 17), (17, 15)]}
trasportoPalletDiGamma: {3: [(3, 12), (4, 13), (7, 16), (8, 17), (18, 5), (2, 11), (11, 20)], 2: [(5, 14), (6, 15), (10, 19), (9, 18), (14, 3), (13, 2), (12, 1), (16, 5), (17, 6), (15, 4)]}
itMosseLS: 27, itMosseTS: 20
numero di soluzioni totali trovati: 15.
time elapsed: 432.79s.


##########################################################################################
s: 1, itNSI: 3.
soluzione iniziale: 0
0 -> 
costo: 153273.79999999996, 
rotte: {2: [(1, 8), (8, 15), (15, 12), (12, 10), (10, 4), (4, 14), (14, 18), (18, 16), (16, 3), (3, 17)], 3: [(1, 5), (5, 6), (6, 9), (9, 13), (13, 11), (11, 7), (7, 2), (2, 17)]}
trasportoPalletDiGamma: {2: [(8, 17), (15, 4), (12, 1), (10, 19), (4, 13), (14, 3), (18, 5), (16, 5), (3, 12), (17, 2)], 3: [(5, 14), (6, 15), (9, 18), (13, 2), (11, 20), (7, 16), (2, 11), (17, 4)]}
bestSolutionIndice: 13
13 -> 
costo: 64972.4, 
rotte: {2: [(1, 18), (18, 8), (8, 10), (10, 4), (4, 3), (3, 17), (17, 16), (16, 15)], 3: [(1, 13), (13, 12), (12, 11), (11, 14), (14, 9), (9, 6), (6, 7), (7, 5), (5, 2)]}
trasportoPalletDiGamma: {2: [(18, 5), (8, 17), (10, 19), (4, 13), (3, 12), (17, 6), (16, 5), (15, 4)], 3: [(13, 2), (12, 1), (11, 20), (14, 3), (9, 18), (6, 15), (7, 16), (5, 14), (2, 11)]}
itMosseLS: 34, itMosseTS: 20
numero di soluzioni totali trovati: 25.
time elapsed: 293.11s.


##########################################################################################
s: 1, itNSI: 4.
soluzione iniziale: 0
0 -> 
costo: 138842.0, 
rotte: {2: [(1, 2), (2, 16), (16, 10), (10, 18), (18, 5), (5, 8), (8, 9), (9, 6)], 3: [(1, 4), (4, 17), (17, 7), (7, 11), (11, 3), (3, 15), (15, 12), (12, 13), (13, 14), (14, 6)]}
trasportoPalletDiGamma: {2: [(2, 11), (16, 5), (10, 19), (18, 5), (5, 14), (8, 17), (9, 18), (6, 11)], 3: [(4, 13), (17, 6), (7, 16), (11, 20), (3, 12), (15, 4), (12, 1), (13, 2), (14, 3), (6, 4)]}
bestSolutionIndice: 9
9 -> 
costo: 78470.0, 
rotte: {2: [(1, 10), (10, 8), (8, 9), (9, 18), (18, 5), (5, 2), (2, 16)], 3: [(1, 6), (6, 7), (7, 4), (4, 3), (3, 15), (15, 17), (17, 12), (12, 13), (13, 11), (11, 14)]}
trasportoPalletDiGamma: {2: [(10, 19), (8, 17), (9, 18), (18, 5), (5, 14), (2, 11), (16, 5)], 3: [(6, 15), (7, 16), (4, 13), (3, 12), (15, 4), (17, 6), (12, 1), (13, 2), (11, 20), (14, 3)]}
itMosseLS: 29, itMosseTS: 20
numero di soluzioni totali trovati: 11.
time elapsed: 211.62s.


##########################################################################################
s: 1, itNSI: 5.
soluzione iniziale: 0
0 -> 
costo: 142801.3, 
rotte: {2: [(1, 7), (7, 11), (11, 12), (12, 8), (8, 6), (6, 13), (13, 15), (15, 4), (4, 14)], 3: [(1, 17), (17, 9), (9, 5), (5, 18), (18, 2), (2, 3), (3, 16), (16, 10)]}
trasportoPalletDiGamma: {2: [(7, 16), (11, 20), (12, 1), (8, 17), (6, 15), (13, 2), (15, 4), (4, 13), (14, 3)], 3: [(17, 6), (9, 18), (5, 14), (18, 5), (2, 11), (3, 12), (16, 5), (10, 19)]}
bestSolutionIndice: 16
16 -> 
costo: 73863.3, 
rotte: {2: [(1, 6), (6, 7), (7, 4), (4, 8), (8, 13), (13, 14), (14, 11), (11, 12), (12, 15)], 3: [(1, 10), (10, 9), (9, 18), (18, 5), (5, 3), (3, 2), (2, 17), (17, 16)]}
trasportoPalletDiGamma: {2: [(6, 15), (7, 16), (4, 13), (8, 17), (13, 2), (14, 3), (11, 20), (12, 1), (15, 4)], 3: [(10, 19), (9, 18), (18, 5), (5, 14), (3, 12), (2, 11), (17, 6), (16, 5)]}
itMosseLS: 31, itMosseTS: 20
numero di soluzioni totali trovati: 19.
time elapsed: 249.27s.


##########################################################################################
s: 1, itNSI: 6.
soluzione iniziale: 0
0 -> 
costo: 146673.10000000003, 
rotte: {2: [(1, 17), (17, 2), (2, 6), (6, 10), (10, 9), (9, 7), (7, 8)], 3: [(1, 4), (4, 13), (13, 3), (3, 16), (16, 18), (18, 12), (12, 15), (15, 5), (5, 11), (11, 14), (14, 8)]}
trasportoPalletDiGamma: {2: [(17, 6), (2, 11), (6, 15), (10, 19), (9, 18), (7, 16), (8, 15)], 3: [(4, 13), (13, 2), (3, 12), (16, 5), (18, 5), (12, 1), (15, 4), (5, 14), (11, 20), (14, 3), (8, 2)]}
bestSolutionIndice: 12
12 -> 
costo: 64153.799999999996, 
rotte: {2: [(1, 10), (10, 6), (6, 7), (7, 8), (8, 9)], 3: [(1, 2), (2, 3), (3, 4), (4, 5), (5, 18), (18, 17), (17, 16), (16, 15), (15, 12), (12, 13), (13, 11), (11, 14)]}
trasportoPalletDiGamma: {2: [(10, 19), (6, 15), (7, 16), (8, 17), (9, 18)], 3: [(2, 11), (3, 12), (4, 13), (5, 14), (18, 5), (17, 6), (16, 5), (15, 4), (12, 1), (13, 2), (11, 20), (14, 3)]}
itMosseLS: 33, itMosseTS: 20
numero di soluzioni totali trovati: 19.
time elapsed: 268.62s.


##########################################################################################
s: 1, itNSI: 7.
soluzione iniziale: 0
0 -> 
costo: 153505.0, 
rotte: {3: [(1, 3), (3, 16), (16, 2), (2, 11), (11, 18), (18, 5), (5, 9), (9, 15), (15, 8)], 2: [(1, 10), (10, 6), (6, 7), (7, 12), (12, 17), (17, 4), (4, 13), (13, 14), (14, 8)]}
trasportoPalletDiGamma: {3: [(3, 12), (16, 5), (2, 11), (11, 20), (18, 5), (5, 14), (9, 18), (15, 4), (8, 11)], 2: [(10, 19), (6, 15), (7, 16), (12, 1), (17, 6), (4, 13), (13, 2), (14, 3), (8, 6)]}
bestSolutionIndice: 12
12 -> 
costo: 73802.79999999999, 
rotte: {3: [(1, 2), (2, 5), (5, 18), (18, 8), (8, 9), (9, 11), (11, 16), (16, 15)], 2: [(1, 6), (6, 7), (7, 4), (4, 3), (3, 10), (10, 14), (14, 13), (13, 12), (12, 17)]}
trasportoPalletDiGamma: {3: [(2, 11), (5, 14), (18, 5), (8, 17), (9, 18), (11, 20), (16, 5), (15, 4)], 2: [(6, 15), (7, 16), (4, 13), (3, 12), (10, 19), (14, 3), (13, 2), (12, 1), (17, 6)]}
itMosseLS: 29, itMosseTS: 20
numero di soluzioni totali trovati: 15.
time elapsed: 231.37s.


##########################################################################################
s: 1, itNSI: 8.
soluzione iniziale: 0
0 -> 
costo: 141750.6, 
rotte: {3: [(1, 14), (14, 11), (11, 3), (3, 4), (4, 16), (16, 7), (7, 6), (6, 12), (12, 5)], 2: [(1, 15), (15, 8), (8, 13), (13, 17), (17, 2), (2, 18), (18, 10), (10, 9)]}
trasportoPalletDiGamma: {3: [(14, 3), (11, 20), (3, 12), (4, 13), (16, 5), (7, 16), (6, 15), (12, 1), (5, 14)], 2: [(15, 4), (8, 17), (13, 2), (17, 6), (2, 11), (18, 5), (10, 19), (9, 18)]}
bestSolutionIndice: 17
17 -> 
costo: 78241.5, 
rotte: {3: [(1, 3), (3, 4), (4, 7), (7, 5), (5, 6), (6, 11), (11, 12), (12, 16), (16, 15)], 2: [(1, 13), (13, 14), (14, 8), (8, 9), (9, 18), (18, 10), (10, 2), (2, 17)]}
trasportoPalletDiGamma: {3: [(3, 12), (4, 13), (7, 16), (5, 14), (6, 15), (11, 20), (12, 1), (16, 5), (15, 4)], 2: [(13, 2), (14, 3), (8, 17), (9, 18), (18, 5), (10, 19), (2, 11), (17, 6)]}
itMosseLS: 31, itMosseTS: 20
numero di soluzioni totali trovati: 25.
time elapsed: 199.55s.


##########################################################################################
s: 1, itNSI: 9.
soluzione iniziale: 0
0 -> 
costo: 128215.5, 
rotte: {2: [(1, 5), (5, 9), (9, 15), (15, 12), (12, 14), (14, 13), (13, 11), (11, 17), (17, 18), (18, 4)], 3: [(1, 10), (10, 2), (2, 7), (7, 3), (3, 6), (6, 16), (16, 8), (8, 4)]}
trasportoPalletDiGamma: {2: [(5, 14), (9, 18), (15, 4), (12, 1), (14, 3), (13, 2), (11, 20), (17, 6), (18, 5), (4, 8)], 3: [(10, 19), (2, 11), (7, 16), (3, 12), (6, 15), (16, 5), (8, 17), (4, 5)]}
bestSolutionIndice: 10
10 -> 
costo: 73988.4, 
rotte: {2: [(1, 4), (4, 5), (5, 18), (18, 9), (9, 13), (13, 14), (14, 11), (11, 12), (12, 17), (17, 15)], 3: [(1, 2), (2, 4), (4, 7), (7, 6), (6, 8), (8, 10), (10, 3), (3, 16)]}
trasportoPalletDiGamma: {2: [(4, 8), (5, 14), (18, 5), (9, 18), (13, 2), (14, 3), (11, 20), (12, 1), (17, 6), (15, 4)], 3: [(2, 11), (4, 5), (7, 16), (6, 15), (8, 17), (10, 19), (3, 12), (16, 5)]}
itMosseLS: 29, itMosseTS: 20
numero di soluzioni totali trovati: 17.
time elapsed: 382.44s.


##########################################################################################
s: 1, itNSI: 10.
soluzione iniziale: 0
0 -> 
costo: 124713.50000000001, 
rotte: {3: [(1, 7), (7, 12), (12, 18), (18, 10), (10, 2), (2, 9), (9, 11), (11, 17), (17, 8)], 2: [(1, 5), (5, 3), (3, 13), (13, 14), (14, 15), (15, 16), (16, 6), (6, 4), (4, 8)]}
trasportoPalletDiGamma: {3: [(7, 16), (12, 1), (18, 5), (10, 19), (2, 11), (9, 18), (11, 20), (17, 6), (8, 4)], 2: [(5, 14), (3, 12), (13, 2), (14, 3), (15, 4), (16, 5), (6, 15), (4, 13), (8, 13)]}
bestSolutionIndice: 18
18 -> 
costo: 55422.7, 
rotte: {3: [(1, 10), (10, 18), (18, 8), (8, 9), (9, 13), (13, 14), (14, 11), (11, 12), (12, 16), (16, 17), (17, 15)], 2: [(1, 6), (6, 7), (7, 3), (3, 2), (2, 4), (4, 5)]}
trasportoPalletDiGamma: {3: [(10, 19), (18, 5), (8, 17), (9, 18), (13, 2), (14, 3), (11, 20), (12, 1), (16, 5), (17, 6), (15, 4)], 2: [(6, 15), (7, 16), (3, 12), (2, 11), (4, 13), (5, 14)]}
itMosseLS: 38, itMosseTS: 20
numero di soluzioni totali trovati: 30.
time elapsed: 131.40s.


##########################################################################################
##########################################################################################
##########################################################################################
Soluzione migliore in assoluto trovata:

s: 1
itNSI: 10, 
costo: 55422.7, 
rotte: {3: [(1, 10), (10, 18), (18, 8), (8, 9), (9, 13), (13, 14), (14, 11), (11, 12), (12, 16), (16, 17), (17, 15)], 2: [(1, 6), (6, 7), (7, 3), (3, 2), (2, 4), (4, 5)]}
trasportoPalletDiGamma: {3: [(10, 19), (18, 5), (8, 17), (9, 18), (13, 2), (14, 3), (11, 20), (12, 1), (16, 5), (17, 6), (15, 4)], 2: [(6, 15), (7, 16), (3, 12), (2, 11), (4, 13), (5, 14)]}

Total time elapsed: 2809.20s.