itNSIMax: 5, itMosseTSMax: 100.
##########################################################################################
s: 1
dictSolutions[1]:
0 -> costo: 133641.89999999997, rotte: {2: [(1, 11), (11, 4), (4, 18), (18, 10), (10, 12), (12, 8), (8, 2), (2, 5)], 3: [(1, 13), (13, 15), (15, 3), (3, 6), (6, 7), (7, 9), (9, 17), (17, 14), (14, 16)]}, padri: [-1], figli: [1], mosse: [-1]
1 -> costo: 111299.29999999999, rotte: {2: [(1, 11), (11, 4), (4, 18), (18, 10), (10, 12), (12, 8), (8, 2), (2, 5)], 3: [(1, 13), (13, 15), (15, 3), (3, 6), (6, 7), (7, 9), (9, 14), (14, 17), (17, 16)]}, padri: [0], figli: [2], mosse: [(3, 3, 14, 17, 6)]
2 -> costo: 91833.0, rotte: {2: [(1, 11), (11, 4), (4, 18), (18, 10), (10, 12), (12, 8), (8, 2), (2, 5)], 3: [(1, 13), (13, 3), (3, 6), (6, 7), (7, 9), (9, 14), (14, 17), (17, 16), (16, 15)]}, padri: [1], figli: [3], mosse: [(3, 3, 16, 15, 4)]
3 -> costo: 81999.8, rotte: {2: [(1, 4), (4, 18), (18, 10), (10, 11), (11, 12), (12, 8), (8, 2), (2, 5)], 3: [(1, 13), (13, 3), (3, 6), (6, 7), (7, 9), (9, 14), (14, 17), (17, 16), (16, 15)]}, padri: [2], figli: [4], mosse: [(2, 2, 10, 11, 20)]
4 -> costo: 72433.59999999999, rotte: {2: [(1, 4), (4, 18), (18, 10), (10, 11), (11, 12), (12, 8), (8, 2), (2, 5)], 3: [(1, 3), (3, 6), (6, 7), (7, 9), (9, 14), (14, 13), (13, 17), (17, 16), (16, 15)]}, padri: [3], figli: [5], mosse: [(3, 3, 14, 13, 2)]
5 -> costo: 71303.3, rotte: {2: [(1, 4), (4, 18), (18, 10), (10, 11), (11, 12), (12, 8), (8, 2), (2, 5)], 3: [(1, 3), (3, 7), (7, 6), (6, 9), (9, 14), (14, 13), (13, 17), (17, 16), (16, 15)]}, padri: [4], figli: [6], mosse: [(3, 3, 7, 6, 15)]
6 -> costo: 70425.6, rotte: {2: [(1, 4), (4, 10), (10, 11), (11, 12), (12, 8), (8, 18), (18, 2), (2, 5)], 3: [(1, 3), (3, 7), (7, 6), (6, 9), (9, 14), (14, 13), (13, 17), (17, 16), (16, 15)]}, padri: [5], figli: [7], mosse: [(2, 2, 8, 18, 5)]
7 -> costo: 69896.40000000001, rotte: {2: [(1, 10), (10, 11), (11, 12), (12, 8), (8, 18), (18, 2), (2, 5)], 3: [(1, 3), (3, 4), (4, 7), (7, 6), (6, 9), (9, 14), (14, 13), (13, 17), (17, 16), (16, 15)]}, padri: [6], figli: [8, 9, 10, 16, 19, 23, 24, 25, 26], mosse: [(3, 2, 3, 4, 13)]
8 -> costo: 68454.8, rotte: {2: [(1, 11), (11, 12), (12, 8), (8, 18), (18, 10), (10, 2), (2, 5)], 3: [(1, 3), (3, 4), (4, 7), (7, 6), (6, 9), (9, 14), (14, 13), (13, 17), (17, 16), (16, 15)]}, padri: [7, 9, 16, 22, 22, 22, 23, 25, 27], figli: [], mosse: [(2, 2, 18, 10, 19), (2, 2, 18, 10, 19), (2, 2, 18, 10, 19), (2, 2, 10, 2, 11), (2, 2, 2, 5, 14), (2, 2, 5, 2), (2, 2, 18, 10, 19), (2, 2, 10, 2, 11), (2, 2, 2, 5, 14)]
9 -> costo: 69284.1, rotte: {2: [(1, 11), (11, 12), (12, 8), (8, 18), (18, 2), (2, 5), (5, 10)], 3: [(1, 3), (3, 4), (4, 7), (7, 6), (6, 9), (9, 14), (14, 13), (13, 17), (17, 16), (16, 15)]}, padri: [7, 16, 23, 25, 25, 25, 27], figli: [8, 10, 14, 19, 22, 24], mosse: [(2, 2, 5, 10, 19), (2, 2, 5, 10, 19), (2, 2, 5, 10, 19), (2, 2, 10, 5), (2, 2, 2, 5, 14), (2, 2, 5, 10, 19), (2, 2, 18, 2, 11)]
10 -> costo: 68832.2, rotte: {2: [(1, 11), (11, 12), (12, 8), (8, 18), (18, 5), (5, 2), (2, 10)], 3: [(1, 3), (3, 4), (4, 7), (7, 6), (6, 9), (9, 14), (14, 13), (13, 17), (17, 16), (16, 15)]}, padri: [9, 19, 22, 24, 25, 26, 27, 27, 27], figli: [11, 15], mosse: [(2, 2, 5, 2, 11), (2, 2, 2, 10, 19), (2, 2, 2, 10, 19), (2, 2, 2, 10, 19), (2, 2, 18, 5, 14), (2, 2, 2, 10, 19), (2, 2, 5, 2, 11), (2, 2, 2, 10, 19), (2, 2, 10, 2)]
11 -> costo: 68798.5, rotte: {2: [(1, 11), (11, 12), (12, 18), (18, 5), (5, 2), (2, 10), (10, 8)], 3: [(1, 3), (3, 4), (4, 7), (7, 6), (6, 9), (9, 14), (14, 13), (13, 17), (17, 16), (16, 15)]}, padri: [10, 14], figli: [12], mosse: [(2, 2, 10, 8, 17), (2, 2, 5, 2, 11)]
12 -> costo: 68430.2, rotte: {2: [(1, 11), (11, 12), (12, 5), (5, 2), (2, 10), (10, 18), (18, 8)], 3: [(1, 3), (3, 4), (4, 7), (7, 6), (6, 9), (9, 14), (14, 13), (13, 17), (17, 16), (16, 15)]}, padri: [11], figli: [13], mosse: [(2, 2, 10, 18, 5)]
13 -> costo: 68426.8, rotte: {2: [(1, 11), (11, 12), (12, 2), (2, 5), (5, 10), (10, 18), (18, 8)], 3: [(1, 3), (3, 4), (4, 7), (7, 6), (6, 9), (9, 14), (14, 13), (13, 17), (17, 16), (16, 15)]}, padri: [12, 14, 15], figli: [], mosse: [(2, 2, 2, 5, 14), (2, 2, 10, 18, 5), (2, 2, 10, 18, 5)]
14 -> costo: 69250.4, rotte: {2: [(1, 11), (11, 12), (12, 18), (18, 2), (2, 5), (5, 10), (10, 8)], 3: [(1, 3), (3, 4), (4, 7), (7, 6), (6, 9), (9, 14), (14, 13), (13, 17), (17, 16), (16, 15)]}, padri: [9], figli: [13, 11, 15], mosse: [(2, 2, 10, 8, 17)]
15 -> costo: 68840.0, rotte: {2: [(1, 11), (11, 12), (12, 2), (2, 5), (5, 18), (18, 10), (10, 8)], 3: [(1, 3), (3, 4), (4, 7), (7, 6), (6, 9), (9, 14), (14, 13), (13, 17), (17, 16), (16, 15)]}, padri: [14], figli: [13], mosse: [(2, 2, 5, 18, 5)]
16 -> costo: 69284.9, rotte: {2: [(1, 11), (11, 12), (12, 10), (10, 8), (8, 18), (18, 2), (2, 5)], 3: [(1, 3), (3, 4), (4, 7), (7, 6), (6, 9), (9, 14), (14, 13), (13, 17), (17, 16), (16, 15)]}, padri: [7, 23], figli: [17, 8, 19, 19, 19, 9, 24], mosse: [(2, 2, 12, 10, 19), (2, 2, 10, 8, 17)]
17 -> costo: 68412.5, rotte: {2: [(1, 11), (11, 12), (12, 10), (10, 18), (18, 2), (2, 5), (5, 8)], 3: [(1, 3), (3, 4), (4, 7), (7, 6), (6, 9), (9, 14), (14, 13), (13, 17), (17, 16), (16, 15)]}, padri: [16, 20, 23], figli: [18], mosse: [(2, 2, 5, 8, 17), (2, 2, 2, 5, 14), (2, 2, 5, 8, 17)]
18 -> costo: 67488.5, rotte: {2: [(1, 11), (11, 12), (12, 10), (10, 2), (2, 5), (5, 18), (18, 8)], 3: [(1, 3), (3, 4), (4, 7), (7, 6), (6, 9), (9, 14), (14, 13), (13, 17), (17, 16), (16, 15)]}, padri: [17, 21], figli: [], mosse: [(2, 2, 5, 18, 5), (2, 2, 2, 5, 14)]
19 -> costo: 69240.0, rotte: {2: [(1, 11), (11, 12), (12, 10), (10, 8), (8, 18), (18, 5), (5, 2)], 3: [(1, 3), (3, 4), (4, 7), (7, 6), (6, 9), (9, 14), (14, 13), (13, 17), (17, 16), (16, 15)]}, padri: [16, 16, 16, 24, 26], figli: [20, 10, 22], mosse: [(2, 2, 18, 5, 14), (2, 2, 5, 2, 11), (2, 2, 2, 5), (2, 2, 10, 8, 17), (2, 2, 12, 10, 19)]
20 -> costo: 68416.9, rotte: {2: [(1, 11), (11, 12), (12, 10), (10, 18), (18, 5), (5, 2), (2, 8)], 3: [(1, 3), (3, 4), (4, 7), (7, 6), (6, 9), (9, 14), (14, 13), (13, 17), (17, 16), (16, 15)]}, padri: [19, 24], figli: [21, 17], mosse: [(2, 2, 2, 8, 17), (2, 2, 2, 8, 17)]
21 -> costo: 67948.2, rotte: {2: [(1, 11), (11, 12), (12, 10), (10, 5), (5, 2), (2, 18), (18, 8)], 3: [(1, 3), (3, 4), (4, 7), (7, 6), (6, 9), (9, 14), (14, 13), (13, 17), (17, 16), (16, 15)]}, padri: [20], figli: [18], mosse: [(2, 2, 2, 18, 5)]
22 -> costo: 68865.09999999999, rotte: {2: [(1, 11), (11, 12), (12, 8), (8, 18), (18, 10), (10, 5), (5, 2)], 3: [(1, 3), (3, 4), (4, 7), (7, 6), (6, 9), (9, 14), (14, 13), (13, 17), (17, 16), (16, 15)]}, padri: [19, 24, 25, 26, 27], figli: [8, 8, 8, 10, 24, 24, 24], mosse: [(2, 2, 18, 10, 19), (2, 2, 18, 10, 19), (2, 2, 5, 2, 11), (2, 2, 18, 10, 19), (2, 2, 10, 5, 14)]
23 -> costo: 69324.4, rotte: {2: [(1, 11), (11, 12), (12, 8), (8, 10), (10, 18), (18, 2), (2, 5)], 3: [(1, 3), (3, 4), (4, 7), (7, 6), (6, 9), (9, 14), (14, 13), (13, 17), (17, 16), (16, 15)]}, padri: [7], figli: [17, 8, 24, 24, 24, 9, 16, 27, 27, 27], mosse: [(2, 2, 8, 10, 19)]
24 -> costo: 69279.5, rotte: {2: [(1, 11), (11, 12), (12, 8), (8, 10), (10, 18), (18, 5), (5, 2)], 3: [(1, 3), (3, 4), (4, 7), (7, 6), (6, 9), (9, 14), (14, 13), (13, 17), (17, 16), (16, 15)]}, padri: [23, 23, 23, 26], figli: [20, 10, 22, 19], mosse: [(2, 2, 18, 5, 14), (2, 2, 5, 2, 11), (2, 2, 2, 5), (2, 2, 8, 10, 19)]
25 -> costo: 69591.4, rotte: {2: [(1, 11), (11, 12), (12, 8), (8, 18), (18, 2), (2, 10), (10, 5)], 3: [(1, 3), (3, 4), (4, 7), (7, 6), (6, 9), (9, 14), (14, 13), (13, 17), (17, 16), (16, 15)]}, padri: [7], figli: [8, 10, 22, 9, 9, 9], mosse: [(2, 2, 2, 10, 19)]
26 -> costo: 69851.5, rotte: {2: [(1, 10), (10, 11), (11, 12), (12, 8), (8, 18), (18, 5), (5, 2)], 3: [(1, 3), (3, 4), (4, 7), (7, 6), (6, 9), (9, 14), (14, 13), (13, 17), (17, 16), (16, 15)]}, padri: [7], figli: [10, 22, 19, 24, 27, 28], mosse: [(2, 2, 18, 5, 14)]
27 -> costo: 69543.2, rotte: {2: [(1, 11), (11, 12), (12, 8), (8, 18), (18, 5), (5, 10), (10, 2)], 3: [(1, 3), (3, 4), (4, 7), (7, 6), (6, 9), (9, 14), (14, 13), (13, 17), (17, 16), (16, 15)]}, padri: [26], figli: [8, 10, 10, 10, 22, 9], mosse: [(2, 2, 5, 10, 19)]
28 -> costo: 69583.7, rotte: {2: [(1, 2), (2, 10), (10, 11), (11, 12), (12, 8), (8, 18), (18, 5)], 3: [(1, 3), (3, 4), (4, 7), (7, 6), (6, 9), (9, 14), (14, 13), (13, 17), (17, 16), (16, 15)]}, padri: [26], figli: [29], mosse: [(2, 2, 1, 2, 11)]
29 -> costo: 69534.3, rotte: {2: [(1, 2), (2, 5), (5, 10), (10, 11), (11, 12), (12, 8), (8, 18)], 3: [(1, 3), (3, 4), (4, 7), (7, 6), (6, 9), (9, 14), (14, 13), (13, 17), (17, 16), (16, 15)]}, padri: [28], figli: [30, 47, 47, 47, 48, 48, 48], mosse: [(2, 2, 2, 5, 14)]
30 -> costo: 67975.5, rotte: {2: [(1, 2), (2, 5), (5, 18), (18, 10), (10, 11), (11, 12), (12, 8)], 3: [(1, 3), (3, 4), (4, 7), (7, 6), (6, 9), (9, 14), (14, 13), (13, 17), (17, 16), (16, 15)]}, padri: [29], figli: [31, 32, 34, 35, 36, 43, 45, 46], mosse: [(2, 2, 5, 18, 5)]
31 -> costo: 65858.1, rotte: {2: [(1, 2), (2, 5), (5, 18), (18, 8), (8, 10), (10, 11), (11, 12)], 3: [(1, 3), (3, 4), (4, 7), (7, 6), (6, 9), (9, 14), (14, 13), (13, 17), (17, 16), (16, 15)]}, padri: [30, 32, 34, 35, 43, 46], figli: [], mosse: [(2, 2, 18, 8, 17), (2, 2, 8, 10, 19), (2, 2, 18, 8, 17), (2, 2, 18, 8, 17), (2, 2, 2, 5, 14), (2, 2, 18, 8, 17)]
32 -> costo: 65899.0, rotte: {2: [(1, 2), (2, 5), (5, 18), (18, 10), (10, 8), (8, 11), (11, 12)], 3: [(1, 3), (3, 4), (4, 7), (7, 6), (6, 9), (9, 14), (14, 13), (13, 17), (17, 16), (16, 15)]}, padri: [30, 34, 35, 42, 44, 46], figli: [33, 31], mosse: [(2, 2, 10, 8, 17), (2, 2, 10, 8, 17), (2, 2, 10, 8, 17), (2, 2, 2, 5, 14), (2, 2, 5, 18, 5), (2, 2, 10, 8, 17)]
33 -> costo: 65485.799999999996, rotte: {2: [(1, 2), (2, 5), (5, 10), (10, 18), (18, 8), (8, 11), (11, 12)], 3: [(1, 3), (3, 4), (4, 7), (7, 6), (6, 9), (9, 14), (14, 13), (13, 17), (17, 16), (16, 15)]}, padri: [32, 41, 44, 45, 48], figli: [], mosse: [(2, 2, 10, 18, 5), (2, 2, 2, 5, 14), (2, 2, 10, 18, 5), (2, 2, 18, 8, 17), (2, 2, 18, 8, 17)]
34 -> costo: 65912.5, rotte: {2: [(1, 2), (2, 5), (5, 8), (8, 18), (18, 10), (10, 11), (11, 12)], 3: [(1, 3), (3, 4), (4, 7), (7, 6), (6, 9), (9, 14), (14, 13), (13, 17), (17, 16), (16, 15)]}, padri: [30, 35, 45, 46], figli: [31, 32, 43, 45], mosse: [(2, 2, 5, 8, 17), (2, 2, 5, 8, 17), (2, 2, 18, 10, 19), (2, 2, 5, 8, 17)]
35 -> costo: 67517.8, rotte: {2: [(1, 2), (2, 8), (8, 5), (5, 18), (18, 10), (10, 11), (11, 12)], 3: [(1, 3), (3, 4), (4, 7), (7, 6), (6, 9), (9, 14), (14, 13), (13, 17), (17, 16), (16, 15)]}, padri: [30, 46], figli: [31, 32, 34, 36, 43, 45], mosse: [(2, 2, 2, 8, 17), (2, 2, 2, 8, 17)]
36 -> costo: 67050.2, rotte: {2: [(1, 2), (2, 8), (8, 18), (18, 5), (5, 10), (10, 11), (11, 12)], 3: [(1, 3), (3, 4), (4, 7), (7, 6), (6, 9), (9, 14), (14, 13), (13, 17), (17, 16), (16, 15)]}, padri: [35], figli: [37, 44], mosse: [(2, 2, 18, 5, 14)]
37 -> costo: 66931.9, rotte: {2: [(1, 8), (8, 18), (18, 5), (5, 2), (2, 10), (10, 11), (11, 12)], 3: [(1, 3), (3, 4), (4, 7), (7, 6), (6, 9), (9, 14), (14, 13), (13, 17), (17, 16), (16, 15)]}, padri: [36], figli: [38], mosse: [(2, 2, 5, 2, 11)]
38 -> costo: 66918.5, rotte: {2: [(1, 18), (18, 5), (5, 2), (2, 10), (10, 8), (8, 11), (11, 12)], 3: [(1, 3), (3, 4), (4, 7), (7, 6), (6, 9), (9, 14), (14, 13), (13, 17), (17, 16), (16, 15)]}, padri: [37, 44], figli: [39, 41, 42], mosse: [(2, 2, 10, 8, 17), (2, 2, 5, 2, 11)]
39 -> costo: 65638.3, rotte: {2: [(1, 5), (5, 2), (2, 10), (10, 8), (8, 11), (11, 12)], 3: [(1, 3), (3, 4), (4, 7), (7, 6), (6, 18), (18, 9), (9, 14), (14, 13), (13, 17), (17, 16), (16, 15)]}, padri: [38], figli: [40], mosse: [(3, 2, 6, 18, 5)]
40 -> costo: 65447.49999999999, rotte: {2: [(1, 2), (2, 5), (5, 10), (10, 8), (8, 11), (11, 12)], 3: [(1, 3), (3, 4), (4, 7), (7, 6), (6, 18), (18, 9), (9, 14), (14, 13), (13, 17), (17, 16), (16, 15)]}, padri: [39], figli: [], mosse: [(2, 2, 2, 5, 14)]
41 -> costo: 65676.6, rotte: {2: [(1, 5), (5, 2), (2, 10), (10, 18), (18, 8), (8, 11), (11, 12)], 3: [(1, 3), (3, 4), (4, 7), (7, 6), (6, 9), (9, 14), (14, 13), (13, 17), (17, 16), (16, 15)]}, padri: [38, 42], figli: [33], mosse: [(2, 2, 10, 18, 5), (2, 2, 10, 18, 5)]
42 -> costo: 66546.2, rotte: {2: [(1, 5), (5, 2), (2, 18), (18, 10), (10, 8), (8, 11), (11, 12)], 3: [(1, 3), (3, 4), (4, 7), (7, 6), (6, 9), (9, 14), (14, 13), (13, 17), (17, 16), (16, 15)]}, padri: [38], figli: [41, 32, 43, 45], mosse: [(2, 2, 2, 18, 5)]
43 -> costo: 66505.3, rotte: {2: [(1, 5), (5, 2), (2, 18), (18, 8), (8, 10), (10, 11), (11, 12)], 3: [(1, 3), (3, 4), (4, 7), (7, 6), (6, 9), (9, 14), (14, 13), (13, 17), (17, 16), (16, 15)]}, padri: [42], figli: [31], mosse: [(2, 2, 8, 10, 19)]
44 -> costo: 67036.8, rotte: {2: [(1, 2), (2, 18), (18, 5), (5, 10), (10, 8), (8, 11), (11, 12)], 3: [(1, 3), (3, 4), (4, 7), (7, 6), (6, 9), (9, 14), (14, 13), (13, 17), (17, 16), (16, 15)]}, padri: [36], figli: [33, 32, 45, 38], mosse: [(2, 2, 10, 8, 17)]
45 -> costo: 66750.40000000001, rotte: {2: [(1, 2), (2, 5), (5, 10), (10, 8), (8, 18), (18, 11), (11, 12)], 3: [(1, 3), (3, 4), (4, 7), (7, 6), (6, 9), (9, 14), (14, 13), (13, 17), (17, 16), (16, 15)]}, padri: [44, 48], figli: [33, 34], mosse: [(2, 2, 8, 18, 5), (2, 2, 10, 8, 17)]
46 -> costo: 67851.3, rotte: {2: [(1, 8), (8, 2), (2, 5), (5, 18), (18, 10), (10, 11), (11, 12)], 3: [(1, 3), (3, 4), (4, 7), (7, 6), (6, 9), (9, 14), (14, 13), (13, 17), (17, 16), (16, 15)]}, padri: [30], figli: [31, 32, 34, 35], mosse: [(2, 2, 1, 8, 17)]
47 -> costo: 68828.3, rotte: {2: [(1, 2), (2, 5), (5, 10), (10, 11), (11, 12), (12, 18), (18, 8)], 3: [(1, 3), (3, 4), (4, 7), (7, 6), (6, 9), (9, 14), (14, 13), (13, 17), (17, 16), (16, 15)]}, padri: [29, 29, 29], figli: [], mosse: [(2, 2, 12, 18, 5), (2, 2, 18, 8, 17), (2, 2, 8, 18)]
48 -> costo: 68867.8, rotte: {2: [(1, 2), (2, 5), (5, 10), (10, 18), (18, 11), (11, 12), (12, 8)], 3: [(1, 3), (3, 4), (4, 7), (7, 6), (6, 9), (9, 14), (14, 13), (13, 17), (17, 16), (16, 15)]}, padri: [29], figli: [33, 45], mosse: [(2, 2, 10, 18, 5)]
bestSolutionIndice: 40
40 -> costo: 65447.49999999999, rotte: {2: [(1, 2), (2, 5), (5, 10), (10, 8), (8, 11), (11, 12)], 3: [(1, 3), (3, 4), (4, 7), (7, 6), (6, 18), (18, 9), (9, 14), (14, 13), (13, 17), (17, 16), (16, 15)]}, padri: [39], figli: [], mosse: [(2, 2, 2, 5, 14)]
trasportoPalletDiGamma: {2: [(2, 11), (5, 14), (10, 19), (8, 17), (11, 20), (12, 1)], 3: [(3, 12), (4, 13), (7, 16), (6, 15), (18, 5), (9, 18), (14, 3), (13, 2), (17, 6), (16, 5), (15, 4)]}
itMosseLS: 112, itMosseTS: 100
time elapsed: 976.60s.


##########################################################################################
s: 1
dictSolutions[1]:
0 -> costo: 141418.7, rotte: {2: [(1, 10), (10, 17), (17, 8), (8, 11), (11, 16), (16, 14), (14, 2), (2, 3), (3, 13)], 3: [(1, 7), (7, 6), (6, 12), (12, 5), (5, 18), (18, 4), (4, 9), (9, 15)]}, padri: [-1], figli: [1], mosse: [-1]
1 -> costo: 114768.59999999999, rotte: {2: [(1, 10), (10, 8), (8, 11), (11, 17), (17, 16), (16, 14), (14, 2), (2, 3), (3, 13)], 3: [(1, 7), (7, 6), (6, 12), (12, 5), (5, 18), (18, 4), (4, 9), (9, 15)]}, padri: [0], figli: [2], mosse: [(2, 2, 11, 17, 6)]
2 -> costo: 105656.90000000001, rotte: {2: [(1, 10), (10, 8), (8, 11), (11, 17), (17, 16), (16, 14), (14, 2), (2, 3), (3, 13)], 3: [(1, 7), (7, 6), (6, 5), (5, 18), (18, 4), (4, 9), (9, 12), (12, 15)]}, padri: [1], figli: [3], mosse: [(3, 3, 9, 12, 1)]
3 -> costo: 99088.0, rotte: {2: [(1, 10), (10, 8), (8, 11), (11, 17), (17, 16), (16, 13), (13, 14), (14, 2), (2, 3)], 3: [(1, 7), (7, 6), (6, 5), (5, 18), (18, 4), (4, 9), (9, 12), (12, 15)]}, padri: [2], figli: [4], mosse: [(2, 2, 16, 13, 2)]
4 -> costo: 95643.20000000001, rotte: {2: [(1, 10), (10, 8), (8, 17), (17, 16), (16, 13), (13, 11), (11, 14), (14, 2), (2, 3)], 3: [(1, 7), (7, 6), (6, 5), (5, 18), (18, 4), (4, 9), (9, 12), (12, 15)]}, padri: [3], figli: [5], mosse: [(2, 2, 13, 11, 20)]
5 -> costo: 93618.3, rotte: {2: [(1, 10), (10, 17), (17, 16), (16, 13), (13, 11), (11, 14), (14, 2), (2, 3), (3, 8)], 3: [(1, 7), (7, 6), (6, 5), (5, 18), (18, 4), (4, 9), (9, 12), (12, 15)]}, padri: [4], figli: [6], mosse: [(2, 2, 3, 8, 17)]
6 -> costo: 86816.90000000002, rotte: {2: [(1, 17), (17, 16), (16, 13), (13, 11), (11, 14), (14, 10), (10, 2), (2, 3), (3, 8)], 3: [(1, 7), (7, 6), (6, 5), (5, 18), (18, 4), (4, 9), (9, 12), (12, 15)]}, padri: [5], figli: [7], mosse: [(2, 2, 14, 10, 19)]
7 -> costo: 85104.90000000001, rotte: {2: [(1, 17), (17, 16), (16, 13), (13, 11), (11, 14), (14, 10), (10, 2), (2, 3), (3, 8)], 3: [(1, 7), (7, 6), (6, 5), (5, 4), (4, 18), (18, 9), (9, 12), (12, 15)]}, padri: [6], figli: [8, 17, 23, 30], mosse: [(3, 3, 4, 18, 5)]
8 -> costo: 83863.40000000001, rotte: {2: [(1, 17), (17, 16), (16, 13), (13, 11), (11, 14), (14, 10), (10, 2), (2, 3), (3, 8)], 3: [(1, 6), (6, 5), (5, 7), (7, 4), (4, 18), (18, 9), (9, 12), (12, 15)]}, padri: [7, 17, 36], figli: [9, 10, 12, 13, 12, 14, 14, 15, 15, 14, 29, 29, 31, 41], mosse: [(3, 3, 5, 7, 16), (3, 3, 7, 4, 13), (3, 3, 7, 4, 13)]
9 -> costo: 83305.00000000001, rotte: {2: [(1, 17), (17, 16), (16, 13), (13, 11), (11, 14), (14, 10), (10, 2), (2, 3), (3, 8)], 3: [(1, 5), (5, 7), (7, 4), (4, 6), (6, 18), (18, 9), (9, 12), (12, 15)]}, padri: [8, 14, 30, 40], figli: [], mosse: [(3, 3, 4, 6, 15), (3, 3, 4, 6, 15), (3, 3, 7, 5), (3, 3, 6, 18, 5)]
10 -> costo: 83618.80000000002, rotte: {2: [(1, 17), (17, 16), (16, 13), (13, 11), (11, 14), (14, 10), (10, 2), (2, 3), (3, 8)], 3: [(1, 6), (6, 7), (7, 4), (4, 5), (5, 18), (18, 9), (9, 12), (12, 15)]}, padri: [8, 12, 14, 23, 23], figli: [11], mosse: [(3, 3, 4, 5, 14), (3, 3, 4, 5, 14), (3, 3, 4, 5, 14), (3, 3, 7, 4, 13), (3, 3, 4, 7)]
11 -> costo: 83618.8, rotte: {2: [(1, 17), (17, 16), (16, 13), (13, 11), (11, 14), (14, 10), (10, 3), (3, 2), (2, 8)], 3: [(1, 6), (6, 7), (7, 4), (4, 5), (5, 18), (18, 9), (9, 12), (12, 15)]}, padri: [10, 13, 15, 44], figli: [], mosse: [(2, 2, 3, 2, 11), (3, 3, 4, 5, 14), (3, 3, 4, 5, 14), (3, 3, 4, 5, 14)]
12 -> costo: 83655.30000000002, rotte: {2: [(1, 17), (17, 16), (16, 13), (13, 11), (11, 14), (14, 10), (10, 2), (2, 3), (3, 8)], 3: [(1, 6), (6, 7), (7, 5), (5, 4), (4, 18), (18, 9), (9, 12), (12, 15)]}, padri: [8, 8, 14, 23], figli: [10, 13], mosse: [(3, 3, 7, 5, 14), (3, 3, 5, 7), (3, 3, 7, 5, 14), (3, 3, 5, 4, 13)]
13 -> costo: 83655.3, rotte: {2: [(1, 17), (17, 16), (16, 13), (13, 11), (11, 14), (14, 10), (10, 3), (3, 2), (2, 8)], 3: [(1, 6), (6, 7), (7, 5), (5, 4), (4, 18), (18, 9), (9, 12), (12, 15)]}, padri: [12, 15, 44, 44], figli: [11], mosse: [(2, 2, 3, 2, 11), (3, 3, 7, 5, 14), (3, 3, 7, 5, 14), (3, 3, 5, 7)]
14 -> costo: 83777.60000000002, rotte: {2: [(1, 17), (17, 16), (16, 13), (13, 11), (11, 14), (14, 10), (10, 2), (2, 3), (3, 8)], 3: [(1, 5), (5, 6), (6, 7), (7, 4), (4, 18), (18, 9), (9, 12), (12, 15)]}, padri: [8, 8, 32, 35], figli: [9, 10, 12, 15, 29, 31, 41], mosse: [(3, 3, 5, 6, 15), (3, 3, 6, 5), (3, 3, 7, 4, 13), (3, 3, 7, 4, 13)]
15 -> costo: 83777.6, rotte: {2: [(1, 17), (17, 16), (16, 13), (13, 11), (11, 14), (14, 10), (10, 3), (3, 2), (2, 8)], 3: [(1, 5), (5, 6), (6, 7), (7, 4), (4, 18), (18, 9), (9, 12), (12, 15)]}, padri: [14, 34, 44, 44, 46, 47], figli: [16, 11, 13], mosse: [(2, 2, 3, 2, 11), (3, 3, 7, 4, 13), (3, 3, 5, 6, 15), (3, 3, 6, 5), (3, 3, 7, 4, 13), (3, 3, 7, 4, 13)]
16 -> costo: 83305.00000000001, rotte: {2: [(1, 17), (17, 16), (16, 13), (13, 11), (11, 14), (14, 10), (10, 3), (3, 2), (2, 8)], 3: [(1, 5), (5, 7), (7, 4), (4, 6), (6, 18), (18, 9), (9, 12), (12, 15)]}, padri: [15], figli: [], mosse: [(3, 3, 4, 6, 15)]
17 -> costo: 84505.40000000001, rotte: {2: [(1, 17), (17, 16), (16, 13), (13, 11), (11, 14), (14, 10), (10, 2), (2, 3), (3, 8)], 3: [(1, 6), (6, 5), (5, 4), (4, 7), (7, 18), (18, 9), (9, 12), (12, 15)]}, padri: [7], figli: [18, 8, 23], mosse: [(3, 3, 4, 7, 16)]
18 -> costo: 82924.70000000001, rotte: {2: [(1, 17), (17, 16), (16, 13), (13, 11), (11, 14), (14, 10), (10, 2), (2, 3), (3, 8)], 3: [(1, 5), (5, 4), (4, 7), (7, 6), (6, 18), (18, 9), (9, 12), (12, 15)]}, padri: [17, 30, 35], figli: [19, 19, 21, 21, 24, 32, 39, 39], mosse: [(3, 3, 7, 6, 15), (3, 3, 4, 7, 16), (3, 3, 7, 6, 15)]
19 -> costo: 82535.90000000002, rotte: {2: [(1, 17), (17, 16), (16, 13), (13, 11), (11, 14), (14, 10), (10, 2), (2, 3), (3, 8)], 3: [(1, 4), (4, 5), (5, 7), (7, 6), (6, 18), (18, 9), (9, 12), (12, 15)]}, padri: [18, 18, 31, 32, 36, 37, 38], figli: [20, 49], mosse: [(3, 3, 4, 5, 14), (3, 3, 5, 4), (3, 3, 5, 7, 16), (3, 3, 7, 6, 15), (3, 3, 7, 6, 15), (3, 3, 6, 18, 5), (3, 3, 18, 9, 18)]
20 -> costo: 82535.90000000001, rotte: {2: [(1, 17), (17, 16), (16, 13), (13, 11), (11, 14), (14, 10), (10, 3), (3, 2), (2, 8)], 3: [(1, 4), (4, 5), (5, 7), (7, 6), (6, 18), (18, 9), (9, 12), (12, 15)]}, padri: [19, 33, 34, 39, 43, 46, 47, 48], figli: [], mosse: [(2, 2, 3, 2, 11), (3, 3, 5, 7, 16), (3, 3, 7, 6, 15), (3, 3, 18, 9, 18), (3, 3, 7, 6, 15), (3, 3, 7, 6, 15), (3, 3, 7, 6, 15), (3, 3, 6, 18, 5)]
21 -> costo: 82835.70000000003, rotte: {2: [(1, 17), (17, 16), (16, 13), (13, 11), (11, 14), (14, 10), (10, 2), (2, 3), (3, 8)], 3: [(1, 4), (4, 7), (7, 5), (5, 6), (6, 18), (18, 9), (9, 12), (12, 15)]}, padri: [18, 23, 24, 25, 29, 31], figli: [22, 27, 28, 34], mosse: [(3, 3, 7, 5, 14), (3, 3, 5, 6, 15), (3, 3, 5, 6, 15), (3, 3, 5, 6, 15), (3, 3, 6, 18, 5), (3, 3, 7, 4)]
22 -> costo: 82835.70000000001, rotte: {2: [(1, 17), (17, 16), (16, 13), (13, 11), (11, 14), (14, 10), (10, 3), (3, 2), (2, 8)], 3: [(1, 4), (4, 7), (7, 5), (5, 6), (6, 18), (18, 9), (9, 12), (12, 15)]}, padri: [21, 26, 27, 28, 33, 49], figli: [], mosse: [(2, 2, 3, 2, 11), (3, 3, 5, 6, 15), (3, 3, 5, 6, 15), (3, 3, 5, 6, 15), (3, 3, 7, 4), (3, 3, 6, 18, 5)]
23 -> costo: 84015.70000000001, rotte: {2: [(1, 17), (17, 16), (16, 13), (13, 11), (11, 14), (14, 10), (10, 2), (2, 3), (3, 8)], 3: [(1, 6), (6, 4), (4, 7), (7, 5), (5, 18), (18, 9), (9, 12), (12, 15)]}, padri: [17], figli: [21, 24, 25, 26, 25, 10, 10, 12, 29, 32, 38], mosse: [(3, 3, 7, 5, 14)]
24 -> costo: 83368.90000000001, rotte: {2: [(1, 17), (17, 16), (16, 13), (13, 11), (11, 14), (14, 10), (10, 2), (2, 3), (3, 8)], 3: [(1, 4), (4, 7), (7, 6), (6, 5), (5, 18), (18, 9), (9, 12), (12, 15)]}, padri: [23, 25, 25], figli: [21, 32], mosse: [(3, 3, 7, 6, 15), (3, 3, 7, 6, 15), (3, 3, 6, 7)]
25 -> costo: 83541.10000000002, rotte: {2: [(1, 17), (17, 16), (16, 13), (13, 11), (11, 14), (14, 10), (10, 2), (2, 3), (3, 8)], 3: [(1, 4), (4, 6), (6, 7), (7, 5), (5, 18), (18, 9), (9, 12), (12, 15)]}, padri: [23, 23, 32, 35, 36], figli: [21, 24, 24, 26, 26, 32, 44, 46, 47, 48], mosse: [(3, 3, 6, 4), (3, 3, 4, 6, 15), (3, 3, 7, 5, 14), (3, 3, 7, 5, 14), (3, 3, 7, 5, 14)]
26 -> costo: 83541.1, rotte: {2: [(1, 17), (17, 16), (16, 13), (13, 11), (11, 14), (14, 10), (10, 3), (3, 2), (2, 8)], 3: [(1, 4), (4, 6), (6, 7), (7, 5), (5, 18), (18, 9), (9, 12), (12, 15)]}, padri: [25, 34, 43, 46, 47], figli: [22, 27, 28, 34], mosse: [(2, 2, 3, 2, 11), (3, 3, 7, 5, 14), (3, 3, 7, 5, 14), (3, 3, 7, 5, 14), (3, 3, 7, 5, 14)]
27 -> costo: 83368.90000000001, rotte: {2: [(1, 17), (17, 16), (16, 13), (13, 11), (11, 14), (14, 10), (10, 3), (3, 2), (2, 8)], 3: [(1, 4), (4, 7), (7, 6), (6, 5), (5, 18), (18, 9), (9, 12), (12, 15)]}, padri: [21, 26], figli: [22, 34], mosse: [(3, 3, 7, 6, 15)]
28 -> costo: 83368.90000000001, rotte: {2: [(1, 17), (17, 16), (16, 13), (13, 11), (11, 14), (14, 10), (10, 3), (3, 2), (2, 8)], 3: [(1, 4), (4, 7), (7, 6), (6, 5), (5, 18), (18, 9), (9, 12), (12, 15)]}, padri: [21, 26], figli: [22, 34], mosse: [(3, 3, 6, 7)]
29 -> costo: 83698.3, rotte: {2: [(1, 17), (17, 16), (16, 13), (13, 11), (11, 14), (14, 10), (10, 2), (2, 3), (3, 8)], 3: [(1, 4), (4, 7), (7, 5), (5, 18), (18, 6), (6, 9), (9, 12), (12, 15)]}, padri: [23, 37], figli: [21, 32], mosse: [(3, 3, 18, 6, 15), (3, 3, 7, 5, 14)]
30 -> costo: 84687.90000000002, rotte: {2: [(1, 17), (17, 16), (16, 13), (13, 11), (11, 14), (14, 10), (10, 2), (2, 3), (3, 8)], 3: [(1, 7), (7, 5), (5, 4), (4, 6), (6, 18), (18, 9), (9, 12), (12, 15)]}, padri: [7], figli: [18, 9, 31, 35, 41], mosse: [(3, 3, 4, 6, 15)]
31 -> costo: 84535.20000000003, rotte: {2: [(1, 17), (17, 16), (16, 13), (13, 11), (11, 14), (14, 10), (10, 2), (2, 3), (3, 8)], 3: [(1, 7), (7, 4), (4, 5), (5, 6), (6, 18), (18, 9), (9, 12), (12, 15)]}, padri: [30], figli: [19, 21, 32, 33, 36, 37, 39], mosse: [(3, 3, 4, 5, 14)]
32 -> costo: 84030.80000000002, rotte: {2: [(1, 17), (17, 16), (16, 13), (13, 11), (11, 14), (14, 10), (10, 2), (2, 3), (3, 8)], 3: [(1, 4), (4, 5), (5, 6), (6, 7), (7, 18), (18, 9), (9, 12), (12, 15)]}, padri: [31, 35, 36, 36], figli: [19, 25, 14, 39], mosse: [(3, 3, 6, 7, 16), (3, 3, 4, 5, 14), (3, 3, 6, 5), (3, 3, 5, 6, 15)]
33 -> costo: 84535.20000000001, rotte: {2: [(1, 17), (17, 16), (16, 13), (13, 11), (11, 14), (14, 10), (10, 3), (3, 2), (2, 8)], 3: [(1, 7), (7, 4), (4, 5), (5, 6), (6, 18), (18, 9), (9, 12), (12, 15)]}, padri: [31], figli: [20, 22, 34, 49], mosse: [(2, 2, 3, 2, 11)]
34 -> costo: 84030.80000000002, rotte: {2: [(1, 17), (17, 16), (16, 13), (13, 11), (11, 14), (14, 10), (10, 3), (3, 2), (2, 8)], 3: [(1, 4), (4, 5), (5, 6), (6, 7), (7, 18), (18, 9), (9, 12), (12, 15)]}, padri: [21, 26, 27, 28, 33], figli: [20, 26, 15, 44, 46, 47, 48, 49], mosse: [(3, 3, 6, 7, 16)]
35 -> costo: 84536.20000000001, rotte: {2: [(1, 17), (17, 16), (16, 13), (13, 11), (11, 14), (14, 10), (10, 2), (2, 3), (3, 8)], 3: [(1, 5), (5, 4), (4, 6), (6, 7), (7, 18), (18, 9), (9, 12), (12, 15)]}, padri: [30], figli: [18, 25, 14, 32, 36, 37], mosse: [(3, 3, 6, 7, 16)]
36 -> costo: 84391.60000000002, rotte: {2: [(1, 17), (17, 16), (16, 13), (13, 11), (11, 14), (14, 10), (10, 2), (2, 3), (3, 8)], 3: [(1, 4), (4, 6), (6, 5), (5, 7), (7, 18), (18, 9), (9, 12), (12, 15)]}, padri: [35], figli: [19, 25, 8, 32, 32, 37, 37, 39, 43], mosse: [(3, 3, 6, 5, 14)]
37 -> costo: 84304.6, rotte: {2: [(1, 17), (17, 16), (16, 13), (13, 11), (11, 14), (14, 10), (10, 2), (2, 3), (3, 8)], 3: [(1, 4), (4, 5), (5, 7), (7, 18), (18, 6), (6, 9), (9, 12), (12, 15)]}, padri: [36], figli: [19, 29, 38, 39, 40], mosse: [(3, 3, 18, 6, 15)]
38 -> costo: 83838.80000000002, rotte: {2: [(1, 17), (17, 16), (16, 13), (13, 11), (11, 14), (14, 10), (10, 2), (2, 3), (3, 8)], 3: [(1, 4), (4, 5), (5, 7), (7, 6), (6, 9), (9, 18), (18, 12), (12, 15)]}, padri: [37], figli: [19, 39], mosse: [(3, 3, 9, 18, 5)]
39 -> costo: 83838.8, rotte: {2: [(1, 17), (17, 16), (16, 13), (13, 11), (11, 14), (14, 10), (10, 3), (3, 2), (2, 8)], 3: [(1, 4), (4, 5), (5, 7), (7, 6), (6, 9), (9, 18), (18, 12), (12, 15)]}, padri: [38], figli: [20, 49], mosse: [(2, 2, 3, 2, 11)]
40 -> costo: 84051.40000000001, rotte: {2: [(1, 17), (17, 16), (16, 13), (13, 11), (11, 14), (14, 10), (10, 2), (2, 3), (3, 8)], 3: [(1, 5), (5, 7), (7, 4), (4, 18), (18, 6), (6, 9), (9, 12), (12, 15)]}, padri: [37], figli: [9, 41], mosse: [(3, 3, 7, 4, 13)]
41 -> costo: 84051.4, rotte: {2: [(1, 17), (17, 16), (16, 13), (13, 11), (11, 14), (14, 10), (10, 3), (3, 2), (2, 8)], 3: [(1, 5), (5, 7), (7, 4), (4, 18), (18, 6), (6, 9), (9, 12), (12, 15)]}, padri: [40], figli: [42], mosse: [(2, 2, 3, 2, 11)]
42 -> costo: 83305.00000000001, rotte: {2: [(1, 17), (17, 16), (16, 13), (13, 11), (11, 14), (14, 10), (10, 3), (3, 2), (2, 8)], 3: [(1, 5), (5, 7), (7, 4), (4, 6), (6, 18), (18, 9), (9, 12), (12, 15)]}, padri: [41], figli: [], mosse: [(3, 3, 6, 18, 5)]
43 -> costo: 84391.6, rotte: {2: [(1, 17), (17, 16), (16, 13), (13, 11), (11, 14), (14, 10), (10, 3), (3, 2), (2, 8)], 3: [(1, 4), (4, 6), (6, 5), (5, 7), (7, 18), (18, 9), (9, 12), (12, 15)]}, padri: [36], figli: [20, 26, 44, 46, 47, 48, 49], mosse: [(2, 2, 3, 2, 11)]
44 -> costo: 83863.40000000001, rotte: {2: [(1, 17), (17, 16), (16, 13), (13, 11), (11, 14), (14, 10), (10, 3), (3, 2), (2, 8)], 3: [(1, 6), (6, 5), (5, 7), (7, 4), (4, 18), (18, 9), (9, 12), (12, 15)]}, padri: [25, 34, 43], figli: [45, 11, 13, 13, 15, 15], mosse: [(3, 3, 7, 4, 13)]
45 -> costo: 83305.00000000001, rotte: {2: [(1, 17), (17, 16), (16, 13), (13, 11), (11, 14), (14, 10), (10, 3), (3, 2), (2, 8)], 3: [(1, 5), (5, 7), (7, 4), (4, 6), (6, 18), (18, 9), (9, 12), (12, 15)]}, padri: [44], figli: [], mosse: [(3, 3, 4, 6, 15)]
46 -> costo: 84030.80000000002, rotte: {2: [(1, 17), (17, 16), (16, 13), (13, 11), (11, 14), (14, 10), (10, 3), (3, 2), (2, 8)], 3: [(1, 4), (4, 5), (5, 6), (6, 7), (7, 18), (18, 9), (9, 12), (12, 15)]}, padri: [25, 34, 43], figli: [20, 26, 15, 49], mosse: [(3, 3, 6, 5)]
47 -> costo: 84030.80000000002, rotte: {2: [(1, 17), (17, 16), (16, 13), (13, 11), (11, 14), (14, 10), (10, 3), (3, 2), (2, 8)], 3: [(1, 4), (4, 5), (5, 6), (6, 7), (7, 18), (18, 9), (9, 12), (12, 15)]}, padri: [25, 34, 43], figli: [20, 26, 15, 49], mosse: [(3, 3, 5, 6, 15)]
48 -> costo: 84304.6, rotte: {2: [(1, 17), (17, 16), (16, 13), (13, 11), (11, 14), (14, 10), (10, 3), (3, 2), (2, 8)], 3: [(1, 4), (4, 5), (5, 7), (7, 18), (18, 6), (6, 9), (9, 12), (12, 15)]}, padri: [25, 34, 43], figli: [20, 49], mosse: [(3, 3, 18, 6, 15)]
49 -> costo: 83698.3, rotte: {2: [(1, 17), (17, 16), (16, 13), (13, 11), (11, 14), (14, 10), (10, 3), (3, 2), (2, 8)], 3: [(1, 4), (4, 7), (7, 5), (5, 18), (18, 6), (6, 9), (9, 12), (12, 15)]}, padri: [19, 33, 34, 39, 43, 46, 47, 48], figli: [22], mosse: [(3, 3, 7, 5, 14)]
bestSolutionIndice: 20
20 -> costo: 82535.90000000001, rotte: {2: [(1, 17), (17, 16), (16, 13), (13, 11), (11, 14), (14, 10), (10, 3), (3, 2), (2, 8)], 3: [(1, 4), (4, 5), (5, 7), (7, 6), (6, 18), (18, 9), (9, 12), (12, 15)]}, padri: [19, 33, 34, 39, 43, 46, 47, 48], figli: [], mosse: [(2, 2, 3, 2, 11), (3, 3, 5, 7, 16), (3, 3, 7, 6, 15), (3, 3, 18, 9, 18), (3, 3, 7, 6, 15), (3, 3, 7, 6, 15), (3, 3, 7, 6, 15), (3, 3, 6, 18, 5)]
trasportoPalletDiGamma: {2: [(17, 6), (16, 5), (13, 2), (11, 20), (14, 3), (10, 19), (3, 12), (2, 11), (8, 17)], 3: [(4, 13), (5, 14), (7, 16), (6, 15), (18, 5), (9, 18), (12, 1), (15, 4)]}
itMosseLS: 114, itMosseTS: 100
time elapsed: 1649.63s.


##########################################################################################
s: 1
dictSolutions[1]:
0 -> costo: 122902.6, rotte: {3: [(1, 18), (18, 8), (8, 4), (4, 2), (2, 6), (6, 7), (7, 12), (12, 5), (5, 9)], 2: [(1, 10), (10, 13), (13, 3), (3, 17), (17, 15), (15, 11), (11, 14), (14, 16), (16, 9)]}, padri: [-1], figli: [1], mosse: [-1]
1 -> costo: 110754.2, rotte: {3: [(1, 18), (18, 8), (8, 4), (4, 2), (2, 6), (6, 7), (7, 12), (12, 5), (5, 9)], 2: [(1, 10), (10, 13), (13, 9), (9, 3), (3, 17), (17, 15), (15, 11), (11, 14), (14, 16)]}, padri: [0], figli: [2], mosse: [(2, 2, 13, 9, 10)]
2 -> costo: 98040.2, rotte: {3: [(1, 18), (18, 8), (8, 4), (4, 2), (2, 6), (6, 7), (7, 12), (12, 5), (5, 9)], 2: [(1, 10), (10, 13), (13, 9), (9, 3), (3, 16), (16, 17), (17, 15), (15, 11), (11, 14)]}, padri: [1], figli: [3], mosse: [(2, 2, 3, 16, 5)]
3 -> costo: 89267.29999999999, rotte: {3: [(1, 18), (18, 8), (8, 4), (4, 2), (2, 6), (6, 7), (7, 12), (12, 5), (5, 9)], 2: [(1, 10), (10, 9), (9, 3), (3, 16), (16, 17), (17, 15), (15, 13), (13, 11), (11, 14)]}, padri: [2], figli: [4], mosse: [(2, 2, 15, 13, 2)]
4 -> costo: 82958.1, rotte: {3: [(1, 18), (18, 8), (8, 4), (4, 2), (2, 6), (6, 7), (7, 5), (5, 9), (9, 12)], 2: [(1, 10), (10, 9), (9, 3), (3, 16), (16, 17), (17, 15), (15, 13), (13, 11), (11, 14)]}, padri: [3], figli: [5], mosse: [(3, 3, 9, 12, 1)]
5 -> costo: 78681.6, rotte: {3: [(1, 18), (18, 4), (4, 2), (2, 6), (6, 7), (7, 5), (5, 8), (8, 9), (9, 12)], 2: [(1, 10), (10, 9), (9, 3), (3, 16), (16, 17), (17, 15), (15, 13), (13, 11), (11, 14)]}, padri: [4], figli: [6], mosse: [(3, 3, 5, 8, 17)]
6 -> costo: 76996.10000000002, rotte: {3: [(1, 4), (4, 2), (2, 6), (6, 7), (7, 5), (5, 18), (18, 8), (8, 9), (9, 12)], 2: [(1, 10), (10, 9), (9, 3), (3, 16), (16, 17), (17, 15), (15, 13), (13, 11), (11, 14)]}, padri: [5], figli: [7, 7, 7, 7, 7, 7, 7, 7, 7, 14, 14, 14, 14, 14, 14, 14, 14, 14, 23, 26], mosse: [(3, 3, 5, 18, 5)]
7 -> costo: 76276.60000000002, rotte: {3: [(1, 4), (4, 2), (2, 6), (6, 7), (7, 5), (5, 18), (18, 8), (8, 12)], 2: [(1, 10), (10, 9), (9, 3), (3, 16), (16, 17), (17, 15), (15, 13), (13, 11), (11, 14)]}, padri: [6, 6, 6, 6, 6, 6, 6, 6, 6], figli: [8, 11, 24], mosse: [(2, 3, 1, 9, 8), (2, 3, 10, 9, 8), (2, 3, 3, 9, 8), (2, 3, 16, 9, 8), (2, 3, 17, 9, 8), (2, 3, 15, 9, 8), (2, 3, 13, 9, 8), (2, 3, 11, 9, 8), (2, 3, 14, 9, 8)]
8 -> costo: 75885.40000000001, rotte: {3: [(1, 2), (2, 4), (4, 6), (6, 7), (7, 5), (5, 18), (18, 8), (8, 12)], 2: [(1, 10), (10, 9), (9, 3), (3, 16), (16, 17), (17, 15), (15, 13), (13, 11), (11, 14)]}, padri: [7, 23, 23, 23, 23, 23, 23, 23, 23, 23], figli: [9, 10, 10], mosse: [(3, 3, 2, 4, 13), (2, 3, 1, 9, 8), (2, 3, 10, 9, 8), (2, 3, 3, 9, 8), (2, 3, 16, 9, 8), (2, 3, 17, 9, 8), (2, 3, 15, 9, 8), (2, 3, 13, 9, 8), (2, 3, 11, 9, 8), (2, 3, 14, 9, 8)]
9 -> costo: 75180.00000000001, rotte: {3: [(1, 2), (2, 4), (4, 7), (7, 5), (5, 6), (6, 18), (18, 8), (8, 12)], 2: [(1, 10), (10, 9), (9, 3), (3, 16), (16, 17), (17, 15), (15, 13), (13, 11), (11, 14)]}, padri: [8, 10, 24, 24, 24, 24, 24, 24, 24, 24, 24], figli: [], mosse: [(3, 3, 5, 6, 15), (3, 3, 5, 6, 15), (2, 3, 1, 9, 8), (2, 3, 10, 9, 8), (2, 3, 3, 9, 8), (2, 3, 16, 9, 8), (2, 3, 17, 9, 8), (2, 3, 15, 9, 8), (2, 3, 13, 9, 8), (2, 3, 11, 9, 8), (2, 3, 14, 9, 8)]
10 -> costo: 75713.20000000001, rotte: {3: [(1, 2), (2, 4), (4, 7), (7, 6), (6, 5), (5, 18), (18, 8), (8, 12)], 2: [(1, 10), (10, 9), (9, 3), (3, 16), (16, 17), (17, 15), (15, 13), (13, 11), (11, 14)]}, padri: [8, 8, 25, 25, 25, 25, 25, 25, 25, 25, 25], figli: [9], mosse: [(3, 3, 7, 6, 15), (3, 3, 6, 7), (2, 3, 1, 9, 8), (2, 3, 10, 9, 8), (2, 3, 3, 9, 8), (2, 3, 16, 9, 8), (2, 3, 17, 9, 8), (2, 3, 15, 9, 8), (2, 3, 13, 9, 8), (2, 3, 11, 9, 8), (2, 3, 14, 9, 8)]
11 -> costo: 76257.90000000001, rotte: {3: [(1, 2), (2, 6), (6, 7), (7, 4), (4, 5), (5, 18), (18, 8), (8, 12)], 2: [(1, 10), (10, 9), (9, 3), (3, 16), (16, 17), (17, 15), (15, 13), (13, 11), (11, 14)]}, padri: [7], figli: [12, 13], mosse: [(3, 3, 7, 4, 13)]
12 -> costo: 75969.3, rotte: {3: [(1, 6), (6, 7), (7, 4), (4, 5), (5, 18), (18, 8), (8, 12)], 2: [(1, 10), (10, 9), (9, 3), (3, 2), (2, 16), (16, 17), (17, 15), (15, 13), (13, 11), (11, 14)]}, padri: [11, 13], figli: [], mosse: [(2, 3, 3, 2, 11), (2, 2, 3, 2, 11)]
13 -> costo: 76181.10000000002, rotte: {3: [(1, 6), (6, 7), (7, 4), (4, 5), (5, 18), (18, 8), (8, 12)], 2: [(1, 10), (10, 9), (9, 2), (2, 3), (3, 16), (16, 17), (17, 15), (15, 13), (13, 11), (11, 14)]}, padri: [11], figli: [12], mosse: [(2, 3, 9, 2, 11)]
14 -> costo: 76604.60000000002, rotte: {3: [(1, 2), (2, 6), (6, 7), (7, 5), (5, 18), (18, 8), (8, 9), (9, 12)], 2: [(1, 10), (10, 9), (9, 4), (4, 3), (3, 16), (16, 17), (17, 15), (15, 13), (13, 11), (11, 14)]}, padri: [6], figli: [15, 15, 15, 15, 15, 15, 15, 15], mosse: [(2, 3, 9, 4, 13)]
15 -> costo: 70780.70000000001, rotte: {3: [(1, 2), (2, 6), (6, 7), (7, 5), (5, 18), (18, 8), (8, 9), (9, 12)], 2: [(1, 10), (10, 4), (4, 3), (3, 16), (16, 17), (17, 15), (15, 13), (13, 11), (11, 14)]}, padri: [14, 14, 14, 14, 14, 14, 14, 14], figli: [16, 20, 22], mosse: [(3, 2, 1, 9, 10), (3, 2, 2, 9, 10), (3, 2, 6, 9, 10), (3, 2, 7, 9, 10), (3, 2, 5, 9, 10), (3, 2, 18, 9, 10), (3, 2, 8, 9, 10), (3, 2, 12, 9, 10)]
16 -> costo: 70474.50000000001, rotte: {3: [(1, 2), (2, 6), (6, 7), (7, 5), (5, 18), (18, 8), (8, 9), (9, 12)], 2: [(1, 4), (4, 3), (3, 10), (10, 16), (16, 17), (17, 15), (15, 13), (13, 11), (11, 14)]}, padri: [15], figli: [17, 18, 21], mosse: [(2, 2, 3, 10, 19)]
17 -> costo: 70179.70000000001, rotte: {3: [(1, 6), (6, 7), (7, 5), (5, 18), (18, 8), (8, 9), (9, 12)], 2: [(1, 2), (2, 4), (4, 3), (3, 10), (10, 16), (16, 17), (17, 15), (15, 13), (13, 11), (11, 14)]}, padri: [16, 22, 29], figli: [], mosse: [(2, 3, 1, 2, 11), (2, 2, 3, 10, 19), (2, 2, 4, 3, 12)]
18 -> costo: 70397.70000000001, rotte: {3: [(1, 6), (6, 7), (7, 5), (5, 18), (18, 8), (8, 9), (9, 12)], 2: [(1, 4), (4, 3), (3, 2), (2, 10), (10, 16), (16, 17), (17, 15), (15, 13), (13, 11), (11, 14)]}, padri: [16, 20], figli: [19], mosse: [(2, 3, 3, 2, 11), (2, 2, 2, 10, 19)]
19 -> costo: 70391.50000000001, rotte: {3: [(1, 6), (6, 7), (7, 5), (5, 18), (18, 8), (8, 9), (9, 12)], 2: [(1, 3), (3, 4), (4, 2), (2, 10), (10, 16), (16, 17), (17, 15), (15, 13), (13, 11), (11, 14)]}, padri: [18, 21, 28], figli: [], mosse: [(2, 2, 3, 4, 13), (2, 2, 2, 10, 19), (2, 3, 4, 2, 11)]
20 -> costo: 70492.10000000002, rotte: {3: [(1, 6), (6, 7), (7, 5), (5, 18), (18, 8), (8, 9), (9, 12)], 2: [(1, 10), (10, 4), (4, 3), (3, 2), (2, 16), (16, 17), (17, 15), (15, 13), (13, 11), (11, 14)]}, padri: [15, 22], figli: [18, 21], mosse: [(2, 3, 3, 2, 11), (2, 2, 3, 2, 11)]
21 -> costo: 70485.90000000001, rotte: {3: [(1, 6), (6, 7), (7, 5), (5, 18), (18, 8), (8, 9), (9, 12)], 2: [(1, 10), (10, 3), (3, 4), (4, 2), (2, 16), (16, 17), (17, 15), (15, 13), (13, 11), (11, 14)]}, padri: [20], figli: [19], mosse: [(2, 2, 3, 4, 13)]
22 -> costo: 70697.70000000001, rotte: {3: [(1, 6), (6, 7), (7, 5), (5, 18), (18, 8), (8, 9), (9, 12)], 2: [(1, 10), (10, 2), (2, 4), (4, 3), (3, 16), (16, 17), (17, 15), (15, 13), (13, 11), (11, 14)]}, padri: [15], figli: [17, 20], mosse: [(2, 3, 10, 2, 11)]
23 -> costo: 76604.90000000001, rotte: {3: [(1, 2), (2, 4), (4, 6), (6, 7), (7, 5), (5, 18), (18, 8), (8, 9), (9, 12)], 2: [(1, 10), (10, 9), (9, 3), (3, 16), (16, 17), (17, 15), (15, 13), (13, 11), (11, 14)]}, padri: [6], figli: [8, 8, 8, 8, 8, 8, 8, 8, 8, 24, 24, 24, 24, 24, 24, 24, 24, 24, 25, 25], mosse: [(3, 3, 2, 4, 13)]
24 -> costo: 75899.50000000001, rotte: {3: [(1, 2), (2, 4), (4, 7), (7, 5), (5, 6), (6, 18), (18, 8), (8, 9), (9, 12)], 2: [(1, 10), (10, 9), (9, 3), (3, 16), (16, 17), (17, 15), (15, 13), (13, 11), (11, 14)]}, padri: [23, 25], figli: [9, 9, 9, 9, 9, 9, 9, 9, 9], mosse: [(3, 3, 5, 6, 15), (3, 3, 5, 6, 15)]
25 -> costo: 76432.70000000001, rotte: {3: [(1, 2), (2, 4), (4, 7), (7, 6), (6, 5), (5, 18), (18, 8), (8, 9), (9, 12)], 2: [(1, 10), (10, 9), (9, 3), (3, 16), (16, 17), (17, 15), (15, 13), (13, 11), (11, 14)]}, padri: [23, 23], figli: [10, 10, 10, 10, 10, 10, 10, 10, 10, 24], mosse: [(3, 3, 7, 6, 15), (3, 3, 6, 7)]
26 -> costo: 76646.3, rotte: {3: [(1, 2), (2, 6), (6, 7), (7, 5), (5, 18), (18, 8), (8, 9), (9, 12)], 2: [(1, 10), (10, 9), (9, 3), (3, 4), (4, 16), (16, 17), (17, 15), (15, 13), (13, 11), (11, 14)]}, padri: [6], figli: [27], mosse: [(2, 3, 3, 4, 13)]
27 -> costo: 70780.70000000001, rotte: {3: [(1, 2), (2, 6), (6, 7), (7, 5), (5, 18), (18, 8), (8, 9), (9, 12)], 2: [(1, 10), (10, 3), (3, 4), (4, 16), (16, 17), (17, 15), (15, 13), (13, 11), (11, 14)]}, padri: [26], figli: [28], mosse: [(3, 2, 1, 9, 10)]
28 -> costo: 70474.50000000001, rotte: {3: [(1, 2), (2, 6), (6, 7), (7, 5), (5, 18), (18, 8), (8, 9), (9, 12)], 2: [(1, 3), (3, 4), (4, 10), (10, 16), (16, 17), (17, 15), (15, 13), (13, 11), (11, 14)]}, padri: [27], figli: [29, 19], mosse: [(2, 2, 4, 10, 19)]
29 -> costo: 70185.90000000001, rotte: {3: [(1, 6), (6, 7), (7, 5), (5, 18), (18, 8), (8, 9), (9, 12)], 2: [(1, 2), (2, 3), (3, 4), (4, 10), (10, 16), (16, 17), (17, 15), (15, 13), (13, 11), (11, 14)]}, padri: [28], figli: [17], mosse: [(2, 3, 1, 2, 11)]
bestSolutionIndice: 17
17 -> costo: 70179.70000000001, rotte: {3: [(1, 6), (6, 7), (7, 5), (5, 18), (18, 8), (8, 9), (9, 12)], 2: [(1, 2), (2, 4), (4, 3), (3, 10), (10, 16), (16, 17), (17, 15), (15, 13), (13, 11), (11, 14)]}, padri: [16, 22, 29], figli: [], mosse: [(2, 3, 1, 2, 11), (2, 2, 3, 10, 19), (2, 2, 4, 3, 12)]
trasportoPalletDiGamma: {3: [(6, 15), (7, 16), (5, 14), (18, 5), (8, 17), (9, 18), (12, 1)], 2: [(2, 11), (4, 13), (3, 12), (10, 19), (16, 5), (17, 6), (15, 4), (13, 2), (11, 20), (14, 3)]}
itMosseLS: 82, itMosseTS: 72
time elapsed: 976.24s.


##########################################################################################
##########################################################################################
