itNSIMax: 10, itMosseTSMax: 30.
##########################################################################################
s: 1, itNSI: 1.
soluzione iniziale: 0
0 -> 
costo: 148095.69999999998, 
rotte: {3: [(1, 15), (15, 5), (5, 9), (9, 14), (14, 3), (3, 16), (16, 13), (13, 2), (2, 11)], 2: [(1, 7), (7, 18), (18, 6), (6, 10), (10, 4), (4, 17), (17, 8), (8, 12)]}
trasportoPalletDiGamma: {3: [(15, 4), (5, 14), (9, 18), (14, 3), (3, 12), (16, 5), (13, 2), (2, 11), (11, 20)], 2: [(7, 16), (18, 5), (6, 15), (10, 19), (4, 13), (17, 6), (8, 17), (12, 1)]}
bestSolutionIndice: 17
17 -> 
costo: 84141.3, 
rotte: {3: [(1, 5), (5, 18), (18, 9), (9, 13), (13, 11), (11, 14), (14, 3), (3, 2), (2, 16)], 2: [(1, 4), (4, 7), (7, 6), (6, 10), (10, 8), (8, 12), (12, 17), (17, 15)]}
trasportoPalletDiGamma: {3: [(5, 14), (18, 5), (9, 18), (13, 2), (11, 20), (14, 3), (3, 12), (2, 11), (16, 5)], 2: [(4, 13), (7, 16), (6, 15), (10, 19), (8, 17), (12, 1), (17, 6), (15, 4)]}
itMosseLS: 42, itMosseTS: 30
numero di soluzioni totali trovati: 29.
time elapsed: 482.44s.


##########################################################################################
s: 1, itNSI: 2.
soluzione iniziale: 0
0 -> 
costo: 150480.7, 
rotte: {2: [(1, 16), (16, 9), (9, 10), (10, 6), (6, 17), (17, 5), (5, 2), (2, 13), (13, 3)], 3: [(1, 12), (12, 8), (8, 11), (11, 15), (15, 14), (14, 7), (7, 18), (18, 4), (4, 3)]}
trasportoPalletDiGamma: {2: [(16, 5), (9, 18), (10, 19), (6, 15), (17, 6), (5, 14), (2, 11), (13, 2), (3, 10)], 3: [(12, 1), (8, 17), (11, 20), (15, 4), (14, 3), (7, 16), (18, 5), (4, 13), (3, 2)]}
bestSolutionIndice: 13
13 -> 
costo: 84779.20000000001, 
rotte: {2: [(1, 16), (16, 17), (17, 12), (12, 13), (13, 10), (10, 6), (6, 5), (5, 3), (3, 2)], 3: [(1, 11), (11, 14), (14, 9), (9, 8), (8, 18), (18, 4), (4, 7), (7, 3), (3, 15)]}
trasportoPalletDiGamma: {2: [(16, 5), (17, 6), (12, 1), (13, 2), (10, 19), (6, 15), (5, 14), (3, 10), (2, 11)], 3: [(11, 20), (14, 3), (9, 18), (8, 17), (18, 5), (4, 13), (7, 16), (3, 2), (15, 4)]}
itMosseLS: 45, itMosseTS: 30
numero di soluzioni totali trovati: 27.
time elapsed: 374.72s.


##########################################################################################
s: 1, itNSI: 3.
soluzione iniziale: 0
0 -> 
costo: 131296.8, 
rotte: {3: [(1, 3), (3, 4), (4, 12), (12, 11), (11, 6), (6, 10), (10, 14), (14, 18), (18, 2)], 2: [(1, 13), (13, 8), (8, 17), (17, 5), (5, 9), (9, 16), (16, 15), (15, 7)]}
trasportoPalletDiGamma: {3: [(3, 12), (4, 13), (12, 1), (11, 20), (6, 15), (10, 19), (14, 3), (18, 5), (2, 11)], 2: [(13, 2), (8, 17), (17, 6), (5, 14), (9, 18), (16, 5), (15, 4), (7, 16)]}
bestSolutionIndice: 21
21 -> 
costo: 66712.5, 
rotte: {3: [(1, 2), (2, 4), (4, 12), (12, 11), (11, 14), (14, 10), (10, 18), (18, 6)], 2: [(1, 3), (3, 7), (7, 5), (5, 9), (9, 8), (8, 13), (13, 16), (16, 17), (17, 15)]}
trasportoPalletDiGamma: {3: [(2, 11), (4, 13), (12, 1), (11, 20), (14, 3), (10, 19), (18, 5), (6, 15)], 2: [(3, 12), (7, 16), (5, 14), (9, 18), (8, 17), (13, 2), (16, 5), (17, 6), (15, 4)]}
itMosseLS: 41, itMosseTS: 30
numero di soluzioni totali trovati: 33.
time elapsed: 294.22s.


##########################################################################################
s: 1, itNSI: 4.
soluzione iniziale: 0
0 -> 
costo: 143784.5, 
rotte: {2: [(1, 3), (3, 8), (8, 4), (4, 2), (2, 6), (6, 18), (18, 14), (14, 10), (10, 12)], 3: [(1, 11), (11, 17), (17, 7), (7, 16), (16, 13), (13, 15), (15, 5), (5, 9)]}
trasportoPalletDiGamma: {2: [(3, 12), (8, 17), (4, 13), (2, 11), (6, 15), (18, 5), (14, 3), (10, 19), (12, 1)], 3: [(11, 20), (17, 6), (7, 16), (16, 5), (13, 2), (15, 4), (5, 14), (9, 18)]}
bestSolutionIndice: 31
31 -> 
costo: 72383.09999999999, 
rotte: {2: [(1, 2), (2, 4), (4, 10), (10, 6), (6, 18), (18, 8), (8, 12), (12, 14)], 3: [(1, 17), (17, 16), (16, 15), (15, 11), (11, 13), (13, 3), (3, 7), (7, 5), (5, 9)]}
trasportoPalletDiGamma: {2: [(2, 11), (4, 13), (10, 19), (6, 15), (18, 5), (8, 17), (12, 1), (14, 3)], 3: [(17, 6), (16, 5), (15, 4), (11, 20), (13, 2), (3, 12), (7, 16), (5, 14), (9, 18)]}
itMosseLS: 42, itMosseTS: 30
numero di soluzioni totali trovati: 32.
time elapsed: 367.46s.


##########################################################################################
s: 1, itNSI: 5.
soluzione iniziale: 0
0 -> 
costo: 138249.6, 
rotte: {2: [(1, 12), (12, 8), (8, 13), (13, 5), (5, 11), (11, 4), (4, 9), (9, 2), (2, 7)], 3: [(1, 16), (16, 17), (17, 18), (18, 14), (14, 3), (3, 15), (15, 6), (6, 10), (10, 7)]}
trasportoPalletDiGamma: {2: [(12, 1), (8, 17), (13, 2), (5, 14), (11, 20), (4, 13), (9, 18), (2, 11), (7, 4)], 3: [(16, 5), (17, 6), (18, 5), (14, 3), (3, 12), (15, 4), (6, 15), (10, 19), (7, 12)]}
bestSolutionIndice: 12
12 -> 
costo: 71799.0, 
rotte: {2: [(1, 11), (11, 13), (13, 8), (8, 9), (9, 5), (5, 7), (7, 4), (4, 2)], 3: [(1, 15), (15, 16), (16, 17), (17, 12), (12, 14), (14, 10), (10, 3), (3, 7), (7, 6), (6, 18)]}
trasportoPalletDiGamma: {2: [(11, 20), (13, 2), (8, 17), (9, 18), (5, 14), (7, 4), (4, 13), (2, 11)], 3: [(15, 4), (16, 5), (17, 6), (12, 1), (14, 3), (10, 19), (3, 12), (7, 12), (6, 15), (18, 5)]}
itMosseLS: 40, itMosseTS: 30
numero di soluzioni totali trovati: 26.
time elapsed: 139.99s.


##########################################################################################
s: 1, itNSI: 6.
soluzione iniziale: 0
0 -> 
costo: 150797.2, 
rotte: {2: [(1, 2), (2, 18), (18, 15), (15, 9), (9, 8), (8, 11), (11, 6), (6, 10)], 3: [(1, 5), (5, 3), (3, 12), (12, 13), (13, 7), (7, 16), (16, 4), (4, 14), (14, 17), (17, 10)]}
trasportoPalletDiGamma: {2: [(2, 11), (18, 5), (15, 4), (9, 18), (8, 17), (11, 20), (6, 15), (10, 10)], 3: [(5, 14), (3, 12), (12, 1), (13, 2), (7, 16), (16, 5), (4, 13), (14, 3), (17, 6), (10, 9)]}
bestSolutionIndice: 12
12 -> 
costo: 74601.7, 
rotte: {2: [(1, 2), (2, 18), (18, 9), (9, 8), (8, 6), (6, 11), (11, 15)], 3: [(1, 5), (5, 7), (7, 4), (4, 3), (3, 10), (10, 14), (14, 13), (13, 12), (12, 17), (17, 16)]}
trasportoPalletDiGamma: {2: [(2, 11), (18, 5), (9, 18), (8, 17), (6, 15), (11, 20), (15, 4)], 3: [(5, 14), (7, 16), (4, 13), (3, 12), (10, 19), (14, 3), (13, 2), (12, 1), (17, 6), (16, 5)]}
itMosseLS: 41, itMosseTS: 30
numero di soluzioni totali trovati: 24.
time elapsed: 297.46s.


##########################################################################################
s: 1, itNSI: 7.
soluzione iniziale: 0
0 -> 
costo: 146205.0, 
rotte: {2: [(1, 14), (14, 15), (15, 6), (6, 9), (9, 8), (8, 10), (10, 2), (2, 3), (3, 12)], 3: [(1, 13), (13, 5), (5, 7), (7, 17), (17, 4), (4, 16), (16, 18), (18, 11)]}
trasportoPalletDiGamma: {2: [(14, 3), (15, 4), (6, 15), (9, 18), (8, 17), (10, 19), (2, 11), (3, 12), (12, 1)], 3: [(13, 2), (5, 14), (7, 16), (17, 6), (4, 13), (16, 5), (18, 5), (11, 20)]}
bestSolutionIndice: 27
27 -> 
costo: 63975.5, 
rotte: {2: [(1, 9), (9, 8), (8, 18), (18, 2), (2, 3), (3, 10), (10, 13), (13, 12), (12, 14)], 3: [(1, 6), (6, 7), (7, 5), (5, 4), (4, 11), (11, 17), (17, 16), (16, 15)]}
trasportoPalletDiGamma: {2: [(9, 18), (8, 17), (18, 5), (2, 11), (3, 12), (10, 19), (13, 2), (12, 1), (14, 3)], 3: [(6, 15), (7, 16), (5, 14), (4, 13), (11, 20), (17, 6), (16, 5), (15, 4)]}
itMosseLS: 41, itMosseTS: 30
numero di soluzioni totali trovati: 32.
time elapsed: 232.54s.


##########################################################################################
s: 1, itNSI: 8.
soluzione iniziale: 0
0 -> 
costo: 147659.1, 
rotte: {2: [(1, 17), (17, 18), (18, 5), (5, 15), (15, 7), (7, 13), (13, 10), (10, 2), (2, 16)], 3: [(1, 12), (12, 9), (9, 11), (11, 3), (3, 8), (8, 14), (14, 6), (6, 4)]}
trasportoPalletDiGamma: {2: [(17, 6), (18, 5), (5, 14), (15, 4), (7, 16), (13, 2), (10, 19), (2, 11), (16, 5)], 3: [(12, 1), (9, 18), (11, 20), (3, 12), (8, 17), (14, 3), (6, 15), (4, 13)]}
bestSolutionIndice: 20
20 -> 
costo: 66478.70000000001, 
rotte: {2: [(1, 18), (18, 7), (7, 5), (5, 2), (2, 10), (10, 13), (13, 12), (12, 16), (16, 17), (17, 15)], 3: [(1, 11), (11, 14), (14, 8), (8, 9), (9, 6), (6, 4), (4, 3)]}
trasportoPalletDiGamma: {2: [(18, 5), (7, 16), (5, 14), (2, 11), (10, 19), (13, 2), (12, 1), (16, 5), (17, 6), (15, 4)], 3: [(11, 20), (14, 3), (8, 17), (9, 18), (6, 15), (4, 13), (3, 12)]}
itMosseLS: 43, itMosseTS: 30
numero di soluzioni totali trovati: 32.
time elapsed: 468.30s.


##########################################################################################
s: 1, itNSI: 9.
soluzione iniziale: 0
0 -> 
costo: 162911.8, 
rotte: {3: [(1, 16), (16, 9), (9, 15), (15, 18), (18, 3), (3, 14), (14, 2), (2, 12), (12, 4), (4, 17), (17, 5)], 2: [(1, 13), (13, 10), (10, 6), (6, 8), (8, 11), (11, 7), (7, 5)]}
trasportoPalletDiGamma: {3: [(16, 5), (9, 18), (15, 4), (18, 5), (3, 12), (14, 3), (2, 11), (12, 1), (4, 13), (17, 6), (5, 3)], 2: [(13, 2), (10, 19), (6, 15), (8, 17), (11, 20), (7, 16), (5, 11)]}
bestSolutionIndice: 15
15 -> 
costo: 72799.0, 
rotte: {3: [(1, 16), (16, 17), (17, 15), (15, 12), (12, 13), (13, 14), (14, 2), (2, 3), (3, 4), (4, 5), (5, 18), (18, 9)], 2: [(1, 5), (5, 7), (7, 6), (6, 10), (10, 8), (8, 11)]}
trasportoPalletDiGamma: {3: [(16, 5), (17, 6), (15, 4), (12, 1), (13, 2), (14, 3), (2, 11), (3, 12), (4, 13), (5, 3), (18, 5), (9, 18)], 2: [(5, 11), (7, 16), (6, 15), (10, 19), (8, 17), (11, 20)]}
itMosseLS: 44, itMosseTS: 30
numero di soluzioni totali trovati: 28.
time elapsed: 387.04s.


##########################################################################################
s: 1, itNSI: 10.
soluzione iniziale: 0
0 -> 
costo: 132697.30000000002, 
rotte: {2: [(1, 17), (17, 3), (3, 5), (5, 14), (14, 11), (11, 6), (6, 8), (8, 12), (12, 16)], 3: [(1, 18), (18, 15), (15, 7), (7, 4), (4, 13), (13, 10), (10, 9), (9, 2)]}
trasportoPalletDiGamma: {2: [(17, 6), (3, 12), (5, 14), (14, 3), (11, 20), (6, 15), (8, 17), (12, 1), (16, 5)], 3: [(18, 5), (15, 4), (7, 16), (4, 13), (13, 2), (10, 19), (9, 18), (2, 11)]}
bestSolutionIndice: 10
10 -> 
costo: 76645.7, 
rotte: {2: [(1, 5), (5, 6), (6, 18), (18, 8), (8, 14), (14, 11), (11, 12), (12, 17), (17, 16)], 3: [(1, 3), (3, 7), (7, 4), (4, 2), (2, 10), (10, 9), (9, 13), (13, 15)]}
trasportoPalletDiGamma: {2: [(5, 14), (6, 15), (18, 5), (8, 17), (14, 3), (11, 20), (12, 1), (17, 6), (16, 5)], 3: [(3, 12), (7, 16), (4, 13), (2, 11), (10, 19), (9, 18), (13, 2), (15, 4)]}
itMosseLS: 39, itMosseTS: 30
numero di soluzioni totali trovati: 24.
time elapsed: 312.73s.


##########################################################################################
##########################################################################################
##########################################################################################
Soluzione migliore in assoluto trovata:

s: 1
itNSI: 7, 
costo: 63975.5, 
rotte: {2: [(1, 9), (9, 8), (8, 18), (18, 2), (2, 3), (3, 10), (10, 13), (13, 12), (12, 14)], 3: [(1, 6), (6, 7), (7, 5), (5, 4), (4, 11), (11, 17), (17, 16), (16, 15)]}
trasportoPalletDiGamma: {2: [(9, 18), (8, 17), (18, 5), (2, 11), (3, 12), (10, 19), (13, 2), (12, 1), (14, 3)], 3: [(6, 15), (7, 16), (5, 14), (4, 13), (11, 20), (17, 6), (16, 5), (15, 4)]}

Total time elapsed: 3357.25s.