itNSIMax: 3, itMosseTSMax: 200.
##########################################################################################
s: 1
dictSolutions[1]:
0 -> costo: 140893.3, rotte: {3: [(1, 15), (15, 3), (3, 16), (16, 2), (2, 6), (6, 5), (5, 14), (14, 7), (7, 9)], 2: [(1, 18), (18, 11), (11, 10), (10, 4), (4, 8), (8, 17), (17, 12), (12, 13)]}, padri: [-1], figli: [1], mosse: [-1]
1 -> costo: 113845.29999999999, rotte: {3: [(1, 15), (15, 16), (16, 2), (2, 6), (6, 5), (5, 14), (14, 3), (3, 7), (7, 9)], 2: [(1, 18), (18, 11), (11, 10), (10, 4), (4, 8), (8, 17), (17, 12), (12, 13)]}, padri: [0], figli: [2], mosse: [(3, 3, 14, 3, 12)]
2 -> costo: 103447.2, rotte: {3: [(1, 15), (15, 16), (16, 2), (2, 6), (6, 5), (5, 14), (14, 3), (3, 7), (7, 9)], 2: [(1, 18), (18, 10), (10, 4), (4, 8), (8, 17), (17, 12), (12, 11), (11, 13)]}, padri: [1], figli: [3], mosse: [(2, 2, 12, 11, 20)]
3 -> costo: 93797.90000000001, rotte: {3: [(1, 15), (15, 16), (16, 2), (2, 6), (6, 5), (5, 14), (14, 3), (3, 7), (7, 9)], 2: [(1, 18), (18, 10), (10, 4), (4, 8), (8, 12), (12, 11), (11, 13), (13, 17)]}, padri: [2], figli: [4], mosse: [(2, 2, 13, 17, 6)]
4 -> costo: 88673.40000000001, rotte: {3: [(1, 15), (15, 16), (16, 2), (2, 6), (6, 5), (5, 3), (3, 7), (7, 9), (9, 14)], 2: [(1, 18), (18, 10), (10, 4), (4, 8), (8, 12), (12, 11), (11, 13), (13, 17)]}, padri: [3], figli: [5], mosse: [(3, 3, 9, 14, 3)]
5 -> costo: 87319.40000000001, rotte: {3: [(1, 15), (15, 16), (16, 2), (2, 5), (5, 3), (3, 7), (7, 6), (6, 9), (9, 14)], 2: [(1, 18), (18, 10), (10, 4), (4, 8), (8, 12), (12, 11), (11, 13), (13, 17)]}, padri: [4], figli: [6], mosse: [(3, 3, 7, 6, 15)]
6 -> costo: 86263.40000000001, rotte: {3: [(1, 15), (15, 16), (16, 14), (14, 2), (2, 5), (5, 3), (3, 7), (7, 6), (6, 9)], 2: [(1, 18), (18, 10), (10, 4), (4, 8), (8, 12), (12, 11), (11, 13), (13, 17)]}, padri: [5], figli: [7], mosse: [(3, 3, 16, 14, 3)]
7 -> costo: 85318.6, rotte: {3: [(1, 15), (15, 16), (16, 14), (14, 2), (2, 5), (5, 3), (3, 7), (7, 6), (6, 9)], 2: [(1, 10), (10, 4), (4, 18), (18, 8), (8, 12), (12, 11), (11, 13), (13, 17)]}, padri: [6], figli: [8], mosse: [(2, 2, 4, 18, 5)]
8 -> costo: 84582.50000000001, rotte: {3: [(1, 15), (15, 16), (16, 14), (14, 2), (2, 5), (5, 3), (3, 7), (7, 6), (6, 9)], 2: [(1, 4), (4, 10), (10, 18), (18, 8), (8, 12), (12, 11), (11, 13), (13, 17)]}, padri: [7], figli: [9], mosse: [(2, 2, 4, 10, 19)]
9 -> costo: 84138.70000000003, rotte: {3: [(1, 15), (15, 16), (16, 14), (14, 2), (2, 3), (3, 5), (5, 7), (7, 6), (6, 9)], 2: [(1, 4), (4, 10), (10, 18), (18, 8), (8, 12), (12, 11), (11, 13), (13, 17)]}, padri: [8], figli: [10], mosse: [(3, 3, 3, 5, 14)]
10 -> costo: 83927.90000000001, rotte: {3: [(1, 15), (15, 16), (16, 14), (14, 2), (2, 3), (3, 5), (5, 7), (7, 6), (6, 9)], 2: [(1, 4), (4, 10), (10, 18), (18, 8), (8, 11), (11, 13), (13, 12), (12, 17)]}, padri: [9], figli: [11], mosse: [(2, 2, 13, 12, 1)]
11 -> costo: 83683.10000000002, rotte: {3: [(1, 15), (15, 16), (16, 14), (14, 2), (2, 3), (3, 5), (5, 7), (7, 6), (6, 9)], 2: [(1, 4), (4, 10), (10, 18), (18, 8), (8, 13), (13, 11), (11, 12), (12, 17)]}, padri: [10], figli: [12], mosse: [(2, 2, 13, 11, 20)]
12 -> costo: 83494.70000000001, rotte: {3: [(1, 16), (16, 14), (14, 2), (2, 3), (3, 5), (5, 7), (7, 6), (6, 9)], 2: [(1, 4), (4, 10), (10, 18), (18, 8), (8, 13), (13, 11), (11, 12), (12, 17), (17, 15)]}, padri: [11], figli: [13], mosse: [(2, 3, 17, 15, 4)]
13 -> costo: 67150.00000000001, rotte: {3: [(1, 14), (14, 2), (2, 3), (3, 5), (5, 7), (7, 6), (6, 9)], 2: [(1, 4), (4, 10), (10, 18), (18, 8), (8, 13), (13, 11), (11, 12), (12, 16), (16, 17), (17, 15)]}, padri: [12], figli: [14, 25, 46, 47, 50, 58], mosse: [(2, 3, 12, 16, 5)]
14 -> costo: 57481.5, rotte: {3: [(1, 2), (2, 3), (3, 5), (5, 7), (7, 6), (6, 9)], 2: [(1, 4), (4, 10), (10, 18), (18, 8), (8, 13), (13, 14), (14, 11), (11, 12), (12, 16), (16, 17), (17, 15)]}, padri: [13, 25, 47], figli: [15, 16, 17, 18, 21, 22, 24, 27, 29, 37, 41, 51, 56, 73, 74], mosse: [(2, 3, 13, 14, 3), (2, 2, 13, 14, 3), (2, 2, 14, 11, 20)]
15 -> costo: 56938.100000000006, rotte: {3: [(1, 2), (2, 3), (3, 4), (4, 5), (5, 7), (7, 6), (6, 9)], 2: [(1, 10), (10, 18), (18, 8), (8, 13), (13, 14), (14, 11), (11, 12), (12, 16), (16, 17), (17, 15)]}, padri: [14, 16, 17, 19, 21, 21, 26, 48, 61, 73], figli: [], mosse: [(3, 2, 3, 4, 13), (3, 3, 3, 4, 13), (3, 3, 3, 4, 13), (3, 3, 2, 3, 12), (3, 3, 5, 4), (3, 3, 4, 5, 14), (2, 2, 13, 14, 3), (2, 2, 14, 11, 20), (2, 2, 11, 12, 1), (2, 2, 11, 12, 1)]
16 -> costo: 57014.0, rotte: {3: [(1, 2), (2, 4), (4, 3), (3, 5), (5, 7), (7, 6), (6, 9)], 2: [(1, 10), (10, 18), (18, 8), (8, 13), (13, 14), (14, 11), (11, 12), (12, 16), (16, 17), (17, 15)]}, padri: [14, 17, 19, 23, 28, 49, 72], figli: [15, 22, 27], mosse: [(3, 2, 2, 4, 13), (3, 3, 2, 4, 13), (3, 3, 4, 3, 12), (3, 3, 3, 5, 14), (2, 2, 13, 14, 3), (2, 2, 14, 11, 20), (2, 2, 11, 12, 1)]
17 -> costo: 57370.0, rotte: {3: [(1, 4), (4, 2), (2, 3), (3, 5), (5, 7), (7, 6), (6, 9)], 2: [(1, 10), (10, 18), (18, 8), (8, 13), (13, 14), (14, 11), (11, 12), (12, 16), (16, 17), (17, 15)]}, padri: [14, 30, 50], figli: [15, 16, 18, 22, 24, 27, 29, 32, 52, 73, 74], mosse: [(3, 2, 1, 4, 13), (2, 2, 13, 14, 3), (2, 2, 14, 11, 20)]
18 -> costo: 57302.8, rotte: {3: [(1, 4), (4, 3), (3, 2), (2, 5), (5, 7), (7, 6), (6, 9)], 2: [(1, 10), (10, 18), (18, 8), (8, 13), (13, 14), (14, 11), (11, 12), (12, 16), (16, 17), (17, 15)]}, padri: [17, 31, 51], figli: [19, 20], mosse: [(3, 3, 3, 2, 11), (2, 2, 13, 14, 3), (2, 2, 14, 11, 20)]
19 -> costo: 57287.90000000001, rotte: {3: [(1, 3), (3, 2), (2, 4), (4, 5), (5, 7), (7, 6), (6, 9)], 2: [(1, 10), (10, 18), (18, 8), (8, 13), (13, 14), (14, 11), (11, 12), (12, 16), (16, 17), (17, 15)]}, padri: [18, 20, 35, 52], figli: [15, 16, 22, 24, 27, 29, 73, 74], mosse: [(3, 3, 2, 4, 13), (3, 3, 2, 4, 13), (2, 2, 13, 14, 3), (2, 2, 14, 11, 20)]
20 -> costo: 57296.600000000006, rotte: {3: [(1, 3), (3, 4), (4, 2), (2, 5), (5, 7), (7, 6), (6, 9)], 2: [(1, 10), (10, 18), (18, 8), (8, 13), (13, 14), (14, 11), (11, 12), (12, 16), (16, 17), (17, 15)]}, padri: [18, 36, 53], figli: [19], mosse: [(3, 3, 3, 4, 13), (2, 2, 13, 14, 3), (2, 2, 14, 11, 20)]
21 -> costo: 57387.40000000001, rotte: {3: [(1, 2), (2, 3), (3, 5), (5, 4), (4, 7), (7, 6), (6, 9)], 2: [(1, 10), (10, 18), (18, 8), (8, 13), (13, 14), (14, 11), (11, 12), (12, 16), (16, 17), (17, 15)]}, padri: [14, 38, 54], figli: [15, 15, 22, 22, 23, 27, 27, 40, 57], mosse: [(3, 2, 5, 4, 13), (2, 2, 13, 14, 3), (2, 2, 14, 11, 20)]
22 -> costo: 57237.90000000001, rotte: {3: [(1, 2), (2, 3), (3, 4), (4, 7), (7, 5), (5, 6), (6, 9)], 2: [(1, 10), (10, 18), (18, 8), (8, 13), (13, 14), (14, 11), (11, 12), (12, 16), (16, 17), (17, 15)]}, padri: [21, 24, 24, 39, 55], figli: [], mosse: [(3, 3, 7, 5, 14), (3, 3, 3, 4, 13), (3, 3, 4, 3), (2, 2, 13, 14, 3), (2, 2, 14, 11, 20)]
23 -> costo: 57381.90000000001, rotte: {3: [(1, 2), (2, 5), (5, 4), (4, 3), (3, 7), (7, 6), (6, 9)], 2: [(1, 10), (10, 18), (18, 8), (8, 13), (13, 14), (14, 11), (11, 12), (12, 16), (16, 17), (17, 15)]}, padri: [21, 44, 56], figli: [16, 24, 29, 73, 74], mosse: [(3, 3, 4, 3, 12), (2, 2, 13, 14, 3), (2, 2, 14, 11, 20)]
24 -> costo: 57299.600000000006, rotte: {3: [(1, 2), (2, 4), (4, 3), (3, 7), (7, 5), (5, 6), (6, 9)], 2: [(1, 10), (10, 18), (18, 8), (8, 13), (13, 14), (14, 11), (11, 12), (12, 16), (16, 17), (17, 15)]}, padri: [23, 45, 57], figli: [22, 22, 40, 40], mosse: [(3, 3, 7, 5, 14), (2, 2, 13, 14, 3), (2, 2, 14, 11, 20)]
25 -> costo: 57547.4, rotte: {3: [(1, 2), (2, 3), (3, 5), (5, 7), (7, 6), (6, 9)], 2: [(1, 4), (4, 10), (10, 18), (18, 8), (8, 14), (14, 13), (13, 11), (11, 12), (12, 16), (16, 17), (17, 15)]}, padri: [13], figli: [26, 28, 30, 31, 38, 39, 45, 14, 46, 50, 69, 85], mosse: [(2, 3, 8, 14, 3)]
26 -> costo: 57004.00000000001, rotte: {3: [(1, 2), (2, 3), (3, 4), (4, 5), (5, 7), (7, 6), (6, 9)], 2: [(1, 10), (10, 18), (18, 8), (8, 14), (14, 13), (13, 11), (11, 12), (12, 16), (16, 17), (17, 15)]}, padri: [25, 28, 30, 35, 38, 38, 63, 68, 69], figli: [15, 27], mosse: [(3, 2, 3, 4, 13), (3, 3, 3, 4, 13), (3, 3, 3, 4, 13), (3, 3, 2, 3, 12), (3, 3, 5, 4), (3, 3, 4, 5, 14), (2, 2, 13, 11, 20), (2, 2, 11, 12, 1), (2, 2, 11, 12, 1)]
27 -> costo: 56977.100000000006, rotte: {3: [(1, 2), (2, 3), (3, 4), (4, 5), (5, 7), (7, 6), (6, 9)], 2: [(1, 10), (10, 18), (18, 8), (8, 14), (14, 11), (11, 13), (13, 12), (12, 16), (16, 17), (17, 15)]}, padri: [26, 29, 33, 37, 41, 41, 46, 63, 66, 67], figli: [], mosse: [(2, 2, 11, 13, 2), (3, 3, 3, 4, 13), (3, 3, 2, 3, 12), (3, 3, 3, 4, 13), (3, 3, 5, 4), (3, 3, 4, 5, 14), (3, 2, 3, 4, 13), (2, 2, 14, 11, 20), (2, 2, 13, 12, 1), (2, 2, 13, 12, 1)]
28 -> costo: 57079.9, rotte: {3: [(1, 2), (2, 4), (4, 3), (3, 5), (5, 7), (7, 6), (6, 9)], 2: [(1, 10), (10, 18), (18, 8), (8, 14), (14, 13), (13, 11), (11, 12), (12, 16), (16, 17), (17, 15)]}, padri: [25, 30, 35, 44, 79, 84, 85], figli: [26, 16, 29, 39, 43, 69, 73, 74], mosse: [(3, 2, 2, 4, 13), (3, 3, 2, 4, 13), (3, 3, 4, 3, 12), (3, 3, 3, 5, 14), (2, 2, 13, 11, 20), (2, 2, 11, 12, 1), (2, 2, 11, 12, 1)]
29 -> costo: 57053.0, rotte: {3: [(1, 2), (2, 4), (4, 3), (3, 5), (5, 7), (7, 6), (6, 9)], 2: [(1, 10), (10, 18), (18, 8), (8, 14), (14, 11), (11, 13), (13, 12), (12, 16), (16, 17), (17, 15)]}, padri: [28, 33, 37, 42, 46, 79, 82, 83], figli: [27], mosse: [(2, 2, 11, 13, 2), (3, 3, 4, 3, 12), (3, 3, 2, 4, 13), (3, 3, 3, 5, 14), (3, 2, 2, 4, 13), (2, 2, 14, 11, 20), (2, 2, 13, 12, 1), (2, 2, 13, 12, 1)]
30 -> costo: 57435.9, rotte: {3: [(1, 4), (4, 2), (2, 3), (3, 5), (5, 7), (7, 6), (6, 9)], 2: [(1, 10), (10, 18), (18, 8), (8, 14), (14, 13), (13, 11), (11, 12), (12, 16), (16, 17), (17, 15)]}, padri: [25], figli: [26, 28, 31, 17, 37, 39, 45, 51, 69, 85], mosse: [(3, 2, 1, 4, 13)]
31 -> costo: 57368.700000000004, rotte: {3: [(1, 4), (4, 3), (3, 2), (2, 5), (5, 7), (7, 6), (6, 9)], 2: [(1, 10), (10, 18), (18, 8), (8, 14), (14, 13), (13, 11), (11, 12), (12, 16), (16, 17), (17, 15)]}, padri: [30], figli: [18, 32, 35, 36, 52], mosse: [(3, 3, 3, 2, 11)]
32 -> costo: 57341.8, rotte: {3: [(1, 4), (4, 3), (3, 2), (2, 5), (5, 7), (7, 6), (6, 9)], 2: [(1, 10), (10, 18), (18, 8), (8, 14), (14, 11), (11, 13), (13, 12), (12, 16), (16, 17), (17, 15)]}, padri: [31, 37], figli: [33, 34], mosse: [(2, 2, 11, 13, 2), (3, 3, 3, 2, 11)]
33 -> costo: 57326.90000000001, rotte: {3: [(1, 3), (3, 2), (2, 4), (4, 5), (5, 7), (7, 6), (6, 9)], 2: [(1, 10), (10, 18), (18, 8), (8, 14), (14, 11), (11, 13), (13, 12), (12, 16), (16, 17), (17, 15)]}, padri: [32, 34, 35], figli: [27, 29, 43], mosse: [(3, 3, 2, 4, 13), (3, 3, 2, 4, 13), (2, 2, 11, 13, 2)]
34 -> costo: 57335.600000000006, rotte: {3: [(1, 3), (3, 4), (4, 2), (2, 5), (5, 7), (7, 6), (6, 9)], 2: [(1, 10), (10, 18), (18, 8), (8, 14), (14, 11), (11, 13), (13, 12), (12, 16), (16, 17), (17, 15)]}, padri: [32, 36], figli: [33], mosse: [(3, 3, 3, 4, 13), (2, 2, 11, 13, 2)]
35 -> costo: 57353.80000000001, rotte: {3: [(1, 3), (3, 2), (2, 4), (4, 5), (5, 7), (7, 6), (6, 9)], 2: [(1, 10), (10, 18), (18, 8), (8, 14), (14, 13), (13, 11), (11, 12), (12, 16), (16, 17), (17, 15)]}, padri: [31, 36], figli: [26, 28, 19, 33, 39, 45, 69, 85], mosse: [(3, 3, 2, 4, 13), (3, 3, 2, 4, 13)]
36 -> costo: 57362.50000000001, rotte: {3: [(1, 3), (3, 4), (4, 2), (2, 5), (5, 7), (7, 6), (6, 9)], 2: [(1, 10), (10, 18), (18, 8), (8, 14), (14, 13), (13, 11), (11, 12), (12, 16), (16, 17), (17, 15)]}, padri: [31], figli: [20, 34, 35], mosse: [(3, 3, 3, 4, 13)]
37 -> costo: 57409.0, rotte: {3: [(1, 4), (4, 2), (2, 3), (3, 5), (5, 7), (7, 6), (6, 9)], 2: [(1, 10), (10, 18), (18, 8), (8, 14), (14, 11), (11, 13), (13, 12), (12, 16), (16, 17), (17, 15)]}, padri: [30, 46], figli: [27, 29, 32, 43], mosse: [(2, 2, 11, 13, 2), (3, 2, 1, 4, 13)]
38 -> costo: 57453.30000000001, rotte: {3: [(1, 2), (2, 3), (3, 5), (5, 4), (4, 7), (7, 6), (6, 9)], 2: [(1, 10), (10, 18), (18, 8), (8, 14), (14, 13), (13, 11), (11, 12), (12, 16), (16, 17), (17, 15)]}, padri: [25], figli: [26, 26, 39, 39, 21, 41, 44, 56, 69, 69], mosse: [(3, 2, 5, 4, 13)]
39 -> costo: 57303.80000000001, rotte: {3: [(1, 2), (2, 3), (3, 4), (4, 7), (7, 5), (5, 6), (6, 9)], 2: [(1, 10), (10, 18), (18, 8), (8, 14), (14, 13), (13, 11), (11, 12), (12, 16), (16, 17), (17, 15)]}, padri: [38, 45, 45], figli: [22, 40, 42], mosse: [(3, 3, 7, 5, 14), (3, 3, 3, 4, 13), (3, 3, 4, 3)]
40 -> costo: 57276.90000000001, rotte: {3: [(1, 2), (2, 3), (3, 4), (4, 7), (7, 5), (5, 6), (6, 9)], 2: [(1, 10), (10, 18), (18, 8), (8, 14), (14, 11), (11, 13), (13, 12), (12, 16), (16, 17), (17, 15)]}, padri: [39, 41, 43, 43], figli: [], mosse: [(2, 2, 11, 13, 2), (3, 3, 7, 5, 14), (3, 3, 3, 4, 13), (3, 3, 4, 3)]
41 -> costo: 57426.40000000001, rotte: {3: [(1, 2), (2, 3), (3, 5), (5, 4), (4, 7), (7, 6), (6, 9)], 2: [(1, 10), (10, 18), (18, 8), (8, 14), (14, 11), (11, 13), (13, 12), (12, 16), (16, 17), (17, 15)]}, padri: [38, 46], figli: [27, 27, 40, 42], mosse: [(2, 2, 11, 13, 2), (3, 2, 5, 4, 13)]
42 -> costo: 57420.90000000001, rotte: {3: [(1, 2), (2, 5), (5, 4), (4, 3), (3, 7), (7, 6), (6, 9)], 2: [(1, 10), (10, 18), (18, 8), (8, 14), (14, 11), (11, 13), (13, 12), (12, 16), (16, 17), (17, 15)]}, padri: [41, 44], figli: [29, 43], mosse: [(3, 3, 4, 3, 12), (2, 2, 11, 13, 2)]
43 -> costo: 57338.600000000006, rotte: {3: [(1, 2), (2, 4), (4, 3), (3, 7), (7, 5), (5, 6), (6, 9)], 2: [(1, 10), (10, 18), (18, 8), (8, 14), (14, 11), (11, 13), (13, 12), (12, 16), (16, 17), (17, 15)]}, padri: [42, 45], figli: [40, 40], mosse: [(3, 3, 7, 5, 14), (2, 2, 11, 13, 2)]
44 -> costo: 57447.80000000001, rotte: {3: [(1, 2), (2, 5), (5, 4), (4, 3), (3, 7), (7, 6), (6, 9)], 2: [(1, 10), (10, 18), (18, 8), (8, 14), (14, 13), (13, 11), (11, 12), (12, 16), (16, 17), (17, 15)]}, padri: [38], figli: [28, 45, 23, 42, 57, 85], mosse: [(3, 3, 4, 3, 12)]
45 -> costo: 57365.50000000001, rotte: {3: [(1, 2), (2, 4), (4, 3), (3, 7), (7, 5), (5, 6), (6, 9)], 2: [(1, 10), (10, 18), (18, 8), (8, 14), (14, 13), (13, 11), (11, 12), (12, 16), (16, 17), (17, 15)]}, padri: [44], figli: [24, 39, 39, 43], mosse: [(3, 3, 7, 5, 14)]
46 -> costo: 57520.5, rotte: {3: [(1, 2), (2, 3), (3, 5), (5, 7), (7, 6), (6, 9)], 2: [(1, 4), (4, 10), (10, 18), (18, 8), (8, 14), (14, 11), (11, 13), (13, 12), (12, 16), (16, 17), (17, 15)]}, padri: [25], figli: [27, 29, 37, 41], mosse: [(2, 2, 11, 13, 2)]
47 -> costo: 57622.09999999999, rotte: {3: [(1, 2), (2, 3), (3, 5), (5, 7), (7, 6), (6, 9)], 2: [(1, 4), (4, 10), (10, 18), (18, 8), (8, 13), (13, 11), (11, 14), (14, 12), (12, 16), (16, 17), (17, 15)]}, padri: [13], figli: [48, 49, 14, 50, 54, 55, 60, 71], mosse: [(2, 3, 11, 14, 3)]
48 -> costo: 57078.7, rotte: {3: [(1, 2), (2, 3), (3, 4), (4, 5), (5, 7), (7, 6), (6, 9)], 2: [(1, 10), (10, 18), (18, 8), (8, 13), (13, 11), (11, 14), (14, 12), (12, 16), (16, 17), (17, 15)]}, padri: [47, 49, 50, 52, 54, 54, 59, 60], figli: [15], mosse: [(3, 2, 3, 4, 13), (3, 3, 3, 4, 13), (3, 3, 3, 4, 13), (3, 3, 2, 3, 12), (3, 3, 5, 4), (3, 3, 4, 5, 14), (2, 2, 14, 12, 1), (2, 2, 14, 12, 1)]
49 -> costo: 57154.59999999999, rotte: {3: [(1, 2), (2, 4), (4, 3), (3, 5), (5, 7), (7, 6), (6, 9)], 2: [(1, 10), (10, 18), (18, 8), (8, 13), (13, 11), (11, 14), (14, 12), (12, 16), (16, 17), (17, 15)]}, padri: [47, 50, 52, 56, 70, 71], figli: [16, 48, 55, 60, 73, 74], mosse: [(3, 2, 2, 4, 13), (3, 3, 2, 4, 13), (3, 3, 4, 3, 12), (3, 3, 3, 5, 14), (2, 2, 14, 12, 1), (2, 2, 14, 12, 1)]
50 -> costo: 57510.59999999999, rotte: {3: [(1, 4), (4, 2), (2, 3), (3, 5), (5, 7), (7, 6), (6, 9)], 2: [(1, 10), (10, 18), (18, 8), (8, 13), (13, 11), (11, 14), (14, 12), (12, 16), (16, 17), (17, 15)]}, padri: [47], figli: [48, 49, 17, 51, 55, 60, 71], mosse: [(3, 2, 1, 4, 13)]
51 -> costo: 57443.399999999994, rotte: {3: [(1, 4), (4, 3), (3, 2), (2, 5), (5, 7), (7, 6), (6, 9)], 2: [(1, 10), (10, 18), (18, 8), (8, 13), (13, 11), (11, 14), (14, 12), (12, 16), (16, 17), (17, 15)]}, padri: [50], figli: [18, 52, 53], mosse: [(3, 3, 3, 2, 11)]
52 -> costo: 57428.5, rotte: {3: [(1, 3), (3, 2), (2, 4), (4, 5), (5, 7), (7, 6), (6, 9)], 2: [(1, 10), (10, 18), (18, 8), (8, 13), (13, 11), (11, 14), (14, 12), (12, 16), (16, 17), (17, 15)]}, padri: [51, 53], figli: [48, 49, 19, 55, 60, 71], mosse: [(3, 3, 2, 4, 13), (3, 3, 2, 4, 13)]
53 -> costo: 57437.2, rotte: {3: [(1, 3), (3, 4), (4, 2), (2, 5), (5, 7), (7, 6), (6, 9)], 2: [(1, 10), (10, 18), (18, 8), (8, 13), (13, 11), (11, 14), (14, 12), (12, 16), (16, 17), (17, 15)]}, padri: [51], figli: [20, 52], mosse: [(3, 3, 3, 4, 13)]
54 -> costo: 57528.0, rotte: {3: [(1, 2), (2, 3), (3, 5), (5, 4), (4, 7), (7, 6), (6, 9)], 2: [(1, 10), (10, 18), (18, 8), (8, 13), (13, 11), (11, 14), (14, 12), (12, 16), (16, 17), (17, 15)]}, padri: [47], figli: [48, 48, 55, 55, 21, 56, 60, 60], mosse: [(3, 2, 5, 4, 13)]
55 -> costo: 57378.5, rotte: {3: [(1, 2), (2, 3), (3, 4), (4, 7), (7, 5), (5, 6), (6, 9)], 2: [(1, 10), (10, 18), (18, 8), (8, 13), (13, 11), (11, 14), (14, 12), (12, 16), (16, 17), (17, 15)]}, padri: [54, 57, 57], figli: [22], mosse: [(3, 3, 7, 5, 14), (3, 3, 3, 4, 13), (3, 3, 4, 3)]
56 -> costo: 57522.5, rotte: {3: [(1, 2), (2, 5), (5, 4), (4, 3), (3, 7), (7, 6), (6, 9)], 2: [(1, 10), (10, 18), (18, 8), (8, 13), (13, 11), (11, 14), (14, 12), (12, 16), (16, 17), (17, 15)]}, padri: [54], figli: [49, 23, 57, 71], mosse: [(3, 3, 4, 3, 12)]
57 -> costo: 57440.2, rotte: {3: [(1, 2), (2, 4), (4, 3), (3, 7), (7, 5), (5, 6), (6, 9)], 2: [(1, 10), (10, 18), (18, 8), (8, 13), (13, 11), (11, 14), (14, 12), (12, 16), (16, 17), (17, 15)]}, padri: [56], figli: [24, 55, 55], mosse: [(3, 3, 7, 5, 14)]
58 -> costo: 58085.4, rotte: {3: [(1, 2), (2, 3), (3, 5), (5, 7), (7, 6), (6, 9)], 2: [(1, 4), (4, 10), (10, 18), (18, 8), (8, 13), (13, 11), (11, 12), (12, 14), (14, 16), (16, 17), (17, 15)]}, padri: [13], figli: [59, 70, 78], mosse: [(2, 3, 12, 14, 3)]
59 -> costo: 57542.0, rotte: {3: [(1, 2), (2, 3), (3, 4), (4, 5), (5, 7), (7, 6), (6, 9)], 2: [(1, 10), (10, 18), (18, 8), (8, 13), (13, 11), (11, 12), (12, 14), (14, 16), (16, 17), (17, 15)]}, padri: [58, 70], figli: [48, 60, 61, 62, 81], mosse: [(3, 2, 3, 4, 13), (3, 3, 3, 4, 13)]
60 -> costo: 57373.799999999996, rotte: {3: [(1, 2), (2, 3), (3, 4), (4, 5), (5, 7), (7, 6), (6, 9)], 2: [(1, 10), (10, 18), (18, 8), (8, 13), (13, 12), (12, 11), (11, 14), (14, 16), (16, 17), (17, 15)]}, padri: [59, 71], figli: [48], mosse: [(2, 2, 12, 11, 20), (3, 3, 3, 4, 13)]
61 -> costo: 57373.799999999996, rotte: {3: [(1, 2), (2, 3), (3, 4), (4, 5), (5, 7), (7, 6), (6, 9)], 2: [(1, 10), (10, 18), (18, 8), (8, 13), (13, 12), (12, 14), (14, 11), (11, 16), (16, 17), (17, 15)]}, padri: [59], figli: [15], mosse: [(2, 2, 14, 11, 20)]
62 -> costo: 57512.799999999996, rotte: {3: [(1, 2), (2, 3), (3, 4), (4, 5), (5, 7), (7, 6), (6, 9)], 2: [(1, 10), (10, 18), (18, 8), (8, 11), (11, 12), (12, 14), (14, 13), (13, 16), (16, 17), (17, 15)]}, padri: [59, 78], figli: [63, 64, 65, 67, 84], mosse: [(2, 2, 14, 13, 2), (3, 3, 3, 4, 13)]
63 -> costo: 57182.19999999999, rotte: {3: [(1, 2), (2, 3), (3, 4), (4, 5), (5, 7), (7, 6), (6, 9)], 2: [(1, 10), (10, 18), (18, 8), (8, 11), (11, 14), (14, 13), (13, 12), (12, 16), (16, 17), (17, 15)]}, padri: [62, 64, 65, 79], figli: [27, 26, 69], mosse: [(2, 2, 13, 12, 1), (2, 2, 13, 12, 1), (2, 2, 13, 12, 1), (3, 3, 3, 4, 13)]
64 -> costo: 57392.99999999999, rotte: {3: [(1, 2), (2, 3), (3, 4), (4, 5), (5, 7), (7, 6), (6, 9)], 2: [(1, 10), (10, 18), (18, 8), (8, 12), (12, 11), (11, 14), (14, 13), (13, 16), (16, 17), (17, 15)]}, padri: [62, 80], figli: [63, 67], mosse: [(2, 2, 12, 11, 20), (3, 3, 3, 4, 13)]
65 -> costo: 57485.899999999994, rotte: {3: [(1, 2), (2, 3), (3, 4), (4, 5), (5, 7), (7, 6), (6, 9)], 2: [(1, 10), (10, 18), (18, 8), (8, 11), (11, 14), (14, 12), (12, 13), (13, 16), (16, 17), (17, 15)]}, padri: [62, 81], figli: [66, 63, 67, 68, 93], mosse: [(2, 2, 14, 12, 1), (3, 3, 3, 4, 13)]
66 -> costo: 57139.50000000001, rotte: {3: [(1, 2), (2, 3), (3, 4), (4, 5), (5, 7), (7, 6), (6, 9)], 2: [(1, 10), (10, 18), (18, 8), (8, 14), (14, 11), (11, 12), (12, 13), (13, 16), (16, 17), (17, 15)]}, padri: [65, 67, 82], figli: [27], mosse: [(2, 2, 14, 11, 20), (2, 2, 11, 12, 1), (3, 3, 3, 4, 13)]
67 -> costo: 57307.7, rotte: {3: [(1, 2), (2, 3), (3, 4), (4, 5), (5, 7), (7, 6), (6, 9)], 2: [(1, 10), (10, 18), (18, 8), (8, 14), (14, 12), (12, 11), (11, 13), (13, 16), (16, 17), (17, 15)]}, padri: [65, 68, 83], figli: [27, 66], mosse: [(2, 2, 12, 11, 20), (2, 2, 11, 13, 2), (3, 3, 3, 4, 13)]
68 -> costo: 57440.4, rotte: {3: [(1, 2), (2, 3), (3, 4), (4, 5), (5, 7), (7, 6), (6, 9)], 2: [(1, 10), (10, 18), (18, 8), (8, 14), (14, 12), (12, 13), (13, 11), (11, 16), (16, 17), (17, 15)]}, padri: [65, 84], figli: [26, 69, 67, 86], mosse: [(2, 2, 13, 11, 20), (3, 3, 3, 4, 13)]
69 -> costo: 57299.1, rotte: {3: [(1, 2), (2, 3), (3, 4), (4, 5), (5, 7), (7, 6), (6, 9)], 2: [(1, 10), (10, 18), (18, 8), (8, 14), (14, 13), (13, 12), (12, 11), (11, 16), (16, 17), (17, 15)]}, padri: [68, 85], figli: [26], mosse: [(2, 2, 13, 12, 1), (3, 3, 3, 4, 13)]
70 -> costo: 57617.9, rotte: {3: [(1, 2), (2, 4), (4, 3), (3, 5), (5, 7), (7, 6), (6, 9)], 2: [(1, 10), (10, 18), (18, 8), (8, 13), (13, 11), (11, 12), (12, 14), (14, 16), (16, 17), (17, 15)]}, padri: [58], figli: [49, 71, 72, 59, 78], mosse: [(3, 2, 2, 4, 13)]
71 -> costo: 57449.7, rotte: {3: [(1, 2), (2, 4), (4, 3), (3, 5), (5, 7), (7, 6), (6, 9)], 2: [(1, 10), (10, 18), (18, 8), (8, 13), (13, 12), (12, 11), (11, 14), (14, 16), (16, 17), (17, 15)]}, padri: [70], figli: [49, 60], mosse: [(2, 2, 12, 11, 20)]
72 -> costo: 57449.7, rotte: {3: [(1, 2), (2, 4), (4, 3), (3, 5), (5, 7), (7, 6), (6, 9)], 2: [(1, 10), (10, 18), (18, 8), (8, 13), (13, 12), (12, 14), (14, 11), (11, 16), (16, 17), (17, 15)]}, padri: [70], figli: [16, 73, 74], mosse: [(2, 2, 14, 11, 20)]
73 -> costo: 57373.799999999996, rotte: {3: [(1, 2), (2, 3), (3, 4), (4, 5), (5, 7), (7, 6), (6, 9)], 2: [(1, 10), (10, 18), (18, 8), (8, 13), (13, 12), (12, 14), (14, 11), (11, 16), (16, 17), (17, 15)]}, padri: [14, 17, 19, 23, 28, 49, 72], figli: [15], mosse: [(3, 3, 3, 4, 13)]
74 -> costo: 57449.69999999999, rotte: {3: [(1, 2), (2, 4), (4, 3), (3, 5), (5, 7), (7, 6), (6, 9)], 2: [(1, 10), (10, 18), (18, 8), (8, 13), (13, 12), (12, 14), (14, 11), (11, 17), (17, 16), (16, 15)]}, padri: [72], figli: [75, 77], mosse: [(2, 2, 17, 16, 5)]
75 -> costo: 57014.0, rotte: {3: [(1, 2), (2, 4), (4, 3), (3, 5), (5, 7), (7, 6), (6, 9)], 2: [(1, 10), (10, 18), (18, 8), (8, 13), (13, 14), (14, 11), (11, 12), (12, 17), (17, 16), (16, 15)]}, padri: [74], figli: [76, 89], mosse: [(2, 2, 11, 12, 1)]
76 -> costo: 56938.1, rotte: {3: [(1, 2), (2, 3), (3, 4), (4, 5), (5, 7), (7, 6), (6, 9)], 2: [(1, 10), (10, 18), (18, 8), (8, 13), (13, 14), (14, 11), (11, 12), (12, 17), (17, 16), (16, 15)]}, padri: [75, 77, 88, 90, 95], figli: [], mosse: [(3, 3, 3, 4, 13), (2, 2, 11, 12, 1), (2, 2, 13, 14, 3), (3, 3, 3, 4, 13), (3, 3, 3, 4, 13)]
77 -> costo: 57373.799999999996, rotte: {3: [(1, 2), (2, 3), (3, 4), (4, 5), (5, 7), (7, 6), (6, 9)], 2: [(1, 10), (10, 18), (18, 8), (8, 13), (13, 12), (12, 14), (14, 11), (11, 17), (17, 16), (16, 15)]}, padri: [74], figli: [76, 89], mosse: [(3, 3, 3, 4, 13)]
78 -> costo: 57588.7, rotte: {3: [(1, 2), (2, 4), (4, 3), (3, 5), (5, 7), (7, 6), (6, 9)], 2: [(1, 10), (10, 18), (18, 8), (8, 11), (11, 12), (12, 14), (14, 13), (13, 16), (16, 17), (17, 15)]}, padri: [70], figli: [79, 80, 62, 81, 83], mosse: [(2, 2, 14, 13, 2)]
79 -> costo: 57258.1, rotte: {3: [(1, 2), (2, 4), (4, 3), (3, 5), (5, 7), (7, 6), (6, 9)], 2: [(1, 10), (10, 18), (18, 8), (8, 11), (11, 14), (14, 13), (13, 12), (12, 16), (16, 17), (17, 15)]}, padri: [78, 80, 81], figli: [29, 28, 63, 85], mosse: [(2, 2, 13, 12, 1), (2, 2, 13, 12, 1), (2, 2, 13, 12, 1)]
80 -> costo: 57468.899999999994, rotte: {3: [(1, 2), (2, 4), (4, 3), (3, 5), (5, 7), (7, 6), (6, 9)], 2: [(1, 10), (10, 18), (18, 8), (8, 12), (12, 11), (11, 14), (14, 13), (13, 16), (16, 17), (17, 15)]}, padri: [78], figli: [79, 64, 83], mosse: [(2, 2, 12, 11, 20)]
81 -> costo: 57561.799999999996, rotte: {3: [(1, 2), (2, 4), (4, 3), (3, 5), (5, 7), (7, 6), (6, 9)], 2: [(1, 10), (10, 18), (18, 8), (8, 11), (11, 14), (14, 12), (12, 13), (13, 16), (16, 17), (17, 15)]}, padri: [78], figli: [82, 79, 83, 65, 84], mosse: [(2, 2, 14, 12, 1)]
82 -> costo: 57215.40000000001, rotte: {3: [(1, 2), (2, 4), (4, 3), (3, 5), (5, 7), (7, 6), (6, 9)], 2: [(1, 10), (10, 18), (18, 8), (8, 14), (14, 11), (11, 12), (12, 13), (13, 16), (16, 17), (17, 15)]}, padri: [81, 83], figli: [29, 66], mosse: [(2, 2, 14, 11, 20), (2, 2, 11, 12, 1)]
83 -> costo: 57383.6, rotte: {3: [(1, 2), (2, 4), (4, 3), (3, 5), (5, 7), (7, 6), (6, 9)], 2: [(1, 10), (10, 18), (18, 8), (8, 14), (14, 12), (12, 11), (11, 13), (13, 16), (16, 17), (17, 15)]}, padri: [81, 84], figli: [29, 82, 67], mosse: [(2, 2, 12, 11, 20), (2, 2, 11, 13, 2)]
84 -> costo: 57516.3, rotte: {3: [(1, 2), (2, 4), (4, 3), (3, 5), (5, 7), (7, 6), (6, 9)], 2: [(1, 10), (10, 18), (18, 8), (8, 14), (14, 12), (12, 13), (13, 11), (11, 16), (16, 17), (17, 15)]}, padri: [81], figli: [28, 85, 83, 68, 93], mosse: [(2, 2, 13, 11, 20)]
85 -> costo: 57375.0, rotte: {3: [(1, 2), (2, 4), (4, 3), (3, 5), (5, 7), (7, 6), (6, 9)], 2: [(1, 10), (10, 18), (18, 8), (8, 14), (14, 13), (13, 12), (12, 11), (11, 16), (16, 17), (17, 15)]}, padri: [84], figli: [28, 69, 86, 97], mosse: [(2, 2, 13, 12, 1)]
86 -> costo: 57374.99999999999, rotte: {3: [(1, 2), (2, 4), (4, 3), (3, 5), (5, 7), (7, 6), (6, 9)], 2: [(1, 10), (10, 18), (18, 8), (8, 14), (14, 13), (13, 12), (12, 11), (11, 17), (17, 16), (16, 15)]}, padri: [85, 93], figli: [87, 92], mosse: [(2, 2, 17, 16, 5), (2, 2, 13, 12, 1)]
87 -> costo: 57079.9, rotte: {3: [(1, 2), (2, 4), (4, 3), (3, 5), (5, 7), (7, 6), (6, 9)], 2: [(1, 10), (10, 18), (18, 8), (8, 14), (14, 13), (13, 11), (11, 12), (12, 17), (17, 16), (16, 15)]}, padri: [86], figli: [88, 90, 91, 95, 96], mosse: [(2, 2, 11, 12, 1)]
88 -> costo: 57004.0, rotte: {3: [(1, 2), (2, 3), (3, 4), (4, 5), (5, 7), (7, 6), (6, 9)], 2: [(1, 10), (10, 18), (18, 8), (8, 14), (14, 13), (13, 11), (11, 12), (12, 17), (17, 16), (16, 15)]}, padri: [87, 92, 94], figli: [76, 89], mosse: [(3, 3, 3, 4, 13), (2, 2, 11, 12, 1), (3, 3, 3, 4, 13)]
89 -> costo: 56977.1, rotte: {3: [(1, 2), (2, 3), (3, 4), (4, 5), (5, 7), (7, 6), (6, 9)], 2: [(1, 10), (10, 18), (18, 8), (8, 14), (14, 11), (11, 13), (13, 12), (12, 17), (17, 16), (16, 15)]}, padri: [88, 91, 96, 98], figli: [], mosse: [(2, 2, 11, 13, 2), (3, 3, 3, 4, 13), (3, 3, 3, 4, 13), (3, 3, 3, 4, 13)]
90 -> costo: 57014.0, rotte: {3: [(1, 2), (2, 4), (4, 3), (3, 5), (5, 7), (7, 6), (6, 9)], 2: [(1, 10), (10, 18), (18, 8), (8, 13), (13, 14), (14, 11), (11, 12), (12, 17), (17, 16), (16, 15)]}, padri: [87], figli: [76], mosse: [(2, 2, 13, 14, 3)]
91 -> costo: 57053.0, rotte: {3: [(1, 2), (2, 4), (4, 3), (3, 5), (5, 7), (7, 6), (6, 9)], 2: [(1, 10), (10, 18), (18, 8), (8, 14), (14, 11), (11, 13), (13, 12), (12, 17), (17, 16), (16, 15)]}, padri: [87], figli: [89], mosse: [(2, 2, 11, 13, 2)]
92 -> costo: 57299.1, rotte: {3: [(1, 2), (2, 3), (3, 4), (4, 5), (5, 7), (7, 6), (6, 9)], 2: [(1, 10), (10, 18), (18, 8), (8, 14), (14, 13), (13, 12), (12, 11), (11, 17), (17, 16), (16, 15)]}, padri: [86], figli: [88, 95, 96], mosse: [(3, 3, 3, 4, 13)]
93 -> costo: 57516.299999999996, rotte: {3: [(1, 2), (2, 4), (4, 3), (3, 5), (5, 7), (7, 6), (6, 9)], 2: [(1, 10), (10, 18), (18, 8), (8, 14), (14, 12), (12, 13), (13, 11), (11, 17), (17, 16), (16, 15)]}, padri: [84], figli: [94, 86, 97], mosse: [(2, 2, 17, 16, 5)]
94 -> costo: 57079.9, rotte: {3: [(1, 2), (2, 4), (4, 3), (3, 5), (5, 7), (7, 6), (6, 9)], 2: [(1, 10), (10, 18), (18, 8), (8, 14), (14, 13), (13, 11), (11, 12), (12, 17), (17, 16), (16, 15)]}, padri: [93], figli: [88, 95, 96], mosse: [(2, 2, 11, 12, 1)]
95 -> costo: 57014.0, rotte: {3: [(1, 2), (2, 4), (4, 3), (3, 5), (5, 7), (7, 6), (6, 9)], 2: [(1, 10), (10, 18), (18, 8), (8, 13), (13, 14), (14, 11), (11, 12), (12, 17), (17, 16), (16, 15)]}, padri: [87, 92, 94], figli: [76], mosse: [(2, 2, 13, 14, 3)]
96 -> costo: 57053.0, rotte: {3: [(1, 2), (2, 4), (4, 3), (3, 5), (5, 7), (7, 6), (6, 9)], 2: [(1, 10), (10, 18), (18, 8), (8, 14), (14, 11), (11, 13), (13, 12), (12, 17), (17, 16), (16, 15)]}, padri: [87, 92, 94], figli: [89], mosse: [(2, 2, 11, 13, 2)]
97 -> costo: 57383.59999999999, rotte: {3: [(1, 2), (2, 4), (4, 3), (3, 5), (5, 7), (7, 6), (6, 9)], 2: [(1, 10), (10, 18), (18, 8), (8, 14), (14, 12), (12, 11), (11, 13), (13, 17), (17, 16), (16, 15)]}, padri: [93], figli: [98], mosse: [(2, 2, 11, 13, 2)]
98 -> costo: 57053.0, rotte: {3: [(1, 2), (2, 4), (4, 3), (3, 5), (5, 7), (7, 6), (6, 9)], 2: [(1, 10), (10, 18), (18, 8), (8, 14), (14, 11), (11, 13), (13, 12), (12, 17), (17, 16), (16, 15)]}, padri: [97], figli: [89], mosse: [(2, 2, 13, 12, 1)]
bestSolutionIndice: 76
76 -> costo: 56938.1, rotte: {3: [(1, 2), (2, 3), (3, 4), (4, 5), (5, 7), (7, 6), (6, 9)], 2: [(1, 10), (10, 18), (18, 8), (8, 13), (13, 14), (14, 11), (11, 12), (12, 17), (17, 16), (16, 15)]}, padri: [75, 77, 88, 90, 95], figli: [], mosse: [(3, 3, 3, 4, 13), (2, 2, 11, 12, 1), (2, 2, 13, 14, 3), (3, 3, 3, 4, 13), (3, 3, 3, 4, 13)]
trasportoPalletDiGamma: {3: [(2, 11), (3, 12), (4, 13), (5, 14), (7, 16), (6, 15), (9, 18)], 2: [(10, 19), (18, 5), (8, 17), (13, 2), (14, 3), (11, 20), (12, 1), (17, 6), (16, 5), (15, 4)]}
itMosseLS: 221, itMosseTS: 200
time elapsed: 1465.69s.


##########################################################################################
s: 1
dictSolutions[1]:
0 -> costo: 118016.50000000001, rotte: {2: [(1, 6), (6, 4), (4, 14), (14, 17), (17, 15), (15, 2), (2, 9), (9, 16), (16, 11)], 3: [(1, 10), (10, 12), (12, 13), (13, 3), (3, 18), (18, 7), (7, 8), (8, 5)]}, padri: [-1], figli: [1], mosse: [-1]
1 -> costo: 104438.60000000002, rotte: {2: [(1, 6), (6, 4), (4, 14), (14, 11), (11, 17), (17, 15), (15, 2), (2, 9), (9, 16)], 3: [(1, 10), (10, 12), (12, 13), (13, 3), (3, 18), (18, 7), (7, 8), (8, 5)]}, padri: [0], figli: [2], mosse: [(2, 2, 14, 11, 20)]
2 -> costo: 88417.70000000001, rotte: {2: [(1, 6), (6, 4), (4, 14), (14, 11), (11, 16), (16, 17), (17, 15), (15, 2), (2, 9)], 3: [(1, 10), (10, 12), (12, 13), (13, 3), (3, 18), (18, 7), (7, 8), (8, 5)]}, padri: [1], figli: [3], mosse: [(2, 2, 11, 16, 5)]
3 -> costo: 85128.50000000001, rotte: {2: [(1, 6), (6, 4), (4, 14), (14, 11), (11, 16), (16, 17), (17, 15), (15, 2), (2, 9)], 3: [(1, 10), (10, 12), (12, 13), (13, 3), (3, 18), (18, 5), (5, 7), (7, 8)]}, padri: [2], figli: [4], mosse: [(3, 3, 18, 5, 14)]
4 -> costo: 83205.00000000001, rotte: {2: [(1, 6), (6, 4), (4, 14), (14, 11), (11, 16), (16, 17), (17, 15), (15, 2), (2, 9)], 3: [(1, 12), (12, 13), (13, 10), (10, 3), (3, 18), (18, 5), (5, 7), (7, 8)]}, padri: [3], figli: [5], mosse: [(3, 3, 13, 10, 19)]
5 -> costo: 82073.1, rotte: {2: [(1, 6), (6, 4), (4, 14), (14, 11), (11, 16), (16, 17), (17, 15), (15, 2), (2, 9)], 3: [(1, 12), (12, 13), (13, 10), (10, 3), (3, 5), (5, 7), (7, 18), (18, 8)]}, padri: [4], figli: [6], mosse: [(3, 3, 7, 18, 5)]
6 -> costo: 81126.5, rotte: {2: [(1, 4), (4, 14), (14, 11), (11, 16), (16, 17), (17, 15), (15, 2), (2, 6), (6, 9)], 3: [(1, 12), (12, 13), (13, 10), (10, 3), (3, 5), (5, 7), (7, 18), (18, 8)]}, padri: [5], figli: [7], mosse: [(2, 2, 2, 6, 15)]
7 -> costo: 78462.90000000001, rotte: {2: [(1, 14), (14, 11), (11, 16), (16, 17), (17, 15), (15, 2), (2, 6), (6, 9)], 3: [(1, 12), (12, 13), (13, 10), (10, 3), (3, 5), (5, 7), (7, 4), (4, 18), (18, 8)]}, padri: [6], figli: [8, 66], mosse: [(3, 2, 7, 4, 13)]
8 -> costo: 77874.6, rotte: {2: [(1, 14), (14, 11), (11, 12), (12, 16), (16, 17), (17, 15), (15, 2), (2, 6), (6, 9)], 3: [(1, 13), (13, 10), (10, 3), (3, 5), (5, 7), (7, 4), (4, 18), (18, 8)]}, padri: [7], figli: [9, 16, 23, 27, 30, 34, 37, 44, 51, 52, 65, 98], mosse: [(2, 3, 11, 12, 1)]
9 -> costo: 69777.8, rotte: {2: [(1, 13), (13, 14), (14, 11), (11, 12), (12, 16), (16, 17), (17, 15), (15, 2), (2, 6), (6, 9)], 3: [(1, 10), (10, 3), (3, 5), (5, 7), (7, 4), (4, 18), (18, 8)]}, padri: [8, 23, 51], figli: [10, 13, 25], mosse: [(2, 3, 1, 13, 2), (2, 2, 13, 14, 3), (2, 2, 1, 13, 2)]
10 -> costo: 69041.7, rotte: {2: [(1, 13), (13, 14), (14, 11), (11, 12), (12, 16), (16, 17), (17, 15), (15, 2), (2, 6), (6, 9)], 3: [(1, 3), (3, 5), (5, 7), (7, 4), (4, 10), (10, 18), (18, 8)]}, padri: [9, 24, 52], figli: [11, 12], mosse: [(3, 3, 4, 10, 19), (2, 2, 13, 14, 3), (2, 2, 1, 13, 2)]
11 -> costo: 68981.2, rotte: {2: [(1, 13), (13, 14), (14, 11), (11, 12), (12, 16), (16, 17), (17, 15), (15, 2), (2, 6), (6, 9)], 3: [(1, 5), (5, 7), (7, 4), (4, 3), (3, 10), (10, 18), (18, 8)]}, padri: [10, 12, 25, 56], figli: [], mosse: [(3, 3, 4, 3, 12), (3, 3, 4, 3, 12), (2, 2, 13, 14, 3), (2, 2, 1, 13, 2)]
12 -> costo: 69028.2, rotte: {2: [(1, 13), (13, 14), (14, 11), (11, 12), (12, 16), (16, 17), (17, 15), (15, 2), (2, 6), (6, 9)], 3: [(1, 5), (5, 7), (7, 3), (3, 4), (4, 10), (10, 18), (18, 8)]}, padri: [10, 26, 57], figli: [11], mosse: [(3, 3, 7, 3, 12), (2, 2, 13, 14, 3), (2, 2, 1, 13, 2)]
13 -> costo: 69763.2, rotte: {2: [(1, 13), (13, 14), (14, 11), (11, 12), (12, 16), (16, 17), (17, 15), (15, 2), (2, 6), (6, 9)], 3: [(1, 10), (10, 3), (3, 7), (7, 4), (4, 5), (5, 18), (18, 8)]}, padri: [9, 27, 62, 65], figli: [14], mosse: [(3, 3, 4, 5, 14), (2, 2, 13, 14, 3), (2, 2, 1, 13, 2), (2, 3, 1, 13, 2)]
14 -> costo: 69437.3, rotte: {2: [(1, 13), (13, 14), (14, 11), (11, 12), (12, 16), (16, 17), (17, 15), (15, 2), (2, 6), (6, 9)], 3: [(1, 3), (3, 7), (7, 4), (4, 5), (5, 10), (10, 18), (18, 8)]}, padri: [13, 28, 63], figli: [15], mosse: [(3, 3, 5, 10, 19), (2, 2, 13, 14, 3), (2, 2, 1, 13, 2)]
15 -> costo: 69063.6, rotte: {2: [(1, 13), (13, 14), (14, 11), (11, 12), (12, 16), (16, 17), (17, 15), (15, 2), (2, 6), (6, 9)], 3: [(1, 3), (3, 7), (7, 5), (5, 4), (4, 10), (10, 18), (18, 8)]}, padri: [14, 29, 64], figli: [], mosse: [(3, 3, 5, 4, 13), (2, 2, 13, 14, 3), (2, 2, 1, 13, 2)]
16 -> costo: 69846.6, rotte: {2: [(1, 14), (14, 11), (11, 13), (13, 12), (12, 16), (16, 17), (17, 15), (15, 2), (2, 6), (6, 9)], 3: [(1, 10), (10, 3), (3, 5), (5, 7), (7, 4), (4, 18), (18, 8)]}, padri: [8, 23, 30, 51], figli: [17, 20, 26, 32], mosse: [(2, 3, 11, 13, 2), (2, 2, 11, 13, 2), (2, 2, 13, 12, 1), (2, 2, 11, 13, 2)]
17 -> costo: 69110.5, rotte: {2: [(1, 14), (14, 11), (11, 13), (13, 12), (12, 16), (16, 17), (17, 15), (15, 2), (2, 6), (6, 9)], 3: [(1, 3), (3, 5), (5, 7), (7, 4), (4, 10), (10, 18), (18, 8)]}, padri: [16, 24, 31, 52], figli: [18, 19], mosse: [(3, 3, 4, 10, 19), (2, 2, 11, 13, 2), (2, 2, 13, 12, 1), (2, 2, 11, 13, 2)]
18 -> costo: 69050.0, rotte: {2: [(1, 14), (14, 11), (11, 13), (13, 12), (12, 16), (16, 17), (17, 15), (15, 2), (2, 6), (6, 9)], 3: [(1, 5), (5, 7), (7, 4), (4, 3), (3, 10), (10, 18), (18, 8)]}, padri: [17, 19, 25, 32, 56], figli: [], mosse: [(3, 3, 4, 3, 12), (3, 3, 4, 3, 12), (2, 2, 11, 13, 2), (2, 2, 13, 12, 1), (2, 2, 11, 13, 2)]
19 -> costo: 69097.0, rotte: {2: [(1, 14), (14, 11), (11, 13), (13, 12), (12, 16), (16, 17), (17, 15), (15, 2), (2, 6), (6, 9)], 3: [(1, 5), (5, 7), (7, 3), (3, 4), (4, 10), (10, 18), (18, 8)]}, padri: [17, 26, 33, 57], figli: [18], mosse: [(3, 3, 7, 3, 12), (2, 2, 11, 13, 2), (2, 2, 13, 12, 1), (2, 2, 11, 13, 2)]
20 -> costo: 69832.0, rotte: {2: [(1, 14), (14, 11), (11, 13), (13, 12), (12, 16), (16, 17), (17, 15), (15, 2), (2, 6), (6, 9)], 3: [(1, 10), (10, 3), (3, 7), (7, 4), (4, 5), (5, 18), (18, 8)]}, padri: [16, 27, 34, 62, 65], figli: [21], mosse: [(3, 3, 4, 5, 14), (2, 2, 11, 13, 2), (2, 2, 13, 12, 1), (2, 2, 11, 13, 2), (2, 3, 11, 13, 2)]
21 -> costo: 69506.1, rotte: {2: [(1, 14), (14, 11), (11, 13), (13, 12), (12, 16), (16, 17), (17, 15), (15, 2), (2, 6), (6, 9)], 3: [(1, 3), (3, 7), (7, 4), (4, 5), (5, 10), (10, 18), (18, 8)]}, padri: [20, 28, 35, 63], figli: [22], mosse: [(3, 3, 5, 10, 19), (2, 2, 11, 13, 2), (2, 2, 13, 12, 1), (2, 2, 11, 13, 2)]
22 -> costo: 69132.40000000001, rotte: {2: [(1, 14), (14, 11), (11, 13), (13, 12), (12, 16), (16, 17), (17, 15), (15, 2), (2, 6), (6, 9)], 3: [(1, 3), (3, 7), (7, 5), (5, 4), (4, 10), (10, 18), (18, 8)]}, padri: [21, 29, 36, 64], figli: [], mosse: [(3, 3, 5, 4, 13), (2, 2, 11, 13, 2), (2, 2, 13, 12, 1), (2, 2, 11, 13, 2)]
23 -> costo: 69873.5, rotte: {2: [(1, 14), (14, 13), (13, 11), (11, 12), (12, 16), (16, 17), (17, 15), (15, 2), (2, 6), (6, 9)], 3: [(1, 10), (10, 3), (3, 5), (5, 7), (7, 4), (4, 18), (18, 8)]}, padri: [8, 51, 67], figli: [24, 9, 16, 27, 34, 69, 114], mosse: [(2, 3, 14, 13, 2), (2, 2, 14, 13, 2), (2, 2, 11, 12, 1)]
24 -> costo: 69137.4, rotte: {2: [(1, 14), (14, 13), (13, 11), (11, 12), (12, 16), (16, 17), (17, 15), (15, 2), (2, 6), (6, 9)], 3: [(1, 3), (3, 5), (5, 7), (7, 4), (4, 10), (10, 18), (18, 8)]}, padri: [23, 52, 68], figli: [10, 25, 17, 26, 32, 70], mosse: [(3, 3, 4, 10, 19), (2, 2, 14, 13, 2), (2, 2, 11, 12, 1)]
25 -> costo: 69076.9, rotte: {2: [(1, 14), (14, 13), (13, 11), (11, 12), (12, 16), (16, 17), (17, 15), (15, 2), (2, 6), (6, 9)], 3: [(1, 5), (5, 7), (7, 4), (4, 3), (3, 10), (10, 18), (18, 8)]}, padri: [24, 26, 56, 69], figli: [11, 18], mosse: [(3, 3, 4, 3, 12), (3, 3, 4, 3, 12), (2, 2, 14, 13, 2), (2, 2, 11, 12, 1)]
26 -> costo: 69123.9, rotte: {2: [(1, 14), (14, 13), (13, 11), (11, 12), (12, 16), (16, 17), (17, 15), (15, 2), (2, 6), (6, 9)], 3: [(1, 5), (5, 7), (7, 3), (3, 4), (4, 10), (10, 18), (18, 8)]}, padri: [24, 57, 74], figli: [12, 25, 19, 70], mosse: [(3, 3, 7, 3, 12), (2, 2, 14, 13, 2), (2, 2, 11, 12, 1)]
27 -> costo: 69858.9, rotte: {2: [(1, 14), (14, 13), (13, 11), (11, 12), (12, 16), (16, 17), (17, 15), (15, 2), (2, 6), (6, 9)], 3: [(1, 10), (10, 3), (3, 7), (7, 4), (4, 5), (5, 18), (18, 8)]}, padri: [23, 62, 65, 98], figli: [28, 13, 20, 105], mosse: [(3, 3, 4, 5, 14), (2, 2, 14, 13, 2), (2, 3, 14, 13, 2), (2, 2, 11, 12, 1)]
28 -> costo: 69533.0, rotte: {2: [(1, 14), (14, 13), (13, 11), (11, 12), (12, 16), (16, 17), (17, 15), (15, 2), (2, 6), (6, 9)], 3: [(1, 3), (3, 7), (7, 4), (4, 5), (5, 10), (10, 18), (18, 8)]}, padri: [27, 63, 99], figli: [29, 14, 21, 101], mosse: [(3, 3, 5, 10, 19), (2, 2, 14, 13, 2), (2, 2, 11, 12, 1)]
29 -> costo: 69159.3, rotte: {2: [(1, 14), (14, 13), (13, 11), (11, 12), (12, 16), (16, 17), (17, 15), (15, 2), (2, 6), (6, 9)], 3: [(1, 3), (3, 7), (7, 5), (5, 4), (4, 10), (10, 18), (18, 8)]}, padri: [28, 64, 100], figli: [15, 22], mosse: [(3, 3, 5, 4, 13), (2, 2, 14, 13, 2), (2, 2, 11, 12, 1)]
30 -> costo: 70009.0, rotte: {2: [(1, 14), (14, 11), (11, 12), (12, 13), (13, 16), (16, 17), (17, 15), (15, 2), (2, 6), (6, 9)], 3: [(1, 10), (10, 3), (3, 5), (5, 7), (7, 4), (4, 18), (18, 8)]}, padri: [8, 51], figli: [31, 16, 34], mosse: [(2, 3, 12, 13, 2), (2, 2, 12, 13, 2)]
31 -> costo: 69272.9, rotte: {2: [(1, 14), (14, 11), (11, 12), (12, 13), (13, 16), (16, 17), (17, 15), (15, 2), (2, 6), (6, 9)], 3: [(1, 3), (3, 5), (5, 7), (7, 4), (4, 10), (10, 18), (18, 8)]}, padri: [30, 52], figli: [17, 32, 33], mosse: [(3, 3, 4, 10, 19), (2, 2, 12, 13, 2)]
32 -> costo: 69212.4, rotte: {2: [(1, 14), (14, 11), (11, 12), (12, 13), (13, 16), (16, 17), (17, 15), (15, 2), (2, 6), (6, 9)], 3: [(1, 5), (5, 7), (7, 4), (4, 3), (3, 10), (10, 18), (18, 8)]}, padri: [31, 33, 56], figli: [18], mosse: [(3, 3, 4, 3, 12), (3, 3, 4, 3, 12), (2, 2, 12, 13, 2)]
33 -> costo: 69259.4, rotte: {2: [(1, 14), (14, 11), (11, 12), (12, 13), (13, 16), (16, 17), (17, 15), (15, 2), (2, 6), (6, 9)], 3: [(1, 5), (5, 7), (7, 3), (3, 4), (4, 10), (10, 18), (18, 8)]}, padri: [31, 57], figli: [19, 32], mosse: [(3, 3, 7, 3, 12), (2, 2, 12, 13, 2)]
34 -> costo: 69994.4, rotte: {2: [(1, 14), (14, 11), (11, 12), (12, 13), (13, 16), (16, 17), (17, 15), (15, 2), (2, 6), (6, 9)], 3: [(1, 10), (10, 3), (3, 7), (7, 4), (4, 5), (5, 18), (18, 8)]}, padri: [30, 62, 65], figli: [35, 20], mosse: [(3, 3, 4, 5, 14), (2, 2, 12, 13, 2), (2, 3, 12, 13, 2)]
35 -> costo: 69668.5, rotte: {2: [(1, 14), (14, 11), (11, 12), (12, 13), (13, 16), (16, 17), (17, 15), (15, 2), (2, 6), (6, 9)], 3: [(1, 3), (3, 7), (7, 4), (4, 5), (5, 10), (10, 18), (18, 8)]}, padri: [34, 63], figli: [36, 21], mosse: [(3, 3, 5, 10, 19), (2, 2, 12, 13, 2)]
36 -> costo: 69294.8, rotte: {2: [(1, 14), (14, 11), (11, 12), (12, 13), (13, 16), (16, 17), (17, 15), (15, 2), (2, 6), (6, 9)], 3: [(1, 3), (3, 7), (7, 5), (5, 4), (4, 10), (10, 18), (18, 8)]}, padri: [35, 64], figli: [22], mosse: [(3, 3, 5, 4, 13), (2, 2, 12, 13, 2)]
37 -> costo: 75107.4, rotte: {2: [(1, 14), (14, 11), (11, 12), (12, 16), (16, 17), (17, 15), (15, 13), (13, 2), (2, 6), (6, 9)], 3: [(1, 10), (10, 3), (3, 5), (5, 7), (7, 4), (4, 18), (18, 8)]}, padri: [8, 51], figli: [38, 41, 53, 63], mosse: [(2, 3, 15, 13, 2), (2, 2, 15, 13, 2)]
38 -> costo: 74371.29999999999, rotte: {2: [(1, 14), (14, 11), (11, 12), (12, 16), (16, 17), (17, 15), (15, 13), (13, 2), (2, 6), (6, 9)], 3: [(1, 3), (3, 5), (5, 7), (7, 4), (4, 10), (10, 18), (18, 8)]}, padri: [37, 52], figli: [39, 40], mosse: [(3, 3, 4, 10, 19), (2, 2, 15, 13, 2)]
39 -> costo: 74310.79999999999, rotte: {2: [(1, 14), (14, 11), (11, 12), (12, 16), (16, 17), (17, 15), (15, 13), (13, 2), (2, 6), (6, 9)], 3: [(1, 5), (5, 7), (7, 4), (4, 3), (3, 10), (10, 18), (18, 8)]}, padri: [38, 40, 56], figli: [], mosse: [(3, 3, 4, 3, 12), (3, 3, 4, 3, 12), (2, 2, 15, 13, 2)]
40 -> costo: 74357.79999999999, rotte: {2: [(1, 14), (14, 11), (11, 12), (12, 16), (16, 17), (17, 15), (15, 13), (13, 2), (2, 6), (6, 9)], 3: [(1, 5), (5, 7), (7, 3), (3, 4), (4, 10), (10, 18), (18, 8)]}, padri: [38, 57], figli: [39], mosse: [(3, 3, 7, 3, 12), (2, 2, 15, 13, 2)]
41 -> costo: 75092.79999999999, rotte: {2: [(1, 14), (14, 11), (11, 12), (12, 16), (16, 17), (17, 15), (15, 13), (13, 2), (2, 6), (6, 9)], 3: [(1, 10), (10, 3), (3, 7), (7, 4), (4, 5), (5, 18), (18, 8)]}, padri: [37, 62, 65], figli: [42, 64], mosse: [(3, 3, 4, 5, 14), (2, 2, 15, 13, 2), (2, 3, 15, 13, 2)]
42 -> costo: 74766.9, rotte: {2: [(1, 14), (14, 11), (11, 12), (12, 16), (16, 17), (17, 15), (15, 13), (13, 2), (2, 6), (6, 9)], 3: [(1, 3), (3, 7), (7, 4), (4, 5), (5, 10), (10, 18), (18, 8)]}, padri: [41, 63], figli: [43], mosse: [(3, 3, 5, 10, 19), (2, 2, 15, 13, 2)]
43 -> costo: 74393.2, rotte: {2: [(1, 14), (14, 11), (11, 12), (12, 16), (16, 17), (17, 15), (15, 13), (13, 2), (2, 6), (6, 9)], 3: [(1, 3), (3, 7), (7, 5), (5, 4), (4, 10), (10, 18), (18, 8)]}, padri: [42, 64], figli: [], mosse: [(3, 3, 5, 4, 13), (2, 2, 15, 13, 2)]
44 -> costo: 76644.59999999999, rotte: {2: [(1, 14), (14, 11), (11, 12), (12, 16), (16, 17), (17, 15), (15, 2), (2, 6), (6, 9)], 3: [(1, 10), (10, 3), (3, 5), (5, 7), (7, 4), (4, 18), (18, 8), (8, 13)]}, padri: [8], figli: [45, 48], mosse: [(3, 3, 8, 13, 2)]
45 -> costo: 75908.49999999999, rotte: {2: [(1, 14), (14, 11), (11, 12), (12, 16), (16, 17), (17, 15), (15, 2), (2, 6), (6, 9)], 3: [(1, 3), (3, 5), (5, 7), (7, 4), (4, 10), (10, 18), (18, 8), (8, 13)]}, padri: [44], figli: [46, 47], mosse: [(3, 3, 4, 10, 19)]
46 -> costo: 75847.99999999999, rotte: {2: [(1, 14), (14, 11), (11, 12), (12, 16), (16, 17), (17, 15), (15, 2), (2, 6), (6, 9)], 3: [(1, 5), (5, 7), (7, 4), (4, 3), (3, 10), (10, 18), (18, 8), (8, 13)]}, padri: [45, 47], figli: [], mosse: [(3, 3, 4, 3, 12), (3, 3, 4, 3, 12)]
47 -> costo: 75894.99999999999, rotte: {2: [(1, 14), (14, 11), (11, 12), (12, 16), (16, 17), (17, 15), (15, 2), (2, 6), (6, 9)], 3: [(1, 5), (5, 7), (7, 3), (3, 4), (4, 10), (10, 18), (18, 8), (8, 13)]}, padri: [45], figli: [46], mosse: [(3, 3, 7, 3, 12)]
48 -> costo: 76629.99999999999, rotte: {2: [(1, 14), (14, 11), (11, 12), (12, 16), (16, 17), (17, 15), (15, 2), (2, 6), (6, 9)], 3: [(1, 10), (10, 3), (3, 7), (7, 4), (4, 5), (5, 18), (18, 8), (8, 13)]}, padri: [44, 65], figli: [49], mosse: [(3, 3, 4, 5, 14), (3, 3, 8, 13, 2)]
49 -> costo: 76304.09999999999, rotte: {2: [(1, 14), (14, 11), (11, 12), (12, 16), (16, 17), (17, 15), (15, 2), (2, 6), (6, 9)], 3: [(1, 3), (3, 7), (7, 4), (4, 5), (5, 10), (10, 18), (18, 8), (8, 13)]}, padri: [48], figli: [50], mosse: [(3, 3, 5, 10, 19)]
50 -> costo: 75930.4, rotte: {2: [(1, 14), (14, 11), (11, 12), (12, 16), (16, 17), (17, 15), (15, 2), (2, 6), (6, 9)], 3: [(1, 3), (3, 7), (7, 5), (5, 4), (4, 10), (10, 18), (18, 8), (8, 13)]}, padri: [49], figli: [], mosse: [(3, 3, 5, 4, 13)]
51 -> costo: 76983.2, rotte: {2: [(1, 14), (14, 11), (11, 12), (12, 16), (16, 17), (17, 15), (15, 2), (2, 6), (6, 9), (9, 13)], 3: [(1, 10), (10, 3), (3, 5), (5, 7), (7, 4), (4, 18), (18, 8)]}, padri: [8], figli: [9, 16, 23, 30, 37, 52, 58, 62, 98], mosse: [(2, 3, 9, 13, 2)]
52 -> costo: 76247.09999999999, rotte: {2: [(1, 14), (14, 11), (11, 12), (12, 16), (16, 17), (17, 15), (15, 2), (2, 6), (6, 9), (9, 13)], 3: [(1, 3), (3, 5), (5, 7), (7, 4), (4, 10), (10, 18), (18, 8)]}, padri: [51], figli: [10, 17, 24, 31, 38, 53, 56, 57, 59, 69], mosse: [(3, 3, 4, 10, 19)]
53 -> costo: 75933.99999999999, rotte: {2: [(1, 11), (11, 12), (12, 16), (16, 17), (17, 15), (15, 2), (2, 6), (6, 9), (9, 13), (13, 14)], 3: [(1, 3), (3, 5), (5, 7), (7, 4), (4, 10), (10, 18), (18, 8)]}, padri: [52, 58], figli: [54, 55], mosse: [(2, 2, 13, 14, 3), (3, 3, 4, 10, 19)]
54 -> costo: 75873.5, rotte: {2: [(1, 11), (11, 12), (12, 16), (16, 17), (17, 15), (15, 2), (2, 6), (6, 9), (9, 13), (13, 14)], 3: [(1, 5), (5, 7), (7, 4), (4, 3), (3, 10), (10, 18), (18, 8)]}, padri: [53, 55, 56], figli: [], mosse: [(3, 3, 4, 3, 12), (3, 3, 4, 3, 12), (2, 2, 13, 14, 3)]
55 -> costo: 75920.5, rotte: {2: [(1, 11), (11, 12), (12, 16), (16, 17), (17, 15), (15, 2), (2, 6), (6, 9), (9, 13), (13, 14)], 3: [(1, 5), (5, 7), (7, 3), (3, 4), (4, 10), (10, 18), (18, 8)]}, padri: [53, 57], figli: [54], mosse: [(3, 3, 7, 3, 12), (2, 2, 13, 14, 3)]
56 -> costo: 76186.59999999999, rotte: {2: [(1, 14), (14, 11), (11, 12), (12, 16), (16, 17), (17, 15), (15, 2), (2, 6), (6, 9), (9, 13)], 3: [(1, 5), (5, 7), (7, 4), (4, 3), (3, 10), (10, 18), (18, 8)]}, padri: [52, 57], figli: [11, 18, 25, 32, 39, 54, 70], mosse: [(3, 3, 4, 3, 12), (3, 3, 4, 3, 12)]
57 -> costo: 76233.59999999999, rotte: {2: [(1, 14), (14, 11), (11, 12), (12, 16), (16, 17), (17, 15), (15, 2), (2, 6), (6, 9), (9, 13)], 3: [(1, 5), (5, 7), (7, 3), (3, 4), (4, 10), (10, 18), (18, 8)]}, padri: [52], figli: [12, 19, 26, 33, 40, 55, 56], mosse: [(3, 3, 7, 3, 12)]
58 -> costo: 76670.1, rotte: {2: [(1, 11), (11, 12), (12, 16), (16, 17), (17, 15), (15, 2), (2, 6), (6, 9), (9, 13), (13, 14)], 3: [(1, 10), (10, 3), (3, 5), (5, 7), (7, 4), (4, 18), (18, 8)]}, padri: [51], figli: [53, 59], mosse: [(2, 2, 13, 14, 3)]
59 -> costo: 76655.5, rotte: {2: [(1, 11), (11, 12), (12, 16), (16, 17), (17, 15), (15, 2), (2, 6), (6, 9), (9, 13), (13, 14)], 3: [(1, 10), (10, 3), (3, 7), (7, 4), (4, 5), (5, 18), (18, 8)]}, padri: [58, 62], figli: [60], mosse: [(3, 3, 4, 5, 14), (2, 2, 13, 14, 3)]
60 -> costo: 76329.59999999999, rotte: {2: [(1, 11), (11, 12), (12, 16), (16, 17), (17, 15), (15, 2), (2, 6), (6, 9), (9, 13), (13, 14)], 3: [(1, 3), (3, 7), (7, 4), (4, 5), (5, 10), (10, 18), (18, 8)]}, padri: [59, 63], figli: [61], mosse: [(3, 3, 5, 10, 19), (2, 2, 13, 14, 3)]
61 -> costo: 75955.9, rotte: {2: [(1, 11), (11, 12), (12, 16), (16, 17), (17, 15), (15, 2), (2, 6), (6, 9), (9, 13), (13, 14)], 3: [(1, 3), (3, 7), (7, 5), (5, 4), (4, 10), (10, 18), (18, 8)]}, padri: [60, 64], figli: [], mosse: [(3, 3, 5, 4, 13), (2, 2, 13, 14, 3)]
62 -> costo: 76968.59999999999, rotte: {2: [(1, 14), (14, 11), (11, 12), (12, 16), (16, 17), (17, 15), (15, 2), (2, 6), (6, 9), (9, 13)], 3: [(1, 10), (10, 3), (3, 7), (7, 4), (4, 5), (5, 18), (18, 8)]}, padri: [51, 65], figli: [13, 20, 27, 34, 41, 63, 59, 114], mosse: [(3, 3, 4, 5, 14), (2, 3, 9, 13, 2)]
63 -> costo: 76642.7, rotte: {2: [(1, 14), (14, 11), (11, 12), (12, 16), (16, 17), (17, 15), (15, 2), (2, 6), (6, 9), (9, 13)], 3: [(1, 3), (3, 7), (7, 4), (4, 5), (5, 10), (10, 18), (18, 8)]}, padri: [62], figli: [14, 21, 28, 35, 42, 64, 60, 105], mosse: [(3, 3, 5, 10, 19)]
64 -> costo: 76269.0, rotte: {2: [(1, 14), (14, 11), (11, 12), (12, 16), (16, 17), (17, 15), (15, 2), (2, 6), (6, 9), (9, 13)], 3: [(1, 3), (3, 7), (7, 5), (5, 4), (4, 10), (10, 18), (18, 8)]}, padri: [63], figli: [15, 22, 29, 36, 43, 61, 101], mosse: [(3, 3, 5, 4, 13)]
65 -> costo: 77860.0, rotte: {2: [(1, 14), (14, 11), (11, 12), (12, 16), (16, 17), (17, 15), (15, 2), (2, 6), (6, 9)], 3: [(1, 13), (13, 10), (10, 3), (3, 7), (7, 4), (4, 5), (5, 18), (18, 8)]}, padri: [8], figli: [13, 20, 27, 34, 41, 48, 62, 114], mosse: [(3, 3, 4, 5, 14)]
66 -> costo: 78337.90000000001, rotte: {2: [(1, 14), (14, 12), (12, 11), (11, 16), (16, 17), (17, 15), (15, 2), (2, 6), (6, 9)], 3: [(1, 13), (13, 10), (10, 3), (3, 5), (5, 7), (7, 4), (4, 18), (18, 8)]}, padri: [7], figli: [67], mosse: [(2, 3, 14, 12, 1)]
67 -> costo: 70168.6, rotte: {2: [(1, 14), (14, 13), (13, 12), (12, 11), (11, 16), (16, 17), (17, 15), (15, 2), (2, 6), (6, 9)], 3: [(1, 10), (10, 3), (3, 5), (5, 7), (7, 4), (4, 18), (18, 8)]}, padri: [66], figli: [68, 23, 98], mosse: [(2, 3, 14, 13, 2)]
68 -> costo: 69432.5, rotte: {2: [(1, 14), (14, 13), (13, 12), (12, 11), (11, 16), (16, 17), (17, 15), (15, 2), (2, 6), (6, 9)], 3: [(1, 3), (3, 5), (5, 7), (7, 4), (4, 10), (10, 18), (18, 8)]}, padri: [67], figli: [24, 69, 74, 75, 82], mosse: [(3, 3, 4, 10, 19)]
69 -> costo: 69372.0, rotte: {2: [(1, 14), (14, 13), (13, 12), (12, 11), (11, 16), (16, 17), (17, 15), (15, 2), (2, 6), (6, 9)], 3: [(1, 5), (5, 7), (7, 4), (4, 3), (3, 10), (10, 18), (18, 8)]}, padri: [68, 74], figli: [25, 70], mosse: [(3, 3, 4, 3, 12), (3, 3, 4, 3, 12)]
70 -> costo: 69371.99999999999, rotte: {2: [(1, 14), (14, 13), (13, 12), (12, 11), (11, 17), (17, 16), (16, 15), (15, 2), (2, 6), (6, 9)], 3: [(1, 5), (5, 7), (7, 4), (4, 3), (3, 10), (10, 18), (18, 8)]}, padri: [69, 75, 82], figli: [71], mosse: [(2, 2, 17, 16, 5), (3, 3, 4, 3, 12), (3, 3, 4, 3, 12)]
71 -> costo: 69076.9, rotte: {2: [(1, 14), (14, 13), (13, 11), (11, 12), (12, 17), (17, 16), (16, 15), (15, 2), (2, 6), (6, 9)], 3: [(1, 5), (5, 7), (7, 4), (4, 3), (3, 10), (10, 18), (18, 8)]}, padri: [70], figli: [72, 73, 79, 85, 87, 95], mosse: [(2, 2, 11, 12, 1)]
72 -> costo: 68981.19999999998, rotte: {2: [(1, 13), (13, 14), (14, 11), (11, 12), (12, 17), (17, 16), (16, 15), (15, 2), (2, 6), (6, 9)], 3: [(1, 5), (5, 7), (7, 4), (4, 3), (3, 10), (10, 18), (18, 8)]}, padri: [71, 77, 78, 84, 85, 86, 93, 94], figli: [], mosse: [(2, 2, 13, 14, 3), (3, 3, 4, 3, 12), (2, 2, 13, 14, 3), (3, 3, 4, 3, 12), (3, 3, 4, 3, 12), (2, 2, 13, 14, 3), (3, 3, 4, 3, 12), (2, 2, 13, 14, 3)]
73 -> costo: 69050.0, rotte: {2: [(1, 14), (14, 11), (11, 13), (13, 12), (12, 17), (17, 16), (16, 15), (15, 2), (2, 6), (6, 9)], 3: [(1, 5), (5, 7), (7, 4), (4, 3), (3, 10), (10, 18), (18, 8)]}, padri: [71], figli: [], mosse: [(2, 2, 11, 13, 2)]
74 -> costo: 69419.0, rotte: {2: [(1, 14), (14, 13), (13, 12), (12, 11), (11, 16), (16, 17), (17, 15), (15, 2), (2, 6), (6, 9)], 3: [(1, 5), (5, 7), (7, 3), (3, 4), (4, 10), (10, 18), (18, 8)]}, padri: [68], figli: [26, 69, 75], mosse: [(3, 3, 7, 3, 12)]
75 -> costo: 69418.99999999999, rotte: {2: [(1, 14), (14, 13), (13, 12), (12, 11), (11, 17), (17, 16), (16, 15), (15, 2), (2, 6), (6, 9)], 3: [(1, 5), (5, 7), (7, 3), (3, 4), (4, 10), (10, 18), (18, 8)]}, padri: [74, 82], figli: [76, 70], mosse: [(2, 2, 17, 16, 5), (3, 3, 7, 3, 12)]
76 -> costo: 69123.9, rotte: {2: [(1, 14), (14, 13), (13, 11), (11, 12), (12, 17), (17, 16), (16, 15), (15, 2), (2, 6), (6, 9)], 3: [(1, 5), (5, 7), (7, 3), (3, 4), (4, 10), (10, 18), (18, 8)]}, padri: [75], figli: [77, 78, 80], mosse: [(2, 2, 11, 12, 1)]
77 -> costo: 69028.2, rotte: {2: [(1, 13), (13, 14), (14, 11), (11, 12), (12, 17), (17, 16), (16, 15), (15, 2), (2, 6), (6, 9)], 3: [(1, 5), (5, 7), (7, 3), (3, 4), (4, 10), (10, 18), (18, 8)]}, padri: [76], figli: [72, 79, 85, 87, 95], mosse: [(2, 2, 13, 14, 3)]
78 -> costo: 69076.9, rotte: {2: [(1, 14), (14, 13), (13, 11), (11, 12), (12, 17), (17, 16), (16, 15), (15, 2), (2, 6), (6, 9)], 3: [(1, 5), (5, 7), (7, 4), (4, 3), (3, 10), (10, 18), (18, 8)]}, padri: [76], figli: [72, 79, 85, 87, 95], mosse: [(3, 3, 4, 3, 12)]
79 -> costo: 69050.0, rotte: {2: [(1, 14), (14, 11), (11, 13), (13, 12), (12, 17), (17, 16), (16, 15), (15, 2), (2, 6), (6, 9)], 3: [(1, 5), (5, 7), (7, 4), (4, 3), (3, 10), (10, 18), (18, 8)]}, padri: [71, 77, 78], figli: [], mosse: [(2, 2, 11, 13, 2)]
80 -> costo: 69097.0, rotte: {2: [(1, 14), (14, 11), (11, 13), (13, 12), (12, 17), (17, 16), (16, 15), (15, 2), (2, 6), (6, 9)], 3: [(1, 5), (5, 7), (7, 3), (3, 4), (4, 10), (10, 18), (18, 8)]}, padri: [76], figli: [81], mosse: [(2, 2, 11, 13, 2)]
81 -> costo: 69050.0, rotte: {2: [(1, 14), (14, 11), (11, 13), (13, 12), (12, 17), (17, 16), (16, 15), (15, 2), (2, 6), (6, 9)], 3: [(1, 5), (5, 7), (7, 4), (4, 3), (3, 10), (10, 18), (18, 8)]}, padri: [80], figli: [], mosse: [(3, 3, 4, 3, 12)]
82 -> costo: 69432.49999999999, rotte: {2: [(1, 14), (14, 13), (13, 12), (12, 11), (11, 17), (17, 16), (16, 15), (15, 2), (2, 6), (6, 9)], 3: [(1, 3), (3, 5), (5, 7), (7, 4), (4, 10), (10, 18), (18, 8)]}, padri: [68], figli: [83, 70, 75], mosse: [(2, 2, 17, 16, 5)]
83 -> costo: 69137.4, rotte: {2: [(1, 14), (14, 13), (13, 11), (11, 12), (12, 17), (17, 16), (16, 15), (15, 2), (2, 6), (6, 9)], 3: [(1, 3), (3, 5), (5, 7), (7, 4), (4, 10), (10, 18), (18, 8)]}, padri: [82], figli: [84, 86, 88, 92], mosse: [(2, 2, 11, 12, 1)]
84 -> costo: 69041.7, rotte: {2: [(1, 13), (13, 14), (14, 11), (11, 12), (12, 17), (17, 16), (16, 15), (15, 2), (2, 6), (6, 9)], 3: [(1, 3), (3, 5), (5, 7), (7, 4), (4, 10), (10, 18), (18, 8)]}, padri: [83], figli: [72, 85, 87, 95], mosse: [(2, 2, 13, 14, 3)]
85 -> costo: 69028.2, rotte: {2: [(1, 13), (13, 14), (14, 11), (11, 12), (12, 17), (17, 16), (16, 15), (15, 2), (2, 6), (6, 9)], 3: [(1, 5), (5, 7), (7, 3), (3, 4), (4, 10), (10, 18), (18, 8)]}, padri: [71, 77, 78, 84], figli: [72, 87, 95], mosse: [(3, 3, 7, 3, 12)]
86 -> costo: 69076.9, rotte: {2: [(1, 14), (14, 13), (13, 11), (11, 12), (12, 17), (17, 16), (16, 15), (15, 2), (2, 6), (6, 9)], 3: [(1, 5), (5, 7), (7, 4), (4, 3), (3, 10), (10, 18), (18, 8)]}, padri: [83], figli: [72, 87, 95], mosse: [(3, 3, 4, 3, 12)]
87 -> costo: 69050.0, rotte: {2: [(1, 14), (14, 11), (11, 13), (13, 12), (12, 17), (17, 16), (16, 15), (15, 2), (2, 6), (6, 9)], 3: [(1, 5), (5, 7), (7, 4), (4, 3), (3, 10), (10, 18), (18, 8)]}, padri: [71, 77, 78, 84, 85, 86], figli: [], mosse: [(2, 2, 11, 13, 2)]
88 -> costo: 69110.5, rotte: {2: [(1, 14), (14, 11), (11, 13), (13, 12), (12, 17), (17, 16), (16, 15), (15, 2), (2, 6), (6, 9)], 3: [(1, 3), (3, 5), (5, 7), (7, 4), (4, 10), (10, 18), (18, 8)]}, padri: [83], figli: [89, 90], mosse: [(2, 2, 11, 13, 2)]
89 -> costo: 69050.0, rotte: {2: [(1, 14), (14, 11), (11, 13), (13, 12), (12, 17), (17, 16), (16, 15), (15, 2), (2, 6), (6, 9)], 3: [(1, 5), (5, 7), (7, 4), (4, 3), (3, 10), (10, 18), (18, 8)]}, padri: [88], figli: [], mosse: [(3, 3, 4, 3, 12)]
90 -> costo: 69097.0, rotte: {2: [(1, 14), (14, 11), (11, 13), (13, 12), (12, 17), (17, 16), (16, 15), (15, 2), (2, 6), (6, 9)], 3: [(1, 5), (5, 7), (7, 3), (3, 4), (4, 10), (10, 18), (18, 8)]}, padri: [88], figli: [91], mosse: [(3, 3, 7, 3, 12)]
91 -> costo: 69050.0, rotte: {2: [(1, 14), (14, 11), (11, 13), (13, 12), (12, 17), (17, 16), (16, 15), (15, 2), (2, 6), (6, 9)], 3: [(1, 5), (5, 7), (7, 4), (4, 3), (3, 10), (10, 18), (18, 8)]}, padri: [90], figli: [], mosse: [(3, 3, 4, 3, 12)]
92 -> costo: 69123.9, rotte: {2: [(1, 14), (14, 13), (13, 11), (11, 12), (12, 17), (17, 16), (16, 15), (15, 2), (2, 6), (6, 9)], 3: [(1, 5), (5, 7), (7, 3), (3, 4), (4, 10), (10, 18), (18, 8)]}, padri: [83], figli: [93, 94, 96], mosse: [(3, 3, 7, 3, 12)]
93 -> costo: 69028.2, rotte: {2: [(1, 13), (13, 14), (14, 11), (11, 12), (12, 17), (17, 16), (16, 15), (15, 2), (2, 6), (6, 9)], 3: [(1, 5), (5, 7), (7, 3), (3, 4), (4, 10), (10, 18), (18, 8)]}, padri: [92], figli: [72, 95], mosse: [(2, 2, 13, 14, 3)]
94 -> costo: 69076.9, rotte: {2: [(1, 14), (14, 13), (13, 11), (11, 12), (12, 17), (17, 16), (16, 15), (15, 2), (2, 6), (6, 9)], 3: [(1, 5), (5, 7), (7, 4), (4, 3), (3, 10), (10, 18), (18, 8)]}, padri: [92], figli: [72, 95], mosse: [(3, 3, 4, 3, 12)]
95 -> costo: 69050.0, rotte: {2: [(1, 14), (14, 11), (11, 13), (13, 12), (12, 17), (17, 16), (16, 15), (15, 2), (2, 6), (6, 9)], 3: [(1, 5), (5, 7), (7, 4), (4, 3), (3, 10), (10, 18), (18, 8)]}, padri: [71, 77, 78, 84, 85, 86, 93, 94], figli: [], mosse: [(2, 2, 11, 13, 2)]
96 -> costo: 69097.0, rotte: {2: [(1, 14), (14, 11), (11, 13), (13, 12), (12, 17), (17, 16), (16, 15), (15, 2), (2, 6), (6, 9)], 3: [(1, 5), (5, 7), (7, 3), (3, 4), (4, 10), (10, 18), (18, 8)]}, padri: [92], figli: [97], mosse: [(2, 2, 11, 13, 2)]
97 -> costo: 69050.0, rotte: {2: [(1, 14), (14, 11), (11, 13), (13, 12), (12, 17), (17, 16), (16, 15), (15, 2), (2, 6), (6, 9)], 3: [(1, 5), (5, 7), (7, 4), (4, 3), (3, 10), (10, 18), (18, 8)]}, padri: [96], figli: [], mosse: [(3, 3, 4, 3, 12)]
98 -> costo: 70154.0, rotte: {2: [(1, 14), (14, 13), (13, 12), (12, 11), (11, 16), (16, 17), (17, 15), (15, 2), (2, 6), (6, 9)], 3: [(1, 10), (10, 3), (3, 7), (7, 4), (4, 5), (5, 18), (18, 8)]}, padri: [67], figli: [99, 27, 114], mosse: [(3, 3, 4, 5, 14)]
99 -> costo: 69828.1, rotte: {2: [(1, 14), (14, 13), (13, 12), (12, 11), (11, 16), (16, 17), (17, 15), (15, 2), (2, 6), (6, 9)], 3: [(1, 3), (3, 7), (7, 4), (4, 5), (5, 10), (10, 18), (18, 8)]}, padri: [98], figli: [100, 28, 105, 115], mosse: [(3, 3, 5, 10, 19)]
100 -> costo: 69454.40000000001, rotte: {2: [(1, 14), (14, 13), (13, 12), (12, 11), (11, 16), (16, 17), (17, 15), (15, 2), (2, 6), (6, 9)], 3: [(1, 3), (3, 7), (7, 5), (5, 4), (4, 10), (10, 18), (18, 8)]}, padri: [99], figli: [29, 101, 106], mosse: [(3, 3, 5, 4, 13)]
101 -> costo: 69454.4, rotte: {2: [(1, 14), (14, 13), (13, 12), (12, 11), (11, 17), (17, 16), (16, 15), (15, 2), (2, 6), (6, 9)], 3: [(1, 3), (3, 7), (7, 5), (5, 4), (4, 10), (10, 18), (18, 8)]}, padri: [100, 105], figli: [102], mosse: [(2, 2, 17, 16, 5), (3, 3, 5, 4, 13)]
102 -> costo: 69159.3, rotte: {2: [(1, 14), (14, 13), (13, 11), (11, 12), (12, 17), (17, 16), (16, 15), (15, 2), (2, 6), (6, 9)], 3: [(1, 3), (3, 7), (7, 5), (5, 4), (4, 10), (10, 18), (18, 8)]}, padri: [101], figli: [103, 104], mosse: [(2, 2, 11, 12, 1)]
103 -> costo: 69063.6, rotte: {2: [(1, 13), (13, 14), (14, 11), (11, 12), (12, 17), (17, 16), (16, 15), (15, 2), (2, 6), (6, 9)], 3: [(1, 3), (3, 7), (7, 5), (5, 4), (4, 10), (10, 18), (18, 8)]}, padri: [102], figli: [], mosse: [(2, 2, 13, 14, 3)]
104 -> costo: 69132.40000000001, rotte: {2: [(1, 14), (14, 11), (11, 13), (13, 12), (12, 17), (17, 16), (16, 15), (15, 2), (2, 6), (6, 9)], 3: [(1, 3), (3, 7), (7, 5), (5, 4), (4, 10), (10, 18), (18, 8)]}, padri: [102], figli: [], mosse: [(2, 2, 11, 13, 2)]
105 -> costo: 69828.09999999999, rotte: {2: [(1, 14), (14, 13), (13, 12), (12, 11), (11, 17), (17, 16), (16, 15), (15, 2), (2, 6), (6, 9)], 3: [(1, 3), (3, 7), (7, 4), (4, 5), (5, 10), (10, 18), (18, 8)]}, padri: [99, 114], figli: [101, 106], mosse: [(2, 2, 17, 16, 5), (3, 3, 5, 10, 19)]
106 -> costo: 69533.0, rotte: {2: [(1, 14), (14, 13), (13, 11), (11, 12), (12, 17), (17, 16), (16, 15), (15, 2), (2, 6), (6, 9)], 3: [(1, 3), (3, 7), (7, 4), (4, 5), (5, 10), (10, 18), (18, 8)]}, padri: [100, 105], figli: [107, 110, 112], mosse: [(2, 2, 11, 12, 1)]
107 -> costo: 69159.3, rotte: {2: [(1, 14), (14, 13), (13, 11), (11, 12), (12, 17), (17, 16), (16, 15), (15, 2), (2, 6), (6, 9)], 3: [(1, 3), (3, 7), (7, 5), (5, 4), (4, 10), (10, 18), (18, 8)]}, padri: [106], figli: [108, 109], mosse: [(3, 3, 5, 4, 13)]
108 -> costo: 69063.6, rotte: {2: [(1, 13), (13, 14), (14, 11), (11, 12), (12, 17), (17, 16), (16, 15), (15, 2), (2, 6), (6, 9)], 3: [(1, 3), (3, 7), (7, 5), (5, 4), (4, 10), (10, 18), (18, 8)]}, padri: [107], figli: [], mosse: [(2, 2, 13, 14, 3)]
109 -> costo: 69132.40000000001, rotte: {2: [(1, 14), (14, 11), (11, 13), (13, 12), (12, 17), (17, 16), (16, 15), (15, 2), (2, 6), (6, 9)], 3: [(1, 3), (3, 7), (7, 5), (5, 4), (4, 10), (10, 18), (18, 8)]}, padri: [107], figli: [], mosse: [(2, 2, 11, 13, 2)]
110 -> costo: 69437.3, rotte: {2: [(1, 13), (13, 14), (14, 11), (11, 12), (12, 17), (17, 16), (16, 15), (15, 2), (2, 6), (6, 9)], 3: [(1, 3), (3, 7), (7, 4), (4, 5), (5, 10), (10, 18), (18, 8)]}, padri: [106], figli: [111], mosse: [(2, 2, 13, 14, 3)]
111 -> costo: 69063.6, rotte: {2: [(1, 13), (13, 14), (14, 11), (11, 12), (12, 17), (17, 16), (16, 15), (15, 2), (2, 6), (6, 9)], 3: [(1, 3), (3, 7), (7, 5), (5, 4), (4, 10), (10, 18), (18, 8)]}, padri: [110], figli: [], mosse: [(3, 3, 5, 4, 13)]
112 -> costo: 69506.1, rotte: {2: [(1, 14), (14, 11), (11, 13), (13, 12), (12, 17), (17, 16), (16, 15), (15, 2), (2, 6), (6, 9)], 3: [(1, 3), (3, 7), (7, 4), (4, 5), (5, 10), (10, 18), (18, 8)]}, padri: [106], figli: [113], mosse: [(2, 2, 11, 13, 2)]
113 -> costo: 69132.40000000001, rotte: {2: [(1, 14), (14, 11), (11, 13), (13, 12), (12, 17), (17, 16), (16, 15), (15, 2), (2, 6), (6, 9)], 3: [(1, 3), (3, 7), (7, 5), (5, 4), (4, 10), (10, 18), (18, 8)]}, padri: [112], figli: [], mosse: [(3, 3, 5, 4, 13)]
114 -> costo: 70153.99999999999, rotte: {2: [(1, 14), (14, 13), (13, 12), (12, 11), (11, 17), (17, 16), (16, 15), (15, 2), (2, 6), (6, 9)], 3: [(1, 10), (10, 3), (3, 7), (7, 4), (4, 5), (5, 18), (18, 8)]}, padri: [98], figli: [105, 115], mosse: [(2, 2, 17, 16, 5)]
115 -> costo: 69858.9, rotte: {2: [(1, 14), (14, 13), (13, 11), (11, 12), (12, 17), (17, 16), (16, 15), (15, 2), (2, 6), (6, 9)], 3: [(1, 10), (10, 3), (3, 7), (7, 4), (4, 5), (5, 18), (18, 8)]}, padri: [99, 114], figli: [116], mosse: [(2, 2, 11, 12, 1)]
116 -> costo: 69533.0, rotte: {2: [(1, 14), (14, 13), (13, 11), (11, 12), (12, 17), (17, 16), (16, 15), (15, 2), (2, 6), (6, 9)], 3: [(1, 3), (3, 7), (7, 4), (4, 5), (5, 10), (10, 18), (18, 8)]}, padri: [115], figli: [117], mosse: [(3, 3, 5, 10, 19)]
117 -> costo: 69159.3, rotte: {2: [(1, 14), (14, 13), (13, 11), (11, 12), (12, 17), (17, 16), (16, 15), (15, 2), (2, 6), (6, 9)], 3: [(1, 3), (3, 7), (7, 5), (5, 4), (4, 10), (10, 18), (18, 8)]}, padri: [116], figli: [118], mosse: [(3, 3, 5, 4, 13)]
118 -> costo: 69063.6, rotte: {2: [(1, 13), (13, 14), (14, 11), (11, 12), (12, 17), (17, 16), (16, 15), (15, 2), (2, 6), (6, 9)], 3: [(1, 3), (3, 7), (7, 5), (5, 4), (4, 10), (10, 18), (18, 8)]}, padri: [117], figli: [], mosse: [(2, 2, 13, 14, 3)]
bestSolutionIndice: 72
72 -> costo: 68981.19999999998, rotte: {2: [(1, 13), (13, 14), (14, 11), (11, 12), (12, 17), (17, 16), (16, 15), (15, 2), (2, 6), (6, 9)], 3: [(1, 5), (5, 7), (7, 4), (4, 3), (3, 10), (10, 18), (18, 8)]}, padri: [71, 77, 78, 84, 85, 86, 93, 94], figli: [], mosse: [(2, 2, 13, 14, 3), (3, 3, 4, 3, 12), (2, 2, 13, 14, 3), (3, 3, 4, 3, 12), (3, 3, 4, 3, 12), (2, 2, 13, 14, 3), (3, 3, 4, 3, 12), (2, 2, 13, 14, 3)]
trasportoPalletDiGamma: {2: [(13, 2), (14, 3), (11, 20), (12, 1), (17, 6), (16, 5), (15, 4), (2, 11), (6, 15), (9, 18)], 3: [(5, 14), (7, 16), (4, 13), (3, 12), (10, 19), (18, 5), (8, 17)]}
itMosseLS: 215, itMosseTS: 200
time elapsed: 1580.51s.


##########################################################################################
s: 1
dictSolutions[1]:
0 -> costo: 127021.59999999998, rotte: {3: [(1, 11), (11, 17), (17, 10), (10, 4), (4, 18), (18, 8), (8, 13), (13, 2), (2, 5)], 2: [(1, 3), (3, 6), (6, 9), (9, 16), (16, 15), (15, 7), (7, 14), (14, 12), (12, 5)]}, padri: [-1], figli: [1], mosse: [-1]
1 -> costo: 117881.09999999999, rotte: {3: [(1, 17), (17, 10), (10, 4), (4, 18), (18, 8), (8, 11), (11, 13), (13, 2), (2, 5)], 2: [(1, 3), (3, 6), (6, 9), (9, 16), (16, 15), (15, 7), (7, 14), (14, 12), (12, 5)]}, padri: [0], figli: [2], mosse: [(3, 3, 8, 11, 20)]
2 -> costo: 97812.0, rotte: {3: [(1, 10), (10, 4), (4, 18), (18, 8), (8, 11), (11, 13), (13, 2), (2, 5)], 2: [(1, 3), (3, 6), (6, 9), (9, 17), (17, 16), (16, 15), (15, 7), (7, 14), (14, 12), (12, 5)]}, padri: [1], figli: [3], mosse: [(2, 3, 9, 17, 6)]
3 -> costo: 89033.5, rotte: {3: [(1, 10), (10, 4), (4, 18), (18, 8), (8, 11), (11, 13), (13, 2), (2, 5)], 2: [(1, 3), (3, 6), (6, 9), (9, 17), (17, 16), (16, 15), (15, 14), (14, 12), (12, 5), (5, 7)]}, padri: [2], figli: [4], mosse: [(2, 2, 5, 7, 16)]
4 -> costo: 86803.3, rotte: {3: [(1, 10), (10, 4), (4, 18), (18, 8), (8, 11), (11, 13), (13, 2), (2, 5)], 2: [(1, 3), (3, 6), (6, 17), (17, 16), (16, 15), (15, 14), (14, 12), (12, 5), (5, 7), (7, 9)]}, padri: [3], figli: [5], mosse: [(2, 2, 7, 9, 18)]
5 -> costo: 85230.20000000001, rotte: {3: [(1, 10), (10, 4), (4, 18), (18, 8), (8, 11), (11, 13), (13, 2), (2, 5)], 2: [(1, 3), (3, 17), (17, 16), (16, 15), (15, 14), (14, 12), (12, 5), (5, 7), (7, 6), (6, 9)]}, padri: [4], figli: [6], mosse: [(2, 2, 7, 6, 15)]
6 -> costo: 78961.59999999999, rotte: {3: [(1, 10), (10, 4), (4, 18), (18, 8), (8, 11), (11, 13), (13, 2), (2, 5)], 2: [(1, 17), (17, 16), (16, 15), (15, 14), (14, 12), (12, 3), (3, 5), (5, 7), (7, 6), (6, 9)]}, padri: [5], figli: [7], mosse: [(2, 2, 12, 3, 12)]
7 -> costo: 77697.4, rotte: {3: [(1, 4), (4, 18), (18, 8), (8, 11), (11, 13), (13, 10), (10, 2), (2, 5)], 2: [(1, 17), (17, 16), (16, 15), (15, 14), (14, 12), (12, 3), (3, 5), (5, 7), (7, 6), (6, 9)]}, padri: [6], figli: [8], mosse: [(3, 3, 13, 10, 19)]
8 -> costo: 77036.59999999999, rotte: {3: [(1, 4), (4, 18), (18, 8), (8, 11), (11, 13), (13, 10), (10, 2), (2, 5)], 2: [(1, 17), (17, 16), (16, 15), (15, 12), (12, 14), (14, 3), (3, 5), (5, 7), (7, 6), (6, 9)]}, padri: [7], figli: [9], mosse: [(2, 2, 12, 14, 3)]
9 -> costo: 76434.9, rotte: {3: [(1, 4), (4, 18), (18, 8), (8, 11), (11, 13), (13, 10), (10, 2)], 2: [(1, 17), (17, 16), (16, 15), (15, 12), (12, 14), (14, 3), (3, 5), (5, 7), (7, 6), (6, 9)]}, padri: [8], figli: [10, 27], mosse: [(2, 3, 1, 5, 7)]
10 -> costo: 75539.8, rotte: {3: [(1, 2), (2, 4), (4, 18), (18, 8), (8, 11), (11, 13), (13, 10)], 2: [(1, 17), (17, 16), (16, 15), (15, 12), (12, 14), (14, 3), (3, 5), (5, 7), (7, 6), (6, 9)]}, padri: [9], figli: [11, 13, 15, 16, 17, 18, 19, 20, 23, 25, 29], mosse: [(3, 3, 1, 2, 11)]
11 -> costo: 71573.79999999999, rotte: {3: [(1, 2), (2, 4), (4, 10), (10, 18), (18, 8), (8, 11), (11, 13)], 2: [(1, 17), (17, 16), (16, 15), (15, 12), (12, 14), (14, 3), (3, 5), (5, 7), (7, 6), (6, 9)]}, padri: [10, 15, 17, 19, 24], figli: [12, 12, 12], mosse: [(3, 3, 4, 10, 19), (3, 3, 10, 18, 5), (3, 3, 4, 10, 19), (3, 3, 4, 10, 19), (3, 3, 2, 4, 13)]
12 -> costo: 71382.0, rotte: {3: [(1, 2), (2, 4), (4, 10), (10, 18), (18, 8), (8, 13), (13, 11)], 2: [(1, 17), (17, 16), (16, 15), (15, 12), (12, 14), (14, 3), (3, 5), (5, 7), (7, 6), (6, 9)]}, padri: [11, 11, 11, 16, 18, 20, 22], figli: [], mosse: [(3, 3, 8, 13, 2), (3, 3, 13, 11, 20), (3, 3, 11, 13), (3, 3, 10, 18, 5), (3, 3, 4, 10, 19), (3, 3, 4, 10, 19), (3, 3, 2, 4, 13)]
13 -> costo: 72356.3, rotte: {3: [(1, 2), (2, 4), (4, 18), (18, 8), (8, 10), (10, 11), (11, 13)], 2: [(1, 17), (17, 16), (16, 15), (15, 12), (12, 14), (14, 3), (3, 5), (5, 7), (7, 6), (6, 9)]}, padri: [10, 15, 17, 19, 28], figli: [14, 14, 14], mosse: [(3, 3, 8, 10, 19), (3, 3, 8, 10, 19), (3, 3, 8, 10, 19), (3, 3, 8, 10, 19), (3, 3, 2, 4, 13)]
14 -> costo: 72164.5, rotte: {3: [(1, 2), (2, 4), (4, 18), (18, 8), (8, 10), (10, 13), (13, 11)], 2: [(1, 17), (17, 16), (16, 15), (15, 12), (12, 14), (14, 3), (3, 5), (5, 7), (7, 6), (6, 9)]}, padri: [13, 13, 13, 16, 18, 20, 29], figli: [], mosse: [(3, 3, 10, 13, 2), (3, 3, 13, 11, 20), (3, 3, 11, 13), (3, 3, 8, 10, 19), (3, 3, 8, 10, 19), (3, 3, 8, 10, 19), (3, 3, 2, 4, 13)]
15 -> costo: 72397.2, rotte: {3: [(1, 2), (2, 4), (4, 18), (18, 10), (10, 8), (8, 11), (11, 13)], 2: [(1, 17), (17, 16), (16, 15), (15, 12), (12, 14), (14, 3), (3, 5), (5, 7), (7, 6), (6, 9)]}, padri: [10, 17, 19], figli: [11, 16, 16, 16, 13, 18, 29], mosse: [(3, 3, 18, 10, 19), (3, 3, 18, 10, 19), (3, 3, 18, 10, 19)]
16 -> costo: 72205.4, rotte: {3: [(1, 2), (2, 4), (4, 18), (18, 10), (10, 8), (8, 13), (13, 11)], 2: [(1, 17), (17, 16), (16, 15), (15, 12), (12, 14), (14, 3), (3, 5), (5, 7), (7, 6), (6, 9)]}, padri: [15, 15, 15, 18, 20], figli: [12, 14], mosse: [(3, 3, 8, 13, 2), (3, 3, 13, 11, 20), (3, 3, 11, 13), (3, 3, 18, 10, 19), (3, 3, 18, 10, 19)]
17 -> costo: 72521.7, rotte: {3: [(1, 10), (10, 2), (2, 4), (4, 18), (18, 8), (8, 11), (11, 13)], 2: [(1, 17), (17, 16), (16, 15), (15, 12), (12, 14), (14, 3), (3, 5), (5, 7), (7, 6), (6, 9)]}, padri: [10, 19, 23], figli: [11, 18, 18, 18, 13, 15, 20, 21, 21, 21, 29], mosse: [(3, 3, 1, 10, 19), (3, 3, 10, 2, 11), (3, 3, 2, 4, 13)]
18 -> costo: 72329.9, rotte: {3: [(1, 10), (10, 2), (2, 4), (4, 18), (18, 8), (8, 13), (13, 11)], 2: [(1, 17), (17, 16), (16, 15), (15, 12), (12, 14), (14, 3), (3, 5), (5, 7), (7, 6), (6, 9)]}, padri: [17, 17, 17, 20, 21], figli: [12, 14, 16], mosse: [(3, 3, 8, 13, 2), (3, 3, 13, 11, 20), (3, 3, 11, 13), (3, 3, 10, 2, 11), (3, 3, 2, 4, 13)]
19 -> costo: 72633.2, rotte: {3: [(1, 2), (2, 10), (10, 4), (4, 18), (18, 8), (8, 11), (11, 13)], 2: [(1, 17), (17, 16), (16, 15), (15, 12), (12, 14), (14, 3), (3, 5), (5, 7), (7, 6), (6, 9)]}, padri: [10], figli: [11, 13, 15, 20, 20, 20, 17, 23, 28, 29], mosse: [(3, 3, 2, 10, 19)]
20 -> costo: 72441.4, rotte: {3: [(1, 2), (2, 10), (10, 4), (4, 18), (18, 8), (8, 13), (13, 11)], 2: [(1, 17), (17, 16), (16, 15), (15, 12), (12, 14), (14, 3), (3, 5), (5, 7), (7, 6), (6, 9)]}, padri: [19, 19, 19], figli: [12, 14, 16, 18, 21], mosse: [(3, 3, 8, 13, 2), (3, 3, 13, 11, 20), (3, 3, 11, 13)]
21 -> costo: 72376.09999999999, rotte: {3: [(1, 10), (10, 4), (4, 2), (2, 18), (18, 8), (8, 13), (13, 11)], 2: [(1, 17), (17, 16), (16, 15), (15, 12), (12, 14), (14, 3), (3, 5), (5, 7), (7, 6), (6, 9)]}, padri: [20, 23, 23, 23], figli: [22, 18], mosse: [(3, 3, 4, 2, 11), (3, 3, 8, 13, 2), (3, 3, 13, 11, 20), (3, 3, 11, 13)]
22 -> costo: 71593.79999999999, rotte: {3: [(1, 4), (4, 2), (2, 10), (10, 18), (18, 8), (8, 13), (13, 11)], 2: [(1, 17), (17, 16), (16, 15), (15, 12), (12, 14), (14, 3), (3, 5), (5, 7), (7, 6), (6, 9)]}, padri: [21, 24, 24, 24], figli: [12], mosse: [(3, 3, 2, 10, 19), (3, 3, 8, 13, 2), (3, 3, 13, 11, 20), (3, 3, 11, 13)]
23 -> costo: 72567.9, rotte: {3: [(1, 10), (10, 4), (4, 2), (2, 18), (18, 8), (8, 11), (11, 13)], 2: [(1, 17), (17, 16), (16, 15), (15, 12), (12, 14), (14, 3), (3, 5), (5, 7), (7, 6), (6, 9)]}, padri: [19, 27], figli: [24, 21, 21, 21, 17], mosse: [(3, 3, 4, 2, 11), (3, 3, 1, 10, 19)]
24 -> costo: 71785.59999999999, rotte: {3: [(1, 4), (4, 2), (2, 10), (10, 18), (18, 8), (8, 11), (11, 13)], 2: [(1, 17), (17, 16), (16, 15), (15, 12), (12, 14), (14, 3), (3, 5), (5, 7), (7, 6), (6, 9)]}, padri: [23, 27], figli: [11, 22, 22, 22], mosse: [(3, 3, 2, 10, 19), (3, 3, 2, 10, 19)]
25 -> costo: 75504.7, rotte: {3: [(1, 2), (2, 4), (4, 18), (18, 11), (11, 13), (13, 10), (10, 8)], 2: [(1, 17), (17, 16), (16, 15), (15, 12), (12, 14), (14, 3), (3, 5), (5, 7), (7, 6), (6, 9)]}, padri: [10], figli: [26], mosse: [(3, 3, 10, 8, 17)]
26 -> costo: 74731.29999999999, rotte: {3: [(1, 2), (2, 4), (4, 11), (11, 13), (13, 10), (10, 18), (18, 8)], 2: [(1, 17), (17, 16), (16, 15), (15, 12), (12, 14), (14, 3), (3, 5), (5, 7), (7, 6), (6, 9)]}, padri: [25], figli: [], mosse: [(3, 3, 10, 18, 5)]
27 -> costo: 75797.8, rotte: {3: [(1, 4), (4, 2), (2, 18), (18, 8), (8, 11), (11, 13), (13, 10)], 2: [(1, 17), (17, 16), (16, 15), (15, 12), (12, 14), (14, 3), (3, 5), (5, 7), (7, 6), (6, 9)]}, padri: [9], figli: [24, 23, 28], mosse: [(3, 3, 4, 2, 11)]
28 -> costo: 72614.3, rotte: {3: [(1, 4), (4, 2), (2, 18), (18, 8), (8, 10), (10, 11), (11, 13)], 2: [(1, 17), (17, 16), (16, 15), (15, 12), (12, 14), (14, 3), (3, 5), (5, 7), (7, 6), (6, 9)]}, padri: [27], figli: [13, 29], mosse: [(3, 3, 8, 10, 19)]
29 -> costo: 72422.5, rotte: {3: [(1, 4), (4, 2), (2, 18), (18, 8), (8, 10), (10, 13), (13, 11)], 2: [(1, 17), (17, 16), (16, 15), (15, 12), (12, 14), (14, 3), (3, 5), (5, 7), (7, 6), (6, 9)]}, padri: [28], figli: [14], mosse: [(3, 3, 10, 13, 2)]
bestSolutionIndice: 12
12 -> costo: 71382.0, rotte: {3: [(1, 2), (2, 4), (4, 10), (10, 18), (18, 8), (8, 13), (13, 11)], 2: [(1, 17), (17, 16), (16, 15), (15, 12), (12, 14), (14, 3), (3, 5), (5, 7), (7, 6), (6, 9)]}, padri: [11, 11, 11, 16, 18, 20, 22], figli: [], mosse: [(3, 3, 8, 13, 2), (3, 3, 13, 11, 20), (3, 3, 11, 13), (3, 3, 10, 18, 5), (3, 3, 4, 10, 19), (3, 3, 4, 10, 19), (3, 3, 2, 4, 13)]
trasportoPalletDiGamma: {3: [(2, 11), (4, 13), (10, 19), (18, 5), (8, 17), (13, 2), (11, 20)], 2: [(17, 6), (16, 5), (15, 4), (12, 1), (14, 3), (3, 12), (5, 14), (7, 16), (6, 15), (9, 18)]}
itMosseLS: 71, itMosseTS: 58
time elapsed: 556.13s.


