itNSIMax: 10, itMosseTSMax: 30.
##########################################################################################
s: 1, itNSI: 1.
soluzione iniziale: 0
0 -> 
costo: 134650.8, 
rotte: {3: [(1, 6), (6, 17), (17, 15), (15, 4), (4, 2), (2, 9), (9, 8), (8, 12), (12, 5)], 2: [(1, 18), (18, 14), (14, 16), (16, 7), (7, 13), (13, 3), (3, 11), (11, 10)]}
trasportoPalletDiGamma: {3: [(6, 15), (17, 6), (15, 4), (4, 13), (2, 11), (9, 18), (8, 17), (12, 1), (5, 14)], 2: [(18, 5), (14, 3), (16, 5), (7, 16), (13, 2), (3, 12), (11, 20), (10, 19)]}
bestSolutionIndice: 17
17 -> 
costo: 75557.7, 
rotte: {3: [(1, 2), (2, 4), (4, 5), (5, 18), (18, 9), (9, 8), (8, 15)], 2: [(1, 6), (6, 7), (7, 3), (3, 13), (13, 12), (12, 11), (11, 14), (14, 10), (10, 17), (17, 16)]}
trasportoPalletDiGamma: {3: [(2, 11), (4, 13), (5, 14), (18, 5), (9, 18), (8, 17), (15, 4)], 2: [(6, 15), (7, 16), (3, 12), (13, 2), (12, 1), (11, 20), (14, 3), (10, 19), (17, 6), (16, 5)]}
itMosseLS: 43, itMosseTS: 30
numero di soluzioni totali trovati: 27.
time elapsed: 403.51s.


##########################################################################################
s: 1, itNSI: 2.
soluzione iniziale: 0
0 -> 
costo: 132990.69999999998, 
rotte: {3: [(1, 3), (3, 6), (6, 4), (4, 5), (5, 10), (10, 2), (2, 12), (12, 18), (18, 15)], 2: [(1, 9), (9, 14), (14, 16), (16, 13), (13, 7), (7, 11), (11, 8), (8, 17)]}
trasportoPalletDiGamma: {3: [(3, 12), (6, 15), (4, 13), (5, 14), (10, 19), (2, 11), (12, 1), (18, 5), (15, 4)], 2: [(9, 18), (14, 3), (16, 5), (13, 2), (7, 16), (11, 20), (8, 17), (17, 6)]}
bestSolutionIndice: 11
11 -> 
costo: 77200.9, 
rotte: {3: [(1, 2), (2, 4), (4, 5), (5, 6), (6, 18), (18, 10), (10, 13), (13, 12), (12, 15)], 2: [(1, 11), (11, 14), (14, 8), (8, 9), (9, 7), (7, 3), (3, 17), (17, 16)]}
trasportoPalletDiGamma: {3: [(2, 11), (4, 13), (5, 14), (6, 15), (18, 5), (10, 19), (13, 2), (12, 1), (15, 4)], 2: [(11, 20), (14, 3), (8, 17), (9, 18), (7, 16), (3, 12), (17, 6), (16, 5)]}
itMosseLS: 40, itMosseTS: 30
numero di soluzioni totali trovati: 26.
time elapsed: 504.72s.


##########################################################################################
s: 1, itNSI: 3.
soluzione iniziale: 0
0 -> 
costo: 144042.09999999998, 
rotte: {3: [(1, 16), (16, 13), (13, 18), (18, 2), (2, 4), (4, 14), (14, 17), (17, 9), (9, 7), (7, 5)], 2: [(1, 6), (6, 8), (8, 11), (11, 10), (10, 3), (3, 15), (15, 12), (12, 5)]}
trasportoPalletDiGamma: {3: [(16, 5), (13, 2), (18, 5), (2, 11), (4, 13), (14, 3), (17, 6), (9, 18), (7, 16), (5, 2)], 2: [(6, 15), (8, 17), (11, 20), (10, 19), (3, 12), (15, 4), (12, 1), (5, 12)]}
bestSolutionIndice: 18
18 -> 
costo: 78014.90000000001, 
rotte: {3: [(1, 17), (17, 16), (16, 2), (2, 5), (5, 7), (7, 4), (4, 3), (3, 18), (18, 9)], 2: [(1, 10), (10, 6), (6, 8), (8, 13), (13, 14), (14, 11), (11, 12), (12, 15)]}
trasportoPalletDiGamma: {3: [(17, 6), (16, 5), (2, 11), (5, 14), (7, 16), (4, 13), (3, 12), (18, 5), (9, 18)], 2: [(10, 19), (6, 15), (8, 17), (13, 2), (14, 3), (11, 20), (12, 1), (15, 4)]}
itMosseLS: 49, itMosseTS: 30
numero di soluzioni totali trovati: 32.
time elapsed: 355.95s.


##########################################################################################
s: 1, itNSI: 4.
soluzione iniziale: 0
0 -> 
costo: 131862.30000000002, 
rotte: {2: [(1, 11), (11, 9), (9, 4), (4, 6), (6, 7), (7, 5), (5, 8)], 3: [(1, 3), (3, 18), (18, 10), (10, 2), (2, 16), (16, 13), (13, 15), (15, 12), (12, 14), (14, 17), (17, 8)]}
trasportoPalletDiGamma: {2: [(11, 20), (9, 18), (4, 13), (6, 15), (7, 16), (5, 14), (8, 4)], 3: [(3, 12), (18, 5), (10, 19), (2, 11), (16, 5), (13, 2), (15, 4), (12, 1), (14, 3), (17, 6), (8, 13)]}
bestSolutionIndice: 17
17 -> 
costo: 71499.3, 
rotte: {2: [(1, 6), (6, 7), (7, 5), (5, 8), (8, 9), (9, 11)], 3: [(1, 3), (3, 4), (4, 18), (18, 10), (10, 2), (2, 17), (17, 16), (16, 15), (15, 12), (12, 13), (13, 14)]}
trasportoPalletDiGamma: {2: [(6, 15), (7, 16), (5, 14), (8, 17), (9, 18), (11, 20)], 3: [(3, 12), (4, 13), (18, 5), (10, 19), (2, 11), (17, 6), (16, 5), (15, 4), (12, 1), (13, 2), (14, 3)]}
itMosseLS: 38, itMosseTS: 30
numero di soluzioni totali trovati: 18.
time elapsed: 350.63s.


##########################################################################################
s: 1, itNSI: 5.
soluzione iniziale: 0
0 -> 
costo: 149227.1, 
rotte: {3: [(1, 3), (3, 16), (16, 9), (9, 4), (4, 12), (12, 18), (18, 10), (10, 7), (7, 15)], 2: [(1, 8), (8, 5), (5, 11), (11, 17), (17, 14), (14, 2), (2, 13), (13, 6)]}
trasportoPalletDiGamma: {3: [(3, 12), (16, 5), (9, 18), (4, 13), (12, 1), (18, 5), (10, 19), (7, 16), (15, 4)], 2: [(8, 17), (5, 14), (11, 20), (17, 6), (14, 3), (2, 11), (13, 2), (6, 15)]}
bestSolutionIndice: 19
19 -> 
costo: 81795.4, 
rotte: {3: [(1, 4), (4, 7), (7, 3), (3, 10), (10, 18), (18, 9), (9, 12), (12, 16), (16, 15)], 2: [(1, 14), (14, 11), (11, 13), (13, 8), (8, 6), (6, 5), (5, 2), (2, 17)]}
trasportoPalletDiGamma: {3: [(4, 13), (7, 16), (3, 12), (10, 19), (18, 5), (9, 18), (12, 1), (16, 5), (15, 4)], 2: [(14, 3), (11, 20), (13, 2), (8, 17), (6, 15), (5, 14), (2, 11), (17, 6)]}
itMosseLS: 40, itMosseTS: 30
numero di soluzioni totali trovati: 28.
time elapsed: 623.85s.


##########################################################################################
s: 1, itNSI: 6.
soluzione iniziale: 0
0 -> 
costo: 155833.7, 
rotte: {3: [(1, 8), (8, 10), (10, 18), (18, 13), (13, 9), (9, 11), (11, 6), (6, 7)], 2: [(1, 15), (15, 3), (3, 17), (17, 4), (4, 12), (12, 16), (16, 2), (2, 5), (5, 14), (14, 7)]}
trasportoPalletDiGamma: {3: [(8, 17), (10, 19), (18, 5), (13, 2), (9, 18), (11, 20), (6, 15), (7, 4)], 2: [(15, 4), (3, 12), (17, 6), (4, 13), (12, 1), (16, 5), (2, 11), (5, 14), (14, 3), (7, 12)]}
bestSolutionIndice: 16
16 -> 
costo: 70482.0, 
rotte: {3: [(1, 11), (11, 13), (13, 18), (18, 6), (6, 7), (7, 8), (8, 9)], 2: [(1, 15), (15, 17), (17, 16), (16, 12), (12, 14), (14, 10), (10, 2), (2, 3), (3, 4), (4, 7), (7, 5)]}
trasportoPalletDiGamma: {3: [(11, 20), (13, 2), (18, 5), (6, 15), (7, 4), (8, 17), (9, 18)], 2: [(15, 4), (17, 6), (16, 5), (12, 1), (14, 3), (10, 19), (2, 11), (3, 12), (4, 13), (7, 12), (5, 14)]}
itMosseLS: 42, itMosseTS: 30
numero di soluzioni totali trovati: 24.
time elapsed: 213.79s.


##########################################################################################
s: 1, itNSI: 7.
soluzione iniziale: 0
0 -> 
costo: 142435.50000000003, 
rotte: {3: [(1, 15), (15, 7), (7, 6), (6, 13), (13, 11), (11, 9), (9, 2), (2, 3), (3, 14)], 2: [(1, 18), (18, 17), (17, 12), (12, 10), (10, 4), (4, 5), (5, 8), (8, 16), (16, 14)]}
trasportoPalletDiGamma: {3: [(15, 4), (7, 16), (6, 15), (13, 2), (11, 20), (9, 18), (2, 11), (3, 12), (14, 2)], 2: [(18, 5), (17, 6), (12, 1), (10, 19), (4, 13), (5, 14), (8, 17), (16, 5), (14, 1)]}
bestSolutionIndice: 13
13 -> 
costo: 64756.299999999996, 
rotte: {3: [(1, 3), (3, 7), (7, 6), (6, 9), (9, 13), (13, 11), (11, 14)], 2: [(1, 2), (2, 5), (5, 4), (4, 10), (10, 18), (18, 8), (8, 12), (12, 17), (17, 16), (16, 15)]}
trasportoPalletDiGamma: {3: [(3, 12), (7, 16), (6, 15), (9, 18), (13, 2), (11, 20), (14, 3)], 2: [(2, 11), (5, 14), (4, 13), (10, 19), (18, 5), (8, 17), (12, 1), (17, 6), (16, 5), (15, 4)]}
itMosseLS: 41, itMosseTS: 30
numero di soluzioni totali trovati: 26.
time elapsed: 525.79s.


##########################################################################################
s: 1, itNSI: 8.
soluzione iniziale: 0
0 -> 
costo: 151015.4, 
rotte: {2: [(1, 10), (10, 6), (6, 14), (14, 4), (4, 7), (7, 12), (12, 11), (11, 2), (2, 9)], 3: [(1, 15), (15, 3), (3, 13), (13, 16), (16, 18), (18, 5), (5, 8), (8, 17), (17, 9)]}
trasportoPalletDiGamma: {2: [(10, 19), (6, 15), (14, 3), (4, 13), (7, 16), (12, 1), (11, 20), (2, 11), (9, 2)], 3: [(15, 4), (3, 12), (13, 2), (16, 5), (18, 5), (5, 14), (8, 17), (17, 6), (9, 16)]}
bestSolutionIndice: 26
26 -> 
costo: 61265.09999999999, 
rotte: {2: [(1, 6), (6, 7), (7, 4), (4, 3), (3, 10), (10, 12), (12, 11), (11, 14)], 3: [(1, 2), (2, 5), (5, 18), (18, 8), (8, 9), (9, 13), (13, 17), (17, 16), (16, 15)]}
trasportoPalletDiGamma: {2: [(6, 15), (7, 16), (4, 13), (3, 12), (10, 19), (12, 1), (11, 20), (14, 3)], 3: [(2, 11), (5, 14), (18, 5), (8, 17), (9, 18), (13, 2), (17, 6), (16, 5), (15, 4)]}
itMosseLS: 44, itMosseTS: 30
numero di soluzioni totali trovati: 30.
time elapsed: 340.75s.


##########################################################################################
s: 1, itNSI: 9.
soluzione iniziale: 0
0 -> 
costo: 144706.7, 
rotte: {2: [(1, 10), (10, 9), (9, 17), (17, 14), (14, 3), (3, 8), (8, 6), (6, 5)], 3: [(1, 13), (13, 16), (16, 12), (12, 7), (7, 4), (4, 2), (2, 15), (15, 11), (11, 18), (18, 5)]}
trasportoPalletDiGamma: {2: [(10, 19), (9, 18), (17, 6), (14, 3), (3, 12), (8, 17), (6, 15), (5, 10)], 3: [(13, 2), (16, 5), (12, 1), (7, 16), (4, 13), (2, 11), (15, 4), (11, 20), (18, 5), (5, 4)]}
bestSolutionIndice: 9
9 -> 
costo: 80459.90000000001, 
rotte: {2: [(1, 3), (3, 9), (9, 8), (8, 6), (6, 10), (10, 14), (14, 17)], 3: [(1, 13), (13, 12), (12, 11), (11, 18), (18, 5), (5, 7), (7, 4), (4, 2), (2, 16), (16, 15)]}
trasportoPalletDiGamma: {2: [(3, 12), (9, 18), (8, 17), (6, 15), (10, 19), (14, 3), (17, 6)], 3: [(13, 2), (12, 1), (11, 20), (18, 5), (5, 14), (7, 16), (4, 13), (2, 11), (16, 5), (15, 4)]}
itMosseLS: 27, itMosseTS: 17
numero di soluzioni totali trovati: 13.
time elapsed: 281.61s.


##########################################################################################
##########################################################################################
##########################################################################################
##########################################################################################
Soluzione migliore in assoluto trovata:

s: 1
itNSI: 8, 
costo: 61265.09999999999, 
rotte: {2: [(1, 6), (6, 7), (7, 4), (4, 3), (3, 10), (10, 12), (12, 11), (11, 14)], 3: [(1, 2), (2, 5), (5, 18), (18, 8), (8, 9), (9, 13), (13, 17), (17, 16), (16, 15)]}
trasportoPalletDiGamma: {2: [(6, 15), (7, 16), (4, 13), (3, 12), (10, 19), (12, 1), (11, 20), (14, 3)], 3: [(2, 11), (5, 14), (18, 5), (8, 17), (9, 18), (13, 2), (17, 6), (16, 5), (15, 4)]}

Total time elapsed: 3601.01s.