itNSIMax: 10, itMosseTSMax: 50.
##########################################################################################
s: 1
dictSolutions[1]:
0 -> costo: 138390.30000000002, rotte: {3: [(1, 5), (5, 13), (13, 14), (14, 2), (2, 11), (11, 16), (16, 8), (8, 18), (18, 9)], 2: [(1, 6), (6, 12), (12, 3), (3, 7), (7, 15), (15, 10), (10, 4), (4, 17)]}, padri: [-1], figli: [1], mosse: [-1]
1 -> costo: 112894.20000000003, rotte: {3: [(1, 5), (5, 13), (13, 14), (14, 2), (2, 11), (11, 16), (16, 8), (8, 18), (18, 9)], 2: [(1, 6), (6, 12), (12, 3), (3, 7), (7, 10), (10, 4), (4, 17), (17, 15)]}, padri: [0], figli: [2], mosse: [(2, 2, 17, 15, 4)]
2 -> costo: 110982.60000000002, rotte: {3: [(1, 5), (5, 13), (13, 14), (14, 2), (2, 11), (11, 16), (16, 8), (8, 9), (9, 18)], 2: [(1, 6), (6, 12), (12, 3), (3, 7), (7, 10), (10, 4), (4, 17), (17, 15)]}, padri: [1], figli: [3], mosse: [(3, 3, 18, 9)]
3 -> costo: 99317.00000000003, rotte: {3: [(1, 5), (5, 13), (13, 14), (14, 11), (11, 16), (16, 2), (2, 8), (8, 9), (9, 18)], 2: [(1, 6), (6, 12), (12, 3), (3, 7), (7, 10), (10, 4), (4, 17), (17, 15)]}, padri: [2], figli: [4], mosse: [(3, 3, 16, 2, 11)]
4 -> costo: 92902.20000000003, rotte: {3: [(1, 5), (5, 13), (13, 14), (14, 11), (11, 16), (16, 2), (2, 8), (8, 9), (9, 18)], 2: [(1, 6), (6, 3), (3, 7), (7, 10), (10, 4), (4, 12), (12, 17), (17, 15)]}, padri: [3], figli: [5], mosse: [(2, 2, 4, 12, 1)]
5 -> costo: 92359.70000000001, rotte: {3: [(1, 5), (5, 13), (13, 14), (14, 11), (11, 16), (16, 2), (2, 8), (8, 9), (9, 18)], 2: [(1, 3), (3, 6), (6, 7), (7, 10), (10, 4), (4, 12), (12, 17), (17, 15)]}, padri: [4], figli: [6], mosse: [(2, 2, 6, 3)]
6 -> costo: 86244.30000000002, rotte: {3: [(1, 5), (5, 13), (13, 14), (14, 11), (11, 2), (2, 8), (8, 9), (9, 18), (18, 16)], 2: [(1, 3), (3, 6), (6, 7), (7, 10), (10, 4), (4, 12), (12, 17), (17, 15)]}, padri: [5], figli: [7], mosse: [(3, 3, 18, 16, 5)]
7 -> costo: 82325.7, rotte: {3: [(1, 13), (13, 14), (14, 11), (11, 2), (2, 8), (8, 9), (9, 18), (18, 16)], 2: [(1, 3), (3, 6), (6, 7), (7, 5), (5, 10), (10, 4), (4, 12), (12, 17), (17, 15)]}, padri: [6], figli: [8], mosse: [(2, 3, 7, 5, 14)]
8 -> costo: 82106.5, rotte: {3: [(1, 13), (13, 14), (14, 11), (11, 2), (2, 8), (8, 9), (9, 18), (18, 16)], 2: [(1, 3), (3, 7), (7, 6), (6, 5), (5, 10), (10, 4), (4, 12), (12, 17), (17, 15)]}, padri: [7], figli: [9], mosse: [(2, 2, 6, 7)]
9 -> costo: 79845.1, rotte: {3: [(1, 13), (13, 14), (14, 11), (11, 8), (8, 9), (9, 18), (18, 2), (2, 16)], 2: [(1, 3), (3, 7), (7, 6), (6, 5), (5, 10), (10, 4), (4, 12), (12, 17), (17, 15)]}, padri: [8], figli: [10, 13, 33, 35], mosse: [(3, 3, 18, 2, 11)]
10 -> costo: 78073.00000000001, rotte: {3: [(1, 13), (13, 14), (14, 11), (11, 8), (8, 9), (9, 18), (18, 2), (2, 16)], 2: [(1, 3), (3, 7), (7, 6), (6, 5), (5, 4), (4, 10), (10, 12), (12, 17), (17, 15)]}, padri: [9, 34], figli: [11, 12, 14, 16], mosse: [(2, 2, 4, 10, 19), (2, 2, 6, 5, 14)]
11 -> costo: 77863.5, rotte: {3: [(1, 13), (13, 11), (11, 14), (14, 8), (8, 9), (9, 18), (18, 2), (2, 16)], 2: [(1, 3), (3, 7), (7, 6), (6, 5), (5, 4), (4, 10), (10, 12), (12, 17), (17, 15)]}, padri: [10, 13, 15, 30, 32], figli: [], mosse: [(3, 3, 11, 14, 3), (2, 2, 4, 10, 19), (2, 2, 6, 5, 14), (2, 2, 4, 10, 19), (2, 2, 5, 4, 13)]
12 -> costo: 77894.0, rotte: {3: [(1, 14), (14, 11), (11, 13), (13, 8), (8, 9), (9, 18), (18, 2), (2, 16)], 2: [(1, 3), (3, 7), (7, 6), (6, 5), (5, 4), (4, 10), (10, 12), (12, 17), (17, 15)]}, padri: [10], figli: [], mosse: [(3, 3, 11, 13, 2)]
13 -> costo: 79635.59999999999, rotte: {3: [(1, 13), (13, 11), (11, 14), (14, 8), (8, 9), (9, 18), (18, 2), (2, 16)], 2: [(1, 3), (3, 7), (7, 6), (6, 5), (5, 10), (10, 4), (4, 12), (12, 17), (17, 15)]}, padri: [9], figli: [11, 14, 16, 30, 31], mosse: [(3, 3, 11, 14, 3)]
14 -> costo: 79440.2, rotte: {3: [(1, 13), (13, 11), (11, 14), (14, 8), (8, 9), (9, 18), (18, 2), (2, 16)], 2: [(1, 3), (3, 7), (7, 5), (5, 6), (6, 10), (10, 4), (4, 12), (12, 17), (17, 15)]}, padri: [13], figli: [15], mosse: [(2, 2, 5, 6, 15)]
15 -> costo: 78279.90000000001, rotte: {3: [(1, 13), (13, 11), (11, 14), (14, 8), (8, 9), (9, 18), (18, 2), (2, 16)], 2: [(1, 3), (3, 7), (7, 5), (5, 6), (6, 4), (4, 10), (10, 12), (12, 17), (17, 15)]}, padri: [14], figli: [11, 16, 25, 36], mosse: [(2, 2, 4, 10, 19)]
16 -> costo: 77897.2, rotte: {3: [(1, 13), (13, 11), (11, 14), (14, 8), (8, 9), (9, 18), (18, 2), (2, 16)], 2: [(1, 3), (3, 5), (5, 6), (6, 7), (7, 4), (4, 10), (10, 12), (12, 17), (17, 15)]}, padri: [15, 35], figli: [17, 21], mosse: [(2, 2, 6, 7, 16), (3, 3, 11, 14, 3)]
17 -> costo: 77836.7, rotte: {3: [(1, 13), (13, 11), (11, 14), (14, 8), (8, 9), (9, 18), (18, 2), (2, 16)], 2: [(1, 5), (5, 6), (6, 7), (7, 4), (4, 3), (3, 10), (10, 12), (12, 17), (17, 15)]}, padri: [16, 21, 43], figli: [18, 19], mosse: [(2, 2, 4, 3, 12), (2, 2, 4, 3, 12), (3, 3, 11, 14, 3)]
18 -> costo: 77714.40000000001, rotte: {3: [(1, 13), (13, 11), (11, 14), (14, 8), (8, 9), (9, 18), (18, 2), (2, 16)], 2: [(1, 6), (6, 7), (7, 5), (5, 4), (4, 3), (3, 10), (10, 12), (12, 17), (17, 15)]}, padri: [17, 22, 44], figli: [], mosse: [(2, 2, 7, 5, 14), (2, 2, 4, 3, 12), (3, 3, 11, 14, 3)]
19 -> costo: 77789.1, rotte: {3: [(1, 13), (13, 11), (11, 14), (14, 8), (8, 9), (9, 18), (18, 5), (5, 2), (2, 16)], 2: [(1, 6), (6, 7), (7, 4), (4, 3), (3, 10), (10, 12), (12, 17), (17, 15)]}, padri: [17, 23], figli: [20], mosse: [(3, 2, 18, 5, 14), (2, 2, 4, 3, 12)]
20 -> costo: 77740.7, rotte: {3: [(1, 11), (11, 14), (14, 8), (8, 9), (9, 18), (18, 5), (5, 2), (2, 16)], 2: [(1, 6), (6, 7), (7, 4), (4, 3), (3, 10), (10, 13), (13, 12), (12, 17), (17, 15)]}, padri: [19, 24], figli: [], mosse: [(2, 3, 10, 13, 2), (2, 2, 4, 3, 12)]
21 -> costo: 77883.7, rotte: {3: [(1, 13), (13, 11), (11, 14), (14, 8), (8, 9), (9, 18), (18, 2), (2, 16)], 2: [(1, 5), (5, 6), (6, 7), (7, 3), (3, 4), (4, 10), (10, 12), (12, 17), (17, 15)]}, padri: [16], figli: [22, 23, 17], mosse: [(2, 2, 7, 3, 12)]
22 -> costo: 77796.5, rotte: {3: [(1, 13), (13, 11), (11, 14), (14, 8), (8, 9), (9, 18), (18, 2), (2, 16)], 2: [(1, 6), (6, 7), (7, 5), (5, 3), (3, 4), (4, 10), (10, 12), (12, 17), (17, 15)]}, padri: [21], figli: [18], mosse: [(2, 2, 7, 5, 14)]
23 -> costo: 77836.1, rotte: {3: [(1, 13), (13, 11), (11, 14), (14, 8), (8, 9), (9, 18), (18, 5), (5, 2), (2, 16)], 2: [(1, 6), (6, 7), (7, 3), (3, 4), (4, 10), (10, 12), (12, 17), (17, 15)]}, padri: [21], figli: [24, 19], mosse: [(3, 2, 18, 5, 14)]
24 -> costo: 77787.7, rotte: {3: [(1, 11), (11, 14), (14, 8), (8, 9), (9, 18), (18, 5), (5, 2), (2, 16)], 2: [(1, 6), (6, 7), (7, 3), (3, 4), (4, 10), (10, 13), (13, 12), (12, 17), (17, 15)]}, padri: [23], figli: [20], mosse: [(2, 3, 10, 13, 2)]
25 -> costo: 78194.5, rotte: {3: [(1, 13), (13, 11), (11, 14), (14, 8), (8, 9), (9, 18), (18, 2), (2, 16)], 2: [(1, 3), (3, 7), (7, 5), (5, 4), (4, 6), (6, 10), (10, 12), (12, 17), (17, 15)]}, padri: [15], figli: [26, 29], mosse: [(2, 2, 4, 6, 15)]
26 -> costo: 77792.3, rotte: {3: [(1, 13), (13, 11), (11, 14), (14, 8), (8, 9), (9, 18), (18, 2), (2, 16)], 2: [(1, 3), (3, 5), (5, 4), (4, 7), (7, 6), (6, 10), (10, 12), (12, 17), (17, 15)]}, padri: [25], figli: [27, 27, 28, 28], mosse: [(2, 2, 4, 7, 16)]
27 -> costo: 77343.0, rotte: {3: [(1, 13), (13, 11), (11, 14), (14, 8), (8, 9), (9, 18), (18, 2), (2, 16)], 2: [(1, 3), (3, 4), (4, 5), (5, 7), (7, 6), (6, 10), (10, 12), (12, 17), (17, 15)]}, padri: [26, 26, 29], figli: [], mosse: [(2, 2, 5, 4), (2, 2, 4, 5, 14), (2, 2, 5, 7, 16)]
28 -> costo: 77642.8, rotte: {3: [(1, 13), (13, 11), (11, 14), (14, 8), (8, 9), (9, 18), (18, 2), (2, 16)], 2: [(1, 3), (3, 4), (4, 7), (7, 5), (5, 6), (6, 10), (10, 12), (12, 17), (17, 15)]}, padri: [26], figli: [], mosse: [(2, 2, 7, 5, 14)]
29 -> costo: 78041.8, rotte: {3: [(1, 13), (13, 11), (11, 14), (14, 8), (8, 9), (9, 18), (18, 2), (2, 16)], 2: [(1, 3), (3, 7), (7, 4), (4, 5), (5, 6), (6, 10), (10, 12), (12, 17), (17, 15)]}, padri: [25, 32], figli: [27], mosse: [(2, 2, 4, 5, 14), (2, 2, 5, 6, 15)]
30 -> costo: 79553.5, rotte: {3: [(1, 13), (13, 11), (11, 14), (14, 8), (8, 9), (9, 18), (18, 2), (2, 16)], 2: [(1, 3), (3, 7), (7, 6), (6, 10), (10, 5), (5, 4), (4, 12), (12, 17), (17, 15)]}, padri: [13, 31], figli: [11], mosse: [(2, 2, 10, 5, 14), (2, 2, 5, 4, 13)]
31 -> costo: 79555.2, rotte: {3: [(1, 13), (13, 11), (11, 14), (14, 8), (8, 9), (9, 18), (18, 2), (2, 16)], 2: [(1, 3), (3, 7), (7, 6), (6, 10), (10, 4), (4, 5), (5, 12), (12, 17), (17, 15)]}, padri: [13], figli: [32, 30], mosse: [(2, 2, 4, 5, 14)]
32 -> costo: 78389.90000000001, rotte: {3: [(1, 13), (13, 11), (11, 14), (14, 8), (8, 9), (9, 18), (18, 2), (2, 16)], 2: [(1, 3), (3, 7), (7, 6), (6, 4), (4, 5), (5, 10), (10, 12), (12, 17), (17, 15)]}, padri: [31], figli: [11, 29], mosse: [(2, 2, 5, 10, 19)]
33 -> costo: 79649.70000000001, rotte: {3: [(1, 13), (13, 14), (14, 11), (11, 8), (8, 9), (9, 18), (18, 2), (2, 16)], 2: [(1, 3), (3, 7), (7, 5), (5, 6), (6, 10), (10, 4), (4, 12), (12, 17), (17, 15)]}, padri: [9], figli: [34], mosse: [(2, 2, 5, 6, 15)]
34 -> costo: 78489.40000000001, rotte: {3: [(1, 13), (13, 14), (14, 11), (11, 8), (8, 9), (9, 18), (18, 2), (2, 16)], 2: [(1, 3), (3, 7), (7, 5), (5, 6), (6, 4), (4, 10), (10, 12), (12, 17), (17, 15)]}, padri: [33], figli: [10, 35], mosse: [(2, 2, 4, 10, 19)]
35 -> costo: 78106.70000000001, rotte: {3: [(1, 13), (13, 14), (14, 11), (11, 8), (8, 9), (9, 18), (18, 2), (2, 16)], 2: [(1, 3), (3, 5), (5, 6), (6, 7), (7, 4), (4, 10), (10, 12), (12, 17), (17, 15)]}, padri: [34], figli: [16, 36, 43], mosse: [(2, 2, 6, 7, 16)]
36 -> costo: 77927.7, rotte: {3: [(1, 14), (14, 11), (11, 13), (13, 8), (8, 9), (9, 18), (18, 2), (2, 16)], 2: [(1, 3), (3, 5), (5, 6), (6, 7), (7, 4), (4, 10), (10, 12), (12, 17), (17, 15)]}, padri: [35], figli: [37, 40, 44], mosse: [(3, 3, 11, 13, 2)]
37 -> costo: 77867.2, rotte: {3: [(1, 14), (14, 11), (11, 13), (13, 8), (8, 9), (9, 18), (18, 2), (2, 16)], 2: [(1, 5), (5, 6), (6, 7), (7, 4), (4, 3), (3, 10), (10, 12), (12, 17), (17, 15)]}, padri: [36, 40, 43], figli: [38, 39], mosse: [(2, 2, 4, 3, 12), (2, 2, 4, 3, 12), (3, 3, 11, 13, 2)]
38 -> costo: 77744.90000000001, rotte: {3: [(1, 14), (14, 11), (11, 13), (13, 8), (8, 9), (9, 18), (18, 2), (2, 16)], 2: [(1, 6), (6, 7), (7, 5), (5, 4), (4, 3), (3, 10), (10, 12), (12, 17), (17, 15)]}, padri: [37, 41, 44], figli: [], mosse: [(2, 2, 7, 5, 14), (2, 2, 4, 3, 12), (3, 3, 11, 13, 2)]
39 -> costo: 77819.59999999999, rotte: {3: [(1, 14), (14, 11), (11, 13), (13, 8), (8, 9), (9, 18), (18, 5), (5, 2), (2, 16)], 2: [(1, 6), (6, 7), (7, 4), (4, 3), (3, 10), (10, 12), (12, 17), (17, 15)]}, padri: [37, 42], figli: [], mosse: [(3, 2, 18, 5, 14), (2, 2, 4, 3, 12)]
40 -> costo: 77914.2, rotte: {3: [(1, 14), (14, 11), (11, 13), (13, 8), (8, 9), (9, 18), (18, 2), (2, 16)], 2: [(1, 5), (5, 6), (6, 7), (7, 3), (3, 4), (4, 10), (10, 12), (12, 17), (17, 15)]}, padri: [36], figli: [41, 42, 37, 44], mosse: [(2, 2, 7, 3, 12)]
41 -> costo: 77827.0, rotte: {3: [(1, 14), (14, 11), (11, 13), (13, 8), (8, 9), (9, 18), (18, 2), (2, 16)], 2: [(1, 6), (6, 7), (7, 5), (5, 3), (3, 4), (4, 10), (10, 12), (12, 17), (17, 15)]}, padri: [40], figli: [38], mosse: [(2, 2, 7, 5, 14)]
42 -> costo: 77866.59999999999, rotte: {3: [(1, 14), (14, 11), (11, 13), (13, 8), (8, 9), (9, 18), (18, 5), (5, 2), (2, 16)], 2: [(1, 6), (6, 7), (7, 3), (3, 4), (4, 10), (10, 12), (12, 17), (17, 15)]}, padri: [40], figli: [39], mosse: [(3, 2, 18, 5, 14)]
43 -> costo: 78046.20000000001, rotte: {3: [(1, 13), (13, 14), (14, 11), (11, 8), (8, 9), (9, 18), (18, 2), (2, 16)], 2: [(1, 5), (5, 6), (6, 7), (7, 4), (4, 3), (3, 10), (10, 12), (12, 17), (17, 15)]}, padri: [35], figli: [17, 37, 44], mosse: [(2, 2, 4, 3, 12)]
44 -> costo: 77923.90000000001, rotte: {3: [(1, 13), (13, 14), (14, 11), (11, 8), (8, 9), (9, 18), (18, 2), (2, 16)], 2: [(1, 6), (6, 7), (7, 5), (5, 4), (4, 3), (3, 10), (10, 12), (12, 17), (17, 15)]}, padri: [43], figli: [18, 38], mosse: [(2, 2, 7, 5, 14)]
bestSolutionIndice: 27
27 -> costo: 77343.0, rotte: {3: [(1, 13), (13, 11), (11, 14), (14, 8), (8, 9), (9, 18), (18, 2), (2, 16)], 2: [(1, 3), (3, 4), (4, 5), (5, 7), (7, 6), (6, 10), (10, 12), (12, 17), (17, 15)]}, padri: [26, 26, 29], figli: [], mosse: [(2, 2, 5, 4), (2, 2, 4, 5, 14), (2, 2, 5, 7, 16)]
trasportoPalletDiGamma: {3: [(13, 2), (11, 20), (14, 3), (8, 17), (9, 18), (18, 5), (2, 11), (16, 5)], 2: [(3, 12), (4, 13), (5, 14), (7, 16), (6, 15), (10, 19), (12, 1), (17, 6), (15, 4)]}
itMosseLS: 65, itMosseTS: 50
time elapsed: 390.09s.


##########################################################################################
s: 1
dictSolutions[1]:
0 -> costo: 158689.4, rotte: {2: [(1, 14), (14, 13), (13, 6), (6, 3), (3, 17), (17, 2), (2, 18), (18, 12), (12, 9), (9, 15), (15, 8)], 3: [(1, 5), (5, 7), (7, 11), (11, 4), (4, 10), (10, 16), (16, 8)]}, padri: [-1], figli: [1], mosse: [-1]
1 -> costo: 133099.0, rotte: {2: [(1, 14), (14, 13), (13, 6), (6, 3), (3, 2), (2, 18), (18, 12), (12, 9), (9, 17), (17, 15), (15, 8)], 3: [(1, 5), (5, 7), (7, 11), (11, 4), (4, 10), (10, 16), (16, 8)]}, padri: [0], figli: [2], mosse: [(2, 2, 9, 17, 6)]
2 -> costo: 122131.2, rotte: {2: [(1, 14), (14, 13), (13, 6), (6, 3), (3, 2), (2, 18), (18, 12), (12, 9), (9, 17), (17, 15), (15, 8)], 3: [(1, 5), (5, 7), (7, 11), (11, 4), (4, 10), (10, 8), (8, 16)]}, padri: [1], figli: [3], mosse: [(3, 3, 16, 8)]
3 -> costo: 105701.09999999998, rotte: {2: [(1, 14), (14, 13), (13, 6), (6, 3), (3, 2), (2, 18), (18, 12), (12, 8), (8, 9), (9, 17), (17, 15)], 3: [(1, 5), (5, 7), (7, 11), (11, 4), (4, 10), (10, 8), (8, 16)]}, padri: [2], figli: [4], mosse: [(2, 2, 12, 8, 4)]
4 -> costo: 102822.89999999998, rotte: {2: [(1, 14), (14, 13), (13, 6), (6, 3), (3, 2), (2, 18), (18, 12), (12, 8), (8, 9), (9, 17), (17, 15)], 3: [(1, 5), (5, 7), (7, 4), (4, 11), (11, 10), (10, 8), (8, 16)]}, padri: [3], figli: [5], mosse: [(3, 3, 11, 4)]
5 -> costo: 95461.99999999999, rotte: {2: [(1, 14), (14, 13), (13, 6), (6, 3), (3, 2), (2, 18), (18, 8), (8, 9), (9, 12), (12, 17), (17, 15)], 3: [(1, 5), (5, 7), (7, 4), (4, 11), (11, 10), (10, 8), (8, 16)]}, padri: [4], figli: [6], mosse: [(2, 2, 9, 12, 1)]
6 -> costo: 88431.1, rotte: {2: [(1, 14), (14, 13), (13, 6), (6, 3), (3, 2), (2, 18), (18, 8), (8, 9), (9, 12), (12, 17), (17, 15)], 3: [(1, 5), (5, 7), (7, 4), (4, 10), (10, 8), (8, 11), (11, 16)]}, padri: [5], figli: [7], mosse: [(3, 3, 8, 11, 20)]
7 -> costo: 84168.0, rotte: {2: [(1, 14), (14, 13), (13, 6), (6, 3), (3, 2), (2, 18), (18, 8), (8, 9), (9, 12), (12, 17), (17, 15)], 3: [(1, 5), (5, 7), (7, 4), (4, 10), (10, 11), (11, 16)]}, padri: [6], figli: [8], mosse: [(2, 3, 1, 8, 13)]
8 -> costo: 83377.5, rotte: {2: [(1, 14), (14, 13), (13, 3), (3, 2), (2, 6), (6, 18), (18, 8), (8, 9), (9, 12), (12, 17), (17, 15)], 3: [(1, 5), (5, 7), (7, 4), (4, 10), (10, 11), (11, 16)]}, padri: [7], figli: [9, 22], mosse: [(2, 2, 2, 6, 15)]
9 -> costo: 83105.8, rotte: {2: [(1, 13), (13, 3), (3, 2), (2, 6), (6, 18), (18, 8), (8, 9), (9, 12), (12, 17), (17, 15)], 3: [(1, 5), (5, 7), (7, 4), (4, 10), (10, 14), (14, 11), (11, 16)]}, padri: [8], figli: [10, 12, 14, 16, 18, 19, 20, 23, 30], mosse: [(3, 2, 10, 14, 3)]
10 -> costo: 73520.4, rotte: {2: [(1, 3), (3, 2), (2, 6), (6, 18), (18, 8), (8, 9), (9, 13), (13, 12), (12, 17), (17, 15)], 3: [(1, 5), (5, 7), (7, 4), (4, 10), (10, 14), (14, 11), (11, 16)]}, padri: [9, 18, 22, 29], figli: [11], mosse: [(2, 2, 9, 13, 2), (2, 2, 13, 12, 1), (3, 2, 10, 14, 3), (3, 3, 14, 11, 20)]
11 -> costo: 73244.1, rotte: {2: [(1, 2), (2, 3), (3, 6), (6, 18), (18, 8), (8, 9), (9, 13), (13, 12), (12, 17), (17, 15)], 3: [(1, 5), (5, 7), (7, 4), (4, 10), (10, 14), (14, 11), (11, 16)]}, padri: [10, 19, 20, 21, 30], figli: [], mosse: [(2, 2, 2, 3, 12), (2, 2, 13, 12, 1), (2, 2, 9, 13, 2), (2, 3, 9, 13, 2), (3, 3, 14, 11, 20)]
12 -> costo: 73680.9, rotte: {2: [(1, 3), (3, 2), (2, 6), (6, 18), (18, 8), (8, 9), (9, 12), (12, 17), (17, 15)], 3: [(1, 5), (5, 7), (7, 4), (4, 10), (10, 14), (14, 11), (11, 13), (13, 16)]}, padri: [9, 14, 16], figli: [13], mosse: [(3, 2, 11, 13, 2), (3, 3, 11, 13, 2), (3, 3, 11, 13, 2)]
13 -> costo: 73404.59999999999, rotte: {2: [(1, 2), (2, 3), (3, 6), (6, 18), (18, 8), (8, 9), (9, 12), (12, 17), (17, 15)], 3: [(1, 5), (5, 7), (7, 4), (4, 10), (10, 14), (14, 11), (11, 13), (13, 16)]}, padri: [12, 15, 17, 20, 21], figli: [], mosse: [(2, 2, 2, 3, 12), (3, 3, 11, 13, 2), (3, 3, 11, 13, 2), (3, 2, 11, 13, 2), (3, 3, 11, 13, 2)]
14 -> costo: 73744.8, rotte: {2: [(1, 3), (3, 2), (2, 6), (6, 18), (18, 8), (8, 9), (9, 12), (12, 17), (17, 15)], 3: [(1, 5), (5, 7), (7, 4), (4, 10), (10, 13), (13, 14), (14, 11), (11, 16)]}, padri: [9, 16], figli: [15, 12], mosse: [(3, 2, 10, 13, 2), (3, 3, 13, 14, 3)]
15 -> costo: 73468.5, rotte: {2: [(1, 2), (2, 3), (3, 6), (6, 18), (18, 8), (8, 9), (9, 12), (12, 17), (17, 15)], 3: [(1, 5), (5, 7), (7, 4), (4, 10), (10, 13), (13, 14), (14, 11), (11, 16)]}, padri: [14, 17, 20, 21], figli: [13], mosse: [(2, 2, 2, 3, 12), (3, 3, 13, 14, 3), (3, 2, 10, 13, 2), (3, 3, 10, 13, 2)]
16 -> costo: 73840.5, rotte: {2: [(1, 3), (3, 2), (2, 6), (6, 18), (18, 8), (8, 9), (9, 12), (12, 17), (17, 15)], 3: [(1, 5), (5, 7), (7, 4), (4, 10), (10, 14), (14, 13), (13, 11), (11, 16)]}, padri: [9], figli: [17, 12, 14], mosse: [(3, 2, 14, 13, 2)]
17 -> costo: 73564.2, rotte: {2: [(1, 2), (2, 3), (3, 6), (6, 18), (18, 8), (8, 9), (9, 12), (12, 17), (17, 15)], 3: [(1, 5), (5, 7), (7, 4), (4, 10), (10, 14), (14, 13), (13, 11), (11, 16)]}, padri: [16, 20, 21], figli: [13, 15], mosse: [(2, 2, 2, 3, 12), (3, 2, 14, 13, 2), (3, 3, 14, 13, 2)]
18 -> costo: 73976.0, rotte: {2: [(1, 3), (3, 2), (2, 6), (6, 18), (18, 8), (8, 9), (9, 12), (12, 13), (13, 17), (17, 15)], 3: [(1, 5), (5, 7), (7, 4), (4, 10), (10, 14), (14, 11), (11, 16)]}, padri: [9], figli: [10, 19, 21, 23, 30], mosse: [(2, 2, 12, 13, 2)]
19 -> costo: 73699.7, rotte: {2: [(1, 2), (2, 3), (3, 6), (6, 18), (18, 8), (8, 9), (9, 12), (12, 13), (13, 17), (17, 15)], 3: [(1, 5), (5, 7), (7, 4), (4, 10), (10, 14), (14, 11), (11, 16)]}, padri: [18, 20, 21], figli: [11], mosse: [(2, 2, 2, 3, 12), (2, 2, 12, 13, 2), (2, 3, 12, 13, 2)]
20 -> costo: 83041.30000000002, rotte: {2: [(1, 13), (13, 2), (2, 3), (3, 6), (6, 18), (18, 8), (8, 9), (9, 12), (12, 17), (17, 15)], 3: [(1, 5), (5, 7), (7, 4), (4, 10), (10, 14), (14, 11), (11, 16)]}, padri: [9], figli: [11, 13, 15, 17, 19, 21], mosse: [(2, 2, 2, 3, 12)]
21 -> costo: 82853.9, rotte: {2: [(1, 2), (2, 3), (3, 6), (6, 18), (18, 8), (8, 9), (9, 12), (12, 17), (17, 15)], 3: [(1, 13), (13, 5), (5, 7), (7, 4), (4, 10), (10, 14), (14, 11), (11, 16)]}, padri: [20], figli: [11, 13, 15, 17, 19], mosse: [(3, 2, 1, 13, 2)]
22 -> costo: 83153.1, rotte: {2: [(1, 14), (14, 3), (3, 2), (2, 6), (6, 18), (18, 8), (8, 9), (9, 13), (13, 12), (12, 17), (17, 15)], 3: [(1, 5), (5, 7), (7, 4), (4, 10), (10, 11), (11, 16)]}, padri: [8], figli: [10, 23, 29, 30, 31], mosse: [(2, 2, 9, 13, 2)]
23 -> costo: 73762.3, rotte: {2: [(1, 3), (3, 2), (2, 6), (6, 18), (18, 8), (8, 9), (9, 14), (14, 13), (13, 12), (12, 17), (17, 15)], 3: [(1, 5), (5, 7), (7, 4), (4, 10), (10, 11), (11, 16)]}, padri: [22], figli: [24, 25, 26, 27], mosse: [(2, 2, 9, 14, 3)]
24 -> costo: 73406.3, rotte: {2: [(1, 2), (2, 6), (6, 18), (18, 8), (8, 9), (9, 14), (14, 13), (13, 12), (12, 17), (17, 15)], 3: [(1, 5), (5, 7), (7, 4), (4, 3), (3, 10), (10, 11), (11, 16)]}, padri: [23, 25, 26, 32], figli: [], mosse: [(3, 2, 4, 3, 12), (3, 3, 4, 3, 12), (3, 3, 4, 3, 12), (2, 2, 14, 13, 2)]
25 -> costo: 73453.3, rotte: {2: [(1, 2), (2, 6), (6, 18), (18, 8), (8, 9), (9, 14), (14, 13), (13, 12), (12, 17), (17, 15)], 3: [(1, 5), (5, 7), (7, 3), (3, 4), (4, 10), (10, 11), (11, 16)]}, padri: [23, 26, 33], figli: [24], mosse: [(3, 2, 7, 3, 12), (3, 3, 7, 3, 12), (2, 2, 14, 13, 2)]
26 -> costo: 73466.8, rotte: {2: [(1, 2), (2, 6), (6, 18), (18, 8), (8, 9), (9, 14), (14, 13), (13, 12), (12, 17), (17, 15)], 3: [(1, 3), (3, 5), (5, 7), (7, 4), (4, 10), (10, 11), (11, 16)]}, padri: [23, 34], figli: [24, 25], mosse: [(3, 2, 1, 3, 12), (2, 2, 14, 13, 2)]
27 -> costo: 73486.0, rotte: {2: [(1, 2), (2, 3), (3, 6), (6, 18), (18, 8), (8, 9), (9, 14), (14, 13), (13, 12), (12, 17), (17, 15)], 3: [(1, 5), (5, 7), (7, 4), (4, 10), (10, 11), (11, 16)]}, padri: [23], figli: [28], mosse: [(2, 2, 2, 3, 12)]
28 -> costo: 73473.1, rotte: {2: [(1, 3), (3, 6), (6, 18), (18, 8), (8, 9), (9, 14), (14, 13), (13, 12), (12, 17), (17, 15)], 3: [(1, 2), (2, 5), (5, 7), (7, 4), (4, 10), (10, 11), (11, 16)]}, padri: [27], figli: [], mosse: [(3, 2, 1, 2, 11)]
29 -> costo: 73837.0, rotte: {2: [(1, 3), (3, 2), (2, 6), (6, 18), (18, 8), (8, 9), (9, 13), (13, 12), (12, 17), (17, 15)], 3: [(1, 5), (5, 7), (7, 4), (4, 10), (10, 11), (11, 14), (14, 16)]}, padri: [22], figli: [10, 30], mosse: [(3, 2, 11, 14, 3)]
30 -> costo: 73560.7, rotte: {2: [(1, 2), (2, 3), (3, 6), (6, 18), (18, 8), (8, 9), (9, 13), (13, 12), (12, 17), (17, 15)], 3: [(1, 5), (5, 7), (7, 4), (4, 10), (10, 11), (11, 14), (14, 16)]}, padri: [29], figli: [11], mosse: [(2, 2, 2, 3, 12)]
31 -> costo: 73864.6, rotte: {2: [(1, 3), (3, 2), (2, 6), (6, 18), (18, 8), (8, 9), (9, 13), (13, 14), (14, 12), (12, 17), (17, 15)], 3: [(1, 5), (5, 7), (7, 4), (4, 10), (10, 11), (11, 16)]}, padri: [22], figli: [32, 33, 34], mosse: [(2, 2, 13, 14, 3)]
32 -> costo: 73508.6, rotte: {2: [(1, 2), (2, 6), (6, 18), (18, 8), (8, 9), (9, 13), (13, 14), (14, 12), (12, 17), (17, 15)], 3: [(1, 5), (5, 7), (7, 4), (4, 3), (3, 10), (10, 11), (11, 16)]}, padri: [31, 33], figli: [24], mosse: [(3, 2, 4, 3, 12), (3, 3, 4, 3, 12)]
33 -> costo: 73555.6, rotte: {2: [(1, 2), (2, 6), (6, 18), (18, 8), (8, 9), (9, 13), (13, 14), (14, 12), (12, 17), (17, 15)], 3: [(1, 5), (5, 7), (7, 3), (3, 4), (4, 10), (10, 11), (11, 16)]}, padri: [31], figli: [25, 32], mosse: [(3, 2, 7, 3, 12)]
34 -> costo: 73569.1, rotte: {2: [(1, 2), (2, 6), (6, 18), (18, 8), (8, 9), (9, 13), (13, 14), (14, 12), (12, 17), (17, 15)], 3: [(1, 3), (3, 5), (5, 7), (7, 4), (4, 10), (10, 11), (11, 16)]}, padri: [31], figli: [26], mosse: [(3, 2, 1, 3, 12)]
bestSolutionIndice: 11
11 -> costo: 73244.1, rotte: {2: [(1, 2), (2, 3), (3, 6), (6, 18), (18, 8), (8, 9), (9, 13), (13, 12), (12, 17), (17, 15)], 3: [(1, 5), (5, 7), (7, 4), (4, 10), (10, 14), (14, 11), (11, 16)]}, padri: [10, 19, 20, 21, 30], figli: [], mosse: [(2, 2, 2, 3, 12), (2, 2, 13, 12, 1), (2, 2, 9, 13, 2), (2, 3, 9, 13, 2), (3, 3, 14, 11, 20)]
trasportoPalletDiGamma: {2: [(2, 11), (3, 12), (6, 15), (18, 5), (8, 17), (9, 18), (13, 2), (12, 1), (17, 6), (15, 4)], 3: [(5, 14), (7, 16), (4, 13), (10, 19), (14, 3), (11, 20), (16, 5)]}
itMosseLS: 62, itMosseTS: 50
time elapsed: 428.73s.


##########################################################################################
s: 1
dictSolutions[1]:
0 -> costo: 119705.0, rotte: {2: [(1, 13), (13, 8), (8, 11), (11, 10), (10, 6), (6, 18), (18, 16), (16, 5), (5, 4)], 3: [(1, 2), (2, 3), (3, 17), (17, 15), (15, 14), (14, 12), (12, 9), (9, 7), (7, 4)]}, padri: [-1], figli: [1], mosse: [-1]
1 -> costo: 106341.90000000001, rotte: {2: [(1, 13), (13, 8), (8, 11), (11, 10), (10, 6), (6, 18), (18, 5), (5, 4), (4, 16)], 3: [(1, 2), (2, 3), (3, 17), (17, 15), (15, 14), (14, 12), (12, 9), (9, 7), (7, 4)]}, padri: [0], figli: [2], mosse: [(2, 2, 4, 16, 5)]
2 -> costo: 97455.00000000003, rotte: {2: [(1, 13), (13, 11), (11, 10), (10, 6), (6, 8), (8, 18), (18, 5), (5, 4), (4, 16)], 3: [(1, 2), (2, 3), (3, 17), (17, 15), (15, 14), (14, 12), (12, 9), (9, 7), (7, 4)]}, padri: [1], figli: [3], mosse: [(2, 2, 6, 8, 17)]
3 -> costo: 96667.80000000003, rotte: {2: [(1, 13), (13, 11), (11, 10), (10, 8), (8, 18), (18, 6), (6, 5), (5, 4), (4, 16)], 3: [(1, 2), (2, 3), (3, 17), (17, 15), (15, 14), (14, 12), (12, 9), (9, 7), (7, 4)]}, padri: [2], figli: [4], mosse: [(2, 2, 18, 6, 15)]
4 -> costo: 95977.20000000001, rotte: {2: [(1, 13), (13, 11), (11, 10), (10, 8), (8, 18), (18, 6), (6, 5), (5, 4), (4, 16)], 3: [(1, 2), (2, 3), (3, 17), (17, 15), (15, 12), (12, 14), (14, 9), (9, 7), (7, 4)]}, padri: [3], figli: [5], mosse: [(3, 3, 12, 14, 3)]
5 -> costo: 95623.20000000001, rotte: {2: [(1, 13), (13, 11), (11, 8), (8, 18), (18, 6), (6, 5), (5, 4), (4, 10), (10, 16)], 3: [(1, 2), (2, 3), (3, 17), (17, 15), (15, 12), (12, 14), (14, 9), (9, 7), (7, 4)]}, padri: [4], figli: [6], mosse: [(2, 2, 4, 10, 19)]
6 -> costo: 95314.20000000001, rotte: {2: [(1, 13), (13, 11), (11, 8), (8, 18), (18, 6), (6, 5), (5, 4), (4, 10), (10, 16)], 3: [(1, 2), (2, 17), (17, 15), (15, 12), (12, 14), (14, 9), (9, 7), (7, 3), (3, 4)]}, padri: [5], figli: [7, 15, 16], mosse: [(3, 3, 7, 3, 12)]
7 -> costo: 89568.3, rotte: {2: [(1, 13), (13, 11), (11, 8), (8, 18), (18, 6), (6, 5), (5, 4), (4, 10), (10, 16)], 3: [(1, 17), (17, 15), (15, 12), (12, 14), (14, 9), (9, 7), (7, 3), (3, 4), (4, 2)]}, padri: [6, 15, 15, 15], figli: [8, 8, 8, 8, 8, 8, 8, 8, 8, 12, 12, 12, 12, 12, 12, 12, 12, 12, 14], mosse: [(3, 3, 4, 2, 11), (3, 3, 2, 4), (3, 3, 3, 4, 10), (3, 3, 4, 2, 11)]
8 -> costo: 89496.0, rotte: {2: [(1, 13), (13, 11), (11, 8), (8, 18), (18, 6), (6, 5), (5, 10), (10, 16)], 3: [(1, 17), (17, 15), (15, 12), (12, 14), (14, 9), (9, 7), (7, 3), (3, 4), (4, 2)]}, padri: [7, 7, 7, 7, 7, 7, 7, 7, 7, 16], figli: [9, 11, 13], mosse: [(3, 2, 1, 4, 3), (3, 2, 17, 4, 3), (3, 2, 15, 4, 3), (3, 2, 12, 4, 3), (3, 2, 14, 4, 3), (3, 2, 9, 4, 3), (3, 2, 7, 4, 3), (3, 2, 3, 4, 3), (3, 2, 2, 4, 3), (3, 3, 2, 4)]
9 -> costo: 89455.20000000001, rotte: {2: [(1, 13), (13, 11), (11, 8), (8, 18), (18, 6), (6, 5), (5, 10), (10, 16)], 3: [(1, 17), (17, 15), (15, 12), (12, 14), (14, 9), (9, 7), (7, 4), (4, 3), (3, 2)]}, padri: [8, 12, 12, 12, 12, 12, 12, 12, 12, 12, 16], figli: [10], mosse: [(3, 3, 4, 3, 12), (3, 2, 1, 4, 3), (3, 2, 17, 4, 3), (3, 2, 15, 4, 3), (3, 2, 12, 4, 3), (3, 2, 14, 4, 3), (3, 2, 9, 4, 3), (3, 2, 7, 4, 3), (3, 2, 3, 4, 3), (3, 2, 2, 4, 3), (3, 3, 7, 4, 13)]
10 -> costo: 89452.19999999998, rotte: {2: [(1, 11), (11, 13), (13, 8), (8, 18), (18, 6), (6, 5), (5, 10), (10, 16)], 3: [(1, 17), (17, 15), (15, 12), (12, 14), (14, 9), (9, 7), (7, 4), (4, 3), (3, 2)]}, padri: [9, 11, 13, 13, 13, 13, 13, 13, 13, 13, 13], figli: [], mosse: [(2, 2, 11, 13, 2), (3, 3, 4, 3, 12), (3, 2, 1, 4, 3), (3, 2, 17, 4, 3), (3, 2, 15, 4, 3), (3, 2, 12, 4, 3), (3, 2, 14, 4, 3), (3, 2, 9, 4, 3), (3, 2, 7, 4, 3), (3, 2, 3, 4, 3), (3, 2, 2, 4, 3)]
11 -> costo: 89492.99999999999, rotte: {2: [(1, 11), (11, 13), (13, 8), (8, 18), (18, 6), (6, 5), (5, 10), (10, 16)], 3: [(1, 17), (17, 15), (15, 12), (12, 14), (14, 9), (9, 7), (7, 3), (3, 4), (4, 2)]}, padri: [8, 14, 14, 14, 14, 14, 14, 14, 14, 14], figli: [10], mosse: [(2, 2, 11, 13, 2), (3, 2, 1, 4, 3), (3, 2, 17, 4, 3), (3, 2, 15, 4, 3), (3, 2, 12, 4, 3), (3, 2, 14, 4, 3), (3, 2, 9, 4, 3), (3, 2, 7, 4, 3), (3, 2, 3, 4, 3), (3, 2, 2, 4, 3)]
12 -> costo: 89527.5, rotte: {2: [(1, 13), (13, 11), (11, 8), (8, 18), (18, 6), (6, 5), (5, 4), (4, 10), (10, 16)], 3: [(1, 17), (17, 15), (15, 12), (12, 14), (14, 9), (9, 7), (7, 4), (4, 3), (3, 2)]}, padri: [7, 15], figli: [9, 9, 9, 9, 9, 9, 9, 9, 9, 13, 13, 13, 13, 13, 13, 13, 13, 13], mosse: [(3, 3, 4, 3, 12), (3, 3, 7, 4, 10)]
13 -> costo: 89524.5, rotte: {2: [(1, 11), (11, 13), (13, 8), (8, 18), (18, 6), (6, 5), (5, 4), (4, 10), (10, 16)], 3: [(1, 17), (17, 15), (15, 12), (12, 14), (14, 9), (9, 7), (7, 4), (4, 3), (3, 2)]}, padri: [12, 14], figli: [10, 10, 10, 10, 10, 10, 10, 10, 10], mosse: [(2, 2, 11, 13, 2), (3, 3, 4, 3, 12)]
14 -> costo: 89565.29999999999, rotte: {2: [(1, 11), (11, 13), (13, 8), (8, 18), (18, 6), (6, 5), (5, 4), (4, 10), (10, 16)], 3: [(1, 17), (17, 15), (15, 12), (12, 14), (14, 9), (9, 7), (7, 3), (3, 4), (4, 2)]}, padri: [7], figli: [11, 11, 11, 11, 11, 11, 11, 11, 11, 13], mosse: [(2, 2, 11, 13, 2)]
15 -> costo: 89715.3, rotte: {2: [(1, 13), (13, 11), (11, 8), (8, 18), (18, 6), (6, 5), (5, 4), (4, 10), (10, 16)], 3: [(1, 17), (17, 15), (15, 12), (12, 14), (14, 9), (9, 7), (7, 3), (3, 2), (2, 4)]}, padri: [6], figli: [7, 12, 7, 7, 16, 16, 16], mosse: [(3, 3, 3, 2, 11)]
16 -> costo: 89643.0, rotte: {2: [(1, 13), (13, 11), (11, 8), (8, 18), (18, 6), (6, 5), (5, 10), (10, 16)], 3: [(1, 17), (17, 15), (15, 12), (12, 14), (14, 9), (9, 7), (7, 3), (3, 2), (2, 4)]}, padri: [15], figli: [8, 9], mosse: [(3, 2, 1, 4, 3)]
bestSolutionIndice: 10
10 -> costo: 89452.19999999998, rotte: {2: [(1, 11), (11, 13), (13, 8), (8, 18), (18, 6), (6, 5), (5, 10), (10, 16)], 3: [(1, 17), (17, 15), (15, 12), (12, 14), (14, 9), (9, 7), (7, 4), (4, 3), (3, 2)]}, padri: [9, 11, 13, 13, 13, 13, 13, 13, 13, 13, 13], figli: [], mosse: [(2, 2, 11, 13, 2), (3, 3, 4, 3, 12), (3, 2, 1, 4, 3), (3, 2, 17, 4, 3), (3, 2, 15, 4, 3), (3, 2, 12, 4, 3), (3, 2, 14, 4, 3), (3, 2, 9, 4, 3), (3, 2, 7, 4, 3), (3, 2, 3, 4, 3), (3, 2, 2, 4, 3)]
trasportoPalletDiGamma: {2: [(11, 20), (13, 2), (8, 17), (18, 5), (6, 15), (5, 14), (10, 19), (16, 5)], 3: [(17, 6), (15, 4), (12, 1), (14, 3), (9, 18), (7, 16), (4, 13), (3, 12), (2, 11)]}
itMosseLS: 59, itMosseTS: 50
time elapsed: 783.33s.


##########################################################################################
s: 1
dictSolutions[1]:
0 -> costo: 152474.90000000002, rotte: {2: [(1, 10), (10, 8), (8, 13), (13, 2), (2, 14), (14, 16), (16, 4), (4, 3), (3, 7)], 3: [(1, 11), (11, 17), (17, 6), (6, 12), (12, 18), (18, 15), (15, 5), (5, 9)]}, padri: [-1], figli: [1], mosse: [-1]
1 -> costo: 133084.6, rotte: {2: [(1, 10), (10, 8), (8, 13), (13, 2), (2, 14), (14, 16), (16, 4), (4, 3), (3, 7)], 3: [(1, 11), (11, 6), (6, 12), (12, 18), (18, 17), (17, 15), (15, 5), (5, 9)]}, padri: [0], figli: [2], mosse: [(3, 3, 18, 17, 6)]
2 -> costo: 121303.80000000002, rotte: {2: [(1, 10), (10, 8), (8, 13), (13, 2), (2, 14), (14, 16), (16, 4), (4, 3), (3, 7)], 3: [(1, 11), (11, 12), (12, 6), (6, 18), (18, 17), (17, 15), (15, 5), (5, 9)]}, padri: [1], figli: [3], mosse: [(3, 3, 6, 12)]
3 -> costo: 109480.20000000001, rotte: {2: [(1, 10), (10, 8), (8, 13), (13, 14), (14, 16), (16, 2), (2, 4), (4, 3), (3, 7)], 3: [(1, 11), (11, 12), (12, 6), (6, 18), (18, 17), (17, 15), (15, 5), (5, 9)]}, padri: [2], figli: [4], mosse: [(2, 2, 16, 2, 11)]
4 -> costo: 109412.3, rotte: {2: [(1, 10), (10, 8), (8, 13), (13, 14), (14, 16), (16, 2), (2, 4), (4, 7), (7, 3)], 3: [(1, 11), (11, 12), (12, 6), (6, 18), (18, 17), (17, 15), (15, 5), (5, 9)]}, padri: [3], figli: [5], mosse: [(2, 2, 3, 7)]
5 -> costo: 102447.6, rotte: {2: [(1, 10), (10, 8), (8, 13), (13, 14), (14, 2), (2, 4), (4, 7), (7, 3), (3, 16)], 3: [(1, 11), (11, 12), (12, 6), (6, 18), (18, 17), (17, 15), (15, 5), (5, 9)]}, padri: [4], figli: [6], mosse: [(2, 2, 3, 16, 5)]
6 -> costo: 101580.30000000002, rotte: {2: [(1, 10), (10, 8), (8, 13), (13, 14), (14, 2), (2, 4), (4, 7), (7, 3), (3, 16)], 3: [(1, 11), (11, 12), (12, 18), (18, 17), (17, 15), (15, 5), (5, 6), (6, 9)]}, padri: [5], figli: [7], mosse: [(3, 3, 5, 6, 15)]
7 -> costo: 94234.00000000001, rotte: {2: [(1, 10), (10, 8), (8, 13), (13, 14), (14, 2), (2, 4), (4, 7), (7, 3), (3, 16)], 3: [(1, 11), (11, 12), (12, 17), (17, 15), (15, 5), (5, 6), (6, 18), (18, 9)]}, padri: [6], figli: [8], mosse: [(3, 3, 6, 18, 5)]
8 -> costo: 93775.20000000003, rotte: {2: [(1, 10), (10, 13), (13, 14), (14, 8), (8, 2), (2, 4), (4, 7), (7, 3), (3, 16)], 3: [(1, 11), (11, 12), (12, 17), (17, 15), (15, 5), (5, 6), (6, 18), (18, 9)]}, padri: [7], figli: [9], mosse: [(2, 2, 14, 8, 17)]
9 -> costo: 92279.30000000003, rotte: {2: [(1, 13), (13, 14), (14, 8), (8, 10), (10, 2), (2, 4), (4, 7), (7, 3), (3, 16)], 3: [(1, 11), (11, 12), (12, 17), (17, 15), (15, 5), (5, 6), (6, 18), (18, 9)]}, padri: [8], figli: [10], mosse: [(2, 2, 8, 10, 19)]
10 -> costo: 92073.70000000003, rotte: {2: [(1, 13), (13, 14), (14, 8), (8, 10), (10, 4), (4, 7), (7, 3), (3, 2), (2, 16)], 3: [(1, 11), (11, 12), (12, 17), (17, 15), (15, 5), (5, 6), (6, 18), (18, 9)]}, padri: [9], figli: [11], mosse: [(2, 2, 3, 2, 11)]
11 -> costo: 91897.70000000001, rotte: {2: [(1, 14), (14, 8), (8, 10), (10, 4), (4, 7), (7, 3), (3, 2), (2, 16)], 3: [(1, 13), (13, 11), (11, 12), (12, 17), (17, 15), (15, 5), (5, 6), (6, 18), (18, 9)]}, padri: [10], figli: [12, 16, 17, 24, 25, 28, 29, 30, 34], mosse: [(3, 2, 1, 13, 2)]
12 -> costo: 84640.3, rotte: {2: [(1, 8), (8, 10), (10, 4), (4, 7), (7, 3), (3, 2), (2, 16)], 3: [(1, 13), (13, 14), (14, 11), (11, 12), (12, 17), (17, 15), (15, 5), (5, 6), (6, 18), (18, 9)]}, padri: [11, 16, 24, 29], figli: [13, 22], mosse: [(3, 2, 13, 14, 3), (3, 3, 13, 14, 3), (3, 3, 14, 11, 20), (3, 3, 11, 12, 1)]
13 -> costo: 84577.70000000001, rotte: {2: [(1, 10), (10, 8), (8, 4), (4, 7), (7, 3), (3, 2), (2, 16)], 3: [(1, 13), (13, 14), (14, 11), (11, 12), (12, 17), (17, 15), (15, 5), (5, 6), (6, 18), (18, 9)]}, padri: [12, 17, 25, 30], figli: [14, 14, 15, 15, 19, 19], mosse: [(2, 2, 10, 8, 17), (3, 3, 13, 14, 3), (3, 3, 14, 11, 20), (3, 3, 11, 12, 1)]
14 -> costo: 84274.10000000003, rotte: {2: [(1, 10), (10, 8), (8, 7), (7, 4), (4, 3), (3, 2), (2, 16)], 3: [(1, 13), (13, 14), (14, 11), (11, 12), (12, 17), (17, 15), (15, 5), (5, 6), (6, 18), (18, 9)]}, padri: [13, 13, 15, 18, 26, 31], figli: [], mosse: [(2, 2, 4, 7), (2, 2, 7, 4, 13), (2, 2, 4, 3, 12), (3, 3, 13, 14, 3), (3, 3, 14, 11, 20), (3, 3, 11, 12, 1)]
15 -> costo: 84314.90000000001, rotte: {2: [(1, 10), (10, 8), (8, 7), (7, 3), (3, 4), (4, 2), (2, 16)], 3: [(1, 13), (13, 14), (14, 11), (11, 12), (12, 17), (17, 15), (15, 5), (5, 6), (6, 18), (18, 9)]}, padri: [13, 20, 27, 32], figli: [14, 19], mosse: [(2, 2, 3, 4, 13), (3, 3, 13, 14, 3), (3, 3, 14, 11, 20), (3, 3, 11, 12, 1)]
16 -> costo: 84736.00000000001, rotte: {2: [(1, 8), (8, 10), (10, 4), (4, 7), (7, 3), (3, 2), (2, 16)], 3: [(1, 14), (14, 13), (13, 11), (11, 12), (12, 17), (17, 15), (15, 5), (5, 6), (6, 18), (18, 9)]}, padri: [11], figli: [12, 17, 23, 25, 30], mosse: [(3, 2, 1, 14, 3)]
17 -> costo: 84673.40000000002, rotte: {2: [(1, 10), (10, 8), (8, 4), (4, 7), (7, 3), (3, 2), (2, 16)], 3: [(1, 14), (14, 13), (13, 11), (11, 12), (12, 17), (17, 15), (15, 5), (5, 6), (6, 18), (18, 9)]}, padri: [16], figli: [18, 18, 20, 20, 21, 21, 13, 22], mosse: [(2, 2, 10, 8, 17)]
18 -> costo: 84369.80000000002, rotte: {2: [(1, 10), (10, 8), (8, 7), (7, 4), (4, 3), (3, 2), (2, 16)], 3: [(1, 14), (14, 13), (13, 11), (11, 12), (12, 17), (17, 15), (15, 5), (5, 6), (6, 18), (18, 9)]}, padri: [17, 17, 20], figli: [14, 19], mosse: [(2, 2, 4, 7), (2, 2, 7, 4, 13), (2, 2, 4, 3, 12)]
19 -> costo: 84342.90000000001, rotte: {2: [(1, 10), (10, 8), (8, 7), (7, 4), (4, 3), (3, 2), (2, 16)], 3: [(1, 14), (14, 11), (11, 13), (13, 12), (12, 17), (17, 15), (15, 5), (5, 6), (6, 18), (18, 9)]}, padri: [18, 21, 22, 22], figli: [], mosse: [(3, 3, 11, 13, 2), (2, 2, 4, 3, 12), (2, 2, 4, 7), (2, 2, 7, 4, 13)]
20 -> costo: 84410.60000000002, rotte: {2: [(1, 10), (10, 8), (8, 7), (7, 3), (3, 4), (4, 2), (2, 16)], 3: [(1, 14), (14, 13), (13, 11), (11, 12), (12, 17), (17, 15), (15, 5), (5, 6), (6, 18), (18, 9)]}, padri: [17], figli: [15, 18, 21], mosse: [(2, 2, 3, 4, 13)]
21 -> costo: 84383.70000000001, rotte: {2: [(1, 10), (10, 8), (8, 7), (7, 3), (3, 4), (4, 2), (2, 16)], 3: [(1, 14), (14, 11), (11, 13), (13, 12), (12, 17), (17, 15), (15, 5), (5, 6), (6, 18), (18, 9)]}, padri: [20, 22], figli: [19], mosse: [(3, 3, 11, 13, 2), (2, 2, 3, 4, 13)]
22 -> costo: 84646.50000000001, rotte: {2: [(1, 10), (10, 8), (8, 4), (4, 7), (7, 3), (3, 2), (2, 16)], 3: [(1, 14), (14, 11), (11, 13), (13, 12), (12, 17), (17, 15), (15, 5), (5, 6), (6, 18), (18, 9)]}, padri: [17, 23], figli: [19, 19, 21], mosse: [(3, 3, 11, 13, 2), (2, 2, 10, 8, 17)]
23 -> costo: 84709.1, rotte: {2: [(1, 8), (8, 10), (10, 4), (4, 7), (7, 3), (3, 2), (2, 16)], 3: [(1, 14), (14, 11), (11, 13), (13, 12), (12, 17), (17, 15), (15, 5), (5, 6), (6, 18), (18, 9)]}, padri: [16], figli: [22], mosse: [(3, 3, 11, 13, 2)]
24 -> costo: 84780.90000000001, rotte: {2: [(1, 8), (8, 10), (10, 4), (4, 7), (7, 3), (3, 2), (2, 16)], 3: [(1, 13), (13, 11), (11, 14), (14, 12), (12, 17), (17, 15), (15, 5), (5, 6), (6, 18), (18, 9)]}, padri: [11, 28, 33], figli: [12, 25, 30], mosse: [(3, 2, 11, 14, 3), (3, 3, 14, 12, 1), (3, 3, 14, 12, 1)]
25 -> costo: 84718.30000000002, rotte: {2: [(1, 10), (10, 8), (8, 4), (4, 7), (7, 3), (3, 2), (2, 16)], 3: [(1, 13), (13, 11), (11, 14), (14, 12), (12, 17), (17, 15), (15, 5), (5, 6), (6, 18), (18, 9)]}, padri: [24], figli: [26, 26, 27, 27, 13], mosse: [(2, 2, 10, 8, 17)]
26 -> costo: 84414.70000000003, rotte: {2: [(1, 10), (10, 8), (8, 7), (7, 4), (4, 3), (3, 2), (2, 16)], 3: [(1, 13), (13, 11), (11, 14), (14, 12), (12, 17), (17, 15), (15, 5), (5, 6), (6, 18), (18, 9)]}, padri: [25, 25, 27, 35], figli: [14], mosse: [(2, 2, 4, 7), (2, 2, 7, 4, 13), (2, 2, 4, 3, 12), (3, 3, 14, 12, 1)]
27 -> costo: 84455.50000000001, rotte: {2: [(1, 10), (10, 8), (8, 7), (7, 3), (3, 4), (4, 2), (2, 16)], 3: [(1, 13), (13, 11), (11, 14), (14, 12), (12, 17), (17, 15), (15, 5), (5, 6), (6, 18), (18, 9)]}, padri: [25], figli: [15, 26], mosse: [(2, 2, 3, 4, 13)]
28 -> costo: 85244.20000000001, rotte: {2: [(1, 8), (8, 10), (10, 4), (4, 7), (7, 3), (3, 2), (2, 16)], 3: [(1, 13), (13, 11), (11, 12), (12, 14), (14, 17), (17, 15), (15, 5), (5, 6), (6, 18), (18, 9)]}, padri: [11], figli: [24, 29, 33, 34], mosse: [(3, 2, 12, 14, 3)]
29 -> costo: 85076.0, rotte: {2: [(1, 8), (8, 10), (10, 4), (4, 7), (7, 3), (3, 2), (2, 16)], 3: [(1, 13), (13, 12), (12, 14), (14, 11), (11, 17), (17, 15), (15, 5), (5, 6), (6, 18), (18, 9)]}, padri: [28], figli: [12, 30], mosse: [(3, 3, 14, 11, 20)]
30 -> costo: 85013.40000000001, rotte: {2: [(1, 10), (10, 8), (8, 4), (4, 7), (7, 3), (3, 2), (2, 16)], 3: [(1, 13), (13, 12), (12, 14), (14, 11), (11, 17), (17, 15), (15, 5), (5, 6), (6, 18), (18, 9)]}, padri: [29], figli: [31, 13, 31, 32, 32], mosse: [(2, 2, 10, 8, 17)]
31 -> costo: 84709.80000000002, rotte: {2: [(1, 10), (10, 8), (8, 7), (7, 4), (4, 3), (3, 2), (2, 16)], 3: [(1, 13), (13, 12), (12, 14), (14, 11), (11, 17), (17, 15), (15, 5), (5, 6), (6, 18), (18, 9)]}, padri: [30, 30, 32, 35], figli: [14], mosse: [(2, 2, 4, 7), (2, 2, 7, 4, 13), (2, 2, 4, 3, 12), (3, 3, 14, 11, 20)]
32 -> costo: 84750.6, rotte: {2: [(1, 10), (10, 8), (8, 7), (7, 3), (3, 4), (4, 2), (2, 16)], 3: [(1, 13), (13, 12), (12, 14), (14, 11), (11, 17), (17, 15), (15, 5), (5, 6), (6, 18), (18, 9)]}, padri: [30], figli: [15, 31], mosse: [(2, 2, 3, 4, 13)]
33 -> costo: 85076.00000000001, rotte: {2: [(1, 8), (8, 10), (10, 4), (4, 7), (7, 3), (3, 2), (2, 16)], 3: [(1, 13), (13, 12), (12, 11), (11, 14), (14, 17), (17, 15), (15, 5), (5, 6), (6, 18), (18, 9)]}, padri: [28], figli: [24, 34], mosse: [(3, 3, 12, 11, 20)]
34 -> costo: 85013.40000000002, rotte: {2: [(1, 10), (10, 8), (8, 4), (4, 7), (7, 3), (3, 2), (2, 16)], 3: [(1, 13), (13, 12), (12, 11), (11, 14), (14, 17), (17, 15), (15, 5), (5, 6), (6, 18), (18, 9)]}, padri: [33], figli: [35, 35], mosse: [(2, 2, 10, 8, 17)]
35 -> costo: 84709.80000000003, rotte: {2: [(1, 10), (10, 8), (8, 7), (7, 4), (4, 3), (3, 2), (2, 16)], 3: [(1, 13), (13, 12), (12, 11), (11, 14), (14, 17), (17, 15), (15, 5), (5, 6), (6, 18), (18, 9)]}, padri: [34, 34], figli: [26, 31], mosse: [(2, 2, 4, 7), (2, 2, 7, 4, 13)]
bestSolutionIndice: 14
14 -> costo: 84274.10000000003, rotte: {2: [(1, 10), (10, 8), (8, 7), (7, 4), (4, 3), (3, 2), (2, 16)], 3: [(1, 13), (13, 14), (14, 11), (11, 12), (12, 17), (17, 15), (15, 5), (5, 6), (6, 18), (18, 9)]}, padri: [13, 13, 15, 18, 26, 31], figli: [], mosse: [(2, 2, 4, 7), (2, 2, 7, 4, 13), (2, 2, 4, 3, 12), (3, 3, 13, 14, 3), (3, 3, 14, 11, 20), (3, 3, 11, 12, 1)]
trasportoPalletDiGamma: {2: [(10, 19), (8, 17), (7, 16), (4, 13), (3, 12), (2, 11), (16, 5)], 3: [(13, 2), (14, 3), (11, 20), (12, 1), (17, 6), (15, 4), (5, 14), (6, 15), (18, 5), (9, 18)]}
itMosseLS: 65, itMosseTS: 50
time elapsed: 563.67s.


##########################################################################################
s: 1
dictSolutions[1]:
0 -> costo: 118315.9, rotte: {2: [(1, 18), (18, 8), (8, 15), (15, 16), (16, 6), (6, 3), (3, 2), (2, 13), (13, 11)], 3: [(1, 12), (12, 17), (17, 5), (5, 4), (4, 10), (10, 14), (14, 7), (7, 9)]}, padri: [-1], figli: [1], mosse: [-1]
1 -> costo: 109177.29999999999, rotte: {2: [(1, 18), (18, 8), (8, 15), (15, 16), (16, 6), (6, 3), (3, 2), (2, 13), (13, 12), (12, 11)], 3: [(1, 17), (17, 5), (5, 4), (4, 10), (10, 14), (14, 7), (7, 9)]}, padri: [0], figli: [2], mosse: [(2, 3, 13, 12, 1)]
2 -> costo: 108886.59999999999, rotte: {2: [(1, 18), (18, 8), (8, 15), (15, 16), (16, 6), (6, 3), (3, 2), (2, 13), (13, 12), (12, 11)], 3: [(1, 17), (17, 5), (5, 4), (4, 10), (10, 14), (14, 9), (9, 7)]}, padri: [1], figli: [3], mosse: [(3, 3, 7, 9)]
3 -> costo: 88503.9, rotte: {2: [(1, 18), (18, 8), (8, 15), (15, 17), (17, 16), (16, 6), (6, 3), (3, 2), (2, 13), (13, 12), (12, 11)], 3: [(1, 5), (5, 4), (4, 10), (10, 14), (14, 9), (9, 7)]}, padri: [2], figli: [4], mosse: [(2, 3, 15, 17, 6)]
4 -> costo: 84933.79999999999, rotte: {2: [(1, 18), (18, 8), (8, 15), (15, 17), (17, 16), (16, 6), (6, 3), (3, 2), (2, 13), (13, 12), (12, 11)], 3: [(1, 5), (5, 7), (7, 4), (4, 10), (10, 14), (14, 9)]}, padri: [3], figli: [5], mosse: [(3, 3, 5, 7, 16)]
5 -> costo: 82846.09999999998, rotte: {2: [(1, 18), (18, 8), (8, 15), (15, 17), (17, 16), (16, 6), (6, 3), (3, 2), (2, 13), (13, 12), (12, 11)], 3: [(1, 5), (5, 7), (7, 4), (4, 10), (10, 9), (9, 14)]}, padri: [4], figli: [6], mosse: [(3, 3, 14, 9)]
6 -> costo: 82401.09999999999, rotte: {2: [(1, 18), (18, 15), (15, 17), (17, 16), (16, 6), (6, 3), (3, 2), (2, 8), (8, 13), (13, 12), (12, 11)], 3: [(1, 5), (5, 7), (7, 4), (4, 10), (10, 9), (9, 14)]}, padri: [5], figli: [7, 12, 15, 16, 17, 21, 26, 27, 28], mosse: [(2, 2, 2, 8, 17)]
7 -> costo: 74929.59999999999, rotte: {2: [(1, 15), (15, 17), (17, 16), (16, 6), (6, 3), (3, 2), (2, 18), (18, 8), (8, 13), (13, 12), (12, 11)], 3: [(1, 5), (5, 7), (7, 4), (4, 10), (10, 9), (9, 14)]}, padri: [6, 15, 16, 27], figli: [8, 10, 11, 18, 19], mosse: [(2, 2, 2, 18, 5), (2, 2, 2, 18, 5), (2, 2, 2, 18, 5), (2, 3, 2, 18, 5)]
8 -> costo: 73990.99999999999, rotte: {2: [(1, 15), (15, 17), (17, 16), (16, 3), (3, 2), (2, 6), (6, 18), (18, 8), (8, 13), (13, 12), (12, 11)], 3: [(1, 5), (5, 7), (7, 4), (4, 10), (10, 9), (9, 14)]}, padri: [7, 10, 17, 18, 28], figli: [9], mosse: [(2, 2, 2, 6, 15), (2, 2, 6, 18, 5), (2, 2, 6, 18, 5), (2, 2, 18, 8, 17), (2, 3, 6, 18, 5)]
9 -> costo: 73714.7, rotte: {2: [(1, 15), (15, 17), (17, 16), (16, 2), (2, 3), (3, 6), (6, 18), (18, 8), (8, 13), (13, 12), (12, 11)], 3: [(1, 5), (5, 7), (7, 4), (4, 10), (10, 9), (9, 14)]}, padri: [8, 11, 19, 20, 29], figli: [], mosse: [(2, 2, 2, 3, 12), (2, 2, 6, 18, 5), (2, 2, 18, 8, 17), (2, 2, 6, 18, 5), (2, 3, 6, 18, 5)]
10 -> costo: 74604.2, rotte: {2: [(1, 15), (15, 17), (17, 16), (16, 3), (3, 2), (2, 18), (18, 6), (6, 8), (8, 13), (13, 12), (12, 11)], 3: [(1, 5), (5, 7), (7, 4), (4, 10), (10, 9), (9, 14)]}, padri: [7, 17, 28], figli: [8, 11, 19], mosse: [(2, 2, 18, 6, 15), (2, 2, 2, 18, 5), (2, 3, 2, 18, 5)]
11 -> costo: 74392.4, rotte: {2: [(1, 15), (15, 17), (17, 16), (16, 2), (2, 3), (3, 18), (18, 6), (6, 8), (8, 13), (13, 12), (12, 11)], 3: [(1, 5), (5, 7), (7, 4), (4, 10), (10, 9), (9, 14)]}, padri: [10, 20, 29], figli: [9], mosse: [(2, 2, 2, 3, 12), (2, 2, 3, 18, 5), (2, 3, 3, 18, 5)]
12 -> costo: 74983.90000000001, rotte: {2: [(1, 15), (15, 17), (17, 16), (16, 6), (6, 3), (3, 2), (2, 8), (8, 13), (13, 12), (12, 11)], 3: [(1, 5), (5, 7), (7, 4), (4, 10), (10, 18), (18, 9), (9, 14)]}, padri: [6, 21, 27], figli: [13, 23], mosse: [(3, 2, 10, 18, 5), (3, 3, 10, 18, 5), (3, 3, 10, 18, 5)]
13 -> costo: 74029.3, rotte: {2: [(1, 15), (15, 17), (17, 16), (16, 3), (3, 2), (2, 6), (6, 8), (8, 13), (13, 12), (12, 11)], 3: [(1, 5), (5, 7), (7, 4), (4, 10), (10, 18), (18, 9), (9, 14)]}, padri: [12, 22, 28], figli: [14, 24], mosse: [(2, 2, 2, 6, 15), (3, 3, 10, 18, 5), (3, 3, 10, 18, 5)]
14 -> costo: 73753.00000000001, rotte: {2: [(1, 15), (15, 17), (17, 16), (16, 2), (2, 3), (3, 6), (6, 8), (8, 13), (13, 12), (12, 11)], 3: [(1, 5), (5, 7), (7, 4), (4, 10), (10, 18), (18, 9), (9, 14)]}, padri: [13, 23, 29], figli: [], mosse: [(2, 2, 2, 3, 12), (3, 3, 10, 18, 5), (3, 3, 10, 18, 5)]
15 -> costo: 75530.79999999999, rotte: {2: [(1, 15), (15, 17), (17, 16), (16, 18), (18, 6), (6, 3), (3, 2), (2, 8), (8, 13), (13, 12), (12, 11)], 3: [(1, 5), (5, 7), (7, 4), (4, 10), (10, 9), (9, 14)]}, padri: [6, 16, 27], figli: [7], mosse: [(2, 2, 16, 18, 5), (2, 2, 18, 6, 15), (2, 3, 16, 18, 5)]
16 -> costo: 75618.79999999999, rotte: {2: [(1, 15), (15, 17), (17, 16), (16, 6), (6, 18), (18, 3), (3, 2), (2, 8), (8, 13), (13, 12), (12, 11)], 3: [(1, 5), (5, 7), (7, 4), (4, 10), (10, 9), (9, 14)]}, padri: [6, 27], figli: [7, 15, 17], mosse: [(2, 2, 6, 18, 5), (2, 3, 6, 18, 5)]
17 -> costo: 75574.79999999999, rotte: {2: [(1, 15), (15, 17), (17, 16), (16, 18), (18, 3), (3, 2), (2, 6), (6, 8), (8, 13), (13, 12), (12, 11)], 3: [(1, 5), (5, 7), (7, 4), (4, 10), (10, 9), (9, 14)]}, padri: [16], figli: [8, 10, 18, 19, 20], mosse: [(2, 2, 2, 6, 15)]
18 -> costo: 75293.9, rotte: {2: [(1, 15), (15, 17), (17, 16), (16, 3), (3, 2), (2, 6), (6, 8), (8, 18), (18, 13), (13, 12), (12, 11)], 3: [(1, 5), (5, 7), (7, 4), (4, 10), (10, 9), (9, 14)]}, padri: [17], figli: [8, 19], mosse: [(2, 2, 8, 18, 5)]
19 -> costo: 75017.59999999999, rotte: {2: [(1, 15), (15, 17), (17, 16), (16, 2), (2, 3), (3, 6), (6, 8), (8, 18), (18, 13), (13, 12), (12, 11)], 3: [(1, 5), (5, 7), (7, 4), (4, 10), (10, 9), (9, 14)]}, padri: [18, 20], figli: [9], mosse: [(2, 2, 2, 3, 12), (2, 2, 8, 18, 5)]
20 -> costo: 75510.29999999999, rotte: {2: [(1, 15), (15, 17), (17, 16), (16, 18), (18, 2), (2, 3), (3, 6), (6, 8), (8, 13), (13, 12), (12, 11)], 3: [(1, 5), (5, 7), (7, 4), (4, 10), (10, 9), (9, 14)]}, padri: [17], figli: [9, 11, 19], mosse: [(2, 2, 2, 3, 12)]
21 -> costo: 75807.29999999999, rotte: {2: [(1, 15), (15, 17), (17, 16), (16, 6), (6, 3), (3, 2), (2, 8), (8, 13), (13, 12), (12, 11)], 3: [(1, 5), (5, 7), (7, 4), (4, 18), (18, 10), (10, 9), (9, 14)]}, padri: [6], figli: [22, 12, 26, 28, 29], mosse: [(3, 2, 4, 18, 5)]
22 -> costo: 74852.69999999998, rotte: {2: [(1, 15), (15, 17), (17, 16), (16, 3), (3, 2), (2, 6), (6, 8), (8, 13), (13, 12), (12, 11)], 3: [(1, 5), (5, 7), (7, 4), (4, 18), (18, 10), (10, 9), (9, 14)]}, padri: [21, 28], figli: [13, 23, 25], mosse: [(2, 2, 2, 6, 15), (3, 3, 4, 18, 5)]
23 -> costo: 74576.4, rotte: {2: [(1, 15), (15, 17), (17, 16), (16, 2), (2, 3), (3, 6), (6, 8), (8, 13), (13, 12), (12, 11)], 3: [(1, 5), (5, 7), (7, 4), (4, 18), (18, 10), (10, 9), (9, 14)]}, padri: [22, 29], figli: [14, 24], mosse: [(2, 2, 2, 3, 12), (3, 3, 4, 18, 5)]
24 -> costo: 74565.30000000002, rotte: {2: [(1, 15), (15, 17), (17, 16), (16, 2), (2, 3), (3, 6), (6, 8), (8, 13), (13, 12), (12, 11)], 3: [(1, 5), (5, 7), (7, 4), (4, 18), (18, 9), (9, 10), (10, 14)]}, padri: [23, 25], figli: [], mosse: [(3, 3, 9, 10, 19), (2, 2, 2, 3, 12)]
25 -> costo: 74841.6, rotte: {2: [(1, 15), (15, 17), (17, 16), (16, 3), (3, 2), (2, 6), (6, 8), (8, 13), (13, 12), (12, 11)], 3: [(1, 5), (5, 7), (7, 4), (4, 18), (18, 9), (9, 10), (10, 14)]}, padri: [22, 26], figli: [24], mosse: [(3, 3, 9, 10, 19), (2, 2, 2, 6, 15)]
26 -> costo: 75796.2, rotte: {2: [(1, 15), (15, 17), (17, 16), (16, 6), (6, 3), (3, 2), (2, 8), (8, 13), (13, 12), (12, 11)], 3: [(1, 5), (5, 7), (7, 4), (4, 18), (18, 9), (9, 10), (10, 14)]}, padri: [21], figli: [25], mosse: [(3, 3, 9, 10, 19)]
27 -> costo: 76225.8, rotte: {2: [(1, 15), (15, 17), (17, 16), (16, 6), (6, 3), (3, 2), (2, 8), (8, 13), (13, 12), (12, 11)], 3: [(1, 18), (18, 5), (5, 7), (7, 4), (4, 10), (10, 9), (9, 14)]}, padri: [6], figli: [7, 12, 28, 15, 16], mosse: [(3, 2, 1, 18, 5)]
28 -> costo: 75271.2, rotte: {2: [(1, 15), (15, 17), (17, 16), (16, 3), (3, 2), (2, 6), (6, 8), (8, 13), (13, 12), (12, 11)], 3: [(1, 18), (18, 5), (5, 7), (7, 4), (4, 10), (10, 9), (9, 14)]}, padri: [27], figli: [8, 13, 10, 22, 29], mosse: [(2, 2, 2, 6, 15)]
29 -> costo: 74994.90000000001, rotte: {2: [(1, 15), (15, 17), (17, 16), (16, 2), (2, 3), (3, 6), (6, 8), (8, 13), (13, 12), (12, 11)], 3: [(1, 18), (18, 5), (5, 7), (7, 4), (4, 10), (10, 9), (9, 14)]}, padri: [28], figli: [9, 14, 11, 23], mosse: [(2, 2, 2, 3, 12)]
bestSolutionIndice: 9
9 -> costo: 73714.7, rotte: {2: [(1, 15), (15, 17), (17, 16), (16, 2), (2, 3), (3, 6), (6, 18), (18, 8), (8, 13), (13, 12), (12, 11)], 3: [(1, 5), (5, 7), (7, 4), (4, 10), (10, 9), (9, 14)]}, padri: [8, 11, 19, 20, 29], figli: [], mosse: [(2, 2, 2, 3, 12), (2, 2, 6, 18, 5), (2, 2, 18, 8, 17), (2, 2, 6, 18, 5), (2, 3, 6, 18, 5)]
trasportoPalletDiGamma: {2: [(15, 4), (17, 6), (16, 5), (2, 11), (3, 12), (6, 15), (18, 5), (8, 17), (13, 2), (12, 1), (11, 20)], 3: [(5, 14), (7, 16), (4, 13), (10, 19), (9, 18), (14, 3)]}
itMosseLS: 58, itMosseTS: 50
time elapsed: 485.12s.


##########################################################################################
s: 1
dictSolutions[1]:
0 -> costo: 131919.30000000002, rotte: {3: [(1, 11), (11, 15), (15, 2), (2, 10), (10, 18), (18, 3), (3, 9), (9, 13), (13, 12)], 2: [(1, 14), (14, 6), (6, 4), (4, 7), (7, 17), (17, 8), (8, 5), (5, 16)]}, padri: [-1], figli: [1], mosse: [-1]
1 -> costo: 104175.70000000001, rotte: {3: [(1, 11), (11, 15), (15, 2), (2, 10), (10, 18), (18, 3), (3, 9), (9, 13), (13, 12)], 2: [(1, 14), (14, 6), (6, 4), (4, 7), (7, 8), (8, 5), (5, 17), (17, 16)]}, padri: [0], figli: [2], mosse: [(2, 2, 5, 17, 6)]
2 -> costo: 103956.1, rotte: {3: [(1, 11), (11, 15), (15, 2), (2, 10), (10, 18), (18, 3), (3, 9), (9, 13), (13, 12)], 2: [(1, 14), (14, 4), (4, 6), (6, 7), (7, 8), (8, 5), (5, 17), (17, 16)]}, padri: [1], figli: [3], mosse: [(2, 2, 6, 4)]
3 -> costo: 94092.7, rotte: {3: [(1, 11), (11, 15), (15, 2), (2, 10), (10, 18), (18, 3), (3, 9), (9, 13), (13, 12), (12, 14)], 2: [(1, 4), (4, 6), (6, 7), (7, 8), (8, 5), (5, 17), (17, 16)]}, padri: [2], figli: [4], mosse: [(3, 2, 12, 14, 3)]
4 -> costo: 84539.20000000001, rotte: {3: [(1, 15), (15, 2), (2, 10), (10, 18), (18, 3), (3, 9), (9, 13), (13, 12), (12, 11), (11, 14)], 2: [(1, 4), (4, 6), (6, 7), (7, 8), (8, 5), (5, 17), (17, 16)]}, padri: [3], figli: [5], mosse: [(3, 3, 12, 11, 20)]
5 -> costo: 64788.5, rotte: {3: [(1, 2), (2, 10), (10, 18), (18, 3), (3, 9), (9, 13), (13, 12), (12, 11), (11, 14)], 2: [(1, 4), (4, 6), (6, 7), (7, 8), (8, 5), (5, 17), (17, 16), (16, 15)]}, padri: [4], figli: [6], mosse: [(2, 3, 16, 15, 4)]
6 -> costo: 63705.19999999999, rotte: {3: [(1, 2), (2, 10), (10, 18), (18, 3), (3, 9), (9, 13), (13, 12), (12, 11), (11, 14)], 2: [(1, 4), (4, 7), (7, 6), (6, 8), (8, 5), (5, 17), (17, 16), (16, 15)]}, padri: [5], figli: [7, 14], mosse: [(2, 2, 7, 6, 15)]
7 -> costo: 62781.299999999996, rotte: {3: [(1, 2), (2, 10), (10, 3), (3, 18), (18, 9), (9, 13), (13, 12), (12, 11), (11, 14)], 2: [(1, 4), (4, 7), (7, 6), (6, 8), (8, 5), (5, 17), (17, 16), (16, 15)]}, padri: [6], figli: [8, 9, 10, 11, 13, 15, 21], mosse: [(3, 3, 3, 18, 5)]
8 -> costo: 61681.89999999999, rotte: {3: [(1, 2), (2, 3), (3, 10), (10, 18), (18, 9), (9, 13), (13, 12), (12, 11), (11, 14)], 2: [(1, 4), (4, 7), (7, 6), (6, 8), (8, 5), (5, 17), (17, 16), (16, 15)]}, padri: [7, 10, 12, 13], figli: [], mosse: [(3, 3, 3, 10, 19), (3, 3, 10, 18, 5), (3, 3, 2, 3, 12), (3, 3, 3, 10, 19)]
9 -> costo: 62510.6, rotte: {3: [(1, 2), (2, 3), (3, 18), (18, 9), (9, 10), (10, 13), (13, 12), (12, 11), (11, 14)], 2: [(1, 4), (4, 7), (7, 6), (6, 8), (8, 5), (5, 17), (17, 16), (16, 15)]}, padri: [7, 10, 13, 21], figli: [], mosse: [(3, 3, 9, 10, 19), (3, 3, 9, 10, 19), (3, 3, 9, 10, 19), (3, 3, 2, 3, 12)]
10 -> costo: 62551.49999999999, rotte: {3: [(1, 2), (2, 3), (3, 18), (18, 10), (10, 9), (9, 13), (13, 12), (12, 11), (11, 14)], 2: [(1, 4), (4, 7), (7, 6), (6, 8), (8, 5), (5, 17), (17, 16), (16, 15)]}, padri: [7, 13, 20], figli: [8, 9], mosse: [(3, 3, 18, 10, 19), (3, 3, 18, 10, 19), (3, 3, 2, 3, 12)]
11 -> costo: 62675.99999999999, rotte: {3: [(1, 10), (10, 3), (3, 2), (2, 18), (18, 9), (9, 13), (13, 12), (12, 11), (11, 14)], 2: [(1, 4), (4, 7), (7, 6), (6, 8), (8, 5), (5, 17), (17, 16), (16, 15)]}, padri: [7, 14], figli: [12, 20], mosse: [(3, 3, 3, 2, 11), (3, 3, 2, 18, 5)]
12 -> costo: 61893.69999999999, rotte: {3: [(1, 3), (3, 2), (2, 10), (10, 18), (18, 9), (9, 13), (13, 12), (12, 11), (11, 14)], 2: [(1, 4), (4, 7), (7, 6), (6, 8), (8, 5), (5, 17), (17, 16), (16, 15)]}, padri: [11, 15, 20], figli: [8], mosse: [(3, 3, 2, 10, 19), (3, 3, 10, 18, 5), (3, 3, 10, 18, 5)]
13 -> costo: 62675.99999999999, rotte: {3: [(1, 10), (10, 2), (2, 3), (3, 18), (18, 9), (9, 13), (13, 12), (12, 11), (11, 14)], 2: [(1, 4), (4, 7), (7, 6), (6, 8), (8, 5), (5, 17), (17, 16), (16, 15)]}, padri: [7], figli: [8, 9, 10, 21], mosse: [(3, 3, 10, 2, 11)]
14 -> costo: 63599.89999999999, rotte: {3: [(1, 10), (10, 18), (18, 3), (3, 2), (2, 9), (9, 13), (13, 12), (12, 11), (11, 14)], 2: [(1, 4), (4, 7), (7, 6), (6, 8), (8, 5), (5, 17), (17, 16), (16, 15)]}, padri: [6], figli: [11, 15], mosse: [(3, 3, 3, 2, 11)]
15 -> costo: 63566.49999999999, rotte: {3: [(1, 18), (18, 3), (3, 2), (2, 10), (10, 9), (9, 13), (13, 12), (12, 11), (11, 14)], 2: [(1, 4), (4, 7), (7, 6), (6, 8), (8, 5), (5, 17), (17, 16), (16, 15)]}, padri: [14], figli: [16, 18, 12, 20, 22, 23, 28, 32], mosse: [(3, 3, 2, 10, 19)]
16 -> costo: 61839.3, rotte: {3: [(1, 3), (3, 2), (2, 10), (10, 9), (9, 13), (13, 12), (12, 11), (11, 14)], 2: [(1, 4), (4, 7), (7, 6), (6, 8), (8, 18), (18, 5), (5, 17), (17, 16), (16, 15)]}, padri: [15, 18, 22, 31], figli: [17], mosse: [(2, 3, 8, 18, 5), (2, 2, 8, 18, 5), (2, 2, 18, 5, 14), (2, 2, 18, 5, 14)]
17 -> costo: 61627.5, rotte: {3: [(1, 2), (2, 3), (3, 10), (10, 9), (9, 13), (13, 12), (12, 11), (11, 14)], 2: [(1, 4), (4, 7), (7, 6), (6, 8), (8, 18), (18, 5), (5, 17), (17, 16), (16, 15)]}, padri: [16, 19, 34], figli: [], mosse: [(3, 3, 2, 3, 12), (2, 2, 8, 18, 5), (2, 2, 18, 5, 14)]
18 -> costo: 61855.4, rotte: {3: [(1, 3), (3, 2), (2, 10), (10, 9), (9, 13), (13, 12), (12, 11), (11, 14)], 2: [(1, 4), (4, 7), (7, 6), (6, 18), (18, 8), (8, 5), (5, 17), (17, 16), (16, 15)]}, padri: [15, 23], figli: [19, 16, 23, 32], mosse: [(2, 3, 6, 18, 5), (2, 2, 8, 5, 14)]
19 -> costo: 61643.6, rotte: {3: [(1, 2), (2, 3), (3, 10), (10, 9), (9, 13), (13, 12), (12, 11), (11, 14)], 2: [(1, 4), (4, 7), (7, 6), (6, 18), (18, 8), (8, 5), (5, 17), (17, 16), (16, 15)]}, padri: [18, 30], figli: [17], mosse: [(3, 3, 2, 3, 12), (2, 2, 8, 5, 14)]
20 -> costo: 62763.299999999996, rotte: {3: [(1, 3), (3, 2), (2, 18), (18, 10), (10, 9), (9, 13), (13, 12), (12, 11), (11, 14)], 2: [(1, 4), (4, 7), (7, 6), (6, 8), (8, 5), (5, 17), (17, 16), (16, 15)]}, padri: [15], figli: [12, 10, 21], mosse: [(3, 3, 2, 18, 5)]
21 -> costo: 62722.4, rotte: {3: [(1, 3), (3, 2), (2, 18), (18, 9), (9, 10), (10, 13), (13, 12), (12, 11), (11, 14)], 2: [(1, 4), (4, 7), (7, 6), (6, 8), (8, 5), (5, 17), (17, 16), (16, 15)]}, padri: [20], figli: [9], mosse: [(3, 3, 9, 10, 19)]
22 -> costo: 63011.2, rotte: {3: [(1, 3), (3, 2), (2, 10), (10, 9), (9, 13), (13, 12), (12, 11), (11, 14)], 2: [(1, 4), (4, 7), (7, 6), (6, 8), (8, 5), (5, 18), (18, 17), (17, 16), (16, 15)]}, padri: [15], figli: [16, 23, 31, 32], mosse: [(2, 3, 5, 18, 5)]
23 -> costo: 62148.49999999999, rotte: {3: [(1, 3), (3, 2), (2, 10), (10, 9), (9, 13), (13, 12), (12, 11), (11, 14)], 2: [(1, 4), (4, 7), (7, 6), (6, 5), (5, 18), (18, 8), (8, 17), (17, 16), (16, 15)]}, padri: [22], figli: [24, 18, 28, 30], mosse: [(2, 2, 18, 8, 17)]
24 -> costo: 61615.3, rotte: {3: [(1, 3), (3, 2), (2, 10), (10, 9), (9, 13), (13, 12), (12, 11), (11, 14)], 2: [(1, 4), (4, 7), (7, 5), (5, 6), (6, 18), (18, 8), (8, 17), (17, 16), (16, 15)]}, padri: [23], figli: [25, 27], mosse: [(2, 2, 5, 6, 15)]
25 -> costo: 61403.5, rotte: {3: [(1, 2), (2, 3), (3, 10), (10, 9), (9, 13), (13, 12), (12, 11), (11, 14)], 2: [(1, 4), (4, 7), (7, 5), (5, 6), (6, 18), (18, 8), (8, 17), (17, 16), (16, 15)]}, padri: [24, 30], figli: [26], mosse: [(3, 3, 2, 3, 12), (2, 2, 5, 6, 15)]
26 -> costo: 61387.5, rotte: {3: [(1, 2), (2, 3), (3, 10), (10, 9), (9, 13), (13, 12), (12, 11), (11, 14)], 2: [(1, 4), (4, 7), (7, 5), (5, 6), (6, 8), (8, 18), (18, 17), (17, 16), (16, 15)]}, padri: [25, 27, 34], figli: [], mosse: [(2, 2, 8, 18, 5), (3, 3, 2, 3, 12), (2, 2, 5, 6, 15)]
27 -> costo: 61599.3, rotte: {3: [(1, 3), (3, 2), (2, 10), (10, 9), (9, 13), (13, 12), (12, 11), (11, 14)], 2: [(1, 4), (4, 7), (7, 5), (5, 6), (6, 8), (8, 18), (18, 17), (17, 16), (16, 15)]}, padri: [24, 31], figli: [26], mosse: [(2, 2, 8, 18, 5), (2, 2, 5, 6, 15)]
28 -> costo: 61880.99999999999, rotte: {3: [(1, 3), (3, 2), (2, 10), (10, 9), (9, 13), (13, 12), (12, 11), (11, 14)], 2: [(1, 4), (4, 7), (7, 5), (5, 18), (18, 8), (8, 6), (6, 17), (17, 16), (16, 15)]}, padri: [23, 32], figli: [29], mosse: [(2, 2, 8, 6, 15), (2, 2, 18, 8, 17)]
29 -> costo: 61669.19999999999, rotte: {3: [(1, 2), (2, 3), (3, 10), (10, 9), (9, 13), (13, 12), (12, 11), (11, 14)], 2: [(1, 4), (4, 7), (7, 5), (5, 18), (18, 8), (8, 6), (6, 17), (17, 16), (16, 15)]}, padri: [28, 30, 33], figli: [], mosse: [(3, 3, 2, 3, 12), (2, 2, 8, 6, 15), (2, 2, 18, 8, 17)]
30 -> costo: 61936.69999999999, rotte: {3: [(1, 2), (2, 3), (3, 10), (10, 9), (9, 13), (13, 12), (12, 11), (11, 14)], 2: [(1, 4), (4, 7), (7, 6), (6, 5), (5, 18), (18, 8), (8, 17), (17, 16), (16, 15)]}, padri: [23, 34], figli: [25, 19, 29], mosse: [(3, 3, 2, 3, 12), (2, 2, 18, 8, 17)]
31 -> costo: 62148.6, rotte: {3: [(1, 3), (3, 2), (2, 10), (10, 9), (9, 13), (13, 12), (12, 11), (11, 14)], 2: [(1, 4), (4, 7), (7, 6), (6, 5), (5, 8), (8, 18), (18, 17), (17, 16), (16, 15)]}, padri: [22], figli: [27, 16, 32, 34], mosse: [(2, 2, 5, 8, 17)]
32 -> costo: 61897.100000000006, rotte: {3: [(1, 3), (3, 2), (2, 10), (10, 9), (9, 13), (13, 12), (12, 11), (11, 14)], 2: [(1, 4), (4, 7), (7, 5), (5, 8), (8, 18), (18, 6), (6, 17), (17, 16), (16, 15)]}, padri: [31], figli: [33, 28], mosse: [(2, 2, 18, 6, 15)]
33 -> costo: 61685.3, rotte: {3: [(1, 2), (2, 3), (3, 10), (10, 9), (9, 13), (13, 12), (12, 11), (11, 14)], 2: [(1, 4), (4, 7), (7, 5), (5, 8), (8, 18), (18, 6), (6, 17), (17, 16), (16, 15)]}, padri: [32, 34], figli: [29], mosse: [(3, 3, 2, 3, 12), (2, 2, 18, 6, 15)]
34 -> costo: 61936.799999999996, rotte: {3: [(1, 2), (2, 3), (3, 10), (10, 9), (9, 13), (13, 12), (12, 11), (11, 14)], 2: [(1, 4), (4, 7), (7, 6), (6, 5), (5, 8), (8, 18), (18, 17), (17, 16), (16, 15)]}, padri: [31], figli: [26, 17, 33, 30], mosse: [(3, 3, 2, 3, 12)]
bestSolutionIndice: 26
26 -> costo: 61387.5, rotte: {3: [(1, 2), (2, 3), (3, 10), (10, 9), (9, 13), (13, 12), (12, 11), (11, 14)], 2: [(1, 4), (4, 7), (7, 5), (5, 6), (6, 8), (8, 18), (18, 17), (17, 16), (16, 15)]}, padri: [25, 27, 34], figli: [], mosse: [(2, 2, 8, 18, 5), (3, 3, 2, 3, 12), (2, 2, 5, 6, 15)]
trasportoPalletDiGamma: {3: [(2, 11), (3, 12), (10, 19), (9, 18), (13, 2), (12, 1), (11, 20), (14, 3)], 2: [(4, 13), (7, 16), (5, 14), (6, 15), (8, 17), (18, 5), (17, 6), (16, 5), (15, 4)]}
itMosseLS: 61, itMosseTS: 50
time elapsed: 421.78s.


##########################################################################################
s: 1
dictSolutions[1]:
0 -> costo: 146314.7, rotte: {3: [(1, 3), (3, 15), (15, 2), (2, 13), (13, 12), (12, 8), (8, 4), (4, 14), (14, 17), (17, 6)], 2: [(1, 16), (16, 9), (9, 18), (18, 5), (5, 7), (7, 10), (10, 11), (11, 6)]}, padri: [-1], figli: [1], mosse: [-1]
1 -> costo: 120724.30000000002, rotte: {3: [(1, 3), (3, 2), (2, 13), (13, 12), (12, 8), (8, 4), (4, 14), (14, 15), (15, 17), (17, 6)], 2: [(1, 16), (16, 9), (9, 18), (18, 5), (5, 7), (7, 10), (10, 11), (11, 6)]}, padri: [0], figli: [2], mosse: [(3, 3, 14, 15, 4)]
2 -> costo: 117097.50000000001, rotte: {3: [(1, 3), (3, 2), (2, 13), (13, 12), (12, 8), (8, 4), (4, 14), (14, 15), (15, 17), (17, 6)], 2: [(1, 16), (16, 9), (9, 18), (18, 5), (5, 7), (7, 10), (10, 6), (6, 11)]}, padri: [1], figli: [3], mosse: [(2, 2, 11, 6)]
3 -> costo: 96842.10000000002, rotte: {3: [(1, 3), (3, 2), (2, 13), (13, 12), (12, 8), (8, 4), (4, 14), (14, 15), (15, 16), (16, 17), (17, 6)], 2: [(1, 9), (9, 18), (18, 5), (5, 7), (7, 10), (10, 6), (6, 11)]}, padri: [2], figli: [4], mosse: [(3, 2, 15, 16, 5)]
4 -> costo: 83184.10000000002, rotte: {3: [(1, 3), (3, 2), (2, 13), (13, 12), (12, 8), (8, 6), (6, 4), (4, 14), (14, 15), (15, 16), (16, 17)], 2: [(1, 9), (9, 18), (18, 5), (5, 7), (7, 10), (10, 6), (6, 11)]}, padri: [3], figli: [5], mosse: [(3, 3, 8, 6, 12)]
5 -> costo: 83104.70000000001, rotte: {3: [(1, 3), (3, 2), (2, 13), (13, 12), (12, 8), (8, 6), (6, 4), (4, 14), (14, 15), (15, 17), (17, 16)], 2: [(1, 9), (9, 18), (18, 5), (5, 7), (7, 10), (10, 6), (6, 11)]}, padri: [4], figli: [6], mosse: [(3, 3, 16, 17)]
6 -> costo: 79966.1, rotte: {3: [(1, 3), (3, 2), (2, 13), (13, 12), (12, 8), (8, 6), (6, 4), (4, 14), (14, 15), (15, 17), (17, 16)], 2: [(1, 9), (9, 18), (18, 5), (5, 7), (7, 6), (6, 10), (10, 11)]}, padri: [5], figli: [7], mosse: [(2, 2, 6, 10, 19)]
7 -> costo: 79377.8, rotte: {3: [(1, 3), (3, 2), (2, 13), (13, 8), (8, 6), (6, 4), (4, 14), (14, 12), (12, 15), (15, 17), (17, 16)], 2: [(1, 9), (9, 18), (18, 5), (5, 7), (7, 6), (6, 10), (10, 11)]}, padri: [6], figli: [8], mosse: [(3, 3, 14, 12, 1)]
8 -> costo: 70165.4, rotte: {3: [(1, 3), (3, 2), (2, 8), (8, 6), (6, 4), (4, 14), (14, 13), (13, 12), (12, 15), (15, 17), (17, 16)], 2: [(1, 9), (9, 18), (18, 5), (5, 7), (7, 6), (6, 10), (10, 11)]}, padri: [7], figli: [9], mosse: [(3, 3, 14, 13, 2)]
9 -> costo: 69031.20000000001, rotte: {3: [(1, 3), (3, 2), (2, 6), (6, 4), (4, 8), (8, 14), (14, 13), (13, 12), (12, 15), (15, 17), (17, 16)], 2: [(1, 9), (9, 18), (18, 5), (5, 7), (7, 6), (6, 10), (10, 11)]}, padri: [8], figli: [10], mosse: [(3, 3, 4, 8, 17)]
10 -> costo: 67656.6, rotte: {3: [(1, 3), (3, 2), (2, 4), (4, 6), (6, 8), (8, 14), (14, 13), (13, 12), (12, 15), (15, 17), (17, 16)], 2: [(1, 9), (9, 18), (18, 5), (5, 7), (7, 6), (6, 10), (10, 11)]}, padri: [9], figli: [11, 25], mosse: [(3, 3, 4, 6, 12)]
11 -> costo: 67306.79999999999, rotte: {3: [(1, 2), (2, 3), (3, 4), (4, 6), (6, 8), (8, 14), (14, 13), (13, 12), (12, 15), (15, 17), (17, 16)], 2: [(1, 9), (9, 18), (18, 5), (5, 7), (7, 6), (6, 10), (10, 11)]}, padri: [10], figli: [12, 19, 27], mosse: [(3, 3, 2, 3, 12)]
12 -> costo: 67197.79999999999, rotte: {3: [(1, 2), (2, 3), (3, 4), (4, 6), (6, 8), (8, 14), (14, 13), (13, 12), (12, 17), (17, 16), (16, 15)], 2: [(1, 9), (9, 18), (18, 5), (5, 7), (7, 6), (6, 10), (10, 11)]}, padri: [11, 26], figli: [13], mosse: [(3, 3, 16, 15, 4), (3, 3, 3, 4, 13)]
13 -> costo: 67184.4, rotte: {3: [(1, 2), (2, 3), (3, 4), (4, 6), (6, 8), (8, 14), (14, 13), (13, 12), (12, 17), (17, 16), (16, 15)], 2: [(1, 18), (18, 5), (5, 7), (7, 6), (6, 10), (10, 9), (9, 11)]}, padri: [12, 19], figli: [14, 15, 16, 17, 18], mosse: [(2, 2, 10, 9, 18), (3, 3, 16, 15, 4)]
14 -> costo: 65904.19999999998, rotte: {3: [(1, 2), (2, 3), (3, 4), (4, 6), (6, 18), (18, 8), (8, 14), (14, 13), (13, 12), (12, 17), (17, 16), (16, 15)], 2: [(1, 5), (5, 7), (7, 6), (6, 10), (10, 9), (9, 11)]}, padri: [13, 18, 20, 28], figli: [], mosse: [(3, 2, 6, 18, 5), (3, 3, 6, 18, 5), (3, 3, 16, 15, 4), (3, 3, 3, 4, 13)]
15 -> costo: 65942.49999999999, rotte: {3: [(1, 2), (2, 3), (3, 4), (4, 6), (6, 8), (8, 14), (14, 13), (13, 12), (12, 17), (17, 16), (16, 15)], 2: [(1, 5), (5, 7), (7, 6), (6, 10), (10, 18), (18, 9), (9, 11)]}, padri: [13, 16, 21, 29], figli: [], mosse: [(2, 2, 10, 18, 5), (2, 2, 10, 18, 5), (3, 3, 16, 15, 4), (3, 3, 3, 4, 13)]
16 -> costo: 66017.9, rotte: {3: [(1, 2), (2, 3), (3, 4), (4, 6), (6, 8), (8, 14), (14, 13), (13, 12), (12, 17), (17, 16), (16, 15)], 2: [(1, 5), (5, 7), (7, 6), (6, 18), (18, 10), (10, 9), (9, 11)]}, padri: [13, 22, 30], figli: [15, 17], mosse: [(2, 2, 6, 18, 5), (3, 3, 16, 15, 4), (3, 3, 3, 4, 13)]
17 -> costo: 65977.0, rotte: {3: [(1, 2), (2, 3), (3, 4), (4, 6), (6, 8), (8, 14), (14, 13), (13, 12), (12, 17), (17, 16), (16, 15)], 2: [(1, 5), (5, 7), (7, 6), (6, 18), (18, 9), (9, 10), (10, 11)]}, padri: [16, 23, 31], figli: [], mosse: [(2, 2, 9, 10, 19), (3, 3, 16, 15, 4), (3, 3, 3, 4, 13)]
18 -> costo: 66650.59999999999, rotte: {3: [(1, 2), (2, 3), (3, 4), (4, 18), (18, 6), (6, 8), (8, 14), (14, 13), (13, 12), (12, 17), (17, 16), (16, 15)], 2: [(1, 5), (5, 7), (7, 6), (6, 10), (10, 9), (9, 11)]}, padri: [13, 24], figli: [14], mosse: [(3, 2, 4, 18, 5), (3, 3, 16, 15, 4)]
19 -> costo: 67293.4, rotte: {3: [(1, 2), (2, 3), (3, 4), (4, 6), (6, 8), (8, 14), (14, 13), (13, 12), (12, 15), (15, 17), (17, 16)], 2: [(1, 18), (18, 5), (5, 7), (7, 6), (6, 10), (10, 9), (9, 11)]}, padri: [11], figli: [20, 21, 22, 23, 24, 13], mosse: [(2, 2, 10, 9, 18)]
20 -> costo: 66013.19999999998, rotte: {3: [(1, 2), (2, 3), (3, 4), (4, 6), (6, 18), (18, 8), (8, 14), (14, 13), (13, 12), (12, 15), (15, 17), (17, 16)], 2: [(1, 5), (5, 7), (7, 6), (6, 10), (10, 9), (9, 11)]}, padri: [19, 24], figli: [14], mosse: [(3, 2, 6, 18, 5), (3, 3, 6, 18, 5)]
21 -> costo: 66051.5, rotte: {3: [(1, 2), (2, 3), (3, 4), (4, 6), (6, 8), (8, 14), (14, 13), (13, 12), (12, 15), (15, 17), (17, 16)], 2: [(1, 5), (5, 7), (7, 6), (6, 10), (10, 18), (18, 9), (9, 11)]}, padri: [19, 22], figli: [15], mosse: [(2, 2, 10, 18, 5), (2, 2, 10, 18, 5)]
22 -> costo: 66126.9, rotte: {3: [(1, 2), (2, 3), (3, 4), (4, 6), (6, 8), (8, 14), (14, 13), (13, 12), (12, 15), (15, 17), (17, 16)], 2: [(1, 5), (5, 7), (7, 6), (6, 18), (18, 10), (10, 9), (9, 11)]}, padri: [19], figli: [16, 21, 23], mosse: [(2, 2, 6, 18, 5)]
23 -> costo: 66086.0, rotte: {3: [(1, 2), (2, 3), (3, 4), (4, 6), (6, 8), (8, 14), (14, 13), (13, 12), (12, 15), (15, 17), (17, 16)], 2: [(1, 5), (5, 7), (7, 6), (6, 18), (18, 9), (9, 10), (10, 11)]}, padri: [22], figli: [17], mosse: [(2, 2, 9, 10, 19)]
24 -> costo: 66759.59999999999, rotte: {3: [(1, 2), (2, 3), (3, 4), (4, 18), (18, 6), (6, 8), (8, 14), (14, 13), (13, 12), (12, 15), (15, 17), (17, 16)], 2: [(1, 5), (5, 7), (7, 6), (6, 10), (10, 9), (9, 11)]}, padri: [19], figli: [20, 18], mosse: [(3, 2, 4, 18, 5)]
25 -> costo: 67415.5, rotte: {3: [(1, 2), (2, 4), (4, 3), (3, 6), (6, 8), (8, 14), (14, 13), (13, 12), (12, 15), (15, 17), (17, 16)], 2: [(1, 9), (9, 18), (18, 5), (5, 7), (7, 6), (6, 10), (10, 11)]}, padri: [10], figli: [26], mosse: [(3, 3, 4, 3, 12)]
26 -> costo: 67306.5, rotte: {3: [(1, 2), (2, 4), (4, 3), (3, 6), (6, 8), (8, 14), (14, 13), (13, 12), (12, 17), (17, 16), (16, 15)], 2: [(1, 9), (9, 18), (18, 5), (5, 7), (7, 6), (6, 10), (10, 11)]}, padri: [25], figli: [12, 27], mosse: [(3, 3, 16, 15, 4)]
27 -> costo: 67293.09999999999, rotte: {3: [(1, 2), (2, 4), (4, 3), (3, 6), (6, 8), (8, 14), (14, 13), (13, 12), (12, 17), (17, 16), (16, 15)], 2: [(1, 18), (18, 5), (5, 7), (7, 6), (6, 10), (10, 9), (9, 11)]}, padri: [26], figli: [28, 29, 30, 31, 32], mosse: [(2, 2, 10, 9, 18)]
28 -> costo: 66012.89999999998, rotte: {3: [(1, 2), (2, 4), (4, 3), (3, 6), (6, 18), (18, 8), (8, 14), (14, 13), (13, 12), (12, 17), (17, 16), (16, 15)], 2: [(1, 5), (5, 7), (7, 6), (6, 10), (10, 9), (9, 11)]}, padri: [27, 32], figli: [14], mosse: [(3, 2, 6, 18, 5), (3, 3, 6, 18, 5)]
29 -> costo: 66051.2, rotte: {3: [(1, 2), (2, 4), (4, 3), (3, 6), (6, 8), (8, 14), (14, 13), (13, 12), (12, 17), (17, 16), (16, 15)], 2: [(1, 5), (5, 7), (7, 6), (6, 10), (10, 18), (18, 9), (9, 11)]}, padri: [27, 30], figli: [15], mosse: [(2, 2, 10, 18, 5), (2, 2, 10, 18, 5)]
30 -> costo: 66126.59999999999, rotte: {3: [(1, 2), (2, 4), (4, 3), (3, 6), (6, 8), (8, 14), (14, 13), (13, 12), (12, 17), (17, 16), (16, 15)], 2: [(1, 5), (5, 7), (7, 6), (6, 18), (18, 10), (10, 9), (9, 11)]}, padri: [27], figli: [16, 29, 31], mosse: [(2, 2, 6, 18, 5)]
31 -> costo: 66085.7, rotte: {3: [(1, 2), (2, 4), (4, 3), (3, 6), (6, 8), (8, 14), (14, 13), (13, 12), (12, 17), (17, 16), (16, 15)], 2: [(1, 5), (5, 7), (7, 6), (6, 18), (18, 9), (9, 10), (10, 11)]}, padri: [30], figli: [17], mosse: [(2, 2, 9, 10, 19)]
32 -> costo: 66690.59999999999, rotte: {3: [(1, 2), (2, 4), (4, 3), (3, 18), (18, 6), (6, 8), (8, 14), (14, 13), (13, 12), (12, 17), (17, 16), (16, 15)], 2: [(1, 5), (5, 7), (7, 6), (6, 10), (10, 9), (9, 11)]}, padri: [27], figli: [28], mosse: [(3, 2, 3, 18, 5)]
bestSolutionIndice: 14
14 -> costo: 65904.19999999998, rotte: {3: [(1, 2), (2, 3), (3, 4), (4, 6), (6, 18), (18, 8), (8, 14), (14, 13), (13, 12), (12, 17), (17, 16), (16, 15)], 2: [(1, 5), (5, 7), (7, 6), (6, 10), (10, 9), (9, 11)]}, padri: [13, 18, 20, 28], figli: [], mosse: [(3, 2, 6, 18, 5), (3, 3, 6, 18, 5), (3, 3, 16, 15, 4), (3, 3, 3, 4, 13)]
trasportoPalletDiGamma: {3: [(2, 11), (3, 12), (4, 13), (6, 12), (18, 5), (8, 17), (14, 3), (13, 2), (12, 1), (17, 6), (16, 5), (15, 4)], 2: [(5, 14), (7, 16), (6, 3), (10, 19), (9, 18), (11, 20)]}
itMosseLS: 49, itMosseTS: 34
time elapsed: 527.28s.


##########################################################################################
##########################################################################################
##########################################################################################
