itNSIMax: 10, itMosseTSMax: 20.
##########################################################################################
s: 1
dictSolutions[1]:
0 -> costo: 151490.69999999998, rotte: {2: [(1, 7), (7, 12), (12, 6), (6, 13), (13, 8), (8, 14), (14, 2), (2, 3), (3, 16)], 3: [(1, 4), (4, 10), (10, 9), (9, 17), (17, 18), (18, 15), (15, 11), (11, 5)]}, padri: [-1], figli: [1], mosse: [-1]
1 -> costo: 124504.79999999999, rotte: {2: [(1, 7), (7, 12), (12, 6), (6, 13), (13, 8), (8, 14), (14, 2), (2, 3), (3, 16)], 3: [(1, 4), (4, 10), (10, 9), (9, 18), (18, 17), (17, 15), (15, 11), (11, 5)]}, padri: [0], figli: [2], mosse: [(3, 3, 18, 17, 6)]
2 -> costo: 111138.8, rotte: {2: [(1, 7), (7, 6), (6, 12), (12, 13), (13, 8), (8, 14), (14, 2), (2, 3), (3, 16)], 3: [(1, 4), (4, 10), (10, 9), (9, 18), (18, 17), (17, 15), (15, 11), (11, 5)]}, padri: [1], figli: [3], mosse: [(2, 2, 6, 12, 1)]
3 -> costo: 102001.50000000001, rotte: {2: [(1, 7), (7, 6), (6, 12), (12, 13), (13, 14), (14, 8), (8, 2), (2, 3), (3, 16)], 3: [(1, 4), (4, 10), (10, 9), (9, 18), (18, 17), (17, 15), (15, 11), (11, 5)]}, padri: [2], figli: [4], mosse: [(2, 2, 14, 8, 17)]
4 -> costo: 96831.3, rotte: {2: [(1, 7), (7, 6), (6, 12), (12, 13), (13, 14), (14, 8), (8, 2), (2, 3), (3, 16)], 3: [(1, 5), (5, 4), (4, 10), (10, 9), (9, 18), (18, 17), (17, 15), (15, 11)]}, padri: [3], figli: [5], mosse: [(3, 3, 1, 5, 14)]
5 -> costo: 88048.7, rotte: {2: [(1, 7), (7, 6), (6, 12), (12, 13), (13, 14), (14, 8), (8, 2), (2, 3), (3, 16)], 3: [(1, 5), (5, 4), (4, 10), (10, 9), (9, 18), (18, 11), (11, 17), (17, 15)]}, padri: [4], figli: [6], mosse: [(3, 3, 18, 11, 20)]
6 -> costo: 86313.1, rotte: {2: [(1, 5), (5, 7), (7, 6), (6, 12), (12, 13), (13, 14), (14, 8), (8, 2), (2, 3), (3, 16)], 3: [(1, 4), (4, 10), (10, 9), (9, 18), (18, 11), (11, 17), (17, 15)]}, padri: [5], figli: [7, 11], mosse: [(2, 3, 1, 5, 14)]
7 -> costo: 85048.50000000003, rotte: {2: [(1, 5), (5, 7), (7, 6), (6, 12), (12, 13), (13, 14), (14, 8), (8, 2), (2, 3), (3, 16)], 3: [(1, 4), (4, 10), (10, 18), (18, 9), (9, 11), (11, 17), (17, 15)]}, padri: [6], figli: [8, 10], mosse: [(3, 3, 18, 9, 18)]
8 -> costo: 84836.70000000003, rotte: {2: [(1, 5), (5, 7), (7, 6), (6, 12), (12, 13), (13, 14), (14, 8), (8, 3), (3, 2), (2, 16)], 3: [(1, 4), (4, 10), (10, 18), (18, 9), (9, 11), (11, 17), (17, 15)]}, padri: [7, 17], figli: [9], mosse: [(2, 2, 3, 2, 11), (3, 3, 10, 18, 5)]
9 -> costo: 84684.10000000002, rotte: {2: [(1, 5), (5, 7), (7, 6), (6, 13), (13, 12), (12, 14), (14, 8), (8, 3), (3, 2), (2, 16)], 3: [(1, 4), (4, 10), (10, 18), (18, 9), (9, 11), (11, 17), (17, 15)]}, padri: [8, 10, 15], figli: [], mosse: [(2, 2, 13, 12, 1), (2, 2, 3, 2, 11), (3, 3, 10, 18, 5)]
10 -> costo: 84895.90000000002, rotte: {2: [(1, 5), (5, 7), (7, 6), (6, 13), (13, 12), (12, 14), (14, 8), (8, 2), (2, 3), (3, 16)], 3: [(1, 4), (4, 10), (10, 18), (18, 9), (9, 11), (11, 17), (17, 15)]}, padri: [7, 20], figli: [9], mosse: [(2, 2, 13, 12, 1), (3, 3, 10, 18, 5)]
11 -> costo: 85885.30000000002, rotte: {2: [(1, 5), (5, 7), (7, 6), (6, 12), (12, 13), (13, 14), (14, 8), (8, 2), (2, 3), (3, 16)], 3: [(1, 4), (4, 9), (9, 18), (18, 10), (10, 11), (11, 17), (17, 15)]}, padri: [6], figli: [12, 18], mosse: [(3, 3, 18, 10, 19)]
12 -> costo: 85673.50000000001, rotte: {2: [(1, 5), (5, 7), (7, 6), (6, 12), (12, 13), (13, 14), (14, 8), (8, 3), (3, 2), (2, 16)], 3: [(1, 4), (4, 9), (9, 18), (18, 10), (10, 11), (11, 17), (17, 15)]}, padri: [11], figli: [13, 16, 17, 19], mosse: [(2, 2, 3, 2, 11)]
13 -> costo: 85520.90000000001, rotte: {2: [(1, 5), (5, 7), (7, 6), (6, 13), (13, 12), (12, 14), (14, 8), (8, 3), (3, 2), (2, 16)], 3: [(1, 4), (4, 9), (9, 18), (18, 10), (10, 11), (11, 17), (17, 15)]}, padri: [12, 18], figli: [14, 15], mosse: [(2, 2, 13, 12, 1), (2, 2, 3, 2, 11)]
14 -> costo: 85466.6, rotte: {2: [(1, 5), (5, 7), (7, 6), (6, 13), (13, 12), (12, 14), (14, 8), (8, 3), (3, 2), (2, 16)], 3: [(1, 4), (4, 18), (18, 9), (9, 10), (10, 11), (11, 17), (17, 15)]}, padri: [13, 15, 16, 19], figli: [], mosse: [(3, 3, 18, 9, 18), (3, 3, 9, 10, 19), (2, 2, 13, 12, 1), (2, 2, 3, 2, 11)]
15 -> costo: 85507.5, rotte: {2: [(1, 5), (5, 7), (7, 6), (6, 13), (13, 12), (12, 14), (14, 8), (8, 3), (3, 2), (2, 16)], 3: [(1, 4), (4, 18), (18, 10), (10, 9), (9, 11), (11, 17), (17, 15)]}, padri: [13, 17], figli: [9, 14], mosse: [(3, 3, 10, 9, 18), (2, 2, 13, 12, 1)]
16 -> costo: 85619.20000000001, rotte: {2: [(1, 5), (5, 7), (7, 6), (6, 12), (12, 13), (13, 14), (14, 8), (8, 3), (3, 2), (2, 16)], 3: [(1, 4), (4, 18), (18, 9), (9, 10), (10, 11), (11, 17), (17, 15)]}, padri: [12, 17], figli: [14], mosse: [(3, 3, 18, 9, 18), (3, 3, 9, 10, 19)]
17 -> costo: 85660.1, rotte: {2: [(1, 5), (5, 7), (7, 6), (6, 12), (12, 13), (13, 14), (14, 8), (8, 3), (3, 2), (2, 16)], 3: [(1, 4), (4, 18), (18, 10), (10, 9), (9, 11), (11, 17), (17, 15)]}, padri: [12], figli: [8, 15, 16], mosse: [(3, 3, 10, 9, 18)]
18 -> costo: 85732.7, rotte: {2: [(1, 5), (5, 7), (7, 6), (6, 13), (13, 12), (12, 14), (14, 8), (8, 2), (2, 3), (3, 16)], 3: [(1, 4), (4, 9), (9, 18), (18, 10), (10, 11), (11, 17), (17, 15)]}, padri: [11], figli: [13, 19, 20], mosse: [(2, 2, 13, 12, 1)]
19 -> costo: 85678.40000000002, rotte: {2: [(1, 5), (5, 7), (7, 6), (6, 13), (13, 12), (12, 14), (14, 8), (8, 2), (2, 3), (3, 16)], 3: [(1, 4), (4, 18), (18, 9), (9, 10), (10, 11), (11, 17), (17, 15)]}, padri: [18], figli: [14], mosse: [(3, 3, 18, 9, 18)]
20 -> costo: 85719.3, rotte: {2: [(1, 5), (5, 7), (7, 6), (6, 13), (13, 12), (12, 14), (14, 8), (8, 2), (2, 3), (3, 16)], 3: [(1, 4), (4, 18), (18, 10), (10, 9), (9, 11), (11, 17), (17, 15)]}, padri: [18], figli: [10], mosse: [(3, 3, 10, 9, 18)]
bestSolutionIndice: 9
9 -> costo: 84684.10000000002, rotte: {2: [(1, 5), (5, 7), (7, 6), (6, 13), (13, 12), (12, 14), (14, 8), (8, 3), (3, 2), (2, 16)], 3: [(1, 4), (4, 10), (10, 18), (18, 9), (9, 11), (11, 17), (17, 15)]}, padri: [8, 10, 15], figli: [], mosse: [(2, 2, 13, 12, 1), (2, 2, 3, 2, 11), (3, 3, 10, 18, 5)]
trasportoPalletDiGamma: {2: [(5, 14), (7, 16), (6, 15), (13, 2), (12, 1), (14, 3), (8, 17), (3, 12), (2, 11), (16, 5)], 3: [(4, 13), (10, 19), (18, 5), (9, 18), (11, 20), (17, 6), (15, 4)]}
itMosseLS: 30, itMosseTS: 20
time elapsed: 408.83s.


##########################################################################################
s: 1
dictSolutions[1]:
0 -> costo: 146652.30000000002, rotte: {3: [(1, 3), (3, 18), (18, 11), (11, 4), (4, 7), (7, 8), (8, 2), (2, 6)], 2: [(1, 12), (12, 15), (15, 10), (10, 9), (9, 16), (16, 5), (5, 14), (14, 13), (13, 17), (17, 6)]}, padri: [-1], figli: [1], mosse: [-1]
1 -> costo: 120094.4, rotte: {3: [(1, 3), (3, 18), (18, 11), (11, 4), (4, 7), (7, 8), (8, 2), (2, 6)], 2: [(1, 12), (12, 15), (15, 10), (10, 9), (9, 5), (5, 14), (14, 13), (13, 16), (16, 17), (17, 6)]}, padri: [0], figli: [2], mosse: [(2, 2, 13, 16, 5)]
2 -> costo: 100242.1, rotte: {3: [(1, 3), (3, 18), (18, 11), (11, 4), (4, 7), (7, 8), (8, 2), (2, 6)], 2: [(1, 12), (12, 10), (10, 9), (9, 5), (5, 14), (14, 13), (13, 16), (16, 17), (17, 15), (15, 6)]}, padri: [1], figli: [3], mosse: [(2, 2, 17, 15, 4)]
3 -> costo: 86279.4, rotte: {3: [(1, 3), (3, 18), (18, 11), (11, 4), (4, 7), (7, 8), (8, 2), (2, 6)], 2: [(1, 12), (12, 10), (10, 9), (9, 6), (6, 5), (5, 14), (14, 13), (13, 16), (16, 17), (17, 15)]}, padri: [2], figli: [4], mosse: [(2, 2, 9, 6, 9)]
4 -> costo: 77502.6, rotte: {3: [(1, 3), (3, 18), (18, 11), (11, 4), (4, 7), (7, 8), (8, 2), (2, 6)], 2: [(1, 10), (10, 9), (9, 6), (6, 5), (5, 14), (14, 13), (13, 12), (12, 16), (16, 17), (17, 15)]}, padri: [3], figli: [5], mosse: [(2, 2, 13, 12, 1)]
5 -> costo: 73454.5, rotte: {3: [(1, 3), (3, 18), (18, 4), (4, 7), (7, 8), (8, 2), (2, 6), (6, 11)], 2: [(1, 10), (10, 9), (9, 6), (6, 5), (5, 14), (14, 13), (13, 12), (12, 16), (16, 17), (17, 15)]}, padri: [4], figli: [6], mosse: [(3, 3, 6, 11, 20)]
6 -> costo: 71328.70000000001, rotte: {3: [(1, 3), (3, 4), (4, 7), (7, 8), (8, 18), (18, 2), (2, 6), (6, 11)], 2: [(1, 10), (10, 9), (9, 6), (6, 5), (5, 14), (14, 13), (13, 12), (12, 16), (16, 17), (17, 15)]}, padri: [5], figli: [7, 7, 7, 7, 7, 7, 7, 7, 7, 7], mosse: [(3, 3, 8, 18, 5)]
7 -> costo: 70073.90000000001, rotte: {3: [(1, 3), (3, 4), (4, 7), (7, 8), (8, 18), (18, 2), (2, 11)], 2: [(1, 10), (10, 9), (9, 6), (6, 5), (5, 14), (14, 13), (13, 12), (12, 16), (16, 17), (17, 15)]}, padri: [6, 6, 6, 6, 6, 6, 6, 6, 6, 6], figli: [8, 12], mosse: [(2, 3, 1, 6, 6), (2, 3, 10, 6, 6), (2, 3, 9, 6, 6), (2, 3, 5, 6, 6), (2, 3, 14, 6, 6), (2, 3, 13, 6, 6), (2, 3, 12, 6, 6), (2, 3, 16, 6, 6), (2, 3, 17, 6, 6), (2, 3, 15, 6, 6)]
8 -> costo: 69078.40000000001, rotte: {3: [(1, 3), (3, 4), (4, 7), (7, 8), (8, 18), (18, 2), (2, 11)], 2: [(1, 10), (10, 6), (6, 5), (5, 9), (9, 14), (14, 13), (13, 12), (12, 16), (16, 17), (17, 15)]}, padri: [7], figli: [9, 11, 13], mosse: [(2, 2, 5, 9, 18)]
9 -> costo: 68723.30000000002, rotte: {3: [(1, 3), (3, 4), (4, 7), (7, 8), (8, 18), (18, 2), (2, 11)], 2: [(1, 10), (10, 5), (5, 6), (6, 9), (9, 14), (14, 13), (13, 12), (12, 16), (16, 17), (17, 15)]}, padri: [8], figli: [10], mosse: [(2, 2, 5, 6, 15)]
10 -> costo: 68672.6, rotte: {3: [(1, 3), (3, 4), (4, 7), (7, 8), (8, 18), (18, 2), (2, 11)], 2: [(1, 5), (5, 6), (6, 10), (10, 9), (9, 14), (14, 13), (13, 12), (12, 16), (16, 17), (17, 15)]}, padri: [9, 11, 14], figli: [], mosse: [(2, 2, 6, 10, 19), (2, 2, 5, 6, 15), (2, 2, 10, 9, 18)]
11 -> costo: 69009.40000000001, rotte: {3: [(1, 3), (3, 4), (4, 7), (7, 8), (8, 18), (18, 2), (2, 11)], 2: [(1, 6), (6, 5), (5, 10), (10, 9), (9, 14), (14, 13), (13, 12), (12, 16), (16, 17), (17, 15)]}, padri: [8, 12, 13], figli: [10], mosse: [(2, 2, 5, 10, 19), (2, 2, 10, 9, 18), (2, 2, 10, 9, 18)]
12 -> costo: 69658.2, rotte: {3: [(1, 3), (3, 4), (4, 7), (7, 8), (8, 18), (18, 2), (2, 11)], 2: [(1, 9), (9, 6), (6, 5), (5, 10), (10, 14), (14, 13), (13, 12), (12, 16), (16, 17), (17, 15)]}, padri: [7], figli: [11, 13], mosse: [(2, 2, 5, 10, 19)]
13 -> costo: 69465.90000000001, rotte: {3: [(1, 3), (3, 4), (4, 7), (7, 8), (8, 18), (18, 2), (2, 11)], 2: [(1, 6), (6, 5), (5, 9), (9, 10), (10, 14), (14, 13), (13, 12), (12, 16), (16, 17), (17, 15)]}, padri: [12], figli: [14, 11], mosse: [(2, 2, 5, 9, 18)]
14 -> costo: 68775.20000000001, rotte: {3: [(1, 3), (3, 4), (4, 7), (7, 8), (8, 18), (18, 2), (2, 11)], 2: [(1, 5), (5, 6), (6, 9), (9, 10), (10, 14), (14, 13), (13, 12), (12, 16), (16, 17), (17, 15)]}, padri: [13], figli: [10], mosse: [(2, 2, 5, 6, 15)]
bestSolutionIndice: 10
10 -> costo: 68672.6, rotte: {3: [(1, 3), (3, 4), (4, 7), (7, 8), (8, 18), (18, 2), (2, 11)], 2: [(1, 5), (5, 6), (6, 10), (10, 9), (9, 14), (14, 13), (13, 12), (12, 16), (16, 17), (17, 15)]}, padri: [9, 11, 14], figli: [], mosse: [(2, 2, 6, 10, 19), (2, 2, 5, 6, 15), (2, 2, 10, 9, 18)]
trasportoPalletDiGamma: {3: [(3, 12), (4, 13), (7, 16), (8, 17), (18, 5), (2, 11), (11, 20)], 2: [(5, 14), (6, 15), (10, 19), (9, 18), (14, 3), (13, 2), (12, 1), (16, 5), (17, 6), (15, 4)]}
itMosseLS: 27, itMosseTS: 20
time elapsed: 432.79s.


##########################################################################################
s: 1
dictSolutions[1]:
0 -> costo: 153273.79999999996, rotte: {2: [(1, 8), (8, 15), (15, 12), (12, 10), (10, 4), (4, 14), (14, 18), (18, 16), (16, 3), (3, 17)], 3: [(1, 5), (5, 6), (6, 9), (9, 13), (13, 11), (11, 7), (7, 2), (2, 17)]}, padri: [-1], figli: [1], mosse: [-1]
1 -> costo: 127067.30000000002, rotte: {2: [(1, 8), (8, 15), (15, 12), (12, 10), (10, 4), (4, 14), (14, 18), (18, 3), (3, 17), (17, 16)], 3: [(1, 5), (5, 6), (6, 9), (9, 13), (13, 11), (11, 7), (7, 2), (2, 17)]}, padri: [0], figli: [2], mosse: [(2, 2, 17, 16, 5)]
2 -> costo: 106046.60000000002, rotte: {2: [(1, 8), (8, 12), (12, 10), (10, 4), (4, 14), (14, 18), (18, 3), (3, 17), (17, 16), (16, 15)], 3: [(1, 5), (5, 6), (6, 9), (9, 13), (13, 11), (11, 7), (7, 2), (2, 17)]}, padri: [1], figli: [3], mosse: [(2, 2, 16, 15, 4)]
3 -> costo: 92764.10000000002, rotte: {2: [(1, 8), (8, 12), (12, 10), (10, 4), (4, 14), (14, 18), (18, 3), (3, 17), (17, 16), (16, 15)], 3: [(1, 5), (5, 6), (6, 9), (9, 13), (13, 11), (11, 7), (7, 2)]}, padri: [2], figli: [4], mosse: [(2, 3, 1, 17, 4)]
4 -> costo: 83901.8, rotte: {2: [(1, 8), (8, 10), (10, 4), (4, 12), (12, 14), (14, 18), (18, 3), (3, 17), (17, 16), (16, 15)], 3: [(1, 5), (5, 6), (6, 9), (9, 13), (13, 11), (11, 7), (7, 2)]}, padri: [3], figli: [5], mosse: [(2, 2, 4, 12, 1)]
5 -> costo: 81661.20000000001, rotte: {2: [(1, 10), (10, 4), (4, 12), (12, 14), (14, 8), (8, 18), (18, 3), (3, 17), (17, 16), (16, 15)], 3: [(1, 5), (5, 6), (6, 9), (9, 13), (13, 11), (11, 7), (7, 2)]}, padri: [4], figli: [6], mosse: [(2, 2, 14, 8, 17)]
6 -> costo: 79890.0, rotte: {2: [(1, 10), (10, 12), (12, 14), (14, 8), (8, 18), (18, 4), (4, 3), (3, 17), (17, 16), (16, 15)], 3: [(1, 5), (5, 6), (6, 9), (9, 13), (13, 11), (11, 7), (7, 2)]}, padri: [5], figli: [7], mosse: [(2, 2, 18, 4, 13)]
7 -> costo: 78284.3, rotte: {2: [(1, 10), (10, 12), (12, 14), (14, 8), (8, 18), (18, 4), (4, 3), (3, 17), (17, 16), (16, 15)], 3: [(1, 6), (6, 9), (9, 13), (13, 11), (11, 7), (7, 5), (5, 2)]}, padri: [6], figli: [8], mosse: [(3, 3, 7, 5, 14)]
8 -> costo: 76884.4, rotte: {2: [(1, 12), (12, 14), (14, 8), (8, 18), (18, 10), (10, 4), (4, 3), (3, 17), (17, 16), (16, 15)], 3: [(1, 6), (6, 9), (9, 13), (13, 11), (11, 7), (7, 5), (5, 2)]}, padri: [7], figli: [9], mosse: [(2, 2, 18, 10, 19)]
9 -> costo: 75670.9, rotte: {2: [(1, 12), (12, 14), (14, 8), (8, 18), (18, 10), (10, 4), (4, 3), (3, 17), (17, 16), (16, 15)], 3: [(1, 9), (9, 13), (13, 11), (11, 6), (6, 7), (7, 5), (5, 2)]}, padri: [8], figli: [10], mosse: [(3, 3, 11, 6, 15)]
10 -> costo: 72858.6, rotte: {2: [(1, 12), (12, 14), (14, 8), (8, 18), (18, 10), (10, 4), (4, 3), (3, 17), (17, 16), (16, 15)], 3: [(1, 13), (13, 11), (11, 9), (9, 6), (6, 7), (7, 5), (5, 2)]}, padri: [9], figli: [11], mosse: [(3, 3, 11, 9, 18)]
11 -> costo: 72493.6, rotte: {2: [(1, 14), (14, 8), (8, 18), (18, 10), (10, 4), (4, 3), (3, 17), (17, 16), (16, 15)], 3: [(1, 13), (13, 12), (12, 11), (11, 9), (9, 6), (6, 7), (7, 5), (5, 2)]}, padri: [10], figli: [12, 14, 15, 20, 21, 23], mosse: [(3, 2, 13, 12, 1)]
12 -> costo: 65026.700000000004, rotte: {2: [(1, 8), (8, 18), (18, 10), (10, 4), (4, 3), (3, 17), (17, 16), (16, 15)], 3: [(1, 13), (13, 12), (12, 11), (11, 14), (14, 9), (9, 6), (6, 7), (7, 5), (5, 2)]}, padri: [11, 14, 20, 22], figli: [13], mosse: [(3, 2, 11, 14, 3), (3, 3, 11, 14, 3), (3, 3, 11, 14, 3), (3, 3, 12, 11, 20)]
13 -> costo: 64972.4, rotte: {2: [(1, 18), (18, 8), (8, 10), (10, 4), (4, 3), (3, 17), (17, 16), (16, 15)], 3: [(1, 13), (13, 12), (12, 11), (11, 14), (14, 9), (9, 6), (6, 7), (7, 5), (5, 2)]}, padri: [12, 19, 23], figli: [], mosse: [(2, 2, 18, 8, 17), (3, 3, 11, 14, 3), (3, 3, 12, 11, 20)]
14 -> costo: 65331.9, rotte: {2: [(1, 8), (8, 18), (18, 10), (10, 4), (4, 3), (3, 17), (17, 16), (16, 15)], 3: [(1, 14), (14, 13), (13, 12), (12, 11), (11, 9), (9, 6), (6, 7), (7, 5), (5, 2)]}, padri: [11], figli: [12, 15, 19, 21, 23], mosse: [(3, 2, 1, 14, 3)]
15 -> costo: 65225.399999999994, rotte: {2: [(1, 8), (8, 18), (18, 10), (10, 4), (4, 3), (3, 17), (17, 16), (16, 15)], 3: [(1, 14), (14, 12), (12, 11), (11, 13), (13, 9), (9, 6), (6, 7), (7, 5), (5, 2)]}, padri: [14], figli: [16, 18, 22], mosse: [(3, 3, 11, 13, 2)]
16 -> costo: 65057.200000000004, rotte: {2: [(1, 8), (8, 18), (18, 10), (10, 4), (4, 3), (3, 17), (17, 16), (16, 15)], 3: [(1, 14), (14, 11), (11, 12), (12, 13), (13, 9), (9, 6), (6, 7), (7, 5), (5, 2)]}, padri: [15, 21], figli: [17], mosse: [(3, 3, 11, 12, 1), (3, 3, 12, 13, 2)]
17 -> costo: 65002.90000000001, rotte: {2: [(1, 18), (18, 8), (8, 10), (10, 4), (4, 3), (3, 17), (17, 16), (16, 15)], 3: [(1, 14), (14, 11), (11, 12), (12, 13), (13, 9), (9, 6), (6, 7), (7, 5), (5, 2)]}, padri: [16, 18, 24], figli: [], mosse: [(2, 2, 18, 8, 17), (3, 3, 11, 12, 1), (3, 3, 12, 13, 2)]
18 -> costo: 65171.1, rotte: {2: [(1, 18), (18, 8), (8, 10), (10, 4), (4, 3), (3, 17), (17, 16), (16, 15)], 3: [(1, 14), (14, 12), (12, 11), (11, 13), (13, 9), (9, 6), (6, 7), (7, 5), (5, 2)]}, padri: [15, 19], figli: [17], mosse: [(2, 2, 18, 8, 17), (3, 3, 11, 13, 2)]
19 -> costo: 65277.600000000006, rotte: {2: [(1, 18), (18, 8), (8, 10), (10, 4), (4, 3), (3, 17), (17, 16), (16, 15)], 3: [(1, 14), (14, 13), (13, 12), (12, 11), (11, 9), (9, 6), (6, 7), (7, 5), (5, 2)]}, padri: [14], figli: [13, 18], mosse: [(2, 2, 18, 8, 17)]
20 -> costo: 65376.80000000001, rotte: {2: [(1, 8), (8, 18), (18, 10), (10, 4), (4, 3), (3, 17), (17, 16), (16, 15)], 3: [(1, 13), (13, 12), (12, 14), (14, 11), (11, 9), (9, 6), (6, 7), (7, 5), (5, 2)]}, padri: [11], figli: [12, 21, 23], mosse: [(3, 2, 12, 14, 3)]
21 -> costo: 65281.60000000001, rotte: {2: [(1, 8), (8, 18), (18, 10), (10, 4), (4, 3), (3, 17), (17, 16), (16, 15)], 3: [(1, 13), (13, 14), (14, 11), (11, 12), (12, 9), (9, 6), (6, 7), (7, 5), (5, 2)]}, padri: [20], figli: [16, 22, 24], mosse: [(3, 3, 11, 12, 1)]
22 -> costo: 65194.90000000001, rotte: {2: [(1, 8), (8, 18), (18, 10), (10, 4), (4, 3), (3, 17), (17, 16), (16, 15)], 3: [(1, 13), (13, 11), (11, 12), (12, 14), (14, 9), (9, 6), (6, 7), (7, 5), (5, 2)]}, padri: [21], figli: [12, 23], mosse: [(3, 3, 12, 14, 3)]
23 -> costo: 65140.600000000006, rotte: {2: [(1, 18), (18, 8), (8, 10), (10, 4), (4, 3), (3, 17), (17, 16), (16, 15)], 3: [(1, 13), (13, 11), (11, 12), (12, 14), (14, 9), (9, 6), (6, 7), (7, 5), (5, 2)]}, padri: [22, 24], figli: [13], mosse: [(2, 2, 18, 8, 17), (3, 3, 12, 14, 3)]
24 -> costo: 65227.30000000001, rotte: {2: [(1, 18), (18, 8), (8, 10), (10, 4), (4, 3), (3, 17), (17, 16), (16, 15)], 3: [(1, 13), (13, 14), (14, 11), (11, 12), (12, 9), (9, 6), (6, 7), (7, 5), (5, 2)]}, padri: [21], figli: [17, 23], mosse: [(2, 2, 18, 8, 17)]
bestSolutionIndice: 13
13 -> costo: 64972.4, rotte: {2: [(1, 18), (18, 8), (8, 10), (10, 4), (4, 3), (3, 17), (17, 16), (16, 15)], 3: [(1, 13), (13, 12), (12, 11), (11, 14), (14, 9), (9, 6), (6, 7), (7, 5), (5, 2)]}, padri: [12, 19, 23], figli: [], mosse: [(2, 2, 18, 8, 17), (3, 3, 11, 14, 3), (3, 3, 12, 11, 20)]
trasportoPalletDiGamma: {2: [(18, 5), (8, 17), (10, 19), (4, 13), (3, 12), (17, 6), (16, 5), (15, 4)], 3: [(13, 2), (12, 1), (11, 20), (14, 3), (9, 18), (6, 15), (7, 16), (5, 14), (2, 11)]}
itMosseLS: 34, itMosseTS: 20
time elapsed: 293.11s.


##########################################################################################
s: 1
dictSolutions[1]:
0 -> costo: 138842.0, rotte: {2: [(1, 2), (2, 16), (16, 10), (10, 18), (18, 5), (5, 8), (8, 9), (9, 6)], 3: [(1, 4), (4, 17), (17, 7), (7, 11), (11, 3), (3, 15), (15, 12), (12, 13), (13, 14), (14, 6)]}, padri: [-1], figli: [1], mosse: [-1]
1 -> costo: 111581.7, rotte: {2: [(1, 2), (2, 16), (16, 10), (10, 18), (18, 5), (5, 8), (8, 9), (9, 6)], 3: [(1, 4), (4, 7), (7, 11), (11, 3), (3, 15), (15, 17), (17, 12), (12, 13), (13, 14), (14, 6)]}, padri: [0], figli: [2], mosse: [(3, 3, 15, 17, 6)]
2 -> costo: 98274.8, rotte: {2: [(1, 2), (2, 16), (16, 10), (10, 18), (18, 5), (5, 8), (8, 9), (9, 6)], 3: [(1, 4), (4, 7), (7, 3), (3, 15), (15, 17), (17, 12), (12, 13), (13, 11), (11, 14), (14, 6)]}, padri: [1], figli: [3], mosse: [(3, 3, 13, 11, 20)]
3 -> costo: 86143.90000000001, rotte: {2: [(1, 2), (2, 10), (10, 18), (18, 5), (5, 8), (8, 9), (9, 6), (6, 16)], 3: [(1, 4), (4, 7), (7, 3), (3, 15), (15, 17), (17, 12), (12, 13), (13, 11), (11, 14), (14, 6)]}, padri: [2], figli: [4], mosse: [(2, 2, 6, 16, 5)]
4 -> costo: 80749.30000000002, rotte: {2: [(1, 2), (2, 10), (10, 18), (18, 5), (5, 8), (8, 9), (9, 6), (6, 16)], 3: [(1, 4), (4, 6), (6, 7), (7, 3), (3, 15), (15, 17), (17, 12), (12, 13), (13, 11), (11, 14)]}, padri: [3], figli: [5], mosse: [(3, 3, 4, 6, 4)]
5 -> costo: 79295.7, rotte: {2: [(1, 2), (2, 10), (10, 18), (18, 8), (8, 9), (9, 6), (6, 5), (5, 16)], 3: [(1, 4), (4, 6), (6, 7), (7, 3), (3, 15), (15, 17), (17, 12), (12, 13), (13, 11), (11, 14)]}, padri: [4], figli: [6], mosse: [(2, 2, 6, 5, 14)]
6 -> costo: 78965.7, rotte: {2: [(1, 10), (10, 18), (18, 8), (8, 9), (9, 6), (6, 5), (5, 2), (2, 16)], 3: [(1, 4), (4, 6), (6, 7), (7, 3), (3, 15), (15, 17), (17, 12), (12, 13), (13, 11), (11, 14)]}, padri: [5], figli: [7], mosse: [(2, 2, 5, 2, 11)]
7 -> costo: 78665.3, rotte: {2: [(1, 10), (10, 18), (18, 8), (8, 9), (9, 6), (6, 5), (5, 2), (2, 16)], 3: [(1, 6), (6, 7), (7, 4), (4, 3), (3, 15), (15, 17), (17, 12), (12, 13), (13, 11), (11, 14)]}, padri: [6], figli: [8, 8, 8, 8, 8, 8, 8, 8, 8, 8, 10, 10, 10, 10, 10, 10, 10, 10, 10, 10], mosse: [(3, 3, 7, 4, 13)]
8 -> costo: 78524.4, rotte: {2: [(1, 10), (10, 18), (18, 8), (8, 9), (9, 5), (5, 2), (2, 16)], 3: [(1, 6), (6, 7), (7, 4), (4, 3), (3, 15), (15, 17), (17, 12), (12, 13), (13, 11), (11, 14)]}, padri: [7, 7, 7, 7, 7, 7, 7, 7, 7, 7], figli: [9], mosse: [(3, 2, 1, 6, 11), (3, 2, 7, 6, 11), (3, 2, 4, 6, 11), (3, 2, 3, 6, 11), (3, 2, 15, 6, 11), (3, 2, 17, 6, 11), (3, 2, 12, 6, 11), (3, 2, 13, 6, 11), (3, 2, 11, 6, 11), (3, 2, 14, 6, 11)]
9 -> costo: 78470.0, rotte: {2: [(1, 10), (10, 8), (8, 9), (9, 18), (18, 5), (5, 2), (2, 16)], 3: [(1, 6), (6, 7), (7, 4), (4, 3), (3, 15), (15, 17), (17, 12), (12, 13), (13, 11), (11, 14)]}, padri: [8, 10, 10, 10, 10, 10, 10, 10, 10, 10, 10], figli: [], mosse: [(2, 2, 9, 18, 5), (3, 2, 1, 6, 11), (3, 2, 7, 6, 11), (3, 2, 4, 6, 11), (3, 2, 3, 6, 11), (3, 2, 15, 6, 11), (3, 2, 17, 6, 11), (3, 2, 12, 6, 11), (3, 2, 13, 6, 11), (3, 2, 11, 6, 11), (3, 2, 14, 6, 11)]
10 -> costo: 78627.0, rotte: {2: [(1, 10), (10, 8), (8, 9), (9, 18), (18, 6), (6, 5), (5, 2), (2, 16)], 3: [(1, 6), (6, 7), (7, 4), (4, 3), (3, 15), (15, 17), (17, 12), (12, 13), (13, 11), (11, 14)]}, padri: [7], figli: [9, 9, 9, 9, 9, 9, 9, 9, 9, 9], mosse: [(2, 2, 9, 18, 5)]
bestSolutionIndice: 9
9 -> costo: 78470.0, rotte: {2: [(1, 10), (10, 8), (8, 9), (9, 18), (18, 5), (5, 2), (2, 16)], 3: [(1, 6), (6, 7), (7, 4), (4, 3), (3, 15), (15, 17), (17, 12), (12, 13), (13, 11), (11, 14)]}, padri: [8, 10, 10, 10, 10, 10, 10, 10, 10, 10, 10], figli: [], mosse: [(2, 2, 9, 18, 5), (3, 2, 1, 6, 11), (3, 2, 7, 6, 11), (3, 2, 4, 6, 11), (3, 2, 3, 6, 11), (3, 2, 15, 6, 11), (3, 2, 17, 6, 11), (3, 2, 12, 6, 11), (3, 2, 13, 6, 11), (3, 2, 11, 6, 11), (3, 2, 14, 6, 11)]
trasportoPalletDiGamma: {2: [(10, 19), (8, 17), (9, 18), (18, 5), (5, 14), (2, 11), (16, 5)], 3: [(6, 15), (7, 16), (4, 13), (3, 12), (15, 4), (17, 6), (12, 1), (13, 2), (11, 20), (14, 3)]}
itMosseLS: 29, itMosseTS: 20
time elapsed: 211.62s.


##########################################################################################
s: 1
dictSolutions[1]:
0 -> costo: 142801.3, rotte: {2: [(1, 7), (7, 11), (11, 12), (12, 8), (8, 6), (6, 13), (13, 15), (15, 4), (4, 14)], 3: [(1, 17), (17, 9), (9, 5), (5, 18), (18, 2), (2, 3), (3, 16), (16, 10)]}, padri: [-1], figli: [1], mosse: [-1]
1 -> costo: 122545.90000000001, rotte: {2: [(1, 7), (7, 11), (11, 12), (12, 8), (8, 6), (6, 13), (13, 15), (15, 4), (4, 14)], 3: [(1, 9), (9, 5), (5, 18), (18, 2), (2, 3), (3, 16), (16, 17), (17, 10)]}, padri: [0], figli: [2], mosse: [(3, 3, 16, 17, 6)]
2 -> costo: 109413.0, rotte: {2: [(1, 7), (7, 11), (11, 12), (12, 8), (8, 6), (6, 13), (13, 15), (15, 4), (4, 14)], 3: [(1, 10), (10, 9), (9, 5), (5, 18), (18, 2), (2, 3), (3, 16), (16, 17)]}, padri: [1], figli: [3], mosse: [(3, 3, 1, 10, 19)]
3 -> costo: 101919.7, rotte: {2: [(1, 7), (7, 11), (11, 12), (12, 8), (8, 6), (6, 13), (13, 4), (4, 14), (14, 15)], 3: [(1, 10), (10, 9), (9, 5), (5, 18), (18, 2), (2, 3), (3, 16), (16, 17)]}, padri: [2], figli: [4], mosse: [(2, 2, 14, 15, 4)]
4 -> costo: 90479.7, rotte: {2: [(1, 7), (7, 11), (11, 12), (12, 8), (8, 6), (6, 4), (4, 14), (14, 13), (13, 15)], 3: [(1, 10), (10, 9), (9, 5), (5, 18), (18, 2), (2, 3), (3, 16), (16, 17)]}, padri: [3], figli: [5], mosse: [(2, 2, 14, 13, 2)]
5 -> costo: 84841.8, rotte: {2: [(1, 11), (11, 12), (12, 8), (8, 6), (6, 7), (7, 4), (4, 14), (14, 13), (13, 15)], 3: [(1, 10), (10, 9), (9, 5), (5, 18), (18, 2), (2, 3), (3, 16), (16, 17)]}, padri: [4], figli: [6], mosse: [(2, 2, 6, 7, 16)]
6 -> costo: 83240.90000000001, rotte: {2: [(1, 11), (11, 12), (12, 8), (8, 6), (6, 7), (7, 4), (4, 14), (14, 13), (13, 15)], 3: [(1, 10), (10, 9), (9, 18), (18, 5), (5, 2), (2, 3), (3, 16), (16, 17)]}, padri: [5], figli: [7], mosse: [(3, 3, 18, 5, 14)]
7 -> costo: 82958.3, rotte: {2: [(1, 11), (11, 12), (12, 8), (8, 6), (6, 7), (7, 4), (4, 14), (14, 13), (13, 15)], 3: [(1, 10), (10, 9), (9, 18), (18, 5), (5, 3), (3, 2), (2, 16), (16, 17)]}, padri: [6], figli: [8], mosse: [(3, 3, 3, 2, 11)]
8 -> costo: 82750.5, rotte: {2: [(1, 11), (11, 8), (8, 6), (6, 7), (7, 4), (4, 14), (14, 13), (13, 12), (12, 15)], 3: [(1, 10), (10, 9), (9, 18), (18, 5), (5, 3), (3, 2), (2, 16), (16, 17)]}, padri: [7], figli: [9, 13], mosse: [(2, 2, 13, 12, 1)]
9 -> costo: 75108.30000000002, rotte: {2: [(1, 8), (8, 6), (6, 7), (7, 4), (4, 14), (14, 11), (11, 13), (13, 12), (12, 15)], 3: [(1, 10), (10, 9), (9, 18), (18, 5), (5, 3), (3, 2), (2, 16), (16, 17)]}, padri: [8], figli: [10, 12, 12, 12], mosse: [(2, 2, 14, 11, 20)]
10 -> costo: 73981.70000000001, rotte: {2: [(1, 6), (6, 7), (7, 4), (4, 8), (8, 14), (14, 11), (11, 13), (13, 12), (12, 15)], 3: [(1, 10), (10, 9), (9, 18), (18, 5), (5, 3), (3, 2), (2, 16), (16, 17)]}, padri: [9, 14], figli: [11, 11, 11], mosse: [(2, 2, 4, 8, 17), (2, 2, 11, 13, 2)]
11 -> costo: 73902.3, rotte: {2: [(1, 6), (6, 7), (7, 4), (4, 8), (8, 14), (14, 11), (11, 13), (13, 12), (12, 15)], 3: [(1, 10), (10, 9), (9, 18), (18, 5), (5, 3), (3, 2), (2, 17), (17, 16)]}, padri: [10, 10, 10, 12, 15], figli: [], mosse: [(3, 3, 2, 17, 6), (3, 3, 17, 16, 5), (3, 3, 16, 17), (2, 2, 4, 8, 17), (2, 2, 11, 13, 2)]
12 -> costo: 75028.90000000001, rotte: {2: [(1, 8), (8, 6), (6, 7), (7, 4), (4, 14), (14, 11), (11, 13), (13, 12), (12, 15)], 3: [(1, 10), (10, 9), (9, 18), (18, 5), (5, 3), (3, 2), (2, 17), (17, 16)]}, padri: [9, 9, 9], figli: [11], mosse: [(3, 3, 2, 17, 6), (3, 3, 17, 16, 5), (3, 3, 16, 17)]
13 -> costo: 75135.20000000001, rotte: {2: [(1, 8), (8, 6), (6, 7), (7, 4), (4, 14), (14, 13), (13, 11), (11, 12), (12, 15)], 3: [(1, 10), (10, 9), (9, 18), (18, 5), (5, 3), (3, 2), (2, 16), (16, 17)]}, padri: [8], figli: [14, 18], mosse: [(2, 2, 13, 11, 20)]
14 -> costo: 74008.6, rotte: {2: [(1, 6), (6, 7), (7, 4), (4, 8), (8, 14), (14, 13), (13, 11), (11, 12), (12, 15)], 3: [(1, 10), (10, 9), (9, 18), (18, 5), (5, 3), (3, 2), (2, 16), (16, 17)]}, padri: [13], figli: [15, 15, 15, 17, 17, 17, 10], mosse: [(2, 2, 4, 8, 17)]
15 -> costo: 73929.2, rotte: {2: [(1, 6), (6, 7), (7, 4), (4, 8), (8, 14), (14, 13), (13, 11), (11, 12), (12, 15)], 3: [(1, 10), (10, 9), (9, 18), (18, 5), (5, 3), (3, 2), (2, 17), (17, 16)]}, padri: [14, 14, 14], figli: [16, 11], mosse: [(3, 3, 2, 17, 6), (3, 3, 17, 16, 5), (3, 3, 16, 17)]
16 -> costo: 73863.3, rotte: {2: [(1, 6), (6, 7), (7, 4), (4, 8), (8, 13), (13, 14), (14, 11), (11, 12), (12, 15)], 3: [(1, 10), (10, 9), (9, 18), (18, 5), (5, 3), (3, 2), (2, 17), (17, 16)]}, padri: [15, 17, 17, 17], figli: [], mosse: [(2, 2, 13, 14, 3), (3, 3, 2, 17, 6), (3, 3, 17, 16, 5), (3, 3, 16, 17)]
17 -> costo: 73942.70000000001, rotte: {2: [(1, 6), (6, 7), (7, 4), (4, 8), (8, 13), (13, 14), (14, 11), (11, 12), (12, 15)], 3: [(1, 10), (10, 9), (9, 18), (18, 5), (5, 3), (3, 2), (2, 16), (16, 17)]}, padri: [14, 18], figli: [16, 16, 16], mosse: [(2, 2, 13, 14, 3), (2, 2, 4, 8, 17)]
18 -> costo: 75039.50000000001, rotte: {2: [(1, 8), (8, 6), (6, 7), (7, 4), (4, 13), (13, 14), (14, 11), (11, 12), (12, 15)], 3: [(1, 10), (10, 9), (9, 18), (18, 5), (5, 3), (3, 2), (2, 16), (16, 17)]}, padri: [13], figli: [17], mosse: [(2, 2, 13, 14, 3)]
bestSolutionIndice: 16
16 -> costo: 73863.3, rotte: {2: [(1, 6), (6, 7), (7, 4), (4, 8), (8, 13), (13, 14), (14, 11), (11, 12), (12, 15)], 3: [(1, 10), (10, 9), (9, 18), (18, 5), (5, 3), (3, 2), (2, 17), (17, 16)]}, padri: [15, 17, 17, 17], figli: [], mosse: [(2, 2, 13, 14, 3), (3, 3, 2, 17, 6), (3, 3, 17, 16, 5), (3, 3, 16, 17)]
trasportoPalletDiGamma: {2: [(6, 15), (7, 16), (4, 13), (8, 17), (13, 2), (14, 3), (11, 20), (12, 1), (15, 4)], 3: [(10, 19), (9, 18), (18, 5), (5, 14), (3, 12), (2, 11), (17, 6), (16, 5)]}
itMosseLS: 31, itMosseTS: 20
time elapsed: 249.27s.


##########################################################################################
s: 1
dictSolutions[1]:
0 -> costo: 146673.10000000003, rotte: {2: [(1, 17), (17, 2), (2, 6), (6, 10), (10, 9), (9, 7), (7, 8)], 3: [(1, 4), (4, 13), (13, 3), (3, 16), (16, 18), (18, 12), (12, 15), (15, 5), (5, 11), (11, 14), (14, 8)]}, padri: [-1], figli: [1], mosse: [-1]
1 -> costo: 121294.40000000002, rotte: {2: [(1, 17), (17, 2), (2, 6), (6, 10), (10, 9), (9, 7), (7, 8)], 3: [(1, 4), (4, 13), (13, 3), (3, 18), (18, 12), (12, 16), (16, 15), (15, 5), (5, 11), (11, 14), (14, 8)]}, padri: [0], figli: [2], mosse: [(3, 3, 12, 16, 5)]
2 -> costo: 100911.70000000003, rotte: {2: [(1, 2), (2, 6), (6, 10), (10, 9), (9, 7), (7, 8)], 3: [(1, 4), (4, 13), (13, 3), (3, 18), (18, 12), (12, 17), (17, 16), (16, 15), (15, 5), (5, 11), (11, 14), (14, 8)]}, padri: [1], figli: [3], mosse: [(3, 2, 12, 17, 6)]
3 -> costo: 88937.50000000001, rotte: {2: [(1, 2), (2, 6), (6, 10), (10, 9), (9, 7), (7, 8)], 3: [(1, 4), (4, 3), (3, 18), (18, 13), (13, 12), (12, 17), (17, 16), (16, 15), (15, 5), (5, 11), (11, 14), (14, 8)]}, padri: [2], figli: [4], mosse: [(3, 3, 18, 13, 2)]
4 -> costo: 82277.90000000001, rotte: {2: [(1, 2), (2, 6), (6, 10), (10, 9), (9, 7), (7, 8)], 3: [(1, 4), (4, 3), (3, 18), (18, 13), (13, 12), (12, 17), (17, 16), (16, 15), (15, 5), (5, 11), (11, 14)]}, padri: [3], figli: [5], mosse: [(2, 3, 1, 8, 2)]
5 -> costo: 78279.5, rotte: {2: [(1, 2), (2, 6), (6, 10), (10, 7), (7, 8), (8, 9)], 3: [(1, 4), (4, 3), (3, 18), (18, 13), (13, 12), (12, 17), (17, 16), (16, 15), (15, 5), (5, 11), (11, 14)]}, padri: [4], figli: [6], mosse: [(2, 2, 8, 9, 18)]
6 -> costo: 76188.6, rotte: {2: [(1, 2), (2, 10), (10, 6), (6, 7), (7, 8), (8, 9)], 3: [(1, 4), (4, 3), (3, 18), (18, 13), (13, 12), (12, 17), (17, 16), (16, 15), (15, 5), (5, 11), (11, 14)]}, padri: [5], figli: [7], mosse: [(2, 2, 10, 6, 15)]
7 -> costo: 74957.8, rotte: {2: [(1, 2), (2, 10), (10, 6), (6, 7), (7, 8), (8, 9)], 3: [(1, 4), (4, 3), (3, 18), (18, 13), (13, 12), (12, 17), (17, 16), (16, 15), (15, 11), (11, 14), (14, 5)]}, padri: [6], figli: [8], mosse: [(3, 3, 14, 5, 14)]
8 -> costo: 69044.3, rotte: {2: [(1, 2), (2, 10), (10, 6), (6, 7), (7, 8), (8, 9)], 3: [(1, 4), (4, 3), (3, 5), (5, 18), (18, 13), (13, 12), (12, 17), (17, 16), (16, 15), (15, 11), (11, 14)]}, padri: [7], figli: [9], mosse: [(3, 3, 3, 5, 14)]
9 -> costo: 68721.0, rotte: {2: [(1, 10), (10, 6), (6, 7), (7, 8), (8, 9)], 3: [(1, 2), (2, 4), (4, 3), (3, 5), (5, 18), (18, 13), (13, 12), (12, 17), (17, 16), (16, 15), (15, 11), (11, 14)]}, padri: [8], figli: [10], mosse: [(3, 2, 1, 2, 11)]
10 -> costo: 68588.29999999999, rotte: {2: [(1, 10), (10, 6), (6, 7), (7, 8), (8, 9)], 3: [(1, 2), (2, 4), (4, 3), (3, 5), (5, 18), (18, 13), (13, 17), (17, 16), (16, 15), (15, 12), (12, 11), (11, 14)]}, padri: [9], figli: [11, 13, 15, 16, 17, 18], mosse: [(3, 3, 15, 12, 1)]
11 -> costo: 64229.7, rotte: {2: [(1, 10), (10, 6), (6, 7), (7, 8), (8, 9)], 3: [(1, 2), (2, 4), (4, 3), (3, 5), (5, 18), (18, 17), (17, 16), (16, 15), (15, 12), (12, 13), (13, 11), (11, 14)]}, padri: [10, 13, 15, 17], figli: [12], mosse: [(3, 3, 12, 13, 2), (3, 3, 13, 11, 20), (3, 3, 12, 13, 2), (3, 3, 12, 13, 2)]
12 -> costo: 64153.799999999996, rotte: {2: [(1, 10), (10, 6), (6, 7), (7, 8), (8, 9)], 3: [(1, 2), (2, 3), (3, 4), (4, 5), (5, 18), (18, 17), (17, 16), (16, 15), (15, 12), (12, 13), (13, 11), (11, 14)]}, padri: [11, 14, 16, 18], figli: [], mosse: [(3, 3, 3, 4, 13), (3, 3, 13, 11, 20), (3, 3, 12, 13, 2), (3, 3, 12, 13, 2)]
13 -> costo: 64257.299999999996, rotte: {2: [(1, 10), (10, 6), (6, 7), (7, 8), (8, 9)], 3: [(1, 2), (2, 4), (4, 3), (3, 5), (5, 18), (18, 17), (17, 16), (16, 15), (15, 12), (12, 11), (11, 13), (13, 14)]}, padri: [10, 15, 17, 17, 17], figli: [14, 11], mosse: [(3, 3, 11, 13, 2), (3, 3, 11, 13, 2), (3, 3, 11, 13, 2), (3, 3, 13, 14, 3), (3, 3, 14, 13)]
14 -> costo: 64181.399999999994, rotte: {2: [(1, 10), (10, 6), (6, 7), (7, 8), (8, 9)], 3: [(1, 2), (2, 3), (3, 4), (4, 5), (5, 18), (18, 17), (17, 16), (16, 15), (15, 12), (12, 11), (11, 13), (13, 14)]}, padri: [13, 16, 18, 18, 18], figli: [12], mosse: [(3, 3, 3, 4, 13), (3, 3, 11, 13, 2), (3, 3, 11, 13, 2), (3, 3, 13, 14, 3), (3, 3, 14, 13)]
15 -> costo: 64391.399999999994, rotte: {2: [(1, 10), (10, 6), (6, 7), (7, 8), (8, 9)], 3: [(1, 2), (2, 4), (4, 3), (3, 5), (5, 18), (18, 17), (17, 16), (16, 15), (15, 13), (13, 12), (12, 11), (11, 14)]}, padri: [10, 17], figli: [11, 13, 16], mosse: [(3, 3, 15, 13, 2), (3, 3, 15, 13, 2)]
16 -> costo: 64315.49999999999, rotte: {2: [(1, 10), (10, 6), (6, 7), (7, 8), (8, 9)], 3: [(1, 2), (2, 3), (3, 4), (4, 5), (5, 18), (18, 17), (17, 16), (16, 15), (15, 13), (13, 12), (12, 11), (11, 14)]}, padri: [15], figli: [12, 14], mosse: [(3, 3, 3, 4, 13)]
17 -> costo: 64745.69999999999, rotte: {2: [(1, 10), (10, 6), (6, 7), (7, 8), (8, 9)], 3: [(1, 2), (2, 4), (4, 3), (3, 5), (5, 18), (18, 17), (17, 16), (16, 15), (15, 12), (12, 11), (11, 14), (14, 13)]}, padri: [10], figli: [11, 13, 13, 13, 15, 18], mosse: [(3, 3, 14, 13, 2)]
18 -> costo: 64669.79999999999, rotte: {2: [(1, 10), (10, 6), (6, 7), (7, 8), (8, 9)], 3: [(1, 2), (2, 3), (3, 4), (4, 5), (5, 18), (18, 17), (17, 16), (16, 15), (15, 12), (12, 11), (11, 14), (14, 13)]}, padri: [17], figli: [12, 14, 14, 14], mosse: [(3, 3, 3, 4, 13)]
bestSolutionIndice: 12
12 -> costo: 64153.799999999996, rotte: {2: [(1, 10), (10, 6), (6, 7), (7, 8), (8, 9)], 3: [(1, 2), (2, 3), (3, 4), (4, 5), (5, 18), (18, 17), (17, 16), (16, 15), (15, 12), (12, 13), (13, 11), (11, 14)]}, padri: [11, 14, 16, 18], figli: [], mosse: [(3, 3, 3, 4, 13), (3, 3, 13, 11, 20), (3, 3, 12, 13, 2), (3, 3, 12, 13, 2)]
trasportoPalletDiGamma: {2: [(10, 19), (6, 15), (7, 16), (8, 17), (9, 18)], 3: [(2, 11), (3, 12), (4, 13), (5, 14), (18, 5), (17, 6), (16, 5), (15, 4), (12, 1), (13, 2), (11, 20), (14, 3)]}
itMosseLS: 33, itMosseTS: 20
time elapsed: 268.62s.


##########################################################################################
s: 1
dictSolutions[1]:
0 -> costo: 153505.0, rotte: {3: [(1, 3), (3, 16), (16, 2), (2, 11), (11, 18), (18, 5), (5, 9), (9, 15), (15, 8)], 2: [(1, 10), (10, 6), (6, 7), (7, 12), (12, 17), (17, 4), (4, 13), (13, 14), (14, 8)]}, padri: [-1], figli: [1], mosse: [-1]
1 -> costo: 127914.6, rotte: {3: [(1, 3), (3, 2), (2, 11), (11, 18), (18, 5), (5, 9), (9, 15), (15, 16), (16, 8)], 2: [(1, 10), (10, 6), (6, 7), (7, 12), (12, 17), (17, 4), (4, 13), (13, 14), (14, 8)]}, padri: [0], figli: [2], mosse: [(3, 3, 15, 16, 5)]
2 -> costo: 111593.5, rotte: {3: [(1, 3), (3, 2), (2, 11), (11, 18), (18, 5), (5, 8), (8, 9), (9, 15), (15, 16)], 2: [(1, 10), (10, 6), (6, 7), (7, 12), (12, 17), (17, 4), (4, 13), (13, 14), (14, 8)]}, padri: [1], figli: [3], mosse: [(3, 3, 5, 8, 11)]
3 -> costo: 104126.70000000001, rotte: {3: [(1, 3), (3, 2), (2, 18), (18, 5), (5, 8), (8, 9), (9, 11), (11, 15), (15, 16)], 2: [(1, 10), (10, 6), (6, 7), (7, 12), (12, 17), (17, 4), (4, 13), (13, 14), (14, 8)]}, padri: [2], figli: [4], mosse: [(3, 3, 9, 11, 20)]
4 -> costo: 99200.20000000001, rotte: {3: [(1, 3), (3, 2), (2, 18), (18, 5), (5, 8), (8, 9), (9, 11), (11, 15), (15, 16)], 2: [(1, 10), (10, 6), (6, 7), (7, 17), (17, 4), (4, 13), (13, 12), (12, 14), (14, 8)]}, padri: [3], figli: [5], mosse: [(2, 2, 13, 12, 1)]
5 -> costo: 86966.20000000001, rotte: {3: [(1, 3), (3, 2), (2, 18), (18, 5), (5, 8), (8, 9), (9, 11), (11, 15), (15, 16)], 2: [(1, 10), (10, 6), (6, 7), (7, 4), (4, 13), (13, 12), (12, 14), (14, 8), (8, 17)]}, padri: [4], figli: [6], mosse: [(2, 2, 8, 17, 6)]
6 -> costo: 85360.8, rotte: {3: [(1, 3), (3, 2), (2, 5), (5, 18), (18, 8), (8, 9), (9, 11), (11, 15), (15, 16)], 2: [(1, 10), (10, 6), (6, 7), (7, 4), (4, 13), (13, 12), (12, 14), (14, 8), (8, 17)]}, padri: [5], figli: [7], mosse: [(3, 3, 5, 18, 5)]
7 -> costo: 84403.90000000001, rotte: {3: [(1, 3), (3, 2), (2, 5), (5, 18), (18, 8), (8, 9), (9, 11), (11, 15), (15, 16)], 2: [(1, 6), (6, 7), (7, 4), (4, 10), (10, 13), (13, 12), (12, 14), (14, 8), (8, 17)]}, padri: [6], figli: [8], mosse: [(2, 2, 4, 10, 19)]
8 -> costo: 84047.90000000001, rotte: {3: [(1, 2), (2, 5), (5, 18), (18, 8), (8, 9), (9, 11), (11, 15), (15, 16)], 2: [(1, 6), (6, 7), (7, 4), (4, 3), (3, 10), (10, 13), (13, 12), (12, 14), (14, 8), (8, 17)]}, padri: [7], figli: [9, 9, 9, 9, 9, 9, 9, 9], mosse: [(2, 3, 4, 3, 12)]
9 -> costo: 74420.0, rotte: {3: [(1, 2), (2, 5), (5, 18), (18, 8), (8, 9), (9, 11), (11, 15), (15, 16)], 2: [(1, 6), (6, 7), (7, 4), (4, 3), (3, 10), (10, 13), (13, 12), (12, 14), (14, 17)]}, padri: [8, 8, 8, 8, 8, 8, 8, 8], figli: [10, 14, 14, 14], mosse: [(3, 2, 1, 8, 6), (3, 2, 2, 8, 6), (3, 2, 5, 8, 6), (3, 2, 18, 8, 6), (3, 2, 9, 8, 6), (3, 2, 11, 8, 6), (3, 2, 15, 8, 6), (3, 2, 16, 8, 6)]
10 -> costo: 73984.3, rotte: {3: [(1, 2), (2, 5), (5, 18), (18, 8), (8, 9), (9, 11), (11, 15), (15, 16)], 2: [(1, 6), (6, 7), (7, 4), (4, 3), (3, 10), (10, 13), (13, 14), (14, 12), (12, 17)]}, padri: [9], figli: [11, 11, 11, 13, 13, 13], mosse: [(2, 2, 14, 12, 1)]
11 -> costo: 73875.3, rotte: {3: [(1, 2), (2, 5), (5, 18), (18, 8), (8, 9), (9, 11), (11, 16), (16, 15)], 2: [(1, 6), (6, 7), (7, 4), (4, 3), (3, 10), (10, 13), (13, 14), (14, 12), (12, 17)]}, padri: [10, 10, 10, 14], figli: [12], mosse: [(3, 3, 11, 16, 5), (3, 3, 16, 15, 4), (3, 3, 15, 16), (2, 2, 14, 12, 1)]
12 -> costo: 73802.79999999999, rotte: {3: [(1, 2), (2, 5), (5, 18), (18, 8), (8, 9), (9, 11), (11, 16), (16, 15)], 2: [(1, 6), (6, 7), (7, 4), (4, 3), (3, 10), (10, 14), (14, 13), (13, 12), (12, 17)]}, padri: [11, 13, 13, 13], figli: [], mosse: [(2, 2, 14, 13, 2), (3, 3, 11, 16, 5), (3, 3, 16, 15, 4), (3, 3, 15, 16)]
13 -> costo: 73911.8, rotte: {3: [(1, 2), (2, 5), (5, 18), (18, 8), (8, 9), (9, 11), (11, 15), (15, 16)], 2: [(1, 6), (6, 7), (7, 4), (4, 3), (3, 10), (10, 14), (14, 13), (13, 12), (12, 17)]}, padri: [10], figli: [12, 12, 12], mosse: [(2, 2, 14, 13, 2)]
14 -> costo: 74311.0, rotte: {3: [(1, 2), (2, 5), (5, 18), (18, 8), (8, 9), (9, 11), (11, 16), (16, 15)], 2: [(1, 6), (6, 7), (7, 4), (4, 3), (3, 10), (10, 13), (13, 12), (12, 14), (14, 17)]}, padri: [9, 9, 9], figli: [11], mosse: [(3, 3, 11, 16, 5), (3, 3, 16, 15, 4), (3, 3, 15, 16)]
bestSolutionIndice: 12
12 -> costo: 73802.79999999999, rotte: {3: [(1, 2), (2, 5), (5, 18), (18, 8), (8, 9), (9, 11), (11, 16), (16, 15)], 2: [(1, 6), (6, 7), (7, 4), (4, 3), (3, 10), (10, 14), (14, 13), (13, 12), (12, 17)]}, padri: [11, 13, 13, 13], figli: [], mosse: [(2, 2, 14, 13, 2), (3, 3, 11, 16, 5), (3, 3, 16, 15, 4), (3, 3, 15, 16)]
trasportoPalletDiGamma: {3: [(2, 11), (5, 14), (18, 5), (8, 17), (9, 18), (11, 20), (16, 5), (15, 4)], 2: [(6, 15), (7, 16), (4, 13), (3, 12), (10, 19), (14, 3), (13, 2), (12, 1), (17, 6)]}
itMosseLS: 29, itMosseTS: 20
time elapsed: 231.37s.


##########################################################################################
s: 1
dictSolutions[1]:
0 -> costo: 141750.6, rotte: {3: [(1, 14), (14, 11), (11, 3), (3, 4), (4, 16), (16, 7), (7, 6), (6, 12), (12, 5)], 2: [(1, 15), (15, 8), (8, 13), (13, 17), (17, 2), (2, 18), (18, 10), (10, 9)]}, padri: [-1], figli: [1], mosse: [-1]
1 -> costo: 127332.99999999999, rotte: {3: [(1, 14), (14, 11), (11, 3), (3, 4), (4, 7), (7, 6), (6, 12), (12, 5), (5, 16)], 2: [(1, 15), (15, 8), (8, 13), (13, 17), (17, 2), (2, 18), (18, 10), (10, 9)]}, padri: [0], figli: [2], mosse: [(3, 3, 5, 16, 5)]
2 -> costo: 117437.2, rotte: {3: [(1, 14), (14, 11), (11, 3), (3, 4), (4, 7), (7, 6), (6, 12), (12, 5), (5, 16)], 2: [(1, 15), (15, 13), (13, 17), (17, 2), (2, 18), (18, 10), (10, 8), (8, 9)]}, padri: [1], figli: [3], mosse: [(2, 2, 10, 8, 17)]
3 -> costo: 98291.7, rotte: {3: [(1, 14), (14, 11), (11, 3), (3, 4), (4, 7), (7, 6), (6, 12), (12, 5), (5, 16)], 2: [(1, 15), (15, 17), (17, 13), (13, 2), (2, 18), (18, 10), (10, 8), (8, 9)]}, padri: [2], figli: [4], mosse: [(2, 2, 17, 13, 2)]
4 -> costo: 91258.2, rotte: {3: [(1, 14), (14, 11), (11, 3), (3, 4), (4, 7), (7, 6), (6, 5), (5, 12), (12, 16)], 2: [(1, 15), (15, 17), (17, 13), (13, 2), (2, 18), (18, 10), (10, 8), (8, 9)]}, padri: [3], figli: [5], mosse: [(3, 3, 5, 12, 1)]
5 -> costo: 90388.59999999999, rotte: {3: [(1, 14), (14, 11), (11, 3), (3, 4), (4, 7), (7, 6), (6, 5), (5, 12), (12, 16)], 2: [(1, 15), (15, 17), (17, 13), (13, 2), (2, 10), (10, 18), (18, 8), (8, 9)]}, padri: [4], figli: [6], mosse: [(2, 2, 10, 18, 5)]
6 -> costo: 89906.70000000001, rotte: {3: [(1, 14), (14, 11), (11, 3), (3, 4), (4, 7), (7, 6), (6, 5), (5, 12), (12, 16)], 2: [(1, 15), (15, 17), (17, 13), (13, 10), (10, 2), (2, 18), (18, 8), (8, 9)]}, padri: [5], figli: [7], mosse: [(2, 2, 10, 2, 11)]
7 -> costo: 89706.20000000001, rotte: {3: [(1, 14), (14, 3), (3, 4), (4, 7), (7, 6), (6, 5), (5, 11), (11, 12), (12, 16)], 2: [(1, 15), (15, 17), (17, 13), (13, 10), (10, 2), (2, 18), (18, 8), (8, 9)]}, padri: [6], figli: [8, 11], mosse: [(3, 3, 5, 11, 20)]
8 -> costo: 80073.5, rotte: {3: [(1, 3), (3, 4), (4, 7), (7, 6), (6, 5), (5, 14), (14, 11), (11, 12), (12, 16)], 2: [(1, 15), (15, 17), (17, 13), (13, 10), (10, 2), (2, 18), (18, 8), (8, 9)]}, padri: [7], figli: [9], mosse: [(3, 3, 5, 14, 3)]
9 -> costo: 79927.3, rotte: {3: [(1, 3), (3, 4), (4, 7), (7, 5), (5, 6), (6, 14), (14, 11), (11, 12), (12, 16)], 2: [(1, 15), (15, 17), (17, 13), (13, 10), (10, 2), (2, 18), (18, 8), (8, 9)]}, padri: [8], figli: [10], mosse: [(3, 3, 5, 6, 15)]
10 -> costo: 79927.29999999999, rotte: {3: [(1, 3), (3, 4), (4, 7), (7, 5), (5, 6), (6, 14), (14, 11), (11, 12), (12, 16)], 2: [(1, 17), (17, 15), (15, 13), (13, 10), (10, 2), (2, 18), (18, 8), (8, 9)]}, padri: [9], figli: [], mosse: [(2, 2, 17, 15, 4)]
11 -> costo: 80345.2, rotte: {3: [(1, 3), (3, 4), (4, 7), (7, 6), (6, 5), (5, 11), (11, 12), (12, 16)], 2: [(1, 15), (15, 17), (17, 13), (13, 14), (14, 10), (10, 2), (2, 18), (18, 8), (8, 9)]}, padri: [7], figli: [12, 19], mosse: [(2, 3, 13, 14, 3)]
12 -> costo: 80199.0, rotte: {3: [(1, 3), (3, 4), (4, 7), (7, 5), (5, 6), (6, 11), (11, 12), (12, 16)], 2: [(1, 15), (15, 17), (17, 13), (13, 14), (14, 10), (10, 2), (2, 18), (18, 8), (8, 9)]}, padri: [11], figli: [13, 20], mosse: [(3, 3, 5, 6, 15)]
13 -> costo: 80090.0, rotte: {3: [(1, 3), (3, 4), (4, 7), (7, 5), (5, 6), (6, 11), (11, 12), (12, 16), (16, 15)], 2: [(1, 17), (17, 13), (13, 14), (14, 10), (10, 2), (2, 18), (18, 8), (8, 9)]}, padri: [12, 19], figli: [14], mosse: [(3, 2, 16, 15, 4), (3, 3, 5, 6, 15)]
14 -> costo: 80050.79999999999, rotte: {3: [(1, 3), (3, 4), (4, 7), (7, 5), (5, 6), (6, 11), (11, 12), (12, 16), (16, 15)], 2: [(1, 13), (13, 14), (14, 10), (10, 2), (2, 18), (18, 8), (8, 9), (9, 17)]}, padri: [13], figli: [15, 22], mosse: [(2, 2, 9, 17, 6)]
15 -> costo: 79155.69999999998, rotte: {3: [(1, 3), (3, 4), (4, 7), (7, 5), (5, 6), (6, 11), (11, 12), (12, 16), (16, 15)], 2: [(1, 13), (13, 14), (14, 10), (10, 18), (18, 8), (8, 9), (9, 2), (2, 17)]}, padri: [14, 21], figli: [16], mosse: [(2, 2, 9, 2, 11), (3, 3, 5, 6, 15)]
16 -> costo: 79101.4, rotte: {3: [(1, 3), (3, 4), (4, 7), (7, 5), (5, 6), (6, 11), (11, 12), (12, 16), (16, 15)], 2: [(1, 13), (13, 14), (14, 10), (10, 8), (8, 9), (9, 18), (18, 2), (2, 17)]}, padri: [15, 22], figli: [17, 18], mosse: [(2, 2, 9, 18, 5), (3, 3, 5, 6, 15)]
17 -> costo: 78241.5, rotte: {3: [(1, 3), (3, 4), (4, 7), (7, 5), (5, 6), (6, 11), (11, 12), (12, 16), (16, 15)], 2: [(1, 13), (13, 14), (14, 8), (8, 9), (9, 18), (18, 10), (10, 2), (2, 17)]}, padri: [16, 18, 23], figli: [], mosse: [(2, 2, 18, 10, 19), (2, 2, 10, 2, 11), (3, 3, 5, 6, 15)]
18 -> costo: 78929.40000000001, rotte: {3: [(1, 3), (3, 4), (4, 7), (7, 5), (5, 6), (6, 11), (11, 12), (12, 16), (16, 15)], 2: [(1, 13), (13, 14), (14, 8), (8, 9), (9, 18), (18, 2), (2, 10), (10, 17)]}, padri: [16, 24], figli: [17], mosse: [(2, 2, 2, 10, 19), (3, 3, 5, 6, 15)]
19 -> costo: 80236.2, rotte: {3: [(1, 3), (3, 4), (4, 7), (7, 6), (6, 5), (5, 11), (11, 12), (12, 16), (16, 15)], 2: [(1, 17), (17, 13), (13, 14), (14, 10), (10, 2), (2, 18), (18, 8), (8, 9)]}, padri: [11], figli: [13, 20], mosse: [(3, 2, 16, 15, 4)]
20 -> costo: 80196.99999999999, rotte: {3: [(1, 3), (3, 4), (4, 7), (7, 6), (6, 5), (5, 11), (11, 12), (12, 16), (16, 15)], 2: [(1, 13), (13, 14), (14, 10), (10, 2), (2, 18), (18, 8), (8, 9), (9, 17)]}, padri: [19], figli: [21], mosse: [(2, 2, 9, 17, 6)]
21 -> costo: 79301.89999999998, rotte: {3: [(1, 3), (3, 4), (4, 7), (7, 6), (6, 5), (5, 11), (11, 12), (12, 16), (16, 15)], 2: [(1, 13), (13, 14), (14, 10), (10, 18), (18, 8), (8, 9), (9, 2), (2, 17)]}, padri: [20], figli: [15, 22], mosse: [(2, 2, 9, 2, 11)]
22 -> costo: 79247.59999999999, rotte: {3: [(1, 3), (3, 4), (4, 7), (7, 6), (6, 5), (5, 11), (11, 12), (12, 16), (16, 15)], 2: [(1, 13), (13, 14), (14, 10), (10, 8), (8, 9), (9, 18), (18, 2), (2, 17)]}, padri: [21], figli: [23, 24, 16], mosse: [(2, 2, 9, 18, 5)]
23 -> costo: 78387.7, rotte: {3: [(1, 3), (3, 4), (4, 7), (7, 6), (6, 5), (5, 11), (11, 12), (12, 16), (16, 15)], 2: [(1, 13), (13, 14), (14, 8), (8, 9), (9, 18), (18, 10), (10, 2), (2, 17)]}, padri: [22, 24], figli: [17], mosse: [(2, 2, 18, 10, 19), (2, 2, 10, 2, 11)]
24 -> costo: 79075.6, rotte: {3: [(1, 3), (3, 4), (4, 7), (7, 6), (6, 5), (5, 11), (11, 12), (12, 16), (16, 15)], 2: [(1, 13), (13, 14), (14, 8), (8, 9), (9, 18), (18, 2), (2, 10), (10, 17)]}, padri: [22], figli: [23, 18], mosse: [(2, 2, 2, 10, 19)]
bestSolutionIndice: 17
17 -> costo: 78241.5, rotte: {3: [(1, 3), (3, 4), (4, 7), (7, 5), (5, 6), (6, 11), (11, 12), (12, 16), (16, 15)], 2: [(1, 13), (13, 14), (14, 8), (8, 9), (9, 18), (18, 10), (10, 2), (2, 17)]}, padri: [16, 18, 23], figli: [], mosse: [(2, 2, 18, 10, 19), (2, 2, 10, 2, 11), (3, 3, 5, 6, 15)]
trasportoPalletDiGamma: {3: [(3, 12), (4, 13), (7, 16), (5, 14), (6, 15), (11, 20), (12, 1), (16, 5), (15, 4)], 2: [(13, 2), (14, 3), (8, 17), (9, 18), (18, 5), (10, 19), (2, 11), (17, 6)]}
itMosseLS: 31, itMosseTS: 20
time elapsed: 199.55s.


##########################################################################################
s: 1
dictSolutions[1]:
0 -> costo: 128215.5, rotte: {2: [(1, 5), (5, 9), (9, 15), (15, 12), (12, 14), (14, 13), (13, 11), (11, 17), (17, 18), (18, 4)], 3: [(1, 10), (10, 2), (2, 7), (7, 3), (3, 6), (6, 16), (16, 8), (8, 4)]}, padri: [-1], figli: [1], mosse: [-1]
1 -> costo: 107303.79999999999, rotte: {2: [(1, 5), (5, 9), (9, 12), (12, 14), (14, 13), (13, 11), (11, 15), (15, 17), (17, 18), (18, 4)], 3: [(1, 10), (10, 2), (2, 7), (7, 3), (3, 6), (6, 16), (16, 8), (8, 4)]}, padri: [0], figli: [2], mosse: [(2, 2, 11, 15, 4)]
2 -> costo: 102786.7, rotte: {2: [(1, 5), (5, 9), (9, 12), (12, 14), (14, 13), (13, 11), (11, 15), (15, 17), (17, 18), (18, 4)], 3: [(1, 10), (10, 2), (2, 4), (4, 7), (7, 3), (3, 6), (6, 16), (16, 8)]}, padri: [1], figli: [3], mosse: [(3, 3, 2, 4, 5)]
3 -> costo: 91322.99999999999, rotte: {2: [(1, 5), (5, 9), (9, 12), (12, 14), (14, 13), (13, 11), (11, 15), (15, 17), (17, 18), (18, 4)], 3: [(1, 10), (10, 2), (2, 4), (4, 7), (7, 3), (3, 6), (6, 8), (8, 16)]}, padri: [2], figli: [4], mosse: [(3, 3, 6, 8, 17)]
4 -> costo: 90067.39999999998, rotte: {2: [(1, 5), (5, 9), (9, 12), (12, 14), (14, 13), (13, 11), (11, 15), (15, 17), (17, 18), (18, 4)], 3: [(1, 2), (2, 4), (4, 7), (7, 3), (3, 6), (6, 8), (8, 10), (10, 16)]}, padri: [3], figli: [5], mosse: [(3, 3, 8, 10, 19)]
5 -> costo: 89066.09999999996, rotte: {2: [(1, 4), (4, 5), (5, 9), (9, 12), (12, 14), (14, 13), (13, 11), (11, 15), (15, 17), (17, 18)], 3: [(1, 2), (2, 4), (4, 7), (7, 3), (3, 6), (6, 8), (8, 10), (10, 16)]}, padri: [4], figli: [6], mosse: [(2, 2, 1, 4, 8)]
6 -> costo: 75074.49999999999, rotte: {2: [(1, 4), (4, 5), (5, 18), (18, 9), (9, 12), (12, 14), (14, 13), (13, 11), (11, 15), (15, 17)], 3: [(1, 2), (2, 4), (4, 7), (7, 3), (3, 6), (6, 8), (8, 10), (10, 16)]}, padri: [5], figli: [7], mosse: [(2, 2, 5, 18, 5)]
7 -> costo: 74384.59999999999, rotte: {2: [(1, 4), (4, 5), (5, 18), (18, 9), (9, 14), (14, 13), (13, 11), (11, 12), (12, 15), (15, 17)], 3: [(1, 2), (2, 4), (4, 7), (7, 3), (3, 6), (6, 8), (8, 10), (10, 16)]}, padri: [6], figli: [8, 8, 8, 14, 14, 14], mosse: [(2, 2, 11, 12, 1)]
8 -> costo: 74196.2, rotte: {2: [(1, 4), (4, 5), (5, 18), (18, 9), (9, 14), (14, 13), (13, 11), (11, 12), (12, 17), (17, 15)], 3: [(1, 2), (2, 4), (4, 7), (7, 3), (3, 6), (6, 8), (8, 10), (10, 16)]}, padri: [7, 7, 7], figli: [9, 12, 13, 15], mosse: [(2, 2, 15, 17), (2, 2, 12, 17, 6), (2, 2, 17, 15, 4)]
9 -> costo: 74054.29999999999, rotte: {2: [(1, 4), (4, 5), (5, 18), (18, 9), (9, 14), (14, 13), (13, 11), (11, 12), (12, 17), (17, 15)], 3: [(1, 2), (2, 4), (4, 7), (7, 6), (6, 8), (8, 10), (10, 3), (3, 16)]}, padri: [8, 14, 14, 14], figli: [10, 11], mosse: [(3, 3, 10, 3, 12), (2, 2, 15, 17), (2, 2, 12, 17, 6), (2, 2, 17, 15, 4)]
10 -> costo: 73988.4, rotte: {2: [(1, 4), (4, 5), (5, 18), (18, 9), (9, 13), (13, 14), (14, 11), (11, 12), (12, 17), (17, 15)], 3: [(1, 2), (2, 4), (4, 7), (7, 6), (6, 8), (8, 10), (10, 3), (3, 16)]}, padri: [9, 12, 15, 15, 15], figli: [], mosse: [(2, 2, 13, 14, 3), (3, 3, 10, 3, 12), (2, 2, 15, 17), (2, 2, 12, 17, 6), (2, 2, 17, 15, 4)]
11 -> costo: 74027.4, rotte: {2: [(1, 4), (4, 5), (5, 18), (18, 9), (9, 14), (14, 11), (11, 13), (13, 12), (12, 17), (17, 15)], 3: [(1, 2), (2, 4), (4, 7), (7, 6), (6, 8), (8, 10), (10, 3), (3, 16)]}, padri: [9, 13, 16, 16, 16], figli: [], mosse: [(2, 2, 11, 13, 2), (3, 3, 10, 3, 12), (2, 2, 15, 17), (2, 2, 12, 17, 6), (2, 2, 17, 15, 4)]
12 -> costo: 74130.3, rotte: {2: [(1, 4), (4, 5), (5, 18), (18, 9), (9, 13), (13, 14), (14, 11), (11, 12), (12, 17), (17, 15)], 3: [(1, 2), (2, 4), (4, 7), (7, 3), (3, 6), (6, 8), (8, 10), (10, 16)]}, padri: [8], figli: [10], mosse: [(2, 2, 13, 14, 3)]
13 -> costo: 74169.3, rotte: {2: [(1, 4), (4, 5), (5, 18), (18, 9), (9, 14), (14, 11), (11, 13), (13, 12), (12, 17), (17, 15)], 3: [(1, 2), (2, 4), (4, 7), (7, 3), (3, 6), (6, 8), (8, 10), (10, 16)]}, padri: [8], figli: [11], mosse: [(2, 2, 11, 13, 2)]
14 -> costo: 74242.69999999998, rotte: {2: [(1, 4), (4, 5), (5, 18), (18, 9), (9, 14), (14, 13), (13, 11), (11, 12), (12, 15), (15, 17)], 3: [(1, 2), (2, 4), (4, 7), (7, 6), (6, 8), (8, 10), (10, 3), (3, 16)]}, padri: [7], figli: [9, 9, 9, 15, 15, 15, 16], mosse: [(3, 3, 10, 3, 12)]
15 -> costo: 74176.79999999999, rotte: {2: [(1, 4), (4, 5), (5, 18), (18, 9), (9, 13), (13, 14), (14, 11), (11, 12), (12, 15), (15, 17)], 3: [(1, 2), (2, 4), (4, 7), (7, 6), (6, 8), (8, 10), (10, 3), (3, 16)]}, padri: [14], figli: [10, 10, 10], mosse: [(2, 2, 13, 14, 3)]
16 -> costo: 74215.79999999999, rotte: {2: [(1, 4), (4, 5), (5, 18), (18, 9), (9, 14), (14, 11), (11, 13), (13, 12), (12, 15), (15, 17)], 3: [(1, 2), (2, 4), (4, 7), (7, 6), (6, 8), (8, 10), (10, 3), (3, 16)]}, padri: [14], figli: [11, 11, 11], mosse: [(2, 2, 11, 13, 2)]
bestSolutionIndice: 10
10 -> costo: 73988.4, rotte: {2: [(1, 4), (4, 5), (5, 18), (18, 9), (9, 13), (13, 14), (14, 11), (11, 12), (12, 17), (17, 15)], 3: [(1, 2), (2, 4), (4, 7), (7, 6), (6, 8), (8, 10), (10, 3), (3, 16)]}, padri: [9, 12, 15, 15, 15], figli: [], mosse: [(2, 2, 13, 14, 3), (3, 3, 10, 3, 12), (2, 2, 15, 17), (2, 2, 12, 17, 6), (2, 2, 17, 15, 4)]
trasportoPalletDiGamma: {2: [(4, 8), (5, 14), (18, 5), (9, 18), (13, 2), (14, 3), (11, 20), (12, 1), (17, 6), (15, 4)], 3: [(2, 11), (4, 5), (7, 16), (6, 15), (8, 17), (10, 19), (3, 12), (16, 5)]}
itMosseLS: 29, itMosseTS: 20
time elapsed: 382.44s.


##########################################################################################
s: 1
dictSolutions[1]:
0 -> costo: 124713.50000000001, rotte: {3: [(1, 7), (7, 12), (12, 18), (18, 10), (10, 2), (2, 9), (9, 11), (11, 17), (17, 8)], 2: [(1, 5), (5, 3), (3, 13), (13, 14), (14, 15), (15, 16), (16, 6), (6, 4), (4, 8)]}, padri: [-1], figli: [1], mosse: [-1]
1 -> costo: 108471.8, rotte: {3: [(1, 7), (7, 12), (12, 18), (18, 10), (10, 2), (2, 8), (8, 9), (9, 11), (11, 17)], 2: [(1, 5), (5, 3), (3, 13), (13, 14), (14, 15), (15, 16), (16, 6), (6, 4), (4, 8)]}, padri: [0], figli: [2], mosse: [(3, 3, 2, 8, 4)]
2 -> costo: 96274.79999999999, rotte: {3: [(1, 7), (7, 18), (18, 10), (10, 2), (2, 8), (8, 9), (9, 11), (11, 12), (12, 17)], 2: [(1, 5), (5, 3), (3, 13), (13, 14), (14, 15), (15, 16), (16, 6), (6, 4), (4, 8)]}, padri: [1], figli: [3], mosse: [(3, 3, 11, 12, 1)]
3 -> costo: 93509.4, rotte: {3: [(1, 18), (18, 10), (10, 2), (2, 8), (8, 9), (9, 11), (11, 12), (12, 17)], 2: [(1, 5), (5, 3), (3, 13), (13, 14), (14, 15), (15, 16), (16, 6), (6, 7), (7, 4), (4, 8)]}, padri: [2], figli: [4], mosse: [(2, 3, 6, 7, 16)]
4 -> costo: 90159.29999999999, rotte: {3: [(1, 18), (18, 10), (10, 2), (2, 8), (8, 9), (9, 11), (11, 12), (12, 17)], 2: [(1, 5), (5, 3), (3, 13), (13, 14), (14, 15), (15, 16), (16, 6), (6, 7), (7, 4)]}, padri: [3], figli: [5], mosse: [(3, 2, 1, 8, 13)]
5 -> costo: 89214.49999999999, rotte: {3: [(1, 10), (10, 2), (2, 18), (18, 8), (8, 9), (9, 11), (11, 12), (12, 17)], 2: [(1, 5), (5, 3), (3, 13), (13, 14), (14, 15), (15, 16), (16, 6), (6, 7), (7, 4)]}, padri: [4], figli: [6], mosse: [(3, 3, 2, 18, 5)]
6 -> costo: 88220.4, rotte: {3: [(1, 2), (2, 10), (10, 18), (18, 8), (8, 9), (9, 11), (11, 12), (12, 17)], 2: [(1, 5), (5, 3), (3, 13), (13, 14), (14, 15), (15, 16), (16, 6), (6, 7), (7, 4)]}, padri: [5], figli: [7], mosse: [(3, 3, 2, 10, 19)]
7 -> costo: 87749.5, rotte: {3: [(1, 2), (2, 10), (10, 18), (18, 8), (8, 9), (9, 11), (11, 12), (12, 17)], 2: [(1, 3), (3, 13), (13, 14), (14, 15), (15, 16), (16, 6), (6, 7), (7, 4), (4, 5)]}, padri: [6], figli: [8], mosse: [(2, 2, 4, 5, 14)]
8 -> costo: 85407.7, rotte: {3: [(1, 2), (2, 10), (10, 18), (18, 8), (8, 9), (9, 11), (11, 12), (12, 17)], 2: [(1, 13), (13, 14), (14, 15), (15, 16), (16, 6), (6, 7), (7, 3), (3, 4), (4, 5)]}, padri: [7], figli: [9], mosse: [(2, 2, 7, 3, 12)]
9 -> costo: 85202.5, rotte: {3: [(1, 2), (2, 10), (10, 18), (18, 8), (8, 9), (9, 11), (11, 12), (12, 17)], 2: [(1, 14), (14, 13), (13, 15), (15, 16), (16, 6), (6, 7), (7, 3), (3, 4), (4, 5)]}, padri: [8], figli: [10], mosse: [(2, 2, 14, 13, 2)]
10 -> costo: 84901.0, rotte: {3: [(1, 2), (2, 10), (10, 18), (18, 8), (8, 9), (9, 14), (14, 11), (11, 12), (12, 17)], 2: [(1, 13), (13, 15), (15, 16), (16, 6), (6, 7), (7, 3), (3, 4), (4, 5)]}, padri: [9], figli: [11, 12, 13], mosse: [(3, 2, 9, 14, 3)]
11 -> costo: 80794.09999999999, rotte: {3: [(1, 2), (2, 10), (10, 18), (18, 8), (8, 9), (9, 14), (14, 11), (11, 12), (12, 17)], 2: [(1, 15), (15, 16), (16, 13), (13, 6), (6, 7), (7, 3), (3, 4), (4, 5)]}, padri: [10, 12], figli: [], mosse: [(2, 2, 16, 13, 2), (2, 2, 16, 13, 2)]
12 -> costo: 82670.8, rotte: {3: [(1, 2), (2, 10), (10, 18), (18, 8), (8, 9), (9, 14), (14, 11), (11, 12), (12, 17)], 2: [(1, 15), (15, 16), (16, 6), (6, 7), (7, 3), (3, 4), (4, 5), (5, 13)]}, padri: [10], figli: [11, 13], mosse: [(2, 2, 5, 13, 2)]
13 -> costo: 82526.6, rotte: {3: [(1, 10), (10, 18), (18, 8), (8, 9), (9, 14), (14, 11), (11, 12), (12, 17)], 2: [(1, 15), (15, 16), (16, 6), (6, 7), (7, 3), (3, 4), (4, 5), (5, 2), (2, 13)]}, padri: [12], figli: [14], mosse: [(2, 3, 5, 2, 11)]
14 -> costo: 81061.9, rotte: {3: [(1, 10), (10, 18), (18, 8), (8, 9), (9, 14), (14, 11), (11, 12), (12, 17)], 2: [(1, 15), (15, 16), (16, 13), (13, 6), (6, 7), (7, 3), (3, 4), (4, 5), (5, 2)]}, padri: [13], figli: [15], mosse: [(2, 2, 16, 13, 2)]
15 -> costo: 80826.79999999999, rotte: {3: [(1, 10), (10, 18), (18, 8), (8, 9), (9, 14), (14, 11), (11, 12), (12, 17)], 2: [(1, 15), (15, 16), (16, 13), (13, 6), (6, 7), (7, 3), (3, 2), (2, 4), (4, 5)]}, padri: [14], figli: [16], mosse: [(2, 2, 3, 2, 11)]
16 -> costo: 80638.4, rotte: {3: [(1, 10), (10, 18), (18, 8), (8, 9), (9, 14), (14, 11), (11, 12), (12, 17), (17, 15)], 2: [(1, 16), (16, 13), (13, 6), (6, 7), (7, 3), (3, 2), (2, 4), (4, 5)]}, padri: [15], figli: [17], mosse: [(3, 2, 17, 15, 4)]
17 -> costo: 64498.899999999994, rotte: {3: [(1, 10), (10, 18), (18, 8), (8, 9), (9, 14), (14, 11), (11, 12), (12, 16), (16, 17), (17, 15)], 2: [(1, 13), (13, 6), (6, 7), (7, 3), (3, 2), (2, 4), (4, 5)]}, padri: [16], figli: [18, 19, 20, 21, 22, 29], mosse: [(3, 2, 12, 16, 5)]
18 -> costo: 55422.7, rotte: {3: [(1, 10), (10, 18), (18, 8), (8, 9), (9, 13), (13, 14), (14, 11), (11, 12), (12, 16), (16, 17), (17, 15)], 2: [(1, 6), (6, 7), (7, 3), (3, 2), (2, 4), (4, 5)]}, padri: [17, 20, 29], figli: [], mosse: [(3, 2, 9, 13, 2), (3, 3, 13, 14, 3), (3, 3, 9, 13, 2)]
19 -> costo: 55461.7, rotte: {3: [(1, 10), (10, 18), (18, 8), (8, 9), (9, 14), (14, 11), (11, 13), (13, 12), (12, 16), (16, 17), (17, 15)], 2: [(1, 6), (6, 7), (7, 3), (3, 2), (2, 4), (4, 5)]}, padri: [17, 20, 21, 29], figli: [], mosse: [(3, 2, 11, 13, 2), (3, 3, 11, 13, 2), (3, 3, 13, 12, 1), (3, 3, 11, 13, 2)]
20 -> costo: 55488.6, rotte: {3: [(1, 10), (10, 18), (18, 8), (8, 9), (9, 14), (14, 13), (13, 11), (11, 12), (12, 16), (16, 17), (17, 15)], 2: [(1, 6), (6, 7), (7, 3), (3, 2), (2, 4), (4, 5)]}, padri: [17], figli: [18, 19], mosse: [(3, 2, 14, 13, 2)]
21 -> costo: 55624.1, rotte: {3: [(1, 10), (10, 18), (18, 8), (8, 9), (9, 14), (14, 11), (11, 12), (12, 13), (13, 16), (16, 17), (17, 15)], 2: [(1, 6), (6, 7), (7, 3), (3, 2), (2, 4), (4, 5)]}, padri: [17], figli: [19], mosse: [(3, 2, 12, 13, 2)]
22 -> costo: 62239.3, rotte: {3: [(1, 10), (10, 18), (18, 8), (8, 9), (9, 14), (14, 11), (11, 12), (12, 16), (16, 17), (17, 15)], 2: [(1, 6), (6, 7), (7, 3), (3, 2), (2, 4), (4, 5), (5, 13)]}, padri: [17], figli: [23, 24], mosse: [(2, 2, 5, 13, 2)]
23 -> costo: 62062.40000000001, rotte: {3: [(1, 10), (10, 18), (18, 8), (8, 9), (9, 14), (14, 11), (11, 12), (12, 16), (16, 17), (17, 15)], 2: [(1, 6), (6, 7), (7, 3), (3, 4), (4, 5), (5, 2), (2, 13)]}, padri: [22, 25], figli: [], mosse: [(2, 2, 5, 2, 11), (2, 2, 4, 5, 14)]
24 -> costo: 62206.6, rotte: {3: [(1, 10), (10, 18), (18, 8), (8, 9), (9, 14), (14, 11), (11, 12), (12, 16), (16, 17), (17, 15)], 2: [(1, 6), (6, 7), (7, 3), (3, 2), (2, 5), (5, 4), (4, 13)]}, padri: [22], figli: [25], mosse: [(2, 2, 5, 4, 13)]
25 -> costo: 62129.6, rotte: {3: [(1, 10), (10, 18), (18, 8), (8, 9), (9, 14), (14, 11), (11, 12), (12, 16), (16, 17), (17, 15)], 2: [(1, 6), (6, 7), (7, 3), (3, 5), (5, 4), (4, 2), (2, 13)]}, padri: [24], figli: [26, 27, 28, 23], mosse: [(2, 2, 4, 2, 11)]
26 -> costo: 61675.600000000006, rotte: {3: [(1, 10), (10, 18), (18, 8), (8, 9), (9, 14), (14, 11), (11, 12), (12, 16), (16, 17), (17, 15)], 2: [(1, 6), (6, 7), (7, 5), (5, 4), (4, 3), (3, 2), (2, 13)]}, padri: [25, 27, 28], figli: [], mosse: [(2, 2, 4, 3, 12), (2, 2, 4, 3, 12), (2, 2, 3, 2, 11)]
27 -> costo: 61751.5, rotte: {3: [(1, 10), (10, 18), (18, 8), (8, 9), (9, 14), (14, 11), (11, 12), (12, 16), (16, 17), (17, 15)], 2: [(1, 6), (6, 7), (7, 5), (5, 3), (3, 4), (4, 2), (2, 13)]}, padri: [25], figli: [26], mosse: [(2, 2, 5, 3, 12)]
28 -> costo: 61813.6, rotte: {3: [(1, 10), (10, 18), (18, 8), (8, 9), (9, 14), (14, 11), (11, 12), (12, 16), (16, 17), (17, 15)], 2: [(1, 6), (6, 7), (7, 5), (5, 4), (4, 2), (2, 3), (3, 13)]}, padri: [25], figli: [26], mosse: [(2, 2, 2, 3, 12)]
29 -> costo: 63489.69999999999, rotte: {3: [(1, 13), (13, 10), (10, 18), (18, 8), (8, 9), (9, 14), (14, 11), (11, 12), (12, 16), (16, 17), (17, 15)], 2: [(1, 6), (6, 7), (7, 3), (3, 2), (2, 4), (4, 5)]}, padri: [17], figli: [18, 19], mosse: [(3, 2, 1, 13, 2)]
bestSolutionIndice: 18
18 -> costo: 55422.7, rotte: {3: [(1, 10), (10, 18), (18, 8), (8, 9), (9, 13), (13, 14), (14, 11), (11, 12), (12, 16), (16, 17), (17, 15)], 2: [(1, 6), (6, 7), (7, 3), (3, 2), (2, 4), (4, 5)]}, padri: [17, 20, 29], figli: [], mosse: [(3, 2, 9, 13, 2), (3, 3, 13, 14, 3), (3, 3, 9, 13, 2)]
trasportoPalletDiGamma: {3: [(10, 19), (18, 5), (8, 17), (9, 18), (13, 2), (14, 3), (11, 20), (12, 1), (16, 5), (17, 6), (15, 4)], 2: [(6, 15), (7, 16), (3, 12), (2, 11), (4, 13), (5, 14)]}
itMosseLS: 38, itMosseTS: 20
time elapsed: 131.40s.


