itNSIMax: 5, itMosseTSMax: 100.
##########################################################################################
s: 1, itNSI: 1.
soluzione iniziale: 0
0 -> 
costo: 133641.89999999997, 
rotte: {2: [(1, 11), (11, 4), (4, 18), (18, 10), (10, 12), (12, 8), (8, 2), (2, 5)], 3: [(1, 13), (13, 15), (15, 3), (3, 6), (6, 7), (7, 9), (9, 17), (17, 14), (14, 16)]}
trasportoPalletDiGamma: {2: [(11, 20), (4, 13), (18, 5), (10, 19), (12, 1), (8, 17), (2, 11), (5, 14)], 3: [(13, 2), (15, 4), (3, 12), (6, 15), (7, 16), (9, 18), (17, 6), (14, 3), (16, 5)]}
bestSolutionIndice: 40
40 -> 
costo: 65447.49999999999, 
rotte: {2: [(1, 2), (2, 5), (5, 10), (10, 8), (8, 11), (11, 12)], 3: [(1, 3), (3, 4), (4, 7), (7, 6), (6, 18), (18, 9), (9, 14), (14, 13), (13, 17), (17, 16), (16, 15)]}
trasportoPalletDiGamma: {2: [(2, 11), (5, 14), (10, 19), (8, 17), (11, 20), (12, 1)], 3: [(3, 12), (4, 13), (7, 16), (6, 15), (18, 5), (9, 18), (14, 3), (13, 2), (17, 6), (16, 5), (15, 4)]}
itMosseLS: 112, itMosseTS: 100
numero di soluzioni totali trovati: 49.
time elapsed: 976.60s.


##########################################################################################
s: 1, itNSI: 2.
soluzione iniziale: 0
0 -> 
costo: 141418.7, 
rotte: {2: [(1, 10), (10, 17), (17, 8), (8, 11), (11, 16), (16, 14), (14, 2), (2, 3), (3, 13)], 3: [(1, 7), (7, 6), (6, 12), (12, 5), (5, 18), (18, 4), (4, 9), (9, 15)]}
trasportoPalletDiGamma: {2: [(10, 19), (17, 6), (8, 17), (11, 20), (16, 5), (14, 3), (2, 11), (3, 12), (13, 2)], 3: [(7, 16), (6, 15), (12, 1), (5, 14), (18, 5), (4, 13), (9, 18), (15, 4)]}
bestSolutionIndice: 20
20 -> 
costo: 82535.90000000001, 
rotte: {2: [(1, 17), (17, 16), (16, 13), (13, 11), (11, 14), (14, 10), (10, 3), (3, 2), (2, 8)], 3: [(1, 4), (4, 5), (5, 7), (7, 6), (6, 18), (18, 9), (9, 12), (12, 15)]}
trasportoPalletDiGamma: {2: [(17, 6), (16, 5), (13, 2), (11, 20), (14, 3), (10, 19), (3, 12), (2, 11), (8, 17)], 3: [(4, 13), (5, 14), (7, 16), (6, 15), (18, 5), (9, 18), (12, 1), (15, 4)]}
itMosseLS: 114, itMosseTS: 100
numero di soluzioni totali trovati: 50.
time elapsed: 1649.63s.


##########################################################################################
s: 1, itNSI: 3.
soluzione iniziale: 0
0 -> 
costo: 122902.6, 
rotte: {3: [(1, 18), (18, 8), (8, 4), (4, 2), (2, 6), (6, 7), (7, 12), (12, 5), (5, 9)], 2: [(1, 10), (10, 13), (13, 3), (3, 17), (17, 15), (15, 11), (11, 14), (14, 16), (16, 9)]}
trasportoPalletDiGamma: {3: [(18, 5), (8, 17), (4, 13), (2, 11), (6, 15), (7, 16), (12, 1), (5, 14), (9, 8)], 2: [(10, 19), (13, 2), (3, 12), (17, 6), (15, 4), (11, 20), (14, 3), (16, 5), (9, 10)]}
bestSolutionIndice: 17
17 -> 
costo: 70179.70000000001, 
rotte: {3: [(1, 6), (6, 7), (7, 5), (5, 18), (18, 8), (8, 9), (9, 12)], 2: [(1, 2), (2, 4), (4, 3), (3, 10), (10, 16), (16, 17), (17, 15), (15, 13), (13, 11), (11, 14)]}
trasportoPalletDiGamma: {3: [(6, 15), (7, 16), (5, 14), (18, 5), (8, 17), (9, 18), (12, 1)], 2: [(2, 11), (4, 13), (3, 12), (10, 19), (16, 5), (17, 6), (15, 4), (13, 2), (11, 20), (14, 3)]}
itMosseLS: 82, itMosseTS: 72
numero di soluzioni totali trovati: 30.
time elapsed: 976.24s.


##########################################################################################
##########################################################################################
##########################################################################################
##########################################################################################
##########################################################################################
Soluzione migliore in assoluto trovata:

s: 1
itNSI: 1, 
costo: 65447.49999999999, 
rotte: {2: [(1, 2), (2, 5), (5, 10), (10, 8), (8, 11), (11, 12)], 3: [(1, 3), (3, 4), (4, 7), (7, 6), (6, 18), (18, 9), (9, 14), (14, 13), (13, 17), (17, 16), (16, 15)]}
trasportoPalletDiGamma: {2: [(2, 11), (5, 14), (10, 19), (8, 17), (11, 20), (12, 1)], 3: [(3, 12), (4, 13), (7, 16), (6, 15), (18, 5), (9, 18), (14, 3), (13, 2), (17, 6), (16, 5), (15, 4)]}

Total time elapsed: 3603.07s.