itNSIMax: 3, itMosseTSMax: 200.
##########################################################################################
s: 1, itNSI: 1.
soluzione iniziale: 0
0 -> 
costo: 172587.8, 
rotte: {2: [(1, 16), (16, 19), (19, 9), (9, 12), (12, 14), (14, 3), (3, 8)], 4: [(1, 2), (2, 7), (7, 5), (5, 18), (18, 11), (11, 17), (17, 8)], 3: [(1, 15), (15, 10), (10, 6), (6, 4), (4, 13), (13, 8)]}
trasportoPalletDiGamma: {2: [(16, 5), (19, 12), (9, 18), (12, 1), (14, 3), (3, 12), (8, 9)], 4: [(2, 11), (7, 16), (5, 14), (18, 19), (11, 20), (17, 6), (8, 1)], 3: [(15, 4), (10, 19), (6, 15), (4, 13), (13, 2), (8, 7)]}
bestSolutionIndice: 10
10 -> 
costo: 102770.69999999997, 
rotte: {2: [(1, 19), (19, 12), (12, 14), (14, 3), (3, 8), (8, 9)], 4: [(1, 2), (2, 5), (5, 7), (7, 11), (11, 18), (18, 17), (17, 16), (16, 15)], 3: [(1, 4), (4, 10), (10, 6), (6, 8), (8, 13)]}
trasportoPalletDiGamma: {2: [(19, 12), (12, 1), (14, 3), (3, 12), (8, 10), (9, 18)], 4: [(2, 11), (5, 14), (7, 16), (11, 20), (18, 19), (17, 6), (16, 5), (15, 4)], 3: [(4, 13), (10, 19), (6, 15), (8, 7), (13, 2)]}
itMosseLS: 65, itMosseTS: 57
numero di soluzioni totali trovati: 39.
time elapsed: 3600.46s.


##########################################################################################
##########################################################################################
##########################################################################################
##########################################################################################
##########################################################################################
Soluzione migliore in assoluto trovata:

s: 1
itNSI: 1, 
costo: 102770.69999999997, 
rotte: {2: [(1, 19), (19, 12), (12, 14), (14, 3), (3, 8), (8, 9)], 4: [(1, 2), (2, 5), (5, 7), (7, 11), (11, 18), (18, 17), (17, 16), (16, 15)], 3: [(1, 4), (4, 10), (10, 6), (6, 8), (8, 13)]}
trasportoPalletDiGamma: {2: [(19, 12), (12, 1), (14, 3), (3, 12), (8, 10), (9, 18)], 4: [(2, 11), (5, 14), (7, 16), (11, 20), (18, 19), (17, 6), (16, 5), (15, 4)], 3: [(4, 13), (10, 19), (6, 15), (8, 7), (13, 2)]}

Total time elapsed: 3601.11s.