itNSIMax: 5, itMosseTSMax: 100.
##########################################################################################
s: 1, itNSI: 1.
soluzione iniziale: 0
0 -> 
costo: 182468.0, 
rotte: {4: [(1, 17), (17, 12), (12, 19), (19, 5), (5, 15), (15, 13), (13, 8), (8, 9), (9, 6), (6, 2)], 2: [(1, 10), (10, 14), (14, 18), (18, 3), (3, 6)], 3: [(1, 7), (7, 11), (11, 4), (4, 16), (16, 2)]}
trasportoPalletDiGamma: {4: [(17, 6), (12, 1), (19, 12), (5, 14), (15, 4), (13, 2), (8, 17), (9, 18), (6, 8), (2, 5)], 2: [(10, 19), (14, 3), (18, 19), (3, 12), (6, 7)], 3: [(7, 16), (11, 20), (4, 13), (16, 5), (2, 6)]}
bestSolutionIndice: 11
11 -> 
costo: 104134.3, 
rotte: {4: [(1, 19), (19, 17), (17, 15), (15, 12), (12, 13), (13, 8), (8, 9), (9, 6), (6, 5), (5, 2)], 2: [(1, 18), (18, 3), (3, 10), (10, 14)], 3: [(1, 4), (4, 7), (7, 11), (11, 16)]}
trasportoPalletDiGamma: {4: [(19, 12), (17, 6), (15, 4), (12, 1), (13, 2), (8, 17), (9, 18), (6, 15), (5, 14), (2, 11)], 2: [(18, 19), (3, 12), (10, 19), (14, 3)], 3: [(4, 13), (7, 16), (11, 20), (16, 5)]}
itMosseLS: 98, itMosseTS: 86
numero di soluzioni totali trovati: 20.
time elapsed: 3610.56s.


##########################################################################################
##########################################################################################
##########################################################################################
##########################################################################################
##########################################################################################
##########################################################################################
##########################################################################################
Soluzione migliore in assoluto trovata:

s: 1
itNSI: 1, 
costo: 104134.3, 
rotte: {4: [(1, 19), (19, 17), (17, 15), (15, 12), (12, 13), (13, 8), (8, 9), (9, 6), (6, 5), (5, 2)], 2: [(1, 18), (18, 3), (3, 10), (10, 14)], 3: [(1, 4), (4, 7), (7, 11), (11, 16)]}
trasportoPalletDiGamma: {4: [(19, 12), (17, 6), (15, 4), (12, 1), (13, 2), (8, 17), (9, 18), (6, 15), (5, 14), (2, 11)], 2: [(18, 19), (3, 12), (10, 19), (14, 3)], 3: [(4, 13), (7, 16), (11, 20), (16, 5)]}

Total time elapsed: 3611.95s.