itNSIMax: 10, itMosseTSMax: 30.
##########################################################################################
s: 1
dictSolutions[1]:
0 -> costo: 175707.50000000003, rotte: {4: [(1, 3), (3, 6), (6, 14), (14, 13), (13, 4), (4, 10), (10, 12), (12, 18), (18, 5), (5, 15)], 3: [(1, 17), (17, 7), (7, 11), (11, 16), (16, 5)], 2: [(1, 8), (8, 9), (9, 2), (2, 19), (19, 15)]}, padri: [-1], figli: [1], mosse: [-1]
1 -> costo: 155379.30000000002, rotte: {4: [(1, 3), (3, 6), (6, 14), (14, 13), (13, 4), (4, 10), (10, 12), (12, 18), (18, 5), (5, 15)], 3: [(1, 7), (7, 11), (11, 17), (17, 16), (16, 5)], 2: [(1, 8), (8, 9), (9, 2), (2, 19), (19, 15)]}, padri: [0], figli: [2], mosse: [(3, 3, 11, 17, 6)]
2 -> costo: 140518.4, rotte: {4: [(1, 3), (3, 6), (6, 14), (14, 13), (13, 4), (4, 10), (10, 12), (12, 18), (18, 5), (5, 15)], 3: [(1, 5), (5, 7), (7, 11), (11, 17), (17, 16)], 2: [(1, 8), (8, 9), (9, 2), (2, 19), (19, 15)]}, padri: [1], figli: [3], mosse: [(3, 3, 1, 5, 13)]
3 -> costo: 127616.79999999999, rotte: {4: [(1, 3), (3, 6), (6, 14), (14, 13), (13, 4), (4, 10), (10, 12), (12, 18), (18, 5), (5, 15)], 3: [(1, 5), (5, 7), (7, 11), (11, 17), (17, 16)], 2: [(1, 8), (8, 9), (9, 2), (2, 19)]}, padri: [2], figli: [4], mosse: [(4, 2, 1, 15, 2)]
4 -> costo: 123003.69999999998, rotte: {4: [(1, 3), (3, 6), (6, 14), (14, 13), (13, 4), (4, 10), (10, 12), (12, 5), (5, 18), (18, 15)], 3: [(1, 5), (5, 7), (7, 11), (11, 17), (17, 16)], 2: [(1, 8), (8, 9), (9, 2), (2, 19)]}, padri: [3], figli: [5], mosse: [(4, 4, 5, 18, 19)]
5 -> costo: 119398.39999999998, rotte: {4: [(1, 3), (3, 6), (6, 14), (14, 13), (13, 4), (4, 10), (10, 12), (12, 5), (5, 18), (18, 15)], 3: [(1, 5), (5, 7), (7, 11), (11, 17), (17, 16)], 2: [(1, 19), (19, 8), (8, 9), (9, 2)]}, padri: [4], figli: [6], mosse: [(2, 2, 1, 19, 12)]
6 -> costo: 116243.49999999999, rotte: {4: [(1, 3), (3, 6), (6, 14), (14, 13), (13, 4), (4, 10), (10, 12), (12, 5), (5, 18), (18, 15)], 3: [(1, 5), (5, 7), (7, 11), (11, 17), (17, 16)], 2: [(1, 19), (19, 2), (2, 8), (8, 9)]}, padri: [5], figli: [7], mosse: [(2, 2, 19, 2, 11)]
7 -> costo: 114471.99999999999, rotte: {4: [(1, 3), (3, 6), (6, 14), (14, 13), (13, 10), (10, 12), (12, 4), (4, 5), (5, 18), (18, 15)], 3: [(1, 5), (5, 7), (7, 11), (11, 17), (17, 16)], 2: [(1, 19), (19, 2), (2, 8), (8, 9)]}, padri: [6], figli: [8], mosse: [(4, 4, 12, 4, 13)]
8 -> costo: 104227.29999999999, rotte: {4: [(1, 3), (3, 6), (6, 14), (14, 13), (13, 12), (12, 10), (10, 4), (4, 5), (5, 18), (18, 15)], 3: [(1, 5), (5, 7), (7, 11), (11, 17), (17, 16)], 2: [(1, 19), (19, 2), (2, 8), (8, 9)]}, padri: [7], figli: [9], mosse: [(4, 4, 12, 10, 19)]
9 -> costo: 103858.99999999999, rotte: {4: [(1, 6), (6, 14), (14, 13), (13, 12), (12, 10), (10, 3), (3, 4), (4, 5), (5, 18), (18, 15)], 3: [(1, 5), (5, 7), (7, 11), (11, 17), (17, 16)], 2: [(1, 19), (19, 2), (2, 8), (8, 9)]}, padri: [8], figli: [10, 13, 14, 16, 17], mosse: [(4, 4, 10, 3, 12)]
10 -> costo: 101484.09999999999, rotte: {4: [(1, 14), (14, 13), (13, 12), (12, 10), (10, 3), (3, 4), (4, 5), (5, 6), (6, 18), (18, 15)], 3: [(1, 5), (5, 7), (7, 11), (11, 17), (17, 16)], 2: [(1, 19), (19, 2), (2, 8), (8, 9)]}, padri: [9, 13, 16], figli: [11, 12, 18, 24], mosse: [(4, 4, 5, 6, 15), (4, 4, 5, 6, 15), (4, 4, 5, 6, 15)]
11 -> costo: 101331.49999999999, rotte: {4: [(1, 13), (13, 12), (12, 14), (14, 10), (10, 3), (3, 4), (4, 5), (5, 6), (6, 18), (18, 15)], 3: [(1, 5), (5, 7), (7, 11), (11, 17), (17, 16)], 2: [(1, 19), (19, 2), (2, 8), (8, 9)]}, padri: [10, 14, 17, 22], figli: [], mosse: [(4, 4, 12, 14, 3), (4, 4, 5, 6, 15), (4, 4, 5, 6, 15), (4, 4, 3, 4, 13)]
12 -> costo: 101332.19999999998, rotte: {4: [(1, 14), (14, 12), (12, 13), (13, 10), (10, 3), (3, 4), (4, 5), (5, 6), (6, 18), (18, 15)], 3: [(1, 5), (5, 7), (7, 11), (11, 17), (17, 16)], 2: [(1, 19), (19, 2), (2, 8), (8, 9)]}, padri: [10, 15, 23, 28], figli: [], mosse: [(4, 4, 12, 13, 2), (4, 4, 5, 6, 15), (4, 4, 5, 6, 15), (4, 4, 3, 4, 13)]
13 -> costo: 101754.79999999999, rotte: {4: [(1, 14), (14, 13), (13, 12), (12, 10), (10, 3), (3, 4), (4, 6), (6, 5), (5, 18), (18, 15)], 3: [(1, 5), (5, 7), (7, 11), (11, 17), (17, 16)], 2: [(1, 19), (19, 2), (2, 8), (8, 9)]}, padri: [9], figli: [10, 14, 15, 17, 21, 27], mosse: [(4, 4, 4, 6, 15)]
14 -> costo: 101602.2, rotte: {4: [(1, 13), (13, 12), (12, 14), (14, 10), (10, 3), (3, 4), (4, 6), (6, 5), (5, 18), (18, 15)], 3: [(1, 5), (5, 7), (7, 11), (11, 17), (17, 16)], 2: [(1, 19), (19, 2), (2, 8), (8, 9)]}, padri: [13, 17], figli: [11, 18], mosse: [(4, 4, 12, 14, 3), (4, 4, 4, 6, 15)]
15 -> costo: 101602.9, rotte: {4: [(1, 14), (14, 12), (12, 13), (13, 10), (10, 3), (3, 4), (4, 6), (6, 5), (5, 18), (18, 15)], 3: [(1, 5), (5, 7), (7, 11), (11, 17), (17, 16)], 2: [(1, 19), (19, 2), (2, 8), (8, 9)]}, padri: [13, 23], figli: [12, 24], mosse: [(4, 4, 12, 13, 2), (4, 4, 4, 6, 15)]
16 -> costo: 101788.79999999999, rotte: {4: [(1, 14), (14, 13), (13, 12), (12, 10), (10, 6), (6, 3), (3, 4), (4, 5), (5, 18), (18, 15)], 3: [(1, 5), (5, 7), (7, 11), (11, 17), (17, 16)], 2: [(1, 19), (19, 2), (2, 8), (8, 9)]}, padri: [9], figli: [10, 17, 23], mosse: [(4, 4, 10, 6, 15)]
17 -> costo: 101636.2, rotte: {4: [(1, 13), (13, 12), (12, 14), (14, 10), (10, 6), (6, 3), (3, 4), (4, 5), (5, 18), (18, 15)], 3: [(1, 5), (5, 7), (7, 11), (11, 17), (17, 16)], 2: [(1, 19), (19, 2), (2, 8), (8, 9)]}, padri: [16], figli: [11, 18, 14, 21], mosse: [(4, 4, 12, 14, 3)]
18 -> costo: 101581.79999999999, rotte: {4: [(1, 13), (13, 12), (12, 14), (14, 10), (10, 6), (6, 4), (4, 5), (5, 3), (3, 18), (18, 15)], 3: [(1, 5), (5, 7), (7, 11), (11, 17), (17, 16)], 2: [(1, 19), (19, 2), (2, 8), (8, 9)]}, padri: [17, 21], figli: [19, 20], mosse: [(4, 4, 5, 3, 12), (4, 4, 5, 3, 12)]
19 -> costo: 101015.9, rotte: {4: [(1, 13), (13, 12), (12, 14), (14, 10), (10, 6), (6, 5), (5, 4), (4, 3), (3, 18), (18, 15)], 3: [(1, 5), (5, 7), (7, 11), (11, 17), (17, 16)], 2: [(1, 19), (19, 2), (2, 8), (8, 9)]}, padri: [18, 20], figli: [], mosse: [(4, 4, 5, 4, 13), (4, 4, 4, 3, 12)]
20 -> costo: 101097.99999999999, rotte: {4: [(1, 13), (13, 12), (12, 14), (14, 10), (10, 6), (6, 5), (5, 3), (3, 4), (4, 18), (18, 15)], 3: [(1, 5), (5, 7), (7, 11), (11, 17), (17, 16)], 2: [(1, 19), (19, 2), (2, 8), (8, 9)]}, padri: [18], figli: [19], mosse: [(4, 4, 3, 4, 13)]
21 -> costo: 101603.4, rotte: {4: [(1, 13), (13, 12), (12, 14), (14, 10), (10, 6), (6, 4), (4, 3), (3, 5), (5, 18), (18, 15)], 3: [(1, 5), (5, 7), (7, 11), (11, 17), (17, 16)], 2: [(1, 19), (19, 2), (2, 8), (8, 9)]}, padri: [17], figli: [22, 18], mosse: [(4, 4, 4, 3, 12)]
22 -> costo: 101413.59999999999, rotte: {4: [(1, 13), (13, 12), (12, 14), (14, 10), (10, 4), (4, 3), (3, 5), (5, 6), (6, 18), (18, 15)], 3: [(1, 5), (5, 7), (7, 11), (11, 17), (17, 16)], 2: [(1, 19), (19, 2), (2, 8), (8, 9)]}, padri: [21], figli: [11], mosse: [(4, 4, 5, 6, 15)]
23 -> costo: 101636.89999999998, rotte: {4: [(1, 14), (14, 12), (12, 13), (13, 10), (10, 6), (6, 3), (3, 4), (4, 5), (5, 18), (18, 15)], 3: [(1, 5), (5, 7), (7, 11), (11, 17), (17, 16)], 2: [(1, 19), (19, 2), (2, 8), (8, 9)]}, padri: [16], figli: [12, 24, 15, 27], mosse: [(4, 4, 12, 13, 2)]
24 -> costo: 101582.49999999999, rotte: {4: [(1, 14), (14, 12), (12, 13), (13, 10), (10, 6), (6, 4), (4, 5), (5, 3), (3, 18), (18, 15)], 3: [(1, 5), (5, 7), (7, 11), (11, 17), (17, 16)], 2: [(1, 19), (19, 2), (2, 8), (8, 9)]}, padri: [23, 27], figli: [25, 26], mosse: [(4, 4, 5, 3, 12), (4, 4, 5, 3, 12)]
25 -> costo: 101016.59999999999, rotte: {4: [(1, 14), (14, 12), (12, 13), (13, 10), (10, 6), (6, 5), (5, 4), (4, 3), (3, 18), (18, 15)], 3: [(1, 5), (5, 7), (7, 11), (11, 17), (17, 16)], 2: [(1, 19), (19, 2), (2, 8), (8, 9)]}, padri: [24, 26], figli: [], mosse: [(4, 4, 5, 4, 13), (4, 4, 4, 3, 12)]
26 -> costo: 101098.69999999998, rotte: {4: [(1, 14), (14, 12), (12, 13), (13, 10), (10, 6), (6, 5), (5, 3), (3, 4), (4, 18), (18, 15)], 3: [(1, 5), (5, 7), (7, 11), (11, 17), (17, 16)], 2: [(1, 19), (19, 2), (2, 8), (8, 9)]}, padri: [24], figli: [25], mosse: [(4, 4, 3, 4, 13)]
27 -> costo: 101604.09999999999, rotte: {4: [(1, 14), (14, 12), (12, 13), (13, 10), (10, 6), (6, 4), (4, 3), (3, 5), (5, 18), (18, 15)], 3: [(1, 5), (5, 7), (7, 11), (11, 17), (17, 16)], 2: [(1, 19), (19, 2), (2, 8), (8, 9)]}, padri: [23], figli: [28, 24], mosse: [(4, 4, 4, 3, 12)]
28 -> costo: 101414.29999999999, rotte: {4: [(1, 14), (14, 12), (12, 13), (13, 10), (10, 4), (4, 3), (3, 5), (5, 6), (6, 18), (18, 15)], 3: [(1, 5), (5, 7), (7, 11), (11, 17), (17, 16)], 2: [(1, 19), (19, 2), (2, 8), (8, 9)]}, padri: [27], figli: [12], mosse: [(4, 4, 5, 6, 15)]
bestSolutionIndice: 19
19 -> costo: 101015.9, rotte: {4: [(1, 13), (13, 12), (12, 14), (14, 10), (10, 6), (6, 5), (5, 4), (4, 3), (3, 18), (18, 15)], 3: [(1, 5), (5, 7), (7, 11), (11, 17), (17, 16)], 2: [(1, 19), (19, 2), (2, 8), (8, 9)]}, padri: [18, 20], figli: [], mosse: [(4, 4, 5, 4, 13), (4, 4, 4, 3, 12)]
trasportoPalletDiGamma: {4: [(13, 2), (12, 1), (14, 3), (10, 19), (6, 15), (5, 1), (4, 13), (3, 12), (18, 19), (15, 4)], 3: [(5, 13), (7, 16), (11, 20), (17, 6), (16, 5)], 2: [(19, 12), (2, 11), (8, 17), (9, 18)]}
itMosseLS: 42, itMosseTS: 30
time elapsed: 1633.14s.


##########################################################################################
s: 1
dictSolutions[1]:
0 -> costo: 170541.8, rotte: {4: [(1, 5), (5, 19), (19, 11), (11, 8), (8, 3), (3, 7), (7, 13)], 2: [(1, 15), (15, 12), (12, 2), (2, 10), (10, 6), (6, 16)], 3: [(1, 17), (17, 14), (14, 4), (4, 9), (9, 18), (18, 13)]}, padri: [-1], figli: [1], mosse: [-1]
1 -> costo: 155489.2, rotte: {4: [(1, 5), (5, 19), (19, 11), (11, 8), (8, 3), (3, 7), (7, 13)], 2: [(1, 12), (12, 2), (2, 10), (10, 6), (6, 16), (16, 15)], 3: [(1, 17), (17, 14), (14, 4), (4, 9), (9, 18), (18, 13)]}, padri: [0], figli: [2], mosse: [(2, 2, 16, 15, 4)]
2 -> costo: 153137.1, rotte: {4: [(1, 5), (5, 19), (19, 11), (11, 8), (8, 3), (3, 7), (7, 13)], 2: [(1, 12), (12, 2), (2, 10), (10, 6), (6, 16), (16, 15)], 3: [(1, 17), (17, 14), (14, 4), (4, 9), (9, 13), (13, 18)]}, padri: [1], figli: [3], mosse: [(3, 3, 18, 13)]
3 -> costo: 140613.9, rotte: {4: [(1, 19), (19, 11), (11, 8), (8, 3), (3, 7), (7, 5), (5, 13)], 2: [(1, 12), (12, 2), (2, 10), (10, 6), (6, 16), (16, 15)], 3: [(1, 17), (17, 14), (14, 4), (4, 9), (9, 13), (13, 18)]}, padri: [2], figli: [4], mosse: [(4, 4, 7, 5, 14)]
4 -> costo: 130514.79999999999, rotte: {4: [(1, 19), (19, 12), (12, 11), (11, 8), (8, 3), (3, 7), (7, 5), (5, 13)], 2: [(1, 2), (2, 10), (10, 6), (6, 16), (16, 15)], 3: [(1, 17), (17, 14), (14, 4), (4, 9), (9, 13), (13, 18)]}, padri: [3], figli: [5], mosse: [(4, 2, 19, 12, 1)]
5 -> costo: 114170.09999999999, rotte: {4: [(1, 19), (19, 12), (12, 11), (11, 8), (8, 3), (3, 7), (7, 5), (5, 13)], 2: [(1, 2), (2, 10), (10, 6), (6, 17), (17, 16), (16, 15)], 3: [(1, 14), (14, 4), (4, 9), (9, 13), (13, 18)]}, padri: [4], figli: [6], mosse: [(2, 3, 6, 17, 6)]
6 -> costo: 104224.29999999999, rotte: {4: [(1, 19), (19, 12), (12, 11), (11, 8), (8, 3), (3, 7), (7, 5), (5, 13), (13, 14)], 2: [(1, 2), (2, 10), (10, 6), (6, 17), (17, 16), (16, 15)], 3: [(1, 4), (4, 9), (9, 13), (13, 18)]}, padri: [5], figli: [7], mosse: [(4, 3, 13, 14, 3)]
7 -> costo: 96814.79999999999, rotte: {4: [(1, 19), (19, 12), (12, 11), (11, 8), (8, 3), (3, 7), (7, 5), (5, 13), (13, 14)], 2: [(1, 2), (2, 10), (10, 6), (6, 17), (17, 16), (16, 15)], 3: [(1, 4), (4, 9), (9, 18)]}, padri: [6], figli: [8, 14, 20], mosse: [(4, 3, 1, 13, 1)]
8 -> costo: 88108.79999999999, rotte: {4: [(1, 19), (19, 12), (12, 11), (11, 8), (8, 3), (3, 7), (7, 5), (5, 13), (13, 14)], 2: [(1, 2), (2, 10), (10, 6), (6, 17), (17, 16), (16, 15)], 3: [(1, 18), (18, 4), (4, 9)]}, padri: [7], figli: [9, 11, 13, 15, 21], mosse: [(3, 3, 1, 18, 19)]
9 -> costo: 87644.9, rotte: {4: [(1, 19), (19, 12), (12, 11), (11, 3), (3, 7), (7, 5), (5, 8), (8, 13), (13, 14)], 2: [(1, 2), (2, 10), (10, 6), (6, 17), (17, 16), (16, 15)], 3: [(1, 18), (18, 4), (4, 9)]}, padri: [8, 14, 19, 19, 19], figli: [10, 16], mosse: [(4, 4, 5, 8, 17), (3, 3, 1, 18, 19), (3, 3, 9, 4), (3, 3, 18, 4, 13), (3, 3, 4, 9, 18)]
10 -> costo: 87405.4, rotte: {4: [(1, 19), (19, 12), (12, 11), (11, 3), (3, 7), (7, 5), (5, 8), (8, 13), (13, 14)], 2: [(1, 2), (2, 6), (6, 10), (10, 17), (17, 16), (16, 15)], 3: [(1, 18), (18, 4), (4, 9)]}, padri: [9, 13, 15, 17, 17, 17], figli: [], mosse: [(2, 2, 6, 10, 19), (4, 4, 5, 8, 17), (3, 3, 1, 18, 19), (3, 3, 9, 4), (3, 3, 18, 4, 13), (3, 3, 4, 9, 18)]
11 -> costo: 87777.09999999999, rotte: {4: [(1, 19), (19, 12), (12, 11), (11, 8), (8, 7), (7, 5), (5, 3), (3, 13), (13, 14)], 2: [(1, 2), (2, 10), (10, 6), (6, 17), (17, 16), (16, 15)], 3: [(1, 18), (18, 4), (4, 9)]}, padri: [8, 20], figli: [12, 22], mosse: [(4, 4, 5, 3, 12), (3, 3, 1, 18, 19)]
12 -> costo: 87537.59999999999, rotte: {4: [(1, 19), (19, 12), (12, 11), (11, 8), (8, 7), (7, 5), (5, 3), (3, 13), (13, 14)], 2: [(1, 2), (2, 6), (6, 10), (10, 17), (17, 16), (16, 15)], 3: [(1, 18), (18, 4), (4, 9)]}, padri: [11, 13, 21, 23, 23, 23], figli: [], mosse: [(2, 2, 6, 10, 19), (4, 4, 5, 3, 12), (3, 3, 1, 18, 19), (3, 3, 9, 4), (3, 3, 18, 4, 13), (3, 3, 4, 9, 18)]
13 -> costo: 87869.29999999999, rotte: {4: [(1, 19), (19, 12), (12, 11), (11, 8), (8, 3), (3, 7), (7, 5), (5, 13), (13, 14)], 2: [(1, 2), (2, 6), (6, 10), (10, 17), (17, 16), (16, 15)], 3: [(1, 18), (18, 4), (4, 9)]}, padri: [8], figli: [10, 12, 16, 22], mosse: [(2, 2, 6, 10, 19)]
14 -> costo: 96350.9, rotte: {4: [(1, 19), (19, 12), (12, 11), (11, 3), (3, 7), (7, 5), (5, 8), (8, 13), (13, 14)], 2: [(1, 2), (2, 10), (10, 6), (6, 17), (17, 16), (16, 15)], 3: [(1, 4), (4, 9), (9, 18)]}, padri: [7], figli: [9, 15, 18], mosse: [(4, 4, 5, 8, 17)]
15 -> costo: 96111.4, rotte: {4: [(1, 19), (19, 12), (12, 11), (11, 3), (3, 7), (7, 5), (5, 8), (8, 13), (13, 14)], 2: [(1, 2), (2, 6), (6, 10), (10, 17), (17, 16), (16, 15)], 3: [(1, 4), (4, 9), (9, 18)]}, padri: [14], figli: [10, 16], mosse: [(2, 2, 6, 10, 19)]
16 -> costo: 96108.3, rotte: {4: [(1, 19), (19, 12), (12, 11), (11, 3), (3, 7), (7, 5), (5, 8), (8, 13), (13, 14)], 2: [(1, 2), (2, 6), (6, 10), (10, 17), (17, 16), (16, 15)], 3: [(1, 9), (9, 4), (4, 18)]}, padri: [15, 18], figli: [17], mosse: [(3, 3, 9, 4, 13), (2, 2, 6, 10, 19)]
17 -> costo: 90355.79999999999, rotte: {4: [(1, 19), (19, 12), (12, 11), (11, 3), (3, 7), (7, 5), (5, 8), (8, 13), (13, 14)], 2: [(1, 2), (2, 6), (6, 10), (10, 17), (17, 16), (16, 15)], 3: [(1, 18), (18, 9), (9, 4)]}, padri: [16, 19], figli: [10, 10, 10], mosse: [(3, 3, 1, 18, 19), (2, 2, 6, 10, 19)]
18 -> costo: 96347.8, rotte: {4: [(1, 19), (19, 12), (12, 11), (11, 3), (3, 7), (7, 5), (5, 8), (8, 13), (13, 14)], 2: [(1, 2), (2, 10), (10, 6), (6, 17), (17, 16), (16, 15)], 3: [(1, 9), (9, 4), (4, 18)]}, padri: [14], figli: [19, 16], mosse: [(3, 3, 9, 4, 13)]
19 -> costo: 90595.29999999999, rotte: {4: [(1, 19), (19, 12), (12, 11), (11, 3), (3, 7), (7, 5), (5, 8), (8, 13), (13, 14)], 2: [(1, 2), (2, 10), (10, 6), (6, 17), (17, 16), (16, 15)], 3: [(1, 18), (18, 9), (9, 4)]}, padri: [18], figli: [9, 9, 9, 17], mosse: [(3, 3, 1, 18, 19)]
20 -> costo: 96483.09999999999, rotte: {4: [(1, 19), (19, 12), (12, 11), (11, 8), (8, 7), (7, 5), (5, 3), (3, 13), (13, 14)], 2: [(1, 2), (2, 10), (10, 6), (6, 17), (17, 16), (16, 15)], 3: [(1, 4), (4, 9), (9, 18)]}, padri: [7], figli: [11, 21], mosse: [(4, 4, 5, 3, 12)]
21 -> costo: 96243.59999999999, rotte: {4: [(1, 19), (19, 12), (12, 11), (11, 8), (8, 7), (7, 5), (5, 3), (3, 13), (13, 14)], 2: [(1, 2), (2, 6), (6, 10), (10, 17), (17, 16), (16, 15)], 3: [(1, 4), (4, 9), (9, 18)]}, padri: [20], figli: [12, 22], mosse: [(2, 2, 6, 10, 19)]
22 -> costo: 96240.5, rotte: {4: [(1, 19), (19, 12), (12, 11), (11, 8), (8, 7), (7, 5), (5, 3), (3, 13), (13, 14)], 2: [(1, 2), (2, 6), (6, 10), (10, 17), (17, 16), (16, 15)], 3: [(1, 9), (9, 4), (4, 18)]}, padri: [21], figli: [23], mosse: [(3, 3, 9, 4, 13)]
23 -> costo: 90487.99999999999, rotte: {4: [(1, 19), (19, 12), (12, 11), (11, 8), (8, 7), (7, 5), (5, 3), (3, 13), (13, 14)], 2: [(1, 2), (2, 6), (6, 10), (10, 17), (17, 16), (16, 15)], 3: [(1, 18), (18, 9), (9, 4)]}, padri: [22], figli: [12, 12, 12], mosse: [(3, 3, 1, 18, 19)]
bestSolutionIndice: 10
10 -> costo: 87405.4, rotte: {4: [(1, 19), (19, 12), (12, 11), (11, 3), (3, 7), (7, 5), (5, 8), (8, 13), (13, 14)], 2: [(1, 2), (2, 6), (6, 10), (10, 17), (17, 16), (16, 15)], 3: [(1, 18), (18, 4), (4, 9)]}, padri: [9, 13, 15, 17, 17, 17], figli: [], mosse: [(2, 2, 6, 10, 19), (4, 4, 5, 8, 17), (3, 3, 1, 18, 19), (3, 3, 9, 4), (3, 3, 18, 4, 13), (3, 3, 4, 9, 18)]
trasportoPalletDiGamma: {4: [(19, 12), (12, 1), (11, 20), (3, 12), (7, 16), (5, 14), (8, 17), (13, 2), (14, 3)], 2: [(2, 11), (6, 15), (10, 19), (17, 6), (16, 5), (15, 4)], 3: [(18, 19), (4, 13), (9, 18)]}
itMosseLS: 40, itMosseTS: 30
time elapsed: 715.24s.


##########################################################################################
s: 1
dictSolutions[1]:
0 -> costo: 175606.49999999997, rotte: {3: [(1, 5), (5, 15), (15, 3), (3, 17), (17, 19), (19, 14), (14, 16)], 4: [(1, 8), (8, 9), (9, 13), (13, 10), (10, 18), (18, 11)], 2: [(1, 6), (6, 4), (4, 2), (2, 7), (7, 12), (12, 16)]}, padri: [-1], figli: [1], mosse: [-1]
1 -> costo: 149611.59999999998, rotte: {3: [(1, 5), (5, 3), (3, 17), (17, 19), (19, 14), (14, 16), (16, 15)], 4: [(1, 8), (8, 9), (9, 13), (13, 10), (10, 18), (18, 11)], 2: [(1, 6), (6, 4), (4, 2), (2, 7), (7, 12), (12, 16)]}, padri: [0], figli: [2], mosse: [(3, 3, 16, 15, 4)]
2 -> costo: 148357.39999999997, rotte: {3: [(1, 5), (5, 3), (3, 17), (17, 19), (19, 14), (14, 16), (16, 15)], 4: [(1, 8), (8, 9), (9, 13), (13, 10), (10, 11), (11, 18)], 2: [(1, 6), (6, 4), (4, 2), (2, 7), (7, 12), (12, 16)]}, padri: [1], figli: [3], mosse: [(4, 4, 18, 11)]
3 -> costo: 129809.00000000001, rotte: {3: [(1, 5), (5, 3), (3, 19), (19, 14), (14, 16), (16, 17), (17, 15)], 4: [(1, 8), (8, 9), (9, 13), (13, 10), (10, 11), (11, 18)], 2: [(1, 6), (6, 4), (4, 2), (2, 7), (7, 12), (12, 16)]}, padri: [2], figli: [4], mosse: [(3, 3, 16, 17, 6)]
4 -> costo: 117737.70000000001, rotte: {3: [(1, 5), (5, 3), (3, 19), (19, 14), (14, 16), (16, 17), (17, 15)], 4: [(1, 8), (8, 9), (9, 13), (13, 10), (10, 11), (11, 18)], 2: [(1, 6), (6, 4), (4, 2), (2, 7), (7, 12)]}, padri: [3], figli: [5], mosse: [(3, 2, 1, 16, 4)]
5 -> costo: 108849.0, rotte: {3: [(1, 5), (5, 3), (3, 19), (19, 14), (14, 16), (16, 17), (17, 15)], 4: [(1, 8), (8, 9), (9, 10), (10, 11), (11, 13), (13, 18)], 2: [(1, 6), (6, 4), (4, 2), (2, 7), (7, 12)]}, padri: [4], figli: [6, 12, 20], mosse: [(4, 4, 11, 13, 2)]
6 -> costo: 106687.2, rotte: {3: [(1, 5), (5, 3), (3, 19), (19, 14), (14, 16), (16, 17), (17, 15)], 4: [(1, 8), (8, 9), (9, 10), (10, 11), (11, 13), (13, 18)], 2: [(1, 4), (4, 2), (2, 7), (7, 6), (6, 12)]}, padri: [5, 12], figli: [7, 9, 11], mosse: [(2, 2, 7, 6, 15), (2, 2, 7, 6, 15)]
7 -> costo: 104826.3, rotte: {3: [(1, 5), (5, 3), (3, 19), (19, 14), (14, 16), (16, 17), (17, 15)], 4: [(1, 8), (8, 9), (9, 10), (10, 11), (11, 13), (13, 18)], 2: [(1, 2), (2, 4), (4, 7), (7, 6), (6, 12)]}, padri: [6, 19], figli: [8, 10], mosse: [(2, 2, 2, 4, 13), (2, 2, 7, 6, 15)]
8 -> costo: 103062.5, rotte: {3: [(1, 5), (5, 3), (3, 14), (14, 19), (19, 16), (16, 17), (17, 15)], 4: [(1, 8), (8, 9), (9, 10), (10, 11), (11, 13), (13, 18)], 2: [(1, 2), (2, 4), (4, 7), (7, 6), (6, 12)]}, padri: [7, 9, 16, 21, 22], figli: [], mosse: [(3, 3, 14, 19, 12), (2, 2, 2, 4, 13), (2, 2, 7, 6, 15), (2, 2, 7, 6, 15), (2, 2, 7, 6, 15)]
9 -> costo: 104923.4, rotte: {3: [(1, 5), (5, 3), (3, 14), (14, 19), (19, 16), (16, 17), (17, 15)], 4: [(1, 8), (8, 9), (9, 10), (10, 11), (11, 13), (13, 18)], 2: [(1, 4), (4, 2), (2, 7), (7, 6), (6, 12)]}, padri: [6, 13, 20], figli: [8, 10], mosse: [(3, 3, 14, 19, 12), (2, 2, 7, 6, 15), (2, 2, 7, 6, 15)]
10 -> costo: 103835.0, rotte: {3: [(1, 5), (5, 3), (3, 14), (14, 19), (19, 16), (16, 17), (17, 15)], 4: [(1, 8), (8, 9), (9, 10), (10, 11), (11, 13), (13, 18)], 2: [(1, 4), (4, 7), (7, 6), (6, 2), (2, 12)]}, padri: [9, 11], figli: [], mosse: [(2, 2, 6, 2, 11), (3, 3, 14, 19, 12)]
11 -> costo: 105598.8, rotte: {3: [(1, 5), (5, 3), (3, 19), (19, 14), (14, 16), (16, 17), (17, 15)], 4: [(1, 8), (8, 9), (9, 10), (10, 11), (11, 13), (13, 18)], 2: [(1, 4), (4, 7), (7, 6), (6, 2), (2, 12)]}, padri: [6], figli: [10], mosse: [(2, 2, 6, 2, 11)]
12 -> costo: 106904.70000000001, rotte: {3: [(1, 5), (5, 3), (3, 19), (19, 14), (14, 16), (16, 17), (17, 15)], 4: [(1, 8), (8, 9), (9, 10), (10, 11), (11, 13), (13, 18)], 2: [(1, 4), (4, 2), (2, 6), (6, 7), (7, 12)]}, padri: [5], figli: [13, 17, 19, 6, 21], mosse: [(2, 2, 2, 6, 15)]
13 -> costo: 105140.90000000001, rotte: {3: [(1, 5), (5, 3), (3, 14), (14, 19), (19, 16), (16, 17), (17, 15)], 4: [(1, 8), (8, 9), (9, 10), (10, 11), (11, 13), (13, 18)], 2: [(1, 4), (4, 2), (2, 6), (6, 7), (7, 12)]}, padri: [12, 20], figli: [14, 16, 9, 18, 22], mosse: [(3, 3, 14, 19, 12), (2, 2, 2, 6, 15)]
14 -> costo: 103638.40000000001, rotte: {3: [(1, 5), (5, 3), (3, 14), (14, 19), (19, 16), (16, 17), (17, 15)], 4: [(1, 8), (8, 9), (9, 10), (10, 11), (11, 13), (13, 18)], 2: [(1, 2), (2, 6), (6, 7), (7, 4), (4, 12)]}, padri: [13, 16, 17], figli: [15], mosse: [(2, 2, 7, 4, 13), (2, 2, 7, 4, 13), (3, 3, 14, 19, 12)]
15 -> costo: 103555.40000000001, rotte: {3: [(1, 5), (5, 3), (3, 14), (14, 19), (19, 16), (16, 17), (17, 15)], 4: [(1, 8), (8, 9), (9, 10), (10, 11), (11, 13), (13, 18)], 2: [(1, 6), (6, 7), (7, 4), (4, 2), (2, 12)]}, padri: [14, 18], figli: [], mosse: [(2, 2, 4, 2, 11), (3, 3, 14, 19, 12)]
16 -> costo: 104749.7, rotte: {3: [(1, 5), (5, 3), (3, 14), (14, 19), (19, 16), (16, 17), (17, 15)], 4: [(1, 8), (8, 9), (9, 10), (10, 11), (11, 13), (13, 18)], 2: [(1, 2), (2, 4), (4, 6), (6, 7), (7, 12)]}, padri: [13, 19, 21, 22], figli: [8, 14, 18], mosse: [(2, 2, 2, 4, 13), (3, 3, 14, 19, 12), (2, 2, 4, 6, 15), (2, 2, 6, 4)]
17 -> costo: 105402.20000000001, rotte: {3: [(1, 5), (5, 3), (3, 19), (19, 14), (14, 16), (16, 17), (17, 15)], 4: [(1, 8), (8, 9), (9, 10), (10, 11), (11, 13), (13, 18)], 2: [(1, 2), (2, 6), (6, 7), (7, 4), (4, 12)]}, padri: [12, 19], figli: [14, 18], mosse: [(2, 2, 7, 4, 13), (2, 2, 7, 4, 13)]
18 -> costo: 105319.20000000001, rotte: {3: [(1, 5), (5, 3), (3, 19), (19, 14), (14, 16), (16, 17), (17, 15)], 4: [(1, 8), (8, 9), (9, 10), (10, 11), (11, 13), (13, 18)], 2: [(1, 6), (6, 7), (7, 4), (4, 2), (2, 12)]}, padri: [17], figli: [15], mosse: [(2, 2, 4, 2, 11)]
19 -> costo: 106513.5, rotte: {3: [(1, 5), (5, 3), (3, 19), (19, 14), (14, 16), (16, 17), (17, 15)], 4: [(1, 8), (8, 9), (9, 10), (10, 11), (11, 13), (13, 18)], 2: [(1, 2), (2, 4), (4, 6), (6, 7), (7, 12)]}, padri: [12], figli: [16, 7, 17, 22], mosse: [(2, 2, 2, 4, 13)]
20 -> costo: 107085.2, rotte: {3: [(1, 5), (5, 3), (3, 14), (14, 19), (19, 16), (16, 17), (17, 15)], 4: [(1, 8), (8, 9), (9, 10), (10, 11), (11, 13), (13, 18)], 2: [(1, 6), (6, 4), (4, 2), (2, 7), (7, 12)]}, padri: [5], figli: [9, 13, 21], mosse: [(3, 3, 14, 19, 12)]
21 -> costo: 105619.8, rotte: {3: [(1, 5), (5, 3), (3, 14), (14, 19), (19, 16), (16, 17), (17, 15)], 4: [(1, 8), (8, 9), (9, 10), (10, 11), (11, 13), (13, 18)], 2: [(1, 6), (6, 2), (2, 4), (4, 7), (7, 12)]}, padri: [20], figli: [8, 16, 22], mosse: [(2, 2, 2, 4, 13)]
22 -> costo: 105519.1, rotte: {3: [(1, 5), (5, 3), (3, 14), (14, 19), (19, 16), (16, 17), (17, 15)], 4: [(1, 8), (8, 9), (9, 10), (10, 11), (11, 13), (13, 18)], 2: [(1, 2), (2, 6), (6, 4), (4, 7), (7, 12)]}, padri: [21], figli: [16, 8], mosse: [(2, 2, 2, 6, 15)]
bestSolutionIndice: 8
8 -> costo: 103062.5, rotte: {3: [(1, 5), (5, 3), (3, 14), (14, 19), (19, 16), (16, 17), (17, 15)], 4: [(1, 8), (8, 9), (9, 10), (10, 11), (11, 13), (13, 18)], 2: [(1, 2), (2, 4), (4, 7), (7, 6), (6, 12)]}, padri: [7, 9, 16, 21, 22], figli: [], mosse: [(3, 3, 14, 19, 12), (2, 2, 2, 4, 13), (2, 2, 7, 6, 15), (2, 2, 7, 6, 15), (2, 2, 7, 6, 15)]
trasportoPalletDiGamma: {3: [(5, 14), (3, 12), (14, 3), (19, 12), (16, 5), (17, 6), (15, 4)], 4: [(8, 17), (9, 18), (10, 19), (11, 20), (13, 2), (18, 19)], 2: [(2, 11), (4, 13), (7, 16), (6, 15), (12, 1)]}
itMosseLS: 39, itMosseTS: 30
time elapsed: 1130.95s.


##########################################################################################
s: 1
dictSolutions[1]:
0 -> costo: 172424.40000000002, rotte: {3: [(1, 10), (10, 12), (12, 11), (11, 15), (15, 19), (19, 7)], 2: [(1, 17), (17, 4), (4, 13), (13, 8), (8, 6), (6, 16), (16, 7)], 4: [(1, 5), (5, 3), (3, 14), (14, 2), (2, 9), (9, 18), (18, 7)]}, padri: [-1], figli: [1], mosse: [-1]
1 -> costo: 152041.7, rotte: {3: [(1, 10), (10, 12), (12, 11), (11, 15), (15, 19), (19, 7)], 2: [(1, 4), (4, 13), (13, 8), (8, 6), (6, 17), (17, 16), (16, 7)], 4: [(1, 5), (5, 3), (3, 14), (14, 2), (2, 9), (9, 18), (18, 7)]}, padri: [0], figli: [2], mosse: [(2, 2, 6, 17, 6)]
2 -> costo: 146558.40000000002, rotte: {3: [(1, 10), (10, 12), (12, 11), (11, 15), (15, 19), (19, 7)], 2: [(1, 4), (4, 13), (13, 8), (8, 6), (6, 17), (17, 16), (16, 7)], 4: [(1, 5), (5, 3), (3, 14), (14, 2), (2, 9), (9, 7), (7, 18)]}, padri: [1], figli: [3], mosse: [(4, 4, 18, 7)]
3 -> costo: 131966.2, rotte: {3: [(1, 10), (10, 12), (12, 11), (11, 15), (15, 19), (19, 7)], 2: [(1, 4), (4, 13), (13, 8), (8, 7), (7, 6), (6, 17), (17, 16)], 4: [(1, 5), (5, 3), (3, 14), (14, 2), (2, 9), (9, 7), (7, 18)]}, padri: [2], figli: [4], mosse: [(2, 2, 8, 7, 2)]
4 -> costo: 127778.9, rotte: {3: [(1, 10), (10, 12), (12, 11), (11, 15), (15, 19), (19, 7)], 2: [(1, 4), (4, 8), (8, 7), (7, 6), (6, 13), (13, 17), (17, 16)], 4: [(1, 5), (5, 3), (3, 14), (14, 2), (2, 9), (9, 7), (7, 18)]}, padri: [3], figli: [5], mosse: [(2, 2, 6, 13, 2)]
5 -> costo: 127180.40000000001, rotte: {3: [(1, 10), (10, 12), (12, 11), (11, 15), (15, 19), (19, 7)], 2: [(1, 4), (4, 7), (7, 8), (8, 6), (6, 13), (13, 17), (17, 16)], 4: [(1, 5), (5, 3), (3, 14), (14, 2), (2, 9), (9, 7), (7, 18)]}, padri: [4], figli: [6], mosse: [(2, 2, 8, 7)]
6 -> costo: 124527.20000000001, rotte: {3: [(1, 10), (10, 12), (12, 11), (11, 15), (15, 19), (19, 7)], 2: [(1, 4), (4, 7), (7, 8), (8, 6), (6, 13), (13, 17), (17, 16)], 4: [(1, 5), (5, 3), (3, 2), (2, 9), (9, 7), (7, 18), (18, 14)]}, padri: [5], figli: [7], mosse: [(4, 4, 18, 14, 3)]
7 -> costo: 121993.3, rotte: {3: [(1, 10), (10, 12), (12, 11), (11, 15), (15, 19), (19, 7)], 2: [(1, 4), (4, 7), (7, 6), (6, 8), (8, 13), (13, 17), (17, 16)], 4: [(1, 5), (5, 3), (3, 2), (2, 9), (9, 7), (7, 18), (18, 14)]}, padri: [6], figli: [8], mosse: [(2, 2, 6, 8, 17)]
8 -> costo: 120167.8, rotte: {3: [(1, 10), (10, 12), (12, 11), (11, 15), (15, 19), (19, 7)], 2: [(1, 4), (4, 7), (7, 6), (6, 8), (8, 13), (13, 17), (17, 16)], 4: [(1, 3), (3, 2), (2, 9), (9, 7), (7, 5), (5, 18), (18, 14)]}, padri: [7], figli: [9], mosse: [(4, 4, 7, 5, 14)]
9 -> costo: 119535.00000000001, rotte: {3: [(1, 10), (10, 12), (12, 11), (11, 19), (19, 7), (7, 15)], 2: [(1, 4), (4, 7), (7, 6), (6, 8), (8, 13), (13, 17), (17, 16)], 4: [(1, 3), (3, 2), (2, 9), (9, 7), (7, 5), (5, 18), (18, 14)]}, padri: [8], figli: [10], mosse: [(3, 3, 7, 15, 4)]
10 -> costo: 118433.30000000002, rotte: {3: [(1, 12), (12, 11), (11, 19), (19, 7), (7, 10), (10, 15)], 2: [(1, 4), (4, 7), (7, 6), (6, 8), (8, 13), (13, 17), (17, 16)], 4: [(1, 3), (3, 2), (2, 9), (9, 7), (7, 5), (5, 18), (18, 14)]}, padri: [9], figli: [11], mosse: [(3, 3, 7, 10, 19)]
11 -> costo: 118137.8, rotte: {3: [(1, 12), (12, 11), (11, 19), (19, 7), (7, 10), (10, 15)], 2: [(1, 4), (4, 7), (7, 6), (6, 8), (8, 13), (13, 17), (17, 16)], 4: [(1, 2), (2, 9), (9, 7), (7, 5), (5, 3), (3, 18), (18, 14)]}, padri: [10], figli: [12], mosse: [(4, 4, 5, 3, 12)]
12 -> costo: 117841.60000000002, rotte: {3: [(1, 12), (12, 11), (11, 19), (19, 7), (7, 10), (10, 15)], 2: [(1, 4), (4, 7), (7, 6), (6, 8), (8, 13), (13, 17), (17, 16)], 4: [(1, 9), (9, 7), (7, 5), (5, 3), (3, 2), (2, 18), (18, 14)]}, padri: [11], figli: [], mosse: [(4, 4, 3, 2, 11)]
bestSolutionIndice: 12
12 -> costo: 117841.60000000002, rotte: {3: [(1, 12), (12, 11), (11, 19), (19, 7), (7, 10), (10, 15)], 2: [(1, 4), (4, 7), (7, 6), (6, 8), (8, 13), (13, 17), (17, 16)], 4: [(1, 9), (9, 7), (7, 5), (5, 3), (3, 2), (2, 18), (18, 14)]}, padri: [11], figli: [], mosse: [(4, 4, 3, 2, 11)]
trasportoPalletDiGamma: {3: [(12, 1), (11, 20), (19, 12), (7, 4), (10, 19), (15, 4)], 2: [(4, 13), (7, 2), (6, 15), (8, 17), (13, 2), (17, 6), (16, 5)], 4: [(9, 18), (7, 10), (5, 14), (3, 12), (2, 11), (18, 19), (14, 3)]}
itMosseLS: 12, itMosseTS: 0
time elapsed: 128.07s.


##########################################################################################
##########################################################################################
##########################################################################################
##########################################################################################
##########################################################################################
##########################################################################################
