itNSIMax: 20, itMosseTSMax: 10.
##########################################################################################
s: 1, itNSI: 1.
soluzione iniziale: 0
0 -> 
costo: 176979.00000000003, 
rotte: {3: [(1, 2), (2, 4), (4, 17), (17, 19), (19, 5), (5, 16)], 4: [(1, 10), (10, 6), (6, 3), (3, 7), (7, 14), (14, 9), (9, 16), (16, 8)], 2: [(1, 15), (15, 18), (18, 12), (12, 11), (11, 13), (13, 8)]}
trasportoPalletDiGamma: {3: [(2, 11), (4, 13), (17, 6), (19, 12), (5, 14), (16, 4)], 4: [(10, 19), (6, 15), (3, 12), (7, 16), (14, 3), (9, 18), (16, 1), (8, 3)], 2: [(15, 4), (18, 19), (12, 1), (11, 20), (13, 2), (8, 14)]}
bestSolutionIndice: 13
13 -> 
costo: 100272.7, 
rotte: {3: [(1, 4), (4, 5), (5, 2), (2, 19), (19, 17)], 4: [(1, 3), (3, 7), (7, 6), (6, 10), (10, 9), (9, 8), (8, 14), (14, 16), (16, 15)], 2: [(1, 18), (18, 8), (8, 13), (13, 12), (12, 11)]}
trasportoPalletDiGamma: {3: [(4, 13), (5, 14), (2, 11), (19, 12), (17, 6)], 4: [(3, 12), (7, 16), (6, 15), (10, 19), (9, 18), (8, 3), (14, 3), (16, 5), (15, 4)], 2: [(18, 19), (8, 14), (13, 2), (12, 1), (11, 20)]}
itMosseLS: 25, itMosseTS: 10
numero di soluzioni totali trovati: 22.
time elapsed: 385.27s.


##########################################################################################
s: 1, itNSI: 2.
soluzione iniziale: 0
0 -> 
costo: 161737.5, 
rotte: {2: [(1, 12), (12, 16), (16, 13), (13, 10), (10, 3), (3, 7), (7, 19)], 3: [(1, 4), (4, 5), (5, 6), (6, 9)], 4: [(1, 14), (14, 15), (15, 17), (17, 8), (8, 18), (18, 11), (11, 19), (19, 2)]}
trasportoPalletDiGamma: {2: [(12, 1), (16, 5), (13, 2), (10, 19), (3, 12), (7, 16), (19, 5)], 3: [(4, 13), (5, 14), (6, 15), (9, 18)], 4: [(14, 3), (15, 4), (17, 6), (8, 17), (18, 19), (11, 20), (19, 7), (2, 11)]}
bestSolutionIndice: 15
15 -> 
costo: 97470.20000000001, 
rotte: {2: [(1, 3), (3, 7), (7, 10), (10, 17), (17, 16)], 3: [(1, 4), (4, 5), (5, 6), (6, 9)], 4: [(1, 12), (12, 11), (11, 14), (14, 13), (13, 8), (8, 2), (2, 18), (18, 19), (19, 15)]}
trasportoPalletDiGamma: {2: [(3, 12), (7, 16), (10, 19), (17, 6), (16, 5)], 3: [(4, 13), (5, 14), (6, 15), (9, 18)], 4: [(12, 1), (11, 20), (14, 3), (13, 2), (8, 17), (2, 11), (18, 19), (19, 12), (15, 4)]}
itMosseLS: 23, itMosseTS: 10
numero di soluzioni totali trovati: 18.
time elapsed: 457.31s.


##########################################################################################
s: 1, itNSI: 3.
soluzione iniziale: 0
0 -> 
costo: 136198.2, 
rotte: {2: [(1, 8), (8, 6), (6, 14), (14, 7), (7, 4)], 3: [(1, 16), (16, 12), (12, 11), (11, 10), (10, 3), (3, 5)], 4: [(1, 9), (9, 2), (2, 13), (13, 17), (17, 15), (15, 19), (19, 18), (18, 4), (4, 5)]}
trasportoPalletDiGamma: {2: [(8, 17), (6, 15), (14, 3), (7, 16), (4, 9)], 3: [(16, 5), (12, 1), (11, 20), (10, 19), (3, 12), (5, 3)], 4: [(9, 18), (2, 11), (13, 2), (17, 6), (15, 4), (19, 12), (18, 19), (4, 4), (5, 11)]}
bestSolutionIndice: 9
9 -> 
costo: 96246.2, 
rotte: {2: [(1, 4), (4, 7), (7, 6), (6, 8), (8, 14)], 3: [(1, 13), (13, 12), (12, 11), (11, 10), (10, 3), (3, 5)], 4: [(1, 16), (16, 17), (17, 15), (15, 19), (19, 18), (18, 2), (2, 4), (4, 5), (5, 9)]}
trasportoPalletDiGamma: {2: [(4, 9), (7, 16), (6, 15), (8, 17), (14, 3)], 3: [(13, 2), (12, 1), (11, 20), (10, 19), (3, 12), (5, 3)], 4: [(16, 5), (17, 6), (15, 4), (19, 12), (18, 19), (2, 11), (4, 4), (5, 11), (9, 18)]}
itMosseLS: 18, itMosseTS: 10
numero di soluzioni totali trovati: 11.
time elapsed: 373.87s.


##########################################################################################
s: 1, itNSI: 4.
soluzione iniziale: 0
0 -> 
costo: 175372.6, 
rotte: {4: [(1, 10), (10, 13), (13, 9), (9, 14), (14, 11), (11, 15), (15, 8), (8, 18)], 3: [(1, 16), (16, 3), (3, 4), (4, 5), (5, 19), (19, 8)], 2: [(1, 17), (17, 12), (12, 2), (2, 6), (6, 7), (7, 18)]}
trasportoPalletDiGamma: {4: [(10, 19), (13, 2), (9, 18), (14, 3), (11, 20), (15, 4), (8, 13), (18, 8)], 3: [(16, 5), (3, 12), (4, 13), (5, 14), (19, 12), (8, 4)], 2: [(17, 6), (12, 1), (2, 11), (6, 15), (7, 16), (18, 11)]}
bestSolutionIndice: 9
9 -> 
costo: 92899.6, 
rotte: {4: [(1, 13), (13, 14), (14, 11), (11, 12), (12, 17), (17, 16), (16, 15), (15, 18), (18, 10), (10, 8), (8, 9)], 3: [(1, 19), (19, 3), (3, 4), (4, 5), (5, 8)], 2: [(1, 18), (18, 2), (2, 6), (6, 7)]}
trasportoPalletDiGamma: {4: [(13, 2), (14, 3), (11, 20), (12, 1), (17, 6), (16, 5), (15, 4), (18, 8), (10, 19), (8, 13), (9, 18)], 3: [(19, 12), (3, 12), (4, 13), (5, 14), (8, 4)], 2: [(18, 11), (2, 11), (6, 15), (7, 16)]}
itMosseLS: 21, itMosseTS: 10
numero di soluzioni totali trovati: 16.
time elapsed: 477.23s.


##########################################################################################
s: 1, itNSI: 5.
soluzione iniziale: 0
0 -> 
costo: 178297.80000000002, 
rotte: {3: [(1, 2), (2, 17), (17, 5), (5, 11), (11, 9)], 2: [(1, 6), (6, 13), (13, 16), (16, 15), (15, 4), (4, 7), (7, 19)], 4: [(1, 12), (12, 3), (3, 8), (8, 14), (14, 10), (10, 18), (18, 9), (9, 19)]}
trasportoPalletDiGamma: {3: [(2, 11), (17, 6), (5, 14), (11, 20), (9, 9)], 2: [(6, 15), (13, 2), (16, 5), (15, 4), (4, 13), (7, 16), (19, 5)], 4: [(12, 1), (3, 12), (8, 17), (14, 3), (10, 19), (18, 19), (9, 9), (19, 7)]}
bestSolutionIndice: 14
14 -> 
costo: 94144.1, 
rotte: {3: [(1, 2), (2, 5), (5, 13), (13, 11), (11, 12), (12, 17), (17, 16)], 2: [(1, 19), (19, 7), (7, 6), (6, 4)], 4: [(1, 3), (3, 9), (9, 8), (8, 10), (10, 14), (14, 18), (18, 15)]}
trasportoPalletDiGamma: {3: [(2, 11), (5, 14), (13, 2), (11, 20), (12, 1), (17, 6), (16, 5)], 2: [(19, 12), (7, 16), (6, 15), (4, 13)], 4: [(3, 12), (9, 18), (8, 17), (10, 19), (14, 3), (18, 19), (15, 4)]}
itMosseLS: 22, itMosseTS: 10
numero di soluzioni totali trovati: 16.
time elapsed: 238.99s.


##########################################################################################
s: 1, itNSI: 6.
soluzione iniziale: 0
0 -> 
costo: 161282.30000000002, 
rotte: {3: [(1, 7), (7, 18), (18, 6), (6, 11)], 2: [(1, 4), (4, 10), (10, 13), (13, 16), (16, 19), (19, 15), (15, 17)], 4: [(1, 12), (12, 8), (8, 14), (14, 5), (5, 2), (2, 9), (9, 3), (3, 11), (11, 17)]}
trasportoPalletDiGamma: {3: [(7, 16), (18, 19), (6, 15), (11, 10)], 2: [(4, 13), (10, 19), (13, 2), (16, 5), (19, 12), (15, 4), (17, 5)], 4: [(12, 1), (8, 17), (14, 3), (5, 14), (2, 11), (9, 18), (3, 12), (11, 10), (17, 1)]}
bestSolutionIndice: 10
10 -> 
costo: 100846.89999999998, 
rotte: {3: [(1, 18), (18, 6), (6, 7)], 2: [(1, 4), (4, 10), (10, 13), (13, 19), (19, 17), (17, 16), (16, 15)], 4: [(1, 8), (8, 9), (9, 5), (5, 3), (3, 2), (2, 14), (14, 11), (11, 12), (12, 17)]}
trasportoPalletDiGamma: {3: [(18, 19), (6, 15), (7, 16)], 2: [(4, 13), (10, 19), (13, 2), (19, 12), (17, 5), (16, 5), (15, 4)], 4: [(8, 17), (9, 18), (5, 14), (3, 12), (2, 11), (14, 3), (11, 20), (12, 1), (17, 1)]}
itMosseLS: 20, itMosseTS: 10
numero di soluzioni totali trovati: 16.
time elapsed: 426.29s.


##########################################################################################
s: 1, itNSI: 7.
soluzione iniziale: 0
0 -> 
costo: 148745.0, 
rotte: {4: [(1, 9), (9, 2), (2, 4), (4, 5), (5, 8), (8, 12), (12, 7)], 2: [(1, 3), (3, 15), (15, 11), (11, 14), (14, 10), (10, 7)], 3: [(1, 19), (19, 17), (17, 18), (18, 6), (6, 13), (13, 16)]}
trasportoPalletDiGamma: {4: [(9, 18), (2, 11), (4, 13), (5, 14), (8, 17), (12, 1), (7, 14)], 2: [(3, 12), (15, 4), (11, 20), (14, 3), (10, 19), (7, 2)], 3: [(19, 12), (17, 6), (18, 19), (6, 15), (13, 2), (16, 5)]}
bestSolutionIndice: 9
9 -> 
costo: 102365.7, 
rotte: {4: [(1, 9), (9, 8), (8, 5), (5, 7), (7, 4), (4, 2), (2, 12), (12, 15)], 2: [(1, 11), (11, 14), (14, 10), (10, 3), (3, 7)], 3: [(1, 18), (18, 19), (19, 6), (6, 13), (13, 17), (17, 16)]}
trasportoPalletDiGamma: {4: [(9, 18), (8, 17), (5, 14), (7, 14), (4, 13), (2, 11), (12, 1), (15, 4)], 2: [(11, 20), (14, 3), (10, 19), (3, 12), (7, 2)], 3: [(18, 19), (19, 12), (6, 15), (13, 2), (17, 6), (16, 5)]}
itMosseLS: 19, itMosseTS: 10
numero di soluzioni totali trovati: 16.
time elapsed: 358.47s.


##########################################################################################
s: 1, itNSI: 8.
soluzione iniziale: 0
0 -> 
costo: 184620.40000000005, 
rotte: {3: [(1, 15), (15, 2), (2, 5), (5, 11), (11, 16), (16, 3)], 2: [(1, 19), (19, 12), (12, 4), (4, 9), (9, 6), (6, 17)], 4: [(1, 10), (10, 7), (7, 14), (14, 8), (8, 18), (18, 13), (13, 3), (3, 17)]}
trasportoPalletDiGamma: {3: [(15, 4), (2, 11), (5, 14), (11, 20), (16, 5), (3, 6)], 2: [(19, 12), (12, 1), (4, 13), (9, 18), (6, 15), (17, 1)], 4: [(10, 19), (7, 16), (14, 3), (8, 17), (18, 19), (13, 2), (3, 6), (17, 5)]}
bestSolutionIndice: 14
14 -> 
costo: 101809.09999999999, 
rotte: {3: [(1, 2), (2, 5), (5, 3), (3, 11), (11, 16), (16, 15)], 2: [(1, 4), (4, 6), (6, 9), (9, 13), (13, 12), (12, 14)], 4: [(1, 10), (10, 8), (8, 7), (7, 3), (3, 18), (18, 19), (19, 17)]}
trasportoPalletDiGamma: {3: [(2, 11), (5, 14), (3, 6), (11, 20), (16, 5), (15, 4)], 2: [(4, 13), (6, 15), (9, 18), (13, 2), (12, 1), (14, 3)], 4: [(10, 19), (8, 17), (7, 16), (3, 6), (18, 19), (19, 12), (17, 6)]}
itMosseLS: 26, itMosseTS: 10
numero di soluzioni totali trovati: 19.
time elapsed: 516.12s.


##########################################################################################
s: 1, itNSI: 9.
soluzione iniziale: 0
0 -> 
costo: 184908.40000000002, 
rotte: {3: [(1, 8), (8, 9), (9, 19), (19, 5)], 2: [(1, 15), (15, 12), (12, 4), (4, 6), (6, 16), (16, 3), (3, 11)], 4: [(1, 17), (17, 13), (13, 7), (7, 2), (2, 14), (14, 18), (18, 10), (10, 5), (5, 11)]}
trasportoPalletDiGamma: {3: [(8, 17), (9, 18), (19, 12), (5, 13)], 2: [(15, 4), (12, 1), (4, 13), (6, 15), (16, 5), (3, 12), (11, 10)], 4: [(17, 6), (13, 2), (7, 16), (2, 11), (14, 3), (18, 19), (10, 19), (5, 1), (11, 10)]}
bestSolutionIndice: 13
13 -> 
costo: 102933.50000000001, 
rotte: {3: [(1, 5), (5, 8), (8, 9)], 2: [(1, 3), (3, 4), (4, 6), (6, 15), (15, 16), (16, 12), (12, 11)], 4: [(1, 19), (19, 7), (7, 2), (2, 10), (10, 13), (13, 11), (11, 14), (14, 18), (18, 17)]}
trasportoPalletDiGamma: {3: [(5, 14), (8, 17), (9, 18)], 2: [(3, 12), (4, 13), (6, 15), (15, 4), (16, 5), (12, 1), (11, 10)], 4: [(19, 12), (7, 16), (2, 11), (10, 19), (13, 2), (11, 10), (14, 3), (18, 19), (17, 6)]}
itMosseLS: 22, itMosseTS: 4
numero di soluzioni totali trovati: 20.
time elapsed: 366.45s.


##########################################################################################
##########################################################################################
##########################################################################################
##########################################################################################
##########################################################################################
##########################################################################################
##########################################################################################
##########################################################################################
##########################################################################################
##########################################################################################
##########################################################################################
##########################################################################################
##########################################################################################
##########################################################################################
Soluzione migliore in assoluto trovata:

s: 1
itNSI: 4, 
costo: 92899.6, 
rotte: {4: [(1, 13), (13, 14), (14, 11), (11, 12), (12, 17), (17, 16), (16, 15), (15, 18), (18, 10), (10, 8), (8, 9)], 3: [(1, 19), (19, 3), (3, 4), (4, 5), (5, 8)], 2: [(1, 18), (18, 2), (2, 6), (6, 7)]}
trasportoPalletDiGamma: {4: [(13, 2), (14, 3), (11, 20), (12, 1), (17, 6), (16, 5), (15, 4), (18, 8), (10, 19), (8, 13), (9, 18)], 3: [(19, 12), (3, 12), (4, 13), (5, 14), (8, 4)], 2: [(18, 11), (2, 11), (6, 15), (7, 16)]}

Total time elapsed: 3603.34s.