itNSIMax: 25, itMosseTSMax: 25.
##########################################################################################
s: 1, itNSI: 1.
soluzione iniziale: 0
0 -> 
costo: 176138.9, 
rotte: {4: [(1, 6), (6, 9), (9, 15), (15, 13), (13, 5), (5, 14), (14, 16), (16, 18), (18, 12), (12, 7)], 2: [(1, 11), (11, 4), (4, 8), (8, 18)], 3: [(1, 3), (3, 10), (10, 2), (2, 19), (19, 17)]}
trasportoPalletDiGamma: {4: [(6, 15), (9, 18), (15, 4), (13, 2), (5, 14), (14, 3), (16, 5), (18, 9), (12, 1), (7, 16)], 2: [(11, 20), (4, 13), (8, 17), (18, 10)], 3: [(3, 12), (10, 19), (2, 11), (19, 12), (17, 6)]}
bestSolutionIndice: 13
13 -> 
costo: 105157.1, 
rotte: {4: [(1, 15), (15, 16), (16, 18), (18, 5), (5, 7), (7, 6), (6, 9)], 2: [(1, 4), (4, 8), (8, 13), (13, 12), (12, 11), (11, 14)], 3: [(1, 10), (10, 3), (3, 2), (2, 19), (19, 17)]}
trasportoPalletDiGamma: {4: [(15, 4), (16, 5), (18, 19), (5, 14), (7, 16), (6, 15), (9, 18)], 2: [(4, 13), (8, 17), (13, 2), (12, 1), (11, 20), (14, 3)], 3: [(10, 19), (3, 12), (2, 11), (19, 12), (17, 6)]}
itMosseLS: 38, itMosseTS: 25
numero di soluzioni totali trovati: 25.
time elapsed: 918.08s.


##########################################################################################
s: 1, itNSI: 2.
soluzione iniziale: 0
0 -> 
costo: 172582.80000000002, 
rotte: {3: [(1, 15), (15, 14), (14, 4), (4, 17), (17, 11), (11, 8)], 4: [(1, 9), (9, 3), (3, 16), (16, 5), (5, 2), (2, 6), (6, 12), (12, 13), (13, 7), (7, 8)], 2: [(1, 10), (10, 19), (19, 18), (18, 7)]}
trasportoPalletDiGamma: {3: [(15, 4), (14, 3), (4, 13), (17, 6), (11, 20), (8, 14)], 4: [(9, 18), (3, 12), (16, 5), (5, 14), (2, 11), (6, 15), (12, 1), (13, 2), (7, 6), (8, 3)], 2: [(10, 19), (19, 12), (18, 19), (7, 10)]}
bestSolutionIndice: 14
14 -> 
costo: 97960.49999999999, 
rotte: {3: [(1, 19), (19, 17), (17, 15), (15, 12), (12, 11), (11, 14), (14, 8)], 4: [(1, 2), (2, 4), (4, 5), (5, 7), (7, 6), (6, 8), (8, 9), (9, 13), (13, 16)], 2: [(1, 18), (18, 10), (10, 3), (3, 7)]}
trasportoPalletDiGamma: {3: [(19, 12), (17, 6), (15, 4), (12, 1), (11, 20), (14, 3), (8, 14)], 4: [(2, 11), (4, 13), (5, 14), (7, 6), (6, 15), (8, 3), (9, 18), (13, 2), (16, 5)], 2: [(18, 19), (10, 19), (3, 12), (7, 10)]}
itMosseLS: 39, itMosseTS: 25
numero di soluzioni totali trovati: 27.
time elapsed: 748.57s.


##########################################################################################
s: 1, itNSI: 3.
soluzione iniziale: 0
0 -> 
costo: 163050.19999999998, 
rotte: {3: [(1, 14), (14, 15), (15, 12), (12, 11), (11, 13), (13, 18), (18, 3)], 2: [(1, 2), (2, 17), (17, 8), (8, 5), (5, 7)], 4: [(1, 16), (16, 10), (10, 9), (9, 6), (6, 19), (19, 4), (4, 7), (7, 3)]}
trasportoPalletDiGamma: {3: [(14, 3), (15, 4), (12, 1), (11, 20), (13, 2), (18, 19), (3, 11)], 2: [(2, 11), (17, 6), (8, 17), (5, 14), (7, 12)], 4: [(16, 5), (10, 19), (9, 18), (6, 15), (19, 12), (4, 13), (7, 4), (3, 1)]}
bestSolutionIndice: 11
11 -> 
costo: 91033.4, 
rotte: {3: [(1, 14), (14, 11), (11, 12), (12, 13), (13, 18), (18, 16), (16, 15)], 2: [(1, 2), (2, 5), (5, 7), (7, 8), (8, 17)], 4: [(1, 19), (19, 7), (7, 4), (4, 3), (3, 10), (10, 6), (6, 9)]}
trasportoPalletDiGamma: {3: [(14, 3), (11, 20), (12, 1), (13, 2), (18, 19), (16, 5), (15, 4)], 2: [(2, 11), (5, 14), (7, 12), (8, 17), (17, 6)], 4: [(19, 12), (7, 4), (4, 13), (3, 12), (10, 19), (6, 15), (9, 18)]}
itMosseLS: 35, itMosseTS: 25
numero di soluzioni totali trovati: 20.
time elapsed: 652.76s.


##########################################################################################
s: 1, itNSI: 4.
soluzione iniziale: 0
0 -> 
costo: 178024.9, 
rotte: {2: [(1, 15), (15, 8), (8, 19), (19, 17), (17, 2), (2, 14), (14, 9)], 4: [(1, 7), (7, 5), (5, 3), (3, 4), (4, 16), (16, 18), (18, 9)], 3: [(1, 12), (12, 11), (11, 6), (6, 13), (13, 10), (10, 9)]}
trasportoPalletDiGamma: {2: [(15, 4), (8, 17), (19, 12), (17, 6), (2, 11), (14, 3), (9, 7)], 4: [(7, 16), (5, 14), (3, 12), (4, 13), (16, 5), (18, 19), (9, 8)], 3: [(12, 1), (11, 20), (6, 15), (13, 2), (10, 19), (9, 3)]}
bestSolutionIndice: 25
25 -> 
costo: 84780.6, 
rotte: {2: [(1, 2), (2, 8), (8, 9), (9, 17)], 4: [(1, 18), (18, 19), (19, 7), (7, 5), (5, 4), (4, 3), (3, 16), (16, 15)], 3: [(1, 13), (13, 12), (12, 11), (11, 14), (14, 10), (10, 6)]}
trasportoPalletDiGamma: {2: [(2, 11), (8, 17), (9, 18), (17, 6)], 4: [(18, 19), (19, 12), (7, 16), (5, 14), (4, 13), (3, 12), (16, 5), (15, 4)], 3: [(13, 2), (12, 1), (11, 20), (14, 3), (10, 19), (6, 15)]}
itMosseLS: 38, itMosseTS: 25
numero di soluzioni totali trovati: 30.
time elapsed: 404.51s.


##########################################################################################
s: 1, itNSI: 5.
soluzione iniziale: 0
0 -> 
costo: 172203.69999999998, 
rotte: {2: [(1, 16), (16, 18), (18, 15), (15, 2), (2, 10), (10, 13)], 4: [(1, 5), (5, 6), (6, 8), (8, 7), (7, 14), (14, 9), (9, 17)], 3: [(1, 4), (4, 3), (3, 11), (11, 19), (19, 12), (12, 17)]}
trasportoPalletDiGamma: {2: [(16, 5), (18, 19), (15, 4), (2, 11), (10, 19), (13, 2)], 4: [(5, 14), (6, 15), (8, 17), (7, 16), (14, 3), (9, 18), (17, 4)], 3: [(4, 13), (3, 12), (11, 20), (19, 12), (12, 1), (17, 2)]}
bestSolutionIndice: 8
8 -> 
costo: 96708.59999999999, 
rotte: {2: [(1, 18), (18, 2), (2, 10), (10, 13), (13, 15)], 4: [(1, 5), (5, 7), (7, 6), (6, 8), (8, 9), (9, 14), (14, 17), (17, 16)], 3: [(1, 19), (19, 4), (4, 3), (3, 11), (11, 12)]}
trasportoPalletDiGamma: {2: [(18, 19), (2, 11), (10, 19), (13, 2), (15, 4)], 4: [(5, 14), (7, 16), (6, 15), (8, 17), (9, 18), (14, 3), (17, 6), (16, 5)], 3: [(19, 12), (4, 13), (3, 12), (11, 20), (12, 1)]}
itMosseLS: 35, itMosseTS: 25
numero di soluzioni totali trovati: 28.
time elapsed: 886.52s.


##########################################################################################
##########################################################################################
##########################################################################################
##########################################################################################
##########################################################################################
##########################################################################################
##########################################################################################
##########################################################################################
##########################################################################################
##########################################################################################
##########################################################################################
##########################################################################################
##########################################################################################
##########################################################################################
##########################################################################################
##########################################################################################
##########################################################################################
##########################################################################################
##########################################################################################
##########################################################################################
##########################################################################################
##########################################################################################
##########################################################################################
Soluzione migliore in assoluto trovata:

s: 1
itNSI: 4, 
costo: 84780.6, 
rotte: {2: [(1, 2), (2, 8), (8, 9), (9, 17)], 4: [(1, 18), (18, 19), (19, 7), (7, 5), (5, 4), (4, 3), (3, 16), (16, 15)], 3: [(1, 13), (13, 12), (12, 11), (11, 14), (14, 10), (10, 6)]}
trasportoPalletDiGamma: {2: [(2, 11), (8, 17), (9, 18), (17, 6)], 4: [(18, 19), (19, 12), (7, 16), (5, 14), (4, 13), (3, 12), (16, 5), (15, 4)], 3: [(13, 2), (12, 1), (11, 20), (14, 3), (10, 19), (6, 15)]}

Total time elapsed: 3616.74s.