itNSIMax: 10, itMosseTSMax: 30.
##########################################################################################
s: 1
dictSolutions[1]:
0 -> costo: 183154.69999999998, rotte: {3: [(1, 7), (7, 8), (8, 11), (11, 16), (16, 6)], 4: [(1, 5), (5, 9), (9, 15), (15, 2), (2, 4), (4, 17), (17, 18), (18, 6)], 2: [(1, 19), (19, 14), (14, 3), (3, 12), (12, 10), (10, 13), (13, 6)]}, padri: [-1], figli: [1], mosse: [-1]
1 -> costo: 157980.4, rotte: {3: [(1, 7), (7, 8), (8, 11), (11, 16), (16, 6)], 4: [(1, 5), (5, 9), (9, 2), (2, 4), (4, 15), (15, 17), (17, 18), (18, 6)], 2: [(1, 19), (19, 14), (14, 3), (3, 12), (12, 10), (10, 13), (13, 6)]}, padri: [0], figli: [2], mosse: [(4, 4, 4, 15, 4)]
2 -> costo: 143226.4, rotte: {3: [(1, 6), (6, 7), (7, 8), (8, 11), (11, 16)], 4: [(1, 5), (5, 9), (9, 2), (2, 4), (4, 15), (15, 17), (17, 18), (18, 6)], 2: [(1, 19), (19, 14), (14, 3), (3, 12), (12, 10), (10, 13), (13, 6)]}, padri: [1], figli: [3], mosse: [(3, 3, 1, 6, 2)]
3 -> costo: 131948.0, rotte: {3: [(1, 6), (6, 7), (7, 8), (8, 11), (11, 16)], 4: [(1, 5), (5, 9), (9, 2), (2, 4), (4, 15), (15, 17), (17, 18), (18, 6)], 2: [(1, 19), (19, 14), (14, 12), (12, 10), (10, 13), (13, 3), (3, 6)]}, padri: [2], figli: [4], mosse: [(2, 2, 13, 3, 12)]
4 -> costo: 121703.29999999999, rotte: {3: [(1, 6), (6, 7), (7, 8), (8, 11), (11, 16)], 4: [(1, 5), (5, 9), (9, 2), (2, 4), (4, 15), (15, 17), (17, 18), (18, 6)], 2: [(1, 19), (19, 14), (14, 12), (12, 13), (13, 10), (10, 3), (3, 6)]}, padri: [3], figli: [5], mosse: [(2, 2, 13, 10, 19)]
5 -> costo: 115740.8, rotte: {3: [(1, 6), (6, 7), (7, 8), (8, 11), (11, 16)], 4: [(1, 5), (5, 6), (6, 9), (9, 2), (2, 4), (4, 15), (15, 17), (17, 18)], 2: [(1, 19), (19, 14), (14, 12), (12, 13), (13, 10), (10, 3), (3, 6)]}, padri: [4], figli: [6], mosse: [(4, 4, 5, 6, 2)]
6 -> costo: 103457.6, rotte: {3: [(1, 6), (6, 7), (7, 8), (8, 11), (11, 16)], 4: [(1, 18), (18, 5), (5, 6), (6, 9), (9, 2), (2, 4), (4, 15), (15, 17)], 2: [(1, 19), (19, 14), (14, 12), (12, 13), (13, 10), (10, 3), (3, 6)]}, padri: [5], figli: [7, 13, 13, 13, 16, 16, 16], mosse: [(4, 4, 1, 18, 19)]
7 -> costo: 103204.1, rotte: {3: [(1, 6), (6, 7), (7, 8), (8, 11), (11, 16)], 4: [(1, 18), (18, 5), (5, 6), (6, 9), (9, 4), (4, 2), (2, 15), (15, 17)], 2: [(1, 19), (19, 14), (14, 12), (12, 13), (13, 10), (10, 3), (3, 6)]}, padri: [6], figli: [8, 8, 8, 11, 11, 11, 14, 14, 14, 17], mosse: [(4, 4, 4, 2, 11)]
8 -> costo: 103015.70000000001, rotte: {3: [(1, 6), (6, 7), (7, 8), (8, 11), (11, 16)], 4: [(1, 18), (18, 5), (5, 6), (6, 9), (9, 4), (4, 2), (2, 17), (17, 15)], 2: [(1, 19), (19, 14), (14, 12), (12, 13), (13, 10), (10, 3), (3, 6)]}, padri: [7, 7, 7, 13], figli: [9, 15], mosse: [(4, 4, 15, 17), (4, 4, 2, 17, 6), (4, 4, 17, 15, 4), (4, 4, 4, 2, 11)]
9 -> costo: 102857.0, rotte: {3: [(1, 6), (6, 7), (7, 8), (8, 11), (11, 16)], 4: [(1, 18), (18, 6), (6, 9), (9, 5), (5, 4), (4, 2), (2, 17), (17, 15)], 2: [(1, 19), (19, 14), (14, 12), (12, 13), (13, 10), (10, 3), (3, 6)]}, padri: [8, 11, 11, 11, 14], figli: [10], mosse: [(4, 4, 9, 5, 14), (4, 4, 15, 17), (4, 4, 2, 17, 6), (4, 4, 17, 15, 4), (4, 4, 4, 2, 11)]
10 -> costo: 102599.9, rotte: {3: [(1, 6), (6, 7), (7, 8), (8, 11), (11, 16)], 4: [(1, 18), (18, 9), (9, 6), (6, 5), (5, 4), (4, 2), (2, 17), (17, 15)], 2: [(1, 19), (19, 14), (14, 12), (12, 13), (13, 10), (10, 3), (3, 6)]}, padri: [9, 12, 12, 12, 15], figli: [], mosse: [(4, 4, 9, 6, 2), (4, 4, 15, 17), (4, 4, 2, 17, 6), (4, 4, 17, 15, 4), (4, 4, 4, 2, 11)]
11 -> costo: 103045.4, rotte: {3: [(1, 6), (6, 7), (7, 8), (8, 11), (11, 16)], 4: [(1, 18), (18, 6), (6, 9), (9, 5), (5, 4), (4, 2), (2, 15), (15, 17)], 2: [(1, 19), (19, 14), (14, 12), (12, 13), (13, 10), (10, 3), (3, 6)]}, padri: [7, 16], figli: [12, 9, 9, 9, 15, 15, 15], mosse: [(4, 4, 9, 5, 14), (4, 4, 4, 2, 11)]
12 -> costo: 102788.29999999999, rotte: {3: [(1, 6), (6, 7), (7, 8), (8, 11), (11, 16)], 4: [(1, 18), (18, 9), (9, 6), (6, 5), (5, 4), (4, 2), (2, 15), (15, 17)], 2: [(1, 19), (19, 14), (14, 12), (12, 13), (13, 10), (10, 3), (3, 6)]}, padri: [11, 17], figli: [10, 10, 10], mosse: [(4, 4, 9, 6, 2), (4, 4, 4, 2, 11)]
13 -> costo: 103269.20000000001, rotte: {3: [(1, 6), (6, 7), (7, 8), (8, 11), (11, 16)], 4: [(1, 18), (18, 5), (5, 6), (6, 9), (9, 2), (2, 4), (4, 17), (17, 15)], 2: [(1, 19), (19, 14), (14, 12), (12, 13), (13, 10), (10, 3), (3, 6)]}, padri: [6, 6, 6], figli: [8, 14], mosse: [(4, 4, 15, 17), (4, 4, 4, 17, 6), (4, 4, 17, 15, 4)]
14 -> costo: 103221.7, rotte: {3: [(1, 6), (6, 7), (7, 8), (8, 11), (11, 16)], 4: [(1, 18), (18, 6), (6, 9), (9, 5), (5, 2), (2, 4), (4, 17), (17, 15)], 2: [(1, 19), (19, 14), (14, 12), (12, 13), (13, 10), (10, 3), (3, 6)]}, padri: [13, 16, 16, 16], figli: [9, 15], mosse: [(4, 4, 9, 5, 14), (4, 4, 15, 17), (4, 4, 4, 17, 6), (4, 4, 17, 15, 4)]
15 -> costo: 102964.6, rotte: {3: [(1, 6), (6, 7), (7, 8), (8, 11), (11, 16)], 4: [(1, 18), (18, 9), (9, 6), (6, 5), (5, 2), (2, 4), (4, 17), (17, 15)], 2: [(1, 19), (19, 14), (14, 12), (12, 13), (13, 10), (10, 3), (3, 6)]}, padri: [14, 17, 17, 17], figli: [10], mosse: [(4, 4, 9, 6, 2), (4, 4, 15, 17), (4, 4, 4, 17, 6), (4, 4, 17, 15, 4)]
16 -> costo: 103410.1, rotte: {3: [(1, 6), (6, 7), (7, 8), (8, 11), (11, 16)], 4: [(1, 18), (18, 6), (6, 9), (9, 5), (5, 2), (2, 4), (4, 15), (15, 17)], 2: [(1, 19), (19, 14), (14, 12), (12, 13), (13, 10), (10, 3), (3, 6)]}, padri: [6], figli: [11, 17, 14, 14, 14], mosse: [(4, 4, 9, 5, 14)]
17 -> costo: 103153.0, rotte: {3: [(1, 6), (6, 7), (7, 8), (8, 11), (11, 16)], 4: [(1, 18), (18, 9), (9, 6), (6, 5), (5, 2), (2, 4), (4, 15), (15, 17)], 2: [(1, 19), (19, 14), (14, 12), (12, 13), (13, 10), (10, 3), (3, 6)]}, padri: [16], figli: [12, 15, 15, 15], mosse: [(4, 4, 9, 6, 2)]
bestSolutionIndice: 10
10 -> costo: 102599.9, rotte: {3: [(1, 6), (6, 7), (7, 8), (8, 11), (11, 16)], 4: [(1, 18), (18, 9), (9, 6), (6, 5), (5, 4), (4, 2), (2, 17), (17, 15)], 2: [(1, 19), (19, 14), (14, 12), (12, 13), (13, 10), (10, 3), (3, 6)]}, padri: [9, 12, 12, 12, 15], figli: [], mosse: [(4, 4, 9, 6, 2), (4, 4, 15, 17), (4, 4, 2, 17, 6), (4, 4, 17, 15, 4), (4, 4, 4, 2, 11)]
trasportoPalletDiGamma: {3: [(6, 2), (7, 16), (8, 17), (11, 20), (16, 5)], 4: [(18, 19), (9, 18), (6, 2), (5, 14), (4, 13), (2, 11), (17, 6), (15, 4)], 2: [(19, 12), (14, 3), (12, 1), (13, 2), (10, 19), (3, 12), (6, 11)]}
itMosseLS: 38, itMosseTS: 30
time elapsed: 2053.70s.


##########################################################################################
s: 1
dictSolutions[1]:
0 -> costo: 167058.19999999998, rotte: {4: [(1, 14), (14, 17), (17, 12), (12, 13), (13, 10), (10, 2), (2, 7), (7, 18), (18, 4), (4, 3)], 2: [(1, 11), (11, 5), (5, 6), (6, 4)], 3: [(1, 19), (19, 16), (16, 8), (8, 15), (15, 9), (9, 3)]}, padri: [-1], figli: [1], mosse: [-1]
1 -> costo: 135795.8, rotte: {4: [(1, 14), (14, 17), (17, 12), (12, 13), (13, 10), (10, 2), (2, 7), (7, 18), (18, 4), (4, 3)], 2: [(1, 11), (11, 5), (5, 6), (6, 4)], 3: [(1, 19), (19, 16), (16, 15), (15, 8), (8, 9), (9, 3)]}, padri: [0], figli: [2], mosse: [(3, 3, 15, 8, 17)]
2 -> costo: 123883.9, rotte: {4: [(1, 14), (14, 12), (12, 13), (13, 10), (10, 2), (2, 7), (7, 18), (18, 4), (4, 3), (3, 17)], 2: [(1, 11), (11, 5), (5, 6), (6, 4)], 3: [(1, 19), (19, 16), (16, 15), (15, 8), (8, 9), (9, 3)]}, padri: [1], figli: [3], mosse: [(4, 4, 3, 17, 6)]
3 -> costo: 115449.09999999998, rotte: {4: [(1, 14), (14, 12), (12, 13), (13, 10), (10, 2), (2, 7), (7, 4), (4, 3), (3, 18), (18, 17)], 2: [(1, 11), (11, 5), (5, 6), (6, 4)], 3: [(1, 19), (19, 16), (16, 15), (15, 8), (8, 9), (9, 3)]}, padri: [2], figli: [4], mosse: [(4, 4, 3, 18, 19)]
4 -> costo: 111994.9, rotte: {4: [(1, 14), (14, 12), (12, 13), (13, 10), (10, 2), (2, 7), (7, 4), (4, 3), (3, 18), (18, 17)], 2: [(1, 11), (11, 5), (5, 6), (6, 4)], 3: [(1, 19), (19, 16), (16, 15), (15, 8), (8, 9)]}, padri: [3], figli: [5], mosse: [(4, 3, 1, 3, 4)]
5 -> costo: 108846.29999999999, rotte: {4: [(1, 14), (14, 12), (12, 13), (13, 10), (10, 2), (2, 7), (7, 4), (4, 3), (3, 18), (18, 17)], 2: [(1, 5), (5, 6), (6, 4), (4, 11)], 3: [(1, 19), (19, 16), (16, 15), (15, 8), (8, 9)]}, padri: [4], figli: [6, 14, 18], mosse: [(2, 2, 4, 11, 20)]
6 -> costo: 107382.19999999998, rotte: {4: [(1, 14), (14, 12), (12, 13), (13, 10), (10, 2), (2, 4), (4, 7), (7, 3), (3, 18), (18, 17)], 2: [(1, 5), (5, 6), (6, 4), (4, 11)], 3: [(1, 19), (19, 16), (16, 15), (15, 8), (8, 9)]}, padri: [5], figli: [7, 9, 12, 15, 21], mosse: [(4, 4, 7, 4)]
7 -> costo: 107107.19999999998, rotte: {4: [(1, 14), (14, 12), (12, 13), (13, 10), (10, 2), (2, 4), (4, 7), (7, 3), (3, 18), (18, 17)], 2: [(1, 6), (6, 5), (5, 4), (4, 11)], 3: [(1, 19), (19, 16), (16, 15), (15, 8), (8, 9)]}, padri: [6, 18, 20], figli: [8, 10], mosse: [(2, 2, 6, 5, 14), (4, 4, 7, 4), (4, 4, 7, 3, 12)]
8 -> costo: 106901.59999999998, rotte: {4: [(1, 14), (14, 12), (12, 13), (13, 10), (10, 4), (4, 7), (7, 3), (3, 2), (2, 18), (18, 17)], 2: [(1, 6), (6, 5), (5, 4), (4, 11)], 3: [(1, 19), (19, 16), (16, 15), (15, 8), (8, 9)]}, padri: [7, 9, 15, 23, 24], figli: [], mosse: [(4, 4, 3, 2, 11), (2, 2, 6, 5, 14), (4, 4, 7, 4), (4, 4, 7, 3, 12), (4, 4, 7, 3, 12)]
9 -> costo: 107176.59999999998, rotte: {4: [(1, 14), (14, 12), (12, 13), (13, 10), (10, 4), (4, 7), (7, 3), (3, 2), (2, 18), (18, 17)], 2: [(1, 5), (5, 6), (6, 4), (4, 11)], 3: [(1, 19), (19, 16), (16, 15), (15, 8), (8, 9)]}, padri: [6, 14], figli: [8, 10, 17], mosse: [(4, 4, 3, 2, 11), (4, 4, 7, 4)]
10 -> costo: 107145.4, rotte: {4: [(1, 14), (14, 12), (12, 13), (13, 10), (10, 4), (4, 7), (7, 3), (3, 2), (2, 18), (18, 17)], 2: [(1, 5), (5, 4), (4, 6), (6, 11)], 3: [(1, 19), (19, 16), (16, 15), (15, 8), (8, 9)]}, padri: [9, 12, 16], figli: [11], mosse: [(2, 2, 4, 6, 15), (4, 4, 3, 2, 11), (4, 4, 7, 4)]
11 -> costo: 106640.0, rotte: {4: [(1, 14), (14, 12), (12, 13), (13, 10), (10, 4), (4, 7), (7, 3), (3, 2), (2, 18), (18, 17)], 2: [(1, 4), (4, 5), (5, 6), (6, 11)], 3: [(1, 19), (19, 16), (16, 15), (15, 8), (8, 9)]}, padri: [10, 13, 17], figli: [], mosse: [(2, 2, 4, 5, 14), (4, 4, 3, 2, 11), (4, 4, 7, 4)]
12 -> costo: 107350.99999999997, rotte: {4: [(1, 14), (14, 12), (12, 13), (13, 10), (10, 2), (2, 4), (4, 7), (7, 3), (3, 18), (18, 17)], 2: [(1, 5), (5, 4), (4, 6), (6, 11)], 3: [(1, 19), (19, 16), (16, 15), (15, 8), (8, 9)]}, padri: [6], figli: [13, 10, 17], mosse: [(2, 2, 4, 6, 15)]
13 -> costo: 106845.59999999998, rotte: {4: [(1, 14), (14, 12), (12, 13), (13, 10), (10, 2), (2, 4), (4, 7), (7, 3), (3, 18), (18, 17)], 2: [(1, 4), (4, 5), (5, 6), (6, 11)], 3: [(1, 19), (19, 16), (16, 15), (15, 8), (8, 9)]}, padri: [12], figli: [11], mosse: [(2, 2, 4, 5, 14)]
14 -> costo: 108317.59999999998, rotte: {4: [(1, 14), (14, 12), (12, 13), (13, 10), (10, 7), (7, 4), (4, 3), (3, 2), (2, 18), (18, 17)], 2: [(1, 5), (5, 6), (6, 4), (4, 11)], 3: [(1, 19), (19, 16), (16, 15), (15, 8), (8, 9)]}, padri: [5], figli: [9, 15, 16, 19], mosse: [(4, 4, 3, 2, 11)]
15 -> costo: 108042.59999999998, rotte: {4: [(1, 14), (14, 12), (12, 13), (13, 10), (10, 7), (7, 4), (4, 3), (3, 2), (2, 18), (18, 17)], 2: [(1, 6), (6, 5), (5, 4), (4, 11)], 3: [(1, 19), (19, 16), (16, 15), (15, 8), (8, 9)]}, padri: [14, 18, 19], figli: [8], mosse: [(2, 2, 6, 5, 14), (4, 4, 3, 2, 11), (4, 4, 3, 2, 11)]
16 -> costo: 108286.4, rotte: {4: [(1, 14), (14, 12), (12, 13), (13, 10), (10, 7), (7, 4), (4, 3), (3, 2), (2, 18), (18, 17)], 2: [(1, 5), (5, 4), (4, 6), (6, 11)], 3: [(1, 19), (19, 16), (16, 15), (15, 8), (8, 9)]}, padri: [14], figli: [10, 17], mosse: [(2, 2, 4, 6, 15)]
17 -> costo: 107781.0, rotte: {4: [(1, 14), (14, 12), (12, 13), (13, 10), (10, 7), (7, 4), (4, 3), (3, 2), (2, 18), (18, 17)], 2: [(1, 4), (4, 5), (5, 6), (6, 11)], 3: [(1, 19), (19, 16), (16, 15), (15, 8), (8, 9)]}, padri: [16], figli: [11], mosse: [(2, 2, 4, 5, 14)]
18 -> costo: 108571.29999999999, rotte: {4: [(1, 14), (14, 12), (12, 13), (13, 10), (10, 2), (2, 7), (7, 4), (4, 3), (3, 18), (18, 17)], 2: [(1, 6), (6, 5), (5, 4), (4, 11)], 3: [(1, 19), (19, 16), (16, 15), (15, 8), (8, 9)]}, padri: [5], figli: [7, 15, 19, 20, 21], mosse: [(2, 2, 6, 5, 14)]
19 -> costo: 108392.4, rotte: {4: [(1, 14), (14, 12), (12, 13), (13, 10), (10, 7), (7, 4), (4, 2), (2, 3), (3, 18), (18, 17)], 2: [(1, 6), (6, 5), (5, 4), (4, 11)], 3: [(1, 19), (19, 16), (16, 15), (15, 8), (8, 9)]}, padri: [18], figli: [15], mosse: [(4, 4, 4, 2, 11)]
20 -> costo: 108540.4, rotte: {4: [(1, 14), (14, 12), (12, 13), (13, 10), (10, 2), (2, 4), (4, 3), (3, 7), (7, 18), (18, 17)], 2: [(1, 6), (6, 5), (5, 4), (4, 11)], 3: [(1, 19), (19, 16), (16, 15), (15, 8), (8, 9)]}, padri: [18], figli: [7, 21, 23], mosse: [(4, 4, 3, 7, 16)]
21 -> costo: 107134.29999999999, rotte: {4: [(1, 14), (14, 12), (12, 13), (13, 10), (10, 2), (2, 3), (3, 7), (7, 4), (4, 18), (18, 17)], 2: [(1, 6), (6, 5), (5, 4), (4, 11)], 3: [(1, 19), (19, 16), (16, 15), (15, 8), (8, 9)]}, padri: [20], figli: [22, 24], mosse: [(4, 4, 7, 4, 2)]
22 -> costo: 106916.29999999999, rotte: {4: [(1, 14), (14, 12), (12, 13), (13, 10), (10, 3), (3, 7), (7, 4), (4, 2), (2, 18), (18, 17)], 2: [(1, 6), (6, 5), (5, 4), (4, 11)], 3: [(1, 19), (19, 16), (16, 15), (15, 8), (8, 9)]}, padri: [21, 23, 24], figli: [], mosse: [(4, 4, 4, 2, 11), (4, 4, 7, 4, 2), (4, 4, 7, 4, 2)]
23 -> costo: 108414.59999999998, rotte: {4: [(1, 14), (14, 12), (12, 13), (13, 10), (10, 4), (4, 3), (3, 7), (7, 2), (2, 18), (18, 17)], 2: [(1, 6), (6, 5), (5, 4), (4, 11)], 3: [(1, 19), (19, 16), (16, 15), (15, 8), (8, 9)]}, padri: [20], figli: [8, 22, 24], mosse: [(4, 4, 7, 2, 11)]
24 -> costo: 108346.69999999998, rotte: {4: [(1, 14), (14, 12), (12, 13), (13, 10), (10, 3), (3, 4), (4, 7), (7, 2), (2, 18), (18, 17)], 2: [(1, 6), (6, 5), (5, 4), (4, 11)], 3: [(1, 19), (19, 16), (16, 15), (15, 8), (8, 9)]}, padri: [23], figli: [8, 22], mosse: [(4, 4, 4, 3)]
bestSolutionIndice: 11
11 -> costo: 106640.0, rotte: {4: [(1, 14), (14, 12), (12, 13), (13, 10), (10, 4), (4, 7), (7, 3), (3, 2), (2, 18), (18, 17)], 2: [(1, 4), (4, 5), (5, 6), (6, 11)], 3: [(1, 19), (19, 16), (16, 15), (15, 8), (8, 9)]}, padri: [10, 13, 17], figli: [], mosse: [(2, 2, 4, 5, 14), (4, 4, 3, 2, 11), (4, 4, 7, 4)]
trasportoPalletDiGamma: {4: [(14, 3), (12, 1), (13, 2), (10, 19), (4, 2), (7, 16), (3, 12), (2, 11), (18, 19), (17, 6)], 2: [(4, 11), (5, 14), (6, 15), (11, 20)], 3: [(19, 12), (16, 5), (15, 4), (8, 17), (9, 18)]}
itMosseLS: 39, itMosseTS: 30
time elapsed: 1345.34s.


##########################################################################################
s: 1
dictSolutions[1]:
0 -> costo: 146662.4, rotte: {2: [(1, 6), (6, 8), (8, 10), (10, 3)], 3: [(1, 17), (17, 16), (16, 7), (7, 15), (15, 14), (14, 4), (4, 12), (12, 3)], 4: [(1, 18), (18, 9), (9, 2), (2, 13), (13, 11), (11, 5), (5, 19)]}, padri: [-1], figli: [1], mosse: [-1]
1 -> costo: 118208.7, rotte: {2: [(1, 6), (6, 8), (8, 10), (10, 3)], 3: [(1, 17), (17, 16), (16, 15), (15, 14), (14, 4), (4, 12), (12, 3), (3, 7)], 4: [(1, 18), (18, 9), (9, 2), (2, 13), (13, 11), (11, 5), (5, 19)]}, padri: [0], figli: [2], mosse: [(3, 3, 3, 7, 16)]
2 -> costo: 106192.09999999999, rotte: {2: [(1, 6), (6, 8), (8, 10), (10, 3)], 3: [(1, 17), (17, 16), (16, 15), (15, 14), (14, 12), (12, 3), (3, 7), (7, 4)], 4: [(1, 18), (18, 9), (9, 2), (2, 13), (13, 11), (11, 5), (5, 19)]}, padri: [1], figli: [3], mosse: [(3, 3, 7, 4, 13)]
3 -> costo: 101394.4, rotte: {2: [(1, 6), (6, 8), (8, 10), (10, 3)], 3: [(1, 17), (17, 16), (16, 15), (15, 14), (14, 12), (12, 3), (3, 7), (7, 4)], 4: [(1, 18), (18, 19), (19, 9), (9, 2), (2, 13), (13, 11), (11, 5)]}, padri: [2], figli: [4], mosse: [(4, 4, 18, 19, 12)]
4 -> costo: 95946.3, rotte: {2: [(1, 6), (6, 8), (8, 10), (10, 3)], 3: [(1, 17), (17, 16), (16, 15), (15, 14), (14, 12), (12, 3), (3, 7), (7, 4)], 4: [(1, 18), (18, 19), (19, 9), (9, 5), (5, 2), (2, 13), (13, 11)]}, padri: [3], figli: [5], mosse: [(4, 4, 9, 5, 14)]
5 -> costo: 94205.0, rotte: {2: [(1, 6), (6, 8), (8, 10), (10, 3)], 3: [(1, 17), (17, 16), (16, 15), (15, 14), (14, 12), (12, 3), (3, 7), (7, 4)], 4: [(1, 18), (18, 19), (19, 5), (5, 2), (2, 9), (9, 13), (13, 11)]}, padri: [4], figli: [6], mosse: [(4, 4, 2, 9, 18)]
6 -> costo: 93197.5, rotte: {2: [(1, 6), (6, 10), (10, 3), (3, 8)], 3: [(1, 17), (17, 16), (16, 15), (15, 14), (14, 12), (12, 3), (3, 7), (7, 4)], 4: [(1, 18), (18, 19), (19, 5), (5, 2), (2, 9), (9, 13), (13, 11)]}, padri: [5], figli: [7], mosse: [(2, 2, 3, 8, 17)]
7 -> costo: 91899.6, rotte: {2: [(1, 6), (6, 10), (10, 8)], 3: [(1, 17), (17, 16), (16, 15), (15, 14), (14, 12), (12, 3), (3, 7), (7, 4)], 4: [(1, 18), (18, 19), (19, 5), (5, 2), (2, 9), (9, 13), (13, 11)]}, padri: [6], figli: [8, 12], mosse: [(3, 2, 1, 3, 9)]
8 -> costo: 91238.8, rotte: {2: [(1, 6), (6, 10), (10, 8)], 3: [(1, 17), (17, 16), (16, 15), (15, 12), (12, 14), (14, 3), (3, 7), (7, 4)], 4: [(1, 18), (18, 19), (19, 5), (5, 2), (2, 9), (9, 13), (13, 11)]}, padri: [7], figli: [9, 11], mosse: [(3, 3, 12, 14, 3)]
9 -> costo: 90591.69999999998, rotte: {2: [(1, 6), (6, 10), (10, 8)], 3: [(1, 17), (17, 16), (16, 15), (15, 12), (12, 14), (14, 3), (3, 7), (7, 4)], 4: [(1, 18), (18, 19), (19, 2), (2, 5), (5, 9), (9, 13), (13, 11)]}, padri: [8, 12], figli: [10], mosse: [(4, 4, 2, 5, 14), (3, 3, 12, 14, 3)]
10 -> costo: 90306.79999999999, rotte: {2: [(1, 10), (10, 6), (6, 8)], 3: [(1, 17), (17, 16), (16, 15), (15, 12), (12, 14), (14, 3), (3, 7), (7, 4)], 4: [(1, 18), (18, 19), (19, 2), (2, 5), (5, 9), (9, 13), (13, 11)]}, padri: [9, 11], figli: [], mosse: [(2, 2, 10, 6, 15), (4, 4, 2, 5, 14)]
11 -> costo: 90953.90000000001, rotte: {2: [(1, 10), (10, 6), (6, 8)], 3: [(1, 17), (17, 16), (16, 15), (15, 12), (12, 14), (14, 3), (3, 7), (7, 4)], 4: [(1, 18), (18, 19), (19, 5), (5, 2), (2, 9), (9, 13), (13, 11)]}, padri: [8], figli: [10], mosse: [(2, 2, 10, 6, 15)]
12 -> costo: 91252.49999999999, rotte: {2: [(1, 6), (6, 10), (10, 8)], 3: [(1, 17), (17, 16), (16, 15), (15, 14), (14, 12), (12, 3), (3, 7), (7, 4)], 4: [(1, 18), (18, 19), (19, 2), (2, 5), (5, 9), (9, 13), (13, 11)]}, padri: [7], figli: [9], mosse: [(4, 4, 2, 5, 14)]
bestSolutionIndice: 10
10 -> costo: 90306.79999999999, rotte: {2: [(1, 10), (10, 6), (6, 8)], 3: [(1, 17), (17, 16), (16, 15), (15, 12), (12, 14), (14, 3), (3, 7), (7, 4)], 4: [(1, 18), (18, 19), (19, 2), (2, 5), (5, 9), (9, 13), (13, 11)]}, padri: [9, 11], figli: [], mosse: [(2, 2, 10, 6, 15), (4, 4, 2, 5, 14)]
trasportoPalletDiGamma: {2: [(10, 19), (6, 15), (8, 17)], 3: [(17, 6), (16, 5), (15, 4), (12, 1), (14, 3), (3, 12), (7, 16), (4, 13)], 4: [(18, 19), (19, 12), (2, 11), (5, 14), (9, 18), (13, 2), (11, 20)]}
itMosseLS: 14, itMosseTS: 5
time elapsed: 208.07s.


##########################################################################################
##########################################################################################
##########################################################################################
##########################################################################################
##########################################################################################
##########################################################################################
##########################################################################################
