itNSIMax: 20, itMosseTSMax: 10.
##########################################################################################
s: 1, itNSI: 1.
soluzione iniziale: 0
0 -> 
costo: 167998.50000000003, 
rotte: {3: [(1, 8), (8, 4), (4, 14), (14, 3), (3, 19), (19, 16)], 4: [(1, 10), (10, 6), (6, 7), (7, 12), (12, 11), (11, 17), (17, 16), (16, 2)], 2: [(1, 9), (9, 18), (18, 5), (5, 13), (13, 15), (15, 2)]}
trasportoPalletDiGamma: {3: [(8, 17), (4, 13), (14, 3), (3, 12), (19, 12), (16, 3)], 4: [(10, 19), (6, 15), (7, 16), (12, 1), (11, 20), (17, 6), (16, 2), (2, 8)], 2: [(9, 18), (18, 19), (5, 14), (13, 2), (15, 4), (2, 3)]}
bestSolutionIndice: 13
13 -> 
costo: 101896.09999999999, 
rotte: {3: [(1, 19), (19, 3), (3, 4), (4, 8), (8, 14)], 4: [(1, 2), (2, 7), (7, 6), (6, 10), (10, 11), (11, 12), (12, 17), (17, 16)], 2: [(1, 18), (18, 5), (5, 9), (9, 13), (13, 15)]}
trasportoPalletDiGamma: {3: [(19, 12), (3, 12), (4, 13), (8, 17), (14, 3)], 4: [(2, 11), (7, 16), (6, 15), (10, 19), (11, 20), (12, 1), (17, 6), (16, 5)], 2: [(18, 19), (5, 14), (9, 18), (13, 2), (15, 4)]}
itMosseLS: 22, itMosseTS: 10
numero di soluzioni totali trovati: 18.
time elapsed: 858.02s.


##########################################################################################
s: 1, itNSI: 2.
soluzione iniziale: 0
0 -> 
costo: 190636.00000000003, 
rotte: {3: [(1, 17), (17, 18), (18, 4), (4, 5), (5, 15), (15, 10)], 4: [(1, 12), (12, 9), (9, 11), (11, 6), (6, 16), (16, 3), (3, 10), (10, 2)], 2: [(1, 13), (13, 19), (19, 8), (8, 7), (7, 14), (14, 2)]}
trasportoPalletDiGamma: {3: [(17, 6), (18, 19), (4, 13), (5, 14), (15, 4), (10, 4)], 4: [(12, 1), (9, 18), (11, 20), (6, 15), (16, 5), (3, 12), (10, 15), (2, 1)], 2: [(13, 2), (19, 12), (8, 17), (7, 16), (14, 3), (2, 10)]}
bestSolutionIndice: 11
11 -> 
costo: 101325.50000000001, 
rotte: {3: [(1, 18), (18, 4), (4, 5), (5, 15)], 4: [(1, 13), (13, 11), (11, 12), (12, 17), (17, 16), (16, 10), (10, 3), (3, 6), (6, 9)], 2: [(1, 19), (19, 7), (7, 2), (2, 8), (8, 14)]}
trasportoPalletDiGamma: {3: [(18, 19), (4, 13), (5, 14), (15, 4)], 4: [(13, 2), (11, 20), (12, 1), (17, 6), (16, 5), (10, 19), (3, 12), (6, 15), (9, 18)], 2: [(19, 12), (7, 16), (2, 11), (8, 17), (14, 3)]}
itMosseLS: 21, itMosseTS: 10
numero di soluzioni totali trovati: 17.
time elapsed: 633.42s.


##########################################################################################
s: 1, itNSI: 3.
soluzione iniziale: 0
0 -> 
costo: 139120.1, 
rotte: {3: [(1, 7), (7, 2), (2, 13), (13, 11), (11, 12), (12, 6)], 4: [(1, 18), (18, 14), (14, 9), (9, 8), (8, 4), (4, 15), (15, 17), (17, 19), (19, 6)], 2: [(1, 16), (16, 10), (10, 5), (5, 3), (3, 19)]}
trasportoPalletDiGamma: {3: [(7, 16), (2, 11), (13, 2), (11, 20), (12, 1), (6, 10)], 4: [(18, 19), (14, 3), (9, 18), (8, 17), (4, 13), (15, 4), (17, 6), (19, 2), (6, 5)], 2: [(16, 5), (10, 19), (5, 14), (3, 12), (19, 10)]}
bestSolutionIndice: 12
12 -> 
costo: 85652.49999999999, 
rotte: {3: [(1, 6), (6, 7), (7, 2), (2, 13), (13, 12), (12, 11)], 4: [(1, 18), (18, 9), (9, 8), (8, 6), (6, 4), (4, 14), (14, 17), (17, 16), (16, 15)], 2: [(1, 19), (19, 10), (10, 3), (3, 5)]}
trasportoPalletDiGamma: {3: [(6, 10), (7, 16), (2, 11), (13, 2), (12, 1), (11, 20)], 4: [(18, 19), (9, 18), (8, 17), (6, 5), (4, 13), (14, 3), (17, 6), (16, 5), (15, 4)], 2: [(19, 12), (10, 19), (3, 12), (5, 14)]}
itMosseLS: 19, itMosseTS: 10
numero di soluzioni totali trovati: 14.
time elapsed: 769.51s.


##########################################################################################
s: 1, itNSI: 4.
soluzione iniziale: 0
0 -> 
costo: 165757.90000000002, 
rotte: {3: [(1, 17), (17, 12), (12, 2), (2, 5), (5, 10), (10, 7)], 4: [(1, 19), (19, 9), (9, 11), (11, 18), (18, 14), (14, 13), (13, 16), (16, 6), (6, 7)], 2: [(1, 4), (4, 3), (3, 15), (15, 8), (8, 6)]}
trasportoPalletDiGamma: {3: [(17, 6), (12, 1), (2, 11), (5, 14), (10, 19), (7, 9)], 4: [(19, 12), (9, 18), (11, 20), (18, 19), (14, 3), (13, 2), (16, 5), (6, 1), (7, 7)], 2: [(4, 13), (3, 12), (15, 4), (8, 17), (6, 14)]}
bestSolutionIndice: 13
13 -> 
costo: 84369.5, 
rotte: {3: [(1, 10), (10, 2), (2, 5), (5, 7)], 4: [(1, 18), (18, 19), (19, 7), (7, 6), (6, 9), (9, 14), (14, 11), (11, 13), (13, 12), (12, 17), (17, 16)], 2: [(1, 3), (3, 4), (4, 6), (6, 8), (8, 15)]}
trasportoPalletDiGamma: {3: [(10, 19), (2, 11), (5, 14), (7, 9)], 4: [(18, 19), (19, 12), (7, 7), (6, 1), (9, 18), (14, 3), (11, 20), (13, 2), (12, 1), (17, 6), (16, 5)], 2: [(3, 12), (4, 13), (6, 14), (8, 17), (15, 4)]}
itMosseLS: 19, itMosseTS: 10
numero di soluzioni totali trovati: 17.
time elapsed: 389.40s.


##########################################################################################
s: 1, itNSI: 5.
soluzione iniziale: 0
0 -> 
costo: 138602.7, 
rotte: {4: [(1, 3), (3, 4), (4, 10), (10, 9), (9, 12), (12, 5), (5, 18)], 2: [(1, 15), (15, 11), (11, 14), (14, 8), (8, 19), (19, 18)], 3: [(1, 13), (13, 16), (16, 17), (17, 2), (2, 6), (6, 7)]}
trasportoPalletDiGamma: {4: [(3, 12), (4, 13), (10, 19), (9, 18), (12, 1), (5, 14), (18, 15)], 2: [(15, 4), (11, 20), (14, 3), (8, 17), (19, 12), (18, 4)], 3: [(13, 2), (16, 5), (17, 6), (2, 11), (6, 15), (7, 16)]}
bestSolutionIndice: 7
7 -> 
costo: 92778.00000000001, 
rotte: {4: [(1, 18), (18, 3), (3, 4), (4, 5), (5, 10), (10, 9), (9, 13), (13, 12)], 2: [(1, 19), (19, 8), (8, 11), (11, 14)], 3: [(1, 16), (16, 17), (17, 15), (15, 2), (2, 6), (6, 7)]}
trasportoPalletDiGamma: {4: [(18, 19), (3, 12), (4, 13), (5, 14), (10, 19), (9, 18), (13, 2), (12, 1)], 2: [(19, 12), (8, 17), (11, 20), (14, 3)], 3: [(16, 5), (17, 6), (15, 4), (2, 11), (6, 15), (7, 16)]}
itMosseLS: 16, itMosseTS: 10
numero di soluzioni totali trovati: 9.
time elapsed: 399.22s.


##########################################################################################
s: 1, itNSI: 6.
soluzione iniziale: 0
0 -> 
costo: 145105.80000000002, 
rotte: {2: [(1, 12), (12, 3), (3, 2), (2, 10), (10, 13), (13, 19)], 4: [(1, 9), (9, 8), (8, 4), (4, 6), (6, 18), (18, 7)], 3: [(1, 16), (16, 17), (17, 11), (11, 5), (5, 15), (15, 14)]}
trasportoPalletDiGamma: {2: [(12, 1), (3, 12), (2, 11), (10, 19), (13, 2), (19, 12)], 4: [(9, 18), (8, 17), (4, 13), (6, 15), (18, 19), (7, 16)], 3: [(16, 5), (17, 6), (11, 20), (5, 14), (15, 4), (14, 3)]}
bestSolutionIndice: 16
16 -> 
costo: 85075.00000000001, 
rotte: {2: [(1, 19), (19, 2), (2, 3), (3, 10), (10, 13)], 4: [(1, 18), (18, 4), (4, 7), (7, 6), (6, 8), (8, 9)], 3: [(1, 16), (16, 17), (17, 15), (15, 12), (12, 11), (11, 14), (14, 5)]}
trasportoPalletDiGamma: {2: [(19, 12), (2, 11), (3, 12), (10, 19), (13, 2)], 4: [(18, 19), (4, 13), (7, 16), (6, 15), (8, 17), (9, 18)], 3: [(16, 5), (17, 6), (15, 4), (12, 1), (11, 20), (14, 3), (5, 14)]}
itMosseLS: 24, itMosseTS: 10
numero di soluzioni totali trovati: 19.
time elapsed: 331.26s.


##########################################################################################
s: 1, itNSI: 7.
soluzione iniziale: 0
0 -> 
costo: 183141.59999999998, 
rotte: {4: [(1, 19), (19, 13), (13, 7), (7, 2), (2, 5), (5, 12), (12, 17), (17, 14), (14, 10), (10, 18)], 2: [(1, 16), (16, 4), (4, 11), (11, 3), (3, 10)], 3: [(1, 9), (9, 6), (6, 15), (15, 8), (8, 18)]}
trasportoPalletDiGamma: {4: [(19, 12), (13, 2), (7, 16), (2, 11), (5, 14), (12, 1), (17, 6), (14, 3), (10, 9), (18, 13)], 2: [(16, 5), (4, 13), (11, 20), (3, 12), (10, 10)], 3: [(9, 18), (6, 15), (15, 4), (8, 17), (18, 6)]}
bestSolutionIndice: 11
11 -> 
costo: 86403.3, 
rotte: {4: [(1, 18), (18, 19), (19, 7), (7, 5), (5, 2), (2, 10), (10, 14), (14, 13), (13, 12), (12, 17), (17, 16)], 2: [(1, 4), (4, 3), (3, 10), (10, 11)], 3: [(1, 6), (6, 9), (9, 8), (8, 15)]}
trasportoPalletDiGamma: {4: [(18, 19), (19, 12), (7, 16), (5, 14), (2, 11), (10, 9), (14, 3), (13, 2), (12, 1), (17, 6), (16, 5)], 2: [(4, 13), (3, 12), (10, 10), (11, 20)], 3: [(6, 15), (9, 18), (8, 17), (15, 4)]}
itMosseLS: 18, itMosseTS: 7
numero di soluzioni totali trovati: 14.
time elapsed: 224.03s.


##########################################################################################
##########################################################################################
##########################################################################################
##########################################################################################
##########################################################################################
##########################################################################################
##########################################################################################
##########################################################################################
##########################################################################################
##########################################################################################
##########################################################################################
##########################################################################################
##########################################################################################
##########################################################################################
##########################################################################################
##########################################################################################
Soluzione migliore in assoluto trovata:

s: 1
itNSI: 4, 
costo: 84369.5, 
rotte: {3: [(1, 10), (10, 2), (2, 5), (5, 7)], 4: [(1, 18), (18, 19), (19, 7), (7, 6), (6, 9), (9, 14), (14, 11), (11, 13), (13, 12), (12, 17), (17, 16)], 2: [(1, 3), (3, 4), (4, 6), (6, 8), (8, 15)]}
trasportoPalletDiGamma: {3: [(10, 19), (2, 11), (5, 14), (7, 9)], 4: [(18, 19), (19, 12), (7, 7), (6, 1), (9, 18), (14, 3), (11, 20), (13, 2), (12, 1), (17, 6), (16, 5)], 2: [(3, 12), (4, 13), (6, 14), (8, 17), (15, 4)]}

Total time elapsed: 3608.78s.