itNSIMax: 10, itMosseTSMax: 20.
##########################################################################################
s: 1
dictSolutions[1]:
0 -> costo: 150174.3, rotte: {3: [(1, 12), (12, 11), (11, 10), (10, 19), (19, 4)], 4: [(1, 17), (17, 15), (15, 13), (13, 16), (16, 3), (3, 9), (9, 14), (14, 2), (2, 5), (5, 7), (7, 4)], 2: [(1, 8), (8, 18), (18, 6), (6, 7)]}, padri: [-1], figli: [1], mosse: [-1]
1 -> costo: 125699.19999999997, rotte: {3: [(1, 12), (12, 11), (11, 10), (10, 19), (19, 4)], 4: [(1, 17), (17, 15), (15, 16), (16, 3), (3, 9), (9, 14), (14, 13), (13, 2), (2, 5), (5, 7), (7, 4)], 2: [(1, 8), (8, 18), (18, 6), (6, 7)]}, padri: [0], figli: [2], mosse: [(4, 4, 14, 13, 2)]
2 -> costo: 111847.29999999997, rotte: {3: [(1, 12), (12, 11), (11, 10), (10, 19), (19, 4)], 4: [(1, 17), (17, 15), (15, 16), (16, 3), (3, 9), (9, 14), (14, 13), (13, 2), (2, 5), (5, 7), (7, 4)], 2: [(1, 18), (18, 6), (6, 7), (7, 8)]}, padri: [1], figli: [3], mosse: [(2, 2, 7, 8, 17)]
3 -> costo: 105070.69999999998, rotte: {3: [(1, 12), (12, 11), (11, 10), (10, 4), (4, 19)], 4: [(1, 17), (17, 15), (15, 16), (16, 3), (3, 9), (9, 14), (14, 13), (13, 2), (2, 5), (5, 7), (7, 4)], 2: [(1, 18), (18, 6), (6, 7), (7, 8)]}, padri: [2], figli: [4], mosse: [(3, 3, 10, 4, 8)]
4 -> costo: 100510.39999999998, rotte: {3: [(1, 19), (19, 12), (12, 11), (11, 10), (10, 4)], 4: [(1, 17), (17, 15), (15, 16), (16, 3), (3, 9), (9, 14), (14, 13), (13, 2), (2, 5), (5, 7), (7, 4)], 2: [(1, 18), (18, 6), (6, 7), (7, 8)]}, padri: [3], figli: [5], mosse: [(3, 3, 1, 19, 12)]
5 -> costo: 99403.59999999999, rotte: {3: [(1, 12), (12, 11), (11, 10), (10, 4)], 4: [(1, 19), (19, 17), (17, 15), (15, 16), (16, 3), (3, 9), (9, 14), (14, 13), (13, 2), (2, 5), (5, 7), (7, 4)], 2: [(1, 18), (18, 6), (6, 7), (7, 8)]}, padri: [4], figli: [6], mosse: [(4, 3, 1, 19, 12)]
6 -> costo: 98613.4, rotte: {3: [(1, 12), (12, 11), (11, 10), (10, 4)], 4: [(1, 19), (19, 17), (17, 15), (15, 16), (16, 3), (3, 14), (14, 13), (13, 2), (2, 5), (5, 7), (7, 4), (4, 9)], 2: [(1, 18), (18, 6), (6, 7), (7, 8)]}, padri: [5], figli: [7], mosse: [(4, 4, 4, 9, 18)]
7 -> costo: 92232.8, rotte: {3: [(1, 12), (12, 11), (11, 10), (10, 4)], 4: [(1, 19), (19, 17), (17, 15), (15, 16), (16, 14), (14, 13), (13, 2), (2, 5), (5, 7), (7, 4), (4, 3), (3, 9)], 2: [(1, 18), (18, 6), (6, 7), (7, 8)]}, padri: [6], figli: [8], mosse: [(4, 4, 4, 3, 12)]
8 -> costo: 91491.79999999999, rotte: {3: [(1, 12), (12, 11), (11, 10), (10, 4)], 4: [(1, 19), (19, 17), (17, 16), (16, 15), (15, 14), (14, 13), (13, 2), (2, 5), (5, 7), (7, 4), (4, 3), (3, 9)], 2: [(1, 18), (18, 6), (6, 7), (7, 8)]}, padri: [7], figli: [9], mosse: [(4, 4, 16, 15, 4)]
9 -> costo: 91148.29999999999, rotte: {3: [(1, 11), (11, 10), (10, 4)], 4: [(1, 19), (19, 17), (17, 16), (16, 15), (15, 12), (12, 14), (14, 13), (13, 2), (2, 5), (5, 7), (7, 4), (4, 3), (3, 9)], 2: [(1, 18), (18, 6), (6, 7), (7, 8)]}, padri: [8], figli: [10], mosse: [(4, 3, 15, 12, 1)]
10 -> costo: 89288.29999999999, rotte: {3: [(1, 10), (10, 4), (4, 11)], 4: [(1, 19), (19, 17), (17, 16), (16, 15), (15, 12), (12, 14), (14, 13), (13, 2), (2, 5), (5, 7), (7, 4), (4, 3), (3, 9)], 2: [(1, 18), (18, 6), (6, 7), (7, 8)]}, padri: [9], figli: [11, 15, 17, 17, 17], mosse: [(3, 3, 4, 11, 20)]
11 -> costo: 88020.09999999999, rotte: {3: [(1, 4), (4, 10), (10, 11)], 4: [(1, 19), (19, 17), (17, 16), (16, 15), (15, 12), (12, 14), (14, 13), (13, 2), (2, 5), (5, 7), (7, 4), (4, 3), (3, 9)], 2: [(1, 18), (18, 6), (6, 7), (7, 8)]}, padri: [10], figli: [12, 14, 14, 14, 16], mosse: [(3, 3, 4, 10, 19)]
12 -> costo: 87948.29999999999, rotte: {3: [(1, 4), (4, 10), (10, 11)], 4: [(1, 19), (19, 17), (17, 16), (16, 15), (15, 12), (12, 13), (13, 14), (14, 2), (2, 5), (5, 7), (7, 4), (4, 3), (3, 9)], 2: [(1, 18), (18, 6), (6, 7), (7, 8)]}, padri: [11, 15], figli: [13, 13, 13], mosse: [(4, 4, 13, 14, 3), (3, 3, 4, 10, 19)]
13 -> costo: 87880.39999999998, rotte: {3: [(1, 4), (4, 10), (10, 11)], 4: [(1, 19), (19, 17), (17, 16), (16, 15), (15, 12), (12, 13), (13, 14), (14, 2), (2, 5), (5, 7), (7, 3), (3, 9)], 2: [(1, 18), (18, 6), (6, 7), (7, 8)]}, padri: [12, 12, 12, 14, 16], figli: [], mosse: [(3, 4, 1, 4, 5), (3, 4, 10, 4, 5), (3, 4, 11, 4, 5), (4, 4, 13, 14, 3), (3, 3, 4, 10, 19)]
14 -> costo: 87952.19999999998, rotte: {3: [(1, 4), (4, 10), (10, 11)], 4: [(1, 19), (19, 17), (17, 16), (16, 15), (15, 12), (12, 14), (14, 13), (13, 2), (2, 5), (5, 7), (7, 3), (3, 9)], 2: [(1, 18), (18, 6), (6, 7), (7, 8)]}, padri: [11, 11, 11, 17], figli: [13], mosse: [(3, 4, 1, 4, 5), (3, 4, 10, 4, 5), (3, 4, 11, 4, 5), (3, 3, 4, 10, 19)]
15 -> costo: 89216.49999999999, rotte: {3: [(1, 10), (10, 4), (4, 11)], 4: [(1, 19), (19, 17), (17, 16), (16, 15), (15, 12), (12, 13), (13, 14), (14, 2), (2, 5), (5, 7), (7, 4), (4, 3), (3, 9)], 2: [(1, 18), (18, 6), (6, 7), (7, 8)]}, padri: [10], figli: [12, 16, 16, 16], mosse: [(4, 4, 13, 14, 3)]
16 -> costo: 89148.59999999999, rotte: {3: [(1, 10), (10, 4), (4, 11)], 4: [(1, 19), (19, 17), (17, 16), (16, 15), (15, 12), (12, 13), (13, 14), (14, 2), (2, 5), (5, 7), (7, 3), (3, 9)], 2: [(1, 18), (18, 6), (6, 7), (7, 8)]}, padri: [15, 15, 15, 17], figli: [13], mosse: [(3, 4, 1, 4, 5), (3, 4, 10, 4, 5), (3, 4, 11, 4, 5), (4, 4, 13, 14, 3)]
17 -> costo: 89220.39999999998, rotte: {3: [(1, 10), (10, 4), (4, 11)], 4: [(1, 19), (19, 17), (17, 16), (16, 15), (15, 12), (12, 14), (14, 13), (13, 2), (2, 5), (5, 7), (7, 3), (3, 9)], 2: [(1, 18), (18, 6), (6, 7), (7, 8)]}, padri: [10, 10, 10], figli: [14, 16], mosse: [(3, 4, 1, 4, 5), (3, 4, 10, 4, 5), (3, 4, 11, 4, 5)]
bestSolutionIndice: 13
13 -> costo: 87880.39999999998, rotte: {3: [(1, 4), (4, 10), (10, 11)], 4: [(1, 19), (19, 17), (17, 16), (16, 15), (15, 12), (12, 13), (13, 14), (14, 2), (2, 5), (5, 7), (7, 3), (3, 9)], 2: [(1, 18), (18, 6), (6, 7), (7, 8)]}, padri: [12, 12, 12, 14, 16], figli: [], mosse: [(3, 4, 1, 4, 5), (3, 4, 10, 4, 5), (3, 4, 11, 4, 5), (4, 4, 13, 14, 3), (3, 3, 4, 10, 19)]
trasportoPalletDiGamma: {3: [(4, 13), (10, 19), (11, 20)], 4: [(19, 12), (17, 6), (16, 5), (15, 4), (12, 1), (13, 2), (14, 3), (2, 11), (5, 14), (7, 7), (3, 12), (9, 18)], 2: [(18, 19), (6, 15), (7, 9), (8, 17)]}
itMosseLS: 30, itMosseTS: 20
time elapsed: 499.70s.


##########################################################################################
s: 1
dictSolutions[1]:
0 -> costo: 181467.3, rotte: {2: [(1, 2), (2, 16), (16, 5), (5, 14), (14, 17), (17, 9), (9, 3)], 3: [(1, 4), (4, 10), (10, 18), (18, 13), (13, 7)], 4: [(1, 15), (15, 11), (11, 12), (12, 6), (6, 19), (19, 8), (8, 7), (7, 3)]}, padri: [-1], figli: [1], mosse: [-1]
1 -> costo: 155123.0, rotte: {2: [(1, 2), (2, 5), (5, 14), (14, 16), (16, 17), (17, 9), (9, 3)], 3: [(1, 4), (4, 10), (10, 18), (18, 13), (13, 7)], 4: [(1, 15), (15, 11), (11, 12), (12, 6), (6, 19), (19, 8), (8, 7), (7, 3)]}, padri: [0], figli: [2], mosse: [(2, 2, 14, 16, 5)]
2 -> costo: 147069.1, rotte: {2: [(1, 2), (2, 5), (5, 14), (14, 16), (16, 17), (17, 9), (9, 3)], 3: [(1, 4), (4, 10), (10, 18), (18, 13), (13, 7)], 4: [(1, 15), (15, 11), (11, 12), (12, 6), (6, 8), (8, 19), (19, 7), (7, 3)]}, padri: [1], figli: [3], mosse: [(4, 4, 8, 19, 12)]
3 -> costo: 141638.6, rotte: {2: [(1, 2), (2, 5), (5, 14), (14, 16), (16, 17), (17, 9), (9, 3)], 3: [(1, 4), (4, 7), (7, 10), (10, 18), (18, 13)], 4: [(1, 15), (15, 11), (11, 12), (12, 6), (6, 8), (8, 19), (19, 7), (7, 3)]}, padri: [2], figli: [4], mosse: [(3, 3, 4, 7, 7)]
4 -> costo: 138218.9, rotte: {2: [(1, 2), (2, 5), (5, 3), (3, 14), (14, 16), (16, 17), (17, 9)], 3: [(1, 4), (4, 7), (7, 10), (10, 18), (18, 13)], 4: [(1, 15), (15, 11), (11, 12), (12, 6), (6, 8), (8, 19), (19, 7), (7, 3)]}, padri: [3], figli: [5], mosse: [(2, 2, 5, 3, 3)]
5 -> costo: 126117.5, rotte: {2: [(1, 2), (2, 5), (5, 3), (3, 9), (9, 14), (14, 16), (16, 17)], 3: [(1, 4), (4, 7), (7, 10), (10, 18), (18, 13)], 4: [(1, 15), (15, 11), (11, 12), (12, 6), (6, 8), (8, 19), (19, 7), (7, 3)]}, padri: [4], figli: [6], mosse: [(2, 2, 3, 9, 18)]
6 -> costo: 123107.40000000001, rotte: {2: [(1, 2), (2, 5), (5, 3), (3, 9), (9, 14), (14, 16), (16, 17)], 3: [(1, 4), (4, 7), (7, 10), (10, 18), (18, 13)], 4: [(1, 11), (11, 12), (12, 6), (6, 8), (8, 19), (19, 7), (7, 3), (3, 15)]}, padri: [5], figli: [7], mosse: [(4, 4, 3, 15, 4)]
7 -> costo: 121194.10000000002, rotte: {2: [(1, 2), (2, 5), (5, 3), (3, 9), (9, 14), (14, 16), (16, 17)], 3: [(1, 4), (4, 7), (7, 10), (10, 18), (18, 13)], 4: [(1, 11), (11, 12), (12, 8), (8, 6), (6, 19), (19, 7), (7, 3), (3, 15)]}, padri: [6], figli: [8], mosse: [(4, 4, 8, 6, 15)]
8 -> costo: 119745.10000000002, rotte: {2: [(1, 2), (2, 5), (5, 3), (3, 9), (9, 14), (14, 16), (16, 17)], 3: [(1, 4), (4, 7), (7, 10), (10, 13), (13, 18)], 4: [(1, 11), (11, 12), (12, 8), (8, 6), (6, 19), (19, 7), (7, 3), (3, 15)]}, padri: [7], figli: [9], mosse: [(3, 3, 18, 13)]
9 -> costo: 118338.20000000003, rotte: {2: [(1, 2), (2, 5), (5, 3), (3, 9), (9, 14), (14, 16), (16, 17)], 3: [(1, 4), (4, 7), (7, 10), (10, 13), (13, 18)], 4: [(1, 11), (11, 12), (12, 8), (8, 6), (6, 7), (7, 3), (3, 19), (19, 15)]}, padri: [8], figli: [10], mosse: [(4, 4, 3, 19, 12)]
10 -> costo: 117281.00000000001, rotte: {2: [(1, 2), (2, 5), (5, 3), (3, 9), (9, 14), (14, 16), (16, 17)], 3: [(1, 4), (4, 10), (10, 13), (13, 18)], 4: [(1, 11), (11, 12), (12, 8), (8, 6), (6, 7), (7, 3), (3, 19), (19, 15)]}, padri: [9], figli: [11, 11, 11, 11, 11, 11, 11, 11, 13, 13, 13, 13, 13, 13, 13, 13], mosse: [(4, 3, 1, 7, 7)]
11 -> costo: 116785.20000000003, rotte: {2: [(1, 2), (2, 5), (5, 9), (9, 14), (14, 16), (16, 17)], 3: [(1, 4), (4, 10), (10, 13), (13, 18)], 4: [(1, 11), (11, 12), (12, 8), (8, 6), (6, 7), (7, 3), (3, 19), (19, 15)]}, padri: [10, 10, 10, 10, 10, 10, 10, 10], figli: [12, 12, 12], mosse: [(4, 2, 1, 3, 3), (4, 2, 11, 3, 3), (4, 2, 12, 3, 3), (4, 2, 8, 3, 3), (4, 2, 6, 3, 3), (4, 2, 7, 3, 3), (4, 2, 19, 3, 3), (4, 2, 15, 3, 3)]
12 -> costo: 116705.8, rotte: {2: [(1, 2), (2, 5), (5, 9), (9, 14), (14, 17), (17, 16)], 3: [(1, 4), (4, 10), (10, 13), (13, 18)], 4: [(1, 11), (11, 12), (12, 8), (8, 6), (6, 7), (7, 3), (3, 19), (19, 15)]}, padri: [11, 11, 11, 14, 14, 14, 14, 14, 14, 14, 14], figli: [], mosse: [(2, 2, 14, 17, 6), (2, 2, 17, 16, 5), (2, 2, 16, 17), (4, 2, 1, 3, 3), (4, 2, 11, 3, 3), (4, 2, 12, 3, 3), (4, 2, 8, 3, 3), (4, 2, 6, 3, 3), (4, 2, 7, 3, 3), (4, 2, 19, 3, 3), (4, 2, 15, 3, 3)]
13 -> costo: 116858.60000000002, rotte: {2: [(1, 2), (2, 3), (3, 5), (5, 9), (9, 14), (14, 16), (16, 17)], 3: [(1, 4), (4, 10), (10, 13), (13, 18)], 4: [(1, 11), (11, 12), (12, 8), (8, 6), (6, 7), (7, 3), (3, 19), (19, 15)]}, padri: [10], figli: [14, 14], mosse: [(2, 2, 3, 5, 14)]
14 -> costo: 116779.20000000003, rotte: {2: [(1, 2), (2, 3), (3, 5), (5, 9), (9, 14), (14, 17), (17, 16)], 3: [(1, 4), (4, 10), (10, 13), (13, 18)], 4: [(1, 11), (11, 12), (12, 8), (8, 6), (6, 7), (7, 3), (3, 19), (19, 15)]}, padri: [13, 13], figli: [12, 12, 12, 12, 12, 12, 12, 12], mosse: [(2, 2, 14, 17, 6), (2, 2, 17, 16, 5)]
bestSolutionIndice: 12
12 -> costo: 116705.8, rotte: {2: [(1, 2), (2, 5), (5, 9), (9, 14), (14, 17), (17, 16)], 3: [(1, 4), (4, 10), (10, 13), (13, 18)], 4: [(1, 11), (11, 12), (12, 8), (8, 6), (6, 7), (7, 3), (3, 19), (19, 15)]}, padri: [11, 11, 11, 14, 14, 14, 14, 14, 14, 14, 14], figli: [], mosse: [(2, 2, 14, 17, 6), (2, 2, 17, 16, 5), (2, 2, 16, 17), (4, 2, 1, 3, 3), (4, 2, 11, 3, 3), (4, 2, 12, 3, 3), (4, 2, 8, 3, 3), (4, 2, 6, 3, 3), (4, 2, 7, 3, 3), (4, 2, 19, 3, 3), (4, 2, 15, 3, 3)]
trasportoPalletDiGamma: {2: [(2, 11), (5, 14), (9, 18), (14, 3), (17, 6), (16, 5)], 3: [(4, 13), (10, 19), (13, 2), (18, 19)], 4: [(11, 20), (12, 1), (8, 17), (6, 15), (7, 16), (3, 12), (19, 12), (15, 4)]}
itMosseLS: 32, itMosseTS: 20
time elapsed: 737.68s.


##########################################################################################
s: 1
dictSolutions[1]:
0 -> costo: 167371.1, rotte: {2: [(1, 14), (14, 5), (5, 19), (19, 10), (10, 4)], 3: [(1, 13), (13, 12), (12, 3), (3, 2), (2, 15), (15, 7), (7, 11)], 4: [(1, 8), (8, 6), (6, 18), (18, 17), (17, 16), (16, 9), (9, 4), (4, 11)]}, padri: [-1], figli: [1], mosse: [-1]
1 -> costo: 153125.4, rotte: {2: [(1, 14), (14, 5), (5, 19), (19, 10), (10, 4)], 3: [(1, 13), (13, 12), (12, 3), (3, 2), (2, 7), (7, 11), (11, 15)], 4: [(1, 8), (8, 6), (6, 18), (18, 17), (17, 16), (16, 9), (9, 4), (4, 11)]}, padri: [0], figli: [2], mosse: [(3, 3, 11, 15, 4)]
2 -> costo: 143074.59999999998, rotte: {2: [(1, 5), (5, 19), (19, 10), (10, 4)], 3: [(1, 13), (13, 12), (12, 3), (3, 2), (2, 7), (7, 11), (11, 15)], 4: [(1, 8), (8, 6), (6, 18), (18, 17), (17, 16), (16, 9), (9, 4), (4, 11), (11, 14)]}, padri: [1], figli: [3], mosse: [(4, 2, 11, 14, 3)]
3 -> costo: 131620.4, rotte: {2: [(1, 19), (19, 10), (10, 4), (4, 5)], 3: [(1, 13), (13, 12), (12, 3), (3, 2), (2, 7), (7, 11), (11, 15)], 4: [(1, 8), (8, 6), (6, 18), (18, 17), (17, 16), (16, 9), (9, 4), (4, 11), (11, 14)]}, padri: [2], figli: [4], mosse: [(2, 2, 4, 5, 14)]
4 -> costo: 126738.29999999999, rotte: {2: [(1, 19), (19, 10), (10, 4), (4, 5)], 3: [(1, 13), (13, 12), (12, 3), (3, 2), (2, 7), (7, 11), (11, 15)], 4: [(1, 6), (6, 18), (18, 17), (17, 16), (16, 8), (8, 9), (9, 4), (4, 11), (11, 14)]}, padri: [3], figli: [5], mosse: [(4, 4, 16, 8, 17)]
5 -> costo: 114660.69999999998, rotte: {2: [(1, 19), (19, 10), (10, 4), (4, 5)], 3: [(1, 13), (13, 12), (12, 3), (3, 2), (2, 7), (7, 11), (11, 15)], 4: [(1, 18), (18, 17), (17, 16), (16, 8), (8, 9), (9, 6), (6, 4), (4, 11), (11, 14)]}, padri: [4], figli: [6], mosse: [(4, 4, 9, 6, 15)]
6 -> costo: 113079.49999999999, rotte: {2: [(1, 19), (19, 10), (10, 4), (4, 5)], 3: [(1, 13), (13, 12), (12, 2), (2, 3), (3, 7), (7, 11), (11, 15)], 4: [(1, 18), (18, 17), (17, 16), (16, 8), (8, 9), (9, 6), (6, 4), (4, 11), (11, 14)]}, padri: [5], figli: [7], mosse: [(3, 3, 2, 3, 12)]
7 -> costo: 112449.59999999999, rotte: {2: [(1, 19), (19, 10), (10, 4), (4, 5)], 3: [(1, 13), (13, 12), (12, 2), (2, 3), (3, 7), (7, 11), (11, 15)], 4: [(1, 18), (18, 17), (17, 16), (16, 8), (8, 9), (9, 6), (6, 11), (11, 14)]}, padri: [6], figli: [8], mosse: [(2, 4, 1, 4, 1)]
8 -> costo: 111861.29999999999, rotte: {2: [(1, 19), (19, 10), (10, 4), (4, 5)], 3: [(1, 13), (13, 2), (2, 3), (3, 7), (7, 11), (11, 12), (12, 15)], 4: [(1, 18), (18, 17), (17, 16), (16, 8), (8, 9), (9, 6), (6, 11), (11, 14)]}, padri: [7], figli: [9, 10, 11, 12, 14, 15, 16, 17], mosse: [(3, 3, 11, 12, 1)]
9 -> costo: 102112.5, rotte: {2: [(1, 19), (19, 10), (10, 4), (4, 5)], 3: [(1, 2), (2, 3), (3, 7), (7, 13), (13, 11), (11, 12), (12, 15)], 4: [(1, 18), (18, 17), (17, 16), (16, 8), (8, 9), (9, 6), (6, 11), (11, 14)]}, padri: [8, 11], figli: [], mosse: [(3, 3, 7, 13, 2), (3, 3, 13, 11, 14)]
10 -> costo: 102112.5, rotte: {2: [(1, 19), (19, 10), (10, 4), (4, 5)], 3: [(1, 2), (2, 3), (3, 7), (7, 11), (11, 12), (12, 15)], 4: [(1, 18), (18, 17), (17, 16), (16, 8), (8, 9), (9, 6), (6, 13), (13, 11), (11, 14)]}, padri: [8], figli: [], mosse: [(4, 3, 6, 13, 2)]
11 -> costo: 102357.29999999999, rotte: {2: [(1, 19), (19, 10), (10, 4), (4, 5)], 3: [(1, 2), (2, 3), (3, 7), (7, 11), (11, 13), (13, 12), (12, 15)], 4: [(1, 18), (18, 17), (17, 16), (16, 8), (8, 9), (9, 6), (6, 11), (11, 14)]}, padri: [8, 14], figli: [9], mosse: [(3, 3, 11, 13, 2), (3, 3, 13, 12, 1)]
12 -> costo: 102384.9, rotte: {2: [(1, 19), (19, 10), (10, 4), (4, 5)], 3: [(1, 2), (2, 3), (3, 7), (7, 11), (11, 12), (12, 15)], 4: [(1, 18), (18, 17), (17, 16), (16, 8), (8, 9), (9, 6), (6, 11), (11, 13), (13, 14)]}, padri: [8, 15, 15, 15, 16, 17], figli: [13], mosse: [(4, 3, 11, 13, 2), (4, 4, 11, 13, 2), (4, 4, 13, 14, 3), (4, 4, 14, 13), (4, 4, 13, 14, 3), (4, 4, 6, 11, 6)]
13 -> costo: 102112.5, rotte: {2: [(1, 19), (19, 10), (10, 4), (4, 5)], 3: [(1, 2), (2, 3), (3, 7), (7, 11), (11, 12), (12, 15)], 4: [(1, 18), (18, 17), (17, 16), (16, 8), (8, 9), (9, 6), (6, 13), (13, 11), (11, 14)]}, padri: [12], figli: [], mosse: [(4, 4, 13, 11, 6)]
14 -> costo: 102519.7, rotte: {2: [(1, 19), (19, 10), (10, 4), (4, 5)], 3: [(1, 2), (2, 3), (3, 7), (7, 11), (11, 12), (12, 13), (13, 15)], 4: [(1, 18), (18, 17), (17, 16), (16, 8), (8, 9), (9, 6), (6, 11), (11, 14)]}, padri: [8], figli: [11], mosse: [(3, 3, 12, 13, 2)]
15 -> costo: 102873.29999999999, rotte: {2: [(1, 19), (19, 10), (10, 4), (4, 5)], 3: [(1, 2), (2, 3), (3, 7), (7, 11), (11, 12), (12, 15)], 4: [(1, 18), (18, 17), (17, 16), (16, 8), (8, 9), (9, 6), (6, 11), (11, 14), (14, 13)]}, padri: [8], figli: [12, 12, 12, 16, 16, 16, 17, 17, 17, 21], mosse: [(4, 3, 14, 13, 2)]
16 -> costo: 102697.99999999999, rotte: {2: [(1, 19), (19, 10), (10, 4), (4, 5)], 3: [(1, 2), (2, 3), (3, 7), (7, 11), (11, 12), (12, 15)], 4: [(1, 18), (18, 17), (17, 16), (16, 8), (8, 9), (9, 6), (6, 14), (14, 11), (11, 13)]}, padri: [15, 21], figli: [12, 17], mosse: [(4, 4, 14, 11, 6), (4, 4, 13, 11)]
17 -> costo: 102682.2, rotte: {2: [(1, 19), (19, 10), (10, 4), (4, 5)], 3: [(1, 2), (2, 3), (3, 7), (7, 11), (11, 12), (12, 15)], 4: [(1, 18), (18, 17), (17, 16), (16, 8), (8, 9), (9, 6), (6, 13), (13, 14), (14, 11)]}, padri: [16, 21], figli: [18, 19, 20, 12], mosse: [(4, 4, 6, 13, 2), (4, 4, 13, 14, 3)]
18 -> costo: 102112.5, rotte: {2: [(1, 19), (19, 10), (10, 4), (4, 5)], 3: [(1, 2), (2, 3), (3, 7), (7, 11), (11, 12), (12, 15)], 4: [(1, 18), (18, 17), (17, 16), (16, 8), (8, 9), (9, 6), (6, 13), (13, 11), (11, 14)]}, padri: [17], figli: [], mosse: [(4, 4, 14, 11)]
19 -> costo: 102112.5, rotte: {2: [(1, 19), (19, 10), (10, 4), (4, 5)], 3: [(1, 2), (2, 3), (3, 7), (7, 11), (11, 12), (12, 15)], 4: [(1, 18), (18, 17), (17, 16), (16, 8), (8, 9), (9, 6), (6, 13), (13, 11), (11, 14)]}, padri: [17], figli: [], mosse: [(4, 4, 13, 11, 6)]
20 -> costo: 102112.5, rotte: {2: [(1, 19), (19, 10), (10, 4), (4, 5)], 3: [(1, 2), (2, 3), (3, 7), (7, 11), (11, 12), (12, 15)], 4: [(1, 18), (18, 17), (17, 16), (16, 8), (8, 9), (9, 6), (6, 13), (13, 11), (11, 14)]}, padri: [17], figli: [], mosse: [(4, 4, 11, 14, 3)]
21 -> costo: 102777.9, rotte: {2: [(1, 19), (19, 10), (10, 4), (4, 5)], 3: [(1, 2), (2, 3), (3, 7), (7, 11), (11, 12), (12, 15)], 4: [(1, 18), (18, 17), (17, 16), (16, 8), (8, 9), (9, 6), (6, 14), (14, 13), (13, 11)]}, padri: [15], figli: [22, 17, 16], mosse: [(4, 4, 13, 11, 6)]
22 -> costo: 102112.5, rotte: {2: [(1, 19), (19, 10), (10, 4), (4, 5)], 3: [(1, 2), (2, 3), (3, 7), (7, 11), (11, 12), (12, 15)], 4: [(1, 18), (18, 17), (17, 16), (16, 8), (8, 9), (9, 6), (6, 13), (13, 11), (11, 14)]}, padri: [21], figli: [], mosse: [(4, 4, 11, 14, 3)]
bestSolutionIndice: 9
9 -> costo: 102112.5, rotte: {2: [(1, 19), (19, 10), (10, 4), (4, 5)], 3: [(1, 2), (2, 3), (3, 7), (7, 13), (13, 11), (11, 12), (12, 15)], 4: [(1, 18), (18, 17), (17, 16), (16, 8), (8, 9), (9, 6), (6, 11), (11, 14)]}, padri: [8, 11], figli: [], mosse: [(3, 3, 7, 13, 2), (3, 3, 13, 11, 14)]
trasportoPalletDiGamma: {2: [(19, 12), (10, 19), (4, 13), (5, 14)], 3: [(2, 11), (3, 12), (7, 16), (13, 2), (11, 14), (12, 1), (15, 4)], 4: [(18, 19), (17, 6), (16, 5), (8, 17), (9, 18), (6, 15), (11, 6), (14, 3)]}
itMosseLS: 31, itMosseTS: 20
time elapsed: 938.74s.


##########################################################################################
s: 1
dictSolutions[1]:
0 -> costo: 174041.90000000002, rotte: {2: [(1, 5), (5, 14), (14, 12), (12, 3), (3, 7), (7, 19), (19, 9)], 3: [(1, 8), (8, 4), (4, 11), (11, 18)], 4: [(1, 6), (6, 17), (17, 2), (2, 13), (13, 10), (10, 16), (16, 15), (15, 18), (18, 9)]}, padri: [-1], figli: [1], mosse: [-1]
1 -> costo: 148103.1, rotte: {2: [(1, 5), (5, 14), (14, 12), (12, 3), (3, 7), (7, 19), (19, 9)], 3: [(1, 8), (8, 4), (4, 11), (11, 18)], 4: [(1, 6), (6, 2), (2, 13), (13, 10), (10, 16), (16, 17), (17, 15), (15, 18), (18, 9)]}, padri: [0], figli: [2], mosse: [(4, 4, 16, 17, 6)]
2 -> costo: 137536.80000000002, rotte: {2: [(1, 5), (5, 14), (14, 12), (12, 3), (3, 7), (7, 19)], 3: [(1, 8), (8, 4), (4, 11), (11, 18)], 4: [(1, 6), (6, 2), (2, 13), (13, 10), (10, 16), (16, 17), (17, 15), (15, 18), (18, 9)]}, padri: [1], figli: [3], mosse: [(4, 2, 1, 9, 2)]
3 -> costo: 127546.5, rotte: {2: [(1, 5), (5, 14), (14, 12), (12, 3), (3, 7), (7, 19)], 3: [(1, 8), (8, 4), (4, 11)], 4: [(1, 6), (6, 2), (2, 13), (13, 10), (10, 16), (16, 17), (17, 15), (15, 18), (18, 9)]}, padri: [2], figli: [4], mosse: [(4, 3, 1, 18, 10)]
4 -> costo: 122131.59999999999, rotte: {2: [(1, 5), (5, 14), (14, 12), (12, 3), (3, 7), (7, 19)], 3: [(1, 8), (8, 4), (4, 11)], 4: [(1, 6), (6, 2), (2, 13), (13, 16), (16, 17), (17, 15), (15, 18), (18, 10), (10, 9)]}, padri: [3], figli: [5], mosse: [(4, 4, 18, 10, 19)]
5 -> costo: 117019.9, rotte: {2: [(1, 19), (19, 5), (5, 14), (14, 12), (12, 3), (3, 7)], 3: [(1, 8), (8, 4), (4, 11)], 4: [(1, 6), (6, 2), (2, 13), (13, 16), (16, 17), (17, 15), (15, 18), (18, 10), (10, 9)]}, padri: [4], figli: [6], mosse: [(2, 2, 1, 19, 12)]
6 -> costo: 109322.79999999999, rotte: {2: [(1, 19), (19, 7), (7, 5), (5, 14), (14, 12), (12, 3)], 3: [(1, 8), (8, 4), (4, 11)], 4: [(1, 6), (6, 2), (2, 13), (13, 16), (16, 17), (17, 15), (15, 18), (18, 10), (10, 9)]}, padri: [5], figli: [7], mosse: [(2, 2, 19, 7, 16)]
7 -> costo: 103736.19999999998, rotte: {2: [(1, 19), (19, 7), (7, 5), (5, 3), (3, 14), (14, 12)], 3: [(1, 8), (8, 4), (4, 11)], 4: [(1, 6), (6, 2), (2, 13), (13, 16), (16, 17), (17, 15), (15, 18), (18, 10), (10, 9)]}, padri: [6], figli: [8], mosse: [(2, 2, 5, 3, 12)]
8 -> costo: 101559.59999999999, rotte: {2: [(1, 19), (19, 7), (7, 5), (5, 3), (3, 14), (14, 12)], 3: [(1, 4), (4, 8), (8, 11)], 4: [(1, 6), (6, 2), (2, 13), (13, 16), (16, 17), (17, 15), (15, 18), (18, 10), (10, 9)]}, padri: [7], figli: [9], mosse: [(3, 3, 4, 8, 17)]
9 -> costo: 100771.3, rotte: {2: [(1, 19), (19, 7), (7, 5), (5, 3), (3, 14), (14, 12)], 3: [(1, 4), (4, 8), (8, 11)], 4: [(1, 2), (2, 13), (13, 16), (16, 17), (17, 15), (15, 18), (18, 10), (10, 6), (6, 9)]}, padri: [8], figli: [10], mosse: [(4, 4, 10, 6, 15)]
10 -> costo: 98843.8, rotte: {2: [(1, 19), (19, 7), (7, 5), (5, 3), (3, 14), (14, 12)], 3: [(1, 4), (4, 8), (8, 11)], 4: [(1, 13), (13, 16), (16, 17), (17, 15), (15, 18), (18, 2), (2, 10), (10, 6), (6, 9)]}, padri: [9], figli: [11, 13, 15, 17, 18], mosse: [(4, 4, 18, 2, 11)]
11 -> costo: 89591.2, rotte: {2: [(1, 19), (19, 7), (7, 5), (5, 3), (3, 14), (14, 12)], 3: [(1, 4), (4, 8), (8, 13), (13, 11)], 4: [(1, 16), (16, 17), (17, 15), (15, 18), (18, 2), (2, 10), (10, 6), (6, 9)]}, padri: [10], figli: [12, 12, 12], mosse: [(3, 4, 8, 13, 2)]
12 -> costo: 89240.7, rotte: {2: [(1, 19), (19, 7), (7, 5), (5, 3), (3, 12), (12, 14)], 3: [(1, 4), (4, 8), (8, 13), (13, 11)], 4: [(1, 16), (16, 17), (17, 15), (15, 18), (18, 2), (2, 10), (10, 6), (6, 9)]}, padri: [11, 11, 11, 19, 19], figli: [], mosse: [(2, 2, 3, 12, 1), (2, 2, 12, 14, 3), (2, 2, 14, 12), (3, 3, 8, 13, 2), (3, 3, 13, 11, 20)]
13 -> costo: 89694.7, rotte: {2: [(1, 19), (19, 7), (7, 5), (5, 3), (3, 14), (14, 13), (13, 12)], 3: [(1, 4), (4, 8), (8, 11)], 4: [(1, 16), (16, 17), (17, 15), (15, 18), (18, 2), (2, 10), (10, 6), (6, 9)]}, padri: [10, 15, 17, 17, 17], figli: [14, 16], mosse: [(2, 4, 14, 13, 2), (2, 2, 14, 13, 2), (2, 2, 12, 13), (2, 2, 14, 13, 2), (2, 2, 13, 12, 1)]
14 -> costo: 89192.3, rotte: {2: [(1, 19), (19, 7), (7, 5), (5, 3), (3, 13), (13, 12), (12, 14)], 3: [(1, 4), (4, 8), (8, 11)], 4: [(1, 16), (16, 17), (17, 15), (15, 18), (18, 2), (2, 10), (10, 6), (6, 9)]}, padri: [13, 15, 15, 15, 16], figli: [], mosse: [(2, 2, 12, 14, 3), (2, 2, 14, 12), (2, 2, 13, 12, 1), (2, 2, 12, 14, 3), (2, 2, 13, 12, 1)]
15 -> costo: 89767.2, rotte: {2: [(1, 19), (19, 7), (7, 5), (5, 3), (3, 13), (13, 14), (14, 12)], 3: [(1, 4), (4, 8), (8, 11)], 4: [(1, 16), (16, 17), (17, 15), (15, 18), (18, 2), (2, 10), (10, 6), (6, 9)]}, padri: [10, 17], figli: [14, 14, 14, 16, 16, 16, 13], mosse: [(2, 4, 3, 13, 2), (2, 2, 3, 13, 2)]
16 -> costo: 89344.9, rotte: {2: [(1, 19), (19, 7), (7, 5), (5, 3), (3, 12), (12, 13), (13, 14)], 3: [(1, 4), (4, 8), (8, 11)], 4: [(1, 16), (16, 17), (17, 15), (15, 18), (18, 2), (2, 10), (10, 6), (6, 9)]}, padri: [15, 17], figli: [14], mosse: [(2, 2, 3, 12, 1), (2, 2, 13, 14, 3)]
17 -> costo: 89777.8, rotte: {2: [(1, 19), (19, 7), (7, 5), (5, 3), (3, 14), (14, 12), (12, 13)], 3: [(1, 4), (4, 8), (8, 11)], 4: [(1, 16), (16, 17), (17, 15), (15, 18), (18, 2), (2, 10), (10, 6), (6, 9)]}, padri: [10], figli: [16, 13, 13, 13, 15], mosse: [(2, 4, 12, 13, 2)]
18 -> costo: 89783.0, rotte: {2: [(1, 19), (19, 7), (7, 5), (5, 3), (3, 14), (14, 12)], 3: [(1, 4), (4, 8), (8, 11), (11, 13)], 4: [(1, 16), (16, 17), (17, 15), (15, 18), (18, 2), (2, 10), (10, 6), (6, 9)]}, padri: [10], figli: [19], mosse: [(3, 4, 11, 13, 2)]
19 -> costo: 89432.5, rotte: {2: [(1, 19), (19, 7), (7, 5), (5, 3), (3, 12), (12, 14)], 3: [(1, 4), (4, 8), (8, 11), (11, 13)], 4: [(1, 16), (16, 17), (17, 15), (15, 18), (18, 2), (2, 10), (10, 6), (6, 9)]}, padri: [18], figli: [12, 12], mosse: [(2, 2, 3, 12, 1)]
bestSolutionIndice: 14
14 -> costo: 89192.3, rotte: {2: [(1, 19), (19, 7), (7, 5), (5, 3), (3, 13), (13, 12), (12, 14)], 3: [(1, 4), (4, 8), (8, 11)], 4: [(1, 16), (16, 17), (17, 15), (15, 18), (18, 2), (2, 10), (10, 6), (6, 9)]}, padri: [13, 15, 15, 15, 16], figli: [], mosse: [(2, 2, 12, 14, 3), (2, 2, 14, 12), (2, 2, 13, 12, 1), (2, 2, 12, 14, 3), (2, 2, 13, 12, 1)]
trasportoPalletDiGamma: {2: [(19, 12), (7, 16), (5, 14), (3, 12), (13, 2), (12, 1), (14, 3)], 3: [(4, 13), (8, 17), (11, 20)], 4: [(16, 5), (17, 6), (15, 4), (18, 19), (2, 11), (10, 19), (6, 15), (9, 18)]}
itMosseLS: 33, itMosseTS: 20
time elapsed: 472.83s.


##########################################################################################
s: 1
dictSolutions[1]:
0 -> costo: 141541.5, rotte: {4: [(1, 5), (5, 11), (11, 12), (12, 4), (4, 10), (10, 6), (6, 9)], 2: [(1, 7), (7, 16), (16, 13), (13, 3), (3, 15), (15, 17), (17, 14)], 3: [(1, 18), (18, 19), (19, 8), (8, 2), (2, 14)]}, padri: [-1], figli: [1], mosse: [-1]
1 -> costo: 121330.5, rotte: {4: [(1, 5), (5, 11), (11, 12), (12, 4), (4, 10), (10, 6), (6, 9)], 2: [(1, 7), (7, 13), (13, 3), (3, 15), (15, 17), (17, 16), (16, 14)], 3: [(1, 18), (18, 19), (19, 8), (8, 2), (2, 14)]}, padri: [0], figli: [2], mosse: [(2, 2, 17, 16, 5)]
2 -> costo: 108269.79999999999, rotte: {4: [(1, 5), (5, 11), (11, 12), (12, 4), (4, 10), (10, 6), (6, 9)], 2: [(1, 7), (7, 3), (3, 15), (15, 17), (17, 16), (16, 13), (13, 14)], 3: [(1, 18), (18, 19), (19, 8), (8, 2), (2, 14)]}, padri: [1], figli: [3], mosse: [(2, 2, 16, 13, 2)]
3 -> costo: 100714.09999999999, rotte: {4: [(1, 5), (5, 11), (11, 12), (12, 4), (4, 10), (10, 6), (6, 9)], 2: [(1, 7), (7, 3), (3, 15), (15, 17), (17, 16), (16, 13), (13, 14)], 3: [(1, 18), (18, 19), (19, 8), (8, 2)]}, padri: [2], figli: [4], mosse: [(2, 3, 1, 14, 1)]
4 -> costo: 93494.5, rotte: {4: [(1, 5), (5, 11), (11, 12), (12, 4), (4, 10), (10, 6), (6, 9)], 2: [(1, 7), (7, 3), (3, 15), (15, 17), (17, 16), (16, 13), (13, 14)], 3: [(1, 18), (18, 19), (19, 7), (7, 8), (8, 2)]}, padri: [3], figli: [5], mosse: [(3, 2, 19, 7, 1)]
5 -> costo: 91079.09999999998, rotte: {4: [(1, 11), (11, 12), (12, 4), (4, 5), (5, 10), (10, 6), (6, 9)], 2: [(1, 7), (7, 3), (3, 15), (15, 17), (17, 16), (16, 13), (13, 14)], 3: [(1, 18), (18, 19), (19, 7), (7, 8), (8, 2)]}, padri: [4], figli: [6, 6, 6, 10, 10, 10, 12], mosse: [(4, 4, 4, 5, 14)]
6 -> costo: 89986.09999999999, rotte: {4: [(1, 11), (11, 12), (12, 4), (4, 5), (5, 10), (10, 6), (6, 9)], 2: [(1, 7), (7, 3), (3, 15), (15, 17), (17, 16), (16, 13), (13, 14)], 3: [(1, 18), (18, 19), (19, 7), (7, 2), (2, 8)]}, padri: [5, 5, 5], figli: [7, 9, 11], mosse: [(3, 3, 7, 2, 11), (3, 3, 2, 8, 17), (3, 3, 8, 2)]
7 -> costo: 89536.7, rotte: {4: [(1, 11), (11, 12), (12, 4), (4, 5), (5, 6), (6, 10), (10, 9)], 2: [(1, 7), (7, 3), (3, 15), (15, 17), (17, 16), (16, 13), (13, 14)], 3: [(1, 18), (18, 19), (19, 7), (7, 2), (2, 8)]}, padri: [6, 10, 10, 10], figli: [8], mosse: [(4, 4, 6, 10, 19), (3, 3, 7, 2, 11), (3, 3, 2, 8, 17), (3, 3, 8, 2)]
8 -> costo: 89497.50000000001, rotte: {4: [(1, 11), (11, 12), (12, 4), (4, 5), (5, 6), (6, 10), (10, 9)], 2: [(1, 3), (3, 7), (7, 15), (15, 17), (17, 16), (16, 13), (13, 14)], 3: [(1, 18), (18, 19), (19, 7), (7, 2), (2, 8)]}, padri: [7, 9, 11, 11, 11], figli: [], mosse: [(2, 2, 3, 7, 15), (4, 4, 6, 10, 19), (3, 3, 7, 2, 11), (3, 3, 2, 8, 17), (3, 3, 8, 2)]
9 -> costo: 89946.90000000001, rotte: {4: [(1, 11), (11, 12), (12, 4), (4, 5), (5, 10), (10, 6), (6, 9)], 2: [(1, 3), (3, 7), (7, 15), (15, 17), (17, 16), (16, 13), (13, 14)], 3: [(1, 18), (18, 19), (19, 7), (7, 2), (2, 8)]}, padri: [6, 12, 12, 12], figli: [8], mosse: [(2, 2, 3, 7, 15), (3, 3, 7, 2, 11), (3, 3, 2, 8, 17), (3, 3, 8, 2)]
10 -> costo: 90629.69999999998, rotte: {4: [(1, 11), (11, 12), (12, 4), (4, 5), (5, 6), (6, 10), (10, 9)], 2: [(1, 7), (7, 3), (3, 15), (15, 17), (17, 16), (16, 13), (13, 14)], 3: [(1, 18), (18, 19), (19, 7), (7, 8), (8, 2)]}, padri: [5], figli: [7, 7, 7, 11, 11, 11], mosse: [(4, 4, 6, 10, 19)]
11 -> costo: 90590.5, rotte: {4: [(1, 11), (11, 12), (12, 4), (4, 5), (5, 6), (6, 10), (10, 9)], 2: [(1, 3), (3, 7), (7, 15), (15, 17), (17, 16), (16, 13), (13, 14)], 3: [(1, 18), (18, 19), (19, 7), (7, 8), (8, 2)]}, padri: [10, 12], figli: [8, 8, 8], mosse: [(2, 2, 3, 7, 15), (4, 4, 6, 10, 19)]
12 -> costo: 91039.9, rotte: {4: [(1, 11), (11, 12), (12, 4), (4, 5), (5, 10), (10, 6), (6, 9)], 2: [(1, 3), (3, 7), (7, 15), (15, 17), (17, 16), (16, 13), (13, 14)], 3: [(1, 18), (18, 19), (19, 7), (7, 8), (8, 2)]}, padri: [5], figli: [9, 9, 9, 11], mosse: [(2, 2, 3, 7, 15)]
bestSolutionIndice: 8
8 -> costo: 89497.50000000001, rotte: {4: [(1, 11), (11, 12), (12, 4), (4, 5), (5, 6), (6, 10), (10, 9)], 2: [(1, 3), (3, 7), (7, 15), (15, 17), (17, 16), (16, 13), (13, 14)], 3: [(1, 18), (18, 19), (19, 7), (7, 2), (2, 8)]}, padri: [7, 9, 11, 11, 11], figli: [], mosse: [(2, 2, 3, 7, 15), (4, 4, 6, 10, 19), (3, 3, 7, 2, 11), (3, 3, 2, 8, 17), (3, 3, 8, 2)]
trasportoPalletDiGamma: {4: [(11, 20), (12, 1), (4, 13), (5, 14), (6, 15), (10, 19), (9, 18)], 2: [(3, 12), (7, 15), (15, 4), (17, 6), (16, 5), (13, 2), (14, 3)], 3: [(18, 19), (19, 12), (7, 1), (2, 11), (8, 17)]}
itMosseLS: 25, itMosseTS: 19
time elapsed: 966.68s.


##########################################################################################
##########################################################################################
##########################################################################################
##########################################################################################
##########################################################################################
