itNSIMax: 3, itMosseTSMax: 200.
##########################################################################################
s: 1, itNSI: 1.
soluzione iniziale: 0
0 -> 
costo: 154292.60000000003, 
rotte: {3: [(1, 19), (19, 7), (7, 5), (5, 17), (17, 2), (2, 6)], 2: [(1, 12), (12, 16), (16, 14), (14, 15), (15, 11), (11, 4), (4, 6)], 4: [(1, 3), (3, 10), (10, 18), (18, 9), (9, 8), (8, 13)]}
trasportoPalletDiGamma: {3: [(19, 12), (7, 16), (5, 14), (17, 6), (2, 11), (6, 1)], 2: [(12, 1), (16, 5), (14, 3), (15, 4), (11, 20), (4, 13), (6, 14)], 4: [(3, 12), (10, 19), (18, 19), (9, 18), (8, 17), (13, 2)]}
bestSolutionIndice: 7
7 -> 
costo: 94413.09999999999, 
rotte: {3: [(1, 19), (19, 7), (7, 6), (6, 5), (5, 2), (2, 17)], 2: [(1, 16), (16, 15), (15, 12), (12, 11), (11, 14), (14, 4), (4, 6)], 4: [(1, 18), (18, 3), (3, 10), (10, 9), (9, 8), (8, 13)]}
trasportoPalletDiGamma: {3: [(19, 12), (7, 16), (6, 1), (5, 14), (2, 11), (17, 6)], 2: [(16, 5), (15, 4), (12, 1), (11, 20), (14, 3), (4, 13), (6, 14)], 4: [(18, 19), (3, 12), (10, 19), (9, 18), (8, 17), (13, 2)]}
itMosseLS: 102, itMosseTS: 93
numero di soluzioni totali trovati: 47.
time elapsed: 3601.53s.


##########################################################################################
##########################################################################################
##########################################################################################
##########################################################################################
##########################################################################################
Soluzione migliore in assoluto trovata:

s: 1
itNSI: 1, 
costo: 94413.09999999999, 
rotte: {3: [(1, 19), (19, 7), (7, 6), (6, 5), (5, 2), (2, 17)], 2: [(1, 16), (16, 15), (15, 12), (12, 11), (11, 14), (14, 4), (4, 6)], 4: [(1, 18), (18, 3), (3, 10), (10, 9), (9, 8), (8, 13)]}
trasportoPalletDiGamma: {3: [(19, 12), (7, 16), (6, 1), (5, 14), (2, 11), (17, 6)], 2: [(16, 5), (15, 4), (12, 1), (11, 20), (14, 3), (4, 13), (6, 14)], 4: [(18, 19), (3, 12), (10, 19), (9, 18), (8, 17), (13, 2)]}

Total time elapsed: 3602.19s.