itNSIMax: 5, itMosseTSMax: 100.
##########################################################################################
s: 1
dictSolutions[1]:
0 -> costo: 182468.0, rotte: {4: [(1, 17), (17, 12), (12, 19), (19, 5), (5, 15), (15, 13), (13, 8), (8, 9), (9, 6), (6, 2)], 2: [(1, 10), (10, 14), (14, 18), (18, 3), (3, 6)], 3: [(1, 7), (7, 11), (11, 4), (4, 16), (16, 2)]}, padri: [-1], figli: [1], mosse: [-1]
1 -> costo: 167524.40000000002, rotte: {4: [(1, 12), (12, 19), (19, 5), (5, 17), (17, 15), (15, 13), (13, 8), (8, 9), (9, 6), (6, 2)], 2: [(1, 10), (10, 14), (14, 18), (18, 3), (3, 6)], 3: [(1, 7), (7, 11), (11, 4), (4, 16), (16, 2)]}, padri: [0], figli: [2], mosse: [(4, 4, 5, 17, 6)]
2 -> costo: 149561.5, rotte: {4: [(1, 19), (19, 5), (5, 17), (17, 15), (15, 12), (12, 13), (13, 8), (8, 9), (9, 6), (6, 2)], 2: [(1, 10), (10, 14), (14, 18), (18, 3), (3, 6)], 3: [(1, 7), (7, 11), (11, 4), (4, 16), (16, 2)]}, padri: [1], figli: [3], mosse: [(4, 4, 15, 12, 1)]
3 -> costo: 136203.1, rotte: {4: [(1, 19), (19, 5), (5, 17), (17, 15), (15, 12), (12, 13), (13, 8), (8, 9), (9, 6), (6, 2)], 2: [(1, 10), (10, 14), (14, 18), (18, 3), (3, 6)], 3: [(1, 7), (7, 11), (11, 4), (4, 16)]}, padri: [2], figli: [4], mosse: [(4, 3, 1, 2, 6)]
4 -> costo: 127487.79999999999, rotte: {4: [(1, 19), (19, 17), (17, 15), (15, 12), (12, 13), (13, 8), (8, 9), (9, 6), (6, 5), (5, 2)], 2: [(1, 10), (10, 14), (14, 18), (18, 3), (3, 6)], 3: [(1, 7), (7, 11), (11, 4), (4, 16)]}, padri: [3], figli: [5], mosse: [(4, 4, 6, 5, 14)]
5 -> costo: 119630.9, rotte: {4: [(1, 19), (19, 17), (17, 15), (15, 12), (12, 13), (13, 8), (8, 9), (9, 6), (6, 5), (5, 2)], 2: [(1, 10), (10, 14), (14, 18), (18, 3), (3, 6)], 3: [(1, 7), (7, 4), (4, 11), (11, 16)]}, padri: [4], figli: [6], mosse: [(3, 3, 4, 11, 20)]
6 -> costo: 117000.4, rotte: {4: [(1, 19), (19, 17), (17, 15), (15, 12), (12, 13), (13, 8), (8, 9), (9, 6), (6, 5), (5, 2)], 2: [(1, 10), (10, 14), (14, 3), (3, 6), (6, 18)], 3: [(1, 7), (7, 4), (4, 11), (11, 16)]}, padri: [5], figli: [7], mosse: [(2, 2, 6, 18, 19)]
7 -> costo: 110769.0, rotte: {4: [(1, 19), (19, 17), (17, 15), (15, 12), (12, 13), (13, 8), (8, 9), (9, 6), (6, 5), (5, 2)], 2: [(1, 18), (18, 10), (10, 14), (14, 3), (3, 6)], 3: [(1, 7), (7, 4), (4, 11), (11, 16)]}, padri: [6], figli: [8], mosse: [(2, 2, 1, 18, 19)]
8 -> costo: 106808.5, rotte: {4: [(1, 19), (19, 17), (17, 15), (15, 12), (12, 13), (13, 8), (8, 9), (9, 6), (6, 5), (5, 2)], 2: [(1, 18), (18, 10), (10, 3), (3, 6), (6, 14)], 3: [(1, 7), (7, 4), (4, 11), (11, 16)]}, padri: [7], figli: [9, 13, 13, 13, 13, 13, 13, 13, 13, 13, 13, 15, 15, 15, 15, 15, 15, 15, 15, 15, 15, 16, 17], mosse: [(2, 2, 6, 14, 3)]
9 -> costo: 105486.09999999999, rotte: {4: [(1, 19), (19, 17), (17, 15), (15, 12), (12, 13), (13, 8), (8, 9), (9, 6), (6, 5), (5, 2)], 2: [(1, 18), (18, 3), (3, 6), (6, 10), (10, 14)], 3: [(1, 7), (7, 4), (4, 11), (11, 16)]}, padri: [8, 15], figli: [10, 10, 10, 10, 10, 10, 10, 10, 10, 10, 12, 12, 12, 12, 12, 12, 12, 12, 12, 12, 14, 14, 14, 14, 14, 14, 14, 14, 14, 14], mosse: [(2, 2, 6, 10, 19), (2, 2, 6, 10, 19)]
10 -> costo: 104350.0, rotte: {4: [(1, 19), (19, 17), (17, 15), (15, 12), (12, 13), (13, 8), (8, 9), (9, 6), (6, 5), (5, 2)], 2: [(1, 18), (18, 3), (3, 10), (10, 14)], 3: [(1, 7), (7, 4), (4, 11), (11, 16)]}, padri: [9, 9, 9, 9, 9, 9, 9, 9, 9, 9, 13, 15, 15, 15, 15, 15, 15, 15, 15, 15, 15], figli: [11], mosse: [(4, 2, 1, 6, 7), (4, 2, 19, 6, 7), (4, 2, 17, 6, 7), (4, 2, 15, 6, 7), (4, 2, 12, 6, 7), (4, 2, 13, 6, 7), (4, 2, 8, 6, 7), (4, 2, 9, 6, 7), (4, 2, 5, 6, 7), (4, 2, 2, 6, 7), (2, 2, 3, 10, 19), (4, 2, 1, 6, 7), (4, 2, 19, 6, 7), (4, 2, 17, 6, 7), (4, 2, 15, 6, 7), (4, 2, 12, 6, 7), (4, 2, 13, 6, 7), (4, 2, 8, 6, 7), (4, 2, 9, 6, 7), (4, 2, 5, 6, 7), (4, 2, 2, 6, 7)]
11 -> costo: 104134.3, rotte: {4: [(1, 19), (19, 17), (17, 15), (15, 12), (12, 13), (13, 8), (8, 9), (9, 6), (6, 5), (5, 2)], 2: [(1, 18), (18, 3), (3, 10), (10, 14)], 3: [(1, 4), (4, 7), (7, 11), (11, 16)]}, padri: [10, 12, 12, 12, 12, 12, 12, 12, 12, 12, 12, 14, 16, 16, 16, 16, 16, 16, 16, 16, 16, 16, 19, 19, 19, 19, 19], figli: [], mosse: [(3, 3, 4, 7, 16), (4, 2, 1, 6, 7), (4, 2, 19, 6, 7), (4, 2, 17, 6, 7), (4, 2, 15, 6, 7), (4, 2, 12, 6, 7), (4, 2, 13, 6, 7), (4, 2, 8, 6, 7), (4, 2, 9, 6, 7), (4, 2, 5, 6, 7), (4, 2, 2, 6, 7), (2, 2, 3, 10, 19), (4, 2, 1, 6, 7), (4, 2, 19, 6, 7), (4, 2, 17, 6, 7), (4, 2, 15, 6, 7), (4, 2, 12, 6, 7), (4, 2, 13, 6, 7), (4, 2, 8, 6, 7), (4, 2, 9, 6, 7), (4, 2, 5, 6, 7), (4, 2, 2, 6, 7), (4, 2, 1, 6, 7), (4, 2, 19, 6, 7), (4, 2, 17, 6, 7), (4, 2, 15, 6, 7), (4, 2, 12, 6, 7)]
12 -> costo: 105270.4, rotte: {4: [(1, 19), (19, 17), (17, 15), (15, 12), (12, 13), (13, 8), (8, 9), (9, 6), (6, 5), (5, 2)], 2: [(1, 18), (18, 3), (3, 6), (6, 10), (10, 14)], 3: [(1, 4), (4, 7), (7, 11), (11, 16)]}, padri: [9, 16, 17], figli: [11, 11, 11, 11, 11, 11, 11, 11, 11, 11], mosse: [(3, 3, 4, 7, 16), (2, 2, 6, 10, 19), (2, 2, 6, 10, 19)]
13 -> costo: 105618.2, rotte: {4: [(1, 19), (19, 17), (17, 15), (15, 12), (12, 13), (13, 8), (8, 9), (9, 6), (6, 5), (5, 2)], 2: [(1, 18), (18, 10), (10, 3), (3, 14)], 3: [(1, 7), (7, 4), (4, 11), (11, 16)]}, padri: [8, 8, 8, 8, 8, 8, 8, 8, 8, 8], figli: [10, 14, 19], mosse: [(4, 2, 1, 6, 7), (4, 2, 19, 6, 7), (4, 2, 17, 6, 7), (4, 2, 15, 6, 7), (4, 2, 12, 6, 7), (4, 2, 13, 6, 7), (4, 2, 8, 6, 7), (4, 2, 9, 6, 7), (4, 2, 5, 6, 7), (4, 2, 2, 6, 7)]
14 -> costo: 105402.5, rotte: {4: [(1, 19), (19, 17), (17, 15), (15, 12), (12, 13), (13, 8), (8, 9), (9, 6), (6, 5), (5, 2)], 2: [(1, 18), (18, 10), (10, 3), (3, 14)], 3: [(1, 4), (4, 7), (7, 11), (11, 16)]}, padri: [13, 17, 17, 17, 17, 17, 17, 17, 17, 17, 17, 18, 18, 18, 18, 18, 18, 18, 18, 18, 18], figli: [11], mosse: [(3, 3, 4, 7, 16), (4, 2, 1, 6, 7), (4, 2, 19, 6, 7), (4, 2, 17, 6, 7), (4, 2, 15, 6, 7), (4, 2, 12, 6, 7), (4, 2, 13, 6, 7), (4, 2, 8, 6, 7), (4, 2, 9, 6, 7), (4, 2, 5, 6, 7), (4, 2, 2, 6, 7), (4, 2, 1, 6, 7), (4, 2, 19, 6, 7), (4, 2, 17, 6, 7), (4, 2, 15, 6, 7), (4, 2, 12, 6, 7), (4, 2, 13, 6, 7), (4, 2, 8, 6, 7), (4, 2, 9, 6, 7), (4, 2, 5, 6, 7), (4, 2, 2, 6, 7)]
15 -> costo: 106590.2, rotte: {4: [(1, 19), (19, 17), (17, 15), (15, 12), (12, 13), (13, 8), (8, 9), (9, 6), (6, 5), (5, 2)], 2: [(1, 18), (18, 3), (3, 10), (10, 6), (6, 14)], 3: [(1, 7), (7, 4), (4, 11), (11, 16)]}, padri: [8], figli: [10, 10, 10, 10, 10, 10, 10, 10, 10, 10, 9, 16, 18], mosse: [(2, 2, 3, 10, 19)]
16 -> costo: 106374.5, rotte: {4: [(1, 19), (19, 17), (17, 15), (15, 12), (12, 13), (13, 8), (8, 9), (9, 6), (6, 5), (5, 2)], 2: [(1, 18), (18, 3), (3, 10), (10, 6), (6, 14)], 3: [(1, 4), (4, 7), (7, 11), (11, 16)]}, padri: [15, 17], figli: [11, 11, 11, 11, 11, 11, 11, 11, 11, 11, 12], mosse: [(3, 3, 4, 7, 16), (2, 2, 3, 10, 19)]
17 -> costo: 106592.8, rotte: {4: [(1, 19), (19, 17), (17, 15), (15, 12), (12, 13), (13, 8), (8, 9), (9, 6), (6, 5), (5, 2)], 2: [(1, 18), (18, 10), (10, 3), (3, 6), (6, 14)], 3: [(1, 4), (4, 7), (7, 11), (11, 16)]}, padri: [8], figli: [12, 14, 14, 14, 14, 14, 14, 14, 14, 14, 14, 16, 18, 19, 19, 19, 19, 19, 19, 19, 19, 19, 19], mosse: [(3, 3, 4, 7, 16)]
18 -> costo: 106543.1, rotte: {4: [(1, 19), (19, 17), (17, 15), (15, 12), (12, 13), (13, 8), (8, 9), (9, 6), (6, 5), (5, 2)], 2: [(1, 18), (18, 10), (10, 6), (6, 3), (3, 14)], 3: [(1, 4), (4, 7), (7, 11), (11, 16)]}, padri: [17], figli: [14, 14, 14, 14, 14, 14, 14, 14, 14, 14, 19, 19, 19, 19, 19, 19, 19, 19, 19, 19], mosse: [(2, 2, 6, 3, 12)]
19 -> costo: 105586.2, rotte: {4: [(1, 19), (19, 17), (17, 15), (15, 12), (12, 13), (13, 8), (8, 9), (9, 6), (6, 5), (5, 2)], 2: [(1, 18), (18, 6), (6, 3), (3, 10), (10, 14)], 3: [(1, 4), (4, 7), (7, 11), (11, 16)]}, padri: [18], figli: [11, 11, 11, 11, 11], mosse: [(2, 2, 3, 10, 19)]
bestSolutionIndice: 11
11 -> costo: 104134.3, rotte: {4: [(1, 19), (19, 17), (17, 15), (15, 12), (12, 13), (13, 8), (8, 9), (9, 6), (6, 5), (5, 2)], 2: [(1, 18), (18, 3), (3, 10), (10, 14)], 3: [(1, 4), (4, 7), (7, 11), (11, 16)]}, padri: [10, 12, 12, 12, 12, 12, 12, 12, 12, 12, 12, 14, 16, 16, 16, 16, 16, 16, 16, 16, 16, 16, 19, 19, 19, 19, 19], figli: [], mosse: [(3, 3, 4, 7, 16), (4, 2, 1, 6, 7), (4, 2, 19, 6, 7), (4, 2, 17, 6, 7), (4, 2, 15, 6, 7), (4, 2, 12, 6, 7), (4, 2, 13, 6, 7), (4, 2, 8, 6, 7), (4, 2, 9, 6, 7), (4, 2, 5, 6, 7), (4, 2, 2, 6, 7), (2, 2, 3, 10, 19), (4, 2, 1, 6, 7), (4, 2, 19, 6, 7), (4, 2, 17, 6, 7), (4, 2, 15, 6, 7), (4, 2, 12, 6, 7), (4, 2, 13, 6, 7), (4, 2, 8, 6, 7), (4, 2, 9, 6, 7), (4, 2, 5, 6, 7), (4, 2, 2, 6, 7), (4, 2, 1, 6, 7), (4, 2, 19, 6, 7), (4, 2, 17, 6, 7), (4, 2, 15, 6, 7), (4, 2, 12, 6, 7)]
trasportoPalletDiGamma: {4: [(19, 12), (17, 6), (15, 4), (12, 1), (13, 2), (8, 17), (9, 18), (6, 15), (5, 14), (2, 11)], 2: [(18, 19), (3, 12), (10, 19), (14, 3)], 3: [(4, 13), (7, 16), (11, 20), (16, 5)]}
itMosseLS: 98, itMosseTS: 86
time elapsed: 3610.56s.


##########################################################################################
##########################################################################################
##########################################################################################
##########################################################################################
