itNSIMax: 50, itMosseTSMax: 5.
##########################################################################################
s: 1, itNSI: 1.
soluzione iniziale: 0
0 -> 
costo: 161190.3, 
rotte: {4: [(1, 11), (11, 7), (7, 19), (19, 4), (4, 8), (8, 6)], 2: [(1, 2), (2, 5), (5, 15), (15, 13), (13, 9), (9, 17)], 3: [(1, 12), (12, 14), (14, 18), (18, 10), (10, 3), (3, 16)]}
trasportoPalletDiGamma: {4: [(11, 20), (7, 16), (19, 12), (4, 13), (8, 17), (6, 15)], 2: [(2, 11), (5, 14), (15, 4), (13, 2), (9, 18), (17, 6)], 3: [(12, 1), (14, 3), (18, 19), (10, 19), (3, 12), (16, 5)]}
bestSolutionIndice: 8
8 -> 
costo: 94207.4, 
rotte: {4: [(1, 19), (19, 7), (7, 4), (4, 6), (6, 8), (8, 11), (11, 14)], 2: [(1, 2), (2, 5), (5, 9), (9, 13), (13, 12), (12, 17), (17, 15)], 3: [(1, 10), (10, 3), (3, 18), (18, 16)]}
trasportoPalletDiGamma: {4: [(19, 12), (7, 16), (4, 13), (6, 15), (8, 17), (11, 20), (14, 3)], 2: [(2, 11), (5, 14), (9, 18), (13, 2), (12, 1), (17, 6), (15, 4)], 3: [(10, 19), (3, 12), (18, 19), (16, 5)]}
itMosseLS: 13, itMosseTS: 5
numero di soluzioni totali trovati: 11.
time elapsed: 200.41s.


##########################################################################################
s: 1, itNSI: 2.
soluzione iniziale: 0
0 -> 
costo: 181216.8, 
rotte: {4: [(1, 11), (11, 9), (9, 18), (18, 10), (10, 4), (4, 19)], 2: [(1, 14), (14, 3), (3, 12), (12, 8), (8, 17), (17, 16), (16, 19), (19, 6)], 3: [(1, 7), (7, 15), (15, 5), (5, 13), (13, 2), (2, 6)]}
trasportoPalletDiGamma: {4: [(11, 20), (9, 18), (18, 19), (10, 19), (4, 13), (19, 11)], 2: [(14, 3), (3, 12), (12, 1), (8, 17), (17, 6), (16, 5), (19, 1), (6, 2)], 3: [(7, 16), (15, 4), (5, 14), (13, 2), (2, 11), (6, 13)]}
bestSolutionIndice: 14
14 -> 
costo: 105992.39999999998, 
rotte: {4: [(1, 18), (18, 4), (4, 10), (10, 9), (9, 12), (12, 11), (11, 14)], 2: [(1, 17), (17, 16), (16, 19), (19, 3), (3, 6), (6, 8)], 3: [(1, 2), (2, 5), (5, 7), (7, 6), (6, 13), (13, 15)]}
trasportoPalletDiGamma: {4: [(18, 19), (4, 13), (10, 19), (9, 18), (12, 1), (11, 20), (14, 3)], 2: [(17, 6), (16, 5), (19, 12), (3, 12), (6, 2), (8, 17)], 3: [(2, 11), (5, 14), (7, 16), (6, 13), (13, 2), (15, 4)]}
itMosseLS: 21, itMosseTS: 5
numero di soluzioni totali trovati: 20.
time elapsed: 435.78s.


##########################################################################################
s: 1, itNSI: 3.
soluzione iniziale: 0
0 -> 
costo: 184933.30000000002, 
rotte: {3: [(1, 17), (17, 13), (13, 6), (6, 8), (8, 16), (16, 7)], 2: [(1, 12), (12, 19), (19, 2), (2, 3), (3, 18), (18, 5)], 4: [(1, 4), (4, 15), (15, 14), (14, 9), (9, 11), (11, 10), (10, 7), (7, 5)]}
trasportoPalletDiGamma: {3: [(17, 6), (13, 2), (6, 15), (8, 17), (16, 5), (7, 15)], 2: [(12, 1), (19, 12), (2, 11), (3, 12), (18, 19), (5, 5)], 4: [(4, 13), (15, 4), (14, 3), (9, 18), (11, 20), (10, 19), (7, 1), (5, 9)]}
bestSolutionIndice: 15
15 -> 
costo: 93858.7, 
rotte: {3: [(1, 6), (6, 7), (7, 8), (8, 17), (17, 16)], 2: [(1, 18), (18, 19), (19, 2), (2, 3), (3, 15)], 4: [(1, 13), (13, 12), (12, 11), (11, 14), (14, 10), (10, 4), (4, 7), (7, 5), (5, 9)]}
trasportoPalletDiGamma: {3: [(6, 15), (7, 15), (8, 17), (17, 6), (16, 5)], 2: [(18, 19), (19, 12), (2, 11), (3, 12), (15, 4)], 4: [(13, 2), (12, 1), (11, 20), (14, 3), (10, 19), (4, 13), (7, 1), (5, 14), (9, 18)]}
itMosseLS: 17, itMosseTS: 5
numero di soluzioni totali trovati: 16.
time elapsed: 195.07s.


##########################################################################################
s: 1, itNSI: 4.
soluzione iniziale: 0
0 -> 
costo: 171751.80000000002, 
rotte: {2: [(1, 13), (13, 18), (18, 9), (9, 7), (7, 15), (15, 17)], 4: [(1, 19), (19, 12), (12, 2), (2, 6), (6, 8), (8, 3), (3, 17), (17, 10)], 3: [(1, 16), (16, 14), (14, 4), (4, 11), (11, 5), (5, 10)]}
trasportoPalletDiGamma: {2: [(13, 2), (18, 19), (9, 18), (7, 16), (15, 4), (17, 1)], 4: [(19, 12), (12, 1), (2, 11), (6, 15), (8, 17), (3, 12), (17, 5), (10, 14)], 3: [(16, 5), (14, 3), (4, 13), (11, 20), (5, 14), (10, 5)]}
bestSolutionIndice: 11
11 -> 
costo: 120653.09999999999, 
rotte: {2: [(1, 18), (18, 7), (7, 9), (9, 15)], 4: [(1, 19), (19, 12), (12, 13), (13, 8), (8, 6), (6, 10), (10, 3), (3, 2), (2, 17)], 3: [(1, 11), (11, 14), (14, 4), (4, 5), (5, 16)]}
trasportoPalletDiGamma: {2: [(18, 19), (7, 16), (9, 18), (15, 4)], 4: [(19, 12), (12, 1), (13, 2), (8, 17), (6, 15), (10, 19), (3, 12), (2, 11), (17, 6)], 3: [(11, 20), (14, 3), (4, 13), (5, 14), (16, 5)]}
itMosseLS: 16, itMosseTS: 5
numero di soluzioni totali trovati: 16.
time elapsed: 612.64s.


##########################################################################################
s: 1, itNSI: 5.
soluzione iniziale: 0
0 -> 
costo: 158617.09999999998, 
rotte: {2: [(1, 10), (10, 5), (5, 9), (9, 14), (14, 13), (13, 3)], 4: [(1, 11), (11, 6), (6, 8), (8, 15), (15, 2), (2, 16), (16, 17), (17, 7), (7, 3)], 3: [(1, 4), (4, 18), (18, 12), (12, 19), (19, 7)]}
trasportoPalletDiGamma: {2: [(10, 19), (5, 14), (9, 18), (14, 3), (13, 2), (3, 4)], 4: [(11, 20), (6, 15), (8, 17), (15, 4), (2, 11), (16, 5), (17, 6), (7, 1), (3, 8)], 3: [(4, 13), (18, 19), (12, 1), (19, 12), (7, 15)]}
bestSolutionIndice: 9
9 -> 
costo: 96251.89999999998, 
rotte: {2: [(1, 5), (5, 10), (10, 9), (9, 13), (13, 14)], 4: [(1, 6), (6, 8), (8, 11), (11, 15), (15, 16), (16, 17), (17, 2), (2, 4), (4, 7), (7, 3)], 3: [(1, 18), (18, 19), (19, 7), (7, 3), (3, 12)]}
trasportoPalletDiGamma: {2: [(5, 14), (10, 19), (9, 18), (13, 2), (14, 3)], 4: [(6, 15), (8, 17), (11, 20), (15, 4), (16, 5), (17, 6), (2, 11), (4, 13), (7, 1), (3, 8)], 3: [(18, 19), (19, 12), (7, 15), (3, 4), (12, 1)]}
itMosseLS: 13, itMosseTS: 5
numero di soluzioni totali trovati: 14.
time elapsed: 271.62s.


##########################################################################################
s: 1, itNSI: 6.
soluzione iniziale: 0
0 -> 
costo: 171661.80000000002, 
rotte: {3: [(1, 15), (15, 18), (18, 6), (6, 16), (16, 4), (4, 7)], 4: [(1, 8), (8, 3), (3, 13), (13, 14), (14, 17), (17, 19), (19, 12), (12, 5), (5, 10), (10, 7)], 2: [(1, 2), (2, 11), (11, 9), (9, 10)]}
trasportoPalletDiGamma: {3: [(15, 4), (18, 19), (6, 15), (16, 5), (4, 13), (7, 4)], 4: [(8, 17), (3, 12), (13, 2), (14, 3), (17, 6), (19, 12), (12, 1), (5, 14), (10, 8), (7, 12)], 2: [(2, 11), (11, 20), (9, 18), (10, 11)]}
bestSolutionIndice: 15
15 -> 
costo: 92240.7, 
rotte: {3: [(1, 18), (18, 15), (15, 16), (16, 4), (4, 7), (7, 6)], 4: [(1, 19), (19, 7), (7, 3), (3, 5), (5, 8), (8, 10), (10, 17)], 2: [(1, 2), (2, 9), (9, 13), (13, 12), (12, 11), (11, 14)]}
trasportoPalletDiGamma: {3: [(18, 19), (15, 4), (16, 5), (4, 13), (7, 4), (6, 15)], 4: [(19, 12), (7, 12), (3, 12), (5, 14), (8, 17), (10, 19), (17, 6)], 2: [(2, 11), (9, 18), (13, 2), (12, 1), (11, 20), (14, 3)]}
itMosseLS: 21, itMosseTS: 5
numero di soluzioni totali trovati: 20.
time elapsed: 181.52s.


##########################################################################################
s: 1, itNSI: 7.
soluzione iniziale: 0
0 -> 
costo: 171733.39999999997, 
rotte: {3: [(1, 15), (15, 10), (10, 18), (18, 4), (4, 16)], 2: [(1, 3), (3, 5), (5, 13), (13, 17), (17, 19), (19, 8)], 4: [(1, 11), (11, 7), (7, 2), (2, 9), (9, 6), (6, 12), (12, 8), (8, 14)]}
trasportoPalletDiGamma: {3: [(15, 4), (10, 19), (18, 19), (4, 13), (16, 5)], 2: [(3, 12), (5, 14), (13, 2), (17, 6), (19, 12), (8, 14)], 4: [(11, 20), (7, 16), (2, 11), (9, 18), (6, 15), (12, 1), (8, 3), (14, 3)]}
bestSolutionIndice: 13
13 -> 
costo: 90923.59999999999, 
rotte: {3: [(1, 18), (18, 4), (4, 10), (10, 16), (16, 15)], 2: [(1, 3), (3, 5), (5, 8), (8, 13), (13, 17)], 4: [(1, 19), (19, 7), (7, 6), (6, 2), (2, 9), (9, 12), (12, 11), (11, 14)]}
trasportoPalletDiGamma: {3: [(18, 19), (4, 13), (10, 19), (16, 5), (15, 4)], 2: [(3, 12), (5, 14), (8, 17), (13, 2), (17, 6)], 4: [(19, 12), (7, 16), (6, 15), (2, 11), (9, 18), (12, 1), (11, 20), (14, 3)]}
itMosseLS: 14, itMosseTS: 5
numero di soluzioni totali trovati: 14.
time elapsed: 279.82s.


##########################################################################################
s: 1, itNSI: 8.
soluzione iniziale: 0
0 -> 
costo: 156796.30000000002, 
rotte: {3: [(1, 15), (15, 18), (18, 14), (14, 4), (4, 2), (2, 8)], 4: [(1, 19), (19, 5), (5, 16), (16, 10), (10, 11), (11, 13), (13, 12), (12, 3), (3, 8)], 2: [(1, 17), (17, 9), (9, 7), (7, 6), (6, 3)]}
trasportoPalletDiGamma: {3: [(15, 4), (18, 19), (14, 3), (4, 13), (2, 11), (8, 10)], 4: [(19, 12), (5, 14), (16, 5), (10, 19), (11, 20), (13, 2), (12, 1), (3, 7), (8, 7)], 2: [(17, 6), (9, 18), (7, 16), (6, 15), (3, 5)]}
bestSolutionIndice: 11
11 -> 
costo: 90824.79999999999, 
rotte: {3: [(1, 18), (18, 2), (2, 4), (4, 8), (8, 14)], 4: [(1, 19), (19, 15), (15, 17), (17, 16), (16, 12), (12, 11), (11, 13), (13, 3), (3, 5), (5, 10), (10, 8)], 2: [(1, 3), (3, 7), (7, 6), (6, 9)]}
trasportoPalletDiGamma: {3: [(18, 19), (2, 11), (4, 13), (8, 10), (14, 3)], 4: [(19, 12), (15, 4), (17, 6), (16, 5), (12, 1), (11, 20), (13, 2), (3, 7), (5, 14), (10, 19), (8, 7)], 2: [(3, 5), (7, 16), (6, 15), (9, 18)]}
itMosseLS: 15, itMosseTS: 5
numero di soluzioni totali trovati: 14.
time elapsed: 319.51s.


##########################################################################################
s: 1, itNSI: 9.
soluzione iniziale: 0
0 -> 
costo: 190556.49999999997, 
rotte: {4: [(1, 17), (17, 10), (10, 9), (9, 15), (15, 7), (7, 12), (12, 18), (18, 4), (4, 2)], 2: [(1, 11), (11, 19), (19, 8), (8, 4)], 3: [(1, 3), (3, 16), (16, 5), (5, 13), (13, 14), (14, 6), (6, 2)]}
trasportoPalletDiGamma: {4: [(17, 6), (10, 19), (9, 18), (15, 4), (7, 16), (12, 1), (18, 19), (4, 2), (2, 2)], 2: [(11, 20), (19, 12), (8, 17), (4, 11)], 3: [(3, 12), (16, 5), (5, 14), (13, 2), (14, 3), (6, 15), (2, 9)]}
bestSolutionIndice: 18
18 -> 
costo: 96468.3, 
rotte: {4: [(1, 18), (18, 19), (19, 7), (7, 4), (4, 9), (9, 10), (10, 17)], 2: [(1, 3), (3, 4), (4, 8), (8, 11)], 3: [(1, 13), (13, 12), (12, 14), (14, 6), (6, 5), (5, 2), (2, 16), (16, 15)]}
trasportoPalletDiGamma: {4: [(18, 19), (19, 12), (7, 16), (4, 2), (9, 18), (10, 19), (17, 6)], 2: [(3, 12), (4, 11), (8, 17), (11, 20)], 3: [(13, 2), (12, 1), (14, 3), (6, 15), (5, 14), (2, 11), (16, 5), (15, 4)]}
itMosseLS: 22, itMosseTS: 5
numero di soluzioni totali trovati: 21.
time elapsed: 378.56s.


##########################################################################################
s: 1, itNSI: 10.
soluzione iniziale: 0
0 -> 
costo: 175054.89999999997, 
rotte: {3: [(1, 5), (5, 15), (15, 11), (11, 10), (10, 8)], 4: [(1, 18), (18, 17), (17, 7), (7, 3), (3, 16), (16, 19), (19, 2), (2, 8)], 2: [(1, 14), (14, 4), (4, 6), (6, 12), (12, 9), (9, 13), (13, 8)]}
trasportoPalletDiGamma: {3: [(5, 14), (15, 4), (11, 20), (10, 19), (8, 3)], 4: [(18, 19), (17, 6), (7, 16), (3, 12), (16, 5), (19, 12), (2, 11), (8, 6)], 2: [(14, 3), (4, 13), (6, 15), (12, 1), (9, 18), (13, 2), (8, 8)]}
bestSolutionIndice: 10
10 -> 
costo: 90335.4, 
rotte: {3: [(1, 5), (5, 10), (10, 11)], 4: [(1, 18), (18, 15), (15, 16), (16, 17), (17, 19), (19, 7), (7, 3), (3, 2), (2, 8)], 2: [(1, 4), (4, 6), (6, 14), (14, 12), (12, 13), (13, 8), (8, 9)]}
trasportoPalletDiGamma: {3: [(5, 14), (10, 19), (11, 20)], 4: [(18, 19), (15, 4), (16, 5), (17, 6), (19, 12), (7, 16), (3, 12), (2, 11), (8, 9)], 2: [(4, 13), (6, 15), (14, 3), (12, 1), (13, 2), (8, 8), (9, 18)]}
itMosseLS: 13, itMosseTS: 5
numero di soluzioni totali trovati: 11.
time elapsed: 169.34s.


##########################################################################################
s: 1, itNSI: 11.
soluzione iniziale: 0
0 -> 
costo: 129821.79999999999, 
rotte: {3: [(1, 4), (4, 12), (12, 13), (13, 6), (6, 8), (8, 14), (14, 5)], 4: [(1, 7), (7, 19), (19, 3), (3, 11), (11, 10), (10, 2)], 2: [(1, 18), (18, 17), (17, 16), (16, 15), (15, 9), (9, 5)]}
trasportoPalletDiGamma: {3: [(4, 13), (12, 1), (13, 2), (6, 15), (8, 17), (14, 3), (5, 6)], 4: [(7, 16), (19, 12), (3, 12), (11, 20), (10, 19), (2, 11)], 2: [(18, 19), (17, 6), (16, 5), (15, 4), (9, 18), (5, 8)]}
bestSolutionIndice: 11
11 -> 
costo: 83595.69999999998, 
rotte: {3: [(1, 4), (4, 6), (6, 8), (8, 13)], 4: [(1, 19), (19, 7), (7, 5), (5, 3), (3, 2), (2, 10), (10, 12), (12, 11), (11, 14)], 2: [(1, 18), (18, 17), (17, 16), (16, 15), (15, 5), (5, 9)]}
trasportoPalletDiGamma: {3: [(4, 13), (6, 15), (8, 17), (13, 2)], 4: [(19, 12), (7, 16), (5, 6), (3, 12), (2, 11), (10, 19), (12, 1), (11, 20), (14, 3)], 2: [(18, 19), (17, 6), (16, 5), (15, 4), (5, 8), (9, 18)]}
itMosseLS: 15, itMosseTS: 5
numero di soluzioni totali trovati: 14.
time elapsed: 249.15s.


##########################################################################################
s: 1, itNSI: 12.
soluzione iniziale: 0
0 -> 
costo: 155223.40000000002, 
rotte: {2: [(1, 18), (18, 7), (7, 6), (6, 10)], 4: [(1, 12), (12, 4), (4, 16), (16, 14), (14, 3), (3, 15), (15, 17), (17, 5), (5, 9), (9, 10), (10, 19)], 3: [(1, 8), (8, 13), (13, 11), (11, 2), (2, 19)]}
trasportoPalletDiGamma: {2: [(18, 19), (7, 16), (6, 15), (10, 10)], 4: [(12, 1), (4, 13), (16, 5), (14, 3), (3, 12), (15, 4), (17, 6), (5, 14), (9, 18), (10, 9), (19, 2)], 3: [(8, 17), (13, 2), (11, 20), (2, 11), (19, 10)]}
bestSolutionIndice: 10
10 -> 
costo: 95363.1, 
rotte: {2: [(1, 18), (18, 10), (10, 6), (6, 7)], 4: [(1, 19), (19, 14), (14, 12), (12, 15), (15, 16), (16, 17), (17, 3), (3, 4), (4, 5), (5, 10), (10, 9)], 3: [(1, 2), (2, 8), (8, 13), (13, 11)]}
trasportoPalletDiGamma: {2: [(18, 19), (10, 10), (6, 15), (7, 16)], 4: [(19, 12), (14, 3), (12, 1), (15, 4), (16, 5), (17, 6), (3, 12), (4, 13), (5, 14), (10, 9), (9, 18)], 3: [(2, 11), (8, 17), (13, 2), (11, 20)]}
itMosseLS: 15, itMosseTS: 5
numero di soluzioni totali trovati: 13.
time elapsed: 306.67s.


##########################################################################################
##########################################################################################
##########################################################################################
##########################################################################################
##########################################################################################
##########################################################################################
##########################################################################################
##########################################################################################
##########################################################################################
##########################################################################################
##########################################################################################
##########################################################################################
##########################################################################################
##########################################################################################
##########################################################################################
##########################################################################################
##########################################################################################
##########################################################################################
##########################################################################################
##########################################################################################
##########################################################################################
##########################################################################################
##########################################################################################
##########################################################################################
##########################################################################################
##########################################################################################
##########################################################################################
##########################################################################################
##########################################################################################
##########################################################################################
##########################################################################################
##########################################################################################
##########################################################################################
##########################################################################################
##########################################################################################
##########################################################################################
##########################################################################################
##########################################################################################
##########################################################################################
##########################################################################################
##########################################################################################
Soluzione migliore in assoluto trovata:

s: 1
itNSI: 11, 
costo: 83595.69999999998, 
rotte: {3: [(1, 4), (4, 6), (6, 8), (8, 13)], 4: [(1, 19), (19, 7), (7, 5), (5, 3), (3, 2), (2, 10), (10, 12), (12, 11), (11, 14)], 2: [(1, 18), (18, 17), (17, 16), (16, 15), (15, 5), (5, 9)]}
trasportoPalletDiGamma: {3: [(4, 13), (6, 15), (8, 17), (13, 2)], 4: [(19, 12), (7, 16), (5, 6), (3, 12), (2, 11), (10, 19), (12, 1), (11, 20), (14, 3)], 2: [(18, 19), (17, 6), (16, 5), (15, 4), (5, 8), (9, 18)]}

Total time elapsed: 3609.93s.