itNSIMax: 20, itMosseTSMax: 10.
##########################################################################################
s: 1
dictSolutions[1]:
0 -> costo: 154890.5, rotte: {4: [(1, 8), (8, 12), (12, 16), (16, 17), (17, 10), (10, 19), (19, 2)], 2: [(1, 13), (13, 15), (15, 20), (20, 5), (5, 6), (6, 11)], 3: [(1, 7), (7, 18), (18, 3), (3, 4), (4, 9), (9, 14), (14, 11)]}, padri: [-1], figli: [1], mosse: [-1]
1 -> costo: 140593.49999999997, rotte: {4: [(1, 8), (8, 12), (12, 16), (16, 17), (17, 10), (10, 19), (19, 2)], 2: [(1, 13), (13, 15), (15, 20), (20, 5), (5, 6), (6, 11)], 3: [(1, 18), (18, 3), (3, 4), (4, 7), (7, 9), (9, 14), (14, 11)]}, padri: [0], figli: [2], mosse: [(3, 3, 4, 7, 16)]
2 -> costo: 131292.49999999997, rotte: {4: [(1, 8), (8, 13), (13, 12), (12, 16), (16, 17), (17, 10), (10, 19), (19, 2)], 2: [(1, 15), (15, 20), (20, 5), (5, 6), (6, 11)], 3: [(1, 18), (18, 3), (3, 4), (4, 7), (7, 9), (9, 14), (14, 11)]}, padri: [1], figli: [3], mosse: [(4, 2, 8, 13, 2)]
3 -> costo: 112150.4, rotte: {4: [(1, 8), (8, 13), (13, 12), (12, 16), (16, 17), (17, 15), (15, 10), (10, 19), (19, 2)], 2: [(1, 20), (20, 5), (5, 6), (6, 11)], 3: [(1, 18), (18, 3), (3, 4), (4, 7), (7, 9), (9, 14), (14, 11)]}, padri: [2], figli: [4], mosse: [(4, 2, 17, 15, 4)]
4 -> costo: 106786.7, rotte: {4: [(1, 8), (8, 13), (13, 12), (12, 16), (16, 17), (17, 15), (15, 19), (19, 2), (2, 10)], 2: [(1, 20), (20, 5), (5, 6), (6, 11)], 3: [(1, 18), (18, 3), (3, 4), (4, 7), (7, 9), (9, 14), (14, 11)]}, padri: [3], figli: [5], mosse: [(4, 4, 2, 10, 19)]
5 -> costo: 103929.29999999999, rotte: {4: [(1, 13), (13, 12), (12, 16), (16, 17), (17, 15), (15, 19), (19, 2), (2, 10), (10, 8)], 2: [(1, 20), (20, 5), (5, 6), (6, 11)], 3: [(1, 18), (18, 3), (3, 4), (4, 7), (7, 9), (9, 14), (14, 11)]}, padri: [4], figli: [6], mosse: [(4, 4, 10, 8, 17)]
6 -> costo: 101904.19999999998, rotte: {4: [(1, 13), (13, 12), (12, 16), (16, 17), (17, 15), (15, 20), (20, 19), (19, 2), (2, 10), (10, 8)], 2: [(1, 5), (5, 6), (6, 11)], 3: [(1, 18), (18, 3), (3, 4), (4, 7), (7, 9), (9, 14), (14, 11)]}, padri: [5], figli: [7], mosse: [(4, 2, 15, 20, 11)]
7 -> costo: 101152.29999999999, rotte: {4: [(1, 13), (13, 12), (12, 16), (16, 17), (17, 15), (15, 20), (20, 19), (19, 2), (2, 10), (10, 8)], 2: [(1, 5), (5, 6), (6, 11)], 3: [(1, 18), (18, 3), (3, 4), (4, 7), (7, 9), (9, 14)]}, padri: [6], figli: [8], mosse: [(2, 3, 1, 11, 16)]
8 -> costo: 100931.9, rotte: {4: [(1, 13), (13, 12), (12, 16), (16, 17), (17, 15), (15, 20), (20, 19), (19, 2), (2, 10), (10, 8)], 2: [(1, 6), (6, 11)], 3: [(1, 18), (18, 3), (3, 4), (4, 7), (7, 5), (5, 9), (9, 14)]}, padri: [7], figli: [9, 10, 11, 12], mosse: [(3, 2, 7, 5, 14)]
9 -> costo: 98665.29999999999, rotte: {4: [(1, 13), (13, 12), (12, 16), (16, 17), (17, 15), (15, 20), (20, 19), (19, 2), (2, 10), (10, 6), (6, 8)], 2: [(1, 11)], 3: [(1, 18), (18, 3), (3, 4), (4, 7), (7, 5), (5, 9), (9, 14)]}, padri: [8, 10, 11, 12, 12, 12], figli: [], mosse: [(4, 2, 10, 6, 15), (4, 4, 10, 6, 15), (4, 4, 10, 6, 15), (4, 4, 8, 6), (4, 4, 10, 6, 15), (4, 4, 6, 8, 17)]
10 -> costo: 98921.7, rotte: {4: [(1, 13), (13, 12), (12, 16), (16, 17), (17, 15), (15, 20), (20, 19), (19, 2), (2, 6), (6, 10), (10, 8)], 2: [(1, 11)], 3: [(1, 18), (18, 3), (3, 4), (4, 7), (7, 5), (5, 9), (9, 14)]}, padri: [8, 11, 12], figli: [9], mosse: [(4, 2, 2, 6, 15), (4, 4, 2, 6, 15), (4, 4, 2, 6, 15)]
11 -> costo: 99453.6, rotte: {4: [(1, 13), (13, 12), (12, 16), (16, 17), (17, 15), (15, 20), (20, 19), (19, 6), (6, 2), (2, 10), (10, 8)], 2: [(1, 11)], 3: [(1, 18), (18, 3), (3, 4), (4, 7), (7, 5), (5, 9), (9, 14)]}, padri: [8, 12], figli: [9, 10], mosse: [(4, 2, 19, 6, 15), (4, 4, 19, 6, 15)]
12 -> costo: 100256.29999999999, rotte: {4: [(1, 13), (13, 12), (12, 16), (16, 17), (17, 15), (15, 20), (20, 19), (19, 2), (2, 10), (10, 8), (8, 6)], 2: [(1, 11)], 3: [(1, 18), (18, 3), (3, 4), (4, 7), (7, 5), (5, 9), (9, 14)]}, padri: [8], figli: [9, 9, 9, 10, 11], mosse: [(4, 2, 8, 6, 15)]
bestSolutionIndice: 9
9 -> costo: 98665.29999999999, rotte: {4: [(1, 13), (13, 12), (12, 16), (16, 17), (17, 15), (15, 20), (20, 19), (19, 2), (2, 10), (10, 6), (6, 8)], 2: [(1, 11)], 3: [(1, 18), (18, 3), (3, 4), (4, 7), (7, 5), (5, 9), (9, 14)]}, padri: [8, 10, 11, 12, 12, 12], figli: [], mosse: [(4, 2, 10, 6, 15), (4, 4, 10, 6, 15), (4, 4, 10, 6, 15), (4, 4, 8, 6), (4, 4, 10, 6, 15), (4, 4, 6, 8, 17)]
trasportoPalletDiGamma: {4: [(13, 2), (12, 1), (16, 5), (17, 6), (15, 4), (20, 11), (19, 6), (2, 11), (10, 19), (6, 15), (8, 17)], 2: [(11, 20)], 3: [(18, 19), (3, 12), (4, 13), (7, 16), (5, 14), (9, 18), (14, 3)]}
itMosseLS: 20, itMosseTS: 10
time elapsed: 374.81s.


##########################################################################################
s: 1
dictSolutions[1]:
0 -> costo: 145871.50000000003, rotte: {4: [(1, 20), (20, 5), (5, 17), (17, 13), (13, 9), (9, 6), (6, 18), (18, 7)], 3: [(1, 10), (10, 2), (2, 8), (8, 16), (16, 15), (15, 19), (19, 4)], 2: [(1, 11), (11, 14), (14, 12), (12, 3), (3, 7)]}, padri: [-1], figli: [1], mosse: [-1]
1 -> costo: 135716.9, rotte: {4: [(1, 20), (20, 17), (17, 13), (13, 9), (9, 6), (6, 18), (18, 5), (5, 7)], 3: [(1, 10), (10, 2), (2, 8), (8, 16), (16, 15), (15, 19), (19, 4)], 2: [(1, 11), (11, 14), (14, 12), (12, 3), (3, 7)]}, padri: [0], figli: [2], mosse: [(4, 4, 18, 5, 14)]
2 -> costo: 131120.3, rotte: {4: [(1, 20), (20, 17), (17, 13), (13, 9), (9, 6), (6, 18), (18, 5), (5, 7)], 3: [(1, 10), (10, 2), (2, 4), (4, 8), (8, 16), (16, 15), (15, 19)], 2: [(1, 11), (11, 14), (14, 12), (12, 3), (3, 7)]}, padri: [1], figli: [3], mosse: [(3, 3, 2, 4, 13)]
3 -> costo: 118120.90000000001, rotte: {4: [(1, 20), (20, 17), (17, 13), (13, 9), (9, 6), (6, 18), (18, 5), (5, 7)], 3: [(1, 19), (19, 10), (10, 2), (2, 4), (4, 8), (8, 16), (16, 15)], 2: [(1, 11), (11, 14), (14, 12), (12, 3), (3, 7)]}, padri: [2], figli: [4], mosse: [(3, 3, 1, 19, 6)]
4 -> costo: 113667.59999999999, rotte: {4: [(1, 20), (20, 17), (17, 13), (13, 9), (9, 6), (6, 5), (5, 7), (7, 18)], 3: [(1, 19), (19, 10), (10, 2), (2, 4), (4, 8), (8, 16), (16, 15)], 2: [(1, 11), (11, 14), (14, 12), (12, 3), (3, 7)]}, padri: [3], figli: [5], mosse: [(4, 4, 7, 18, 19)]
5 -> costo: 105809.7, rotte: {4: [(1, 18), (18, 20), (20, 17), (17, 13), (13, 9), (9, 6), (6, 5), (5, 7)], 3: [(1, 19), (19, 10), (10, 2), (2, 4), (4, 8), (8, 16), (16, 15)], 2: [(1, 11), (11, 14), (14, 12), (12, 3), (3, 7)]}, padri: [4], figli: [6], mosse: [(4, 4, 1, 18, 19)]
6 -> costo: 104554.09999999999, rotte: {4: [(1, 18), (18, 20), (20, 17), (17, 13), (13, 9), (9, 6), (6, 5), (5, 7)], 3: [(1, 19), (19, 2), (2, 4), (4, 8), (8, 10), (10, 16), (16, 15)], 2: [(1, 11), (11, 14), (14, 12), (12, 3), (3, 7)]}, padri: [5], figli: [7], mosse: [(3, 3, 8, 10, 19)]
7 -> costo: 103778.2, rotte: {4: [(1, 18), (18, 20), (20, 13), (13, 9), (9, 6), (6, 5), (5, 7), (7, 17)], 3: [(1, 19), (19, 2), (2, 4), (4, 8), (8, 10), (10, 16), (16, 15)], 2: [(1, 11), (11, 14), (14, 12), (12, 3), (3, 7)]}, padri: [6], figli: [8], mosse: [(4, 4, 7, 17, 6)]
8 -> costo: 102283.40000000001, rotte: {4: [(1, 18), (18, 20), (20, 13), (13, 9), (9, 6), (6, 7), (7, 5), (5, 17)], 3: [(1, 19), (19, 2), (2, 4), (4, 8), (8, 10), (10, 16), (16, 15)], 2: [(1, 11), (11, 14), (14, 12), (12, 3), (3, 7)]}, padri: [7], figli: [9], mosse: [(4, 4, 7, 5, 14)]
9 -> costo: 101298.49999999999, rotte: {4: [(1, 18), (18, 20), (20, 9), (9, 6), (6, 7), (7, 5), (5, 13), (13, 17)], 3: [(1, 19), (19, 2), (2, 4), (4, 8), (8, 10), (10, 16), (16, 15)], 2: [(1, 11), (11, 14), (14, 12), (12, 3), (3, 7)]}, padri: [8], figli: [10, 16, 17], mosse: [(4, 4, 5, 13, 2)]
10 -> costo: 99806.99999999999, rotte: {4: [(1, 18), (18, 20), (20, 6), (6, 7), (7, 5), (5, 9), (9, 13), (13, 17)], 3: [(1, 19), (19, 2), (2, 4), (4, 8), (8, 10), (10, 16), (16, 15)], 2: [(1, 11), (11, 14), (14, 12), (12, 3), (3, 7)]}, padri: [9], figli: [11, 12, 15], mosse: [(4, 4, 5, 9, 18)]
11 -> costo: 99490.39999999998, rotte: {4: [(1, 18), (18, 20), (20, 6), (6, 7), (7, 5), (5, 9), (9, 13), (13, 17)], 3: [(1, 19), (19, 2), (2, 4), (4, 8), (8, 10), (10, 16), (16, 15)], 2: [(1, 14), (14, 11), (11, 12), (12, 3), (3, 7)]}, padri: [10, 15, 16], figli: [], mosse: [(2, 2, 14, 11, 20), (2, 2, 11, 12, 1), (4, 4, 5, 9, 18)]
12 -> costo: 99609.49999999997, rotte: {4: [(1, 18), (18, 20), (20, 6), (6, 7), (7, 5), (5, 9), (9, 13), (13, 17)], 3: [(1, 19), (19, 2), (2, 4), (4, 8), (8, 10), (10, 16), (16, 15)], 2: [(1, 11), (11, 12), (12, 14), (14, 3), (3, 7)]}, padri: [10, 17], figli: [13], mosse: [(2, 2, 12, 14, 3), (4, 4, 5, 9, 18)]
13 -> costo: 99489.69999999998, rotte: {4: [(1, 18), (18, 20), (20, 6), (6, 7), (7, 5), (5, 9), (9, 13), (13, 17)], 3: [(1, 19), (19, 2), (2, 4), (4, 8), (8, 10), (10, 16), (16, 15)], 2: [(1, 12), (12, 11), (11, 14), (14, 3), (3, 7)]}, padri: [12, 15], figli: [14], mosse: [(2, 2, 12, 11, 20), (2, 2, 11, 14, 3)]
14 -> costo: 99278.89999999998, rotte: {4: [(1, 18), (18, 20), (20, 6), (6, 7), (7, 5), (5, 9), (9, 13), (13, 12), (12, 17)], 3: [(1, 19), (19, 2), (2, 4), (4, 8), (8, 10), (10, 16), (16, 15)], 2: [(1, 11), (11, 14), (14, 3), (3, 7)]}, padri: [13], figli: [], mosse: [(4, 2, 13, 12, 1)]
15 -> costo: 99613.19999999998, rotte: {4: [(1, 18), (18, 20), (20, 6), (6, 7), (7, 5), (5, 9), (9, 13), (13, 17)], 3: [(1, 19), (19, 2), (2, 4), (4, 8), (8, 10), (10, 16), (16, 15)], 2: [(1, 14), (14, 12), (12, 11), (11, 3), (3, 7)]}, padri: [10], figli: [13, 11], mosse: [(2, 2, 12, 11, 20)]
16 -> costo: 100981.89999999998, rotte: {4: [(1, 18), (18, 20), (20, 9), (9, 6), (6, 7), (7, 5), (5, 13), (13, 17)], 3: [(1, 19), (19, 2), (2, 4), (4, 8), (8, 10), (10, 16), (16, 15)], 2: [(1, 14), (14, 11), (11, 12), (12, 3), (3, 7)]}, padri: [9], figli: [11], mosse: [(2, 2, 14, 11, 20)]
17 -> costo: 101100.99999999997, rotte: {4: [(1, 18), (18, 20), (20, 9), (9, 6), (6, 7), (7, 5), (5, 13), (13, 17)], 3: [(1, 19), (19, 2), (2, 4), (4, 8), (8, 10), (10, 16), (16, 15)], 2: [(1, 11), (11, 12), (12, 14), (14, 3), (3, 7)]}, padri: [9], figli: [12], mosse: [(2, 2, 12, 14, 3)]
bestSolutionIndice: 14
14 -> costo: 99278.89999999998, rotte: {4: [(1, 18), (18, 20), (20, 6), (6, 7), (7, 5), (5, 9), (9, 13), (13, 12), (12, 17)], 3: [(1, 19), (19, 2), (2, 4), (4, 8), (8, 10), (10, 16), (16, 15)], 2: [(1, 11), (11, 14), (14, 3), (3, 7)]}, padri: [13], figli: [], mosse: [(4, 2, 13, 12, 1)]
trasportoPalletDiGamma: {4: [(18, 19), (20, 11), (6, 15), (7, 2), (5, 14), (9, 18), (13, 2), (12, 1), (17, 6)], 3: [(19, 6), (2, 11), (4, 13), (8, 17), (10, 19), (16, 5), (15, 4)], 2: [(11, 20), (14, 3), (3, 12), (7, 14)]}
itMosseLS: 21, itMosseTS: 10
time elapsed: 484.31s.


##########################################################################################
s: 1
dictSolutions[1]:
0 -> costo: 177898.79999999996, rotte: {4: [(1, 15), (15, 13), (13, 20), (20, 17), (17, 5), (5, 10), (10, 6), (6, 3)], 3: [(1, 16), (16, 12), (12, 4), (4, 19), (19, 2), (2, 7), (7, 11), (11, 8)], 2: [(1, 9), (9, 14), (14, 18), (18, 8)]}, padri: [-1], figli: [1], mosse: [-1]
1 -> costo: 162214.19999999998, rotte: {4: [(1, 15), (15, 13), (13, 20), (20, 16), (16, 17), (17, 5), (5, 10), (10, 6), (6, 3)], 3: [(1, 12), (12, 4), (4, 19), (19, 2), (2, 7), (7, 11), (11, 8)], 2: [(1, 9), (9, 14), (14, 18), (18, 8)]}, padri: [0], figli: [2], mosse: [(4, 3, 20, 16, 5)]
2 -> costo: 146815.69999999998, rotte: {4: [(1, 13), (13, 20), (20, 15), (15, 16), (16, 17), (17, 5), (5, 10), (10, 6), (6, 3)], 3: [(1, 12), (12, 4), (4, 19), (19, 2), (2, 7), (7, 11), (11, 8)], 2: [(1, 9), (9, 14), (14, 18), (18, 8)]}, padri: [1], figli: [3], mosse: [(4, 4, 20, 15, 4)]
3 -> costo: 132905.6, rotte: {4: [(1, 20), (20, 15), (15, 16), (16, 17), (17, 5), (5, 10), (10, 6), (6, 3)], 3: [(1, 13), (13, 12), (12, 4), (4, 19), (19, 2), (2, 7), (7, 11), (11, 8)], 2: [(1, 9), (9, 14), (14, 18), (18, 8)]}, padri: [2], figli: [4], mosse: [(3, 4, 1, 13, 2)]
4 -> costo: 124455.3, rotte: {4: [(1, 20), (20, 15), (15, 16), (16, 17), (17, 5), (5, 10), (10, 6), (6, 3)], 3: [(1, 13), (13, 12), (12, 4), (4, 19), (19, 2), (2, 7), (7, 11), (11, 8)], 2: [(1, 9), (9, 14), (14, 18)]}, padri: [3], figli: [5], mosse: [(3, 2, 1, 8, 10)]
5 -> costo: 115184.79999999999, rotte: {4: [(1, 20), (20, 15), (15, 16), (16, 17), (17, 5), (5, 10), (10, 6), (6, 3)], 3: [(1, 13), (13, 12), (12, 4), (4, 19), (19, 2), (2, 7), (7, 11), (11, 8)], 2: [(1, 18), (18, 9), (9, 14)]}, padri: [4], figli: [6], mosse: [(2, 2, 1, 18, 19)]
6 -> costo: 111248.6, rotte: {4: [(1, 20), (20, 15), (15, 16), (16, 17), (17, 5), (5, 10), (10, 6), (6, 3)], 3: [(1, 13), (13, 12), (12, 4), (4, 19), (19, 2), (2, 7), (7, 8), (8, 11)], 2: [(1, 18), (18, 9), (9, 14)]}, padri: [5], figli: [7], mosse: [(3, 3, 7, 8, 17)]
7 -> costo: 104107.4, rotte: {4: [(1, 20), (20, 15), (15, 16), (16, 17), (17, 5), (5, 10), (10, 6), (6, 3)], 3: [(1, 13), (13, 12), (12, 11), (11, 4), (4, 19), (19, 2), (2, 7), (7, 8)], 2: [(1, 18), (18, 9), (9, 14)]}, padri: [6], figli: [8], mosse: [(3, 3, 12, 11, 20)]
8 -> costo: 100211.3, rotte: {4: [(1, 20), (20, 15), (15, 16), (16, 17), (17, 5), (5, 10), (10, 6), (6, 3)], 3: [(1, 13), (13, 12), (12, 11), (11, 19), (19, 2), (2, 4), (4, 7), (7, 8)], 2: [(1, 18), (18, 9), (9, 14)]}, padri: [7], figli: [9, 10, 13], mosse: [(3, 3, 2, 4, 13)]
9 -> costo: 98855.6, rotte: {4: [(1, 20), (20, 15), (15, 16), (16, 17), (17, 10), (10, 6), (6, 5), (5, 3)], 3: [(1, 13), (13, 12), (12, 11), (11, 19), (19, 2), (2, 4), (4, 7), (7, 8)], 2: [(1, 18), (18, 9), (9, 14)]}, padri: [8, 10, 10, 10, 13], figli: [], mosse: [(4, 4, 6, 5, 14), (4, 4, 6, 5, 14), (4, 4, 5, 3, 12), (4, 4, 3, 5), (4, 4, 5, 3, 12)]
10 -> costo: 99019.2, rotte: {4: [(1, 20), (20, 15), (15, 16), (16, 17), (17, 10), (10, 6), (6, 3), (3, 5)], 3: [(1, 13), (13, 12), (12, 11), (11, 19), (19, 2), (2, 4), (4, 7), (7, 8)], 2: [(1, 18), (18, 9), (9, 14)]}, padri: [8], figli: [11, 9, 9, 9, 13, 13, 13], mosse: [(4, 4, 3, 5, 14)]
11 -> costo: 98624.40000000001, rotte: {4: [(1, 20), (20, 15), (15, 16), (16, 17), (17, 10), (10, 3), (3, 5), (5, 6)], 3: [(1, 13), (13, 12), (12, 11), (11, 19), (19, 2), (2, 4), (4, 7), (7, 8)], 2: [(1, 18), (18, 9), (9, 14)]}, padri: [10, 13, 13, 13], figli: [12], mosse: [(4, 4, 5, 6, 15), (4, 4, 6, 5), (4, 4, 3, 5, 14), (4, 4, 5, 6, 15)]
12 -> costo: 98624.4, rotte: {4: [(1, 20), (20, 16), (16, 17), (17, 15), (15, 10), (10, 3), (3, 5), (5, 6)], 3: [(1, 13), (13, 12), (12, 11), (11, 19), (19, 2), (2, 4), (4, 7), (7, 8)], 2: [(1, 18), (18, 9), (9, 14)]}, padri: [11], figli: [], mosse: [(4, 4, 17, 15, 4)]
13 -> costo: 99018.0, rotte: {4: [(1, 20), (20, 15), (15, 16), (16, 17), (17, 10), (10, 3), (3, 6), (6, 5)], 3: [(1, 13), (13, 12), (12, 11), (11, 19), (19, 2), (2, 4), (4, 7), (7, 8)], 2: [(1, 18), (18, 9), (9, 14)]}, padri: [10], figli: [11, 11, 11, 9], mosse: [(4, 4, 3, 6, 15)]
bestSolutionIndice: 12
12 -> costo: 98624.4, rotte: {4: [(1, 20), (20, 16), (16, 17), (17, 15), (15, 10), (10, 3), (3, 5), (5, 6)], 3: [(1, 13), (13, 12), (12, 11), (11, 19), (19, 2), (2, 4), (4, 7), (7, 8)], 2: [(1, 18), (18, 9), (9, 14)]}, padri: [11], figli: [], mosse: [(4, 4, 17, 15, 4)]
trasportoPalletDiGamma: {4: [(20, 11), (16, 5), (17, 6), (15, 4), (10, 19), (3, 12), (5, 14), (6, 15)], 3: [(13, 2), (12, 1), (11, 20), (19, 6), (2, 11), (4, 13), (7, 16), (8, 17)], 2: [(18, 19), (9, 18), (14, 3)]}
itMosseLS: 20, itMosseTS: 10
time elapsed: 653.52s.


##########################################################################################
s: 1
dictSolutions[1]:
0 -> costo: 184377.1, rotte: {2: [(1, 12), (12, 17), (17, 11), (11, 16), (16, 20), (20, 14), (14, 5)], 3: [(1, 2), (2, 19), (19, 6), (6, 9), (9, 10), (10, 15), (15, 5)], 4: [(1, 4), (4, 13), (13, 3), (3, 8), (8, 18), (18, 7)]}, padri: [-1], figli: [1], mosse: [-1]
1 -> costo: 159112.1, rotte: {2: [(1, 12), (12, 17), (17, 16), (16, 20), (20, 11), (11, 14), (14, 5)], 3: [(1, 2), (2, 19), (19, 6), (6, 9), (9, 10), (10, 15), (15, 5)], 4: [(1, 4), (4, 13), (13, 3), (3, 8), (8, 18), (18, 7)]}, padri: [0], figli: [2], mosse: [(2, 2, 20, 11, 20)]
2 -> costo: 145647.40000000002, rotte: {2: [(1, 12), (12, 17), (17, 16), (16, 20), (20, 11), (11, 14), (14, 5)], 3: [(1, 2), (2, 19), (19, 5), (5, 6), (6, 9), (9, 10), (10, 15)], 4: [(1, 4), (4, 13), (13, 3), (3, 8), (8, 18), (18, 7)]}, padri: [1], figli: [3], mosse: [(3, 3, 19, 5, 10)]
3 -> costo: 136134.0, rotte: {2: [(1, 12), (12, 17), (17, 16), (16, 20), (20, 11), (11, 14), (14, 5)], 3: [(1, 19), (19, 2), (2, 5), (5, 6), (6, 9), (9, 10), (10, 15)], 4: [(1, 4), (4, 13), (13, 3), (3, 8), (8, 18), (18, 7)]}, padri: [2], figli: [4], mosse: [(3, 3, 19, 2, 11)]
4 -> costo: 126986.7, rotte: {2: [(1, 17), (17, 16), (16, 20), (20, 12), (12, 11), (11, 14), (14, 5)], 3: [(1, 19), (19, 2), (2, 5), (5, 6), (6, 9), (9, 10), (10, 15)], 4: [(1, 4), (4, 13), (13, 3), (3, 8), (8, 18), (18, 7)]}, padri: [3], figli: [5], mosse: [(2, 2, 20, 12, 1)]
5 -> costo: 119708.90000000001, rotte: {2: [(1, 17), (17, 16), (16, 20), (20, 12), (12, 11), (11, 14), (14, 5)], 3: [(1, 19), (19, 2), (2, 5), (5, 6), (6, 9), (9, 10), (10, 15)], 4: [(1, 4), (4, 13), (13, 3), (3, 7), (7, 8), (8, 18)]}, padri: [4], figli: [6], mosse: [(4, 4, 3, 7, 16)]
6 -> costo: 111341.50000000001, rotte: {2: [(1, 17), (17, 16), (16, 20), (20, 12), (12, 11), (11, 14), (14, 5)], 3: [(1, 19), (19, 2), (2, 5), (5, 6), (6, 9), (9, 10), (10, 15)], 4: [(1, 18), (18, 4), (4, 13), (13, 3), (3, 7), (7, 8)]}, padri: [5], figli: [7], mosse: [(4, 4, 1, 18, 19)]
7 -> costo: 104946.50000000001, rotte: {2: [(1, 17), (17, 16), (16, 20), (20, 12), (12, 11), (11, 14)], 3: [(1, 19), (19, 2), (2, 5), (5, 6), (6, 9), (9, 10), (10, 15)], 4: [(1, 18), (18, 4), (4, 13), (13, 3), (3, 7), (7, 8)]}, padri: [6], figli: [8, 10, 11, 12], mosse: [(3, 2, 1, 5, 4)]
8 -> costo: 100063.5, rotte: {2: [(1, 17), (17, 16), (16, 20), (20, 12), (12, 11), (11, 14)], 3: [(1, 19), (19, 2), (2, 5), (5, 6), (6, 9), (9, 10), (10, 15)], 4: [(1, 18), (18, 4), (4, 3), (3, 7), (7, 8), (8, 13)]}, padri: [7, 11], figli: [9, 9], mosse: [(4, 4, 8, 13, 2), (4, 4, 8, 13, 2)]
9 -> costo: 99995.6, rotte: {2: [(1, 17), (17, 16), (16, 20), (20, 12), (12, 11), (11, 14)], 3: [(1, 19), (19, 2), (2, 5), (5, 6), (6, 9), (9, 10), (10, 15)], 4: [(1, 18), (18, 3), (3, 4), (4, 7), (7, 8), (8, 13)]}, padri: [8, 8, 10, 13], figli: [], mosse: [(4, 4, 4, 3), (4, 4, 3, 4, 13), (4, 4, 8, 13, 2), (4, 4, 4, 7, 16)]
10 -> costo: 102489.80000000002, rotte: {2: [(1, 17), (17, 16), (16, 20), (20, 12), (12, 11), (11, 14)], 3: [(1, 19), (19, 2), (2, 5), (5, 6), (6, 9), (9, 10), (10, 15)], 4: [(1, 18), (18, 13), (13, 3), (3, 4), (4, 7), (7, 8)]}, padri: [7, 11, 11], figli: [9], mosse: [(4, 4, 3, 4, 13), (4, 4, 4, 3), (4, 4, 3, 4, 13)]
11 -> costo: 102557.70000000001, rotte: {2: [(1, 17), (17, 16), (16, 20), (20, 12), (12, 11), (11, 14)], 3: [(1, 19), (19, 2), (2, 5), (5, 6), (6, 9), (9, 10), (10, 15)], 4: [(1, 18), (18, 13), (13, 4), (4, 3), (3, 7), (7, 8)]}, padri: [7], figli: [8, 10, 10], mosse: [(4, 4, 13, 4, 13)]
12 -> costo: 102827.10000000002, rotte: {2: [(1, 17), (17, 16), (16, 20), (20, 12), (12, 11), (11, 14)], 3: [(1, 19), (19, 2), (2, 5), (5, 6), (6, 9), (9, 10), (10, 15)], 4: [(1, 18), (18, 13), (13, 3), (3, 7), (7, 4), (4, 8)]}, padri: [7], figli: [13], mosse: [(4, 4, 7, 4, 13)]
13 -> costo: 100332.90000000001, rotte: {2: [(1, 17), (17, 16), (16, 20), (20, 12), (12, 11), (11, 14)], 3: [(1, 19), (19, 2), (2, 5), (5, 6), (6, 9), (9, 10), (10, 15)], 4: [(1, 18), (18, 3), (3, 7), (7, 4), (4, 8), (8, 13)]}, padri: [12], figli: [9], mosse: [(4, 4, 8, 13, 2)]
bestSolutionIndice: 9
9 -> costo: 99995.6, rotte: {2: [(1, 17), (17, 16), (16, 20), (20, 12), (12, 11), (11, 14)], 3: [(1, 19), (19, 2), (2, 5), (5, 6), (6, 9), (9, 10), (10, 15)], 4: [(1, 18), (18, 3), (3, 4), (4, 7), (7, 8), (8, 13)]}, padri: [8, 8, 10, 13], figli: [], mosse: [(4, 4, 4, 3), (4, 4, 3, 4, 13), (4, 4, 8, 13, 2), (4, 4, 4, 7, 16)]
trasportoPalletDiGamma: {2: [(17, 6), (16, 5), (20, 11), (12, 1), (11, 20), (14, 3)], 3: [(19, 6), (2, 11), (5, 14), (6, 15), (9, 18), (10, 19), (15, 4)], 4: [(18, 19), (3, 12), (4, 13), (7, 16), (8, 17), (13, 2)]}
itMosseLS: 19, itMosseTS: 10
time elapsed: 463.29s.


##########################################################################################
s: 1
dictSolutions[1]:
0 -> costo: 194041.80000000002, rotte: {3: [(1, 8), (8, 17), (17, 19), (19, 11), (11, 10), (10, 16), (16, 20)], 4: [(1, 7), (7, 15), (15, 3), (3, 18), (18, 9), (9, 13), (13, 4)], 2: [(1, 14), (14, 2), (2, 12), (12, 5), (5, 6), (6, 4)]}, padri: [-1], figli: [1], mosse: [-1]
1 -> costo: 173252.1, rotte: {3: [(1, 8), (8, 19), (19, 11), (11, 10), (10, 17), (17, 16), (16, 20)], 4: [(1, 7), (7, 15), (15, 3), (3, 18), (18, 9), (9, 13), (13, 4)], 2: [(1, 14), (14, 2), (2, 12), (12, 5), (5, 6), (6, 4)]}, padri: [0], figli: [2], mosse: [(3, 3, 10, 17, 6)]
2 -> costo: 157824.80000000002, rotte: {3: [(1, 19), (19, 11), (11, 10), (10, 17), (17, 16), (16, 20)], 4: [(1, 7), (7, 15), (15, 3), (3, 18), (18, 8), (8, 9), (9, 13), (13, 4)], 2: [(1, 14), (14, 2), (2, 12), (12, 5), (5, 6), (6, 4)]}, padri: [1], figli: [3], mosse: [(4, 3, 18, 8, 17)]
3 -> costo: 142962.00000000003, rotte: {3: [(1, 19), (19, 11), (11, 10), (10, 17), (17, 16), (16, 20)], 4: [(1, 7), (7, 3), (3, 18), (18, 8), (8, 9), (9, 13), (13, 4), (4, 15)], 2: [(1, 14), (14, 2), (2, 12), (12, 5), (5, 6), (6, 4)]}, padri: [2], figli: [4], mosse: [(4, 4, 4, 15, 4)]
4 -> costo: 131167.2, rotte: {3: [(1, 19), (19, 11), (11, 10), (10, 17), (17, 16), (16, 20)], 4: [(1, 7), (7, 3), (3, 18), (18, 8), (8, 9), (9, 13), (13, 4), (4, 15)], 2: [(1, 14), (14, 12), (12, 2), (2, 5), (5, 6), (6, 4)]}, padri: [3], figli: [5], mosse: [(2, 2, 12, 2, 11)]
5 -> costo: 122470.5, rotte: {3: [(1, 19), (19, 20), (20, 11), (11, 10), (10, 17), (17, 16)], 4: [(1, 7), (7, 3), (3, 18), (18, 8), (8, 9), (9, 13), (13, 4), (4, 15)], 2: [(1, 14), (14, 12), (12, 2), (2, 5), (5, 6), (6, 4)]}, padri: [4], figli: [6], mosse: [(3, 3, 19, 20, 11)]
6 -> costo: 115888.4, rotte: {3: [(1, 19), (19, 20), (20, 11), (11, 10), (10, 17), (17, 16)], 4: [(1, 7), (7, 3), (3, 8), (8, 9), (9, 13), (13, 4), (4, 18), (18, 15)], 2: [(1, 14), (14, 12), (12, 2), (2, 5), (5, 6), (6, 4)]}, padri: [5], figli: [7], mosse: [(4, 4, 4, 18, 19)]
7 -> costo: 112689.80000000002, rotte: {3: [(1, 19), (19, 20), (20, 10), (10, 11), (11, 17), (17, 16)], 4: [(1, 7), (7, 3), (3, 8), (8, 9), (9, 13), (13, 4), (4, 18), (18, 15)], 2: [(1, 14), (14, 12), (12, 2), (2, 5), (5, 6), (6, 4)]}, padri: [6], figli: [8], mosse: [(3, 3, 10, 11, 20)]
8 -> costo: 111026.70000000001, rotte: {3: [(1, 19), (19, 20), (20, 10), (10, 11), (11, 17), (17, 16)], 4: [(1, 3), (3, 7), (7, 8), (8, 9), (9, 13), (13, 4), (4, 18), (18, 15)], 2: [(1, 14), (14, 12), (12, 2), (2, 5), (5, 6), (6, 4)]}, padri: [7], figli: [9], mosse: [(4, 4, 3, 7, 16)]
9 -> costo: 110283.80000000002, rotte: {3: [(1, 19), (19, 20), (20, 10), (10, 11), (11, 17), (17, 16)], 4: [(1, 3), (3, 7), (7, 8), (8, 9), (9, 13), (13, 4), (4, 18), (18, 15)], 2: [(1, 14), (14, 12), (12, 2), (2, 4), (4, 5), (5, 6)]}, padri: [8], figli: [10], mosse: [(2, 2, 2, 4, 6)]
10 -> costo: 110164.00000000001, rotte: {3: [(1, 19), (19, 20), (20, 10), (10, 14), (14, 11), (11, 17), (17, 16)], 4: [(1, 3), (3, 7), (7, 8), (8, 9), (9, 13), (13, 4), (4, 18), (18, 15)], 2: [(1, 12), (12, 2), (2, 4), (4, 5), (5, 6)]}, padri: [9], figli: [11, 12, 13, 14, 15, 16, 17], mosse: [(3, 2, 10, 14, 3)]
11 -> costo: 99778.50000000001, rotte: {3: [(1, 19), (19, 20), (20, 10), (10, 14), (14, 11), (11, 12), (12, 17), (17, 16)], 4: [(1, 3), (3, 7), (7, 8), (8, 9), (9, 13), (13, 4), (4, 18), (18, 15)], 2: [(1, 2), (2, 4), (4, 5), (5, 6)]}, padri: [10, 12, 15, 17], figli: [], mosse: [(3, 2, 11, 12, 1), (3, 3, 11, 12, 1), (3, 3, 11, 12, 1), (3, 3, 11, 12, 1)]
12 -> costo: 100241.8, rotte: {3: [(1, 19), (19, 20), (20, 10), (10, 14), (14, 12), (12, 11), (11, 17), (17, 16)], 4: [(1, 3), (3, 7), (7, 8), (8, 9), (9, 13), (13, 4), (4, 18), (18, 15)], 2: [(1, 2), (2, 4), (4, 5), (5, 6)]}, padri: [10, 15, 17], figli: [11], mosse: [(3, 2, 14, 12, 1), (3, 3, 14, 12, 1), (3, 3, 14, 12, 1)]
13 -> costo: 100366.80000000002, rotte: {3: [(1, 19), (19, 20), (20, 10), (10, 14), (14, 11), (11, 17), (17, 16)], 4: [(1, 3), (3, 7), (7, 8), (8, 9), (9, 12), (12, 13), (13, 4), (4, 18), (18, 15)], 2: [(1, 2), (2, 4), (4, 5), (5, 6)]}, padri: [10], figli: [], mosse: [(4, 2, 9, 12, 1)]
14 -> costo: 100366.80000000002, rotte: {3: [(1, 19), (19, 20), (20, 10), (10, 14), (14, 11), (11, 17), (17, 16)], 4: [(1, 3), (3, 7), (7, 8), (8, 9), (9, 13), (13, 12), (12, 4), (4, 18), (18, 15)], 2: [(1, 2), (2, 4), (4, 5), (5, 6)]}, padri: [10], figli: [], mosse: [(4, 2, 13, 12, 1)]
15 -> costo: 100438.6, rotte: {3: [(1, 19), (19, 20), (20, 10), (10, 12), (12, 14), (14, 11), (11, 17), (17, 16)], 4: [(1, 3), (3, 7), (7, 8), (8, 9), (9, 13), (13, 4), (4, 18), (18, 15)], 2: [(1, 2), (2, 4), (4, 5), (5, 6)]}, padri: [10], figli: [11, 12], mosse: [(3, 2, 10, 12, 1)]
16 -> costo: 107000.80000000002, rotte: {3: [(1, 19), (19, 20), (20, 10), (10, 14), (14, 11), (11, 17), (17, 16)], 4: [(1, 3), (3, 7), (7, 8), (8, 9), (9, 13), (13, 4), (4, 18), (18, 15)], 2: [(1, 2), (2, 4), (4, 5), (5, 6), (6, 12)]}, padri: [10], figli: [], mosse: [(2, 2, 6, 12, 1)]
17 -> costo: 107816.3, rotte: {3: [(1, 19), (19, 20), (20, 12), (12, 10), (10, 14), (14, 11), (11, 17), (17, 16)], 4: [(1, 3), (3, 7), (7, 8), (8, 9), (9, 13), (13, 4), (4, 18), (18, 15)], 2: [(1, 2), (2, 4), (4, 5), (5, 6)]}, padri: [10], figli: [11, 12], mosse: [(3, 2, 20, 12, 1)]
bestSolutionIndice: 11
11 -> costo: 99778.50000000001, rotte: {3: [(1, 19), (19, 20), (20, 10), (10, 14), (14, 11), (11, 12), (12, 17), (17, 16)], 4: [(1, 3), (3, 7), (7, 8), (8, 9), (9, 13), (13, 4), (4, 18), (18, 15)], 2: [(1, 2), (2, 4), (4, 5), (5, 6)]}, padri: [10, 12, 15, 17], figli: [], mosse: [(3, 2, 11, 12, 1), (3, 3, 11, 12, 1), (3, 3, 11, 12, 1), (3, 3, 11, 12, 1)]
trasportoPalletDiGamma: {3: [(19, 6), (20, 11), (10, 19), (14, 3), (11, 20), (12, 1), (17, 6), (16, 5)], 4: [(3, 12), (7, 16), (8, 17), (9, 18), (13, 2), (4, 7), (18, 19), (15, 4)], 2: [(2, 11), (4, 6), (5, 14), (6, 15)]}
itMosseLS: 22, itMosseTS: 10
time elapsed: 630.60s.


##########################################################################################
s: 1
dictSolutions[1]:
0 -> costo: 183800.40000000002, rotte: {4: [(1, 16), (16, 19), (19, 14), (14, 9), (9, 15), (15, 11), (11, 6), (6, 8)], 3: [(1, 4), (4, 13), (13, 20), (20, 12), (12, 10), (10, 7), (7, 18)], 2: [(1, 5), (5, 3), (3, 2), (2, 17), (17, 8)]}, padri: [-1], figli: [1], mosse: [-1]
1 -> costo: 160072.40000000002, rotte: {4: [(1, 19), (19, 14), (14, 9), (9, 16), (16, 15), (15, 11), (11, 6), (6, 8)], 3: [(1, 4), (4, 13), (13, 20), (20, 12), (12, 10), (10, 7), (7, 18)], 2: [(1, 5), (5, 3), (3, 2), (2, 17), (17, 8)]}, padri: [0], figli: [2], mosse: [(4, 4, 9, 16, 5)]
2 -> costo: 143830.7, rotte: {4: [(1, 19), (19, 14), (14, 9), (9, 16), (16, 15), (15, 11), (11, 6), (6, 8)], 3: [(1, 4), (4, 13), (13, 20), (20, 12), (12, 10), (10, 7), (7, 18)], 2: [(1, 5), (5, 3), (3, 2), (2, 17)]}, padri: [1], figli: [3], mosse: [(4, 2, 1, 8, 7)]
3 -> costo: 130338.0, rotte: {4: [(1, 19), (19, 14), (14, 9), (9, 16), (16, 15), (15, 11), (11, 6), (6, 8)], 3: [(1, 4), (4, 13), (13, 12), (12, 10), (10, 7), (7, 20), (20, 18)], 2: [(1, 5), (5, 3), (3, 2), (2, 17)]}, padri: [2], figli: [4], mosse: [(3, 3, 7, 20, 11)]
4 -> costo: 120371.5, rotte: {4: [(1, 19), (19, 14), (14, 16), (16, 15), (15, 11), (11, 6), (6, 8), (8, 9)], 3: [(1, 4), (4, 13), (13, 12), (12, 10), (10, 7), (7, 20), (20, 18)], 2: [(1, 5), (5, 3), (3, 2), (2, 17)]}, padri: [3], figli: [5], mosse: [(4, 4, 8, 9, 18)]
5 -> costo: 111356.1, rotte: {4: [(1, 19), (19, 16), (16, 15), (15, 11), (11, 14), (14, 6), (6, 8), (8, 9)], 3: [(1, 4), (4, 13), (13, 12), (12, 10), (10, 7), (7, 20), (20, 18)], 2: [(1, 5), (5, 3), (3, 2), (2, 17)]}, padri: [4], figli: [6], mosse: [(4, 4, 11, 14, 3)]
6 -> costo: 107653.5, rotte: {4: [(1, 19), (19, 16), (16, 15), (15, 11), (11, 14), (14, 6), (6, 8), (8, 9)], 3: [(1, 13), (13, 12), (12, 10), (10, 7), (7, 4), (4, 20), (20, 18)], 2: [(1, 5), (5, 3), (3, 2), (2, 17)]}, padri: [5], figli: [7], mosse: [(3, 3, 7, 4, 13)]
7 -> costo: 105548.40000000001, rotte: {4: [(1, 19), (19, 16), (16, 15), (15, 11), (11, 14), (14, 6), (6, 8), (8, 9)], 3: [(1, 18), (18, 13), (13, 12), (12, 10), (10, 7), (7, 4), (4, 20)], 2: [(1, 5), (5, 3), (3, 2), (2, 17)]}, padri: [6], figli: [8], mosse: [(3, 3, 1, 18, 19)]
8 -> costo: 100615.2, rotte: {4: [(1, 19), (19, 16), (16, 15), (15, 11), (11, 14), (14, 6), (6, 8), (8, 9)], 3: [(1, 18), (18, 20), (20, 13), (13, 12), (12, 10), (10, 7), (7, 4)], 2: [(1, 5), (5, 3), (3, 2), (2, 17)]}, padri: [7], figli: [9], mosse: [(3, 3, 18, 20, 11)]
9 -> costo: 99002.19999999998, rotte: {4: [(1, 19), (19, 16), (16, 15), (15, 11), (11, 14), (14, 6), (6, 8), (8, 9)], 3: [(1, 18), (18, 20), (20, 13), (13, 12), (12, 10), (10, 5), (5, 7), (7, 4)], 2: [(1, 3), (3, 2), (2, 17)]}, padri: [8], figli: [10], mosse: [(3, 2, 10, 5, 14)]
10 -> costo: 98460.40000000001, rotte: {4: [(1, 16), (16, 15), (15, 11), (11, 14), (14, 6), (6, 8), (8, 9)], 3: [(1, 18), (18, 20), (20, 13), (13, 12), (12, 10), (10, 5), (5, 7), (7, 4)], 2: [(1, 19), (19, 3), (3, 2), (2, 17)]}, padri: [9], figli: [11], mosse: [(2, 4, 1, 19, 6)]
11 -> costo: 97640.00000000001, rotte: {4: [(1, 15), (15, 11), (11, 14), (14, 6), (6, 8), (8, 9)], 3: [(1, 18), (18, 20), (20, 13), (13, 12), (12, 10), (10, 5), (5, 7), (7, 4)], 2: [(1, 19), (19, 3), (3, 2), (2, 17), (17, 16)]}, padri: [10], figli: [12, 14, 15, 16], mosse: [(2, 4, 17, 16, 5)]
12 -> costo: 82243.9, rotte: {4: [(1, 11), (11, 14), (14, 6), (6, 8), (8, 9)], 3: [(1, 18), (18, 20), (20, 13), (13, 12), (12, 10), (10, 5), (5, 7), (7, 4)], 2: [(1, 19), (19, 3), (3, 2), (2, 17), (17, 16), (16, 15)]}, padri: [11, 14, 16, 16, 16], figli: [13], mosse: [(2, 4, 16, 15, 4), (2, 2, 16, 15, 4), (2, 2, 15, 16), (2, 2, 17, 16, 5), (2, 2, 16, 15, 4)]
13 -> costo: 82205.79999999999, rotte: {4: [(1, 11), (11, 14), (14, 6), (6, 8), (8, 9)], 3: [(1, 18), (18, 20), (20, 12), (12, 13), (13, 10), (10, 5), (5, 7), (7, 4)], 2: [(1, 19), (19, 3), (3, 2), (2, 17), (17, 16), (16, 15)]}, padri: [12, 15], figli: [], mosse: [(3, 3, 12, 13, 2), (2, 2, 16, 15, 4)]
14 -> costo: 82352.90000000001, rotte: {4: [(1, 11), (11, 14), (14, 6), (6, 8), (8, 9)], 3: [(1, 18), (18, 20), (20, 13), (13, 12), (12, 10), (10, 5), (5, 7), (7, 4)], 2: [(1, 19), (19, 3), (3, 2), (2, 15), (15, 17), (17, 16)]}, padri: [11], figli: [12, 15], mosse: [(2, 4, 2, 15, 4)]
15 -> costo: 82314.8, rotte: {4: [(1, 11), (11, 14), (14, 6), (6, 8), (8, 9)], 3: [(1, 18), (18, 20), (20, 12), (12, 13), (13, 10), (10, 5), (5, 7), (7, 4)], 2: [(1, 19), (19, 3), (3, 2), (2, 15), (15, 17), (17, 16)]}, padri: [14], figli: [13], mosse: [(3, 3, 12, 13, 2)]
16 -> costo: 83093.9, rotte: {4: [(1, 11), (11, 14), (14, 6), (6, 8), (8, 9)], 3: [(1, 18), (18, 20), (20, 13), (13, 12), (12, 10), (10, 5), (5, 7), (7, 4)], 2: [(1, 19), (19, 3), (3, 2), (2, 17), (17, 15), (15, 16)]}, padri: [11], figli: [17, 12, 12, 12], mosse: [(2, 4, 17, 15, 4)]
17 -> costo: 82243.90000000001, rotte: {4: [(1, 11), (11, 14), (14, 6), (6, 8), (8, 9)], 3: [(1, 18), (18, 20), (20, 13), (13, 12), (12, 10), (10, 5), (5, 7), (7, 4)], 2: [(1, 19), (19, 3), (3, 2), (2, 16), (16, 17), (17, 15)]}, padri: [16], figli: [18], mosse: [(2, 2, 2, 16, 5)]
18 -> costo: 82205.8, rotte: {4: [(1, 11), (11, 14), (14, 6), (6, 8), (8, 9)], 3: [(1, 18), (18, 20), (20, 12), (12, 13), (13, 10), (10, 5), (5, 7), (7, 4)], 2: [(1, 19), (19, 3), (3, 2), (2, 16), (16, 17), (17, 15)]}, padri: [17], figli: [], mosse: [(3, 3, 12, 13, 2)]
bestSolutionIndice: 13
13 -> costo: 82205.79999999999, rotte: {4: [(1, 11), (11, 14), (14, 6), (6, 8), (8, 9)], 3: [(1, 18), (18, 20), (20, 12), (12, 13), (13, 10), (10, 5), (5, 7), (7, 4)], 2: [(1, 19), (19, 3), (3, 2), (2, 17), (17, 16), (16, 15)]}, padri: [12, 15], figli: [], mosse: [(3, 3, 12, 13, 2), (2, 2, 16, 15, 4)]
trasportoPalletDiGamma: {4: [(11, 20), (14, 3), (6, 15), (8, 17), (9, 18)], 3: [(18, 19), (20, 11), (12, 1), (13, 2), (10, 19), (5, 14), (7, 16), (4, 13)], 2: [(19, 6), (3, 12), (2, 11), (17, 6), (16, 5), (15, 4)]}
itMosseLS: 23, itMosseTS: 10
time elapsed: 166.05s.


##########################################################################################
s: 1
dictSolutions[1]:
0 -> costo: 158568.59999999998, rotte: {4: [(1, 7), (7, 3), (3, 10), (10, 9), (9, 2), (2, 6), (6, 19)], 2: [(1, 4), (4, 14), (14, 5), (5, 17), (17, 13), (13, 16)], 3: [(1, 12), (12, 20), (20, 8), (8, 11), (11, 18), (18, 15)]}, padri: [-1], figli: [1], mosse: [-1]
1 -> costo: 138539.2, rotte: {4: [(1, 7), (7, 3), (3, 10), (10, 9), (9, 2), (2, 6), (6, 19)], 2: [(1, 4), (4, 14), (14, 5), (5, 13), (13, 17), (17, 16)], 3: [(1, 12), (12, 20), (20, 8), (8, 11), (11, 18), (18, 15)]}, padri: [0], figli: [2], mosse: [(2, 2, 13, 17, 6)]
2 -> costo: 124212.3, rotte: {4: [(1, 7), (7, 3), (3, 10), (10, 9), (9, 2), (2, 6), (6, 19)], 2: [(1, 4), (4, 14), (14, 5), (5, 13), (13, 12), (12, 17), (17, 16)], 3: [(1, 20), (20, 8), (8, 11), (11, 18), (18, 15)]}, padri: [1], figli: [3], mosse: [(2, 3, 13, 12, 1)]
3 -> costo: 112416.5, rotte: {4: [(1, 7), (7, 3), (3, 10), (10, 9), (9, 2), (2, 6), (6, 19)], 2: [(1, 4), (4, 5), (5, 14), (14, 13), (13, 12), (12, 17), (17, 16)], 3: [(1, 20), (20, 8), (8, 11), (11, 18), (18, 15)]}, padri: [2], figli: [4], mosse: [(2, 2, 5, 14, 3)]
4 -> costo: 106821.90000000001, rotte: {4: [(1, 19), (19, 7), (7, 3), (3, 10), (10, 9), (9, 2), (2, 6)], 2: [(1, 4), (4, 5), (5, 14), (14, 13), (13, 12), (12, 17), (17, 16)], 3: [(1, 20), (20, 8), (8, 11), (11, 18), (18, 15)]}, padri: [3], figli: [5], mosse: [(4, 4, 1, 19, 6)]
5 -> costo: 104082.1, rotte: {4: [(1, 19), (19, 7), (7, 3), (3, 10), (10, 2), (2, 6), (6, 9)], 2: [(1, 4), (4, 5), (5, 14), (14, 13), (13, 12), (12, 17), (17, 16)], 3: [(1, 20), (20, 8), (8, 11), (11, 18), (18, 15)]}, padri: [4], figli: [6], mosse: [(4, 4, 6, 9, 18)]
6 -> costo: 102076.10000000002, rotte: {4: [(1, 19), (19, 7), (7, 3), (3, 10), (10, 2), (2, 6), (6, 9)], 2: [(1, 4), (4, 5), (5, 14), (14, 13), (13, 12), (12, 17), (17, 16)], 3: [(1, 8), (8, 11), (11, 18), (18, 20), (20, 15)]}, padri: [5], figli: [7], mosse: [(3, 3, 18, 20, 11)]
7 -> costo: 100944.10000000002, rotte: {4: [(1, 19), (19, 3), (3, 10), (10, 2), (2, 6), (6, 7), (7, 9)], 2: [(1, 4), (4, 5), (5, 14), (14, 13), (13, 12), (12, 17), (17, 16)], 3: [(1, 8), (8, 11), (11, 18), (18, 20), (20, 15)]}, padri: [6], figli: [8, 12], mosse: [(4, 4, 6, 7, 16)]
8 -> costo: 100344.20000000001, rotte: {4: [(1, 19), (19, 3), (3, 2), (2, 10), (10, 6), (6, 7), (7, 9)], 2: [(1, 4), (4, 5), (5, 14), (14, 13), (13, 12), (12, 17), (17, 16)], 3: [(1, 8), (8, 11), (11, 18), (18, 20), (20, 15)]}, padri: [7], figli: [9, 11], mosse: [(4, 4, 2, 10, 19)]
9 -> costo: 100132.40000000001, rotte: {4: [(1, 19), (19, 2), (2, 3), (3, 10), (10, 6), (6, 7), (7, 9)], 2: [(1, 4), (4, 5), (5, 14), (14, 13), (13, 12), (12, 17), (17, 16)], 3: [(1, 8), (8, 11), (11, 18), (18, 20), (20, 15)]}, padri: [8, 12], figli: [10], mosse: [(4, 4, 2, 3, 12), (4, 4, 3, 10, 19)]
10 -> costo: 100106.40000000002, rotte: {4: [(1, 19), (19, 2), (2, 3), (3, 10), (10, 6), (6, 7), (7, 9)], 2: [(1, 5), (5, 4), (4, 14), (14, 13), (13, 12), (12, 17), (17, 16)], 3: [(1, 8), (8, 11), (11, 18), (18, 20), (20, 15)]}, padri: [9, 11], figli: [], mosse: [(2, 2, 5, 4, 13), (4, 4, 2, 3, 12)]
11 -> costo: 100318.20000000001, rotte: {4: [(1, 19), (19, 3), (3, 2), (2, 10), (10, 6), (6, 7), (7, 9)], 2: [(1, 5), (5, 4), (4, 14), (14, 13), (13, 12), (12, 17), (17, 16)], 3: [(1, 8), (8, 11), (11, 18), (18, 20), (20, 15)]}, padri: [8], figli: [10], mosse: [(2, 2, 5, 4, 13)]
12 -> costo: 100562.50000000001, rotte: {4: [(1, 19), (19, 10), (10, 2), (2, 3), (3, 6), (6, 7), (7, 9)], 2: [(1, 4), (4, 5), (5, 14), (14, 13), (13, 12), (12, 17), (17, 16)], 3: [(1, 8), (8, 11), (11, 18), (18, 20), (20, 15)]}, padri: [7], figli: [13, 9], mosse: [(4, 4, 2, 3, 12)]
13 -> costo: 99432.20000000001, rotte: {4: [(1, 19), (19, 10), (10, 2), (2, 3), (3, 7), (7, 6), (6, 9)], 2: [(1, 4), (4, 5), (5, 14), (14, 13), (13, 12), (12, 17), (17, 16)], 3: [(1, 8), (8, 11), (11, 18), (18, 20), (20, 15)]}, padri: [12], figli: [14, 16], mosse: [(4, 4, 7, 6, 15)]
14 -> costo: 99194.00000000001, rotte: {4: [(1, 19), (19, 2), (2, 3), (3, 7), (7, 6), (6, 10), (10, 9)], 2: [(1, 4), (4, 5), (5, 14), (14, 13), (13, 12), (12, 17), (17, 16)], 3: [(1, 8), (8, 11), (11, 18), (18, 20), (20, 15)]}, padri: [13], figli: [15], mosse: [(4, 4, 6, 10, 19)]
15 -> costo: 99168.00000000001, rotte: {4: [(1, 19), (19, 2), (2, 3), (3, 7), (7, 6), (6, 10), (10, 9)], 2: [(1, 5), (5, 4), (4, 14), (14, 13), (13, 12), (12, 17), (17, 16)], 3: [(1, 8), (8, 11), (11, 18), (18, 20), (20, 15)]}, padri: [14, 16], figli: [], mosse: [(2, 2, 5, 4, 13), (4, 4, 6, 10, 19)]
16 -> costo: 99406.20000000001, rotte: {4: [(1, 19), (19, 10), (10, 2), (2, 3), (3, 7), (7, 6), (6, 9)], 2: [(1, 5), (5, 4), (4, 14), (14, 13), (13, 12), (12, 17), (17, 16)], 3: [(1, 8), (8, 11), (11, 18), (18, 20), (20, 15)]}, padri: [13], figli: [15], mosse: [(2, 2, 5, 4, 13)]
bestSolutionIndice: 15
15 -> costo: 99168.00000000001, rotte: {4: [(1, 19), (19, 2), (2, 3), (3, 7), (7, 6), (6, 10), (10, 9)], 2: [(1, 5), (5, 4), (4, 14), (14, 13), (13, 12), (12, 17), (17, 16)], 3: [(1, 8), (8, 11), (11, 18), (18, 20), (20, 15)]}, padri: [14, 16], figli: [], mosse: [(2, 2, 5, 4, 13), (4, 4, 6, 10, 19)]
trasportoPalletDiGamma: {4: [(19, 6), (2, 11), (3, 12), (7, 16), (6, 15), (10, 19), (9, 18)], 2: [(5, 14), (4, 13), (14, 3), (13, 2), (12, 1), (17, 6), (16, 5)], 3: [(8, 17), (11, 20), (18, 19), (20, 11), (15, 4)]}
itMosseLS: 19, itMosseTS: 10
time elapsed: 438.42s.


##########################################################################################
s: 1
dictSolutions[1]:
0 -> costo: 187649.29999999996, rotte: {3: [(1, 3), (3, 17), (17, 9), (9, 11), (11, 10), (10, 4), (4, 5)], 2: [(1, 7), (7, 8), (8, 12), (12, 20), (20, 6)], 4: [(1, 13), (13, 18), (18, 15), (15, 2), (2, 14), (14, 16), (16, 19), (19, 6), (6, 5)]}, padri: [-1], figli: [1], mosse: [-1]
1 -> costo: 168725.39999999997, rotte: {3: [(1, 3), (3, 17), (17, 9), (9, 11), (11, 10), (10, 4), (4, 5)], 2: [(1, 7), (7, 8), (8, 12), (12, 20), (20, 6)], 4: [(1, 13), (13, 18), (18, 2), (2, 14), (14, 15), (15, 16), (16, 19), (19, 6), (6, 5)]}, padri: [0], figli: [2], mosse: [(4, 4, 14, 15, 4)]
2 -> costo: 150297.29999999996, rotte: {3: [(1, 3), (3, 17), (17, 9), (9, 11), (11, 10), (10, 4), (4, 5)], 2: [(1, 7), (7, 8), (8, 12), (12, 20), (20, 6)], 4: [(1, 18), (18, 2), (2, 14), (14, 13), (13, 15), (15, 16), (16, 19), (19, 6), (6, 5)]}, padri: [1], figli: [3], mosse: [(4, 4, 14, 13, 2)]
3 -> costo: 137840.69999999995, rotte: {3: [(1, 3), (3, 9), (9, 11), (11, 10), (10, 4), (4, 5), (5, 17)], 2: [(1, 7), (7, 8), (8, 12), (12, 20), (20, 6)], 4: [(1, 18), (18, 2), (2, 14), (14, 13), (13, 15), (15, 16), (16, 19), (19, 6), (6, 5)]}, padri: [2], figli: [4], mosse: [(3, 3, 5, 17, 6)]
4 -> costo: 131713.89999999997, rotte: {3: [(1, 3), (3, 9), (9, 11), (11, 10), (10, 4), (4, 5), (5, 17)], 2: [(1, 6), (6, 7), (7, 8), (8, 12), (12, 20)], 4: [(1, 18), (18, 2), (2, 14), (14, 13), (13, 15), (15, 16), (16, 19), (19, 6), (6, 5)]}, padri: [3], figli: [5], mosse: [(2, 2, 1, 6, 5)]
5 -> costo: 126633.19999999997, rotte: {3: [(1, 3), (3, 9), (9, 11), (11, 10), (10, 4), (4, 5), (5, 17)], 2: [(1, 20), (20, 6), (6, 7), (7, 8), (8, 12)], 4: [(1, 18), (18, 2), (2, 14), (14, 13), (13, 15), (15, 16), (16, 19), (19, 6), (6, 5)]}, padri: [4], figli: [6], mosse: [(2, 2, 1, 20, 11)]
6 -> costo: 122995.09999999996, rotte: {3: [(1, 3), (3, 9), (9, 10), (10, 4), (4, 5), (5, 11), (11, 17)], 2: [(1, 20), (20, 6), (6, 7), (7, 8), (8, 12)], 4: [(1, 18), (18, 2), (2, 14), (14, 13), (13, 15), (15, 16), (16, 19), (19, 6), (6, 5)]}, padri: [5], figli: [7], mosse: [(3, 3, 5, 11, 20)]
7 -> costo: 121039.09999999998, rotte: {3: [(1, 3), (3, 9), (9, 10), (10, 4), (4, 5), (5, 11), (11, 17)], 2: [(1, 20), (20, 6), (6, 7), (7, 8), (8, 12)], 4: [(1, 18), (18, 14), (14, 13), (13, 15), (15, 16), (16, 19), (19, 2), (2, 6), (6, 5)]}, padri: [6], figli: [8], mosse: [(4, 4, 19, 2, 11)]
8 -> costo: 119118.09999999999, rotte: {3: [(1, 3), (3, 9), (9, 10), (10, 4), (4, 5), (5, 11), (11, 17)], 2: [(1, 6), (6, 7), (7, 8), (8, 12)], 4: [(1, 18), (18, 14), (14, 13), (13, 15), (15, 16), (16, 20), (20, 19), (19, 2), (2, 6), (6, 5)]}, padri: [7], figli: [9], mosse: [(4, 2, 16, 20, 11)]
9 -> costo: 117342.2, rotte: {3: [(1, 3), (3, 10), (10, 4), (4, 5), (5, 9), (9, 11), (11, 17)], 2: [(1, 6), (6, 7), (7, 8), (8, 12)], 4: [(1, 18), (18, 14), (14, 13), (13, 15), (15, 16), (16, 20), (20, 19), (19, 2), (2, 6), (6, 5)]}, padri: [8], figli: [10], mosse: [(3, 3, 5, 9, 18)]
10 -> costo: 116209.09999999999, rotte: {3: [(1, 3), (3, 10), (10, 4), (4, 5), (5, 9), (9, 11), (11, 17)], 2: [(1, 6), (6, 7), (7, 8), (8, 12)], 4: [(1, 18), (18, 14), (14, 13), (13, 15), (15, 16), (16, 20), (20, 19), (19, 2), (2, 5)]}, padri: [9], figli: [11], mosse: [(2, 4, 1, 6, 10)]
11 -> costo: 115367.49999999999, rotte: {3: [(1, 3), (3, 4), (4, 5), (5, 10), (10, 9), (9, 11), (11, 17)], 2: [(1, 6), (6, 7), (7, 8), (8, 12)], 4: [(1, 18), (18, 14), (14, 13), (13, 15), (15, 16), (16, 20), (20, 19), (19, 2), (2, 5)]}, padri: [10], figli: [12, 12, 12, 12, 12, 12, 12, 12, 12], mosse: [(3, 3, 5, 10, 19)]
12 -> costo: 114511.69999999998, rotte: {3: [(1, 3), (3, 4), (4, 10), (10, 9), (9, 11), (11, 17)], 2: [(1, 6), (6, 7), (7, 8), (8, 12)], 4: [(1, 18), (18, 14), (14, 13), (13, 15), (15, 16), (16, 20), (20, 19), (19, 2), (2, 5)]}, padri: [11, 11, 11, 11, 11, 11, 11, 11, 11], figli: [], mosse: [(4, 3, 1, 5, 12), (4, 3, 18, 5, 12), (4, 3, 14, 5, 12), (4, 3, 13, 5, 12), (4, 3, 15, 5, 12), (4, 3, 16, 5, 12), (4, 3, 20, 5, 12), (4, 3, 19, 5, 12), (4, 3, 2, 5, 12)]
bestSolutionIndice: 12
12 -> costo: 114511.69999999998, rotte: {3: [(1, 3), (3, 4), (4, 10), (10, 9), (9, 11), (11, 17)], 2: [(1, 6), (6, 7), (7, 8), (8, 12)], 4: [(1, 18), (18, 14), (14, 13), (13, 15), (15, 16), (16, 20), (20, 19), (19, 2), (2, 5)]}, padri: [11, 11, 11, 11, 11, 11, 11, 11, 11], figli: [], mosse: [(4, 3, 1, 5, 12), (4, 3, 18, 5, 12), (4, 3, 14, 5, 12), (4, 3, 13, 5, 12), (4, 3, 15, 5, 12), (4, 3, 16, 5, 12), (4, 3, 20, 5, 12), (4, 3, 19, 5, 12), (4, 3, 2, 5, 12)]
trasportoPalletDiGamma: {3: [(3, 12), (4, 13), (10, 19), (9, 18), (11, 20), (17, 6)], 2: [(6, 15), (7, 16), (8, 17), (12, 1)], 4: [(18, 19), (14, 3), (13, 2), (15, 4), (16, 5), (20, 11), (19, 6), (2, 11), (5, 14)]}
itMosseLS: 20, itMosseTS: 9
time elapsed: 391.09s.


##########################################################################################
##########################################################################################
##########################################################################################
##########################################################################################
##########################################################################################
##########################################################################################
##########################################################################################
##########################################################################################
##########################################################################################
##########################################################################################
##########################################################################################
##########################################################################################
