itNSIMax: 10, itMosseTSMax: 50.
##########################################################################################
s: 1, itNSI: 1.
soluzione iniziale: 0
0 -> 
costo: 160541.99999999997, 
rotte: {4: [(1, 12), (12, 10), (10, 14), (14, 19), (19, 13), (13, 7), (7, 5), (5, 9)], 3: [(1, 2), (2, 8), (8, 20), (20, 17), (17, 15), (15, 3), (3, 6), (6, 11)], 2: [(1, 4), (4, 18), (18, 16), (16, 11)]}
trasportoPalletDiGamma: {4: [(12, 1), (10, 19), (14, 3), (19, 6), (13, 2), (7, 16), (5, 14), (9, 18)], 3: [(2, 11), (8, 17), (20, 11), (17, 6), (15, 4), (3, 12), (6, 15), (11, 7)], 2: [(4, 13), (18, 19), (16, 5), (11, 13)]}
bestSolutionIndice: 11
11 -> 
costo: 95201.3, 
rotte: {4: [(1, 19), (19, 13), (13, 12), (12, 14), (14, 10), (10, 4), (4, 7), (7, 5), (5, 9)], 3: [(1, 20), (20, 17), (17, 15), (15, 11), (11, 2), (2, 3), (3, 6), (6, 8)], 2: [(1, 18), (18, 16)]}
trasportoPalletDiGamma: {4: [(19, 6), (13, 2), (12, 1), (14, 3), (10, 19), (4, 13), (7, 16), (5, 14), (9, 18)], 3: [(20, 11), (17, 6), (15, 4), (11, 20), (2, 11), (3, 12), (6, 15), (8, 17)], 2: [(18, 19), (16, 5)]}
itMosseLS: 61, itMosseTS: 50
numero di soluzioni totali trovati: 33.
time elapsed: 1302.63s.


##########################################################################################
s: 1, itNSI: 2.
soluzione iniziale: 0
0 -> 
costo: 132152.3, 
rotte: {4: [(1, 18), (18, 12), (12, 7), (7, 6), (6, 19), (19, 9), (9, 20)], 3: [(1, 14), (14, 5), (5, 4), (4, 10), (10, 3), (3, 8)], 2: [(1, 2), (2, 15), (15, 17), (17, 13), (13, 11), (11, 16)]}
trasportoPalletDiGamma: {4: [(18, 19), (12, 1), (7, 16), (6, 15), (19, 6), (9, 18), (20, 11)], 3: [(14, 3), (5, 14), (4, 13), (10, 19), (3, 12), (8, 17)], 2: [(2, 11), (15, 4), (17, 6), (13, 2), (11, 20), (16, 5)]}
bestSolutionIndice: 10
10 -> 
costo: 86181.40000000001, 
rotte: {4: [(1, 18), (18, 19), (19, 20), (20, 12), (12, 14), (14, 6), (6, 7), (7, 9)], 3: [(1, 2), (2, 5), (5, 4), (4, 3), (3, 10), (10, 8)], 2: [(1, 15), (15, 16), (16, 17), (17, 13), (13, 11)]}
trasportoPalletDiGamma: {4: [(18, 19), (19, 6), (20, 11), (12, 1), (14, 3), (6, 15), (7, 16), (9, 18)], 3: [(2, 11), (5, 14), (4, 13), (3, 12), (10, 19), (8, 17)], 2: [(15, 4), (16, 5), (17, 6), (13, 2), (11, 20)]}
itMosseLS: 67, itMosseTS: 50
numero di soluzioni totali trovati: 44.
time elapsed: 1482.73s.


##########################################################################################
s: 1, itNSI: 3.
soluzione iniziale: 0
0 -> 
costo: 158479.6, 
rotte: {2: [(1, 16), (16, 19), (19, 2), (2, 12), (12, 14), (14, 4), (4, 13)], 3: [(1, 11), (11, 18), (18, 7), (7, 8), (8, 6), (6, 5)], 4: [(1, 3), (3, 15), (15, 17), (17, 9), (9, 10), (10, 20), (20, 5)]}
trasportoPalletDiGamma: {2: [(16, 5), (19, 6), (2, 11), (12, 1), (14, 3), (4, 13), (13, 2)], 3: [(11, 20), (18, 19), (7, 16), (8, 17), (6, 15), (5, 13)], 4: [(3, 12), (15, 4), (17, 6), (9, 18), (10, 19), (20, 11), (5, 1)]}
bestSolutionIndice: 13
13 -> 
costo: 83881.70000000001, 
rotte: {2: [(1, 19), (19, 2), (2, 4), (4, 13), (13, 12), (12, 14)], 3: [(1, 18), (18, 3), (3, 7), (7, 5), (5, 6), (6, 8)], 4: [(1, 20), (20, 15), (15, 16), (16, 17), (17, 11), (11, 10), (10, 9)]}
trasportoPalletDiGamma: {2: [(19, 6), (2, 11), (4, 13), (13, 2), (12, 1), (14, 3)], 3: [(18, 19), (3, 12), (7, 16), (5, 14), (6, 15), (8, 17)], 4: [(20, 11), (15, 4), (16, 5), (17, 6), (11, 20), (10, 19), (9, 18)]}
itMosseLS: 53, itMosseTS: 43
numero di soluzioni totali trovati: 23.
time elapsed: 815.36s.


##########################################################################################
##########################################################################################
##########################################################################################
##########################################################################################
##########################################################################################
##########################################################################################
##########################################################################################
##########################################################################################
##########################################################################################
##########################################################################################
Soluzione migliore in assoluto trovata:

s: 1
itNSI: 3, 
costo: 83881.70000000001, 
rotte: {2: [(1, 19), (19, 2), (2, 4), (4, 13), (13, 12), (12, 14)], 3: [(1, 18), (18, 3), (3, 7), (7, 5), (5, 6), (6, 8)], 4: [(1, 20), (20, 15), (15, 16), (16, 17), (17, 11), (11, 10), (10, 9)]}
trasportoPalletDiGamma: {2: [(19, 6), (2, 11), (4, 13), (13, 2), (12, 1), (14, 3)], 3: [(18, 19), (3, 12), (7, 16), (5, 14), (6, 15), (8, 17)], 4: [(20, 11), (15, 4), (16, 5), (17, 6), (11, 20), (10, 19), (9, 18)]}

Total time elapsed: 3603.46s.