itNSIMax: 50, itMosseTSMax: 15.
##########################################################################################
s: 1, itNSI: 1.
soluzione iniziale: 0
0 -> 
costo: 175961.2, 
rotte: {4: [(1, 4), (4, 20), (20, 6), (6, 12), (12, 16), (16, 19), (19, 17), (17, 8), (8, 7)], 2: [(1, 18), (18, 9), (9, 7)], 3: [(1, 15), (15, 3), (3, 13), (13, 5), (5, 11), (11, 10), (10, 2), (2, 14)]}
trasportoPalletDiGamma: {4: [(4, 13), (20, 11), (6, 15), (12, 1), (16, 5), (19, 6), (17, 6), (8, 17), (7, 3)], 2: [(18, 19), (9, 18), (7, 13)], 3: [(15, 4), (3, 12), (13, 2), (5, 14), (11, 20), (10, 19), (2, 11), (14, 3)]}
bestSolutionIndice: 18
18 -> 
costo: 83398.7, 
rotte: {4: [(1, 18), (18, 16), (16, 17), (17, 15), (15, 20), (20, 19), (19, 6), (6, 7), (7, 8)], 2: [(1, 9)], 3: [(1, 2), (2, 3), (3, 4), (4, 5), (5, 10), (10, 13), (13, 12), (12, 11), (11, 14)]}
trasportoPalletDiGamma: {4: [(18, 19), (16, 5), (17, 6), (15, 4), (20, 11), (19, 6), (6, 15), (7, 16), (8, 17)], 2: [(9, 18)], 3: [(2, 11), (3, 12), (4, 13), (5, 14), (10, 19), (13, 2), (12, 1), (11, 20), (14, 3)]}
itMosseLS: 30, itMosseTS: 15
numero di soluzioni totali trovati: 25.
time elapsed: 469.37s.


##########################################################################################
s: 1, itNSI: 2.
soluzione iniziale: 0
0 -> 
costo: 175760.90000000002, 
rotte: {4: [(1, 4), (4, 5), (5, 16), (16, 10), (10, 6), (6, 15), (15, 9), (9, 17)], 2: [(1, 18), (18, 2), (2, 19), (19, 8)], 3: [(1, 13), (13, 3), (3, 14), (14, 20), (20, 7), (7, 12), (12, 11), (11, 8)]}
trasportoPalletDiGamma: {4: [(4, 13), (5, 14), (16, 5), (10, 19), (6, 15), (15, 4), (9, 18), (17, 6)], 2: [(18, 19), (2, 11), (19, 6), (8, 14)], 3: [(13, 2), (3, 12), (14, 3), (20, 11), (7, 16), (12, 1), (11, 20), (8, 3)]}
bestSolutionIndice: 15
15 -> 
costo: 80173.8, 
rotte: {4: [(1, 19), (19, 6), (6, 9), (9, 10), (10, 16), (16, 17), (17, 15)], 2: [(1, 2), (2, 5), (5, 8)], 3: [(1, 18), (18, 20), (20, 3), (3, 4), (4, 7), (7, 8), (8, 13), (13, 12), (12, 11), (11, 14)]}
trasportoPalletDiGamma: {4: [(19, 6), (6, 15), (9, 18), (10, 19), (16, 5), (17, 6), (15, 4)], 2: [(2, 11), (5, 14), (8, 14)], 3: [(18, 19), (20, 11), (3, 12), (4, 13), (7, 16), (8, 3), (13, 2), (12, 1), (11, 20), (14, 3)]}
itMosseLS: 30, itMosseTS: 15
numero di soluzioni totali trovati: 26.
time elapsed: 668.32s.


##########################################################################################
s: 1, itNSI: 3.
soluzione iniziale: 0
0 -> 
costo: 175227.8, 
rotte: {4: [(1, 8), (8, 19), (19, 3), (3, 9), (9, 2), (2, 6), (6, 16), (16, 11)], 3: [(1, 15), (15, 10), (10, 7), (7, 4), (4, 12), (12, 18), (18, 14)], 2: [(1, 5), (5, 17), (17, 20), (20, 13), (13, 11)]}
trasportoPalletDiGamma: {4: [(8, 17), (19, 6), (3, 12), (9, 18), (2, 11), (6, 15), (16, 5), (11, 3)], 3: [(15, 4), (10, 19), (7, 16), (4, 13), (12, 1), (18, 19), (14, 3)], 2: [(5, 14), (17, 6), (20, 11), (13, 2), (11, 17)]}
bestSolutionIndice: 12
12 -> 
costo: 77741.3, 
rotte: {4: [(1, 19), (19, 8), (8, 9), (9, 6), (6, 3), (3, 2), (2, 17), (17, 16), (16, 15)], 3: [(1, 18), (18, 5), (5, 7), (7, 4), (4, 10), (10, 12), (12, 14)], 2: [(1, 20), (20, 13), (13, 11)]}
trasportoPalletDiGamma: {4: [(19, 6), (8, 17), (9, 18), (6, 15), (3, 12), (2, 11), (17, 6), (16, 5), (15, 4)], 3: [(18, 19), (5, 14), (7, 16), (4, 13), (10, 19), (12, 1), (14, 3)], 2: [(20, 11), (13, 2), (11, 20)]}
itMosseLS: 27, itMosseTS: 15
numero di soluzioni totali trovati: 23.
time elapsed: 328.80s.


##########################################################################################
s: 1, itNSI: 4.
soluzione iniziale: 0
0 -> 
costo: 155103.5, 
rotte: {3: [(1, 18), (18, 3), (3, 9), (9, 8), (8, 12), (12, 5), (5, 2)], 4: [(1, 20), (20, 16), (16, 6), (6, 4), (4, 10), (10, 17), (17, 13)], 2: [(1, 15), (15, 19), (19, 11), (11, 14), (14, 7), (7, 13)]}
trasportoPalletDiGamma: {3: [(18, 19), (3, 12), (9, 18), (8, 17), (12, 1), (5, 14), (2, 11)], 4: [(20, 11), (16, 5), (6, 15), (4, 13), (10, 19), (17, 6), (13, 1)], 2: [(15, 4), (19, 6), (11, 20), (14, 3), (7, 16), (13, 1)]}
bestSolutionIndice: 26
26 -> 
costo: 84437.4, 
rotte: {3: [(1, 9), (9, 8), (8, 5), (5, 7), (7, 3), (3, 2), (2, 13), (13, 12)], 4: [(1, 18), (18, 20), (20, 15), (15, 16), (16, 17), (17, 10), (10, 4), (4, 6)], 2: [(1, 19), (19, 11), (11, 14)]}
trasportoPalletDiGamma: {3: [(9, 18), (8, 17), (5, 14), (7, 16), (3, 12), (2, 11), (13, 2), (12, 1)], 4: [(18, 19), (20, 11), (15, 4), (16, 5), (17, 6), (10, 19), (4, 13), (6, 15)], 2: [(19, 6), (11, 20), (14, 3)]}
itMosseLS: 31, itMosseTS: 15
numero di soluzioni totali trovati: 28.
time elapsed: 610.40s.


##########################################################################################
s: 1, itNSI: 5.
soluzione iniziale: 0
0 -> 
costo: 182311.0, 
rotte: {3: [(1, 5), (5, 12), (12, 8), (8, 15), (15, 3), (3, 16), (16, 9), (9, 14)], 2: [(1, 18), (18, 4), (4, 2), (2, 7)], 4: [(1, 11), (11, 17), (17, 6), (6, 20), (20, 19), (19, 10), (10, 13), (13, 7)]}
trasportoPalletDiGamma: {3: [(5, 14), (12, 1), (8, 17), (15, 4), (3, 12), (16, 5), (9, 18), (14, 3)], 2: [(18, 19), (4, 13), (2, 11), (7, 7)], 4: [(11, 20), (17, 6), (6, 15), (20, 11), (19, 6), (10, 19), (13, 2), (7, 9)]}
bestSolutionIndice: 15
15 -> 
costo: 86985.3, 
rotte: {3: [(1, 19), (19, 8), (8, 9), (9, 3), (3, 17), (17, 16), (16, 15), (15, 12), (12, 11), (11, 14)], 2: [(1, 2), (2, 4), (4, 7)], 4: [(1, 18), (18, 20), (20, 6), (6, 7), (7, 5), (5, 10), (10, 13)]}
trasportoPalletDiGamma: {3: [(19, 6), (8, 17), (9, 18), (3, 12), (17, 6), (16, 5), (15, 4), (12, 1), (11, 20), (14, 3)], 2: [(2, 11), (4, 13), (7, 7)], 4: [(18, 19), (20, 11), (6, 15), (7, 9), (5, 14), (10, 19), (13, 2)]}
itMosseLS: 28, itMosseTS: 15
numero di soluzioni totali trovati: 26.
time elapsed: 386.89s.


##########################################################################################
s: 1, itNSI: 6.
soluzione iniziale: 0
0 -> 
costo: 170591.7, 
rotte: {2: [(1, 5), (5, 18), (18, 4), (4, 2)], 4: [(1, 10), (10, 15), (15, 19), (19, 6), (6, 13), (13, 8), (8, 14), (14, 11)], 3: [(1, 7), (7, 16), (16, 20), (20, 17), (17, 12), (12, 3), (3, 9), (9, 2)]}
trasportoPalletDiGamma: {2: [(5, 14), (18, 19), (4, 13), (2, 4)], 4: [(10, 19), (15, 4), (19, 6), (6, 15), (13, 2), (8, 17), (14, 3), (11, 20)], 3: [(7, 16), (16, 5), (20, 11), (17, 6), (12, 1), (3, 12), (9, 18), (2, 7)]}
bestSolutionIndice: 13
13 -> 
costo: 97596.20000000003, 
rotte: {2: [(1, 18), (18, 2), (2, 4)], 4: [(1, 19), (19, 10), (10, 6), (6, 8), (8, 14), (14, 11), (11, 13), (13, 15)], 3: [(1, 20), (20, 16), (16, 17), (17, 12), (12, 3), (3, 7), (7, 5), (5, 9)]}
trasportoPalletDiGamma: {2: [(18, 19), (2, 11), (4, 13)], 4: [(19, 6), (10, 19), (6, 15), (8, 17), (14, 3), (11, 20), (13, 2), (15, 4)], 3: [(20, 11), (16, 5), (17, 6), (12, 1), (3, 12), (7, 16), (5, 14), (9, 18)]}
itMosseLS: 29, itMosseTS: 15
numero di soluzioni totali trovati: 21.
time elapsed: 313.64s.


##########################################################################################
s: 1, itNSI: 7.
soluzione iniziale: 0
0 -> 
costo: 172748.9, 
rotte: {3: [(1, 13), (13, 16), (16, 14), (14, 8), (8, 9), (9, 2), (2, 11), (11, 12)], 2: [(1, 6), (6, 17), (17, 4), (4, 10)], 4: [(1, 5), (5, 15), (15, 3), (3, 19), (19, 7), (7, 18), (18, 20), (20, 10)]}
trasportoPalletDiGamma: {3: [(13, 2), (16, 5), (14, 3), (8, 17), (9, 18), (2, 11), (11, 20), (12, 1)], 2: [(6, 15), (17, 6), (4, 13), (10, 16)], 4: [(5, 14), (15, 4), (3, 12), (19, 6), (7, 16), (18, 19), (20, 11), (10, 3)]}
bestSolutionIndice: 10
10 -> 
costo: 102702.20000000001, 
rotte: {3: [(1, 8), (8, 9), (9, 4), (4, 2), (2, 13), (13, 14), (14, 11), (11, 12), (12, 16)], 2: [(1, 10), (10, 17)], 4: [(1, 3), (3, 5), (5, 7), (7, 6), (6, 19), (19, 18), (18, 20), (20, 15)]}
trasportoPalletDiGamma: {3: [(8, 17), (9, 18), (4, 13), (2, 11), (13, 2), (14, 3), (11, 20), (12, 1), (16, 5)], 2: [(10, 19), (17, 6)], 4: [(3, 12), (5, 14), (7, 16), (6, 15), (19, 6), (18, 19), (20, 11), (15, 4)]}
itMosseLS: 25, itMosseTS: 15
numero di soluzioni totali trovati: 19.
time elapsed: 435.97s.


##########################################################################################
s: 1, itNSI: 8.
soluzione iniziale: 0
0 -> 
costo: 163913.1, 
rotte: {2: [(1, 2), (2, 4), (4, 10), (10, 17), (17, 5)], 4: [(1, 13), (13, 12), (12, 14), (14, 18), (18, 20), (20, 15), (15, 19), (19, 5), (5, 16)], 3: [(1, 11), (11, 9), (9, 3), (3, 8), (8, 7), (7, 6), (6, 16)]}
trasportoPalletDiGamma: {2: [(2, 11), (4, 13), (10, 19), (17, 6), (5, 1)], 4: [(13, 2), (12, 1), (14, 3), (18, 19), (20, 11), (15, 4), (19, 6), (5, 13), (16, 3)], 3: [(11, 20), (9, 18), (3, 12), (8, 17), (7, 16), (6, 15), (16, 2)]}
bestSolutionIndice: 9
9 -> 
costo: 99330.1, 
rotte: {2: [(1, 10), (10, 17)], 4: [(1, 13), (13, 12), (12, 11), (11, 14), (14, 20), (20, 18), (18, 19), (19, 2), (2, 5), (5, 16), (16, 15)], 3: [(1, 9), (9, 8), (8, 3), (3, 4), (4, 7), (7, 6)]}
trasportoPalletDiGamma: {2: [(10, 19), (17, 6)], 4: [(13, 2), (12, 1), (11, 20), (14, 3), (20, 11), (18, 19), (19, 6), (2, 11), (5, 14), (16, 5), (15, 4)], 3: [(9, 18), (8, 17), (3, 12), (4, 13), (7, 16), (6, 15)]}
itMosseLS: 25, itMosseTS: 15
numero di soluzioni totali trovati: 22.
time elapsed: 330.70s.


##########################################################################################
s: 1, itNSI: 9.
soluzione iniziale: 0
0 -> 
costo: 138838.40000000002, 
rotte: {2: [(1, 15), (15, 8), (8, 13), (13, 7), (7, 5)], 4: [(1, 4), (4, 17), (17, 16), (16, 14), (14, 9), (9, 3), (3, 6), (6, 5)], 3: [(1, 18), (18, 10), (10, 2), (2, 12), (12, 11), (11, 19), (19, 20)]}
trasportoPalletDiGamma: {2: [(15, 4), (8, 17), (13, 2), (7, 16), (5, 11)], 4: [(4, 13), (17, 6), (16, 5), (14, 3), (9, 18), (3, 12), (6, 15), (5, 3)], 3: [(18, 19), (10, 19), (2, 11), (12, 1), (11, 20), (19, 6), (20, 11)]}
bestSolutionIndice: 15
15 -> 
costo: 85948.70000000001, 
rotte: {2: [(1, 18), (18, 5), (5, 7)], 4: [(1, 19), (19, 15), (15, 17), (17, 16), (16, 14), (14, 8), (8, 9), (9, 6), (6, 4), (4, 3)], 3: [(1, 20), (20, 2), (2, 10), (10, 13), (13, 12), (12, 11)]}
trasportoPalletDiGamma: {2: [(18, 19), (5, 14), (7, 16)], 4: [(19, 6), (15, 4), (17, 6), (16, 5), (14, 3), (8, 17), (9, 18), (6, 15), (4, 13), (3, 12)], 3: [(20, 11), (2, 11), (10, 19), (13, 2), (12, 1), (11, 20)]}
itMosseLS: 15, itMosseTS: 0
numero di soluzioni totali trovati: 16.
time elapsed: 61.92s.


##########################################################################################
##########################################################################################
##########################################################################################
##########################################################################################
##########################################################################################
##########################################################################################
##########################################################################################
##########################################################################################
##########################################################################################
##########################################################################################
##########################################################################################
##########################################################################################
##########################################################################################
##########################################################################################
##########################################################################################
##########################################################################################
##########################################################################################
##########################################################################################
##########################################################################################
##########################################################################################
##########################################################################################
##########################################################################################
##########################################################################################
##########################################################################################
##########################################################################################
##########################################################################################
##########################################################################################
##########################################################################################
##########################################################################################
##########################################################################################
##########################################################################################
##########################################################################################
##########################################################################################
##########################################################################################
##########################################################################################
##########################################################################################
##########################################################################################
##########################################################################################
##########################################################################################
##########################################################################################
##########################################################################################
##########################################################################################
##########################################################################################
##########################################################################################
Soluzione migliore in assoluto trovata:

s: 1
itNSI: 3, 
costo: 77741.3, 
rotte: {4: [(1, 19), (19, 8), (8, 9), (9, 6), (6, 3), (3, 2), (2, 17), (17, 16), (16, 15)], 3: [(1, 18), (18, 5), (5, 7), (7, 4), (4, 10), (10, 12), (12, 14)], 2: [(1, 20), (20, 13), (13, 11)]}
trasportoPalletDiGamma: {4: [(19, 6), (8, 17), (9, 18), (6, 15), (3, 12), (2, 11), (17, 6), (16, 5), (15, 4)], 3: [(18, 19), (5, 14), (7, 16), (4, 13), (10, 19), (12, 1), (14, 3)], 2: [(20, 11), (13, 2), (11, 20)]}

Total time elapsed: 3618.36s.