itNSIMax: 5, itMosseTSMax: 100.
##########################################################################################
s: 1
dictSolutions[1]:
0 -> costo: 144851.6, rotte: {4: [(1, 10), (10, 4), (4, 2), (2, 14), (14, 19), (19, 11), (11, 18), (18, 5)], 2: [(1, 20), (20, 12), (12, 6), (6, 8), (8, 5)], 3: [(1, 17), (17, 16), (16, 3), (3, 7), (7, 9), (9, 13), (13, 15)]}, padri: [-1], figli: [1], mosse: [-1]
1 -> costo: 128154.4, rotte: {4: [(1, 10), (10, 4), (4, 2), (2, 14), (14, 11), (11, 18), (18, 19), (19, 5)], 2: [(1, 20), (20, 12), (12, 6), (6, 8), (8, 5)], 3: [(1, 17), (17, 16), (16, 3), (3, 7), (7, 9), (9, 13), (13, 15)]}, padri: [0], figli: [2], mosse: [(4, 4, 18, 19, 6)]
2 -> costo: 126364.99999999999, rotte: {4: [(1, 10), (10, 4), (4, 2), (2, 14), (14, 11), (11, 18), (18, 19), (19, 5)], 2: [(1, 20), (20, 12), (12, 6), (6, 5), (5, 8)], 3: [(1, 17), (17, 16), (16, 3), (3, 7), (7, 9), (9, 13), (13, 15)]}, padri: [1], figli: [3], mosse: [(2, 2, 8, 5)]
3 -> costo: 115291.0, rotte: {4: [(1, 10), (10, 4), (4, 2), (2, 14), (14, 11), (11, 18), (18, 19), (19, 5)], 2: [(1, 20), (20, 12), (12, 6), (6, 5), (5, 8)], 3: [(1, 15), (15, 17), (17, 16), (16, 3), (3, 7), (7, 9), (9, 13)]}, padri: [2], figli: [4], mosse: [(3, 3, 1, 15, 4)]
4 -> costo: 110963.1, rotte: {4: [(1, 10), (10, 4), (4, 5), (5, 2), (2, 14), (14, 11), (11, 18), (18, 19)], 2: [(1, 20), (20, 12), (12, 6), (6, 5), (5, 8)], 3: [(1, 15), (15, 17), (17, 16), (16, 3), (3, 7), (7, 9), (9, 13)]}, padri: [3], figli: [5], mosse: [(4, 4, 4, 5, 8)]
5 -> costo: 110161.0, rotte: {4: [(1, 10), (10, 4), (4, 5), (5, 2), (2, 14), (14, 11), (11, 19), (19, 18)], 2: [(1, 20), (20, 12), (12, 6), (6, 5), (5, 8)], 3: [(1, 15), (15, 17), (17, 16), (16, 3), (3, 7), (7, 9), (9, 13)]}, padri: [4], figli: [6], mosse: [(4, 4, 18, 19)]
6 -> costo: 108073.40000000001, rotte: {4: [(1, 10), (10, 4), (4, 5), (5, 2), (2, 14), (14, 11), (11, 19), (19, 18)], 2: [(1, 20), (20, 12), (12, 6), (6, 5), (5, 8)], 3: [(1, 15), (15, 17), (17, 16), (16, 13), (13, 3), (3, 7), (7, 9)]}, padri: [5], figli: [7], mosse: [(3, 3, 16, 13, 2)]
7 -> costo: 106677.6, rotte: {4: [(1, 10), (10, 4), (4, 5), (5, 2), (2, 14), (14, 11), (11, 19), (19, 18)], 2: [(1, 20), (20, 6), (6, 5), (5, 8), (8, 12)], 3: [(1, 15), (15, 17), (17, 16), (16, 13), (13, 3), (3, 7), (7, 9)]}, padri: [6], figli: [8], mosse: [(2, 2, 8, 12, 1)]
8 -> costo: 104741.40000000001, rotte: {4: [(1, 10), (10, 4), (4, 5), (5, 2), (2, 14), (14, 11), (11, 19), (19, 18)], 2: [(1, 6), (6, 5), (5, 8), (8, 12)], 3: [(1, 20), (20, 15), (15, 17), (17, 16), (16, 13), (13, 3), (3, 7), (7, 9)]}, padri: [7], figli: [9], mosse: [(3, 2, 1, 20, 11)]
9 -> costo: 103473.20000000001, rotte: {4: [(1, 4), (4, 5), (5, 2), (2, 10), (10, 14), (14, 11), (11, 19), (19, 18)], 2: [(1, 6), (6, 5), (5, 8), (8, 12)], 3: [(1, 20), (20, 15), (15, 17), (17, 16), (16, 13), (13, 3), (3, 7), (7, 9)]}, padri: [8], figli: [10], mosse: [(4, 4, 2, 10, 19)]
10 -> costo: 102420.70000000003, rotte: {4: [(1, 4), (4, 5), (5, 2), (2, 10), (10, 14), (14, 11), (11, 19), (19, 18)], 2: [(1, 5), (5, 8), (8, 12)], 3: [(1, 20), (20, 15), (15, 17), (17, 16), (16, 13), (13, 3), (3, 7), (7, 6), (6, 9)]}, padri: [9], figli: [11], mosse: [(3, 2, 7, 6, 15)]
11 -> costo: 101425.40000000002, rotte: {4: [(1, 18), (18, 4), (4, 5), (5, 2), (2, 10), (10, 14), (14, 11), (11, 19)], 2: [(1, 5), (5, 8), (8, 12)], 3: [(1, 20), (20, 15), (15, 17), (17, 16), (16, 13), (13, 3), (3, 7), (7, 6), (6, 9)]}, padri: [10], figli: [12, 30], mosse: [(4, 4, 1, 18, 19)]
12 -> costo: 93536.30000000003, rotte: {4: [(1, 18), (18, 19), (19, 4), (4, 5), (5, 2), (2, 10), (10, 14), (14, 11)], 2: [(1, 5), (5, 8), (8, 12)], 3: [(1, 20), (20, 15), (15, 17), (17, 16), (16, 13), (13, 3), (3, 7), (7, 6), (6, 9)]}, padri: [11], figli: [13, 22, 22, 22, 24, 24, 24, 26, 13, 13, 28, 28, 28], mosse: [(4, 4, 18, 19, 6)]
13 -> costo: 93142.60000000002, rotte: {4: [(1, 18), (18, 19), (19, 4), (4, 5), (5, 2), (2, 10), (10, 11), (11, 14)], 2: [(1, 5), (5, 8), (8, 12)], 3: [(1, 20), (20, 15), (15, 17), (17, 16), (16, 13), (13, 3), (3, 7), (7, 6), (6, 9)]}, padri: [12, 12, 12], figli: [14, 14, 14, 16, 16, 16, 18, 20, 23, 23, 23, 25, 27, 29], mosse: [(4, 4, 14, 11), (4, 4, 10, 11, 20), (4, 4, 11, 14, 3)]
14 -> costo: 92314.50000000003, rotte: {4: [(1, 18), (18, 19), (19, 4), (4, 2), (2, 10), (10, 11), (11, 14)], 2: [(1, 5), (5, 8), (8, 12)], 3: [(1, 20), (20, 15), (15, 17), (17, 16), (16, 13), (13, 3), (3, 7), (7, 6), (6, 9)]}, padri: [13, 13, 13, 22, 22, 22], figli: [15], mosse: [(2, 4, 1, 5, 8), (2, 4, 8, 5, 8), (2, 4, 12, 5, 8), (4, 4, 14, 11), (4, 4, 10, 11, 20), (4, 4, 11, 14, 3)]
15 -> costo: 92102.70000000003, rotte: {4: [(1, 18), (18, 19), (19, 2), (2, 4), (4, 10), (10, 11), (11, 14)], 2: [(1, 5), (5, 8), (8, 12)], 3: [(1, 20), (20, 15), (15, 17), (17, 16), (16, 13), (13, 3), (3, 7), (7, 6), (6, 9)]}, padri: [14, 23, 23, 23], figli: [], mosse: [(4, 4, 2, 4, 13), (4, 4, 14, 11), (4, 4, 10, 11, 20), (4, 4, 11, 14, 3)]
16 -> costo: 92735.60000000002, rotte: {4: [(1, 19), (19, 4), (4, 5), (5, 2), (2, 10), (10, 11), (11, 14)], 2: [(1, 18), (18, 5), (5, 8), (8, 12)], 3: [(1, 20), (20, 15), (15, 17), (17, 16), (16, 13), (13, 3), (3, 7), (7, 6), (6, 9)]}, padri: [13, 24, 24, 24], figli: [17, 17, 17, 17, 17, 17, 17], mosse: [(2, 4, 1, 18, 19), (4, 4, 14, 11), (4, 4, 10, 11, 20), (4, 4, 11, 14, 3)]
17 -> costo: 91874.10000000002, rotte: {4: [(1, 19), (19, 4), (4, 5), (5, 2), (2, 10), (10, 11), (11, 14)], 2: [(1, 18), (18, 8), (8, 12)], 3: [(1, 20), (20, 15), (15, 17), (17, 16), (16, 13), (13, 3), (3, 7), (7, 6), (6, 9)]}, padri: [16, 16, 16, 16, 16, 16, 16, 19, 19, 19, 19, 19, 19, 19, 21, 21, 21, 21, 21, 21, 21, 25, 25, 25], figli: [], mosse: [(4, 2, 1, 5, 6), (4, 2, 19, 5, 6), (4, 2, 4, 5, 6), (4, 2, 2, 5, 6), (4, 2, 10, 5, 6), (4, 2, 11, 5, 6), (4, 2, 14, 5, 6), (4, 3, 1, 5, 6), (4, 3, 19, 5, 6), (4, 3, 4, 5, 6), (4, 3, 2, 5, 6), (4, 3, 10, 5, 6), (4, 3, 11, 5, 6), (4, 3, 14, 5, 6), (4, 3, 1, 5, 6), (4, 3, 19, 5, 6), (4, 3, 4, 5, 6), (4, 3, 2, 5, 6), (4, 3, 10, 5, 6), (4, 3, 11, 5, 6), (4, 3, 14, 5, 6), (4, 4, 14, 11), (4, 4, 10, 11, 20), (4, 4, 11, 14, 3)]
18 -> costo: 92741.30000000002, rotte: {4: [(1, 18), (18, 19), (19, 4), (4, 5), (5, 2), (2, 10), (10, 11), (11, 14)], 2: [(1, 8), (8, 12)], 3: [(1, 20), (20, 15), (15, 17), (17, 16), (16, 13), (13, 3), (3, 5), (5, 7), (7, 6), (6, 9)]}, padri: [13, 26, 26, 26], figli: [19], mosse: [(3, 2, 3, 5, 6), (4, 4, 14, 11), (4, 4, 10, 11, 20), (4, 4, 11, 14, 3)]
19 -> costo: 92334.30000000002, rotte: {4: [(1, 19), (19, 4), (4, 5), (5, 2), (2, 10), (10, 11), (11, 14)], 2: [(1, 18), (18, 8), (8, 12)], 3: [(1, 20), (20, 15), (15, 17), (17, 16), (16, 13), (13, 3), (3, 5), (5, 7), (7, 6), (6, 9)]}, padri: [18, 27, 27, 27], figli: [17, 17, 17, 17, 17, 17, 17], mosse: [(2, 4, 1, 18, 19), (4, 4, 14, 11), (4, 4, 10, 11, 20), (4, 4, 11, 14, 3)]
20 -> costo: 93026.90000000002, rotte: {4: [(1, 18), (18, 19), (19, 4), (4, 5), (5, 2), (2, 10), (10, 11), (11, 14)], 2: [(1, 8), (8, 12)], 3: [(1, 20), (20, 15), (15, 17), (17, 16), (16, 13), (13, 3), (3, 7), (7, 5), (5, 6), (6, 9)]}, padri: [13, 28, 28, 28], figli: [21], mosse: [(3, 2, 7, 5, 6), (4, 4, 14, 11), (4, 4, 10, 11, 20), (4, 4, 11, 14, 3)]
21 -> costo: 92619.90000000002, rotte: {4: [(1, 19), (19, 4), (4, 5), (5, 2), (2, 10), (10, 11), (11, 14)], 2: [(1, 18), (18, 8), (8, 12)], 3: [(1, 20), (20, 15), (15, 17), (17, 16), (16, 13), (13, 3), (3, 7), (7, 5), (5, 6), (6, 9)]}, padri: [20, 29, 29, 29], figli: [17, 17, 17, 17, 17, 17, 17], mosse: [(2, 4, 1, 18, 19), (4, 4, 14, 11), (4, 4, 10, 11, 20), (4, 4, 11, 14, 3)]
22 -> costo: 92708.20000000003, rotte: {4: [(1, 18), (18, 19), (19, 4), (4, 2), (2, 10), (10, 14), (14, 11)], 2: [(1, 5), (5, 8), (8, 12)], 3: [(1, 20), (20, 15), (15, 17), (17, 16), (16, 13), (13, 3), (3, 7), (7, 6), (6, 9)]}, padri: [12, 12, 12], figli: [14, 14, 14, 23, 23, 23], mosse: [(2, 4, 1, 5, 8), (2, 4, 8, 5, 8), (2, 4, 12, 5, 8)]
23 -> costo: 92496.40000000002, rotte: {4: [(1, 18), (18, 19), (19, 2), (2, 4), (4, 10), (10, 14), (14, 11)], 2: [(1, 5), (5, 8), (8, 12)], 3: [(1, 20), (20, 15), (15, 17), (17, 16), (16, 13), (13, 3), (3, 7), (7, 6), (6, 9)]}, padri: [22], figli: [15, 15, 15], mosse: [(4, 4, 2, 4, 13)]
24 -> costo: 93129.30000000002, rotte: {4: [(1, 19), (19, 4), (4, 5), (5, 2), (2, 10), (10, 14), (14, 11)], 2: [(1, 18), (18, 5), (5, 8), (8, 12)], 3: [(1, 20), (20, 15), (15, 17), (17, 16), (16, 13), (13, 3), (3, 7), (7, 6), (6, 9)]}, padri: [12], figli: [16, 25, 25, 25, 25, 25, 25, 25, 16, 16], mosse: [(2, 4, 1, 18, 19)]
25 -> costo: 92267.80000000002, rotte: {4: [(1, 19), (19, 4), (4, 5), (5, 2), (2, 10), (10, 14), (14, 11)], 2: [(1, 18), (18, 8), (8, 12)], 3: [(1, 20), (20, 15), (15, 17), (17, 16), (16, 13), (13, 3), (3, 7), (7, 6), (6, 9)]}, padri: [24, 24, 24, 24, 24, 24, 24, 27, 27, 27, 27, 27, 27, 27, 29, 29, 29, 29, 29, 29, 29], figli: [17, 17, 17], mosse: [(4, 2, 1, 5, 6), (4, 2, 19, 5, 6), (4, 2, 4, 5, 6), (4, 2, 2, 5, 6), (4, 2, 10, 5, 6), (4, 2, 14, 5, 6), (4, 2, 11, 5, 6), (4, 3, 1, 5, 6), (4, 3, 19, 5, 6), (4, 3, 4, 5, 6), (4, 3, 2, 5, 6), (4, 3, 10, 5, 6), (4, 3, 14, 5, 6), (4, 3, 11, 5, 6), (4, 3, 1, 5, 6), (4, 3, 19, 5, 6), (4, 3, 4, 5, 6), (4, 3, 2, 5, 6), (4, 3, 10, 5, 6), (4, 3, 14, 5, 6), (4, 3, 11, 5, 6)]
26 -> costo: 93135.00000000001, rotte: {4: [(1, 18), (18, 19), (19, 4), (4, 5), (5, 2), (2, 10), (10, 14), (14, 11)], 2: [(1, 8), (8, 12)], 3: [(1, 20), (20, 15), (15, 17), (17, 16), (16, 13), (13, 3), (3, 5), (5, 7), (7, 6), (6, 9)]}, padri: [12], figli: [18, 27, 18, 18], mosse: [(3, 2, 3, 5, 6)]
27 -> costo: 92728.00000000001, rotte: {4: [(1, 19), (19, 4), (4, 5), (5, 2), (2, 10), (10, 14), (14, 11)], 2: [(1, 18), (18, 8), (8, 12)], 3: [(1, 20), (20, 15), (15, 17), (17, 16), (16, 13), (13, 3), (3, 5), (5, 7), (7, 6), (6, 9)]}, padri: [26], figli: [19, 25, 25, 25, 25, 25, 25, 25, 19, 19], mosse: [(2, 4, 1, 18, 19)]
28 -> costo: 93420.60000000002, rotte: {4: [(1, 18), (18, 19), (19, 4), (4, 5), (5, 2), (2, 10), (10, 14), (14, 11)], 2: [(1, 8), (8, 12)], 3: [(1, 20), (20, 15), (15, 17), (17, 16), (16, 13), (13, 3), (3, 7), (7, 5), (5, 6), (6, 9)]}, padri: [12], figli: [20, 29, 20, 20], mosse: [(3, 2, 7, 5, 6)]
29 -> costo: 93013.60000000002, rotte: {4: [(1, 19), (19, 4), (4, 5), (5, 2), (2, 10), (10, 14), (14, 11)], 2: [(1, 18), (18, 8), (8, 12)], 3: [(1, 20), (20, 15), (15, 17), (17, 16), (16, 13), (13, 3), (3, 7), (7, 5), (5, 6), (6, 9)]}, padri: [28], figli: [21, 25, 25, 25, 25, 25, 25, 25, 21, 21], mosse: [(2, 4, 1, 18, 19)]
30 -> costo: 94930.60000000002, rotte: {4: [(1, 19), (19, 18), (18, 4), (4, 5), (5, 2), (2, 10), (10, 14), (14, 11)], 2: [(1, 5), (5, 8), (8, 12)], 3: [(1, 20), (20, 15), (15, 17), (17, 16), (16, 13), (13, 3), (3, 7), (7, 6), (6, 9)]}, padri: [11], figli: [31], mosse: [(4, 4, 1, 19, 6)]
31 -> costo: 94536.90000000002, rotte: {4: [(1, 19), (19, 18), (18, 4), (4, 5), (5, 2), (2, 10), (10, 11), (11, 14)], 2: [(1, 5), (5, 8), (8, 12)], 3: [(1, 20), (20, 15), (15, 17), (17, 16), (16, 13), (13, 3), (3, 7), (7, 6), (6, 9)]}, padri: [30], figli: [32], mosse: [(4, 4, 14, 11)]
32 -> costo: 92735.60000000002, rotte: {4: [(1, 18), (18, 4), (4, 5), (5, 2), (2, 10), (10, 11), (11, 14)], 2: [(1, 19), (19, 5), (5, 8), (8, 12)], 3: [(1, 20), (20, 15), (15, 17), (17, 16), (16, 13), (13, 3), (3, 7), (7, 6), (6, 9)]}, padri: [31], figli: [33, 34, 35, 36, 37, 38, 39, 40, 40, 40, 40], mosse: [(2, 4, 1, 19, 6)]
33 -> costo: 91874.10000000002, rotte: {4: [(1, 18), (18, 4), (4, 5), (5, 2), (2, 10), (10, 11), (11, 14)], 2: [(1, 19), (19, 8), (8, 12)], 3: [(1, 20), (20, 15), (15, 17), (17, 16), (16, 13), (13, 3), (3, 7), (7, 6), (6, 9)]}, padri: [32], figli: [], mosse: [(4, 2, 1, 5, 6)]
34 -> costo: 91874.10000000002, rotte: {4: [(1, 18), (18, 4), (4, 5), (5, 2), (2, 10), (10, 11), (11, 14)], 2: [(1, 19), (19, 8), (8, 12)], 3: [(1, 20), (20, 15), (15, 17), (17, 16), (16, 13), (13, 3), (3, 7), (7, 6), (6, 9)]}, padri: [32], figli: [], mosse: [(4, 2, 18, 5, 6)]
35 -> costo: 91874.10000000002, rotte: {4: [(1, 18), (18, 4), (4, 5), (5, 2), (2, 10), (10, 11), (11, 14)], 2: [(1, 19), (19, 8), (8, 12)], 3: [(1, 20), (20, 15), (15, 17), (17, 16), (16, 13), (13, 3), (3, 7), (7, 6), (6, 9)]}, padri: [32], figli: [], mosse: [(4, 2, 4, 5, 6)]
36 -> costo: 91874.10000000002, rotte: {4: [(1, 18), (18, 4), (4, 5), (5, 2), (2, 10), (10, 11), (11, 14)], 2: [(1, 19), (19, 8), (8, 12)], 3: [(1, 20), (20, 15), (15, 17), (17, 16), (16, 13), (13, 3), (3, 7), (7, 6), (6, 9)]}, padri: [32], figli: [], mosse: [(4, 2, 2, 5, 6)]
37 -> costo: 91874.10000000002, rotte: {4: [(1, 18), (18, 4), (4, 5), (5, 2), (2, 10), (10, 11), (11, 14)], 2: [(1, 19), (19, 8), (8, 12)], 3: [(1, 20), (20, 15), (15, 17), (17, 16), (16, 13), (13, 3), (3, 7), (7, 6), (6, 9)]}, padri: [32], figli: [], mosse: [(4, 2, 10, 5, 6)]
38 -> costo: 91874.10000000002, rotte: {4: [(1, 18), (18, 4), (4, 5), (5, 2), (2, 10), (10, 11), (11, 14)], 2: [(1, 19), (19, 8), (8, 12)], 3: [(1, 20), (20, 15), (15, 17), (17, 16), (16, 13), (13, 3), (3, 7), (7, 6), (6, 9)]}, padri: [32], figli: [], mosse: [(4, 2, 11, 5, 6)]
39 -> costo: 91874.10000000002, rotte: {4: [(1, 18), (18, 4), (4, 5), (5, 2), (2, 10), (10, 11), (11, 14)], 2: [(1, 19), (19, 8), (8, 12)], 3: [(1, 20), (20, 15), (15, 17), (17, 16), (16, 13), (13, 3), (3, 7), (7, 6), (6, 9)]}, padri: [32], figli: [], mosse: [(4, 2, 14, 5, 6)]
40 -> costo: 91907.50000000003, rotte: {4: [(1, 18), (18, 4), (4, 2), (2, 10), (10, 11), (11, 14)], 2: [(1, 19), (19, 5), (5, 8), (8, 12)], 3: [(1, 20), (20, 15), (15, 17), (17, 16), (16, 13), (13, 3), (3, 7), (7, 6), (6, 9)]}, padri: [32, 32, 32, 32], figli: [41], mosse: [(2, 4, 1, 5, 8), (2, 4, 19, 5, 8), (2, 4, 8, 5, 8), (2, 4, 12, 5, 8)]
41 -> costo: 91695.70000000003, rotte: {4: [(1, 18), (18, 2), (2, 4), (4, 10), (10, 11), (11, 14)], 2: [(1, 19), (19, 5), (5, 8), (8, 12)], 3: [(1, 20), (20, 15), (15, 17), (17, 16), (16, 13), (13, 3), (3, 7), (7, 6), (6, 9)]}, padri: [40], figli: [], mosse: [(4, 4, 2, 4, 13)]
bestSolutionIndice: 41
41 -> costo: 91695.70000000003, rotte: {4: [(1, 18), (18, 2), (2, 4), (4, 10), (10, 11), (11, 14)], 2: [(1, 19), (19, 5), (5, 8), (8, 12)], 3: [(1, 20), (20, 15), (15, 17), (17, 16), (16, 13), (13, 3), (3, 7), (7, 6), (6, 9)]}, padri: [40], figli: [], mosse: [(4, 4, 2, 4, 13)]
trasportoPalletDiGamma: {4: [(18, 19), (2, 11), (4, 13), (10, 19), (11, 20), (14, 3)], 2: [(19, 6), (5, 14), (8, 17), (12, 1)], 3: [(20, 11), (15, 4), (17, 6), (16, 5), (13, 2), (3, 12), (7, 16), (6, 15), (9, 18)]}
itMosseLS: 114, itMosseTS: 100
time elapsed: 2527.16s.


##########################################################################################
s: 1
dictSolutions[1]:
0 -> costo: 146318.89999999997, rotte: {3: [(1, 14), (14, 13), (13, 7), (7, 10), (10, 15), (15, 17), (17, 20), (20, 16)], 4: [(1, 12), (12, 19), (19, 4), (4, 2), (2, 11), (11, 5), (5, 6), (6, 8)], 2: [(1, 3), (3, 9), (9, 18), (18, 8)]}, padri: [-1], figli: [1], mosse: [-1]
1 -> costo: 129014.2, rotte: {3: [(1, 14), (14, 13), (13, 7), (7, 10), (10, 15), (15, 17), (17, 20), (20, 16)], 4: [(1, 19), (19, 4), (4, 2), (2, 11), (11, 12), (12, 5), (5, 6), (6, 8)], 2: [(1, 3), (3, 9), (9, 18), (18, 8)]}, padri: [0], figli: [2], mosse: [(4, 4, 11, 12, 1)]
2 -> costo: 119301.79999999999, rotte: {3: [(1, 14), (14, 13), (13, 7), (7, 10), (10, 15), (15, 17), (17, 16), (16, 20)], 4: [(1, 19), (19, 4), (4, 2), (2, 11), (11, 12), (12, 5), (5, 6), (6, 8)], 2: [(1, 3), (3, 9), (9, 18), (18, 8)]}, padri: [1], figli: [3], mosse: [(3, 3, 20, 16)]
3 -> costo: 110046.0, rotte: {3: [(1, 20), (20, 14), (14, 13), (13, 7), (7, 10), (10, 15), (15, 17), (17, 16)], 4: [(1, 19), (19, 4), (4, 2), (2, 11), (11, 12), (12, 5), (5, 6), (6, 8)], 2: [(1, 3), (3, 9), (9, 18), (18, 8)]}, padri: [2], figli: [4], mosse: [(3, 3, 1, 20, 11)]
4 -> costo: 101595.7, rotte: {3: [(1, 20), (20, 14), (14, 13), (13, 7), (7, 10), (10, 15), (15, 17), (17, 16)], 4: [(1, 19), (19, 4), (4, 2), (2, 11), (11, 12), (12, 5), (5, 6), (6, 8)], 2: [(1, 3), (3, 9), (9, 8), (8, 18)]}, padri: [3], figli: [5], mosse: [(2, 2, 18, 8)]
5 -> costo: 93228.3, rotte: {3: [(1, 20), (20, 14), (14, 13), (13, 7), (7, 10), (10, 15), (15, 17), (17, 16)], 4: [(1, 19), (19, 4), (4, 2), (2, 11), (11, 12), (12, 5), (5, 6), (6, 8)], 2: [(1, 18), (18, 3), (3, 9), (9, 8)]}, padri: [4], figli: [6], mosse: [(2, 2, 1, 18, 19)]
6 -> costo: 92889.69999999998, rotte: {3: [(1, 20), (20, 14), (14, 13), (13, 7), (7, 10), (10, 15), (15, 17), (17, 16)], 4: [(1, 19), (19, 4), (4, 2), (2, 11), (11, 12), (12, 5), (5, 6), (6, 8)], 2: [(1, 18), (18, 3), (3, 8), (8, 9)]}, padri: [5], figli: [7], mosse: [(2, 2, 9, 8)]
7 -> costo: 92081.69999999998, rotte: {3: [(1, 18), (18, 20), (20, 14), (14, 13), (13, 7), (7, 10), (10, 15), (15, 17), (17, 16)], 4: [(1, 19), (19, 4), (4, 2), (2, 11), (11, 12), (12, 5), (5, 6), (6, 8)], 2: [(1, 3), (3, 8), (8, 9)]}, padri: [6], figli: [8], mosse: [(3, 2, 1, 18, 19)]
8 -> costo: 89336.79999999999, rotte: {3: [(1, 18), (18, 20), (20, 14), (14, 13), (13, 7), (7, 10), (10, 15), (15, 17), (17, 16)], 4: [(1, 19), (19, 4), (4, 2), (2, 11), (11, 12), (12, 5), (5, 6)], 2: [(1, 3), (3, 8), (8, 9)]}, padri: [7], figli: [9], mosse: [(2, 4, 1, 8, 16)]
9 -> costo: 89143.19999999998, rotte: {3: [(1, 18), (18, 20), (20, 14), (14, 13), (13, 7), (7, 10), (10, 15), (15, 17), (17, 16)], 4: [(1, 19), (19, 4), (4, 2), (2, 11), (11, 12), (12, 6), (6, 5)], 2: [(1, 3), (3, 8), (8, 9)]}, padri: [8], figli: [10, 23], mosse: [(4, 4, 5, 6)]
10 -> costo: 87577.69999999998, rotte: {3: [(1, 18), (18, 20), (20, 14), (14, 13), (13, 7), (7, 3), (3, 10), (10, 15), (15, 17), (17, 16)], 4: [(1, 19), (19, 4), (4, 2), (2, 11), (11, 12), (12, 6), (6, 5)], 2: [(1, 8), (8, 9)]}, padri: [9], figli: [11, 17, 22, 27], mosse: [(3, 2, 7, 3, 12)]
11 -> costo: 87365.89999999998, rotte: {3: [(1, 18), (18, 20), (20, 14), (14, 13), (13, 7), (7, 3), (3, 10), (10, 15), (15, 17), (17, 16)], 4: [(1, 19), (19, 2), (2, 4), (4, 11), (11, 12), (12, 6), (6, 5)], 2: [(1, 8), (8, 9)]}, padri: [10, 24], figli: [12, 16, 18, 26], mosse: [(4, 4, 2, 4, 13), (3, 3, 7, 3, 12)]
12 -> costo: 87256.9, rotte: {3: [(1, 18), (18, 20), (20, 14), (14, 13), (13, 7), (7, 3), (3, 10), (10, 17), (17, 16), (16, 15)], 4: [(1, 19), (19, 2), (2, 4), (4, 11), (11, 12), (12, 6), (6, 5)], 2: [(1, 8), (8, 9)]}, padri: [11, 17, 25], figli: [13, 14, 20], mosse: [(3, 3, 16, 15, 4), (4, 4, 2, 4, 13), (3, 3, 7, 3, 12)]
13 -> costo: 87237.9, rotte: {3: [(1, 18), (18, 20), (20, 13), (13, 14), (14, 7), (7, 3), (3, 10), (10, 17), (17, 16), (16, 15)], 4: [(1, 19), (19, 2), (2, 4), (4, 11), (11, 12), (12, 6), (6, 5)], 2: [(1, 8), (8, 9)]}, padri: [12, 16, 18, 26], figli: [], mosse: [(3, 3, 13, 14, 3), (3, 3, 16, 15, 4), (4, 4, 2, 4, 13), (3, 3, 7, 3, 12)]
14 -> costo: 87256.89999999998, rotte: {3: [(1, 18), (18, 20), (20, 14), (14, 13), (13, 7), (7, 3), (3, 10), (10, 16), (16, 17), (17, 15)], 4: [(1, 19), (19, 2), (2, 4), (4, 11), (11, 12), (12, 6), (6, 5)], 2: [(1, 8), (8, 9)]}, padri: [12, 19], figli: [15], mosse: [(3, 3, 16, 17, 6), (4, 4, 2, 4, 13)]
15 -> costo: 87237.9, rotte: {3: [(1, 18), (18, 20), (20, 13), (13, 14), (14, 7), (7, 3), (3, 10), (10, 16), (16, 17), (17, 15)], 4: [(1, 19), (19, 2), (2, 4), (4, 11), (11, 12), (12, 6), (6, 5)], 2: [(1, 8), (8, 9)]}, padri: [14], figli: [], mosse: [(3, 3, 13, 14, 3)]
16 -> costo: 87346.9, rotte: {3: [(1, 18), (18, 20), (20, 13), (13, 14), (14, 7), (7, 3), (3, 10), (10, 15), (15, 17), (17, 16)], 4: [(1, 19), (19, 2), (2, 4), (4, 11), (11, 12), (12, 6), (6, 5)], 2: [(1, 8), (8, 9)]}, padri: [11, 22, 27], figli: [13], mosse: [(3, 3, 13, 14, 3), (4, 4, 2, 4, 13), (3, 3, 7, 3, 12)]
17 -> costo: 87468.7, rotte: {3: [(1, 18), (18, 20), (20, 14), (14, 13), (13, 7), (7, 3), (3, 10), (10, 17), (17, 16), (16, 15)], 4: [(1, 19), (19, 4), (4, 2), (2, 11), (11, 12), (12, 6), (6, 5)], 2: [(1, 8), (8, 9)]}, padri: [10, 28], figli: [12, 18, 19, 26], mosse: [(3, 3, 16, 15, 4), (3, 3, 7, 3, 12)]
18 -> costo: 87449.69999999998, rotte: {3: [(1, 18), (18, 20), (20, 13), (13, 14), (14, 7), (7, 3), (3, 10), (10, 17), (17, 16), (16, 15)], 4: [(1, 19), (19, 4), (4, 2), (2, 11), (11, 12), (12, 6), (6, 5)], 2: [(1, 8), (8, 9)]}, padri: [17, 22], figli: [13], mosse: [(3, 3, 13, 14, 3), (3, 3, 16, 15, 4)]
19 -> costo: 87468.69999999998, rotte: {3: [(1, 18), (18, 20), (20, 14), (14, 13), (13, 7), (7, 3), (3, 10), (10, 16), (16, 17), (17, 15)], 4: [(1, 19), (19, 4), (4, 2), (2, 11), (11, 12), (12, 6), (6, 5)], 2: [(1, 8), (8, 9)]}, padri: [17], figli: [14, 20], mosse: [(3, 3, 16, 17, 6)]
20 -> costo: 87449.69999999998, rotte: {3: [(1, 18), (18, 20), (20, 13), (13, 14), (14, 7), (7, 3), (3, 10), (10, 16), (16, 17), (17, 15)], 4: [(1, 19), (19, 4), (4, 2), (2, 11), (11, 12), (12, 6), (6, 5)], 2: [(1, 8), (8, 9)]}, padri: [12, 19], figli: [21], mosse: [(3, 3, 13, 14, 3)]
21 -> costo: 87237.9, rotte: {3: [(1, 18), (18, 20), (20, 13), (13, 14), (14, 7), (7, 3), (3, 10), (10, 16), (16, 17), (17, 15)], 4: [(1, 19), (19, 2), (2, 4), (4, 11), (11, 12), (12, 6), (6, 5)], 2: [(1, 8), (8, 9)]}, padri: [20], figli: [], mosse: [(4, 4, 2, 4, 13)]
22 -> costo: 87558.69999999998, rotte: {3: [(1, 18), (18, 20), (20, 13), (13, 14), (14, 7), (7, 3), (3, 10), (10, 15), (15, 17), (17, 16)], 4: [(1, 19), (19, 4), (4, 2), (2, 11), (11, 12), (12, 6), (6, 5)], 2: [(1, 8), (8, 9)]}, padri: [10], figli: [16, 18], mosse: [(3, 3, 13, 14, 3)]
23 -> costo: 87601.2, rotte: {3: [(1, 18), (18, 20), (20, 14), (14, 13), (13, 3), (3, 7), (7, 10), (10, 15), (15, 17), (17, 16)], 4: [(1, 19), (19, 4), (4, 2), (2, 11), (11, 12), (12, 6), (6, 5)], 2: [(1, 8), (8, 9)]}, padri: [9], figli: [24, 28], mosse: [(3, 2, 13, 3, 12)]
24 -> costo: 87389.4, rotte: {3: [(1, 18), (18, 20), (20, 14), (14, 13), (13, 3), (3, 7), (7, 10), (10, 15), (15, 17), (17, 16)], 4: [(1, 19), (19, 2), (2, 4), (4, 11), (11, 12), (12, 6), (6, 5)], 2: [(1, 8), (8, 9)]}, padri: [23], figli: [25, 11, 27], mosse: [(4, 4, 2, 4, 13)]
25 -> costo: 87280.39999999998, rotte: {3: [(1, 18), (18, 20), (20, 14), (14, 13), (13, 3), (3, 7), (7, 10), (10, 17), (17, 16), (16, 15)], 4: [(1, 19), (19, 2), (2, 4), (4, 11), (11, 12), (12, 6), (6, 5)], 2: [(1, 8), (8, 9)]}, padri: [24, 28], figli: [12, 26], mosse: [(3, 3, 16, 15, 4), (4, 4, 2, 4, 13)]
26 -> costo: 87261.39999999998, rotte: {3: [(1, 18), (18, 20), (20, 13), (13, 14), (14, 3), (3, 7), (7, 10), (10, 17), (17, 16), (16, 15)], 4: [(1, 19), (19, 2), (2, 4), (4, 11), (11, 12), (12, 6), (6, 5)], 2: [(1, 8), (8, 9)]}, padri: [25, 27], figli: [13], mosse: [(3, 3, 13, 14, 3), (3, 3, 16, 15, 4)]
27 -> costo: 87370.4, rotte: {3: [(1, 18), (18, 20), (20, 13), (13, 14), (14, 3), (3, 7), (7, 10), (10, 15), (15, 17), (17, 16)], 4: [(1, 19), (19, 2), (2, 4), (4, 11), (11, 12), (12, 6), (6, 5)], 2: [(1, 8), (8, 9)]}, padri: [24], figli: [26, 16], mosse: [(3, 3, 13, 14, 3)]
28 -> costo: 87492.19999999998, rotte: {3: [(1, 18), (18, 20), (20, 14), (14, 13), (13, 3), (3, 7), (7, 10), (10, 17), (17, 16), (16, 15)], 4: [(1, 19), (19, 4), (4, 2), (2, 11), (11, 12), (12, 6), (6, 5)], 2: [(1, 8), (8, 9)]}, padri: [23], figli: [25, 17], mosse: [(3, 3, 16, 15, 4)]
bestSolutionIndice: 13
13 -> costo: 87237.9, rotte: {3: [(1, 18), (18, 20), (20, 13), (13, 14), (14, 7), (7, 3), (3, 10), (10, 17), (17, 16), (16, 15)], 4: [(1, 19), (19, 2), (2, 4), (4, 11), (11, 12), (12, 6), (6, 5)], 2: [(1, 8), (8, 9)]}, padri: [12, 16, 18, 26], figli: [], mosse: [(3, 3, 13, 14, 3), (3, 3, 16, 15, 4), (4, 4, 2, 4, 13), (3, 3, 7, 3, 12)]
trasportoPalletDiGamma: {3: [(18, 19), (20, 11), (13, 2), (14, 3), (7, 16), (3, 12), (10, 19), (17, 6), (16, 5), (15, 4)], 4: [(19, 6), (2, 11), (4, 13), (11, 20), (12, 1), (6, 15), (5, 14)], 2: [(8, 17), (9, 18)]}
itMosseLS: 41, itMosseTS: 29
time elapsed: 1073.26s.


##########################################################################################
##########################################################################################
##########################################################################################
