itNSIMax: 50, itMosseTSMax: 15.
##########################################################################################
s: 1, itNSI: 1.
soluzione iniziale: 0
0 -> 
costo: 150286.9, 
rotte: {2: [(1, 7), (7, 9), (9, 19), (19, 18)], 4: [(1, 11), (11, 4), (4, 5), (5, 13), (13, 8), (8, 2), (2, 6), (6, 14)], 3: [(1, 16), (16, 20), (20, 15), (15, 17), (17, 3), (3, 10), (10, 12), (12, 18)]}
trasportoPalletDiGamma: {2: [(7, 16), (9, 18), (19, 6), (18, 10)], 4: [(11, 20), (4, 13), (5, 14), (13, 2), (8, 17), (2, 11), (6, 15), (14, 3)], 3: [(16, 5), (20, 11), (15, 4), (17, 6), (3, 12), (10, 19), (12, 1), (18, 9)]}
bestSolutionIndice: 11
11 -> 
costo: 85089.70000000003, 
rotte: {2: [(1, 9)], 4: [(1, 19), (19, 2), (2, 4), (4, 5), (5, 7), (7, 6), (6, 8), (8, 13), (13, 14)], 3: [(1, 18), (18, 20), (20, 15), (15, 17), (17, 16), (16, 3), (3, 10), (10, 11), (11, 12)]}
trasportoPalletDiGamma: {2: [(9, 18)], 4: [(19, 6), (2, 11), (4, 13), (5, 14), (7, 16), (6, 15), (8, 17), (13, 2), (14, 3)], 3: [(18, 19), (20, 11), (15, 4), (17, 6), (16, 5), (3, 12), (10, 19), (11, 20), (12, 1)]}
itMosseLS: 26, itMosseTS: 15
numero di soluzioni totali trovati: 26.
time elapsed: 813.55s.


##########################################################################################
s: 1, itNSI: 2.
soluzione iniziale: 0
0 -> 
costo: 140755.69999999998, 
rotte: {3: [(1, 2), (2, 12), (12, 15), (15, 5), (5, 7), (7, 8), (8, 9)], 4: [(1, 13), (13, 11), (11, 3), (3, 6), (6, 20), (20, 4), (4, 10)], 2: [(1, 19), (19, 14), (14, 18), (18, 17), (17, 16), (16, 10)]}
trasportoPalletDiGamma: {3: [(2, 11), (12, 1), (15, 4), (5, 14), (7, 16), (8, 17), (9, 18)], 4: [(13, 2), (11, 20), (3, 12), (6, 15), (20, 11), (4, 13), (10, 8)], 2: [(19, 6), (14, 3), (18, 19), (17, 6), (16, 5), (10, 11)]}
bestSolutionIndice: 13
13 -> 
costo: 91924.8, 
rotte: {3: [(1, 19), (19, 2), (2, 5), (5, 7), (7, 8), (8, 9), (9, 13), (13, 12), (12, 15)], 4: [(1, 3), (3, 4), (4, 6), (6, 10), (10, 11)], 2: [(1, 18), (18, 20), (20, 14), (14, 17), (17, 16)]}
trasportoPalletDiGamma: {3: [(19, 6), (2, 11), (5, 14), (7, 16), (8, 17), (9, 18), (13, 2), (12, 1), (15, 4)], 4: [(3, 12), (4, 13), (6, 15), (10, 19), (11, 20)], 2: [(18, 19), (20, 11), (14, 3), (17, 6), (16, 5)]}
itMosseLS: 30, itMosseTS: 15
numero di soluzioni totali trovati: 29.
time elapsed: 724.01s.


##########################################################################################
s: 1, itNSI: 3.
soluzione iniziale: 0
0 -> 
costo: 163002.5, 
rotte: {4: [(1, 5), (5, 11), (11, 7), (7, 3), (3, 6), (6, 14), (14, 19), (19, 4)], 2: [(1, 8), (8, 2), (2, 12), (12, 10), (10, 4)], 3: [(1, 16), (16, 9), (9, 18), (18, 13), (13, 17), (17, 15), (15, 20)]}
trasportoPalletDiGamma: {4: [(5, 14), (11, 20), (7, 16), (3, 12), (6, 15), (14, 3), (19, 6), (4, 11)], 2: [(8, 17), (2, 11), (12, 1), (10, 19), (4, 2)], 3: [(16, 5), (9, 18), (18, 19), (13, 2), (17, 6), (15, 4), (20, 11)]}
bestSolutionIndice: 12
12 -> 
costo: 82734.90000000001, 
rotte: {4: [(1, 19), (19, 3), (3, 4), (4, 5), (5, 7), (7, 6), (6, 11), (11, 14)], 2: [(1, 2), (2, 10), (10, 12)], 3: [(1, 18), (18, 20), (20, 8), (8, 9), (9, 13), (13, 16), (16, 17), (17, 15)]}
trasportoPalletDiGamma: {4: [(19, 6), (3, 12), (4, 13), (5, 14), (7, 16), (6, 15), (11, 20), (14, 3)], 2: [(2, 11), (10, 19), (12, 1)], 3: [(18, 19), (20, 11), (8, 17), (9, 18), (13, 2), (16, 5), (17, 6), (15, 4)]}
itMosseLS: 27, itMosseTS: 15
numero di soluzioni totali trovati: 19.
time elapsed: 330.75s.


##########################################################################################
s: 1, itNSI: 4.
soluzione iniziale: 0
0 -> 
costo: 119684.30000000002, 
rotte: {4: [(1, 18), (18, 10), (10, 13), (13, 14), (14, 6), (6, 3), (3, 7), (7, 11)], 2: [(1, 2), (2, 8), (8, 20), (20, 12), (12, 11)], 3: [(1, 17), (17, 16), (16, 15), (15, 5), (5, 4), (4, 19), (19, 9)]}
trasportoPalletDiGamma: {4: [(18, 19), (10, 19), (13, 2), (14, 3), (6, 15), (3, 12), (7, 16), (11, 10)], 2: [(2, 11), (8, 17), (20, 11), (12, 1), (11, 10)], 3: [(17, 6), (16, 5), (15, 4), (5, 14), (4, 13), (19, 6), (9, 18)]}
bestSolutionIndice: 14
14 -> 
costo: 89555.5, 
rotte: {4: [(1, 11), (11, 14), (14, 10), (10, 3), (3, 7), (7, 6)], 2: [(1, 19), (19, 2), (2, 8), (8, 13), (13, 12)], 3: [(1, 18), (18, 20), (20, 17), (17, 16), (16, 15), (15, 4), (4, 5), (5, 9)]}
trasportoPalletDiGamma: {4: [(11, 20), (14, 3), (10, 19), (3, 12), (7, 16), (6, 15)], 2: [(19, 6), (2, 11), (8, 17), (13, 2), (12, 1)], 3: [(18, 19), (20, 11), (17, 6), (16, 5), (15, 4), (4, 13), (5, 14), (9, 18)]}
itMosseLS: 29, itMosseTS: 15
numero di soluzioni totali trovati: 17.
time elapsed: 565.13s.


##########################################################################################
s: 1, itNSI: 5.
soluzione iniziale: 0
0 -> 
costo: 163662.80000000005, 
rotte: {3: [(1, 16), (16, 13), (13, 5), (5, 7), (7, 11), (11, 14), (14, 4), (4, 6)], 4: [(1, 12), (12, 15), (15, 10), (10, 2), (2, 8), (8, 3), (3, 18)], 2: [(1, 19), (19, 20), (20, 9), (9, 17), (17, 6)]}
trasportoPalletDiGamma: {3: [(16, 5), (13, 2), (5, 14), (7, 16), (11, 20), (14, 3), (4, 13), (6, 6)], 4: [(12, 1), (15, 4), (10, 19), (2, 11), (8, 17), (3, 12), (18, 19)], 2: [(19, 6), (20, 11), (9, 18), (17, 6), (6, 9)]}
bestSolutionIndice: 20
20 -> 
costo: 92367.2, 
rotte: {3: [(1, 4), (4, 5), (5, 7), (7, 6), (6, 11), (11, 14)], 4: [(1, 19), (19, 13), (13, 12), (12, 16), (16, 15), (15, 2), (2, 3), (3, 10), (10, 8), (8, 9)], 2: [(1, 18), (18, 20), (20, 17)]}
trasportoPalletDiGamma: {3: [(4, 13), (5, 14), (7, 16), (6, 15), (11, 20), (14, 3)], 4: [(19, 6), (13, 2), (12, 1), (16, 5), (15, 4), (2, 11), (3, 12), (10, 19), (8, 17), (9, 18)], 2: [(18, 19), (20, 11), (17, 6)]}
itMosseLS: 28, itMosseTS: 15
numero di soluzioni totali trovati: 23.
time elapsed: 432.20s.


##########################################################################################
s: 1, itNSI: 6.
soluzione iniziale: 0
0 -> 
costo: 183840.09999999998, 
rotte: {3: [(1, 10), (10, 11), (11, 3), (3, 8), (8, 2), (2, 4), (4, 9)], 2: [(1, 14), (14, 16), (16, 12), (12, 15), (15, 13), (13, 18), (18, 9)], 4: [(1, 5), (5, 17), (17, 19), (19, 7), (7, 20), (20, 6)]}
trasportoPalletDiGamma: {3: [(10, 19), (11, 20), (3, 12), (8, 17), (2, 11), (4, 13), (9, 8)], 2: [(14, 3), (16, 5), (12, 1), (15, 4), (13, 2), (18, 19), (9, 10)], 4: [(5, 14), (17, 6), (19, 6), (7, 16), (20, 11), (6, 15)]}
bestSolutionIndice: 13
13 -> 
costo: 82952.0, 
rotte: {3: [(1, 2), (2, 4), (4, 3), (3, 10), (10, 8), (8, 9), (9, 11)], 2: [(1, 18), (18, 9), (9, 14), (14, 13), (13, 12), (12, 17), (17, 16), (16, 15)], 4: [(1, 19), (19, 20), (20, 6), (6, 7), (7, 5)]}
trasportoPalletDiGamma: {3: [(2, 11), (4, 13), (3, 12), (10, 19), (8, 17), (9, 8), (11, 20)], 2: [(18, 19), (9, 10), (14, 3), (13, 2), (12, 1), (17, 6), (16, 5), (15, 4)], 4: [(19, 6), (20, 11), (6, 15), (7, 16), (5, 14)]}
itMosseLS: 31, itMosseTS: 15
numero di soluzioni totali trovati: 30.
time elapsed: 544.11s.


##########################################################################################
s: 1, itNSI: 7.
soluzione iniziale: 0
0 -> 
costo: 173543.1, 
rotte: {2: [(1, 18), (18, 2), (2, 16), (16, 3), (3, 15)], 4: [(1, 13), (13, 17), (17, 20), (20, 7), (7, 6), (6, 19), (19, 8), (8, 15)], 3: [(1, 12), (12, 5), (5, 14), (14, 11), (11, 4), (4, 10), (10, 9)]}
trasportoPalletDiGamma: {2: [(18, 19), (2, 11), (16, 5), (3, 12), (15, 3)], 4: [(13, 2), (17, 6), (20, 11), (7, 16), (6, 15), (19, 6), (8, 17), (15, 1)], 3: [(12, 1), (5, 14), (14, 3), (11, 20), (4, 13), (10, 19), (9, 18)]}
bestSolutionIndice: 12
12 -> 
costo: 98314.90000000001, 
rotte: {2: [(1, 2), (2, 3), (3, 16)], 4: [(1, 18), (18, 17), (17, 15), (15, 20), (20, 6), (6, 7), (7, 8)], 3: [(1, 19), (19, 13), (13, 12), (12, 11), (11, 14), (14, 4), (4, 5), (5, 10), (10, 9)]}
trasportoPalletDiGamma: {2: [(2, 11), (3, 12), (16, 5)], 4: [(18, 19), (17, 6), (15, 4), (20, 11), (6, 15), (7, 16), (8, 17)], 3: [(19, 6), (13, 2), (12, 1), (11, 20), (14, 3), (4, 13), (5, 14), (10, 19), (9, 18)]}
itMosseLS: 16, itMosseTS: 5
numero di soluzioni totali trovati: 16.
time elapsed: 192.83s.


##########################################################################################
##########################################################################################
##########################################################################################
##########################################################################################
##########################################################################################
##########################################################################################
##########################################################################################
##########################################################################################
##########################################################################################
##########################################################################################
##########################################################################################
##########################################################################################
##########################################################################################
##########################################################################################
##########################################################################################
##########################################################################################
##########################################################################################
##########################################################################################
##########################################################################################
##########################################################################################
##########################################################################################
##########################################################################################
##########################################################################################
##########################################################################################
##########################################################################################
##########################################################################################
##########################################################################################
##########################################################################################
##########################################################################################
##########################################################################################
##########################################################################################
##########################################################################################
##########################################################################################
##########################################################################################
##########################################################################################
##########################################################################################
##########################################################################################
##########################################################################################
##########################################################################################
##########################################################################################
##########################################################################################
##########################################################################################
##########################################################################################
##########################################################################################
##########################################################################################
##########################################################################################
Soluzione migliore in assoluto trovata:

s: 1
itNSI: 3, 
costo: 82734.90000000001, 
rotte: {4: [(1, 19), (19, 3), (3, 4), (4, 5), (5, 7), (7, 6), (6, 11), (11, 14)], 2: [(1, 2), (2, 10), (10, 12)], 3: [(1, 18), (18, 20), (20, 8), (8, 9), (9, 13), (13, 16), (16, 17), (17, 15)]}
trasportoPalletDiGamma: {4: [(19, 6), (3, 12), (4, 13), (5, 14), (7, 16), (6, 15), (11, 20), (14, 3)], 2: [(2, 11), (10, 19), (12, 1)], 3: [(18, 19), (20, 11), (8, 17), (9, 18), (13, 2), (16, 5), (17, 6), (15, 4)]}

Total time elapsed: 3617.64s.