itNSIMax: 3, itMosseTSMax: 200.
##########################################################################################
s: 1, itNSI: 1.
soluzione iniziale: 0
0 -> 
costo: 172096.7, 
rotte: {2: [(1, 19), (19, 11), (11, 2), (2, 8)], 3: [(1, 4), (4, 15), (15, 6), (6, 12), (12, 18), (18, 16), (16, 10), (10, 20)], 4: [(1, 17), (17, 3), (3, 7), (7, 9), (9, 14), (14, 13), (13, 5), (5, 8)]}
trasportoPalletDiGamma: {2: [(19, 6), (11, 20), (2, 11), (8, 13)], 3: [(4, 13), (15, 4), (6, 15), (12, 1), (18, 19), (16, 5), (10, 19), (20, 11)], 4: [(17, 6), (3, 12), (7, 16), (9, 18), (14, 3), (13, 2), (5, 14), (8, 4)]}
bestSolutionIndice: 36
36 -> 
costo: 81298.79999999999, 
rotte: {2: [(1, 19), (19, 11)], 3: [(1, 18), (18, 20), (20, 4), (4, 6), (6, 10), (10, 12), (12, 17), (17, 16), (16, 15)], 4: [(1, 2), (2, 3), (3, 7), (7, 5), (5, 9), (9, 8), (8, 13), (13, 14)]}
trasportoPalletDiGamma: {2: [(19, 6), (11, 20)], 3: [(18, 19), (20, 11), (4, 13), (6, 15), (10, 19), (12, 1), (17, 6), (16, 5), (15, 4)], 4: [(2, 11), (3, 12), (7, 16), (5, 14), (9, 18), (8, 17), (13, 2), (14, 3)]}
itMosseLS: 155, itMosseTS: 138
numero di soluzioni totali trovati: 78.
time elapsed: 3604.72s.


##########################################################################################
##########################################################################################
##########################################################################################
##########################################################################################
##########################################################################################
Soluzione migliore in assoluto trovata:

s: 1
itNSI: 1, 
costo: 81298.79999999999, 
rotte: {2: [(1, 19), (19, 11)], 3: [(1, 18), (18, 20), (20, 4), (4, 6), (6, 10), (10, 12), (12, 17), (17, 16), (16, 15)], 4: [(1, 2), (2, 3), (3, 7), (7, 5), (5, 9), (9, 8), (8, 13), (13, 14)]}
trasportoPalletDiGamma: {2: [(19, 6), (11, 20)], 3: [(18, 19), (20, 11), (4, 13), (6, 15), (10, 19), (12, 1), (17, 6), (16, 5), (15, 4)], 4: [(2, 11), (3, 12), (7, 16), (5, 14), (9, 18), (8, 17), (13, 2), (14, 3)]}

Total time elapsed: 3605.38s.