itNSIMax: 5, itMosseTSMax: 100.
##########################################################################################
s: 1, itNSI: 1.
soluzione iniziale: 0
0 -> 
costo: 182632.50000000003, 
rotte: {3: [(1, 10), (10, 2), (2, 13), (13, 11), (11, 18), (18, 17), (17, 14), (14, 5)], 2: [(1, 12), (12, 9), (9, 7), (7, 16), (16, 5)], 4: [(1, 8), (8, 3), (3, 20), (20, 4), (4, 19), (19, 15), (15, 6)]}
trasportoPalletDiGamma: {3: [(10, 19), (2, 11), (13, 2), (11, 20), (18, 19), (17, 6), (14, 3), (5, 4)], 2: [(12, 1), (9, 18), (7, 16), (16, 5), (5, 10)], 4: [(8, 17), (3, 12), (20, 11), (4, 13), (19, 6), (15, 4), (6, 15)]}
bestSolutionIndice: 18
18 -> 
costo: 110657.7, 
rotte: {3: [(1, 10), (10, 13), (13, 12), (12, 11), (11, 14), (14, 18), (18, 17)], 2: [(1, 2), (2, 5), (5, 7), (7, 16)], 4: [(1, 9), (9, 8), (8, 6), (6, 4), (4, 3), (3, 19), (19, 20), (20, 15)]}
trasportoPalletDiGamma: {3: [(10, 19), (13, 2), (12, 1), (11, 20), (14, 3), (18, 19), (17, 6)], 2: [(2, 11), (5, 14), (7, 16), (16, 5)], 4: [(9, 18), (8, 17), (6, 15), (4, 13), (3, 12), (19, 6), (20, 11), (15, 4)]}
itMosseLS: 62, itMosseTS: 50
numero di soluzioni totali trovati: 43.
time elapsed: 3606.58s.


##########################################################################################
##########################################################################################
##########################################################################################
##########################################################################################
##########################################################################################
##########################################################################################
##########################################################################################
Soluzione migliore in assoluto trovata:

s: 1
itNSI: 1, 
costo: 110657.7, 
rotte: {3: [(1, 10), (10, 13), (13, 12), (12, 11), (11, 14), (14, 18), (18, 17)], 2: [(1, 2), (2, 5), (5, 7), (7, 16)], 4: [(1, 9), (9, 8), (8, 6), (6, 4), (4, 3), (3, 19), (19, 20), (20, 15)]}
trasportoPalletDiGamma: {3: [(10, 19), (13, 2), (12, 1), (11, 20), (14, 3), (18, 19), (17, 6)], 2: [(2, 11), (5, 14), (7, 16), (16, 5)], 4: [(9, 18), (8, 17), (6, 15), (4, 13), (3, 12), (19, 6), (20, 11), (15, 4)]}

Total time elapsed: 3608.02s.