itNSIMax: 5, itMosseTSMax: 100.
##########################################################################################
s: 1, itNSI: 1.
soluzione iniziale: 0
0 -> 
costo: 144851.6, 
rotte: {4: [(1, 10), (10, 4), (4, 2), (2, 14), (14, 19), (19, 11), (11, 18), (18, 5)], 2: [(1, 20), (20, 12), (12, 6), (6, 8), (8, 5)], 3: [(1, 17), (17, 16), (16, 3), (3, 7), (7, 9), (9, 13), (13, 15)]}
trasportoPalletDiGamma: {4: [(10, 19), (4, 13), (2, 11), (14, 3), (19, 6), (11, 20), (18, 19), (5, 8)], 2: [(20, 11), (12, 1), (6, 15), (8, 17), (5, 6)], 3: [(17, 6), (16, 5), (3, 12), (7, 16), (9, 18), (13, 2), (15, 4)]}
bestSolutionIndice: 41
41 -> 
costo: 91695.70000000003, 
rotte: {4: [(1, 18), (18, 2), (2, 4), (4, 10), (10, 11), (11, 14)], 2: [(1, 19), (19, 5), (5, 8), (8, 12)], 3: [(1, 20), (20, 15), (15, 17), (17, 16), (16, 13), (13, 3), (3, 7), (7, 6), (6, 9)]}
trasportoPalletDiGamma: {4: [(18, 19), (2, 11), (4, 13), (10, 19), (11, 20), (14, 3)], 2: [(19, 6), (5, 14), (8, 17), (12, 1)], 3: [(20, 11), (15, 4), (17, 6), (16, 5), (13, 2), (3, 12), (7, 16), (6, 15), (9, 18)]}
itMosseLS: 114, itMosseTS: 100
numero di soluzioni totali trovati: 42.
time elapsed: 2527.16s.


##########################################################################################
s: 1, itNSI: 2.
soluzione iniziale: 0
0 -> 
costo: 146318.89999999997, 
rotte: {3: [(1, 14), (14, 13), (13, 7), (7, 10), (10, 15), (15, 17), (17, 20), (20, 16)], 4: [(1, 12), (12, 19), (19, 4), (4, 2), (2, 11), (11, 5), (5, 6), (6, 8)], 2: [(1, 3), (3, 9), (9, 18), (18, 8)]}
trasportoPalletDiGamma: {3: [(14, 3), (13, 2), (7, 16), (10, 19), (15, 4), (17, 6), (20, 11), (16, 5)], 4: [(12, 1), (19, 6), (4, 13), (2, 11), (11, 20), (5, 14), (6, 15), (8, 16)], 2: [(3, 12), (9, 18), (18, 19), (8, 1)]}
bestSolutionIndice: 13
13 -> 
costo: 87237.9, 
rotte: {3: [(1, 18), (18, 20), (20, 13), (13, 14), (14, 7), (7, 3), (3, 10), (10, 17), (17, 16), (16, 15)], 4: [(1, 19), (19, 2), (2, 4), (4, 11), (11, 12), (12, 6), (6, 5)], 2: [(1, 8), (8, 9)]}
trasportoPalletDiGamma: {3: [(18, 19), (20, 11), (13, 2), (14, 3), (7, 16), (3, 12), (10, 19), (17, 6), (16, 5), (15, 4)], 4: [(19, 6), (2, 11), (4, 13), (11, 20), (12, 1), (6, 15), (5, 14)], 2: [(8, 17), (9, 18)]}
itMosseLS: 41, itMosseTS: 29
numero di soluzioni totali trovati: 29.
time elapsed: 1073.26s.


##########################################################################################
##########################################################################################
##########################################################################################
##########################################################################################
##########################################################################################
##########################################################################################
Soluzione migliore in assoluto trovata:

s: 1
itNSI: 2, 
costo: 87237.9, 
rotte: {3: [(1, 18), (18, 20), (20, 13), (13, 14), (14, 7), (7, 3), (3, 10), (10, 17), (17, 16), (16, 15)], 4: [(1, 19), (19, 2), (2, 4), (4, 11), (11, 12), (12, 6), (6, 5)], 2: [(1, 8), (8, 9)]}
trasportoPalletDiGamma: {3: [(18, 19), (20, 11), (13, 2), (14, 3), (7, 16), (3, 12), (10, 19), (17, 6), (16, 5), (15, 4)], 4: [(19, 6), (2, 11), (4, 13), (11, 20), (12, 1), (6, 15), (5, 14)], 2: [(8, 17), (9, 18)]}

Total time elapsed: 3601.43s.