itNSIMax: 10, itMosseTSMax: 20.
##########################################################################################
s: 1
dictSolutions[1]:
0 -> costo: 146695.4, rotte: {3: [(1, 11), (11, 16), (16, 14), (14, 17), (17, 15), (15, 19)], 4: [(1, 7), (7, 12), (12, 2), (2, 13), (13, 10), (10, 8), (8, 5), (5, 19)], 2: [(1, 18), (18, 9), (9, 20), (20, 6), (6, 4), (4, 21), (21, 3)]}, padri: [-1], figli: [1], mosse: [-1]
1 -> costo: 123262.8, rotte: {3: [(1, 16), (16, 14), (14, 17), (17, 15), (15, 19), (19, 11)], 4: [(1, 7), (7, 12), (12, 2), (2, 13), (13, 10), (10, 8), (8, 5), (5, 19)], 2: [(1, 18), (18, 9), (9, 20), (20, 6), (6, 4), (4, 21), (21, 3)]}, padri: [0], figli: [2], mosse: [(3, 3, 19, 11, 9)]
2 -> costo: 112172.5, rotte: {3: [(1, 16), (16, 17), (17, 15), (15, 19), (19, 14), (14, 11)], 4: [(1, 7), (7, 12), (12, 2), (2, 13), (13, 10), (10, 8), (8, 5), (5, 19)], 2: [(1, 18), (18, 9), (9, 20), (20, 6), (6, 4), (4, 21), (21, 3)]}, padri: [1], figli: [3], mosse: [(3, 3, 19, 14, 12)]
3 -> costo: 107546.29999999999, rotte: {3: [(1, 16), (16, 17), (17, 15), (15, 19), (19, 14), (14, 11)], 4: [(1, 7), (7, 12), (12, 2), (2, 13), (13, 10), (10, 8), (8, 5), (5, 19)], 2: [(1, 18), (18, 9), (9, 20), (20, 6), (6, 3), (3, 4), (4, 21)]}, padri: [2], figli: [4], mosse: [(2, 2, 6, 3, 1)]
4 -> costo: 103332.49999999999, rotte: {3: [(1, 16), (16, 17), (17, 19), (19, 15), (15, 14), (14, 11)], 4: [(1, 7), (7, 12), (12, 2), (2, 13), (13, 10), (10, 8), (8, 5), (5, 19)], 2: [(1, 18), (18, 9), (9, 20), (20, 6), (6, 3), (3, 4), (4, 21)]}, padri: [3], figli: [5], mosse: [(3, 3, 19, 15, 13)]
5 -> costo: 99743.59999999998, rotte: {3: [(1, 16), (16, 17), (17, 19), (19, 15), (15, 14), (14, 11)], 4: [(1, 7), (7, 12), (12, 2), (2, 13), (13, 10), (10, 8), (8, 5), (5, 19)], 2: [(1, 18), (18, 9), (9, 21), (21, 20), (20, 6), (6, 3), (3, 4)]}, padri: [4], figli: [6], mosse: [(2, 2, 9, 21, 19)]
6 -> costo: 97469.99999999999, rotte: {3: [(1, 16), (16, 17), (17, 19), (19, 15), (15, 14), (14, 11)], 4: [(1, 7), (7, 2), (2, 13), (13, 10), (10, 12), (12, 8), (8, 5), (5, 19)], 2: [(1, 18), (18, 9), (9, 21), (21, 20), (20, 6), (6, 3), (3, 4)]}, padri: [5], figli: [7], mosse: [(4, 4, 10, 12, 10)]
7 -> costo: 94153.0, rotte: {3: [(1, 16), (16, 17), (17, 19), (19, 15), (15, 14), (14, 11)], 4: [(1, 2), (2, 13), (13, 10), (10, 12), (12, 8), (8, 7), (7, 5), (5, 19)], 2: [(1, 18), (18, 9), (9, 21), (21, 20), (20, 6), (6, 3), (3, 4)]}, padri: [6], figli: [8], mosse: [(4, 4, 8, 7, 5)]
8 -> costo: 92527.59999999999, rotte: {3: [(1, 16), (16, 17), (17, 19), (19, 15), (15, 14), (14, 11)], 4: [(1, 13), (13, 10), (10, 12), (12, 8), (8, 7), (7, 2), (2, 5), (5, 19)], 2: [(1, 18), (18, 9), (9, 21), (21, 20), (20, 6), (6, 3), (3, 4)]}, padri: [7], figli: [9], mosse: [(4, 4, 7, 2, 12)]
9 -> costo: 91623.69999999998, rotte: {3: [(1, 16), (16, 17), (17, 19), (19, 15), (15, 14), (14, 11)], 4: [(1, 13), (13, 10), (10, 12), (12, 8), (8, 7), (7, 2), (2, 5), (5, 19)], 2: [(1, 4), (4, 18), (18, 9), (9, 21), (21, 20), (20, 6), (6, 3)]}, padri: [8], figli: [10], mosse: [(2, 2, 1, 4, 2)]
10 -> costo: 90707.09999999999, rotte: {3: [(1, 16), (16, 17), (17, 19), (19, 15), (15, 14), (14, 11)], 4: [(1, 13), (13, 10), (10, 12), (12, 8), (8, 7), (7, 2), (2, 5), (5, 19)], 2: [(1, 4), (4, 3), (3, 18), (18, 9), (9, 21), (21, 20), (20, 6)]}, padri: [9], figli: [11, 15, 16], mosse: [(2, 2, 4, 3, 1)]
11 -> costo: 88394.59999999999, rotte: {3: [(1, 16), (16, 17), (17, 19), (19, 15), (15, 14), (14, 11)], 4: [(1, 13), (13, 10), (10, 12), (12, 8), (8, 7), (7, 2), (2, 5), (5, 19)], 2: [(1, 4), (4, 3), (3, 18), (18, 6), (6, 9), (9, 21), (21, 20)]}, padri: [10, 15], figli: [12, 12, 12, 14, 14, 14, 17, 17, 17], mosse: [(2, 2, 18, 6, 4), (2, 2, 18, 6, 4)]
12 -> costo: 88257.4, rotte: {3: [(1, 16), (16, 17), (17, 19), (19, 15), (15, 14), (14, 11)], 4: [(1, 13), (13, 10), (10, 12), (12, 8), (8, 7), (7, 2), (2, 5), (5, 19)], 2: [(1, 4), (4, 3), (3, 18), (18, 6), (6, 9), (9, 20), (20, 21)]}, padri: [11, 11, 11, 16], figli: [13], mosse: [(2, 2, 21, 20), (2, 2, 9, 20, 18), (2, 2, 20, 21, 19), (2, 2, 18, 6, 4)]
13 -> costo: 88242.40000000001, rotte: {3: [(1, 16), (16, 17), (17, 19), (19, 15), (15, 14), (14, 11)], 4: [(1, 10), (10, 13), (13, 12), (12, 8), (8, 7), (7, 2), (2, 5), (5, 19)], 2: [(1, 4), (4, 3), (3, 18), (18, 6), (6, 9), (9, 20), (20, 21)]}, padri: [12, 14, 14, 14, 17], figli: [], mosse: [(4, 4, 10, 13, 11), (2, 2, 21, 20), (2, 2, 9, 20, 18), (2, 2, 20, 21, 19), (2, 2, 18, 6, 4)]
14 -> costo: 88379.6, rotte: {3: [(1, 16), (16, 17), (17, 19), (19, 15), (15, 14), (14, 11)], 4: [(1, 10), (10, 13), (13, 12), (12, 8), (8, 7), (7, 2), (2, 5), (5, 19)], 2: [(1, 4), (4, 3), (3, 18), (18, 6), (6, 9), (9, 21), (21, 20)]}, padri: [11, 18], figli: [13, 13, 13], mosse: [(4, 4, 10, 13, 11), (2, 2, 18, 6, 4)]
15 -> costo: 88639.19999999998, rotte: {3: [(1, 16), (16, 17), (17, 19), (19, 15), (15, 14), (14, 11)], 4: [(1, 13), (13, 10), (10, 12), (12, 8), (8, 7), (7, 2), (2, 5), (5, 19)], 2: [(1, 4), (4, 3), (3, 6), (6, 18), (18, 9), (9, 21), (21, 20)]}, padri: [10], figli: [11, 16, 16, 16, 18, 18, 18], mosse: [(2, 2, 3, 6, 4)]
16 -> costo: 88501.99999999999, rotte: {3: [(1, 16), (16, 17), (17, 19), (19, 15), (15, 14), (14, 11)], 4: [(1, 13), (13, 10), (10, 12), (12, 8), (8, 7), (7, 2), (2, 5), (5, 19)], 2: [(1, 4), (4, 3), (3, 6), (6, 18), (18, 9), (9, 20), (20, 21)]}, padri: [15, 15, 15], figli: [12, 17], mosse: [(2, 2, 21, 20), (2, 2, 9, 20, 18), (2, 2, 20, 21, 19)]
17 -> costo: 88487.0, rotte: {3: [(1, 16), (16, 17), (17, 19), (19, 15), (15, 14), (14, 11)], 4: [(1, 10), (10, 13), (13, 12), (12, 8), (8, 7), (7, 2), (2, 5), (5, 19)], 2: [(1, 4), (4, 3), (3, 6), (6, 18), (18, 9), (9, 20), (20, 21)]}, padri: [16, 18, 18, 18], figli: [13], mosse: [(4, 4, 10, 13, 11), (2, 2, 21, 20), (2, 2, 9, 20, 18), (2, 2, 20, 21, 19)]
18 -> costo: 88624.2, rotte: {3: [(1, 16), (16, 17), (17, 19), (19, 15), (15, 14), (14, 11)], 4: [(1, 10), (10, 13), (13, 12), (12, 8), (8, 7), (7, 2), (2, 5), (5, 19)], 2: [(1, 4), (4, 3), (3, 6), (6, 18), (18, 9), (9, 21), (21, 20)]}, padri: [15], figli: [14, 17, 17, 17], mosse: [(4, 4, 10, 13, 11)]
bestSolutionIndice: 13
13 -> costo: 88242.40000000001, rotte: {3: [(1, 16), (16, 17), (17, 19), (19, 15), (15, 14), (14, 11)], 4: [(1, 10), (10, 13), (13, 12), (12, 8), (8, 7), (7, 2), (2, 5), (5, 19)], 2: [(1, 4), (4, 3), (3, 18), (18, 6), (6, 9), (9, 20), (20, 21)]}, padri: [12, 14, 14, 14, 17], figli: [], mosse: [(4, 4, 10, 13, 11), (2, 2, 21, 20), (2, 2, 9, 20, 18), (2, 2, 20, 21, 19), (2, 2, 18, 6, 4)]
trasportoPalletDiGamma: {3: [(16, 14), (17, 15), (19, 7), (15, 13), (14, 12), (11, 9)], 4: [(10, 8), (13, 11), (12, 10), (8, 6), (7, 5), (2, 12), (5, 3), (19, 10)], 2: [(4, 2), (3, 1), (18, 16), (6, 4), (9, 7), (20, 18), (21, 19)]}
itMosseLS: 32, itMosseTS: 20
time elapsed: 916.30s.


##########################################################################################
s: 1
dictSolutions[1]:
0 -> costo: 149455.0, rotte: {4: [(1, 15), (15, 4), (4, 8), (8, 13), (13, 6), (6, 9), (9, 17), (17, 2)], 3: [(1, 16), (16, 7), (7, 21), (21, 20), (20, 10), (10, 5), (5, 2)], 2: [(1, 11), (11, 18), (18, 14), (14, 3), (3, 19), (19, 12), (12, 2)]}, padri: [-1], figli: [1], mosse: [-1]
1 -> costo: 142596.30000000002, rotte: {4: [(1, 15), (15, 2), (2, 4), (4, 8), (8, 13), (13, 6), (6, 9), (9, 17)], 3: [(1, 16), (16, 7), (7, 21), (21, 20), (20, 10), (10, 5), (5, 2)], 2: [(1, 11), (11, 18), (18, 14), (14, 3), (3, 19), (19, 12), (12, 2)]}, padri: [0], figli: [2], mosse: [(4, 4, 15, 2, 4)]
2 -> costo: 137062.1, rotte: {4: [(1, 2), (2, 4), (4, 8), (8, 15), (15, 13), (13, 6), (6, 9), (9, 17)], 3: [(1, 16), (16, 7), (7, 21), (21, 20), (20, 10), (10, 5), (5, 2)], 2: [(1, 11), (11, 18), (18, 14), (14, 3), (3, 19), (19, 12), (12, 2)]}, padri: [1], figli: [3], mosse: [(4, 4, 8, 15, 13)]
3 -> costo: 132811.6, rotte: {4: [(1, 2), (2, 4), (4, 8), (8, 15), (15, 13), (13, 6), (6, 9), (9, 17)], 3: [(1, 7), (7, 16), (16, 21), (21, 20), (20, 10), (10, 5), (5, 2)], 2: [(1, 11), (11, 18), (18, 14), (14, 3), (3, 19), (19, 12), (12, 2)]}, padri: [2], figli: [4], mosse: [(3, 3, 7, 16, 14)]
4 -> costo: 129126.59999999999, rotte: {4: [(1, 2), (2, 4), (4, 8), (8, 15), (15, 13), (13, 6), (6, 9), (9, 17)], 3: [(1, 7), (7, 16), (16, 21), (21, 20), (20, 10), (10, 5), (5, 2)], 2: [(1, 11), (11, 18), (18, 14), (14, 3), (3, 19), (19, 12)]}, padri: [3], figli: [5], mosse: [(4, 2, 1, 2, 5)]
5 -> costo: 102949.99999999999, rotte: {4: [(1, 2), (2, 4), (4, 8), (8, 15), (15, 13), (13, 6), (6, 9), (9, 17)], 3: [(1, 7), (7, 16), (16, 21), (21, 20), (20, 10), (10, 5), (5, 2)], 2: [(1, 18), (18, 14), (14, 3), (3, 19), (19, 12), (12, 11)]}, padri: [4], figli: [6], mosse: [(2, 2, 12, 11, 9)]
6 -> costo: 100174.4, rotte: {4: [(1, 2), (2, 4), (4, 8), (8, 15), (15, 13), (13, 6), (6, 9), (9, 17)], 3: [(1, 7), (7, 16), (16, 21), (21, 20), (20, 10), (10, 5), (5, 2)], 2: [(1, 18), (18, 3), (3, 19), (19, 12), (12, 14), (14, 11)]}, padri: [5], figli: [7], mosse: [(2, 2, 12, 14, 12)]
7 -> costo: 98142.9, rotte: {4: [(1, 2), (2, 4), (4, 8), (8, 15), (15, 13), (13, 6), (6, 9), (9, 17)], 3: [(1, 7), (7, 16), (16, 21), (21, 20), (20, 10), (10, 5), (5, 2)], 2: [(1, 3), (3, 18), (18, 19), (19, 12), (12, 14), (14, 11)]}, padri: [6], figli: [8], mosse: [(2, 2, 3, 18, 16)]
8 -> costo: 96322.4, rotte: {4: [(1, 2), (2, 4), (4, 8), (8, 15), (15, 13), (13, 6), (6, 9), (9, 17)], 3: [(1, 7), (7, 16), (16, 21), (21, 20), (20, 5), (5, 2), (2, 10)], 2: [(1, 3), (3, 18), (18, 19), (19, 12), (12, 14), (14, 11)]}, padri: [7], figli: [9], mosse: [(3, 3, 2, 10, 8)]
9 -> costo: 95237.69999999998, rotte: {4: [(1, 4), (4, 2), (2, 8), (8, 15), (15, 13), (13, 6), (6, 9), (9, 17)], 3: [(1, 7), (7, 16), (16, 21), (21, 20), (20, 5), (5, 2), (2, 10)], 2: [(1, 3), (3, 18), (18, 19), (19, 12), (12, 14), (14, 11)]}, padri: [8], figli: [10, 12], mosse: [(4, 4, 4, 2, 9)]
10 -> costo: 94999.49999999999, rotte: {4: [(1, 4), (4, 2), (2, 3), (3, 8), (8, 15), (15, 13), (13, 6), (6, 9), (9, 17)], 3: [(1, 7), (7, 16), (16, 21), (21, 20), (20, 5), (5, 2), (2, 10)], 2: [(1, 18), (18, 19), (19, 12), (12, 14), (14, 11)]}, padri: [9], figli: [11, 13], mosse: [(4, 2, 2, 3, 1)]
11 -> costo: 94873.09999999999, rotte: {4: [(1, 4), (4, 2), (2, 3), (3, 8), (8, 15), (15, 13), (13, 6), (6, 9), (9, 17)], 3: [(1, 10), (10, 7), (7, 16), (16, 21), (21, 20), (20, 5), (5, 2)], 2: [(1, 18), (18, 19), (19, 12), (12, 14), (14, 11)]}, padri: [10, 12], figli: [], mosse: [(3, 3, 1, 10, 8), (4, 2, 2, 3, 1)]
12 -> costo: 95111.29999999999, rotte: {4: [(1, 4), (4, 2), (2, 8), (8, 15), (15, 13), (13, 6), (6, 9), (9, 17)], 3: [(1, 10), (10, 7), (7, 16), (16, 21), (21, 20), (20, 5), (5, 2)], 2: [(1, 3), (3, 18), (18, 19), (19, 12), (12, 14), (14, 11)]}, padri: [9], figli: [11, 13], mosse: [(3, 3, 1, 10, 8)]
13 -> costo: 95032.69999999998, rotte: {4: [(1, 4), (4, 2), (2, 8), (8, 15), (15, 13), (13, 6), (6, 9), (9, 17)], 3: [(1, 10), (10, 7), (7, 16), (16, 21), (21, 20), (20, 5)], 2: [(1, 3), (3, 18), (18, 19), (19, 12), (12, 14), (14, 11)]}, padri: [12], figli: [14, 20], mosse: [(4, 3, 1, 2, 3)]
14 -> costo: 91677.99999999999, rotte: {4: [(1, 4), (4, 2), (2, 8), (8, 15), (15, 13), (13, 6), (6, 9), (9, 17)], 3: [(1, 10), (10, 5), (5, 7), (7, 16), (16, 21), (21, 20)], 2: [(1, 3), (3, 18), (18, 19), (19, 12), (12, 14), (14, 11)]}, padri: [13], figli: [15, 19], mosse: [(3, 3, 10, 5, 3)]
15 -> costo: 90572.59999999998, rotte: {4: [(1, 4), (4, 2), (2, 8), (8, 15), (15, 13), (13, 6), (6, 9), (9, 17)], 3: [(1, 10), (10, 5), (5, 7), (7, 21), (21, 20), (20, 16)], 2: [(1, 3), (3, 18), (18, 19), (19, 12), (12, 14), (14, 11)]}, padri: [14], figli: [16, 18], mosse: [(3, 3, 20, 16, 14)]
16 -> costo: 89896.89999999998, rotte: {4: [(1, 4), (4, 2), (2, 8), (8, 15), (15, 13), (13, 6), (6, 9), (9, 17)], 3: [(1, 10), (10, 3), (3, 5), (5, 7), (7, 21), (21, 20), (20, 16)], 2: [(1, 18), (18, 19), (19, 12), (12, 14), (14, 11)]}, padri: [15, 19], figli: [17], mosse: [(3, 2, 10, 3, 1), (3, 3, 20, 16, 14)]
17 -> costo: 89704.89999999998, rotte: {4: [(1, 4), (4, 2), (2, 8), (8, 15), (15, 13), (13, 6), (6, 9), (9, 17)], 3: [(1, 10), (10, 3), (3, 5), (5, 7), (7, 20), (20, 21), (21, 16)], 2: [(1, 18), (18, 19), (19, 12), (12, 14), (14, 11)]}, padri: [16, 18], figli: [], mosse: [(3, 3, 20, 21, 19), (3, 2, 10, 3, 1)]
18 -> costo: 90380.59999999999, rotte: {4: [(1, 4), (4, 2), (2, 8), (8, 15), (15, 13), (13, 6), (6, 9), (9, 17)], 3: [(1, 10), (10, 5), (5, 7), (7, 20), (20, 21), (21, 16)], 2: [(1, 3), (3, 18), (18, 19), (19, 12), (12, 14), (14, 11)]}, padri: [15], figli: [17], mosse: [(3, 3, 20, 21, 19)]
19 -> costo: 91002.29999999997, rotte: {4: [(1, 4), (4, 2), (2, 8), (8, 15), (15, 13), (13, 6), (6, 9), (9, 17)], 3: [(1, 10), (10, 3), (3, 5), (5, 7), (7, 16), (16, 21), (21, 20)], 2: [(1, 18), (18, 19), (19, 12), (12, 14), (14, 11)]}, padri: [14], figli: [16], mosse: [(3, 2, 10, 3, 1)]
20 -> costo: 91800.29999999999, rotte: {4: [(1, 4), (4, 2), (2, 8), (8, 15), (15, 13), (13, 6), (6, 9), (9, 17)], 3: [(1, 5), (5, 10), (10, 7), (7, 16), (16, 21), (21, 20)], 2: [(1, 3), (3, 18), (18, 19), (19, 12), (12, 14), (14, 11)]}, padri: [13], figli: [21, 27], mosse: [(3, 3, 1, 5, 3)]
21 -> costo: 90400.9, rotte: {4: [(1, 4), (4, 2), (2, 8), (8, 15), (15, 13), (13, 6), (6, 9), (9, 17)], 3: [(1, 10), (10, 7), (7, 16), (16, 21), (21, 20)], 2: [(1, 3), (3, 5), (5, 18), (18, 19), (19, 12), (12, 14), (14, 11)]}, padri: [20], figli: [22, 26, 28], mosse: [(2, 3, 3, 5, 3)]
22 -> costo: 89295.49999999999, rotte: {4: [(1, 4), (4, 2), (2, 8), (8, 15), (15, 13), (13, 6), (6, 9), (9, 17)], 3: [(1, 10), (10, 7), (7, 21), (21, 20), (20, 16)], 2: [(1, 3), (3, 5), (5, 18), (18, 19), (19, 12), (12, 14), (14, 11)]}, padri: [21, 27, 28], figli: [23, 25], mosse: [(3, 3, 20, 16, 14), (2, 3, 3, 5, 3), (2, 2, 3, 5, 3)]
23 -> costo: 89103.5, rotte: {4: [(1, 4), (4, 2), (2, 8), (8, 15), (15, 13), (13, 6), (6, 9), (9, 17)], 3: [(1, 10), (10, 7), (7, 20), (20, 21), (21, 16)], 2: [(1, 3), (3, 5), (5, 18), (18, 19), (19, 12), (12, 14), (14, 11)]}, padri: [22], figli: [24], mosse: [(3, 3, 20, 21, 19)]
24 -> costo: 88922.29999999999, rotte: {4: [(1, 4), (4, 2), (2, 8), (8, 15), (15, 13), (13, 6), (6, 9), (9, 17)], 3: [(1, 10), (10, 3), (3, 7), (7, 20), (20, 21), (21, 16)], 2: [(1, 5), (5, 18), (18, 19), (19, 12), (12, 14), (14, 11)]}, padri: [23, 25], figli: [], mosse: [(3, 2, 10, 3, 1), (3, 3, 20, 21, 19)]
25 -> costo: 89114.29999999997, rotte: {4: [(1, 4), (4, 2), (2, 8), (8, 15), (15, 13), (13, 6), (6, 9), (9, 17)], 3: [(1, 10), (10, 3), (3, 7), (7, 21), (21, 20), (20, 16)], 2: [(1, 5), (5, 18), (18, 19), (19, 12), (12, 14), (14, 11)]}, padri: [22, 26], figli: [24], mosse: [(3, 2, 10, 3, 1), (3, 3, 20, 16, 14)]
26 -> costo: 90219.69999999998, rotte: {4: [(1, 4), (4, 2), (2, 8), (8, 15), (15, 13), (13, 6), (6, 9), (9, 17)], 3: [(1, 10), (10, 3), (3, 7), (7, 16), (16, 21), (21, 20)], 2: [(1, 5), (5, 18), (18, 19), (19, 12), (12, 14), (14, 11)]}, padri: [21], figli: [25], mosse: [(3, 2, 10, 3, 1)]
27 -> costo: 90694.89999999998, rotte: {4: [(1, 4), (4, 2), (2, 8), (8, 15), (15, 13), (13, 6), (6, 9), (9, 17)], 3: [(1, 5), (5, 10), (10, 7), (7, 21), (21, 20), (20, 16)], 2: [(1, 3), (3, 18), (18, 19), (19, 12), (12, 14), (14, 11)]}, padri: [20], figli: [22, 28], mosse: [(3, 3, 20, 16, 14)]
28 -> costo: 89644.29999999997, rotte: {4: [(1, 4), (4, 2), (2, 8), (8, 15), (15, 13), (13, 6), (6, 9), (9, 17)], 3: [(1, 10), (10, 7), (7, 21), (21, 20), (20, 16)], 2: [(1, 5), (5, 3), (3, 18), (18, 19), (19, 12), (12, 14), (14, 11)]}, padri: [27], figli: [22], mosse: [(2, 3, 1, 5, 3)]
bestSolutionIndice: 24
24 -> costo: 88922.29999999999, rotte: {4: [(1, 4), (4, 2), (2, 8), (8, 15), (15, 13), (13, 6), (6, 9), (9, 17)], 3: [(1, 10), (10, 3), (3, 7), (7, 20), (20, 21), (21, 16)], 2: [(1, 5), (5, 18), (18, 19), (19, 12), (12, 14), (14, 11)]}, padri: [23, 25], figli: [], mosse: [(3, 2, 10, 3, 1), (3, 3, 20, 21, 19)]
trasportoPalletDiGamma: {4: [(4, 2), (2, 12), (8, 6), (15, 13), (13, 11), (6, 4), (9, 7), (17, 15)], 3: [(10, 8), (3, 1), (7, 5), (20, 18), (21, 19), (16, 14)], 2: [(5, 3), (18, 16), (19, 17), (12, 10), (14, 12), (11, 9)]}
itMosseLS: 35, itMosseTS: 20
time elapsed: 883.75s.


##########################################################################################
s: 1
dictSolutions[1]:
0 -> costo: 142846.1, rotte: {4: [(1, 12), (12, 5), (5, 8), (8, 14), (14, 20), (20, 16), (16, 6), (6, 13)], 3: [(1, 10), (10, 19), (19, 21), (21, 3), (3, 18), (18, 13)], 2: [(1, 15), (15, 11), (11, 17), (17, 7), (7, 9), (9, 2), (2, 4)]}, padri: [-1], figli: [1], mosse: [-1]
1 -> costo: 113302.20000000001, rotte: {4: [(1, 12), (12, 5), (5, 8), (8, 14), (14, 20), (20, 16), (16, 6), (6, 13)], 3: [(1, 10), (10, 19), (19, 21), (21, 3), (3, 18), (18, 13)], 2: [(1, 15), (15, 17), (17, 7), (7, 9), (9, 2), (2, 4), (4, 11)]}, padri: [0], figli: [2], mosse: [(2, 2, 4, 11, 9)]
2 -> costo: 107719.50000000001, rotte: {4: [(1, 5), (5, 12), (12, 8), (8, 14), (14, 20), (20, 16), (16, 6), (6, 13)], 3: [(1, 10), (10, 19), (19, 21), (21, 3), (3, 18), (18, 13)], 2: [(1, 15), (15, 17), (17, 7), (7, 9), (9, 2), (2, 4), (4, 11)]}, padri: [1], figli: [3], mosse: [(4, 4, 5, 12, 10)]
3 -> costo: 104926.1, rotte: {4: [(1, 5), (5, 12), (12, 8), (8, 20), (20, 16), (16, 6), (6, 14), (14, 13)], 3: [(1, 10), (10, 19), (19, 21), (21, 3), (3, 18), (18, 13)], 2: [(1, 15), (15, 17), (17, 7), (7, 9), (9, 2), (2, 4), (4, 11)]}, padri: [2], figli: [4], mosse: [(4, 4, 6, 14, 12)]
4 -> costo: 102336.90000000001, rotte: {4: [(1, 5), (5, 12), (12, 8), (8, 20), (20, 16), (16, 6), (6, 14), (14, 13)], 3: [(1, 10), (10, 13), (13, 19), (19, 21), (21, 3), (3, 18)], 2: [(1, 15), (15, 17), (17, 7), (7, 9), (9, 2), (2, 4), (4, 11)]}, padri: [3], figli: [5], mosse: [(3, 3, 10, 13, 9)]
5 -> costo: 100675.29999999999, rotte: {4: [(1, 5), (5, 12), (12, 8), (8, 20), (20, 16), (16, 6), (6, 14), (14, 13)], 3: [(1, 10), (10, 13), (13, 19), (19, 21), (21, 3), (3, 18)], 2: [(1, 15), (15, 17), (17, 9), (9, 7), (7, 2), (2, 4), (4, 11)]}, padri: [4], figli: [6], mosse: [(2, 2, 9, 7, 5)]
6 -> costo: 99643.79999999999, rotte: {4: [(1, 5), (5, 12), (12, 8), (8, 20), (20, 16), (16, 6), (6, 14), (14, 13)], 3: [(1, 10), (10, 13), (13, 19), (19, 21), (21, 18), (18, 3)], 2: [(1, 15), (15, 17), (17, 9), (9, 7), (7, 2), (2, 4), (4, 11)]}, padri: [5], figli: [7], mosse: [(3, 3, 21, 18, 16)]
7 -> costo: 98676.79999999999, rotte: {4: [(1, 5), (5, 12), (12, 8), (8, 20), (20, 16), (16, 6), (6, 14), (14, 13)], 3: [(1, 10), (10, 13), (13, 3), (3, 19), (19, 21), (21, 18)], 2: [(1, 15), (15, 17), (17, 9), (9, 7), (7, 2), (2, 4), (4, 11)]}, padri: [6], figli: [8], mosse: [(3, 3, 13, 3, 1)]
8 -> costo: 95189.49999999999, rotte: {4: [(1, 5), (5, 12), (12, 8), (8, 20), (20, 16), (16, 6), (6, 14), (14, 13)], 3: [(1, 10), (10, 13), (13, 3), (3, 18), (18, 19), (19, 21)], 2: [(1, 15), (15, 17), (17, 9), (9, 7), (7, 2), (2, 4), (4, 11)]}, padri: [7], figli: [9], mosse: [(3, 3, 3, 18, 16)]
9 -> costo: 94976.09999999999, rotte: {4: [(1, 12), (12, 8), (8, 20), (20, 16), (16, 6), (6, 14), (14, 13)], 3: [(1, 10), (10, 13), (13, 3), (3, 18), (18, 19), (19, 21)], 2: [(1, 15), (15, 17), (17, 9), (9, 7), (7, 5), (5, 2), (2, 4), (4, 11)]}, padri: [8], figli: [10], mosse: [(2, 4, 7, 5, 3)]
10 -> costo: 94513.09999999999, rotte: {4: [(1, 13), (13, 12), (12, 8), (8, 20), (20, 16), (16, 6), (6, 14)], 3: [(1, 10), (10, 13), (13, 3), (3, 18), (18, 19), (19, 21)], 2: [(1, 15), (15, 17), (17, 9), (9, 7), (7, 5), (5, 2), (2, 4), (4, 11)]}, padri: [9], figli: [11, 15, 16, 19], mosse: [(4, 4, 1, 13, 2)]
11 -> costo: 93613.9, rotte: {4: [(1, 12), (12, 8), (8, 20), (20, 16), (16, 6), (6, 14)], 3: [(1, 10), (10, 13), (13, 3), (3, 18), (18, 19), (19, 21)], 2: [(1, 15), (15, 17), (17, 9), (9, 7), (7, 5), (5, 2), (2, 4), (4, 13), (13, 11)]}, padri: [10, 15], figli: [12, 14, 17], mosse: [(2, 4, 4, 13, 2), (2, 2, 4, 13, 2)]
12 -> costo: 93606.2, rotte: {4: [(1, 12), (12, 8), (8, 16), (16, 20), (20, 6), (6, 14)], 3: [(1, 10), (10, 13), (13, 3), (3, 18), (18, 19), (19, 21)], 2: [(1, 15), (15, 17), (17, 9), (9, 7), (7, 5), (5, 2), (2, 4), (4, 13), (13, 11)]}, padri: [11, 16], figli: [13], mosse: [(4, 4, 16, 20, 18), (2, 2, 4, 13, 2)]
13 -> costo: 93605.2, rotte: {4: [(1, 12), (12, 8), (8, 16), (16, 20), (20, 6), (6, 14)], 3: [(1, 13), (13, 10), (10, 3), (3, 18), (18, 19), (19, 21)], 2: [(1, 15), (15, 17), (17, 9), (9, 7), (7, 5), (5, 2), (2, 4), (4, 13), (13, 11)]}, padri: [12, 14, 17], figli: [], mosse: [(3, 3, 13, 10, 8), (4, 4, 16, 20, 18), (2, 2, 4, 13, 2)]
14 -> costo: 93612.89999999998, rotte: {4: [(1, 12), (12, 8), (8, 20), (20, 16), (16, 6), (6, 14)], 3: [(1, 13), (13, 10), (10, 3), (3, 18), (18, 19), (19, 21)], 2: [(1, 15), (15, 17), (17, 9), (9, 7), (7, 5), (5, 2), (2, 4), (4, 13), (13, 11)]}, padri: [11, 18], figli: [13], mosse: [(3, 3, 13, 10, 8), (2, 2, 4, 13, 2)]
15 -> costo: 93709.2, rotte: {4: [(1, 12), (12, 8), (8, 20), (20, 16), (16, 6), (6, 14)], 3: [(1, 10), (10, 13), (13, 3), (3, 18), (18, 19), (19, 21)], 2: [(1, 13), (13, 15), (15, 17), (17, 9), (9, 7), (7, 5), (5, 2), (2, 4), (4, 11)]}, padri: [10], figli: [11, 16, 18], mosse: [(2, 4, 1, 13, 2)]
16 -> costo: 93701.49999999999, rotte: {4: [(1, 12), (12, 8), (8, 16), (16, 20), (20, 6), (6, 14)], 3: [(1, 10), (10, 13), (13, 3), (3, 18), (18, 19), (19, 21)], 2: [(1, 13), (13, 15), (15, 17), (17, 9), (9, 7), (7, 5), (5, 2), (2, 4), (4, 11)]}, padri: [15], figli: [12, 17], mosse: [(4, 4, 16, 20, 18)]
17 -> costo: 93700.49999999999, rotte: {4: [(1, 12), (12, 8), (8, 16), (16, 20), (20, 6), (6, 14)], 3: [(1, 13), (13, 10), (10, 3), (3, 18), (18, 19), (19, 21)], 2: [(1, 13), (13, 15), (15, 17), (17, 9), (9, 7), (7, 5), (5, 2), (2, 4), (4, 11)]}, padri: [16, 18], figli: [13], mosse: [(3, 3, 13, 10, 8), (4, 4, 16, 20, 18)]
18 -> costo: 93708.2, rotte: {4: [(1, 12), (12, 8), (8, 20), (20, 16), (16, 6), (6, 14)], 3: [(1, 13), (13, 10), (10, 3), (3, 18), (18, 19), (19, 21)], 2: [(1, 13), (13, 15), (15, 17), (17, 9), (9, 7), (7, 5), (5, 2), (2, 4), (4, 11)]}, padri: [15], figli: [14, 17], mosse: [(3, 3, 13, 10, 8)]
19 -> costo: 94127.09999999999, rotte: {4: [(1, 13), (13, 14), (14, 12), (12, 8), (8, 20), (20, 16), (16, 6)], 3: [(1, 10), (10, 13), (13, 3), (3, 18), (18, 19), (19, 21)], 2: [(1, 15), (15, 17), (17, 9), (9, 7), (7, 5), (5, 2), (2, 4), (4, 11)]}, padri: [10], figli: [20, 24, 25], mosse: [(4, 4, 13, 14, 12)]
20 -> costo: 89494.0, rotte: {4: [(1, 13), (13, 14), (14, 6), (6, 12), (12, 8), (8, 20), (20, 16)], 3: [(1, 10), (10, 13), (13, 3), (3, 18), (18, 19), (19, 21)], 2: [(1, 15), (15, 17), (17, 9), (9, 7), (7, 5), (5, 2), (2, 4), (4, 11)]}, padri: [19, 24], figli: [21, 23], mosse: [(4, 4, 14, 6, 4), (4, 4, 14, 6, 4)]
21 -> costo: 89398.7, rotte: {4: [(1, 14), (14, 6), (6, 12), (12, 8), (8, 20), (20, 16)], 3: [(1, 10), (10, 13), (13, 3), (3, 18), (18, 19), (19, 21)], 2: [(1, 15), (15, 17), (17, 9), (9, 7), (7, 5), (5, 2), (2, 4), (4, 13), (13, 11)]}, padri: [20, 25], figli: [22], mosse: [(2, 4, 4, 13, 2), (4, 4, 14, 6, 4)]
22 -> costo: 89397.7, rotte: {4: [(1, 14), (14, 6), (6, 12), (12, 8), (8, 20), (20, 16)], 3: [(1, 13), (13, 10), (10, 3), (3, 18), (18, 19), (19, 21)], 2: [(1, 15), (15, 17), (17, 9), (9, 7), (7, 5), (5, 2), (2, 4), (4, 13), (13, 11)]}, padri: [21, 23], figli: [], mosse: [(3, 3, 13, 10, 8), (2, 4, 4, 13, 2)]
23 -> costo: 89493.0, rotte: {4: [(1, 13), (13, 14), (14, 6), (6, 12), (12, 8), (8, 20), (20, 16)], 3: [(1, 13), (13, 10), (10, 3), (3, 18), (18, 19), (19, 21)], 2: [(1, 15), (15, 17), (17, 9), (9, 7), (7, 5), (5, 2), (2, 4), (4, 11)]}, padri: [20], figli: [22], mosse: [(3, 3, 13, 10, 8)]
24 -> costo: 90184.79999999999, rotte: {4: [(1, 13), (13, 6), (6, 14), (14, 12), (12, 8), (8, 20), (20, 16)], 3: [(1, 10), (10, 13), (13, 3), (3, 18), (18, 19), (19, 21)], 2: [(1, 15), (15, 17), (17, 9), (9, 7), (7, 5), (5, 2), (2, 4), (4, 11)]}, padri: [19], figli: [20, 25], mosse: [(4, 4, 13, 6, 4)]
25 -> costo: 89622.99999999999, rotte: {4: [(1, 6), (6, 14), (14, 12), (12, 8), (8, 20), (20, 16)], 3: [(1, 10), (10, 13), (13, 3), (3, 18), (18, 19), (19, 21)], 2: [(1, 15), (15, 17), (17, 9), (9, 7), (7, 5), (5, 2), (2, 4), (4, 13), (13, 11)]}, padri: [24], figli: [21], mosse: [(2, 4, 4, 13, 2)]
bestSolutionIndice: 22
22 -> costo: 89397.7, rotte: {4: [(1, 14), (14, 6), (6, 12), (12, 8), (8, 20), (20, 16)], 3: [(1, 13), (13, 10), (10, 3), (3, 18), (18, 19), (19, 21)], 2: [(1, 15), (15, 17), (17, 9), (9, 7), (7, 5), (5, 2), (2, 4), (4, 13), (13, 11)]}, padri: [21, 23], figli: [], mosse: [(3, 3, 13, 10, 8), (2, 4, 4, 13, 2)]
trasportoPalletDiGamma: {4: [(14, 12), (6, 4), (12, 10), (8, 6), (20, 18), (16, 14)], 3: [(13, 9), (10, 8), (3, 1), (18, 16), (19, 17), (21, 19)], 2: [(15, 13), (17, 15), (9, 7), (7, 5), (5, 3), (2, 12), (4, 2), (13, 2), (11, 9)]}
itMosseLS: 34, itMosseTS: 20
time elapsed: 798.48s.


##########################################################################################
s: 1
dictSolutions[1]:
0 -> costo: 171298.49999999994, rotte: {4: [(1, 2), (2, 17), (17, 21), (21, 20), (20, 11)], 2: [(1, 14), (14, 5), (5, 9), (9, 3), (3, 13), (13, 16), (16, 4), (4, 8), (8, 11), (11, 15)], 3: [(1, 10), (10, 19), (19, 12), (12, 6), (6, 7), (7, 18), (18, 15)]}, padri: [-1], figli: [1], mosse: [-1]
1 -> costo: 139438.3, rotte: {4: [(1, 2), (2, 17), (17, 21), (21, 20)], 2: [(1, 14), (14, 5), (5, 9), (9, 3), (3, 13), (13, 16), (16, 4), (4, 8), (8, 11), (11, 15)], 3: [(1, 10), (10, 19), (19, 12), (12, 6), (6, 7), (7, 18), (18, 15)]}, padri: [0], figli: [2], mosse: [(2, 4, 1, 11, 6)]
2 -> costo: 111274.0, rotte: {4: [(1, 2), (2, 17), (17, 21), (21, 20)], 2: [(1, 14), (14, 5), (5, 9), (9, 3), (3, 13), (13, 15), (15, 16), (16, 4), (4, 8), (8, 11)], 3: [(1, 10), (10, 19), (19, 12), (12, 6), (6, 7), (7, 18), (18, 15)]}, padri: [1], figli: [3], mosse: [(2, 2, 13, 15, 3)]
3 -> costo: 107020.80000000002, rotte: {4: [(1, 2), (2, 17), (17, 21), (21, 20)], 2: [(1, 5), (5, 9), (9, 3), (3, 13), (13, 14), (14, 15), (15, 16), (16, 4), (4, 8), (8, 11)], 3: [(1, 10), (10, 19), (19, 12), (12, 6), (6, 7), (7, 18), (18, 15)]}, padri: [2], figli: [4], mosse: [(2, 2, 13, 14, 12)]
4 -> costo: 103157.10000000002, rotte: {4: [(1, 2), (2, 17), (17, 21), (21, 20)], 2: [(1, 5), (5, 3), (3, 13), (13, 14), (14, 15), (15, 16), (16, 9), (9, 4), (4, 8), (8, 11)], 3: [(1, 10), (10, 19), (19, 12), (12, 6), (6, 7), (7, 18), (18, 15)]}, padri: [3], figli: [5], mosse: [(2, 2, 16, 9, 7)]
5 -> costo: 100207.50000000003, rotte: {4: [(1, 2), (2, 17), (17, 21), (21, 20)], 2: [(1, 5), (5, 3), (3, 13), (13, 14), (14, 15), (15, 16), (16, 9), (9, 8), (8, 4), (4, 11)], 3: [(1, 10), (10, 19), (19, 12), (12, 6), (6, 7), (7, 18), (18, 15)]}, padri: [4], figli: [6], mosse: [(2, 2, 8, 4, 2)]
6 -> costo: 98555.80000000002, rotte: {4: [(1, 2), (2, 21), (21, 20), (20, 17)], 2: [(1, 5), (5, 3), (3, 13), (13, 14), (14, 15), (15, 16), (16, 9), (9, 8), (8, 4), (4, 11)], 3: [(1, 10), (10, 19), (19, 12), (12, 6), (6, 7), (7, 18), (18, 15)]}, padri: [5], figli: [7], mosse: [(4, 4, 20, 17, 15)]
7 -> costo: 97120.60000000002, rotte: {4: [(1, 2), (2, 21), (21, 20), (20, 17)], 2: [(1, 5), (5, 3), (3, 13), (13, 14), (14, 15), (15, 16), (16, 9), (9, 8), (8, 4), (4, 11)], 3: [(1, 10), (10, 12), (12, 6), (6, 7), (7, 18), (18, 19), (19, 15)]}, padri: [6], figli: [8], mosse: [(3, 3, 18, 19, 17)]
8 -> costo: 94592.20000000001, rotte: {4: [(1, 2), (2, 21), (21, 20), (20, 17)], 2: [(1, 5), (5, 3), (3, 13), (13, 14), (14, 15), (15, 16), (16, 9), (9, 8), (8, 4), (4, 11)], 3: [(1, 10), (10, 6), (6, 7), (7, 18), (18, 19), (19, 12), (12, 15)]}, padri: [7], figli: [9], mosse: [(3, 3, 19, 12, 10)]
9 -> costo: 93930.30000000002, rotte: {4: [(1, 2), (2, 5), (5, 21), (21, 20), (20, 17)], 2: [(1, 3), (3, 13), (13, 14), (14, 15), (15, 16), (16, 9), (9, 8), (8, 4), (4, 11)], 3: [(1, 10), (10, 6), (6, 7), (7, 18), (18, 19), (19, 12), (12, 15)]}, padri: [8], figli: [10, 14, 16, 17, 20, 21], mosse: [(4, 2, 2, 5, 3)]
10 -> costo: 93312.90000000001, rotte: {4: [(1, 2), (2, 5), (5, 21), (21, 20), (20, 17)], 2: [(1, 13), (13, 14), (14, 15), (15, 16), (16, 9), (9, 8), (8, 3), (3, 4), (4, 11)], 3: [(1, 10), (10, 6), (6, 7), (7, 18), (18, 19), (19, 12), (12, 15)]}, padri: [9, 16, 20], figli: [11, 13, 18, 22], mosse: [(2, 2, 8, 3, 1), (2, 2, 3, 4, 2), (2, 4, 8, 3, 1)]
11 -> costo: 93112.10000000002, rotte: {4: [(1, 2), (2, 5), (5, 20), (20, 21), (21, 17)], 2: [(1, 13), (13, 14), (14, 15), (15, 16), (16, 9), (9, 8), (8, 3), (3, 4), (4, 11)], 3: [(1, 10), (10, 6), (6, 7), (7, 18), (18, 19), (19, 12), (12, 15)]}, padri: [10, 17, 21], figli: [12], mosse: [(4, 4, 20, 21, 19), (2, 2, 3, 4, 2), (2, 4, 8, 3, 1)]
12 -> costo: 93016.80000000002, rotte: {4: [(1, 2), (2, 5), (5, 20), (20, 21), (21, 17)], 2: [(1, 14), (14, 15), (15, 16), (16, 9), (9, 8), (8, 3), (3, 4), (4, 13), (13, 11)], 3: [(1, 10), (10, 6), (6, 7), (7, 18), (18, 19), (19, 12), (12, 15)]}, padri: [11, 13, 15, 18, 22], figli: [], mosse: [(2, 2, 4, 13, 11), (4, 4, 20, 21, 19), (2, 2, 8, 3, 1), (2, 2, 3, 4, 2), (2, 4, 8, 3, 1)]
13 -> costo: 93217.60000000002, rotte: {4: [(1, 2), (2, 5), (5, 21), (21, 20), (20, 17)], 2: [(1, 14), (14, 15), (15, 16), (16, 9), (9, 8), (8, 3), (3, 4), (4, 13), (13, 11)], 3: [(1, 10), (10, 6), (6, 7), (7, 18), (18, 19), (19, 12), (12, 15)]}, padri: [10, 14, 19], figli: [12], mosse: [(2, 2, 4, 13, 11), (2, 2, 8, 3, 1), (2, 2, 3, 4, 2)]
14 -> costo: 93335.20000000001, rotte: {4: [(1, 2), (2, 5), (5, 21), (21, 20), (20, 17)], 2: [(1, 3), (3, 14), (14, 15), (15, 16), (16, 9), (9, 8), (8, 4), (4, 13), (13, 11)], 3: [(1, 10), (10, 6), (6, 7), (7, 18), (18, 19), (19, 12), (12, 15)]}, padri: [9], figli: [15, 13], mosse: [(2, 2, 4, 13, 11)]
15 -> costo: 93134.40000000001, rotte: {4: [(1, 2), (2, 5), (5, 20), (20, 21), (21, 17)], 2: [(1, 3), (3, 14), (14, 15), (15, 16), (16, 9), (9, 8), (8, 4), (4, 13), (13, 11)], 3: [(1, 10), (10, 6), (6, 7), (7, 18), (18, 19), (19, 12), (12, 15)]}, padri: [14], figli: [12], mosse: [(4, 4, 20, 21, 19)]
16 -> costo: 93578.3, rotte: {4: [(1, 2), (2, 5), (5, 21), (21, 20), (20, 17)], 2: [(1, 13), (13, 14), (14, 15), (15, 16), (16, 9), (9, 8), (8, 4), (4, 3), (3, 11)], 3: [(1, 10), (10, 6), (6, 7), (7, 18), (18, 19), (19, 12), (12, 15)]}, padri: [9], figli: [10, 17, 19, 21], mosse: [(2, 2, 4, 3, 1)]
17 -> costo: 93377.50000000001, rotte: {4: [(1, 2), (2, 5), (5, 20), (20, 21), (21, 17)], 2: [(1, 13), (13, 14), (14, 15), (15, 16), (16, 9), (9, 8), (8, 4), (4, 3), (3, 11)], 3: [(1, 10), (10, 6), (6, 7), (7, 18), (18, 19), (19, 12), (12, 15)]}, padri: [16], figli: [11, 18, 22], mosse: [(4, 4, 20, 21, 19)]
18 -> costo: 93282.20000000001, rotte: {4: [(1, 2), (2, 5), (5, 20), (20, 21), (21, 17)], 2: [(1, 14), (14, 15), (15, 16), (16, 9), (9, 8), (8, 4), (4, 3), (3, 13), (13, 11)], 3: [(1, 10), (10, 6), (6, 7), (7, 18), (18, 19), (19, 12), (12, 15)]}, padri: [17, 19], figli: [12], mosse: [(2, 2, 3, 13, 11), (4, 4, 20, 21, 19)]
19 -> costo: 93483.00000000001, rotte: {4: [(1, 2), (2, 5), (5, 21), (21, 20), (20, 17)], 2: [(1, 14), (14, 15), (15, 16), (16, 9), (9, 8), (8, 4), (4, 3), (3, 13), (13, 11)], 3: [(1, 10), (10, 6), (6, 7), (7, 18), (18, 19), (19, 12), (12, 15)]}, padri: [16], figli: [13, 18], mosse: [(2, 2, 3, 13, 11)]
20 -> costo: 93653.20000000001, rotte: {4: [(1, 3), (3, 2), (2, 5), (5, 21), (21, 20), (20, 17)], 2: [(1, 13), (13, 14), (14, 15), (15, 16), (16, 9), (9, 8), (8, 4), (4, 11)], 3: [(1, 10), (10, 6), (6, 7), (7, 18), (18, 19), (19, 12), (12, 15)]}, padri: [9], figli: [10, 21], mosse: [(4, 2, 1, 3, 1)]
21 -> costo: 93452.40000000001, rotte: {4: [(1, 3), (3, 2), (2, 5), (5, 20), (20, 21), (21, 17)], 2: [(1, 13), (13, 14), (14, 15), (15, 16), (16, 9), (9, 8), (8, 4), (4, 11)], 3: [(1, 10), (10, 6), (6, 7), (7, 18), (18, 19), (19, 12), (12, 15)]}, padri: [20], figli: [11, 22], mosse: [(4, 4, 20, 21, 19)]
22 -> costo: 93357.1, rotte: {4: [(1, 3), (3, 2), (2, 5), (5, 20), (20, 21), (21, 17)], 2: [(1, 14), (14, 15), (15, 16), (16, 9), (9, 8), (8, 4), (4, 13), (13, 11)], 3: [(1, 10), (10, 6), (6, 7), (7, 18), (18, 19), (19, 12), (12, 15)]}, padri: [21], figli: [12], mosse: [(2, 2, 4, 13, 11)]
bestSolutionIndice: 12
12 -> costo: 93016.80000000002, rotte: {4: [(1, 2), (2, 5), (5, 20), (20, 21), (21, 17)], 2: [(1, 14), (14, 15), (15, 16), (16, 9), (9, 8), (8, 3), (3, 4), (4, 13), (13, 11)], 3: [(1, 10), (10, 6), (6, 7), (7, 18), (18, 19), (19, 12), (12, 15)]}, padri: [11, 13, 15, 18, 22], figli: [], mosse: [(2, 2, 4, 13, 11), (4, 4, 20, 21, 19), (2, 2, 8, 3, 1), (2, 2, 3, 4, 2), (2, 4, 8, 3, 1)]
trasportoPalletDiGamma: {4: [(2, 12), (5, 3), (20, 18), (21, 19), (17, 15)], 2: [(14, 12), (15, 3), (16, 14), (9, 7), (8, 6), (3, 1), (4, 2), (13, 11), (11, 9)], 3: [(10, 8), (6, 4), (7, 5), (18, 16), (19, 17), (12, 10), (15, 10)]}
itMosseLS: 33, itMosseTS: 20
time elapsed: 1003.11s.


##########################################################################################
##########################################################################################
##########################################################################################
##########################################################################################
##########################################################################################
##########################################################################################
