itNSIMax: 5, itMosseTSMax: 75.
##########################################################################################
s: 1
dictSolutions[1]:
0 -> costo: 150593.1, rotte: {3: [(1, 17), (17, 4), (4, 10), (10, 12), (12, 3), (3, 16), (16, 6), (6, 2)], 2: [(1, 11), (11, 5), (5, 19), (19, 7), (7, 20), (20, 18), (18, 2)], 4: [(1, 9), (9, 8), (8, 13), (13, 14), (14, 15), (15, 21), (21, 2)]}, padri: [-1], figli: [1], mosse: [-1]
1 -> costo: 138220.80000000002, rotte: {3: [(1, 4), (4, 10), (10, 12), (12, 3), (3, 17), (17, 16), (16, 6), (6, 2)], 2: [(1, 11), (11, 5), (5, 19), (19, 7), (7, 20), (20, 18), (18, 2)], 4: [(1, 9), (9, 8), (8, 13), (13, 14), (14, 15), (15, 21), (21, 2)]}, padri: [0], figli: [2], mosse: [(3, 3, 3, 17, 15)]
2 -> costo: 133046.7, rotte: {3: [(1, 4), (4, 10), (10, 12), (12, 3), (3, 17), (17, 16), (16, 6), (6, 2)], 2: [(1, 11), (11, 5), (5, 19), (19, 7), (7, 20), (20, 18), (18, 2)], 4: [(1, 9), (9, 8), (8, 13), (13, 14), (14, 15), (15, 21)]}, padri: [1], figli: [3], mosse: [(3, 4, 1, 2, 2)]
3 -> costo: 128441.70000000003, rotte: {3: [(1, 4), (4, 10), (10, 12), (12, 3), (3, 17), (17, 16), (16, 6), (6, 2)], 2: [(1, 11), (11, 5), (5, 7), (7, 19), (19, 20), (20, 18), (18, 2)], 4: [(1, 9), (9, 8), (8, 13), (13, 14), (14, 15), (15, 21)]}, padri: [2], figli: [4], mosse: [(2, 2, 7, 19, 17)]
4 -> costo: 124608.40000000002, rotte: {3: [(1, 4), (4, 10), (10, 12), (12, 17), (17, 16), (16, 6), (6, 2), (2, 3)], 2: [(1, 11), (11, 5), (5, 7), (7, 19), (19, 20), (20, 18), (18, 2)], 4: [(1, 9), (9, 8), (8, 13), (13, 14), (14, 15), (15, 21)]}, padri: [3], figli: [5], mosse: [(3, 3, 2, 3, 1)]
5 -> costo: 96686.80000000002, rotte: {3: [(1, 4), (4, 10), (10, 12), (12, 17), (17, 16), (16, 6), (6, 2), (2, 3)], 2: [(1, 5), (5, 7), (7, 19), (19, 20), (20, 18), (18, 2), (2, 11)], 4: [(1, 9), (9, 8), (8, 13), (13, 14), (14, 15), (15, 21)]}, padri: [4], figli: [6], mosse: [(2, 2, 2, 11, 9)]
6 -> costo: 95936.40000000001, rotte: {3: [(1, 10), (10, 12), (12, 17), (17, 16), (16, 6), (6, 2), (2, 3)], 2: [(1, 5), (5, 7), (7, 19), (19, 20), (20, 18), (18, 2), (2, 11)], 4: [(1, 4), (4, 9), (9, 8), (8, 13), (13, 14), (14, 15), (15, 21)]}, padri: [5], figli: [7], mosse: [(4, 3, 1, 4, 2)]
7 -> costo: 95466.70000000001, rotte: {3: [(1, 10), (10, 12), (12, 17), (17, 16), (16, 6), (6, 2), (2, 3)], 2: [(1, 5), (5, 7), (7, 19), (19, 20), (20, 18), (18, 11)], 4: [(1, 4), (4, 9), (9, 8), (8, 13), (13, 14), (14, 15), (15, 21)]}, padri: [6], figli: [8], mosse: [(3, 2, 1, 2, 2)]
8 -> costo: 95261.20000000001, rotte: {3: [(1, 10), (10, 12), (12, 17), (17, 16), (16, 6), (6, 5), (5, 2), (2, 3)], 2: [(1, 7), (7, 19), (19, 20), (20, 18), (18, 11)], 4: [(1, 4), (4, 9), (9, 8), (8, 13), (13, 14), (14, 15), (15, 21)]}, padri: [7], figli: [9, 12], mosse: [(3, 2, 6, 5, 3)]
9 -> costo: 95071.6, rotte: {3: [(1, 10), (10, 12), (12, 17), (17, 16), (16, 6), (6, 5), (5, 2), (2, 3)], 2: [(1, 7), (7, 19), (19, 20), (20, 18), (18, 11)], 4: [(1, 4), (4, 21), (21, 9), (9, 8), (8, 13), (13, 14), (14, 15)]}, padri: [8], figli: [10], mosse: [(4, 4, 4, 21, 19)]
10 -> costo: 95008.90000000001, rotte: {3: [(1, 10), (10, 12), (12, 17), (17, 16), (16, 5), (5, 2), (2, 3), (3, 6)], 2: [(1, 7), (7, 19), (19, 20), (20, 18), (18, 11)], 4: [(1, 4), (4, 21), (21, 9), (9, 8), (8, 13), (13, 14), (14, 15)]}, padri: [9], figli: [11], mosse: [(3, 3, 3, 6, 4)]
11 -> costo: 93994.80000000002, rotte: {3: [(1, 10), (10, 6), (6, 12), (12, 17), (17, 16), (16, 5), (5, 2), (2, 3)], 2: [(1, 7), (7, 19), (19, 20), (20, 18), (18, 11)], 4: [(1, 4), (4, 21), (21, 9), (9, 8), (8, 13), (13, 14), (14, 15)]}, padri: [10], figli: [], mosse: [(3, 3, 10, 6, 4)]
12 -> costo: 95150.1, rotte: {3: [(1, 10), (10, 12), (12, 17), (17, 16), (16, 6), (6, 5), (5, 2), (2, 3)], 2: [(1, 7), (7, 19), (19, 20), (20, 18), (18, 11)], 4: [(1, 4), (4, 8), (8, 13), (13, 14), (14, 15), (15, 9), (9, 21)]}, padri: [8], figli: [13, 22, 23, 31, 32, 35, 40, 41], mosse: [(4, 4, 15, 9, 7)]
13 -> costo: 90956.40000000001, rotte: {3: [(1, 10), (10, 12), (12, 17), (17, 16), (16, 6), (6, 5), (5, 2), (2, 3)], 2: [(1, 7), (7, 19), (19, 20), (20, 18), (18, 11)], 4: [(1, 4), (4, 13), (13, 14), (14, 15), (15, 8), (8, 9), (9, 21)]}, padri: [12, 22, 31, 40], figli: [14, 17, 21, 24, 27, 36], mosse: [(4, 4, 15, 8, 6), (4, 4, 8, 9, 7), (4, 4, 15, 8, 6), (4, 4, 15, 8, 6)]
14 -> costo: 90227.20000000001, rotte: {3: [(1, 10), (10, 12), (12, 17), (17, 16), (16, 6), (6, 5), (5, 2), (2, 3)], 2: [(1, 4), (4, 7), (7, 19), (19, 20), (20, 18), (18, 11)], 4: [(1, 13), (13, 14), (14, 15), (15, 8), (8, 9), (9, 21)]}, padri: [13, 23, 32], figli: [15, 20, 25, 34], mosse: [(2, 4, 1, 4, 2), (4, 4, 8, 9, 7), (4, 4, 15, 8, 6)]
15 -> costo: 90164.50000000003, rotte: {3: [(1, 10), (10, 12), (12, 17), (17, 16), (16, 5), (5, 2), (2, 3), (3, 6)], 2: [(1, 4), (4, 7), (7, 19), (19, 20), (20, 18), (18, 11)], 4: [(1, 13), (13, 14), (14, 15), (15, 8), (8, 9), (9, 21)]}, padri: [14, 17, 24, 33], figli: [16, 19], mosse: [(3, 3, 3, 6, 4), (2, 4, 1, 4, 2), (4, 4, 8, 9, 7), (4, 4, 15, 8, 6)]
16 -> costo: 89150.40000000002, rotte: {3: [(1, 10), (10, 6), (6, 12), (12, 17), (17, 16), (16, 5), (5, 2), (2, 3)], 2: [(1, 4), (4, 7), (7, 19), (19, 20), (20, 18), (18, 11)], 4: [(1, 13), (13, 14), (14, 15), (15, 8), (8, 9), (9, 21)]}, padri: [15, 18, 25, 34], figli: [], mosse: [(3, 3, 10, 6, 4), (2, 4, 1, 4, 2), (4, 4, 8, 9, 7), (4, 4, 15, 8, 6)]
17 -> costo: 90893.70000000001, rotte: {3: [(1, 10), (10, 12), (12, 17), (17, 16), (16, 5), (5, 2), (2, 3), (3, 6)], 2: [(1, 7), (7, 19), (19, 20), (20, 18), (18, 11)], 4: [(1, 4), (4, 13), (13, 14), (14, 15), (15, 8), (8, 9), (9, 21)]}, padri: [13, 26, 35], figli: [18, 15, 20, 25, 34], mosse: [(3, 3, 3, 6, 4), (4, 4, 8, 9, 7), (4, 4, 15, 8, 6)]
18 -> costo: 89879.60000000002, rotte: {3: [(1, 10), (10, 6), (6, 12), (12, 17), (17, 16), (16, 5), (5, 2), (2, 3)], 2: [(1, 7), (7, 19), (19, 20), (20, 18), (18, 11)], 4: [(1, 4), (4, 13), (13, 14), (14, 15), (15, 8), (8, 9), (9, 21)]}, padri: [17, 27, 36], figli: [16, 19], mosse: [(3, 3, 10, 6, 4), (4, 4, 8, 9, 7), (4, 4, 15, 8, 6)]
19 -> costo: 89830.30000000003, rotte: {3: [(1, 10), (10, 6), (6, 12), (12, 17), (17, 16), (16, 5), (5, 2), (2, 3)], 2: [(1, 7), (7, 19), (19, 20), (20, 18), (18, 4), (4, 11)], 4: [(1, 13), (13, 14), (14, 15), (15, 8), (8, 9), (9, 21)]}, padri: [18, 20, 28, 37], figli: [], mosse: [(2, 4, 18, 4, 2), (3, 3, 10, 6, 4), (4, 4, 8, 9, 7), (4, 4, 15, 8, 6)]
20 -> costo: 90844.40000000001, rotte: {3: [(1, 10), (10, 12), (12, 17), (17, 16), (16, 5), (5, 2), (2, 3), (3, 6)], 2: [(1, 7), (7, 19), (19, 20), (20, 18), (18, 4), (4, 11)], 4: [(1, 13), (13, 14), (14, 15), (15, 8), (8, 9), (9, 21)]}, padri: [17, 21, 29, 38], figli: [19], mosse: [(2, 4, 18, 4, 2), (3, 3, 3, 6, 4), (4, 4, 8, 9, 7), (4, 4, 15, 8, 6)]
21 -> costo: 90907.10000000002, rotte: {3: [(1, 10), (10, 12), (12, 17), (17, 16), (16, 6), (6, 5), (5, 2), (2, 3)], 2: [(1, 7), (7, 19), (19, 20), (20, 18), (18, 4), (4, 11)], 4: [(1, 13), (13, 14), (14, 15), (15, 8), (8, 9), (9, 21)]}, padri: [13, 30, 39], figli: [20], mosse: [(2, 4, 18, 4, 2), (4, 4, 8, 9, 7), (4, 4, 15, 8, 6)]
22 -> costo: 92583.3, rotte: {3: [(1, 10), (10, 12), (12, 17), (17, 16), (16, 6), (6, 5), (5, 2), (2, 3)], 2: [(1, 7), (7, 19), (19, 20), (20, 18), (18, 11)], 4: [(1, 4), (4, 13), (13, 14), (14, 15), (15, 9), (9, 8), (8, 21)]}, padri: [12, 31, 40, 40, 40], figli: [13, 23, 26, 30, 32, 33, 38], mosse: [(4, 4, 9, 8, 6), (4, 4, 9, 8, 6), (4, 4, 21, 8), (4, 4, 9, 8, 6), (4, 4, 8, 21, 19)]
23 -> costo: 91854.1, rotte: {3: [(1, 10), (10, 12), (12, 17), (17, 16), (16, 6), (6, 5), (5, 2), (2, 3)], 2: [(1, 4), (4, 7), (7, 19), (19, 20), (20, 18), (18, 11)], 4: [(1, 13), (13, 14), (14, 15), (15, 9), (9, 8), (8, 21)]}, padri: [22, 32], figli: [14, 24, 29], mosse: [(2, 4, 1, 4, 2), (4, 4, 9, 8, 6)]
24 -> costo: 91791.40000000002, rotte: {3: [(1, 10), (10, 12), (12, 17), (17, 16), (16, 5), (5, 2), (2, 3), (3, 6)], 2: [(1, 4), (4, 7), (7, 19), (19, 20), (20, 18), (18, 11)], 4: [(1, 13), (13, 14), (14, 15), (15, 9), (9, 8), (8, 21)]}, padri: [23, 26, 33], figli: [15, 25, 28, 34], mosse: [(3, 3, 3, 6, 4), (2, 4, 1, 4, 2), (4, 4, 9, 8, 6)]
25 -> costo: 90777.30000000002, rotte: {3: [(1, 10), (10, 6), (6, 12), (12, 17), (17, 16), (16, 5), (5, 2), (2, 3)], 2: [(1, 4), (4, 7), (7, 19), (19, 20), (20, 18), (18, 11)], 4: [(1, 13), (13, 14), (14, 15), (15, 9), (9, 8), (8, 21)]}, padri: [24, 27, 34], figli: [16], mosse: [(3, 3, 10, 6, 4), (2, 4, 1, 4, 2), (4, 4, 9, 8, 6)]
26 -> costo: 92520.6, rotte: {3: [(1, 10), (10, 12), (12, 17), (17, 16), (16, 5), (5, 2), (2, 3), (3, 6)], 2: [(1, 7), (7, 19), (19, 20), (20, 18), (18, 11)], 4: [(1, 4), (4, 13), (13, 14), (14, 15), (15, 9), (9, 8), (8, 21)]}, padri: [22, 35], figli: [17, 27, 24, 29, 36, 37], mosse: [(3, 3, 3, 6, 4), (4, 4, 9, 8, 6)]
27 -> costo: 91506.50000000001, rotte: {3: [(1, 10), (10, 6), (6, 12), (12, 17), (17, 16), (16, 5), (5, 2), (2, 3)], 2: [(1, 7), (7, 19), (19, 20), (20, 18), (18, 11)], 4: [(1, 4), (4, 13), (13, 14), (14, 15), (15, 9), (9, 8), (8, 21)]}, padri: [26, 36], figli: [18, 25, 28], mosse: [(3, 3, 10, 6, 4), (4, 4, 9, 8, 6)]
28 -> costo: 91457.20000000003, rotte: {3: [(1, 10), (10, 6), (6, 12), (12, 17), (17, 16), (16, 5), (5, 2), (2, 3)], 2: [(1, 7), (7, 19), (19, 20), (20, 18), (18, 4), (4, 11)], 4: [(1, 13), (13, 14), (14, 15), (15, 9), (9, 8), (8, 21)]}, padri: [27, 29, 37], figli: [19], mosse: [(2, 4, 18, 4, 2), (3, 3, 10, 6, 4), (4, 4, 9, 8, 6)]
29 -> costo: 92471.3, rotte: {3: [(1, 10), (10, 12), (12, 17), (17, 16), (16, 5), (5, 2), (2, 3), (3, 6)], 2: [(1, 7), (7, 19), (19, 20), (20, 18), (18, 4), (4, 11)], 4: [(1, 13), (13, 14), (14, 15), (15, 9), (9, 8), (8, 21)]}, padri: [26, 30, 38], figli: [20, 28], mosse: [(2, 4, 18, 4, 2), (3, 3, 3, 6, 4), (4, 4, 9, 8, 6)]
30 -> costo: 92534.00000000001, rotte: {3: [(1, 10), (10, 12), (12, 17), (17, 16), (16, 6), (6, 5), (5, 2), (2, 3)], 2: [(1, 7), (7, 19), (19, 20), (20, 18), (18, 4), (4, 11)], 4: [(1, 13), (13, 14), (14, 15), (15, 9), (9, 8), (8, 21)]}, padri: [22, 39], figli: [21, 29], mosse: [(2, 4, 18, 4, 2), (4, 4, 9, 8, 6)]
31 -> costo: 92692.90000000001, rotte: {3: [(1, 10), (10, 12), (12, 17), (17, 16), (16, 6), (6, 5), (5, 2), (2, 3)], 2: [(1, 7), (7, 19), (19, 20), (20, 18), (18, 11)], 4: [(1, 4), (4, 13), (13, 14), (14, 8), (8, 15), (15, 9), (9, 21)]}, padri: [12, 40], figli: [13, 32, 22, 35, 39, 44], mosse: [(4, 4, 14, 8, 6), (4, 4, 14, 8, 6)]
32 -> costo: 91963.70000000001, rotte: {3: [(1, 10), (10, 12), (12, 17), (17, 16), (16, 6), (6, 5), (5, 2), (2, 3)], 2: [(1, 4), (4, 7), (7, 19), (19, 20), (20, 18), (18, 11)], 4: [(1, 13), (13, 14), (14, 8), (8, 15), (15, 9), (9, 21)]}, padri: [31, 43], figli: [14, 23, 33], mosse: [(2, 4, 1, 4, 2), (4, 4, 15, 9, 7)]
33 -> costo: 91901.00000000003, rotte: {3: [(1, 10), (10, 12), (12, 17), (17, 16), (16, 5), (5, 2), (2, 3), (3, 6)], 2: [(1, 4), (4, 7), (7, 19), (19, 20), (20, 18), (18, 11)], 4: [(1, 13), (13, 14), (14, 8), (8, 15), (15, 9), (9, 21)]}, padri: [32, 35], figli: [15, 34, 24], mosse: [(3, 3, 3, 6, 4), (2, 4, 1, 4, 2)]
34 -> costo: 90886.90000000002, rotte: {3: [(1, 10), (10, 6), (6, 12), (12, 17), (17, 16), (16, 5), (5, 2), (2, 3)], 2: [(1, 4), (4, 7), (7, 19), (19, 20), (20, 18), (18, 11)], 4: [(1, 13), (13, 14), (14, 8), (8, 15), (15, 9), (9, 21)]}, padri: [33, 36, 45], figli: [16, 25], mosse: [(3, 3, 10, 6, 4), (2, 4, 1, 4, 2), (4, 4, 15, 9, 7)]
35 -> costo: 92630.20000000001, rotte: {3: [(1, 10), (10, 12), (12, 17), (17, 16), (16, 5), (5, 2), (2, 3), (3, 6)], 2: [(1, 7), (7, 19), (19, 20), (20, 18), (18, 11)], 4: [(1, 4), (4, 13), (13, 14), (14, 8), (8, 15), (15, 9), (9, 21)]}, padri: [31], figli: [17, 36, 33, 26, 38], mosse: [(3, 3, 3, 6, 4)]
36 -> costo: 91616.10000000002, rotte: {3: [(1, 10), (10, 6), (6, 12), (12, 17), (17, 16), (16, 5), (5, 2), (2, 3)], 2: [(1, 7), (7, 19), (19, 20), (20, 18), (18, 11)], 4: [(1, 4), (4, 13), (13, 14), (14, 8), (8, 15), (15, 9), (9, 21)]}, padri: [35], figli: [18, 34, 27, 37], mosse: [(3, 3, 10, 6, 4)]
37 -> costo: 91566.80000000003, rotte: {3: [(1, 10), (10, 6), (6, 12), (12, 17), (17, 16), (16, 5), (5, 2), (2, 3)], 2: [(1, 7), (7, 19), (19, 20), (20, 18), (18, 4), (4, 11)], 4: [(1, 13), (13, 14), (14, 8), (8, 15), (15, 9), (9, 21)]}, padri: [36, 38], figli: [19, 28], mosse: [(2, 4, 18, 4, 2), (3, 3, 10, 6, 4)]
38 -> costo: 92580.90000000001, rotte: {3: [(1, 10), (10, 12), (12, 17), (17, 16), (16, 5), (5, 2), (2, 3), (3, 6)], 2: [(1, 7), (7, 19), (19, 20), (20, 18), (18, 4), (4, 11)], 4: [(1, 13), (13, 14), (14, 8), (8, 15), (15, 9), (9, 21)]}, padri: [35, 39], figli: [20, 37, 29], mosse: [(2, 4, 18, 4, 2), (3, 3, 3, 6, 4)]
39 -> costo: 92643.60000000002, rotte: {3: [(1, 10), (10, 12), (12, 17), (17, 16), (16, 6), (6, 5), (5, 2), (2, 3)], 2: [(1, 7), (7, 19), (19, 20), (20, 18), (18, 4), (4, 11)], 4: [(1, 13), (13, 14), (14, 8), (8, 15), (15, 9), (9, 21)]}, padri: [31], figli: [21, 30, 38], mosse: [(2, 4, 18, 4, 2)]
40 -> costo: 94176.9, rotte: {3: [(1, 10), (10, 12), (12, 17), (17, 16), (16, 6), (6, 5), (5, 2), (2, 3)], 2: [(1, 7), (7, 19), (19, 20), (20, 18), (18, 11)], 4: [(1, 4), (4, 13), (13, 14), (14, 15), (15, 9), (9, 21), (21, 8)]}, padri: [12], figli: [13, 22, 22, 22, 31, 41], mosse: [(4, 4, 21, 8, 6)]
41 -> costo: 93435.0, rotte: {3: [(1, 10), (10, 12), (12, 17), (17, 16), (16, 6), (6, 5), (5, 2), (2, 3)], 2: [(1, 7), (7, 19), (19, 20), (20, 18), (18, 11)], 4: [(1, 4), (4, 13), (13, 14), (14, 9), (9, 21), (21, 8), (8, 15)]}, padri: [40], figli: [42], mosse: [(4, 4, 8, 15, 13)]
42 -> costo: 92705.8, rotte: {3: [(1, 10), (10, 12), (12, 17), (17, 16), (16, 6), (6, 5), (5, 2), (2, 3)], 2: [(1, 4), (4, 7), (7, 19), (19, 20), (20, 18), (18, 11)], 4: [(1, 13), (13, 14), (14, 9), (9, 21), (21, 8), (8, 15)]}, padri: [41], figli: [43], mosse: [(2, 4, 1, 4, 2)]
43 -> costo: 92478.50000000001, rotte: {3: [(1, 10), (10, 12), (12, 17), (17, 16), (16, 6), (6, 5), (5, 2), (2, 3)], 2: [(1, 4), (4, 7), (7, 19), (19, 20), (20, 18), (18, 11)], 4: [(1, 13), (13, 14), (14, 9), (9, 8), (8, 15), (15, 21)]}, padri: [42], figli: [32, 44], mosse: [(4, 4, 15, 21, 19)]
44 -> costo: 92415.80000000003, rotte: {3: [(1, 10), (10, 12), (12, 17), (17, 16), (16, 5), (5, 2), (2, 3), (3, 6)], 2: [(1, 4), (4, 7), (7, 19), (19, 20), (20, 18), (18, 11)], 4: [(1, 13), (13, 14), (14, 9), (9, 8), (8, 15), (15, 21)]}, padri: [43], figli: [45], mosse: [(3, 3, 3, 6, 4)]
45 -> costo: 91401.70000000003, rotte: {3: [(1, 10), (10, 6), (6, 12), (12, 17), (17, 16), (16, 5), (5, 2), (2, 3)], 2: [(1, 4), (4, 7), (7, 19), (19, 20), (20, 18), (18, 11)], 4: [(1, 13), (13, 14), (14, 9), (9, 8), (8, 15), (15, 21)]}, padri: [44], figli: [34], mosse: [(3, 3, 10, 6, 4)]
bestSolutionIndice: 16
16 -> costo: 89150.40000000002, rotte: {3: [(1, 10), (10, 6), (6, 12), (12, 17), (17, 16), (16, 5), (5, 2), (2, 3)], 2: [(1, 4), (4, 7), (7, 19), (19, 20), (20, 18), (18, 11)], 4: [(1, 13), (13, 14), (14, 15), (15, 8), (8, 9), (9, 21)]}, padri: [15, 18, 25, 34], figli: [], mosse: [(3, 3, 10, 6, 4), (2, 4, 1, 4, 2), (4, 4, 8, 9, 7), (4, 4, 15, 8, 6)]
trasportoPalletDiGamma: {3: [(10, 8), (6, 4), (12, 10), (17, 15), (16, 14), (5, 3), (2, 12), (3, 1)], 2: [(4, 2), (7, 5), (19, 17), (20, 18), (18, 16), (11, 9)], 4: [(13, 11), (14, 12), (15, 13), (8, 6), (9, 7), (21, 19)]}
itMosseLS: 91, itMosseTS: 75
time elapsed: 2486.51s.


##########################################################################################
s: 1
dictSolutions[1]:
0 -> costo: 144991.50000000003, rotte: {3: [(1, 7), (7, 8), (8, 2), (2, 5), (5, 6), (6, 4), (4, 14), (14, 21), (21, 13)], 2: [(1, 15), (15, 19), (19, 11), (11, 10), (10, 17), (17, 21)], 4: [(1, 18), (18, 16), (16, 9), (9, 12), (12, 20), (20, 3), (3, 13)]}, padri: [-1], figli: [1], mosse: [-1]
1 -> costo: 123745.60000000002, rotte: {3: [(1, 7), (7, 8), (8, 2), (2, 5), (5, 6), (6, 4), (4, 14), (14, 21), (21, 13)], 2: [(1, 15), (15, 19), (19, 10), (10, 17), (17, 21), (21, 11)], 4: [(1, 18), (18, 16), (16, 9), (9, 12), (12, 20), (20, 3), (3, 13)]}, padri: [0], figli: [2], mosse: [(2, 2, 21, 11, 9)]
2 -> costo: 115095.00000000001, rotte: {3: [(1, 7), (7, 8), (8, 2), (2, 5), (5, 6), (6, 4), (4, 14), (14, 21), (21, 13)], 2: [(1, 15), (15, 19), (19, 17), (17, 21), (21, 10), (10, 11)], 4: [(1, 18), (18, 16), (16, 9), (9, 12), (12, 20), (20, 3), (3, 13)]}, padri: [1], figli: [3], mosse: [(2, 2, 21, 10, 8)]
3 -> costo: 109946.40000000002, rotte: {3: [(1, 7), (7, 8), (8, 2), (2, 5), (5, 6), (6, 4), (4, 13), (13, 14), (14, 21)], 2: [(1, 15), (15, 19), (19, 17), (17, 21), (21, 10), (10, 11)], 4: [(1, 18), (18, 16), (16, 9), (9, 12), (12, 20), (20, 3), (3, 13)]}, padri: [2], figli: [4], mosse: [(3, 3, 4, 13, 7)]
4 -> costo: 106417.10000000002, rotte: {3: [(1, 7), (7, 8), (8, 2), (2, 5), (5, 4), (4, 13), (13, 14), (14, 6), (6, 21)], 2: [(1, 15), (15, 19), (19, 17), (17, 21), (21, 10), (10, 11)], 4: [(1, 18), (18, 16), (16, 9), (9, 12), (12, 20), (20, 3), (3, 13)]}, padri: [3], figli: [5], mosse: [(3, 3, 14, 6, 4)]
5 -> costo: 104175.8, rotte: {3: [(1, 7), (7, 8), (8, 2), (2, 5), (5, 4), (4, 13), (13, 14), (14, 6), (6, 21)], 2: [(1, 15), (15, 19), (19, 17), (17, 21), (21, 10), (10, 11)], 4: [(1, 18), (18, 9), (9, 12), (12, 16), (16, 20), (20, 3), (3, 13)]}, padri: [4], figli: [6], mosse: [(4, 4, 12, 16, 14)]
6 -> costo: 102517.0, rotte: {3: [(1, 7), (7, 8), (8, 2), (2, 5), (5, 4), (4, 13), (13, 14), (14, 6), (6, 21)], 2: [(1, 15), (15, 19), (19, 17), (17, 10), (10, 11)], 4: [(1, 18), (18, 9), (9, 12), (12, 16), (16, 20), (20, 3), (3, 13)]}, padri: [5], figli: [7], mosse: [(3, 2, 1, 21, 8)]
7 -> costo: 100295.3, rotte: {3: [(1, 7), (7, 8), (8, 2), (2, 5), (5, 4), (4, 13), (13, 14), (14, 6), (6, 21)], 2: [(1, 19), (19, 17), (17, 15), (15, 10), (10, 11)], 4: [(1, 18), (18, 9), (9, 12), (12, 16), (16, 20), (20, 3), (3, 13)]}, padri: [6], figli: [8], mosse: [(2, 2, 17, 15, 13)]
8 -> costo: 99099.3, rotte: {3: [(1, 7), (7, 2), (2, 5), (5, 4), (4, 13), (13, 14), (14, 6), (6, 8), (8, 21)], 2: [(1, 19), (19, 17), (17, 15), (15, 10), (10, 11)], 4: [(1, 18), (18, 9), (9, 12), (12, 16), (16, 20), (20, 3), (3, 13)]}, padri: [7], figli: [9], mosse: [(3, 3, 6, 8, 6)]
9 -> costo: 95947.2, rotte: {3: [(1, 2), (2, 5), (5, 4), (4, 13), (13, 14), (14, 6), (6, 7), (7, 8), (8, 21)], 2: [(1, 19), (19, 17), (17, 15), (15, 10), (10, 11)], 4: [(1, 18), (18, 9), (9, 12), (12, 16), (16, 20), (20, 3), (3, 13)]}, padri: [8], figli: [10, 13], mosse: [(3, 3, 6, 7, 5)]
10 -> costo: 95269.5, rotte: {3: [(1, 2), (2, 5), (5, 4), (4, 13), (13, 14), (14, 6), (6, 7), (7, 8), (8, 21)], 2: [(1, 19), (19, 17), (17, 15), (15, 10), (10, 11)], 4: [(1, 18), (18, 9), (9, 16), (16, 20), (20, 12), (12, 3), (3, 13)]}, padri: [9], figli: [11], mosse: [(4, 4, 20, 12, 10)]
11 -> costo: 94889.40000000001, rotte: {3: [(1, 2), (2, 5), (5, 4), (4, 13), (13, 14), (14, 6), (6, 7), (7, 8), (8, 21)], 2: [(1, 19), (19, 17), (17, 15), (15, 10), (10, 11)], 4: [(1, 18), (18, 16), (16, 20), (20, 9), (9, 12), (12, 3), (3, 13)]}, padri: [10], figli: [12], mosse: [(4, 4, 20, 9, 7)]
12 -> costo: 94690.20000000001, rotte: {3: [(1, 2), (2, 5), (5, 4), (4, 13), (13, 14), (14, 6), (6, 7), (7, 8), (8, 21)], 2: [(1, 19), (19, 17), (17, 15), (15, 10), (10, 11)], 4: [(1, 18), (18, 20), (20, 16), (16, 9), (9, 12), (12, 3), (3, 13)]}, padri: [11], figli: [], mosse: [(4, 4, 20, 16, 14)]
13 -> costo: 95455.70000000001, rotte: {3: [(1, 2), (2, 5), (5, 4), (4, 13), (13, 14), (14, 6), (6, 7), (7, 8), (8, 21)], 2: [(1, 19), (19, 17), (17, 15), (15, 10), (10, 11)], 4: [(1, 18), (18, 12), (12, 9), (9, 16), (16, 20), (20, 3), (3, 13)]}, padri: [9], figli: [14], mosse: [(4, 4, 12, 9, 7)]
14 -> costo: 95176.90000000001, rotte: {3: [(1, 2), (2, 5), (5, 4), (4, 13), (13, 14), (14, 6), (6, 7), (7, 8), (8, 21)], 2: [(1, 19), (19, 17), (17, 15), (15, 10), (10, 11)], 4: [(1, 12), (12, 9), (9, 16), (16, 20), (20, 18), (18, 3), (3, 13)]}, padri: [13], figli: [15], mosse: [(4, 4, 20, 18, 16)]
15 -> costo: 94955.10000000002, rotte: {3: [(1, 2), (2, 5), (5, 4), (4, 13), (13, 14), (14, 6), (6, 7), (7, 8), (8, 21)], 2: [(1, 19), (19, 17), (17, 15), (15, 10), (10, 11)], 4: [(1, 13), (13, 12), (12, 9), (9, 16), (16, 20), (20, 18), (18, 3)]}, padri: [14], figli: [16], mosse: [(4, 4, 1, 13, 4)]
16 -> costo: 94052.1, rotte: {3: [(1, 2), (2, 5), (5, 4), (4, 13), (13, 14), (14, 6), (6, 7), (7, 8), (8, 21)], 2: [(1, 19), (19, 17), (17, 15), (15, 13), (13, 10), (10, 11)], 4: [(1, 12), (12, 9), (9, 16), (16, 20), (20, 18), (18, 3)]}, padri: [15], figli: [17], mosse: [(2, 4, 15, 13, 4)]
17 -> costo: 92488.50000000001, rotte: {3: [(1, 2), (2, 5), (5, 4), (4, 13), (13, 14), (14, 6), (6, 7), (7, 8), (8, 21)], 2: [(1, 19), (19, 17), (17, 15), (15, 13), (13, 10), (10, 11)], 4: [(1, 3), (3, 12), (12, 9), (9, 16), (16, 20), (20, 18)]}, padri: [16], figli: [18, 22, 24, 25], mosse: [(4, 4, 1, 3, 1)]
18 -> costo: 90097.80000000002, rotte: {3: [(1, 2), (2, 5), (5, 4), (4, 13), (13, 14), (14, 6), (6, 7), (7, 8), (8, 21)], 2: [(1, 19), (19, 17), (17, 15), (15, 13), (13, 10), (10, 11)], 4: [(1, 3), (3, 18), (18, 12), (12, 9), (9, 16), (16, 20)]}, padri: [17, 22, 24], figli: [19, 19, 19, 21, 21, 21, 27, 27, 27], mosse: [(4, 4, 3, 18, 16), (4, 4, 3, 18, 16), (4, 4, 18, 12, 10)]
19 -> costo: 88826.40000000001, rotte: {3: [(1, 2), (2, 5), (5, 4), (4, 13), (13, 14), (14, 6), (6, 7), (7, 8), (8, 21)], 2: [(1, 19), (19, 17), (17, 15), (15, 13), (13, 10), (10, 11)], 4: [(1, 3), (3, 18), (18, 12), (12, 9), (9, 20), (20, 16)]}, padri: [18, 18, 18, 23, 26], figli: [20], mosse: [(4, 4, 9, 20, 18), (4, 4, 20, 16, 14), (4, 4, 16, 20), (4, 4, 3, 18, 16), (4, 4, 12, 9, 7)]
20 -> costo: 88646.20000000001, rotte: {3: [(1, 2), (2, 5), (5, 4), (4, 13), (13, 14), (14, 6), (6, 7), (7, 8), (8, 21)], 2: [(1, 3), (3, 19), (19, 17), (17, 15), (15, 13), (13, 10), (10, 11)], 4: [(1, 18), (18, 12), (12, 9), (9, 20), (20, 16)]}, padri: [19, 21, 21, 21, 27], figli: [], mosse: [(2, 4, 1, 3, 1), (4, 4, 9, 20, 18), (4, 4, 20, 16, 14), (4, 4, 16, 20), (4, 4, 12, 9, 7)]
21 -> costo: 89917.60000000002, rotte: {3: [(1, 2), (2, 5), (5, 4), (4, 13), (13, 14), (14, 6), (6, 7), (7, 8), (8, 21)], 2: [(1, 3), (3, 19), (19, 17), (17, 15), (15, 13), (13, 10), (10, 11)], 4: [(1, 18), (18, 12), (12, 9), (9, 16), (16, 20)]}, padri: [18], figli: [20, 20, 20], mosse: [(2, 4, 1, 3, 1)]
22 -> costo: 91323.20000000001, rotte: {3: [(1, 2), (2, 5), (5, 4), (4, 13), (13, 14), (14, 6), (6, 7), (7, 8), (8, 21)], 2: [(1, 19), (19, 17), (17, 15), (15, 13), (13, 10), (10, 11)], 4: [(1, 18), (18, 3), (3, 12), (12, 9), (9, 16), (16, 20)]}, padri: [17], figli: [23, 23, 23, 18, 25], mosse: [(4, 4, 1, 18, 16)]
23 -> costo: 90051.8, rotte: {3: [(1, 2), (2, 5), (5, 4), (4, 13), (13, 14), (14, 6), (6, 7), (7, 8), (8, 21)], 2: [(1, 19), (19, 17), (17, 15), (15, 13), (13, 10), (10, 11)], 4: [(1, 18), (18, 3), (3, 12), (12, 9), (9, 20), (20, 16)]}, padri: [22, 22, 22], figli: [19, 27], mosse: [(4, 4, 9, 20, 18), (4, 4, 20, 16, 14), (4, 4, 16, 20)]
24 -> costo: 91971.8, rotte: {3: [(1, 2), (2, 5), (5, 4), (4, 13), (13, 14), (14, 6), (6, 7), (7, 8), (8, 21)], 2: [(1, 19), (19, 17), (17, 15), (15, 13), (13, 10), (10, 11)], 4: [(1, 3), (3, 12), (12, 18), (18, 9), (9, 16), (16, 20)]}, padri: [17], figli: [18, 25], mosse: [(4, 4, 12, 18, 16)]
25 -> costo: 90589.3, rotte: {3: [(1, 2), (2, 5), (5, 4), (4, 13), (13, 14), (14, 6), (6, 7), (7, 8), (8, 21)], 2: [(1, 19), (19, 17), (17, 15), (15, 13), (13, 10), (10, 11)], 4: [(1, 3), (3, 18), (18, 9), (9, 12), (12, 16), (16, 20)]}, padri: [24], figli: [26, 26, 26], mosse: [(4, 4, 9, 12, 10)]
26 -> costo: 89293.3, rotte: {3: [(1, 2), (2, 5), (5, 4), (4, 13), (13, 14), (14, 6), (6, 7), (7, 8), (8, 21)], 2: [(1, 19), (19, 17), (17, 15), (15, 13), (13, 10), (10, 11)], 4: [(1, 3), (3, 18), (18, 9), (9, 12), (12, 20), (20, 16)]}, padri: [25, 25, 25], figli: [19, 27], mosse: [(4, 4, 12, 20, 18), (4, 4, 20, 16, 14), (4, 4, 16, 20)]
27 -> costo: 89113.1, rotte: {3: [(1, 2), (2, 5), (5, 4), (4, 13), (13, 14), (14, 6), (6, 7), (7, 8), (8, 21)], 2: [(1, 3), (3, 19), (19, 17), (17, 15), (15, 13), (13, 10), (10, 11)], 4: [(1, 18), (18, 9), (9, 12), (12, 20), (20, 16)]}, padri: [26], figli: [20], mosse: [(2, 4, 1, 3, 1)]
bestSolutionIndice: 20
20 -> costo: 88646.20000000001, rotte: {3: [(1, 2), (2, 5), (5, 4), (4, 13), (13, 14), (14, 6), (6, 7), (7, 8), (8, 21)], 2: [(1, 3), (3, 19), (19, 17), (17, 15), (15, 13), (13, 10), (10, 11)], 4: [(1, 18), (18, 12), (12, 9), (9, 20), (20, 16)]}, padri: [19, 21, 21, 21, 27], figli: [], mosse: [(2, 4, 1, 3, 1), (4, 4, 9, 20, 18), (4, 4, 20, 16, 14), (4, 4, 16, 20), (4, 4, 12, 9, 7)]
trasportoPalletDiGamma: {3: [(2, 12), (5, 3), (4, 2), (13, 7), (14, 12), (6, 4), (7, 5), (8, 6), (21, 19)], 2: [(3, 1), (19, 17), (17, 15), (15, 13), (13, 4), (10, 8), (11, 9)], 4: [(18, 16), (12, 10), (9, 7), (20, 18), (16, 14)]}
itMosseLS: 41, itMosseTS: 24
time elapsed: 1118.01s.


##########################################################################################
##########################################################################################
##########################################################################################
